7
6
10
7
6
6
10
9
6
8
10
10
8
9
10
9
10
6
7
9
9
6
8
7
7
6
6
9
9
9
8
9
9
6
6
6
9
8
15
9
9
9
14
14
13
13
14
12
11
10
8
6
6
6
6
6
9
9
8
9
6
8
9
9
6
6
6
7
9
6
8
9
7
6
6
6
6
10
10
10
10
10
10
6
9
10
9
8
6
6
8
10
9
7
7
7
6
6
10
9
10
8
10
10
14
10
9
10
10
10
10
10
10
9
6
7
6
8
6
8
6
8
10
10
8
10
6
8
6
8
10
10
8
8
8
8
8
10
10
10
8
10
10
9
9
8
7
6
7
7
8
7
7
7
8
6
6
6
6
6
6
8
6
8
6
14
7
13
11
9
13
11
9
9
7
10
8
9
8
8
8
8
8
8
8
8
7
7
10
9
7
7
7
7
7
10
8
7
7
10
10
8
11
7
7
8
7
7
7
7
7
7
6
6
7
6
7
7
7
7
7
7
7
7
6
7
7
6
7
7
7
7
7
9
12
8
9
8
8
7
7
7
7
7
7
7
7
7
6
6
7
9
9
7
7
7
8
6
6
10
6
7
8
8
8
8
10
9
8
8
8
8
8
8
6
8
8
6
9
9
9
9
8
9
9
8
10
9
8
10
9
8
9
10
9
10
9
9
10
9
9
8
8
7
6
6
6
9
10
9
10
9
7
9
9
6
9
7
9
6
9
7
13
15
7
8
7
7
14
14
14
7
7
14
14
12
7
7
7
7
7
7
6
18
19
20
8
9
8
7
8
7
7
8
7
8
8
7
7
7
7
10
8
8
7
8
8
10
10
10
6
6
6
6
6
6
6
9
9
7
6
6
9
6
6
6
9
8
6
6
10
9
15
11
7
6
6
11
11
12
7
7
7
6
6
6
6
10
9
6
6
6
9
6
6
7
9
6
6
6
10
10
10
8
6
10
9
9
8
8
7
6
6
6
6
6
7
7
7
10
10
8
7
7
7
7
7
7
7
7
7
9
6
8
6
7
6
8
8
10
10
10
10
10
10
10
8
6
8
7
8
8
8
8
7
7
10
7
7
7
7
7
7
10
7
8
8
7
7
7
6
7
10
10
6
6
6
6
12
15
7
9
8
8
8
10
8
8
8
7
8
8
8
8
8
8
7
7
6
6
6
6
14
13
13
13
13
13
10
10
11
10
10
10
10
8
10
8
7
10
10
6
7
7
18
18
15
15
15
6
6
6
6
6
9
7
6
6
7
6
9
7
6
7
6
23
23
23
20
12
10
10
10
9
11
9
9
11
9
9
9
9
7
9
9
7
9
9
7
32
32
30
25
25
25
25
25
25
25
25
19
9
14
9
9
14
10
10
9
9
7
14
10
37
29
22
20
15
19
17
19
14
14
14
13
11
15
7
7
10
10
7
6
6
6
6
7
10
10
8
7
10
10
7
7
7
10
7
7
7
6
10
10
9
11
8
7
7
8
7
8
8
6
6
9
9
8
8
8
8
8
9
15
13
11
10
13
13
8
6
10
6
10
9
10
10
8
9
8
7
10
10
10
6
20
20
18
19
19
14
13
13
12
15
15
8
7
11
6
7
8
7
27
23
23
23
23
20
20
20
19
20
18
20
18
9
8
7
13
9
9
8
15
8
8
25
19
10
10
10
10
8
8
8
8
7
8
6
8
8
7
8
7
6
8
8
8
33
34
26
30
15
15
18
22
18
13
11
11
13
11
12
13
9
9
7
8
7
8
9
38
20
20
20
18
17
14
14
17
18
14
14
18
12
10
7
7
14
12
6
7
10
10
7
10
9
10
9
9
9
9
9
9
9
9
7
6
9
8
9
8
9
8
9
9
7
9
8
25
14
17
14
14
8
10
9
13
9
8
8
13
9
7
6
9
10
9
9
9
9
9
7
7
6
9
6
7
7
7
7
7
9
10
8
7
9
10
10
10
8
7
9
9
9
9
8
9
9
8
6
8
8
7
8
8
8
8
6
8
8
8
8
8
14
14
13
14
7
12
9
13
9
13
13
13
9
9
9
13
13
7
6
6
19
12
12
12
14
6
6
6
6
6
8
6
6
10
6
8
6
6
10
10
10
10
10
10
10
10
10
10
10
6
6
10
8
6
6
6
6
6
6
10
6
10
9
9
13
10
9
9
9
9
15
10
10
9
7
7
6
7
6
7
9
7
7
7
20
14
15
14
7
6
6
8
8
11
9
8
7
7
7
9
12
6
6
6
6
6
25
25
19
14
12
19
18
12
12
7
10
10
8
7
7
11
8
10
8
8
7
