10
9
10
9
9
8
9
8
8
7
8
8
8
8
7
7
7
7
6
7
7
15
14
12
12
10
12
10
10
10
10
10
10
11
11
11
11
10
10
10
10
8
8
10
8
19
20
10
17
9
9
17
6
9
6
9
6
6
6
8
9
6
6
8
8
6
9
8
7
7
6
6
6
6
6
9
6
10
10
10
10
6
10
9
10
6
7
10
8
7
10
6
6
6
10
6
10
6
6
6
15
10
12
11
13
12
10
12
9
7
8
6
6
7
6
7
6
6
7
6
6
7
6
20
20
14
11
10
10
12
10
10
12
12
12
9
10
9
9
9
9
9
8
6
9
9
23
15
14
16
14
14
14
14
14
11
9
8
8
14
8
8
8
6
8
7
6
30
24
22
20
22
18
19
19
19
19
14
13
19
8
8
8
8
13
13
9
9
8
8
8
27
24
9
9
9
18
16
6
6
7
9
6
8
7
9
9
9
8
7
9
6
6
6
29
18
14
21
18
11
14
14
11
12
14
11
11
8
6
6
6
6
6
8
10
11
10
34
34
33
23
19
25
19
19
16
18
16
19
16
19
12
9
9
14
11
11
8
6
9
49
28
29
23
22
23
9
9
9
9
14
9
9
9
9
10
7
6
6
6
7
6
6
10
10
10
10
11
10
10
10
10
10
10
10
10
10
10
7
7
6
6
6
6
6
15
15
15
15
12
15
15
11
11
9
8
8
11
11
11
9
6
8
8
9
8
9
11
20
10
10
10
7
10
7
8
7
7
7
7
7
6
10
7
6
6
7
7
6
15
15
12
15
12
14
12
15
11
8
7
10
10
10
7
10
7
7
7
7
7
8
20
26
17
17
9
9
9
9
9
9
6
9
9
8
6
6
6
6
6
6
8
6
9
6
8
29
31
22
22
19
17
17
10
8
8
10
11
13
6
6
6
6
6
6
7
40
40
27
27
27
30
22
22
22
22
19
13
13
16
13
17
13
14
11
11
8
11
7
11
27
20
18
9
16
16
11
10
9
10
9
9
8
8
9
9
7
7
8
8
8
8
7
15
9
9
9
10
8
9
9
7
7
7
7
7
7
8
8
7
7
7
8
7
7
7
6
7
37
37
27
14
12
12
12
12
11
9
9
9
9
9
9
7
9
9
8
7
10
6
45
23
19
17
17
17
14
15
16
14
14
11
10
6
6
9
9
6
6
6
6
6
6
41
41
29
24
28
27
22
22
19
19
19
19
19
11
12
11
9
9
11
9
9
9
33
28
33
29
27
26
17
17
15
14
14
17
14
12
10
9
14
8
12
10
7
10
14
38
35
37
29
29
26
22
20
24
19
19
22
14
8
19
15
19
14
8
7
7
7
6
7
62
37
35
35
25
19
19
10
10
9
8
10
9
10
7
7
6
7
7
7
7
7
44
39
39
25
21
29
15
14
14
12
12
11
9
8
8
9
7
6
6
9
8
8
49
47
32
17
22
22
20
17
17
17
17
17
17
17
13
14
14
14
13
13
11
14
9
6
54
41
37
32
27
24
22
22
19
10
14
8
9
14
8
13
6
6
6
6
6
6
29
26
24
20
23
13
11
19
10
9
10
9
9
10
9
9
9
9
9
9
8
62
60
44
35
37
32
32
29
27
26
26
29
20
18
16
18
16
16
16
15
8
8
11
13
64
37
37
34
33
29
21
25
29
19
21
12
13
10
10
10
10
19
10
10
9
8
10
9
78
54
39
26
34
34
28
28
28
26
25
24
15
15
21
7
9
7
7
10
10
47
45
35
35
31
20
20
20
26
20
14
12
12
12
10
15
8
10
10
10
8
10
7
70
52
50
49
34
25
34
25
25
19
20
11
7
7
7
7
13
7
7
89
89
69
58
60
60
46
39
29
22
26
18
12
12
19
10
10
12
12
8
7
12
65
60
45
41
28
34
32
21
17
20
15
16
17
17
7
9
6
7
84
40
22
30
12
11
12
11
11
12
11
14
11
12
9
9
10
9
9
8
7
7
6
116
72
68
27
27
27
16
16
14
14
14
14
9
9
9
9
9
9
10
6
6
8
58
58
51
32
32
32
28
21
22
19
19
19
14
14
17
11
7
6
6
11
9
11
6
83
49
54
40
37
33
33
35
26
26
27
25
24
22
22
20
22
16
18
16
16
9
10
6
6
84
84
63
29
29
29
29
29
29
24
24
16
19
17
15
12
7
8
8
7
7
7
7
89
55
34
34
29
22
21
29
20
19
20
10
10
10
10
7
10
8
7
8
8
7
10
