9
8
7
7
10
9
9
8
7
7
9
9
9
10
9
8
6
6
7
6
6
6
14
12
15
14
13
12
14
6
7
7
9
11
8
9
8
8
7
6
6
6
7
8
8
18
18
17
14
12
11
12
6
6
6
6
6
10
6
10
6
6
8
6
6
8
9
10
17
17
21
21
17
17
13
10
15
11
14
10
9
9
9
9
6
9
9
6
15
10
9
10
9
6
6
9
9
9
9
6
10
10
7
10
10
9
10
9
10
10
9
15
10
10
9
9
9
9
9
9
7
7
8
7
7
8
7
7
7
7
7
9
8
7
7
19
19
14
19
20
14
14
14
14
14
9
10
12
9
12
8
7
8
7
7
7
8
7
7
8
22
19
15
15
17
6
10
10
7
7
10
7
10
10
10
7
7
6
6
6
6
6
6
25
22
18
15
8
8
11
10
10
10
10
10
10
9
7
10
10
7
7
7
7
7
7
29
27
27
26
23
20
18
20
20
17
22
16
16
16
16
16
14
6
6
8
8
10
22
25
20
20
17
17
9
6
6
8
8
8
17
8
7
7
10
6
6
6
6
37
30
13
22
22
13
13
8
6
9
9
8
9
10
6
8
9
9
11
9
9
10
42
39
30
30
27
18
18
11
14
13
16
16
15
14
13
10
9
10
10
10
6
10
10
33
21
21
20
19
13
9
11
10
15
10
9
11
9
9
6
7
9
7
6
6
6
7
20
14
14
20
17
17
6
14
11
14
9
7
7
7
7
7
6
10
10
6
6
6
6
6
19
25
25
21
25
20
24
19
14
19
19
8
8
8
8
6
6
9
11
8
6
9
8
34
25
25
29
21
16
13
16
10
7
7
10
10
10
9
10
10
9
10
8
8
7
7
10
8
25
29
19
15
19
19
9
9
10
14
14
9
12
10
9
8
6
8
8
6
9
6
55
35
22
23
23
26
23
22
21
15
20
20
14
10
9
8
8
8
7
8
12
8
8
26
11
17
14
13
8
10
9
8
8
9
8
10
7
7
10
8
6
9
7
6
8
9
18
18
23
13
11
15
14
14
12
8
8
7
6
6
8
8
7
8
8
8
7
26
28
19
16
15
10
10
13
12
13
9
10
10
9
9
9
8
10
10
10
9
9
35
32
13
15
15
8
9
7
7
9
7
7
7
7
7
7
6
7
7
6
7
6
33
27
28
20
20
23
20
19
20
17
20
12
14
12
12
12
12
12
12
12
7
7
8
36
35
25
25
28
25
22
24
25
20
17
16
16
17
17
16
17
14
6
6
6
69
33
29
22
27
21
22
22
21
22
15
10
10
10
10
21
10
8
15
12
17
8
7
74
38
38
38
34
27
32
28
27
20
23
13
6
13
7
7
6
7
6
8
7
6
62
53
37
39
32
32
37
32
32
32
32
20
30
20
18
11
14
12
11
6
10
6
6
6
58
51
48
37
37
37
36
16
16
15
8
8
11
13
10
15
10
9
6
7
7
7
7
50
50
42
20
20
10
8
8
10
9
8
8
8
6
7
7
7
6
57
47
47
36
29
26
30
18
21
21
20
21
25
19
13
15
7
12
10
7
6
68
57
52
40
45
50
41
33
26
20
19
17
14
14
18
12
14
12
6
9
9
57
57
57
40
36
30
30
32
27
14
21
14
10
9
8
8
8
10
6
10
8
6
6
6
6
69
50
48
36
39
30
33
32
31
30
22
13
14
14
18
6
8
10
10
10
10
10
6
75
45
33
35
27
30
27
18
20
24
20
15
11
11
15
15
14
10
10
10
10
10
42
39
35
25
16
16
16
15
9
8
8
15
8
14
12
10
10
9
8
8
6
6
7
7
6
62
53
50
48
47
41
28
28
28
26
25
25
25
25
19
10
8
8
8
8
8
7
7
6
109
82
52
42
31
35
34
26
20
13
13
16
13
18
17
13
6
12
12
11
7
11
11
75
66
61
53
51
34
31
27
20
22
23
6
17
10
10
6
14
6
16
8
8
64
59
58
52
52
43
30
30
30
23
23
11
10
11
11
15
13
13
7
6
10
8
8
8
105
41
35
35
35
30
28
8
13
13
13
13
9
6
6
7
7
7
7
7
7
103
55
46
21
10
12
11
11
10
10
13
12
12
12
11
8
7
8
7
8
64
41
26
31
19
22
23
22
18
25
19
22
13
18
17
13
7
10
7
7
9
6
120
63
67
59
60
51
43
47
37
28
22
21
21
10
14
12
18
17
6
8
8
8
6
33
33
33
28
30
27
27
16
19
15
23
18
17
9
8
13
9
9
13
13
6
6
