39
43
41
35
34
34
35
30
20
20
11
14
17
11
9
10
9
9
9
9
9
9
44
41
65
39
34
31
29
29
24
28
25
16
18
23
19
14
14
7
6
8
14
8
7
6
70
28
28
21
12
12
19
20
10
9
8
7
7
11
10
9
10
8
7
9
8
7
54
38
35
38
38
31
26
25
18
24
24
24
24
19
9
13
12
9
7
9
7
7
9
54
34
21
14
8
12
11
6
7
6
6
6
6
6
6
6
6
6
8
6
6
6
69
45
43
42
42
27
11
11
12
11
9
11
11
11
11
11
7
9
8
7
7
7
7
80
44
33
39
34
22
31
17
17
14
18
16
6
8
6
9
7
6
6
6
8
10
9
27
12
11
9
9
14
14
9
9
9
9
8
6
7
8
7
8
8
8
8
8
22
15
10
9
9
9
10
9
9
9
9
9
12
8
6
8
8
8
6
6
7
8
10
10
10
13
10
13
13
9
7
6
7
9
8
9
6
6
6
9
6
6
34
26
21
19
19
23
19
23
15
17
15
15
14
11
15
11
14
13
11
9
6
9
9
11
58
24
20
20
23
20
20
16
16
16
16
8
6
9
9
6
9
9
9
10
10
9
9
46
29
25
27
25
25
24
22
21
9
14
9
10
10
19
9
9
7
7
6
43
34
30
26
26
26
15
24
25
11
12
11
11
11
11
14
14
10
8
7
7
39
35
35
31
31
31
12
13
13
12
6
12
6
8
6
8
6
6
6
10
6
8
48
39
25
34
22
20
24
24
18
22
24
23
20
11
11
9
17
17
9
11
7
7
6
6
6
34
36
27
22
16
10
7
7
6
6
7
10
9
6
10
10
7
10
7
10
6
27
28
11
10
11
10
10
10
8
8
8
14
8
7
8
6
8
7
8
7
7
7
17
13
13
20
17
16
10
8
7
10
13
7
7
7
9
6
9
9
13
12
12
9
28
37
31
14
12
12
18
7
7
6
6
9
7
8
10
7
10
10
10
10
8
10
10
33
25
19
19
10
10
9
9
7
10
10
13
15
12
10
15
10
10
10
10
7
7
9
8
7
9
9
7
7
10
7
7
7
9
9
9
7
8
7
9
10
10
10
10
10
10
10
9
8
8
7
6
10
6
9
8
10
8
6
6
15
15
11
11
10
10
10
13
11
11
15
8
9
7
9
9
6
9
9
6
9
7
6
20
20
15
19
18
18
16
9
9
10
9
9
10
9
10
14
8
7
8
7
6
7
7
7
25
25
21
14
15
15
14
14
10
12
12
12
11
10
9
8
8
9
19
22
20
24
9
18
14
9
8
8
8
7
7
6
6
8
8
7
7
8
8
33
24
13
19
15
10
9
9
9
9
10
8
8
8
6
8
8
8
8
8
8
6
36
30
21
19
17
18
18
18
17
14
16
18
13
10
10
7
13
13
11
11
11
14
13
6
23
33
25
23
18
14
14
16
10
6
10
8
8
7
7
10
10
10
8
8
8
6
10
6
6
26
24
28
23
23
24
11
13
10
10
10
10
10
12
15
8
9
8
9
9
42
28
15
15
10
10
14
10
13
10
9
9
10
10
9
8
8
8
8
8
7
8
47
34
33
15
15
19
14
14
14
13
10
10
10
8
13
13
10
10
10
7
35
31
19
19
24
14
15
18
18
6
9
8
6
10
7
7
9
7
7
6
6
25
23
20
20
20
12
14
10
12
12
12
14
6
8
8
8
8
9
7
8
8
6
8
7
35
30
28
33
28
19
18
17
12
8
14
8
13
13
13
9
10
9
9
8
8
8
40
35
38
33
33
33
22
21
27
23
22
14
17
18
17
6
12
7
6
6
81
35
27
21
22
18
8
8
8
10
9
8
15
8
8
14
8
8
8
8
8
8
45
43
37
23
15
15
15
10
14
10
6
9
8
7
10
10
7
7
10
10
10
7
7
45
42
36
33
18
18
18
9
9
9
8
12
7
6
6
14
9
9
8
10
9
9
6
7
7
8
6
7
7
7
6
6
8
7
7
6
7
6
6
14
13
10
9
13
9
12
12
12
12
12
11
9
9
12
6
7
9
6
6
7
6
6
7
20
15
14
7
7
6
10
10
8
10
10
10
9
8
9
8
8
9
8
9
8
8
8
11
11
10
7
6
7
7
6
6
8
6
6
10
8
6
8
6
6
6
9
9
8
7
8
8
8
8
9
8
9
8
8
7
6
7
6
6
6
6
6
9
6
7
7
7
9
9
10
10
10
10
10
9
9
7
10
7
13
13
11
11
11
11
11
11
9
9
9
9
9
8
15
14
15
11
7
7
7
8
7
7
6
8
6
7
8
8
16
19
20
23
7
12
10
10
10
7
11
10
10
10
13
13
8
13
10
10
6
7
6
22
12
13
17
15
6
10
8
6
11
10
10
10
8
12
8
10
7
7
10
10
7
10
10
10
16
10
7
7
6
6
7
7
6
6
6
6
7
12
12
12
12
7
6
9
9
9
8
7
10
12
9
7
9
6
9
9
6
6
10
17
14
10
10
9
10
8
8
9
8
6
6
6
7
6
10
8
8
7
6
7
8
22
9
9
14
14
13
9
12
15
9
9
9
9
10
13
9
8
7
9
9
9
9
9
20
8
6
8
9
8
8
8
7
9
8
13
8
13
8
9
10
10
9
10
9
9
9
9
9
8
9
8
9
9
9
7
8
8
10
9
8
10
8
9
9
8
8
8
8
8
8
8
8
8
6
8
7
6
6
8
6
13
13
13
13
13
13
13
8
9
12
10
8
9
13
10
9
8
8
8
8
8
11
10
9
9
9
9
9
9
10
9
9
6
8
8
6
6
6
8
7
8
8
8
7
7
7
7
9
9
9
9
7
9
9
7
7
8
9
9
9
9
9
7
9
6
6
6
10
6
9
10
6
6
6
10
10
10
10
10
7
6
6
10
9
8
8
9
9
8
8
9
9
9
8
9
9
6
6
6
6
6
6
9
8
7
8
7
6
7
8
7
7
7
9
8
8
8
8
8
7
7
7
7
10
9
9
9
13
6
7
9
6
8
8
6
6
7
6
6
7
6
6
10
6
10
6
6
6
6
10
6
10
10
6
8
9
8
8
8
8
8
7
8
6
6
8
8
8
6
8
6
6
7
6
7
8
8
8
8
8
8
6
9
9
8
9
8
6
9
9
6
6
6
6
6
6
6
6
6
6
13
9
8
9
7
6
6
9
6
8
7
9
6
8
6
9
9
9
8
6
6
6
6
6
14
9
8
8
9
8
6
6
8
9
9
8
9
10
8
8
8
8
7
10
6
6
21
16
19
19
15
15
13
14
15
11
6
10
8
7
7
7
6
6
8
6
8
6
21
21
9
9
8
7
8
9
10
7
8
9
9
7
6
6
7
6
7
6
7
6
6
7
13
14
12
15
14
13
6
6
6
7
6
6
11
11
8
8
6
10
12
12
10
11
8
8
10
10
10
9
8
8
7
7
7
9
9
9
9
9
9
7
10
6
7
6
6
6
6
15
13
14
13
14
14
13
13
11
11
9
9
11
11
7
6
9
9
8
9
7
8
17
16
16
14
10
9
8
8
8
9
9
8
9
8
9
9
6
8
7
6
24
24
23
21
20
15
14
15
17
18
15
19
14
14
14
13
13
13
13
8
8
10
10
9
30
24
26
27
26
26
24
24
23
22
21
21
19
19
19
18
7
12
10
14
13
8
7
6
34
34
34
31
31
31
28
23
23
24
23
24
15
15
16
15
14
12
12
11
7
7
12
6
32
28
17
20
19
9
9
9
13
8
9
9
9
10
10
8
7
7
8
7
8
7
42
41
41
34
35
36
34
32
14
14
18
20
14
9
12
8
11
7
7
9
9
13
6
49
48
49
39
42
39
38
24
14
12
13
12
12
12
18
17
18
6
8
9
7
53
44
43
43
43
34
34
24
28
24
24
21
19
19
19
8
14
8
8
9
8
14
8
8
56
53
49
50
38
29
37
24
19
10
10
10
10
10
6
7
6
7
7
9
7
10
9
9
9
15
15
10
12
10
9
9
9
6
6
7
6
7
7
6
7
6
7
7
7
7
6
6
6
47
21
31
14
14
16
16
14
12
12
11
12
9
9
8
6
11
6
8
9
64
39
29
35
31
30
22
19
24
24
17
16
18
16
14
8
14
13
11
14
13
10
10
10
33
24
24
22
21
21
20
19
19
19
19
8
7
10
10
9
8
7
10
9
10
10
8
10
8
29
29
27
27
18
10
10
10
12
10
13
9
16
8
8
6
8
8
8
8
8
8
6
70
59
59
49
40
37
34
32
31
31
29
24
29
17
15
20
19
20
12
9
13
13
63
45
36
30
34
26
23
10
10
8
18
13
18
7
8
8
6
6
7
7
7
7
7
41
25
20
18
19
19
15
9
7
7
10
9
7
9
9
9
9
7
6
6
6
28
24
24
23
21
14
15
14
18
18
14
14
12
7
7
9
9
9
11
7
7
7
7
11
10
44
41
23
33
31
19
10
12
10
15
9
8
8
10
9
8
10
8
8
8
7
8
8
8
22
24
16
15
15
15
15
13
10
10
6
8
10
11
6
10
10
10
10
6
8
7
6
7
7
7
6
6
10
9
6
7
6
6
7
7
6
6
6
7
6
6
9
6
7
7
6
6
7
13
9
9
9
12
10
12
11
11
11
11
9
8
9
7
8
6
7
6
9
7
9
8
7
8
8
8
8
15
15
17
17
16
9
6
13
7
9
9
13
9
9
9
8
6
10
9
6
20
19
19
13
13
9
6
8
10
10
10
9
10
8
8
6
10
6
8
10
6
6
10
8
10
9
8
8
8
10
10
8
8
8
8
8
8
6
7
6
8
8
8
6
6
6
15
14
15
15
13
10
11
10
10
9
9
13
13
10
13
13
13
10
9
7
7
8
10
10
7
10
10
7
7
10
10
7
7
6
6
6
6
6
6
6
6
6
6
6
6
6
6
23
22
15
15
12
15
12
11
11
11
11
9
6
11
9
10
9
10
9
10
6
11
7
25
16
16
23
20
17
19
16
16
16
16
12
11
16
16
12
16
14
6
6
6
6
25
25
25
21
21
21
21
12
9
8
9
7
7
7
10
11
16
10
9
6
6
6
6
30
26
26
26
26
15
14
17
16
17
16
15
8
11
9
8
10
10
9
9
11
8
42
37
31
31
31
31
17
19
13
11
10
9
16
9
17
16
14
9
9
9
9
9
36
35
36
23
27
29
31
20
14
18
19
14
19
8
14
13
7
10
10
9
41
41
37
14
15
12
11
10
15
14
10
8
8
10
10
10
9
7
8
7
6
7
8
49
46
46
36
35
36
17
17
20
20
22
20
18
24
7
13
9
8
7
7
7
7
7
7
51
51
25
29
29
12
20
20
16
12
17
13
13
10
12
12
7
7
7
10
12
7
17
10
10
10
10
10
13
10
10
9
9
6
6
7
6
6
9
6
6
7
7
9
7
6
46
39
15
17
15
15
15
9
11
12
12
12
11
11
12
15
8
6
6
7
7
64
27
20
16
14
14
16
8
14
8
14
13
12
12
11
13
9
8
8
7
7
7
7
56
49
32
25
25
32
21
19
17
18
17
16
13
12
12
7
11
9
12
12
7
12
12
48
32
37
35
27
26
18
22
22
22
23
23
23
22
11
16
12
6
17
17
14
14
40
31
10
10
10
10
10
10
8
6
9
8
7
6
9
7
7
6
7
10
9
6
7
6
6
34
17
15
15
15
9
9
9
7
10
11
11
11
11
10
9
10
9
9
10
10
8
9
6
9
9
6
6
6
10
10
6
6
10
7
7
6
6
10
10
10
10
10
10
8
7
7
7
7
10
9
9
6
6
7
6
6
9
6
10
10
9
9
9
9
9
10
9
10
10
9
9
6
6
6
6
6
14
15
15
15
14
14
14
7
7
6
10
10
10
11
8
8
8
7
7
6
20
15
15
15
6
6
7
7
7
10
10
7
6
6
7
7
10
8
6
6
6
6
6
11
21
19
19
20
18
18
17
16
10
12
15
10
9
16
11
11
9
9
6
9
6
6
6
30
30
25
24
23
16
14
14
6
11
10
10
8
8
8
14
8
6
14
10
8
8
8
34
21
9
9
9
9
13
10
11
9
9
7
7
7
8
7
9
7
9
7
39
33
16
9
10
9
9
9
9
12
9
8
9
10
9
9
9
9
9
9
9
9
14
14
9
9
8
6
9
6
8
8
6
8
10
9
9
7
7
7
7
7
9
10
7
9
8
7
8
9
8
9
9
9
9
8
8
8
8
8
10
9
8
7
9
9
9
9
8
10
9
8
10
9
8
9
9
8
9
9
9
9
10
9
9
9
9
9
10
9
9
8
9
8
8
9
9
9
8
8
10
10
10
10
10
9
9
9
9
9
10
10
9
8
6
8
8
7
8
9
15
19
14
15
10
11
12
10
13
10
10
10
10
9
10
8
8
6
8
9
8
8
24
15
15
15
8
10
13
8
13
10
8
10
8
6
6
8
8
6
6
7
6
6
6
6
20
24
20
18
18
15
16
13
8
8
13
8
11
13
7
13
8
7
7
7
7
7
25
25
21
22
20
23
13
18
18
13
13
10
10
11
10
7
12
9
10
7
6
35
30
34
29
25
29
23
15
12
12
11
10
7
9
8
8
11
8
7
9
7
11
7
10
7
39
35
33
22
20
10
10
13
12
15
12
9
9
6
9
10
10
9
6
9
9
10
10
44
44
40
35
28
33
24
22
21
20
20
20
17
14
9
15
14
14
9
7
9
7
50
29
26
30
26
22
20
14
18
9
10
7
9
7
12
7
10
9
7
7
7
7
30
14
14
14
9
10
10
10
10
9
9
8
10
10
8
10
9
9
10
6
6
7
7
43
36
40
28
30
28
29
17
24
15
15
15
15
13
9
9
6
6
6
6
6
6
34
34
29
20
22
20
14
14
17
7
7
7
7
7
7
7
7
9
7
7
7
7
6
65
61
52
43
39
38
29
34
25
14
12
9
9
9
9
12
9
9
7
9
6
7
7
6
58
33
30
30
24
26
27
27
27
17
17
21
17
14
14
17
7
7
7
7
7
6
6
6
6
6
6
6
6
6
66
49
33
29
32
22
19
19
12
15
15
12
12
12
12
12
12
10
7
11
7
7
10
7
7
38
34
31
30
31
29
26
25
17
21
21
20
22
17
17
16
16
12
8
12
7
54
47
45
39
41
32
29
29
29
25
22
28
22
26
22
22
22
21
23
17
19
6
7
14
6
11
13
12
6
65
52
55
47
41
37
34
34
30
30
27
27
27
27
10
10
10
10
10
18
8
8
8
74
70
60
49
49
42
39
42
35
31
32
31
30
30
31
24
23
23
14
8
7
6
8
6
12
85
77
60
60
54
54
47
40
41
35
35
28
27
21
13
11
15
14
12
7
9
7
7
6
7
6
89
58
51
51
42
46
48
42
41
37
24
32
24
18
15
7
12
8
8
8
8
8
87
70
64
61
47
46
47
47
49
29
42
21
21
21
20
23
23
24
17
19
13
12
17
17
13
8
79
70
64
52
52
57
47
42
39
29
21
22
18
17
14
16
7
7
8
14
14
7
6
7
64
57
57
56
32
27
23
19
16
9
9
10
9
10
9
9
8
10
8
6
6
8
8
62
39
29
26
17
22
23
24
14
17
17
13
15
12
10
7
7
9
7
6
89
86
38
34
34
22
22
20
20
21
20
19
14
18
12
13
12
12
9
7
7
8
135
82
81
71
27
35
25
24
24
23
17
19
16
10
7
7
9
7
10
9
8
12
11
6
6
6
109
76
76
60
51
41
35
35
29
29
25
24
21
22
15
12
13
11
11
6
11
9
6
96
36
34
34
22
20
18
19
17
16
10
11
16
8
8
9
8
8
8
8
8
6
137
45
45
32
30
25
22
27
21
16
15
17
15
12
13
15
8
9
9
15
13
7
7
104
76
48
44
39
37
35
32
30
21
24
21
18
14
20
11
8
8
10
6
6
7
10
6
6
6
57
31
25
25
27
22
25
21
23
14
14
14
14
11
9
11
9
11
11
9
8
7
62
54
34
36
20
20
9
8
8
8
8
8
8
9
10
8
8
8
7
7
8
7
8
7
81
68
54
42
41
41
29
27
21
21
19
19
19
18
15
14
17
13
14
13
9
12
8
90
47
48
41
39
29
29
26
25
20
19
11
14
12
18
15
13
7
10
10
7
8
7
94
55
37
35
31
25
23
25
23
22
20
18
23
20
9
9
12
9
9
9
9
6
9
7
9
84
38
36
36
36
33
32
32
29
28
25
23
28
23
20
16
17
9
14
10
7
9
126
85
67
53
41
34
34
28
28
20
25
19
19
22
21
11
8
8
17
148
95
61
60
46
43
44
33
27
27
21
12
10
8
8
6
11
11
9
72
55
55
55
53
52
51
50
50
49
32
22
21
20
25
9
9
9
8
9
8
9
9
104
61
59
56
56
47
47
34
34
30
23
23
21
19
14
14
9
9
8
10
10
10
6
122
67
54
53
24
18
19
21
10
9
10
17
11
10
9
9
9
7
8
8
9
9
6
8
84
72
58
58
57
47
33
24
23
28
24
14
15
15
20
15
6
6
9
11
10
9
11
6
70
65
51
41
44
41
29
28
21
26
25
27
13
8
7
7
8
6
6
6
7
57
47
34
25
30
25
24
13
12
12
17
13
8
10
6
6
6
6
8
8
6
6
10
51
52
48
46
35
21
11
10
14
13
13
11
15
6
6
6
9
8
9
10
10
7
6
33
12
11
12
13
13
11
8
8
8
8
8
8
11
8
8
8
8
7
6
6
7
6
32
38
23
17
16
13
13
13
13
15
8
8
11
12
8
8
9
8
7
7
7
6
7
6
31
26
30
29
28
21
23
22
23
22
21
18
18
16
13
13
15
10
10
12
10
12
10
58
45
24
23
23
21
15
15
16
9
8
9
10
10
8
9
8
6
8
8
8
8
84
42
36
31
29
23
27
13
14
13
13
10
11
13
10
10
10
10
10
10
10
8
65
64
43
36
34
28
28
25
24
25
19
20
18
20
18
18
15
10
9
7
6
6
86
62
48
42
41
38
36
26
25
30
30
23
23
15
20
20
20
15
15
8
6
6
100
39
39
34
30
28
30
28
28
28
25
8
16
18
11
6
6
8
8
8
6
6
51
48
48
47
35
39
42
33
33
30
33
28
24
30
30
13
18
18
18
18
11
11
8
88
57
56
53
47
40
36
38
29
33
35
30
30
18
26
22
22
16
10
10
8
7
53
43
43
43
43
43
43
40
40
23
21
21
23
21
8
10
15
8
8
8
8
8
6
7
61
58
58
50
48
48
49
48
48
48
29
22
14
18
12
7
7
7
7
7
7
73
69
59
53
45
44
42
31
27
32
23
25
17
12
8
6
10
9
10
10
10
8
6
7
6
8
8
7
7
9
8
7
56
43
32
30
23
23
23
17
19
17
13
11
10
10
13
14
13
11
10
7
76
65
53
43
50
28
28
27
24
22
27
20
21
21
17
7
7
7
10
102
77
68
68
53
48
49
47
37
42
40
27
32
33
27
26
21
23
20
21
23
22
23
6
10
7
18
10
20
12
18
10
88
86
70
65
68
51
40
32
34
36
26
26
25
27
27
15
18
17
22
6
6
6
69
59
56
56
55
43
43
35
33
37
30
20
20
11
8
8
8
11
88
72
62
58
61
61
51
50
42
47
36
6
8
6
8
6
36
33
31
17
17
13
17
13
17
98
62
67
47
44
43
40
11
13
6
11
8
6
8
11
40
27
19
19
18
97
60
58
65
59
58
57
48
44
10
11
18
10
10
10
10
10
10
47
31
30
27
26
23
27
111
98
55
54
57
23
16
16
15
15
10
10
10
10
10
6
7
6
54
38
38
117
28
22
15
20
18
8
8
8
8
8
8
8
8
8
7
7
37
105
67
65
33
33
26
27
25
25
25
13
13
10
9
7
10
12
13
9
6
57
39
44
113
33
30
30
30
20
18
18
14
12
9
10
9
12
9
10
7
7
52
44
79
75
29
28
30
25
20
19
19
17
14
15
11
10
9
9
7
9
10
7
13
52
101
77
40
40
28
28
27
20
20
19
18
17
15
14
16
9
9
9
9
9
9
9
53
37
40
45
33
33
33
33
33
29
30
26
24
20
20
20
17
17
17
17
6
6
6
58
45
41
39
38
35
31
22
22
27
22
11
17
11
15
9
8
8
8
7
8
7
8
75
64
152
56
48
55
41
42
40
37
38
37
34
35
36
13
9
12
8
7
7
7
9
82
64
51
48
44
39
32
35
22
21
14
18
16
14
7
13
12
9
9
6
12
9
12
73
100
65
53
53
50
45
34
34
26
22
23
23
23
19
16
13
19
9
6
9
6
82
70
54
50
49
45
37
28
28
28
24
17
10
16
10
12
6
9
9
6
119
53
36
29
33
32
33
26
27
15
19
15
14
14
11
10
9
9
8
6
8
68
60
61
41
47
45
47
49
35
27
20
20
16
16
19
6
6
8
6
8
6
63
60
46
34
32
25
29
25
31
25
21
24
25
19
16
13
11
15
7
6
70
65
65
51
59
55
44
30
36
26
25
29
24
16
18
14
16
8
8
11
6
83
83
76
35
31
31
10
10
15
10
7
10
9
9
8
10
10
10
7
7
10
8
6
6
88
54
52
47
44
40
36
38
39
39
24
21
21
18
15
19
15
14
12
14
12
10
9
9
10
92
51
52
50
35
35
29
27
20
20
9
9
15
12
10
10
15
10
8
8
7
8
8
136
110
98
79
50
51
33
32
33
28
27
25
24
15
16
16
19
15
14
13
7
8
7
55
50
51
49
43
43
31
37
38
29
29
27
29
29
28
26
19
25
19
18
9
9
111
74
71
60
47
35
32
31
29
25
14
23
23
24
6
10
8
8
8
14
77
65
47
47
40
30
34
36
20
29
28
28
28
11
14
10
17
19
11
18
65
70
56
53
44
40
40
36
33
18
24
22
9
23
9
8
18
11
7
6
7
6
8
115
89
63
58
39
39
29
38
11
9
9
9
10
9
11
6
6
6
6
6
6
6
51
35
16
14
17
11
10
11
9
9
11
11
9
11
6
8
8
8
8
9
9
85
85
85
73
57
59
33
22
20
23
16
16
13
13
10
6
13
9
8
89
78
42
42
36
23
26
24
19
20
12
18
18
19
18
18
15
14
19
8
6
8
10
7
113
102
71
67
67
53
52
28
26
25
23
23
9
12
11
11
10
10
16
13
9
63
51
31
23
26
21
28
18
15
14
15
14
10
6
10
10
6
8
10
6
199
79
65
39
34
34
36
22
20
19
14
14
15
12
11
11
9
10
8
9
6
8
48
40
40
40
24
20
18
18
19
10
10
10
10
15
7
6
6
6
6
7
6
6
6
89
53
52
46
43
29
29
25
23
21
18
14
16
20
11
11
9
11
6
8
8
6
69
41
41
18
18
23
8
8
9
10
10
10
8
7
8
8
8
8
6
6
6
6
6
6
56
33
33
19
19
17
13
17
14
11
13
11
11
13
12
11
11
11
11
10
9
118
43
35
35
33
26
26
21
19
20
22
20
17
18
16
16
14
7
7
8
15
16
73
71
50
26
23
28
26
23
22
23
21
21
21
21
12
21
6
7
6
6
71
40
38
34
36
29
26
14
11
11
12
11
9
9
8
7
9
10
7
82
82
66
55
55
46
39
33
38
36
33
33
31
22
22
16
12
8
8
81
56
43
43
37
37
36
38
36
36
30
22
22
24
21
17
17
11
14
9
8
9
7
51
48
49
43
41
41
41
32
32
26
26
26
22
22
19
19
9
9
14
9
9
6
7
8
74
59
63
63
56
56
48
46
46
37
38
38
45
30
30
32
23
18
14
19
6
12
80
61
51
51
37
39
40
24
24
19
19
19
24
9
12
10
14
9
7
8
9
8
7
6
9
104
58
56
56
56
47
42
33
24
27
22
15
14
14
9
13
7
7
6
6
6
7
7
7
113
69
62
61
52
52
46
34
36
34
33
33
34
33
20
20
16
14
14
10
11
7
11
6
6
6
6
6
8
101
85
85
68
66
55
39
39
27
24
25
34
18
17
23
11
9
7
7
11
8
121
113
83
73
62
71
56
54
39
30
30
29
16
15
16
14
16
16
16
93
75
62
64
61
61
57
44
37
41
33
33
22
26
7
10
9
9
10
9
21
126
104
96
78
62
53
49
27
30
24
12
14
10
10
14
10
7
6
6
8
6
6
6
6
22
96
86
54
52
44
36
19
19
13
12
12
10
8
10
10
7
6
6
6
6
6
31
31
121
101
83
47
41
34
24
24
16
16
19
15
15
11
11
9
11
11
11
6
32
36
87
56
57
47
53
53
40
25
29
29
21
21
21
18
18
17
14
16
16
14
12
37
91
60
52
35
35
34
26
26
23
26
26
22
19
19
6
7
7
11
6
9
7
11
140
110
106
106
92
87
79
58
61
56
40
39
40
39
32
33
27
28
24
11
21
22
8
6
47
45
36
40
37
31
29
29
29
29
16
23
25
16
11
11
13
11
9
11
9
53
50
143
116
116
89
66
60
60
42
37
16
16
9
6
6
9
10
6
9
112
93
82
80
54
47
46
47
43
42
42
41
39
39
30
26
21
21
23
26
25
19
11
7
62
66
145
136
85
94
59
59
53
51
51
44
44
32
14
16
6
11
10
10
6
6
6
71
112
96
52
35
35
21
17
14
12
15
15
9
9
9
8
9
9
9
9
164
138
136
117
82
70
69
62
56
40
28
22
28
27
24
16
16
9
16
9
14
9
9
9
9
143
87
66
62
59
46
33
33
33
22
25
24
19
9
14
9
13
9
9
6
6
8
85
96
91
52
46
38
37
34
32
26
24
24
13
10
10
10
13
10
12
10
7
87
124
69
69
57
64
51
51
28
31
29
24
23
20
20
15
19
18
14
14
14
102
89
82
76
61
56
35
28
27
23
20
11
10
11
10
9
9
7
7
7
7
47
39
25
27
22
15
15
15
14
19
23
11
12
14
7
10
7
7
8
10
10
10
106
71
64
57
56
34
34
38
38
39
39
33
30
23
20
17
17
17
13
16
11
15
8
99
96
75
63
34
29
22
20
16
17
20
21
9
13
9
11
9
13
13
6
7
121
96
91
60
56
54
55
48
49
43
42
34
27
27
26
26
21
13
13
13
12
12
6
6
79
73
61
45
35
45
35
38
32
31
27
19
18
13
10
11
10
9
194
64
66
53
53
50
39
36
32
35
24
24
22
23
18
10
12
10
11
8
8
137
111
77
75
62
61
45
38
27
27
27
26
21
15
13
9
9
7
6
171
106
98
95
79
64
46
38
36
34
40
32
20
20
20
20
15
14
14
14
12
10
119
88
72
65
52
52
52
45
45
40
36
37
23
23
15
12
11
15
9
7
6
6
6
165
164
84
75
64
44
42
43
30
30
30
28
28
22
19
20
14
10
7
10
7
146
117
94
97
89
78
62
64
60
49
47
46
40
41
39
35
35
29
27
27
21
14
11
82
69
65
66
54
51
53
46
46
40
41
40
38
34
30
24
22
17
15
7
6
10
10
136
93
72
58
49
47
46
29
29
27
21
24
14
14
15
13
13
9
8
9
7
10
7
9
10
124
112
109
106
99
77
77
64
68
55
45
40
41
35
31
36
24
29
27
19
18
15
14
137
131
69
67
66
60
55
55
49
47
47
28
24
28
11
10
9
7
7
7
6
7
176
131
97
55
42
46
37
36
33
33
30
29
24
24
19
19
14
16
14
15
10
8
6
8
131
121
103
92
78
76
76
65
66
55
47
38
42
42
38
34
33
25
24
21
24
17
11
97
96
90
70
72
65
56
52
55
45
47
39
40
43
35
25
20
20
18
19
18
8
7
7
172
129
119
86
80
73
69
70
65
48
40
40
39
30
25
14
13
14
23
12
11
10
10
12
185
142
107
94
93
75
72
71
70
59
49
44
32
34
32
28
28
28
19
11
8
12
128
89
85
75
75
76
65
69
60
62
53
50
37
24
17
15
18
13
10
12
206
116
95
95
85
82
76
71
67
63
54
45
42
29
35
22
17
25
15
7
10
10
7
149
135
121
117
99
95
90
86
86
74
68
65
54
50
50
50
47
49
37
22
16
11
7
12
131
120
120
100
81
54
54
50
53
38
39
28
32
26
24
24
25
17
17
18
10
10
7
130
86
82
66
64
64
60
59
61
55
44
40
30
30
29
22
10
10
7
10
7
124
108
105
100
100
86
65
64
49
57
42
35
31
35
34
35
19
27
25
28
18
17
10
10
6
127
97
92
82
71
54
65
49
44
40
36
23
15
20
12
10
8
15
8
7
7
139
131
131
120
99
74
76
59
47
47
46
30
28
32
25
25
25
22
15
166
167
131
126
109
94
90
80
81
77
77
52
46
51
49
20
18
9
17
9
9
8
6
6
7
128
124
114
84
82
84
80
69
40
43
38
36
38
30
23
25
15
15
14
9
7
9
11
7
6
146
89
87
85
82
67
68
62
54
29
19
20
20
10
10
10
10
10
10
10
8
10
10
8
145
122
95
92
79
61
52
45
42
35
33
24
32
18
21
22
18
22
15
13
9
8
248
156
120
118
95
47
40
45
40
29
29
25
28
20
20
21
17
8
10
13
8
206
109
77
75
60
50
55
54
58
51
45
48
25
13
16
13
6
9
7
8
9
9
7
231
194
180
91
80
82
80
39
39
39
40
40
30
31
24
22
18
22
14
18
14
9
6
9
185
112
85
76
74
75
68
60
38
39
40
40
44
37
36
31
28
23
15
23
14
23
14
6
217
168
121
121
60
42
48
40
34
21
24
10
9
17
19
7
7
7
7
7
6
9
150
121
75
68
55
54
56
46
39
41
37
25
29
18
24
22
20
21
18
6
12
6
6
90
75
68
68
59
52
44
40
34
31
25
21
20
17
11
17
9
8
8
8
8
8
174
88
66
61
53
57
47
49
43
39
25
22
16
18
14
13
14
9
6
6
6
12
8
12
190
185
122
95
70
57
56
54
50
39
37
33
27
18
19
14
11
7
7
7
7
167
140
83
83
72
72
60
53
46
42
38
23
23
26
18
15
16
15
13
12
9
10
9
157
116
80
78
54
39
32
37
28
21
19
17
19
15
15
12
10
6
8
6
8
7
181
93
82
76
65
54
54
34
26
22
22
22
13
16
16
13
12
6
6
8
7
8
219
102
50
59
56
49
47
38
39
31
29
29
28
26
18
24
14
12
9
12
6
8
7
8
7
138
138
69
43
37
36
23
23
23
20
23
21
23
16
17
9
13
12
9
13
8
182
115
78
51
48
49
42
41
39
36
37
29
28
28
28
21
10
10
10
10
13
6
9
57
64
45
47
40
30
22
23
20
20
17
15
18
15
9
6
6
9
6
6
6
6
219
137
123
109
111
61
57
50
47
42
30
20
22
16
11
14
14
14
12
10
7
10
8
194
106
105
62
53
50
49
46
45
50
40
43
37
37
28
20
16
15
10
16
7
7
7
156
117
77
69
59
58
55
39
36
38
37
30
25
25
25
21
22
21
9
9
9
61
59
54
60
52
47
39
41
41
40
37
30
30
29
20
15
15
16
17
9
14
9
6
7
250
206
126
87
81
79
65
65
58
52
43
35
40
31
34
22
14
14
15
19
7
10
263
75
59
58
57
47
45
36
36
30
27
25
21
23
19
15
12
13
7
7
7
7
7
315
109
72
67
61
58
45
50
33
40
35
32
33
29
23
20
13
9
8
8
8
6
96
96
70
64
58
55
55
50
51
46
45
34
34
32
25
27
20
17
13
10
7
16
6
146
91
86
76
68
60
59
56
51
34
36
30
31
28
26
25
22
25
21
6
163
139
104
104
93
82
82
83
67
68
67
67
56
53
48
47
44
44
48
47
38
27
7
8
8
127
119
97
85
83
82
81
65
62
55
54
49
49
42
32
32
34
36
25
22
31
10
15
21
6
162
149
135
113
99
87
75
66
60
57
49
49
43
42
37
30
24
13
12
9
6
13
9
146
139
129
117
109
92
85
63
55
51
45
42
42
20
18
18
12
14
18
7
9
9
6
103
97
93
81
80
81
85
67
55
53
47
47
43
37
37
47
30
24
23
7
6
137
98
90
90
85
72
72
64
65
68
58
62
55
28
28
26
11
11
11
11
8
8
7
9
119
116
99
91
95
79
80
75
69
66
57
47
37
32
26
17
6
10
9
10
9
6
139
110
108
100
100
85
82
74
70
68
64
67
52
35
24
21
19
11
10
9
9
9
210
123
111
93
71
47
45
43
35
30
27
27
20
19
20
20
16
14
16
14
7
9
7
110
101
92
86
79
71
68
62
50
47
39
37
34
31
23
21
21
19
14
18
162
141
144
125
107
97
82
67
49
46
53
53
44
44
36
33
29
29
26
26
24
25
13
10
198
184
151
122
103
99
57
43
41
35
29
22
24
27
24
12
9
7
6
9
8
138
87
83
71
65
75
57
46
47
52
42
36
29
31
33
29
17
15
8
11
13
10
10
149
137
129
95
68
64
47
48
46
45
45
44
42
40
41
39
32
33
28
14
16
9
9
304
233
160
130
131
126
105
86
73
46
44
44
20
10
10
16
14
12
10
10
6
6
6
8
6
140
114
106
31
36
27
29
15
16
15
13
15
11
10
9
8
7
10
7
7
8
6
6
8
8
8
176
136
133
100
106
51
51
45
37
31
30
34
18
19
15
15
12
11
14
13
9
155
130
90
76
67
65
63
61
61
48
50
41
33
28
28
20
21
20
21
6
18
15
142
140
134
100
84
82
84
70
60
52
53
46
30
26
25
22
23
11
7
11
6
23
23
19
17
150
138
118
112
88
76
80
62
64
58
58
56
38
38
33
30
29
29
7
419
29
28
24
229
157
147
121
122
87
75
76
69
61
65
51
39
35
33
32
17
10
10
250
36
32
29
85
79
71
73
64
45
43
41
38
36
18
20
16
16
6
7
6
6
258
38
34
32
34
32
214
186
109
92
91
84
64
53
48
46
45
46
41
27
22
13
11
7
42
41
43
40
200
120
101
94
88
78
57
56
51
48
46
32
11
11
9
6
10
212
197
185
156
116
102
102
72
74
68
57
55
56
55
55
41
23
32
21
16
7
14
14
49
49
47
49
47
47
173
101
97
65
63
65
61
60
40
35
22
24
20
19
8
11
106
106
89
82
70
69
66
66
66
47
37
38
38
27
26
26
10
10
10
10
7
7
259
129
109
71
74
57
43
36
32
31
25
25
15
15
15
14
14
6
7
12
6
10
69
68
196
173
122
109
103
94
77
76
75
55
56
41
43
36
37
21
17
12
12
67
131
127
131
112
76
60
62
62
60
56
42
39
25
24
17
22
19
10
10
77
211
116
88
86
53
46
46
46
31
29
22
19
22
15
13
14
15
17
7
7
83
80
77
223
149
131
129
95
95
94
90
88
87
90
77
70
52
49
49
46
35
29
9
6
196
177
110
96
96
77
57
57
55
55
56
40
39
37
32
14
19
12
10
10
6
7
90
300
105
73
73
73
61
62
59
59
45
44
34
31
23
23
17
19
6
6
6
6
6
98
92
173
155
89
63
57
50
50
47
45
35
30
30
21
22
19
17
15
10
10
10
214
129
122
114
83
76
69
70
55
55
52
54
52
49
29
35
32
31
26
29
22
20
15
15
107
145
112
97
91
79
62
66
59
57
47
34
34
34
30
29
18
20
19
20
6
6
8
114
109
109
107
107
318
160
156
120
120
120
86
84
80
82
81
79
79
67
62
62
32
23
10
6
118
195
180
172
130
125
97
87
70
69
67
65
56
55
47
50
50
44
42
39
14
10
12
12
250
143
126
112
103
92
89
83
64
49
47
45
44
39
35
33
35
27
29
21
9
9
186
160
136
135
113
96
80
79
75
60
52
54
42
42
42
41
39
20
15
14
12
9
129
127
192
163
159
145
102
101
82
59
65
57
54
46
45
43
34
27
19
23
22
10
10
138
137
138
132
217
153
109
105
84
76
77
49
35
26
21
21
21
19
15
17
222
191
155
159
147
116
114
94
92
80
75
72
75
64
55
43
43
37
26
27
12
11
12
10
317
182
137
121
72
71
74
58
58
59
44
42
34
39
34
31
25
18
7
6
162
147
122
102
53
38
39
35
33
30
24
12
10
12
6
10
8
6
10
7
155
216
215
197
170
138
142
133
123
97
97
84
70
52
44
43
30
31
31
26
22
15
6
6
10
159
191
129
129
102
76
84
75
46
44
45
42
33
35
26
25
23
18
20
10
8
6
168
180
151
133
120
108
107
103
94
89
48
47
40
39
39
33
27
27
21
15
11
7
13
13
277
158
156
131
114
113
112
99
97
94
90
86
67
65
50
41
30
32
32
20
20
17
6
230
162
144
104
99
76
76
79
70
71
68
64
54
40
34
35
25
26
20
21
17
11
13
6
6
156
134
132
123
121
98
96
69
63
60
60
51
43
45
35
34
17
12
12
184
154
127
99
88
80
57
60
56
56
56
51
42
36
21
21
23
16
19
9
193
217
176
173
154
133
94
80
74
61
59
58
51
50
45
42
38
36
24
21
12
6
7
306
137
114
92
87
85
70
69
61
66
53
55
46
45
38
42
19
18
15
11
10
9
7
7
236
188
169
115
103
103
95
86
85
80
80
76
72
64
62
58
54
44
29
15
13
254
216
179
176
160
160
147
140
127
101
99
97
87
78
73
65
65
49
51
25
21
9
18
320
241
181
135
124
104
98
91
81
81
80
70
72
66
56
30
27
11
18
13
7
6
7
293
207
191
116
111
98
95
78
75
78
66
62
39
37
35
37
36
30
33
20
15
12
15
8
230
170
153
122
106
102
93
84
56
54
62
43
24
24
17
14
14
20
20
9
9
11
8
228
233
179
179
122
114
114
110
87
62
67
55
45
43
44
25
25
18
14
14
6
6
11
185
157
154
130
125
96
86
86
80
62
45
35
30
19
14
12
6
300
206
189
130
115
97
93
81
71
77
71
67
59
59
29
32
30
28
19
21
21
19
291
226
197
190
175
136
123
105
97
95
88
77
52
40
40
29
22
10
16
16
6
9
187
144
142
137
136
128
119
115
81
79
79
67
66
65
69
50
34
34
29
27
17
18
8
6
10
7
8
7
164
130
130
121
110
87
91
79
70
64
55
55
39
41
32
26
26
22
11
10
10
13
13
12
199
181
150
113
93
79
71
50
50
44
43
34
34
20
20
10
10
7
18
18
231
203
176
155
156
157
146
140
139
124
118
102
92
76
64
60
44
25
12
12
13
10
268
384
22
22
181
155
96
96
70
44
41
33
20
18
20
9
9
8
8
7
269
169
168
144
106
101
88
89
86
75
70
49
22
22
25
14
14
12
13
13
12
7
8
32
177
178
164
146
136
130
98
89
91
91
76
73
56
28
28
21
19
18
19
19
13
408
38
38
254
128
127
120
80
71
68
69
69
56
56
25
28
24
23
19
18
14
9
9
261
225
160
135
128
99
89
61
47
28
27
26
27
27
23
11
10
13
10
6
10
48
47
259
219
165
163
157
150
144
126
126
117
110
79
66
42
33
28
22
16
18
12
7
53
52
145
137
126
118
111
96
81
50
41
41
39
37
37
34
33
29
28
24
22
20
24
9
349
58
197
180
180
167
158
156
131
124
103
99
79
45
44
43
39
42
42
38
34
29
26
25
21
316
63
62
63
185
175
121
99
66
54
55
48
42
34
29
28
21
22
22
16
9
16
67
202
190
157
151
110
99
86
70
58
53
48
36
35
35
35
35
31
15
17
15
21
20
15
326
72
72
230
119
127
107
87
74
65
54
44
43
31
31
33
14
15
12
11
6
9
77
78
200
151
113
107
99
96
92
85
75
64
63
49
47
46
46
37
34
21
29
29
175
114
102
82
80
80
63
59
51
50
43
50
39
42
38
26
20
13
10
6
338
87
272
106
100
96
82
81
74
73
65
57
53
47
37
35
35
40
25
26
15
12
10
10
287
287
237
209
151
137
128
90
88
80
86
79
79
78
79
72
73
71
69
56
51
49
48
30
281
222
176
163
162
92
88
84
78
78
67
69
69
54
52
50
41
38
14
10
234
225
207
177
108
105
98
93
80
79
71
55
40
38
31
19
20
13
15
9
9
12
409
302
247
233
225
178
124
114
105
105
94
92
85
85
83
83
62
45
43
37
32
30
20
20
10
337
270
258
252
197
179
172
150
99
97
98
88
79
69
55
43
29
19
9
8
7
6
332
316
218
136
113
112
106
103
88
84
81
63
61
46
39
39
40
32
29
24
13
18
12
231
185
108
107
106
96
90
86
83
83
75
66
65
52
54
51
46
34
26
26
26
26
31
21
10
299
174
163
131
129
113
113
107
101
95
82
66
52
37
31
38
29
29
16
21
10
7
10
305
225
225
189
154
154
120
109
104
101
98
85
59
60
60
57
56
45
44
45
41
15
16
7
335
231
162
132
100
77
76
72
54
51
50
34
38
31
27
23
25
20
20
18
17
16
409
231
161
153
106
102
86
83
73
73
71
67
66
58
36
34
27
26
19
8
7
7
421
285
286
264
221
204
166
150
111
106
70
59
48
35
39
37
23
26
14
7
6
350
239
242
156
147
150
129
125
128
124
120
92
70
70
75
56
60
55
46
47
36
32
21
157
286
232
219
214
212
176
167
130
121
124
109
82
82
72
61
58
58
42
44
39
33
276
269
217
148
143
138
102
93
91
79
74
64
58
59
55
48
45
45
43
45
41
26
8
7
167
353
260
260
189
158
162
153
122
111
117
106
88
88
80
53
51
50
44
28
22
17
19
294
233
204
194
110
107
102
110
103
100
95
83
85
85
58
52
23
17
14
15
244
172
114
95
79
70
65
57
60
58
60
51
42
36
36
26
32
16
11
9
10
10
10
8
182
315
185
194
177
168
168
138
113
110
111
105
95
92
78
79
79
65
51
17
25
14
15
7
257
214
212
179
174
133
112
79
82
72
70
74
53
56
48
25
25
23
20
18
14
12
10
339
295
271
211
195
170
151
151
122
110
89
74
58
71
57
47
42
42
27
25
17
7
291
219
195
173
172
169
166
167
154
125
114
92
80
80
47
42
28
24
23
20
14
20
176
142
132
120
109
112
104
97
85
85
79
81
67
67
62
52
38
35
35
27
8
6
8
8
215
184
155
150
120
109
96
90
95
73
84
82
66
72
42
43
35
34
35
32
9
6
6
291
275
250
194
189
109
109
109
106
95
93
57
54
48
47
45
27
18
7
11
7
7
306
203
163
162
145
125
101
100
86
56
53
45
24
23
23
21
10
7
10
10
8
10
8
254
256
208
207
196
153
146
139
86
54
55
47
52
49
21
21
28
26
19
11
10
8
7
11
7
395
274
246
207
195
163
144
136
110
84
60
52
36
38
26
26
32
26
26
22
6
6
328
275
248
235
240
213
170
145
117
115
78
77
56
43
36
36
34
18
14
12
14
13
12
8
374
228
181
178
173
160
122
119
114
98
69
36
36
31
21
19
18
19
7
7
9
14
274
220
186
160
154
156
137
102
101
90
94
77
78
74
67
70
69
52
47
40
39
33
24
23
306
234
128
110
80
79
64
62
46
46
34
32
35
29
29
29
15
12
11
10
7
303
247
87
82
69
51
51
51
51
37
40
27
32
17
16
16
9
8
8
8
7
356
329
232
188
188
175
157
138
126
90
90
82
75
63
54
52
44
44
37
34
7
230
173
164
147
123
117
97
97
73
57
57
49
42
42
39
39
26
17
16
12
12
10
6
8
268
399
356
341
270
226
207
174
169
147
124
106
100
65
57
62
60
52
44
24
23
17
17
7
225
200
181
155
141
133
122
104
97
70
67
62
58
58
54
53
35
32
27
27
13
400
249
171
171
136
126
116
116
102
41
40
33
32
27
27
27
18
23
22
19
10
6
12
9
345
301
219
198
171
168
132
125
117
115
109
81
64
51
46
46
45
38
34
30
30
15
7
19
272
198
200
118
98
92
81
77
72
65
66
51
51
47
44
47
44
42
37
37
12
6
12
487
403
405
307
223
194
175
98
94
77
69
61
52
49
42
42
42
43
33
34
24
31
222
187
156
131
123
83
68
52
47
47
10
10
10
10
12
7
7
7
7
9
283
230
210
196
169
146
138
117
98
95
83
83
58
44
34
25
18
14
14
7
7
266
235
139
140
118
114
102
94
89
89
67
64
64
57
48
42
22
24
22
9
15
8
8
225
114
111
97
88
79
76
41
49
27
20
20
19
17
10
10
10
8
10
10
9
7
8
6
348
321
281
206
197
119
98
98
92
77
56
52
34
36
32
27
14
13
14
11
10
10
308
211
147
115
102
92
90
67
54
56
49
23
30
18
18
16
11
10
7
7
7
313
186
186
155
107
87
77
74
67
39
37
32
30
24
22
15
13
14
10
10
6
10
435
228
220
191
187
137
112
108
96
90
87
64
47
53
45
42
44
31
23
26
15
8
8
322
136
131
123
90
76
78
80
64
52
49
38
44
44
33
31
32
25
21
13
427
360
320
185
175
155
126
122
102
96
60
52
54
39
39
36
33
29
27
30
21
25
10
9
440
206
179
152
145
146
107
86
86
63
48
41
30
25
25
23
21
24
8
316
246
231
207
179
179
137
127
102
94
94
94
81
77
53
53
49
51
43
30
14
10
8
7
436
264
222
195
190
117
114
92
85
69
59
64
53
49
53
42
44
38
15
6
6
294
293
287
194
168
172
161
156
156
147
116
115
82
74
74
74
59
47
53
29
21
9
399
259
163
152
141
130
122
108
99
72
59
59
59
45
37
30
10
10
10
7
163
75
70
66
60
55
40
46
39
36
20
18
22
20
27
9
8
7
10
10
10
8
10
9
213
192
172
141
132
110
94
78
82
73
70
67
60
51
36
23
23
23
17
20
15
383
214
184
163
97
94
83
79
79
67
64
51
60
49
35
30
28
28
18
20
10
10
275
222
214
205
178
177
153
115
117
124
78
72
74
70
45
45
53
37
27
27
23
14
14
12
310
203
174
142
111
109
109
104
97
93
89
85
77
68
68
58
52
45
34
32
30
30
15
401
333
178
165
113
105
93
84
85
66
56
50
47
50
41
37
35
28
15
27
8
14
13
302
182
156
156
139
112
98
93
84
76
66
55
22
13
9
9
9
7
6
8
6
7
8
6
303
299
209
171
167
148
148
109
101
101
93
92
88
74
53
53
44
43
45
45
29
18
14
9
525
178
169
145
100
88
84
65
43
32
26
28
19
9
9
7
16
9
9
533
482
355
216
213
180
175
167
158
132
125
96
100
91
85
92
79
55
44
44
18
18
9
303
287
221
132
132
121
105
101
96
84
80
77
62
65
59
54
36
33
39
19
20
6
6
306
222
221
196
132
132
122
122
118
106
105
80
75
75
70
70
44
38
41
24
14
11
11
6
324
134
115
85
75
67
60
46
39
49
26
16
16
20
26
10
11
11
10
404
304
292
228
201
124
113
93
95
75
75
76
67
46
51
34
36
29
24
21
23
11
10
10
6
414
354
215
207
137
125
77
74
55
49
48
43
45
29
18
18
15
15
15
12
8
8
8
252
228
223
211
187
159
119
85
70
54
61
44
31
26
20
20
20
13
20
6
6
13
340
297
233
232
218
209
162
108
98
87
61
64
66
25
25
19
25
25
21
14
6
6
417
305
212
205
200
136
110
60
36
33
30
30
30
30
30
16
23
17
8
8
10
10
10
173
159
141
136
92
80
58
68
46
46
35
35
31
27
22
15
8
12
8
8
8
8
8
8
447
395
266
256
179
164
156
126
131
98
47
36
32
27
29
20
18
21
14
13
10
13
6
6
227
166
134
119
126
118
64
46
45
38
32
19
15
18
14
18
14
11
14
13
11
8
11
374
293
227
149
130
75
64
50
31
30
19
20
19
19
19
6
6
6
8
6
6
15
267
194
183
165
150
113
105
100
96
60
55
43
39
41
48
32
32
25
28
28
28
24
11
244
237
175
161
145
119
60
60
44
43
49
44
26
26
16
16
16
9
10
9
9
9
6
272
124
122
123
106
58
65
46
35
21
15
9
9
7
8
12
13
7
6
6
6
114
111
70
70
51
43
40
39
38
36
34
36
28
25
20
21
20
20
16
11
6
6
9
419
213
180
149
150
78
55
56
45
46
44
42
44
41
44
40
24
30
22
21
24
9
12
8
368
137
134
93
73
80
68
68
67
50
52
39
39
44
34
25
26
21
16
6
9
6
7
7
235
211
130
98
90
85
85
85
77
62
54
41
40
36
36
27
28
24
27
21
19
11
11
9
15
219
160
104
93
74
71
63
57
59
59
56
48
45
45
45
38
32
37
26
32
24
10
6
299
192
181
169
168
95
78
69
64
61
64
49
50
44
43
44
31
36
21
12
6
14
8
7
167
115
122
81
80
81
66
58
57
50
47
39
21
31
30
31
24
27
10
6
6
6
175
116
98
78
74
71
74
71
59
47
47
32
25
18
9
11
10
9
9
9
6
9
7
7
7
7
7
137
116
110
80
65
60
55
46
34
14
14
16
16
9
12
10
10
7
12
10
8
12
8
184
126
73
67
53
49
25
34
28
21
20
16
14
12
14
17
17
195
120
123
84
78
69
56
61
54
47
30
37
26
21
19
20
20
22
12
12
9
22
125
75
74
63
51
49
51
35
34
44
29
31
25
9
8
8
10
17
9
7
27
27
23
197
130
103
111
72
77
66
66
56
43
44
34
32
32
31
30
15
17
22
8
8
32
32
32
28
32
146
119
80
59
45
45
36
18
18
27
18
18
27
7
7
17
11
33
110
74
50
49
46
46
39
44
41
37
32
27
31
18
9
9
14
8
6
6
9
42
243
114
101
95
55
55
49
51
46
47
19
25
9
10
13
8
13
10
6
8
7
8
564
47
197
197
86
76
52
33
42
26
24
28
16
9
11
9
9
9
9
8
9
6
377
77
60
61
59
44
31
24
21
21
21
20
20
17
18
18
10
12
6
8
6
129
100
66
66
64
42
42
28
25
29
21
23
19
22
23
19
19
7
6
7
6
7
62
146
75
71
54
34
34
30
30
28
28
24
24
15
8
8
6
63
74
46
36
25
23
13
16
14
17
9
10
8
8
8
8
8
10
7
7
7
7
7
131
103
67
53
53
53
40
25
18
15
15
15
7
9
7
7
7
7
7
73
73
101
84
86
82
54
43
43
28
31
26
18
18
18
21
20
14
13
8
12
11
82
132
115
102
70
63
50
47
48
31
28
29
22
18
17
17
13
9
6
10
10
102
96
90
76
82
72
56
56
52
33
36
32
29
27
27
27
22
27
21
11
14
15
12
88
106
75
58
58
38
33
36
32
30
27
32
26
26
27
10
10
6
10
9
6
151
114
109
106
83
74
51
41
46
29
27
32
20
8
8
14
7
8
8
8
7
6
115
92
79
71
68
64
67
43
44
37
37
36
35
25
31
22
29
22
18
13
11
103
76
69
67
57
50
48
49
47
42
32
23
10
7
7
9
11
11
7
7
6
77
66
71
63
55
47
47
35
39
35
22
15
21
21
17
16
21
8
7
10
12
9
8
7
6
94
66
58
58
55
52
51
40
40
39
37
42
35
34
30
35
22
21
17
9
9
11
13
16
109
88
68
65
62
59
45
36
38
32
33
31
14
21
12
12
10
8
10
12
10
77
73
68
67
62
50
49
51
44
38
38
10
13
15
10
10
10
10
17
10
8
186
100
100
85
82
70
72
64
67
67
41
34
28
22
28
15
15
6
12
12
10
10
9
88
86
41
42
28
32
25
27
27
23
20
15
15
9
7
7
7
6
9
10
9
151
51
32
25
20
25
24
22
15
10
10
12
13
12
7
7
8
8
8
7
6
143
194
111
100
103
82
71
47
47
49
46
39
30
29
24
17
18
19
20
6
10
7
12
11
116
101
89
70
48
43
32
24
21
11
12
18
6
7
7
9
9
9
6
7
6
126
119
108
98
68
42
34
34
29
22
21
17
9
9
6
8
8
8
6
6
8
8
124
89
73
73
62
62
61
57
49
48
52
36
42
35
32
34
14
17
11
8
8
11
756
212
52
48
45
37
31
31
30
21
21
21
21
13
16
13
9
7
9
7
9
12
10
113
99
76
56
49
45
37
31
26
20
18
18
17
12
10
10
14
15
10
9
7
6
8
206
54
60
50
46
42
29
29
32
28
23
28
19
19
19
18
22
17
12
11
7
7
65
64
53
43
49
43
34
32
32
20
15
12
18
15
13
17
13
10
10
10
10
7
86
69
54
51
41
39
42
32
21
20
17
18
17
10
12
10
16
16
12
10
6
7
7
9
128
126
120
62
58
51
46
43
38
37
30
32
30
28
25
27
17
17
9
10
9
7
97
70
62
49
49
43
39
31
32
27
22
22
22
21
14
12
11
10
7
7
11
10
10
9
54
50
48
47
40
38
37
30
32
25
19
15
16
14
14
10
10
10
16
10
10
9
9
10
10
53
45
45
44
37
24
22
22
21
19
17
17
15
14
12
12
12
15
15
12
7
8
11
8
83
57
57
41
41
41
30
26
26
24
22
17
17
20
9
9
10
11
16
11
10
8
9
8
183
128
63
47
35
35
31
30
25
29
27
29
23
25
25
24
16
14
6
9
10
7
10
10
114
108
85
56
51
37
39
39
30
30
30
27
30
27
19
23
21
7
7
6
15
11
162
95
86
59
62
55
42
35
34
24
32
26
32
18
11
21
10
8
8
8
6
47
47
40
28
9
8
9
13
8
6
7
7
7
7
6
8
7
7
7
97
65
52
53
45
45
40
34
40
33
18
17
14
12
13
11
8
10
8
6
6
75
50
43
35
31
34
18
23
22
21
23
17
16
17
6
8
10
6
6
6
6
6
6
130
120
62
55
48
48
26
25
23
23
22
22
16
20
12
11
8
6
9
7
6
11
192
135
80
67
49
49
44
29
29
33
29
25
27
27
25
21
25
16
16
15
8
8
7
11
54
48
54
34
33
32
32
30
28
21
21
21
21
18
15
11
7
13
9
15
13
11
6
9
70
70
65
57
39
32
26
21
25
21
26
24
20
16
16
11
21
11
10
17
10
10
7
15
10
10
7
7
7
7
82
64
70
44
41
40
37
26
31
31
26
23
25
15
15
14
20
15
14
14
14
6
12
9
9
106
101
58
53
47
41
31
35
25
25
31
24
17
17
20
20
20
20
14
10
13
10
16
17
6
9
8
107
58
56
50
50
46
46
25
25
24
24
23
24
15
22
20
16
22
10
10
87
79
59
56
51
33
30
30
9
7
7
7
34
35
27
15
15
15
15
60
46
11
15
11
12
14
12
8
8
10
8
8
7
8
29
20
20
20
22
20
102
76
69
53
17
17
17
16
16
17
9
9
9
9
9
7
8
9
35
32
37
34
33
25
25
56
18
18
18
18
16
8
10
10
9
10
14
10
8
8
8
42
30
30
86
76
71
66
26
26
23
12
15
10
10
10
9
10
9
9
6
9
6
8
50
50
43
35
35
77
71
55
32
29
28
28
24
30
20
18
14
14
14
11
7
8
11
14
7
55
49
40
117
81
37
36
33
23
23
25
22
23
25
19
19
20
19
16
16
16
19
12
12
8
48
45
42
28
32
26
26
24
24
17
21
15
15
8
11
8
8
8
6
6
6
6
69
119
46
47
43
33
13
13
13
13
11
13
13
13
11
10
9
7
7
7
7
11
7
70
55
55
55
52
46
35
34
35
35
34
34
27
16
22
18
10
10
8
6
10
64
72
129
56
53
39
15
15
15
15
17
8
8
8
10
8
8
6
6
6
6
8
77
49
53
46
35
37
42
35
27
29
20
26
16
13
13
20
10
12
13
12
8
13
71
70
69
63
61
50
42
33
33
31
23
24
18
17
17
16
16
16
17
16
7
9
7
11
7
68
58
58
54
41
38
30
30
32
36
23
23
23
21
11
12
13
12
12
14
7
7
7
80
59
43
43
34
33
28
34
26
20
17
19
19
7
9
9
7
7
9
6
10
10
7
46
40
40
33
29
22
23
23
24
12
12
16
14
12
10
10
10
10
10
10
10
10
90
90
69
69
63
55
45
45
35
38
36
28
32
17
25
7
10
15
11
6
6
109
98
95
84
80
74
45
42
25
22
20
16
20
7
6
7
7
7
11
7
6
96
96
79
61
48
54
48
42
37
37
27
29
27
32
29
24
25
16
12
8
11
6
6
6
82
71
55
53
48
42
42
42
32
27
16
21
15
13
21
9
9
9
8
7
11
7
7
6
65
65
60
53
35
35
26
22
16
12
12
9
6
9
6
6
9
11
9
9
8
7
115
94
78
63
61
40
26
19
19
19
22
21
11
16
10
13
10
8
6
6
8
116
108
59
41
46
42
36
33
29
24
26
19
15
19
21
11
11
11
11
14
8
11
11
68
68
68
43
35
32
27
27
26
22
16
19
19
19
9
6
7
7
9
7
6
8
9
79
67
62
56
56
42
34
32
29
22
14
10
14
12
21
12
8
6
8
6
9
7
6
51
56
51
39
39
30
36
26
21
15
26
15
13
11
11
11
11
7
6
8
8
6
137
89
65
31
20
23
17
17
17
8
8
6
8
6
8
6
9
8
124
100
85
61
58
44
36
38
23
16
17
15
14
17
13
14
13
8
8
7
10
8
10
6
7
80
55
56
41
41
41
44
31
26
28
26
19
15
13
15
12
9
9
7
7
7
7
59
35
32
32
29
23
21
23
19
20
19
15
15
15
6
6
7
12
12
12
12
11
64
56
60
54
36
29
33
30
28
26
22
25
24
24
21
20
16
14
10
6
8
102
94
72
56
47
51
53
41
34
34
33
29
29
24
24
25
22
16
9
11
10
12
97
81
74
62
61
61
64
46
48
48
43
36
34
33
30
27
27
21
22
11
8
14
6
145
93
66
51
51
52
45
45
43
43
40
35
32
32
15
25
9
11
9
8
7
6
58
49
50
56
46
48
43
43
41
39
41
40
31
37
37
30
14
12
8
6
7
11
84
53
48
37
42
41
29
20
18
18
17
17
16
13
11
8
11
9
8
6
6
6
8
6
10
115
70
56
55
51
49
41
47
47
29
26
25
25
22
21
17
18
18
19
14
14
6
7
65
66
71
59
61
52
47
31
46
27
27
27
27
22
19
19
10
7
11
10
12
7
72
66
66
61
28
27
29
25
21
14
16
15
12
15
8
8
10
8
8
11
10
8
105
74
77
74
43
38
40
32
36
26
29
29
22
17
13
13
13
15
7
10
7
6
10
104
104
86
88
70
54
43
30
27
26
27
20
18
11
15
13
13
8
8
8
10
8
10
10
108
83
79
80
72
56
48
39
36
27
15
17
17
14
10
9
9
8
7
7
8
6
7
82
70
65
67
53
53
53
47
46
51
45
32
35
32
21
23
22
22
17
20
20
11
11
82
54
50
45
49
42
41
39
37
33
30
33
35
36
30
26
22
16
12
8
8
7
12
99
61
61
42
40
38
33
35
28
27
29
28
22
13
16
7
7
6
6
6
7
7
92
70
47
46
37
38
33
35
33
26
27
21
15
18
21
21
18
12
12
12
12
10
106
72
60
66
55
50
40
38
38
34
31
29
23
26
11
10
10
9
8
10
8
6
8
8
125
48
43
34
31
28
22
21
24
17
15
15
9
10
9
9
9
8
6
8
126
100
79
61
55
42
42
43
39
38
26
27
25
19
19
25
21
23
18
14
14
10
8
8
99
91
103
72
71
57
46
47
43
41
41
30
25
19
20
20
19
19
23
16
15
6
6
104
70
58
51
51
44
47
36
35
35
37
29
28
24
24
20
13
10
10
10
14
10
10
10
7
127
97
90
85
77
50
49
42
41
42
35
29
28
25
23
12
8
8
8
9
9
140
109
102
103
82
73
62
59
57
40
38
34
34
34
28
24
24
24
20
13
6
13
119
77
67
61
44
45
47
47
44
43
39
38
39
25
22
18
19
18
19
9
9
142
132
111
92
87
88
79
55
53
44
44
41
38
34
33
24
27
24
23
15
15
9
11
9
142
129
129
79
71
69
42
32
38
36
38
32
32
28
26
17
13
11
8
8
8
7
124
99
79
61
33
33
25
16
16
10
8
8
10
10
10
10
12
9
10
8
8
8
128
97
97
93
83
72
66
59
62
59
59
55
45
38
29
23
27
26
13
10
13
13
9
100
71
66
64
61
60
60
63
51
44
34
38
42
40
37
29
26
28
20
14
17
10
9
9
9
108
93
81
69
61
52
48
46
47
45
28
34
25
17
10
9
9
8
8
7
6
141
118
101
87
87
62
53
36
38
38
33
29
24
22
28
10
11
13
7
13
6
6
6
166
143
116
91
85
71
69
48
41
41
37
33
29
29
18
18
22
18
18
16
9
7
9
178
109
67
64
63
63
55
56
48
51
40
32
25
25
29
24
20
14
12
10
7
6
7
220
116
83
79
65
62
63
60
65
45
35
29
28
28
19
17
17
21
17
13
8
80
74
73
77
56
59
53
39
37
37
29
33
33
28
22
25
17
16
14
11
10
9
135
108
88
73
71
53
47
46
46
32
38
23
29
31
14
19
17
16
16
6
8
13
164
94
78
58
59
58
52
44
46
43
28
26
21
10
14
13
7
9
6
7
6
6
7
213
122
76
65
49
44
31
30
19
12
18
10
11
11
8
9
9
9
7
7
9
6
6
6
7
155
82
76
31
32
22
24
15
16
16
14
9
10
10
9
6
8
9
7
7
8
6
6
221
81
73
65
58
58
55
58
43
23
23
27
22
17
19
19
13
11
11
9
11
7
6
103
78
63
48
42
40
42
38
30
26
25
27
26
24
21
13
11
11
9
9
123
128
112
80
74
61
47
34
34
30
29
25
27
25
21
19
19
10
10
9
7
9
9
10
109
88
58
62
52
38
37
34
33
29
29
28
28
28
24
25
24
15
19
12
8
9
8
118
89
82
71
53
44
42
38
35
34
35
34
34
29
27
20
26
20
19
20
9
9
14
100
100
90
85
44
40
39
34
34
34
31
31
29
25
24
25
15
13
13
10
6
6
6
149
97
82
73
52
49
48
47
42
39
36
34
29
30
29
19
23
23
20
18
18
10
8
6
6
249
86
80
62
49
50
52
47
47
41
33
27
25
15
12
10
11
10
11
10
6
8
195
138
113
94
77
58
57
57
51
53
51
50
51
26
25
17
21
14
10
11
10
8
8
177
126
71
66
67
64
55
56
52
45
44
44
38
37
39
30
20
21
16
17
7
15
9
168
133
101
74
67
64
64
65
63
50
50
42
44
38
38
29
29
22
20
20
20
20
7
75
68
66
54
43
49
45
44
39
43
36
31
26
23
25
19
10
13
9
8
10
6
8
165
162
144
119
107
85
84
85
80
80
80
77
71
58
43
38
30
13
11
9
114
101
84
82
76
65
58
54
53
48
36
36
29
18
18
16
9
10
9
9
6
7
7
7
216
128
97
83
76
70
69
58
63
53
58
55
51
44
40
13
14
14
13
12
10
10
7
85
84
74
75
64
63
54
51
51
46
45
30
33
34
28
23
22
23
18
15
17
12
132
90
75
61
61
59
57
55
54
51
44
31
31
26
26
26
22
16
12
16
14
12
7
7
105
104
61
60
61
56
49
38
38
36
28
27
25
14
21
13
12
10
11
12
9
9
265
141
109
109
105
78
70
65
60
60
48
43
42
38
39
36
33
33
33
32
32
30
24
17
6
14
16
9
132
108
105
106
76
80
74
74
68
65
59
57
43
38
33
33
34
24
24
20
15
14
16
125
119
109
106
100
104
73
64
62
48
44
38
7
6
6
8
8
8
19
172
116
114
96
67
51
49
47
48
45
42
42
34
35
29
29
29
8
16
30
29
29
154
118
110
82
61
58
50
39
39
46
38
35
34
38
31
34
17
18
8
8
12
34
31
136
113
103
73
63
58
60
57
55
41
43
23
26
10
10
10
6
8
6
8
34
144
133
132
120
108
108
105
101
88
73
63
62
62
60
59
52
28
21
18
22
13
37
39
136
100
98
89
67
62
64
61
52
50
49
49
48
35
23
17
14
14
12
10
194
144
130
111
110
105
106
104
100
94
88
67
62
59
33
31
28
31
20
19
17
19
10
53
114
111
105
99
93
88
75
75
62
41
30
29
37
30
32
28
25
24
24
17
11
20
11
60
204
153
144
140
117
90
82
82
68
63
47
30
33
33
29
29
22
14
9
6
6
59
59
165
141
133
98
100
93
88
81
77
76
66
33
32
24
16
17
6
6
62
159
150
139
133
125
93
92
90
89
81
46
52
43
40
37
37
32
24
14
12
9
13
169
131
130
125
97
93
89
84
79
82
59
64
64
45
45
45
31
23
21
19
9
10
7
74
169
144
138
141
115
111
113
111
106
88
87
68
50
49
49
47
49
47
34
30
17
8
10
79
80
79
224
174
153
144
134
113
115
86
58
54
41
39
35
31
24
13
13
13
6
82
127
112
112
107
78
65
63
58
58
45
48
38
30
34
27
32
22
22
12
10
230
193
171
152
151
130
128
121
117
115
104
70
64
60
49
48
41
46
43
27
27
15
10
8
8
94
151
153
125
114
107
88
75
81
69
69
69
36
44
27
32
22
19
6
6
13
347
208
160
158
129
111
109
74
74
73
74
59
59
44
33
28
25
9
9
9
104
168
158
143
136
129
98
98
92
85
49
45
42
42
25
15
18
14
14
11
8
8
6
217
183
124
129
119
119
88
84
77
62
62
62
50
37
29
25
21
25
19
19
8
7
132
124
95
91
87
74
71
67
66
44
41
41
30
20
24
19
18
13
12
7
8
12
8
7
193
184
178
148
142
94
90
39
35
39
29
29
24
24
23
17
10
12
10
10
8
6
6
246
153
142
134
119
84
62
60
52
40
38
40
40
28
28
26
24
23
12
6
7
288
108
102
81
69
61
41
35
39
39
34
27
28
27
21
24
13
12
12
11
11
10
9
7
139
235
203
190
169
158
155
115
109
94
82
75
61
61
40
43
34
16
16
14
12
15
8
9
7
227
189
183
171
168
131
96
78
67
66
60
50
50
38
32
22
19
19
19
14
14
13
14
13
305
194
158
152
140
118
82
82
83
60
49
48
37
27
32
26
26
26
26
24
11
11
7
9
149
220
209
164
159
143
146
99
68
53
51
32
32
32
25
21
16
7
10
192
164
162
161
114
116
64
64
58
58
53
53
53
53
45
37
36
36
32
29
28
24
21
23
19
254
194
134
91
86
69
65
69
63
46
41
41
41
37
37
36
27
14
17
12
9
7
7
203
140
139
93
87
68
63
57
47
40
39
39
31
22
27
30
29
14
8
7
8
7
191
110
120
92
85
86
73
73
67
53
51
51
44
45
43
36
37
35
32
22
19
19
13
16
6
269
235
202
84
84
78
73
63
56
56
49
41
46
23
22
21
22
20
10
13
9
9
8
7
211
163
118
106
83
77
81
78
77
61
67
61
34
23
18
11
6
6
6
6
6
172
135
124
122
86
77
66
60
59
59
50
49
37
34
27
18
22
18
12
11
6
7
187
230
151
99
93
88
82
66
64
57
57
37
37
42
40
34
37
23
23
11
11
181
173
110
101
104
87
76
76
42
38
29
29
27
21
17
9
13
11
11
8
8
8
8
204
152
127
103
97
93
81
81
75
79
79
73
74
72
47
34
34
31
33
29
15
13
131
108
84
79
72
75
59
65
56
42
36
36
36
36
35
30
29
30
25
26
20
23
18
12
299
181
140
129
93
91
72
56
57
49
47
31
31
23
23
6
7
8
7
7
7
7
228
224
225
166
161
118
103
97
96
86
72
62
58
52
48
48
38
38
36
36
36
33
28
21
10
233
108
108
100
93
94
72
68
63
61
60
55
52
44
39
37
29
33
25
8
10
323
200
201
128
106
106
102
91
79
74
63
58
57
54
46
47
41
30
22
13
13
7
6
268
157
135
133
111
110
107
104
82
82
75
65
53
51
52
45
31
31
27
19
9
173
112
95
87
78
72
64
67
61
53
53
53
50
48
41
41
33
32
24
24
25
12
10
10
6
262
212
159
137
141
106
81
77
54
47
37
26
29
26
30
19
15
25
15
11
251
7
208
171
164
164
137
92
87
75
63
59
58
48
25
15
15
20
8
12
386
260
8
10
196
136
91
73
76
71
68
66
63
45
46
39
20
22
20
20
13
19
359
7
156
132
114
94
88
75
75
71
68
63
68
68
61
52
37
32
26
25
27
19
18
24
197
140
139
126
126
99
98
79
82
73
64
67
60
55
53
32
27
29
22
321
292
11
23
191
131
112
108
103
88
80
78
50
53
51
45
35
36
32
28
9
9
9
6
6
253
185
167
151
157
95
86
78
56
63
59
45
45
50
40
39
33
14
14
10
7
7
30
190
156
156
132
125
122
108
98
73
81
83
71
63
55
54
59
45
45
19
14
6
28
269
241
160
152
144
112
103
100
89
86
86
86
62
55
43
25
19
7
10
6
35
160
145
120
105
100
98
83
67
48
47
29
25
23
25
9
9
9
6
12
9
8
344
47
249
249
219
171
115
116
116
103
80
72
55
34
34
30
13
14
11
8
7
355
41
40
53
185
161
142
113
108
92
90
60
58
39
29
25
15
18
22
13
10
7
7
48
58
252
215
209
166
119
96
95
88
86
82
44
41
38
36
39
31
31
20
18
6
12
348
327
53
193
156
138
137
111
94
80
87
75
76
70
46
50
38
36
23
20
16
15
9
59
58
215
191
189
164
175
161
144
142
113
85
83
54
49
46
31
21
9
12
8
72
205
196
189
163
135
129
130
116
112
105
101
78
59
46
49
35
34
27
8
11
10
69
253
235
238
229
221
202
157
147
144
133
97
99
64
60
38
40
24
15
8
7
276
265
204
199
192
164
159
141
141
122
98
89
55
48
40
38
38
36
32
20
16
13
16
75
80
213
203
177
168
150
136
118
116
100
75
66
69
67
71
48
34
28
32
13
6
8
8
412
81
96
84
158
125
123
110
100
76
66
65
55
54
47
30
18
23
24
9
445
85
206
188
155
147
103
84
79
70
58
47
50
32
32
33
23
28
27
16
14
8
7
333
210
146
140
108
83
81
76
64
37
42
33
23
8
12
8
9
8
8
9
6
112
280
240
207
202
116
94
94
77
65
63
62
57
48
45
41
41
18
32
28
9
10
9
10
9
104
173
168
152
125
99
88
86
81
76
66
63
51
44
44
33
18
18
23
13
15
14
7
7
110
157
132
99
99
97
96
73
73
71
56
47
47
34
34
34
23
23
22
17
15
12
15
10
251
240
190
187
178
109
80
69
69
60
50
53
43
39
28
32
24
25
8
9
8
6
16
268
251
188
177
111
102
69
37
33
23
23
24
13
11
10
21
7
10
7
7
7
7
200
117
120
105
108
102
87
58
64
53
53
53
39
32
30
30
15
16
10
12
10
10
10
420
257
230
159
153
143
143
100
101
69
45
42
32
33
32
20
10
13
6
8
7
131
178
156
148
149
148
116
103
89
96
53
48
44
44
44
40
37
20
24
22
22
16
6
11
135
204
196
121
84
74
68
64
57
47
43
44
45
27
21
22
16
16
13
7
292
261
228
204
140
90
89
79
77
68
63
53
55
47
38
33
25
25
21
21
19
12
281
206
197
197
175
138
116
95
95
85
67
53
52
40
40
30
31
33
23
14
9
8
7
7
338
314
139
129
96
83
72
68
60
57
40
42
35
35
35
36
31
15
21
23
12
7
231
218
180
137
136
112
98
63
53
53
50
40
31
38
20
30
19
19
19
14
14
13
314
289
156
148
135
115
79
49
45
45
26
32
23
24
21
20
16
10
10
8
7
253
144
138
87
75
61
46
40
41
26
29
20
12
12
19
14
6
6
6
6
6
241
238
204
168
165
145
138
131
93
84
80
80
57
51
54
36
35
32
31
28
28
17
24
8
263
263
253
154
83
83
65
53
53
40
41
39
39
30
22
16
16
16
16
14
9
6
9
6
200
99
92
76
61
44
41
38
30
28
21
21
21
21
21
8
11
11
8
6
8
180
173
107
103
98
81
75
73
52
49
49
44
39
35
33
26
19
26
14
193
277
182
163
105
97
97
98
86
75
76
71
71
72
40
31
31
24
16
16
18
248
181
161
162
109
91
87
62
59
50
36
36
34
29
26
21
6
7
12
7
7
275
225
182
179
133
119
107
96
85
81
83
66
56
59
54
44
29
29
27
20
15
9
9
10
336
317
127
115
97
92
68
63
64
59
46
39
39
36
16
23
18
20
14
14
14
14
14
7
319
106
63
44
45
41
29
37
24
16
10
10
12
10
8
10
8
8
7
240
185
101
90
77
75
74
65
56
56
53
56
49
46
48
46
47
49
32
24
24
18
13
13
182
102
87
78
68
61
54
54
49
48
39
38
31
32
18
17
18
17
10
7
6
6
162
91
84
84
66
66
59
43
47
38
32
32
25
25
10
10
8
388
131
94
71
58
47
48
42
37
30
29
28
27
28
27
28
27
19
16
15
7
260
253
121
117
111
118
96
63
42
42
44
32
33
27
15
9
9
9
8
8
6
219
173
148
132
100
87
87
81
84
74
72
68
47
40
32
35
30
21
26
14
13
13
13
303
6
174
161
141
126
118
90
90
79
63
63
73
62
41
31
27
23
23
22
19
19
16
18
19
9
216
162
135
139
135
117
114
63
57
60
50
42
45
36
36
29
27
27
27
29
24
21
298
220
147
130
108
90
96
96
89
84
75
72
54
52
50
29
33
29
28
8
24
29
14
204
152
135
124
114
66
69
56
52
46
46
44
44
38
37
37
34
34
22
25
23
140
130
109
100
91
76
65
63
60
58
56
54
37
38
36
15
18
12
6
38
30
29
111
102
83
79
73
68
71
68
65
57
48
49
47
23
23
22
10
6
6
7
40
39
29
34
36
261
167
109
106
77
75
67
61
60
61
53
46
45
28
23
11
44
40
189
164
81
54
54
53
34
34
29
24
14
15
14
10
9
7
7
7
303
48
51
45
230
187
191
146
136
126
96
92
71
61
56
56
56
56
22
18
9
15
6
44
247
182
115
108
115
101
100
103
100
75
76
72
64
64
61
61
63
43
39
25
19
15
363
63
59
267
241
153
145
129
114
102
94
92
81
72
48
43
44
28
15
9
8
68
65
61
131
133
98
86
78
73
53
49
47
25
26
29
32
21
14
9
6
6
8
8
68
71
65
65
221
191
142
136
97
77
58
39
26
26
22
19
14
17
14
135
132
120
124
108
108
97
43
37
32
18
16
16
9
13
10
10
6
81
74
200
178
113
110
89
95
94
89
67
68
64
50
38
36
24
24
17
14
17
84
79
319
127
99
98
94
73
72
73
69
69
57
43
40
41
40
40
36
25
26
26
11
461
89
166
166
124
107
99
78
64
72
61
61
60
48
47
44
28
24
25
14
11
10
9
7
84
225
212
137
119
124
116
103
52
44
44
46
39
38
32
30
24
24
18
6
12
8
6
6
100
292
267
227
145
121
109
106
87
51
46
48
41
40
41
41
37
36
23
33
11
102
207
198
188
154
132
113
79
65
53
45
46
46
37
28
24
24
28
13
11
13
9
11
6
105
217
221
173
140
119
118
87
83
59
59
63
54
54
56
48
45
45
39
39
27
18
10
10
110
240
167
148
149
119
102
69
64
49
41
47
49
32
32
32
23
24
26
30
23
22
17
15
216
124
108
109
76
77
65
43
41
37
37
31
27
21
22
14
19
19
14
8
7
6
13
120
120
356
152
153
112
107
98
84
84
80
76
48
55
32
26
28
19
8
8
8
6
119
353
271
193
162
155
151
142
139
108
90
88
83
61
47
47
41
34
32
32
24
29
136
183
170
118
91
70
59
29
30
30
29
26
23
18
22
16
18
13
8
8
8
8
144
144
239
181
149
122
80
77
75
59
45
42
23
13
16
16
16
10
10
10
10
10
8
8
8
304
211
175
127
123
100
102
94
85
65
52
52
53
39
39
39
33
28
18
16
13
8
330
182
163
159
159
134
123
107
99
87
61
58
57
50
38
28
33
26
23
18
18
8
9
154
158
245
163
127
120
106
96
91
72
49
34
33
25
28
19
19
15
11
9
9
9
9
204
192
144
142
115
104
101
80
71
63
60
54
59
55
48
47
41
36
28
24
18
14
17
13
169
162
165
161
198
130
106
95
73
60
64
60
58
38
35
35
35
33
33
29
29
10
255
139
125
125
128
110
93
83
72
61
58
44
46
33
22
14
14
10
7
200
183
163
134
132
115
106
99
92
81
39
39
36
34
29
25
20
21
13
16
265
243
168
124
124
106
103
80
80
74
53
53
53
44
43
41
37
38
24
15
20
15
14
189
200
153
150
126
125
119
120
108
104
105
93
85
58
57
56
49
44
46
39
42
42
41
39
12
193
260
178
159
144
130
93
92
85
78
76
73
68
67
63
49
51
43
34
36
24
9
6
239
222
179
150
149
136
98
89
86
78
83
68
59
52
51
47
41
39
30
23
30
22
20
7
7
233
208
160
156
138
124
134
108
88
79
83
61
64
61
57
53
43
39
35
33
19
14
8
12
307
236
187
169
149
143
129
116
116
113
107
75
71
69
64
66
40
46
22
17
8
8
202
165
154
140
121
105
78
69
64
62
57
53
54
54
45
45
26
20
19
14
7
6
236
171
162
117
93
79
78
73
67
60
60
50
50
29
14
7
7
7
7
6
6
229
192
161
155
154
139
139
131
96
93
90
85
64
61
53
50
36
43
37
11
407
148
133
130
98
96
95
83
83
60
60
50
36
25
30
29
15
16
17
14
11
329
324
6
7
177
141
122
103
100
83
74
65
58
57
46
44
42
33
32
27
27
21
19
262
12
12
14
194
203
186
158
137
118
108
108
106
105
93
94
81
45
47
24
14
17
17
16
195
186
103
99
97
75
56
55
55
42
43
35
31
23
23
9
9
6
9
23
193
189
182
162
148
128
122
121
109
113
102
80
86
62
55
49
37
12
9
14
9
9
7
6
334
29
27
29
212
199
194
174
145
133
114
116
99
89
78
54
47
34
37
15
18
12
8
6
6
32
178
158
141
118
118
99
100
90
79
71
52
47
46
45
43
44
21
25
14
17
19
10
260
37
36
171
160
147
142
139
125
124
116
97
89
87
75
57
56
52
41
41
39
21
14
278
274
274
273
143
128
102
101
93
82
90
79
62
57
61
56
34
26
22
13
9
7
7
9
368
47
240
214
178
158
150
99
85
86
74
67
62
60
39
32
31
29
27
29
18
18
7
14
585
270
351
328
284
52
264
180
141
129
128
112
109
91
90
90
58
32
12
10
7
10
6
57
214
195
191
188
166
161
153
119
107
92
87
80
86
63
46
44
33
34
15
9
6
12
318
267
236
208
190
163
149
149
112
110
99
76
76
76
53
49
49
33
20
20
6
6
6
163
154
127
125
124
106
102
94
80
78
58
59
34
38
34
28
14
11
9
7
6
72
250
212
189
189
165
149
147
135
111
98
74
53
52
53
52
49
39
39
16
223
211
207
164
154
145
115
97
97
89
68
38
44
44
44
44
35
35
35
31
20
17
17
8
9
401
311
82
245
211
169
168
149
121
121
74
66
68
64
64
62
37
36
22
22
10
13
10
297
213
205
193
183
145
107
107
104
107
99
98
91
79
67
64
53
52
40
31
28
28
18
408
92
283
216
195
179
175
169
168
160
131
130
79
72
72
54
59
50
47
43
44
36
32
31
322
337
292
246
203
179
177
177
171
134
119
117
112
81
78
64
59
46
17
8
7
12
8
337
308
299
271
184
181
170
165
152
137
116
106
91
53
43
45
37
22
22
14
9
6
312
274
212
206
200
142
142
133
84
74
66
51
54
47
47
32
36
28
14
14
9
9
8
6
300
284
271
208
198
184
180
151
147
114
118
104
77
72
66
59
54
53
22
19
16
8
307
289
213
197
184
185
168
156
131
104
76
66
64
57
48
38
48
36
37
26
25
25
25
13
12
354
122
256
244
159
142
113
109
102
95
82
82
72
71
62
48
41
27
16
19
11
7
7
357
294
291
228
223
202
159
157
147
141
135
131
116
114
94
90
93
76
76
48
34
10
6
340
266
256
228
223
208
167
114
109
87
81
63
52
52
52
47
50
25
34
32
23
23
9
356
137
174
174
164
150
149
125
114
106
86
76
68
58
58
41
24
22
22
22
14
309
306
230
219
209
177
155
129
124
97
86
72
61
51
33
31
27
22
20
12
11
572
147
348
224
223
186
186
167
149
97
96
96
89
54
37
38
29
25
25
22
12
9
7
6
269
240
209
190
187
166
145
136
137
117
114
100
103
93
83
67
61
56
44
34
29
18
336
219
196
180
184
117
72
44
43
42
39
35
36
34
34
9
15
10
7
7
7
7
7
7
380
393
286
258
245
242
241
189
177
154
131
131
111
88
79
69
69
69
64
64
34
17
12
12
417
223
187
173
173
164
154
153
109
87
83
69
57
39
19
19
17
17
15
9
9
303
259
180
153
139
120
112
111
101
93
92
62
61
47
40
31
22
22
18
14
11
8
7
9
264
266
263
256
181
144
135
107
97
73
69
68
55
53
38
29
18
15
15
15
9
7
179
328
268
262
261
251
221
220
188
174
159
147
127
111
103
84
73
64
59
50
34
32
18
10
14
187
250
217
131
126
94
72
77
72
66
37
29
29
19
8
10
8
8
6
6
6
303
258
256
177
165
125
110
99
96
94
84
77
70
70
47
42
40
28
27
24
17
9
9
155
79
75
78
65
60
63
47
49
47
38
33
27
29
29
21
20
12
13
7
10
491
480
413
407
222
217
192
171
111
87
79
70
55
34
29
29
29
23
19
8
8
8
8
294
287
264
246
239
144
111
99
98
89
85
66
61
57
55
55
55
49
39
12
10
7
343
306
293
226
165
142
116
94
65
62
60
44
48
44
44
33
33
28
21
21
6
6
323
275
204
174
175
148
107
99
96
94
94
79
71
59
44
38
36
23
10
9
9
8
6
797
358
291
239
189
191
184
177
180
123
107
100
90
85
85
72
64
54
53
35
22
12
16
226
357
239
241
204
158
142
123
114
97
80
80
77
75
75
65
59
58
58
37
39
37
33
7
13
312
258
236
161
152
133
133
117
109
98
100
68
56
60
53
53
38
32
32
29
26
21
7
13
6
330
277
6
206
174
157
126
119
112
102
85
85
87
75
69
61
58
42
34
26
18
15
7
459
353
280
252
10
10
10
13
14
227
182
174
105
94
92
69
58
58
33
31
27
22
14
286
15
17
15
188
162
151
151
133
132
113
88
74
68
68
61
61
47
21
28
28
21
19
332
304
296
20
24
20
213
196
161
137
113
100
96
79
69
58
63
47
46
9
314
26
224
223
175
164
148
139
134
109
107
98
99
81
76
75
63
59
59
57
57
50
43
12
9
6
9
7
7
9
494
264
457
30
183
113
113
110
104
85
84
66
51
44
7
267
398
330
325
287
35
37
209
200
187
182
178
174
145
142
117
117
109
81
84
85
48
46
39
29
28
23
12
537
352
349
348
292
274
203
193
192
182
149
120
114
114
99
89
78
78
61
59
26
10
17
17
9
9
9
9
8
8
329
45
227
195
188
147
125
127
125
98
98
82
74
58
43
24
24
16
14
361
357
284
50
53
267
262
237
160
140
130
114
101
84
88
73
73
70
53
36
27
27
26
12
11
13
7
7
391
277
218
164
129
106
108
103
103
84
68
61
46
46
30
28
24
17
9
205
171
170
172
158
155
151
130
126
119
106
106
97
89
79
62
55
59
48
37
21
21
11
264
241
181
175
146
129
129
97
97
88
86
75
74
52
58
49
43
42
36
15
6
12
302
282
223
206
144
134
129
123
116
108
111
96
82
47
39
32
27
10
10
10
10
6
6
6
6
270
256
239
184
161
143
113
112
100
66
63
52
51
43
44
44
39
37
36
33
15
22
389
347
244
241
190
189
164
148
148
121
106
73
43
45
45
41
31
26
20
14
11
8
7
328
86
85
169
170
167
152
131
111
106
94
78
62
54
53
50
53
50
23
18
17
8
7
92
264
266
213
190
175
154
149
128
128
128
108
84
78
62
55
54
57
48
24
24
12
13
414
366
96
269
257
234
159
153
153
145
145
64
68
71
56
31
22
20
19
16
101
314
299
210
207
187
164
156
153
130
125
120
90
84
69
69
69
69
51
50
36
36
31
13
659
459
258
246
169
143
139
123
124
89
74
74
74
73
67
59
56
45
50
43
45
28
17
9
6
521
324
163
148
129
79
75
65
50
46
35
35
35
32
33
19
22
11
8
10
347
239
215
215
174
166
143
144
132
108
92
56
55
40
38
34
16
8
8
8
7
584
458
421
303
276
267
234
179
137
115
104
89
74
74
74
68
49
21
20
20
20
125
277
267
259
232
225
195
178
176
163
152
148
125
118
118
106
105
94
87
65
59
56
48
43
32
24
9
311
306
214
191
162
150
150
107
107
102
99
97
95
87
72
65
59
51
48
43
31
30
25
20
448
245
175
126
119
112
102
89
68
58
47
24
553
140
330
293
249
204
167
168
160
160
153
148
118
109
109
97
80
59
56
53
52
36
33
33
20
15
569
319
292
259
262
254
182
171
169
159
149
114
86
84
70
71
66
60
54
27
6
7
466
152
363
340
221
209
196
182
176
156
144
130
108
91
90
75
76
73
63
50
50
45
38
25
10
8
10
159
331
296
264
200
157
136
131
129
116
95
90
63
61
50
52
55
55
43
7
6
337
277
273
231
224
198
187
192
154
137
123
128
114
102
86
72
67
61
55
35
21
21
20
18
9
6
326
313
238
163
124
122
116
104
100
100
94
88
80
78
78
80
60
61
47
21
19
7
424
319
252
190
164
120
109
96
86
82
71
59
45
31
24
21
12
10
10
7
7
298
284
266
234
226
196
163
159
154
144
125
116
82
75
75
67
66
56
53
39
27
26
26
18
15
15
8
294
201
156
106
106
106
98
77
72
67
41
41
44
44
43
40
18
6
494
267
259
253
234
223
222
209
164
108
100
97
79
75
62
43
40
37
26
25
20
12
12
461
290
243
213
214
189
151
144
130
122
116
106
105
102
85
75
52
51
30
23
17
17
6
287
279
277
269
270
232
194
189
179
164
159
157
120
118
113
86
87
83
74
77
59
52
47
39
36
35
35
33
23
17
469
194
173
140
123
115
100
100
91
85
88
75
75
58
51
40
11
9
10
9
494
289
199
159
130
130
128
111
100
72
68
57
53
45
46
27
31
18
15
15
15
10
512
469
409
269
236
211
193
173
174
168
147
137
105
92
85
53
51
50
50
47
50
49
40
39
32
21
17
215
397
236
208
166
173
132
118
110
107
100
93
69
55
54
43
33
25
20
15
10
529
486
321
243
241
182
178
171
156
146
120
108
95
72
59
53
41
41
32
27
15
9
10
9
10
9
289
285
159
148
146
129
89
76
77
70
66
63
57
60
40
41
35
36
31
20
344
344
288
252
207
171
170
166
158
145
146
137
123
123
91
90
78
76
72
70
40
32
25
25
24
369
363
280
228
214
128
120
123
110
118
93
62
62
48
45
31
30
30
18
15
240
322
299
6
9
7
231
217
213
203
155
140
133
101
104
92
83
83
86
80
59
49
49
35
338
11
214
214
203
191
149
133
94
93
63
58
56
51
50
50
41
40
41
28
24
389
271
15
19
15
234
214
189
183
171
165
168
151
135
111
102
93
93
90
90
87
61
48
48
47
276
15
6
210
195
190
181
150
143
130
130
115
105
99
55
58
45
40
47
49
49
39
542
377
330
271
269
23
252
222
200
181
183
153
136
97
88
93
76
67
55
48
41
324
303
31
16
18
6
232
172
158
117
105
102
92
98
74
52
53
59
49
43
280
39
33
10
16
13
10
10
10
274
244
195
193
193
185
179
173
170
107
109
86
91
80
70
70
66
465
366
339
37
19
14
238
233
213
170
157
138
138
131
133
131
126
115
103
72
76
61
56
281
354
47
42
25
20
19
20
279
206
195
155
120
120
119
109
102
101
91
78
75
350
341
311
33
22
14
14
14
9
226
225
208
200
194
189
185
112
95
82
86
80
66
490
477
366
327
316
298
37
23
274
252
226
206
149
142
129
112
101
93
85
69
377
327
313
301
48
40
35
8
251
220
146
123
108
114
93
90
80
80
79
67
51
43
40
40
30
29
31
33
9
9
267
240
215
185
183
142
145
138
119
100
89
81
83
416
369
335
76
58
36
33
28
23
21
268
142
133
131
128
118
100
771
344
65
67
61
50
44
43
39
39
29
26
23
28
22
21
256
251
246
193
164
93
94
93
480
410
382
374
347
336
55
52
34
34
30
31
17
18
284
260
253
253
250
231
131
128
120
120
93
518
402
347
73
71
64
60
49
39
36
17
6
12
243
213
150
142
136
127
117
789
385
84
55
59
45
44
44
47
34
34
19
7
7
249
219
213
213
176
168
158
151
140
102
584
88
69
61
61
61
54
54
20
13
12
8
8
8
10
287
253
241
243
215
178
170
159
141
125
125
385
99
86
79
70
63
54
46
23
20
326
293
270
268
236
188
175
175
158
132
130
678
420
393
363
353
105
64
33
21
19
21
19
258
241
233
230
167
163
149
143
135
135
616
109
117
116
100
99
98
93
69
57
31
27
23
7
313
252
241
240
230
220
188
167
152
489
432
374
108
112
79
47
41
32
32
24
24
11
312
262
230
204
190
167
163
163
156
505
462
87
84
84
71
67
41
16
20
18
14
213
201
203
173
166
166
165
155
150
150
134
482
445
94
80
73
76
29
18
299
296
276
261
250
190
170
169
165
159
144
144
436
418
395
105
34
31
27
27
23
367
367
240
226
193
484
114
120
104
99
65
54
44
41
32
28
29
22
12
10
7
369
322
210
200
195
183
181
375
502
455
115
110
110
104
104
104
93
70
53
23
8
9
256
205
169
651
497
462
126
121
109
111
109
109
99
94
66
64
61
49
54
54
46
26
13
275
268
230
507
459
445
105
103
101
95
88
88
71
67
64
61
59
43
46
46
40
33
7
225
214
180
171
165
690
464
151
134
121
118
118
112
75
48
49
15
18
15
9
10
10
6
378
358
329
285
272
242
233
229
229
195
195
627
156
135
135
107
93
88
81
73
74
69
41
28
16
374
358
331
302
307
287
234
224
175
510
155
140
81
70
70
64
63
58
61
55
54
33
12
17
402
391
358
278
239
213
205
179
567
140
114
65
64
64
53
51
39
39
27
24
25
22
8
8
326
282
232
226
210
201
738
561
474
171
163
149
130
119
105
101
78
41
34
34
30
7
6
6
372
310
686
179
143
144
144
131
97
94
73
55
61
39
39
36
37
36
392
318
319
316
319
311
303
237
183
160
149
131
131
102
102
82
54
51
38
33
17
8
8
6
335
237
225
200
815
165
165
152
111
103
87
76
67
56
45
42
38
29
15
20
10
13
7
265
230
583
539
170
170
165
146
123
121
104
96
96
82
72
66
60
52
43
35
27
29
14
353
290
209
179
144
123
117
114
93
56
48
48
34
25
30
30
23
7
14
6
6
275
230
230
463
205
179
169
160
144
135
126
123
121
112
86
81
63
43
37
36
17
11
10
263
234
483
196
155
147
104
106
103
67
62
42
44
41
36
34
35
28
18
8
408
249
250
242
235
189
169
145
138
108
83
74
72
49
44
41
35
28
27
13
13
15
7
375
308
298
302
245
233
559
179
172
148
124
120
121
95
88
85
83
85
76
75
60
54
33
26
423
391
359
303
9
188
155
146
151
142
126
124
110
79
73
56
57
28
28
23
18
10
399
261
488
471
11
14
8
8
10
147
143
124
113
107
111
99
78
67
36
34
33
21
20
353
326
309
287
689
15
10
149
129
124
107
104
101
92
91
77
76
60
55
52
42
48
38
33
283
713
24
23
20
155
116
103
96
88
78
80
80
71
74
65
71
66
43
39
11
411
254
22
21
231
228
220
200
154
139
130
108
103
76
65
67
42
8
8
8
338
323
313
595
30
211
214
186
107
106
83
69
69
40
38
35
36
35
34
19
23
6
280
267
511
36
35
234
230
230
201
154
142
142
138
130
114
88
80
78
70
58
49
39
22
41
36
239
235
230
188
184
153
132
129
117
118
91
74
63
58
51
33
23
14
14
6
456
399
291
532
46
46
42
224
216
179
142
142
108
90
90
84
82
61
57
55
28
25
20
393
269
229
217
216
187
171
125
109
89
77
72
73
63
61
59
63
55
30
25
6
6
428
350
309
675
59
194
171
172
156
147
132
106
107
93
93
83
65
66
46
38
35
11
15
6
421
350
893
632
552
552
61
61
59
226
224
210
173
163
149
140
100
69
38
12
367
310
64
65
257
237
223
141
140
132
120
108
102
97
91
78
72
57
45
40
31
21
331
72
194
191
188
164
99
93
75
63
53
49
46
29
32
25
24
23
15
6
7
6
413
338
338
847
583
551
73
249
239
231
178
175
155
152
142
133
126
114
97
61
48
23
21
425
325
324
81
84
240
214
166
155
154
148
148
147
120
118
98
89
57
56
31
26
577
81
277
246
198
177
151
137
131
101
89
74
61
47
38
31
31
30
24
29
17
17
6
352
329
618
569
274
253
227
202
167
142
113
102
94
74
46
44
20
18
19
7
6
428
96
96
312
247
228
196
172
171
168
171
143
104
104
88
86
75
70
41
39
29
12
11
504
414
390
360
358
236
196
188
176
167
164
138
110
104
66
56
53
30
29
30
15
8
8
11
512
403
106
105
323
297
295
254
238
186
178
142
144
132
83
85
68
58
44
29
32
27
406
108
108
199
162
148
141
137
120
85
65
56
39
34
27
25
29
25
15
15
15
7
349
634
115
333
305
289
285
279
246
207
195
186
176
158
142
106
95
94
59
46
49
15
15
794
325
315
281
281
262
253
234
228
203
206
192
154
146
125
128
106
73
50
24
15
14
10
388
384
382
289
275
249
243
239
232
198
163
139
117
119
100
84
71
71
71
61
57
22
11
332
312
303
296
264
236
216
169
165
150
141
138
121
114
97
56
35
33
7
9
500
439
394
663
285
264
249
242
218
212
208
198
180
139
140
98
79
71
59
50
56
42
41
142
277
237
200
195
206
132
124
120
106
108
99
86
86
74
71
69
55
59
40
37
13
10
557
456
430
390
741
145
262
221
199
183
179
163
157
99
91
84
52
20
24
10
9
6
530
523
439
386
153
264
247
227
225
205
195
188
168
168
157
103
103
60
49
31
451
385
369
334
313
267
166
159
144
131
120
124
107
108
95
94
89
82
74
52
43
22
8
315
297
239
215
197
143
137
113
96
103
90
87
70
61
42
42
34
37
27
23
9
10
551
512
167
165
349
251
217
216
203
202
183
148
99
94
47
48
39
28
11
443
246
246
231
224
209
209
196
183
158
148
127
120
114
104
62
58
47
27
17
9
8
395
215
214
214
198
192
179
167
121
108
107
96
83
80
80
72
73
27
27
26
25
14
181
296
253
232
231
213
192
164
156
137
114
114
103
101
91
85
78
72
70
70
39
29
18
590
481
416
186
183
183
411
359
356
281
246
212
189
100
86
92
82
67
52
56
47
36
23
14
6
528
186
185
257
235
235
156
124
119
88
87
74
57
53
37
35
24
13
9
474
197
334
329
308
247
241
223
219
200
199
148
146
141
129
119
109
94
77
64
65
19
16
501
477
204
252
209
189
180
151
146
130
108
112
101
82
84
61
65
61
52
48
43
32
32
7
450
432
400
342
308
265
258
224
168
179
119
87
72
69
43
44
30
26
26
15
14
9
647
512
512
500
306
239
218
186
172
172
153
146
142
141
144
140
111
61
35
15
7
694
211
434
348
321
324
300
295
193
181
170
142
139
84
72
64
48
49
34
18
6
887
221
426
395
365
340
214
203
197
173
172
166
149
137
134
82
42
45
35
13
13
465
354
258
260
234
187
168
144
147
92
96
92
76
54
50
38
39
30
33
30
21
9
228
371
341
342
302
270
239
222
205
186
139
128
112
104
99
87
89
58
55
49
49
45
48
38
18
480
356
296
247
218
208
201
169
143
140
134
102
96
87
65
60
60
54
32
22
13
12
7
9
471
458
454
382
377
364
341
307
291
266
233
223
226
165
144
137
100
65
45
48
35
34
24
