9
9
7
7
8
8
7
7
6
7
6
6
10
10
6
6
6
6
6
6
6
6
10
10
8
10
8
8
7
6
6
6
6
9
8
7
7
6
9
7
6
7
6
9
9
9
6
7
8
7
6
10
10
10
10
10
10
10
9
7
7
7
10
7
10
8
7
10
10
10
10
10
10
10
10
10
8
8
8
10
10
10
8
6
8
8
7
8
8
6
10
8
9
8
8
8
8
7
6
6
10
7
8
6
7
6
10
9
9
9
8
8
8
6
8
8
8
8
7
10
9
6
7
8
7
10
9
8
9
9
9
10
9
9
9
9
8
8
9
9
9
9
9
8
12
10
9
9
10
10
14
15
14
14
10
10
10
10
10
10
10
10
10
10
10
10
10
10
10
10
10
10
10
10
10
6
14
15
9
7
6
7
6
7
8
7
9
7
9
7
7
7
7
8
7
7
7
9
9
9
9
8
9
8
9
9
10
9
9
8
6
6
7
6
8
6
6
8
7
7
6
6
6
6
6
6
6
10
10
6
6
10
10
9
9
10
9
7
7
6
10
6
6
7
8
9
8
11
8
8
8
7
8
8
9
11
8
8
6
6
12
15
12
11
15
14
12
13
13
12
9
8
9
10
7
10
9
7
8
7
11
9
8
9
17
17
21
18
10
14
7
10
14
10
10
14
10
29
21
22
7
7
7
7
23
15
15
15
18
15
12
12
12
12
9
10
9
12
10
8
8
9
8
9
10
6
7
6
6
7
8
7
9
10
10
9
10
8
8
7
10
10
7
7
7
7
7
7
7
9
9
10
9
9
9
6
9
10
9
9
11
7
9
9
9
9
6
8
6
10
10
10
9
6
10
10
10
8
6
6
6
6
6
6
9
10
9
8
9
6
6
9
6
9
8
6
6
6
6
7
9
11
11
11
8
8
8
7
10
9
10
8
8
8
11
11
14
14
11
14
14
11
11
9
9
10
10
12
15
10
9
16
15
15
14
19
19
19
16
20
19
8
8
8
8
21
7
7
8
8
7
6
10
8
7
6
10
7
9
7
6
7
9
9
8
9
8
9
20
26
7
10
7
7
7
7
12
13
10
14
15
14
10
10
10
9
9
9
7
10
8
9
9
9
8
7
8
10
9
9
9
10
9
9
8
9
6
8
8
6
9
8
9
7
8
9
10
10
10
10
10
7
7
7
9
8
8
8
8
7
8
10
10
8
8
8
8
8
7
7
7
7
7
13
12
13
13
13
7
7
12
7
7
12
6
7
10
7
7
7
7
10
8
7
7
10
7
9
9
9
9
9
9
8
7
7
7
7
7
6
8
10
10
9
9
7
7
9
10
10
9
9
9
7
7
10
9
9
8
8
9
7
6
6
10
9
9
9
9
9
6
8
9
9
9
6
9
10
8
9
9
10
9
6
10
10
10
8
7
7
9
6
8
8
9
8
8
6
6
7
8
9
6
6
6
6
10
7
6
7
10
10
10
6
7
9
7
6
6
6
6
6
8
8
8
8
8
8
8
7
10
7
6
7
9
8
6
6
6
6
6
9
9
9
10
9
11
9
6
13
13
11
11
11
6
7
7
6
9
6
7
7
6
7
7
7
7
7
7
6
10
7
7
7
6
6
6
8
8
7
7
7
10
8
8
7
7
6
8
8
8
7
8
8
9
8
7
8
8
8
7
10
10
10
10
13
10
9
10
10
10
10
8
8
10
10
10
10
9
8
10
10
9
10
8
10
8
10
9
8
10
8
10
8
10
10
10
10
6
7
7
6
7
6
6
9
9
7
9
12
8
10
6
9
9
6
9
10
12
9
12
8
8
8
7
7
8
9
7
8
7
6
7
7
7
10
10
9
10
7
10
10
6
10
6
10
8
8
10
6
8
7
10
7
7
7
10
10
9
9
7
7
9
7
9
9
9
7
9
10
10
10
10
9
9
10
10
9
6
9
14
14
6
6
7
6
14
9
8
10
15
14
14
10
10
10
10
10
10
10
10
10
10
10
10
10
10
10
7
10
10
10
9
7
7
7
7
9
7
7
7
8
10
6
10
10
10
10
10
10
8
8
10
10
6
7
7
7
6
7
9
9
6
6
9
10
10
9
8
6
9
10
9
7
7
9
9
7
10
9
9
9
9
10
9
7
7
7
7
7
6
7
7
7
7
15
10
10
9
10
9
9
9
9
8
9
9
8
10
9
9
9
9
9
9
9
9
10
6
7
7
8
6
6
6
8
6
6
8
8
6
8
10
8
8
6
8
9
9
8
7
8
10
10
9
9
9
9
6
9
8
10
9
8
8
8
8
10
6
6
6
