8
10
10
10
10
10
9
10
10
10
10
10
7
7
7
6
6
10
10
10
10
10
15
13
15
15
13
15
10
7
6
9
6
9
6
10
10
10
7
10
9
7
7
8
8
9
10
10
9
8
9
9
8
8
7
7
6
7
6
6
14
13
13
14
13
11
7
9
11
8
12
9
9
9
11
9
9
11
9
9
9
9
9
9
9
9
9
9
10
14
10
8
6
8
6
6
6
6
6
6
6
6
8
6
23
6
13
9
10
9
9
9
9
9
6
9
6
6
9
6
6
6
6
6
6
6
6
6
9
8
9
9
9
8
8
7
7
9
9
9
9
9
9
8
9
7
7
6
14
14
13
13
13
13
14
14
12
9
8
6
9
9
7
7
7
6
6
6
9
8
7
9
8
9
8
8
9
8
9
8
8
9
8
8
6
6
6
7
6
6
7
6
13
13
14
13
9
6
7
6
9
6
6
6
9
9
9
9
8
7
7
10
10
9
9
8
9
10
8
7
6
6
6
6
7
6
7
6
7
6
6
7
7
7
6
7
6
6
6
9
9
9
8
9
9
9
9
7
7
6
6
6
6
14
14
7
11
11
11
7
7
7
7
7
6
7
11
6
11
11
6
6
6
11
6
6
19
10
10
10
10
12
10
10
10
7
8
10
10
10
10
7
9
6
9
9
9
9
9
7
7
9
7
9
7
7
7
9
7
7
7
7
7
7
7
8
8
7
8
8
8
9
8
8
7
6
8
6
10
10
10
10
9
9
8
8
8
8
10
8
8
8
8
8
8
8
13
14
10
6
6
7
7
6
7
6
7
15
10
6
10
8
8
8
9
9
9
9
8
8
6
8
8
9
9
9
9
10
10
9
9
10
9
8
8
7
8
8
8
8
7
8
8
7
8
10
9
10
10
10
9
9
9
8
10
10
10
6
6
7
7
6
7
8
8
8
7
7
6
14
14
14
14
12
10
10
11
12
11
11
13
10
13
13
8
6
7
7
7
9
6
16
17
15
11
10
10
10
10
12
10
12
12
8
7
10
10
10
10
10
8
6
10
16
13
11
10
10
10
10
7
6
7
8
9
7
8
6
6
7
7
6
9
6
30
30
25
25
22
22
23
16
15
20
18
11
12
11
12
11
6
11
9
10
9
9
31
32
26
25
25
25
25
28
25
20
25
20
19
16
17
14
15
10
16
9
8
8
39
30
30
24
23
19
19
19
19
21
19
9
13
9
8
7
7
9
9
9
9
9
39
35
37
35
36
33
28
27
27
29
24
24
21
23
24
24
24
14
15
14
12
10
11
8
46
40
40
35
35
40
40
33
24
30
30
20
19
17
19
23
15
13
8
10
9
6
8
6
8
37
37
36
38
34
34
34
22
23
24
15
8
15
10
10
10
8
6
6
6
10
50
41
39
29
25
9
9
9
9
9
9
9
8
8
8
16
9
6
6
6
6
14
7
7
7
7
7
7
7
10
6
7
8
7
7
7
9
8
9
9
7
7
7
9
8
9
8
7
7
10
10
8
7
7
6
6
8
8
10
7
10
10
10
10
10
10
10
10
10
10
15
10
10
10
15
15
15
15
15
15
14
9
9
9
9
10
9
7
9
9
9
8
6
9
20
7
8
7
7
8
8
8
7
7
7
7
7
8
8
7
14
7
7
7
6
6
7
7
7
7
7
6
6
6
7
7
7
9
7
7
7
7
7
6
7
10
6
6
13
12
15
14
14
11
11
11
12
14
7
7
11
10
6
9
7
8
8
10
10
8
8
10
10
8
10
10
8
7
7
6
10
9
8
7
10
10
10
10
6
6
6
7
6
8
7
7
10
8
7
8
9
9
8
7
7
6
6
7
6
10
11
10
9
9
9
10
8
15
14
11
8
6
7
6
10
10
9
9
10
10
9
10
10
9
9
9
9
9
9
10
10
10
10
8
7
7
7
7
15
14
15
14
14
14
15
13
6
7
7
6
7
10
12
8
13
8
7
20
20
17
9
13
10
9
9
19
12
9
9
8
8
10
10
9
8
7
7
8
7
7
6
6
6
6
6
7
6
6
6
6
9
9
9
8
8
7
9
9
7
7
7
8
9
9
7
9
7
7
9
9
9
9
7
7
9
7
7
7
6
7
7
6
9
8
8
8
9
9
9
9
9
9
9
9
9
6
7
7
7
7
6
7
6
6
6
13
14
14
9
9
8
12
8
9
8
8
9
12
9
8
12
10
12
8
8
7
7
12
10
10
8
7
7
7
8
7
10
7
7
7
7
10
10
10
