10
10
10
10
10
10
6
10
6
9
6
6
9
6
6
9
6
8
8
6
6
7
7
7
7
7
7
15
10
10
7
7
10
8
10
10
10
10
8
8
7
7
7
7
8
7
9
8
8
7
9
9
9
7
7
8
9
7
10
8
20
14
15
12
15
9
10
9
9
9
9
10
7
7
7
7
7
7
9
7
7
9
7
7
7
18
10
7
6
6
6
6
6
9
6
6
22
10
10
10
8
7
8
8
10
8
7
7
7
7
7
7
7
7
6
6
8
6
9
6
6
9
8
9
8
8
8
9
9
6
6
6
10
10
10
13
9
10
7
7
7
7
7
6
7
7
7
7
7
10
7
9
8
8
8
9
9
8
9
8
9
9
9
9
9
9
6
6
6
6
6
6
6
6
12
14
14
14
7
7
10
11
10
7
7
8
9
8
8
10
8
8
9
9
9
8
8
8
8
8
8
8
8
8
6
9
8
9
9
9
8
9
9
6
8
9
10
9
9
9
7
7
7
10
7
8
7
6
9
6
6
6
10
10
8
8
6
10
10
8
6
8
8
6
9
8
6
6
6
10
10
8
10
10
7
8
10
6
6
6
10
6
10
7
8
10
10
8
7
7
6
8
7
7
7
7
6
9
6
8
6
10
7
6
7
8
6
10
7
7
9
6
10
10
10
10
10
10
7
6
7
9
7
7
10
9
9
10
10
10
10
10
10
10
8
8
7
8
7
6
8
7
8
7
7
6
7
20
14
15
15
12
11
12
10
9
9
9
6
9
7
9
7
18
18
20
18
18
17
14
18
14
9
8
12
13
11
14
13
12
12
12
9
8
8
25
20
21
22
17
19
15
15
13
13
10
10
10
10
10
10
10
10
8
8
10
26
20
19
18
17
15
18
18
10
6
6
6
7
9
7
10
7
6
9
7
7
7
10
35
29
32
33
25
23
26
16
20
20
14
13
14
12
15
12
12
6
10
10
7
39
36
28
25
23
17
20
17
7
6
15
7
7
15
10
15
10
10
7
6
6
6
6
43
42
37
36
35
30
30
21
20
26
12
11
15
20
20
16
12
9
8
8
10
9
11
9
10
10
10
9
10
10
9
9
10
10
10
9
6
7
6
7
9
6
6
7
7
43
34
19
20
15
14
14
15
11
11
11
14
12
11
10
8
8
7
9
7
7
11
10
10
60
52
45
45
45
45
40
26
30
27
24
19
20
19
19
16
11
12
6
9
11
6
42
40
31
24
25
25
25
24
22
21
21
16
20
17
19
17
17
17
6
10
16
14
10
8
58
48
45
36
36
32
29
30
29
27
26
23
22
13
15
9
9
7
6
6
6
9
7
35
35
34
35
34
26
30
24
17
20
18
18
10
8
8
8
11
6
7
6
6
6
55
53
47
46
46
40
40
39
36
36
36
35
35
32
33
32
32
22
15
18
11
6
11
45
44
38
28
30
34
27
28
32
26
22
22
18
7
10
9
7
10
8
16
8
6
6
50
37
35
33
25
26
23
31
26
23
21
12
15
12
21
10
8
10
11
10
10
8
11
92
55
55
54
51
47
42
36
28
26
27
26
17
19
9
16
7
11
7
7
15
6
15
7
96
70
60
60
66
56
49
46
51
36
33
24
20
20
12
19
20
19
10
10
7
8
7
72
64
64
61
46
31
26
25
17
17
8
8
7
8
8
15
15
10
7
13
70
64
43
40
23
12
10
12
12
10
10
10
10
7
6
7
6
10
8
10
10
36
17
15
17
19
17
20
10
10
10
10
10
9
7
9
10
7
7
6
7
7
6
6
7
41
24
15
15
14
14
15
14
12
12
11
12
10
12
12
7
7
7
6
20
20
20
20
20
20
20
17
19
17
17
17
12
16
17
17
6
7
7
7
6
12
12
10
53
34
25
24
22
25
22
25
24
22
21
10
10
12
10
11
13
12
10
7
9
9
91
68
58
30
30
29
30
29
26
27
15
15
17
6
6
6
6
9
6
6
6
14
6
35
35
34
33
35
31
27
32
27
32
23
22
20
26
27
22
10
11
10
10
19
10
9
10
50
48
40
39
37
27
32
32
15
15
15
16
15
23
10
10
8
10
10
10
8
45
45
21
20
13
13
18
17
10
9
9
9
15
9
6
9
9
9
9
9
6
8
9
50
50
25
25
18
18
14
14
9
13
14
9
8
11
14
14
13
14
14
8
6
6
52
30
30
37
20
19
19
19
19
9
9
8
8
8
9
6
6
6
8
6
60
60
57
60
56
24
24
18
14
14
13
7
7
11
10
9
9
11
7
7
