7
9
9
9
10
10
10
10
10
9
10
10
10
10
9
9
10
8
9
7
7
6
15
15
8
7
8
8
10
8
7
7
9
8
10
9
6
6
9
9
7
10
7
6
6
6
9
6
10
10
10
10
15
9
9
6
8
6
6
8
6
6
6
6
8
10
6
9
9
8
15
15
11
15
14
11
13
11
11
9
13
13
7
14
15
10
10
9
7
9
8
7
8
8
7
7
9
6
9
6
9
9
9
9
7
9
6
6
6
6
9
9
9
6
6
8
8
8
8
8
8
8
8
7
7
7
6
9
8
8
8
6
9
9
9
9
8
8
9
9
9
9
8
9
9
9
8
9
6
6
13
14
14
11
6
11
8
8
6
10
10
8
8
7
6
8
7
7
7
8
7
10
7
7
8
10
10
7
7
10
8
8
7
7
7
6
7
6
6
13
10
8
8
10
7
6
6
8
8
6
8
10
8
10
10
10
10
10
10
10
9
9
10
9
8
7
7
6
8
6
6
8
6
10
7
6
6
6
6
10
10
10
10
8
8
10
8
10
10
8
8
8
8
8
8
6
11
13
9
10
9
9
9
9
10
10
9
9
10
9
10
9
9
8
8
8
8
7
9
9
9
9
9
9
8
9
8
8
7
7
7
7
7
7
7
7
14
6
6
9
6
6
6
12
6
6
6
6
12
10
9
9
8
9
9
9
9
9
9
9
9
7
7
6
7
6
7
6
6
7
10
7
10
8
10
10
10
10
9
9
10
9
8
10
9
10
9
7
9
10
10
10
10
9
9
10
9
10
7
7
10
6
8
6
8
10
8
8
7
7
10
8
10
8
9
10
8
8
8
6
6
8
10
10
10
6
7
7
8
8
7
8
10
7
6
7
7
7
7
6
8
8
8
9
8
7
7
6
8
8
8
8
8
12
8
8
8
6
6
6
6
6
6
6
8
8
8
8
9
8
10
8
7
8
8
7
7
10
7
7
7
7
10
6
6
8
9
7
7
8
8
6
6
6
6
9
7
6
14
14
6
6
6
6
6
6
6
13
14
13
13
16
11
12
11
17
11
7
6
11
11
11
10
8
8
8
6
8
10
20
18
20
17
21
16
24
11
16
10
10
16
7
7
8
7
7
10
9
8
7
6
7
6
26
23
15
15
20
18
13
15
14
12
11
7
8
7
9
7
10
7
7
10
7
8
7
8
6
32
32
26
26
19
19
20
17
20
19
15
13
12
12
12
12
9
6
9
8
6
22
22
22
22
17
17
17
17
10
10
6
6
6
6
10
6
6
6
6
6
7
38
37
36
26
28
30
22
26
22
22
8
11
15
12
10
8
8
10
8
8
11
11
6
48
31
33
33
30
30
30
30
16
10
8
10
10
8
7
7
7
10
9
9
8
7
9
10
7
9
10
9
10
9
10
8
8
8
8
8
8
10
10
8
8
7
7
7
8
6
6
6
6
9
6
10
6
10
10
6
10
6
8
6
6
6
8
8
8
10
7
7
6
7
8
6
6
6
6
12
8
8
9
9
8
8
9
8
8
8
9
7
9
9
8
8
6
6
9
8
6
9
8
10
13
13
10
10
9
8
7
9
8
7
7
8
7
7
8
7
7
7
6
7
10
12
10
10
9
9
10
9
9
9
10
10
9
9
9
8
7
7
9
6
8
6
9
6
9
6
15
19
9
9
9
9
8
10
8
7
9
7
7
7
6
7
7
7
7
19
14
14
12
13
13
14
14
13
14
14
9
8
7
6
10
12
6
8
9
8
6
8
10
10
10
9
10
10
10
10
10
8
8
8
6
7
6
8
6
7
7
6
9
9
7
6
6
8
7
8
7
8
7
7
6
8
6
9
7
7
6
10
10
15
11
15
6
6
8
7
9
10
9
9
8
9
10
10
10
10
10
10
10
9
9
8
10
8
8
6
8
8
6
8
7
7
7
8
15
15
15
15
15
15
14
13
15
9
6
11
11
11
6
13
6
11
7
7
6
13
9
8
8
12
9
8
10
11
10
9
7
6
6
7
6
8
6
8
7
7
8
6
9
9
7
7
7
7
6
6
9
10
9
9
10
9
9
7
7
7
7
6
7
10
10
10
7
10
7
10
7
7
7
10
10
7
10
10
10
9
7
10
7
7
7
7
7
10
7
10
7
10
7
6
7
6
14
9
9
9
9
9
8
9
10
9
8
8
9
8
10
9
9
8
7
10
10
9
9
9
10
10
10
9
9
9
6
6
6
6
8
6
8
9
6
8
8
8
8
9
6
8
6
8
6
6
8
6
9
8
