8
6
9
9
10
9
6
10
9
9
10
9
10
6
8
8
6
9
6
6
6
6
8
10
10
10
10
10
10
9
9
9
8
7
7
7
9
7
7
6
7
7
9
6
7
7
7
7
10
6
9
6
6
6
9
9
9
6
6
6
10
9
9
9
9
9
9
9
9
9
9
9
6
9
9
9
9
9
9
9
9
9
7
14
9
9
14
9
9
9
9
9
14
14
14
14
8
9
9
9
9
9
9
9
7
8
8
8
6
6
8
6
6
6
6
8
8
8
8
8
8
7
6
8
8
6
13
15
13
13
15
13
15
11
11
9
8
9
6
11
9
9
9
9
9
8
7
9
20
18
18
20
20
20
18
18
18
16
18
18
14
15
9
14
14
9
16
9
9
9
6
6
6
23
23
23
23
23
21
14
18
14
19
7
10
9
9
9
8
8
7
11
11
9
9
10
8
28
26
23
23
19
14
15
12
13
12
12
16
14
14
14
12
10
9
9
12
9
10
9
9
9
8
9
8
12
6
6
6
6
6
6
33
30
17
17
21
13
11
9
9
9
9
9
9
10
9
8
7
6
7
7
7
6
38
34
24
22
20
14
16
14
14
16
14
14
14
8
7
7
12
7
8
7
10
12
10
43
43
29
31
24
19
18
46
34
32
34
7
7
9
10
6
8
7
10
10
8
6
6
6
6
32
35
29
30
24
22
20
23
21
22
23
51
12
12
15
13
15
15
15
15
29
29
29
22
27
44
18
17
20
18
20
10
14
11
10
10
13
6
9
8
6
6
6
25
22
22
25
15
15
20
20
19
15
6
14
11
11
8
14
6
6
6
6
6
6
41
36
64
27
26
22
20
26
23
25
13
11
16
16
16
16
16
18
12
8
6
11
11
60
58
35
35
28
28
29
25
19
8
13
10
7
6
6
6
6
6
6
6
6
48
37
33
22
26
30
15
13
12
13
16
17
15
10
11
9
8
10
8
8
10
7
11
8
67
54
51
51
69
45
35
31
32
29
21
26
10
10
8
16
6
13
15
12
6
6
6
6
6
56
31
28
19
8
9
9
8
7
9
7
9
7
9
7
8
7
8
11
7
7
6
6
62
52
20
16
14
13
14
12
14
9
7
7
7
7
7
10
9
7
10
11
7
9
7
69
69
49
49
46
46
33
35
35
39
25
19
18
7
12
12
6
16
6
12
17
6
6
6
40
24
11
8
8
8
10
7
7
8
10
10
10
10
7
6
6
7
6
7
6
6
61
60
31
28
17
13
15
14
14
9
9
9
11
10
11
11
12
11
11
10
7
6
68
39
32
27
18
17
20
19
19
19
14
17
17
16
16
12
7
7
7
6
9
8
9
25
24
21
10
13
13
14
11
9
7
7
6
10
6
6
6
7
10
6
10
7
7
30
15
20
17
11
11
11
10
6
10
10
10
6
10
10
6
6
8
9
8
6
6
6
80
35
20
22
21
26
24
19
16
16
16
19
19
9
14
11
14
11
14
8
6
8
8
47
41
39
36
26
27
29
22
21
25
24
19
18
20
15
15
10
7
10
8
10
11
8
9
48
44
41
41
36
21
9
9
8
8
8
9
10
13
11
6
6
7
7
45
46
35
39
39
36
14
18
15
15
6
12
12
6
12
6
6
6
6
6
6
6
6
6
68
55
36
19
22
20
17
14
8
10
6
8
11
6
8
11
9
7
11
6
6
6
6
76
36
24
24
22
16
23
20
16
17
16
11
16
13
6
11
11
9
9
11
10
11
11
9
50
46
41
24
21
21
17
18
8
8
8
8
16
14
11
10
8
8
8
8
6
54
34
26
26
26
22
26
21
13
21
21
16
13
10
8
8
8
13
10
8
6
10
6
105
74
53
55
31
18
20
15
17
18
16
18
13
17
18
15
7
6
9
7
6
7
7
6
74
60
41
36
36
23
25
23
20
18
23
16
8
11
10
8
12
12
8
8
6
6
6
6
79
40
37
36
28
25
25
12
12
11
11
20
12
8
8
8
8
8
7
10
7
8
48
16
22
19
13
10
10
10
10
10
10
10
10
10
13
10
10
7
10
10
10
80
57
48
38
35
21
28
18
15
15
7
7
7
7
7
7
7
10
15
14
14
7
45
12
12
9
9
10
9
10
10
9
11
10
10
9
9
10
9
9
7
6
6
6
6
31
31
17
17
13
14
17
17
15
15
14
10
7
9
8
11
11
10
11
10
10
11
10
79
70
37
36
32
30
33
29
27
22
30
20
19
12
17
9
9
9
9
15
6
6
