9
9
8
7
8
7
7
7
7
6
6
6
10
10
7
7
7
6
6
7
7
7
7
6
7
8
7
9
9
9
6
6
6
6
6
7
6
7
6
6
6
7
6
6
6
6
10
10
10
10
10
10
10
10
10
10
10
9
9
10
9
7
7
7
7
7
7
7
15
14
10
10
9
8
12
10
8
9
8
7
7
12
13
10
9
9
8
7
8
11
17
10
13
9
9
9
8
8
9
9
8
6
9
8
8
6
6
8
8
7
6
10
10
7
10
10
10
8
10
10
9
9
7
8
8
7
7
7
6
7
6
7
7
7
6
7
7
6
6
7
7
7
13
12
12
10
9
12
9
10
10
8
9
8
9
9
9
9
9
9
9
9
6
9
8
9
9
9
9
9
9
9
9
9
9
9
10
9
8
14
10
8
8
10
9
8
8
8
10
8
8
8
8
14
7
6
7
8
8
7
8
10
7
10
9
8
10
10
8
7
9
10
9
9
10
9
8
6
6
6
7
6
6
7
6
6
6
7
7
7
13
10
10
7
10
10
7
7
10
10
10
10
7
9
11
12
11
12
10
12
10
17
17
20
17
20
17
15
15
15
15
15
6
6
6
6
6
6
14
16
15
15
15
13
18
20
20
20
20
9
7
7
7
9
9
7
11
7
9
13
20
20
21
20
30
25
25
12
14
14
14
12
16
12
9
6
7
6
6
6
6
6
8
24
25
33
8
6
6
8
28
30
14
19
8
8
11
9
8
11
14
10
10
8
29
38
7
6
11
7
6
13
7
6
11
6
6
7
24
28
26
16
15
13
35
8
8
8
8
8
11
14
11
16
40
40
39
27
29
22
22
23
24
18
11
11
13
13
13
13
12
21
15
43
32
24
23
26
25
8
10
11
11
9
8
7
18
18
18
18
18
17
26
18
28
9
9
12
13
14
8
8
8
6
7
6
7
7
7
6
6
63
22
22
21
23
23
26
31
27
26
26
29
25
39
12
14
21
17
13
9
10
11
11
10
27
28
28
28
31
41
18
24
22
26
25
18
12
14
9
9
9
8
9
8
7
7
8
33
33
40
36
31
31
23
19
15
20
14
10
10
8
9
10
10
7
6
14
10
38
27
34
22
22
10
13
14
10
9
9
9
9
9
9
9
9
9
8
9
9
9
9
9
46
53
27
31
25
24
24
24
18
24
18
23
19
14
10
10
14
9
14
14
6
7
7
77
48
45
32
29
34
21
19
19
19
15
19
13
13
15
19
6
10
10
7
7
7
10
53
35
39
24
20
24
15
9
15
10
15
9
9
9
10
8
8
8
10
8
7
7
6
7
46
34
29
17
14
15
13
6
10
10
6
10
6
7
8
8
7
6
9
10
10
7
9
34
18
11
10
15
10
12
11
6
9
7
7
10
9
6
8
7
7
7
8
8
10
6
25
19
18
20
16
17
20
16
8
11
8
9
11
11
11
11
10
11
9
9
7
6
28
17
20
10
10
10
10
10
10
10
10
10
10
10
10
10
10
10
10
8
7
10
35
21
19
15
15
15
15
15
15
10
15
10
10
9
9
10
10
9
9
10
9
6
6
45
23
20
20
20
20
20
20
20
6
6
14
15
10
15
9
7
7
7
8
11
25
10
9
9
15
20
20
13
15
6
6
9
6
6
8
9
6
6
8
9
8
47
30
18
11
10
8
14
8
10
13
8
12
14
11
14
8
14
13
7
7
7
23
16
12
16
16
19
7
10
10
10
10
7
7
10
10
10
8
8
10
7
9
8
6
7
7
11
11
10
10
10
10
10
10
11
13
10
8
8
6
10
10
9
9
10
9
8
10
6
9
9
10
8
8
9
10
9
8
9
9
6
8
8
8
10
7
9
6
6
6
8
6
6
6
8
6
8
8
10
8
13
10
10
10
10
10
10
8
8
8
6
10
10
10
10
10
10
10
10
10
10
10
10
10
10
10
8
8
8
8
8
8
6
8
8
7
8
8
10
9
9
9
10
8
9
13
13
13
13
13
13
9
9
9
9
7
7
13
13
9
9
9
7
9
9
7
14
14
7
8
7
7
7
7
7
6
9
8
10
6
6
6
9
9
10
7
6
9
9
9
9
10
8
8
9
8
6
6
6
6
6
6
8
6
6
8
6
6
6
14
15
14
14
10
13
10
9
11
11
11
10
11
10
10
10
6
6
6
6
6
6
6
18
15
14
18
16
16
15
9
12
10
8
8
10
7
8
8
9
10
10
9
9
9
10
10
9
8
8
8
7
6
7
7
7
6
6
7
7
6
6
7
7
6
