9
10
9
9
6
6
10
9
8
10
6
9
10
9
8
6
6
8
6
9
10
10
8
6
6
7
10
9
9
7
9
7
7
7
10
6
6
9
8
9
9
9
9
7
9
9
9
9
6
6
9
9
8
8
8
8
8
8
8
7
6
6
6
6
6
6
6
6
6
6
6
6
6
6
6
6
13
10
10
7
10
10
10
10
11
10
8
10
10
10
10
10
10
10
10
10
10
10
10
8
9
10
10
7
9
9
7
7
7
9
10
7
7
7
7
7
7
7
7
7
7
6
6
7
7
6
7
12
9
9
9
12
9
9
9
11
9
9
9
6
9
6
6
6
6
6
6
6
9
17
20
17
14
17
17
17
17
14
6
12
10
11
10
9
14
8
13
6
6
6
25
22
24
25
22
22
22
22
20
19
19
19
16
16
16
16
15
11
11
7
6
6
6
20
7
10
9
10
8
8
16
10
7
10
7
7
10
7
7
7
10
7
8
6
7
7
21
25
26
14
15
14
14
13
14
15
12
10
10
10
7
10
10
9
8
8
10
9
7
7
6
7
7
8
7
6
10
7
7
7
8
7
10
10
8
8
6
6
6
6
6
6
7
9
6
6
9
6
9
8
6
9
6
6
6
6
9
9
6
11
11
11
13
11
9
9
9
8
9
10
8
8
8
10
9
9
9
8
6
16
16
16
19
14
15
13
9
8
8
13
8
8
8
6
6
6
6
6
6
6
6
6
20
19
16
6
9
8
8
8
11
8
10
9
11
9
8
8
8
6
11
9
7
8
28
24
21
16
16
14
16
10
10
7
8
9
10
10
7
7
9
7
6
9
10
8
8
24
30
12
8
8
8
8
8
8
8
8
15
8
15
9
6
7
7
8
7
7
6
15
13
17
8
8
10
6
6
9
8
8
9
9
9
8
9
9
9
8
12
8
9
18
10
10
9
9
8
8
8
8
8
8
8
8
8
8
8
6
8
10
8
7
10
10
7
7
8
7
7
7
7
9
8
10
8
10
10
10
9
9
8
8
8
6
8
8
6
8
8
7
6
8
6
8
10
9
9
9
6
9
6
6
6
9
10
8
8
7
10
9
7
7
7
7
7
7
6
7
6
8
8
8
8
8
8
7
6
6
10
8
8
6
6
8
8
9
9
9
9
9
10
9
10
9
6
7
7
8
9
8
6
8
6
9
9
8
9
9
9
9
9
9
9
9
9
9
9
9
9
10
9
9
8
8
8
8
7
7
7
8
8
7
7
7
7
7
8
7
7
7
9
8
8
8
10
10
9
9
10
9
9
7
7
8
7
7
8
8
7
7
7
7
7
15
15
15
15
15
10
9
9
13
12
12
12
12
12
9
9
13
9
9
6
6
6
7
7
20
19
17
15
18
17
6
7
6
9
8
7
9
7
9
8
7
10
6
14
14
12
10
12
11
10
10
14
13
10
10
6
6
8
6
10
10
8
6
10
6
10
6
27
10
10
14
10
10
13
10
10
10
10
9
8
9
8
7
9
7
9
9
8
9
7
21
24
20
15
14
18
15
15
10
10
10
14
10
10
10
10
8
10
13
7
12
6
6
6
35
20
20
23
13
19
18
15
15
15
6
7
6
6
8
8
9
6
9
7
25
20
7
7
7
6
6
6
8
8
7
7
10
7
7
9
8
7
13
8
10
6
10
7
10
10
9
10
9
8
7
6
8
10
10
10
9
10
9
9
9
10
9
9
9
9
9
9
9
8
9
8
7
9
9
8
8
7
6
9
8
9
8
8
7
7
8
7
6
8
7
14
14
14
14
14
10
10
10
9
9
8
8
10
9
7
6
10
6
10
12
10
7
7
6
6
12
10
13
19
18
13
17
15
14
13
9
9
9
9
9
9
17
9
9
9
9
9
7
9
9
6
6
7
9
9
20
18
14
14
13
10
10
8
8
6
8
8
14
13
10
10
8
11
10
10
8
14
14
6
6
6
7
7
10
8
7
6
6
9
7
6
7
7
7
6
7
7
10
6
8
7
6
7
10
10
10
10
11
10
6
10
7
9
7
7
7
6
7
10
7
7
10
7
7
15
9
15
12
9
11
9
9
9
9
8
9
8
8
8
6
8
7
8
8
8
8
20
14
14
13
13
13
12
12
9
9
7
6
9
9
9
9
9
9
9
9
9
9
9
9
9
8
7
9
9
7
7
6
9
7
7
14
10
10
10
10
10
10
10
10
12
12
12
10
9
7
7
7
7
7
8
7
7
7
19
19
19
15
16
15
16
15
17
19
17
7
10
13
10
10
12
10
10
10
9
8
7
7
