148
72
122
112
6
10
8
8
14
8
9
6
6
6
6
8
26
32
24
24
34
34
34
77
10
13
19
12
19
8
6
8
8
7
37
29
29
29
27
25
25
23
105
63
43
43
103
22
16
25
21
13
11
13
13
40
34
34
30
110
64
54
54
8
6
6
8
8
108
100
21
17
18
18
39
65
6
7
6
8
8
7
10
8
14
8
148
101
92
29
23
23
50
50
44
44
68
68
16
17
16
7
9
10
10
10
9
10
9
8
100
27
27
27
49
48
85
73
63
68
8
6
22
18
18
23
8
15
15
10
10
14
8
44
32
48
69
7
8
8
8
7
7
8
8
6
6
6
6
21
22
26
15
13
40
38
65
97
69
12
13
13
14
11
6
11
11
10
6
26
31
33
33
25
18
18
45
46
43
42
68
18
18
12
11
16
38
23
29
24
24
23
23
23
8
9
10
8
8
195
50
59
47
50
26
22
15
15
21
16
21
34
28
28
28
10
15
14
13
7
57
74
28
27
31
28
21
26
20
40
35
33
19
15
20
16
18
13
9
10
9
9
8
10
9
60
33
33
33
26
31
40
42
21
18
14
14
15
10
10
9
6
7
6
6
80
38
35
36
6
6
6
7
8
6
6
6
8
25
29
26
19
11
12
11
13
11
9
137
68
90
9
9
54
13
11
11
11
11
9
11
11
9
9
30
35
29
33
17
16
16
14
114
7
10
10
6
14
10
9
48
46
46
16
36
29
29
30
22
23
21
20
93
141
16
12
12
10
13
13
13
14
10
10
7
7
7
52
53
20
41
43
29
27
25
85
83
18
12
7
9
6
12
9
8
7
12
58
54
56
56
67
39
40
36
32
31
34
30
88
88
24
22
14
18
17
14
9
6
9
8
9
55
61
45
39
38
37
36
101
93
28
29
15
15
15
9
7
14
14
10
10
14
14
6
82
77
34
58
45
44
41
41
44
20
27
20
14
12
19
20
17
14
6
8
8
6
7
6
78
41
41
41
55
47
47
35
38
33
29
25
19
23
17
24
14
12
12
12
11
11
7
6
10
78
47
63
60
59
58
51
116
200
45
44
37
37
29
21
18
16
18
18
18
17
17
16
9
9
9
51
49
68
64
57
49
39
42
43
29
27
31
29
22
23
6
9
20
17
9
21
9
9
20
7
6
56
69
61
53
28
27
27
28
11
7
7
7
8
8
8
7
7
7
6
6
7
7
83
69
67
125
58
42
31
28
12
12
12
13
9
12
12
9
6
12
12
9
9
6
6
6
6
66
38
21
19
17
12
17
13
13
12
17
16
10
10
8
11
8
11
9
11
11
8
6
8
82
65
54
43
26
26
37
27
22
22
22
22
16
21
13
10
14
7
8
7
107
81
6
75
34
31
18
15
14
12
14
95
11
8
8
10
9
10
8
11
7
64
56
53
39
37
37
36
36
32
21
17
17
13
12
13
15
13
14
13
11
6
6
7
58
58
37
37
41
37
37
37
36
25
104
18
18
18
21
10
9
8
15
8
8
13
10
7
7
46
43
35
27
27
22
13
19
22
8
8
8
8
8
8
12
8
8
12
6
6
48
47
44
39
34
34
32
30
21
20
18
20
15
17
17
13
13
13
13
6
92
52
41
38
37
34
36
34
23
26
23
15
8
15
8
15
13
7
7
7
8
7
7
98
64
61
48
41
113
39
29
32
31
33
27
13
18
13
9
12
10
13
10
10
10
6
13
8
69
61
50
46
44
41
35
42
32
29
28
28
28
21
21
18
18
23
22
25
10
16
18
18
71
68
6
48
36
37
25
30
23
23
23
23
16
22
23
10
13
6
12
14
11
10
7
8
9
9
7
7
7
53
45
44
46
42
30
35
28
30
27
28
20
16
18
19
17
16
72
65
131
8
13
8
8
15
6
10
12
59
60
44
44
48
40
37
31
26
25
22
22
67
10
14
10
10
10
10
9
8
8
6
6
6
8
6
8
8
8
6
38
43
74
15
22
20
15
24
13
13
13
8
8
10
7
9
9
6
8
9
8
8
69
47
40
32
20
27
29
18
12
10
9
13
10
9
7
6
8
8
8
8
8
7
8
8
8
7
7
40
36
9
9
9
9
9
7
7
10
10
10
10
10
10
10
10
10
10
10
10
10
10
9
6
14
6
10
6
8
6
10
10
8
10
10
10
10
9
6
6
7
15
15
15
10
8
17
10
10
9
19
7
7
7
7
7
6
6
7
7
6
6
7
20
10
10
10
10
10
10
10
10
10
10
9
9
10
7
9
9
9
9
8
7
8
9
15
9
10
10
10
8
8
8
10
9
8
8
10
10
8
6
8
7
7
7
6
7
20
20
20
20
14
14
16
19
10
10
11
10
8
7
6
6
6
6
7
7
6
7
7
6
19
19
15
14
15
13
13
13
11
9
12
11
9
11
10
10
6
9
10
6
6
30
23
25
22
20
23
20
18
18
18
17
18
16
17
13
13
7
8
8
7
11
7
7
9
25
25
21
16
7
8
8
7
8
8
7
7
7
8
7
7
7
7
7
6
6
40
39
30
30
22
13
12
12
13
12
17
6
9
6
6
12
6
9
9
6
9
7
10
10
10
7
9
7
7
7
9
10
9
10
6
7
38
33
35
24
18
11
17
13
11
9
9
9
9
9
9
9
9
9
9
9
7
7
6
7
8
7
6
7
7
8
14
15
11
12
10
9
9
9
9
8
8
11
10
8
8
7
6
8
6
14
14
14
13
10
9
12
9
11
12
10
9
10
7
6
7
6
7
8
6
6
19
18
18
14
17
16
15
18
8
6
8
7
7
8
9
8
6
6
6
6
6
6
6
30
29
24
29
23
23
24
22
20
18
13
11
18
18
14
9
8
9
9
8
9
9
34
47
26
27
23
16
16
16
19
23
10
9
9
9
8
7
9
9
9
9
8
14
34
29
32
10
10
19
19
10
9
10
10
9
10
9
8
10
9
10
9
8
8
7
7
24
17
15
15
15
14
8
6
10
6
13
11
6
10
8
6
6
6
6
6
6
6
6
6
6
32
19
19
13
13
11
15
11
11
11
11
10
10
10
10
8
8
10
8
7
8
8
8
7
7
6
6
46
25
35
24
25
25
24
18
18
16
16
16
15
16
13
10
13
8
8
9
8
12
9
8
9
9
8
7
6
6
29
28
28
20
21
19
18
13
13
14
13
13
17
16
11
7
7
6
9
9
6
8
9
11
9
7
7
34
26
26
28
23
18
23
19
11
54
39
39
33
36
30
31
10
9
7
8
9
9
9
9
7
9
11
11
10
23
27
24
24
18
17
17
21
21
44
44
44
37
35
16
16
6
14
9
8
15
14
14
10
6
28
29
28
28
31
23
26
24
26
26
22
58
43
43
45
40
12
15
12
15
8
8
10
33
27
76
55
46
46
43
17
17
16
16
24
10
10
10
10
8
9
14
9
10
7
6
39
58
15
13
15
14
15
17
7
7
7
7
8
7
13
11
13
13
11
9
10
8
42
20
20
19
18
10
10
10
10
14
10
17
10
9
10
10
9
9
9
9
9
7
23
23
18
13
13
15
14
13
14
15
14
6
10
7
7
7
7
7
6
6
6
6
6
7
48
68
28
28
29
24
22
24
19
19
17
20
19
20
19
19
12
15
11
9
12
7
11
16
9
68
27
29
28
24
14
7
6
6
7
8
9
8
7
6
7
9
7
9
7
44
44
28
29
12
13
10
14
12
14
12
9
6
10
7
6
6
10
9
9
6
7
63
42
19
15
19
10
10
11
10
10
12
10
10
8
6
6
6
10
10
6
6
6
48
48
40
38
25
29
35
22
24
22
19
16
11
11
11
15
11
11
12
8
9
8
9
8
25
20
16
20
16
16
16
9
9
13
15
6
7
6
9
9
8
8
9
8
6
6
49
41
41
32
14
14
14
20
11
14
13
10
9
9
10
7
6
7
6
6
8
7
8
54
54
36
39
30
30
25
19
18
15
14
14
9
12
9
8
7
7
7
8
6
6
6
40
36
31
31
25
24
28
24
24
23
21
24
19
20
21
19
19
14
17
17
17
9
9
9
45
40
26
21
14
14
14
10
10
10
10
10
10
6
6
6
8
6
6
6
6
8
10
8
8
8
8
8
49
37
35
34
29
24
19
15
15
13
15
15
11
11
13
8
15
13
11
8
7
7
7
52
46
39
35
35
34
20
20
19
24
16
16
18
18
6
6
12
9
7
8
62
56
51
41
43
40
38
32
29
33
27
25
21
9
9
8
7
11
6
117
23
23
23
49
49
46
39
37
34
28
34
26
26
26
26
14
14
6
12
10
28
22
23
19
19
19
85
61
54
54
49
49
51
49
49
50
49
42
30
19
11
15
8
17
8
8
10
6
7
6
7
33
66
59
59
53
54
44
47
38
37
13
21
20
10
9
11
9
10
10
6
33
29
75
64
68
59
55
55
59
49
30
30
30
18
18
22
18
16
14
16
16
7
9
11
43
76
69
69
65
58
54
49
35
23
19
7
16
13
9
45
48
46
43
42
83
74
74
71
74
69
55
55
51
50
39
38
36
27
27
28
24
15
11
19
18
10
10
10
7
55
51
51
95
69
67
64
59
43
43
46
40
27
25
17
22
24
17
10
9
9
15
10
12
9
8
57
53
47
49
80
72
38
38
31
38
38
31
29
15
14
18
13
6
65
63
57
111
88
86
81
76
70
66
66
52
43
12
10
9
10
9
8
9
9
9
6
9
9
6
66
69
63
98
88
74
53
44
46
45
47
32
34
30
14
14
14
11
11
12
9
68
64
108
94
89
80
78
76
64
50
44
35
32
29
29
27
22
22
20
19
19
19
7
10
10
10
66
73
85
68
69
58
47
36
40
24
13
18
11
11
10
15
8
7
7
7
7
7
8
83
74
71
45
38
29
27
29
26
26
29
19
15
10
13
12
13
9
10
82
121
113
65
51
44
44
30
28
22
21
16
16
18
8
7
14
8
8
8
8
6
6
6
7
96
85
85
66
52
52
49
40
38
30
30
24
22
13
13
13
13
13
6
8
8
8
92
116
101
91
78
83
72
71
65
71
38
38
26
28
30
26
28
18
18
24
10
9
7
98
106
72
48
43
40
38
31
33
32
18
18
14
14
14
14
14
10
12
10
10
103
123
119
67
70
57
64
48
42
44
48
35
22
20
19
17
12
12
11
9
9
9
9
9
104
146
128
124
95
33
39
25
24
24
24
22
18
21
9
9
9
9
8
8
9
6
6
6
6
7
6
6
6
6
7
108
74
77
60
55
36
36
36
36
27
29
29
29
19
15
14
11
9
11
124
114
11
10
8
8
9
9
8
7
103
79
85
69
60
59
51
35
28
28
24
24
21
19
16
14
14
16
16
14
9
9
10
117
92
74
68
61
49
48
48
54
39
39
35
9
6
8
19
19
17
19
18
124
122
65
63
59
53
51
51
51
44
38
36
41
39
26
24
24
26
12
9
24
130
84
78
82
84
67
56
56
47
47
39
34
29
31
163
18
10
8
9
29
29
29
26
28
29
115
90
93
57
54
54
52
44
39
185
174
159
15
23
15
15
10
12
12
34
36
34
34
33
30
33
116
80
74
60
66
56
49
41
148
173
20
12
40
39
40
37
35
100
90
64
65
62
57
61
24
32
20
19
19
19
12
16
6
9
10
11
9
39
98
69
61
59
59
52
202
186
36
36
33
17
27
25
17
27
11
14
8
10
7
7
49
47
155
100
72
56
56
44
22
24
33
29
16
16
21
12
16
8
15
13
12
7
97
77
65
61
61
163
194
46
39
24
26
14
14
18
17
19
18
9
9
8
10
9
13
10
59
120
70
66
51
53
33
29
29
23
22
22
23
14
11
12
16
7
9
9
6
9
64
64
66
66
64
134
127
115
98
96
96
92
87
69
54
47
26
24
18
20
14
9
112
111
94
94
94
76
76
44
31
26
9
9
12
17
9
15
7
6
6
6
6
76
70
74
114
114
100
93
97
80
68
57
44
36
35
28
24
20
12
10
11
11
10
80
79
102
65
65
47
46
49
49
49
38
43
38
38
18
18
18
16
12
118
116
99
97
217
76
51
55
48
24
30
34
21
10
9
21
7
9
9
7
7
7
59
48
46
43
46
37
34
18
18
26
12
12
8
8
8
6
7
6
6
6
7
6
133
104
101
101
79
80
72
78
64
60
53
49
47
34
42
42
19
19
19
13
9
9
162
122
122
121
69
63
55
28
36
18
24
18
9
14
7
7
10
9
9
9
7
7
13
6
6
106
100
198
127
111
72
54
41
32
40
23
20
20
20
14
9
10
8
11
6
6
109
116
81
82
80
62
34
17
21
16
14
14
14
14
12
10
10
12
9
10
8
9
9
84
84
72
53
47
33
33
33
33
30
30
31
23
28
24
18
18
16
17
16
17
16
17
7
119
57
55
38
44
38
35
34
34
24
23
24
22
22
8
10
10
8
8
7
7
124
170
133
7
10
9
94
83
85
63
40
40
41
40
32
39
39
34
35
30
26
27
24
17
18
150
15
10
10
16
10
10
7
7
62
62
52
53
33
34
28
28
27
18
18
17
18
216
15
15
17
13
15
13
15
15
15
7
7
126
104
49
50
49
37
37
34
33
28
26
23
22
162
25
21
20
24
17
20
20
20
14
58
55
58
49
49
43
43
39
39
34
30
29
29
27
28
204
29
25
25
23
25
17
17
17
82
67
63
54
47
47
46
44
44
6
10
6
10
6
30
28
26
19
22
15
124
101
85
56
51
52
41
41
37
14
7
11
9
9
7
7
150
33
25
20
29
87
60
56
55
52
43
45
45
12
16
12
7
8
12
12
12
6
37
78
78
67
64
52
47
21
19
18
16
7
7
10
10
10
7
10
7
7
7
7
7
45
37
37
119
80
70
67
65
67
55
22
25
26
20
20
15
15
16
10
10
10
8
12
7
55
50
50
47
49
50
42
70
60
58
27
30
28
27
20
20
17
17
9
6
6
9
12
59
55
59
47
47
129
78
81
75
64
35
27
31
24
20
19
9
9
9
6
9
9
60
52
52
95
80
69
36
37
37
30
29
30
25
27
22
16
14
22
9
13
9
6
57
56
87
44
42
33
36
30
21
14
16
14
10
10
12
10
10
9
12
6
6
6
74
164
156
87
46
40
40
35
34
34
26
25
24
24
24
19
21
12
12
7
6
11
10
67
63
67
64
113
110
94
82
56
51
52
42
24
24
21
20
18
18
15
15
16
7
8
80
80
78
72
115
115
104
57
50
50
49
50
43
47
42
27
25
14
13
13
13
8
219
326
59
57
47
48
44
34
39
27
26
26
22
15
15
11
9
7
6
6
15
6
90
90
125
119
110
103
67
65
57
39
39
34
23
14
11
10
6
6
10
9
9
9
81
153
118
105
60
44
44
44
35
36
36
26
28
25
25
17
16
23
21
16
14
12
14
98
122
72
77
77
68
69
71
45
40
40
33
33
29
26
28
26
19
12
10
10
8
9
12
6
103
199
86
54
46
43
38
38
31
34
35
17
15
15
9
9
8
7
7
136
120
92
87
64
72
60
59
60
55
50
30
29
24
15
20
8
8
9
7
12
7
7
120
78
77
64
60
45
46
48
34
19
27
13
17
12
12
14
17
8
8
6
10
12
12
9
235
118
118
110
164
101
98
97
85
77
65
65
50
48
33
39
41
19
19
13
10
9
9
138
102
92
74
74
70
63
65
56
58
49
38
38
45
30
35
33
31
24
22
14
21
9
130
198
153
109
101
97
86
72
72
60
49
50
34
29
9
8
8
8
8
12
6
6
84
80
68
56
34
37
34
28
32
26
26
32
22
14
8
9
8
8
8
8
8
6
8
8
164
159
102
86
70
45
33
37
13
13
13
11
13
13
13
9
8
9
8
9
8
9
9
65
26
27
21
21
18
19
18
18
18
18
18
13
14
14
7
11
6
6
6
6
8
12
142
264
117
99
91
83
60
48
52
31
31
23
24
24
24
23
23
23
23
23
19
6
9
153
89
89
88
85
72
59
31
29
29
28
28
28
26
21
6
6
7
7
14
7
122
104
94
93
84
79
38
34
33
30
33
29
22
23
21
21
20
20
20
8
8
7
186
121
110
95
84
63
60
38
38
38
38
34
35
28
24
9
9
9
9
6
7
171
194
141
113
67
55
59
46
46
43
43
43
42
40
33
31
14
14
14
12
11
8
231
108
101
74
49
48
47
36
25
35
27
35
23
19
12
10
13
11
8
7
9
8
7
134
128
126
90
74
58
69
63
51
52
49
41
28
24
24
19
13
14
9
8
7
162
155
119
96
82
79
62
59
58
58
55
47
33
31
23
23
14
14
15
9
10
193
182
139
114
92
81
64
63
58
59
51
41
38
38
34
32
32
29
28
28
25
20
14
15
157
140
116
115
73
68
64
64
37
37
33
33
28
28
28
28
27
23
16
19
20
8
145
120
112
80
73
73
73
62
63
60
44
33
34
25
30
21
10
10
13
9
7
6
7
102
94
91
79
79
57
56
50
51
49
49
34
35
25
15
15
14
14
12
11
8
12
177
149
91
86
83
80
79
59
54
47
43
43
23
20
19
17
20
9
8
6
6
7
8
207
288
119
84
80
67
59
54
53
50
43
41
40
35
28
25
18
17
21
9
12
7
6
200
91
93
89
80
71
65
49
40
32
33
27
18
14
14
14
15
13
6
6
6
6
192
158
146
129
98
90
92
72
70
46
45
40
35
24
19
19
19
17
11
11
11
7
11
7
7
200
67
69
68
65
60
57
54
43
40
34
28
24
21
16
12
10
12
7
120
108
103
97
94
87
79
79
72
69
63
51
50
42
39
36
29
26
29
21
6
8
344
151
139
119
114
103
101
85
78
78
73
69
70
72
63
50
40
38
34
29
34
29
25
20
8
245
143
136
134
119
118
118
90
84
84
80
74
65
52
55
51
48
52
48
31
19
22
7
7
139
123
118
112
83
84
83
84
60
63
59
57
48
44
44
36
23
21
20
23
17
7
6
6
161
126
123
123
117
100
99
99
94
76
70
65
65
53
49
40
41
39
35
23
23
23
12
8
133
128
129
104
104
98
85
73
70
63
67
46
54
51
54
42
14
14
16
14
10
13
138
128
113
97
75
71
59
59
48
38
38
47
27
26
26
21
18
14
6
9
132
85
83
85
85
80
80
32
22
9
10
9
9
10
10
10
9
6
9
6
8
127
113
103
100
97
100
82
78
81
82
71
71
69
71
62
44
46
32
28
20
24
15
11
9
256
146
113
112
87
76
66
66
41
33
29
33
25
32
27
25
25
16
8
13
14
12
13
6
133
97
100
95
95
69
67
54
53
54
47
38
42
34
38
24
22
12
10
9
7
182
179
163
135
88
88
84
76
52
51
43
42
29
30
35
27
19
19
13
17
12
9
12
197
166
166
139
133
128
105
102
99
93
89
64
57
40
32
27
24
17
13
10
10
9
12
6
231
169
160
148
141
138
125
116
110
107
94
84
82
49
40
40
37
33
26
26
25
10
153
149
99
87
74
73
58
58
61
58
43
44
38
38
32
31
24
27
20
20
19
8
183
160
135
135
109
94
79
78
72
62
59
49
46
27
24
24
24
24
18
18
20
12
7
6
145
145
111
109
101
97
82
77
68
55
51
43
42
41
33
36
35
30
29
9
12
254
181
149
145
133
127
114
76
67
62
47
42
34
34
32
16
6
14
10
6
251
219
198
164
140
137
135
135
109
96
93
78
78
65
64
58
52
39
19
19
32
11
11
8
6
251
174
174
162
154
140
137
134
104
98
90
75
67
57
48
50
44
44
9
10
141
119
107
96
83
74
75
72
62
59
57
52
57
50
43
49
31
21
28
14
10
11
6
9
9
8
8
8
179
119
97
89
79
67
58
55
55
30
26
15
18
11
14
6
135
131
131
82
60
59
59
49
47
41
32
35
24
24
20
19
15
15
15
247
228
18
7
183
148
99
83
79
77
64
40
36
36
29
25
27
27
25
21
23
24
265
23
16
11
199
149
117
94
91
88
82
76
77
76
75
70
64
63
68
59
34
32
26
26
9
13
212
131
107
99
98
88
94
87
77
39
38
40
35
37
36
35
6
8
262
254
26
33
26
33
133
89
92
82
85
75
51
55
55
46
39
35
35
35
36
9
9
6
38
25
25
30
215
168
127
126
124
122
122
110
107
109
84
84
49
46
43
14
19
7
7
7
36
30
30
217
208
185
184
112
92
92
84
75
75
69
48
24
19
18
13
16
12
7
49
45
33
30
30
36
212
208
166
152
133
134
95
89
89
93
58
56
50
23
24
258
45
44
230
138
138
124
112
117
106
104
99
87
81
60
28
23
27
17
22
9
9
9
56
58
42
50
117
112
104
98
80
33
28
31
28
28
9
17
14
9
22
7
7
8
7
7
63
61
56
48
205
135
127
128
123
118
122
103
97
88
78
76
70
65
38
44
32
32
7
68
59
186
156
126
115
115
102
90
90
90
84
78
78
76
76
47
43
29
24
6
15
13
8
9
63
55
278
132
121
99
91
81
76
48
47
46
43
42
34
22
18
19
9
9
9
9
11
9
64
164
163
148
136
125
126
120
104
86
80
83
54
54
48
49
49
44
42
26
26
18
23
73
130
123
129
101
101
94
85
63
59
59
54
49
47
36
31
32
17
19
10
9
9
7
7
6
86
79
200
114
128
120
100
99
95
91
64
58
57
57
52
36
37
29
35
12
93
91
93
252
205
162
140
111
106
104
104
57
49
52
45
41
38
17
17
16
9
6
6
166
144
105
105
74
74
68
69
68
68
67
54
62
25
14
14
14
10
10
10
9
10
10
7
265
182
144
125
125
109
79
76
23
25
19
21
14
8
7
10
8
6
9
6
6
6
6
6
93
313
128
78
64
56
57
47
40
30
30
24
24
26
26
19
18
12
10
10
8
178
167
120
119
80
77
69
69
62
54
60
44
47
32
26
24
16
18
16
16
13
7
9
7
105
294
177
158
157
121
99
94
71
63
65
56
47
44
40
29
21
21
20
12
12
115
299
99
92
87
71
73
63
50
39
39
26
27
32
30
28
26
21
17
6
7
129
193
182
168
146
92
79
72
74
74
56
47
38
40
31
37
31
31
22
16
10
10
130
115
204
162
146
140
143
106
81
83
69
71
55
50
45
45
44
38
36
36
28
15
24
375
277
184
156
152
84
85
68
63
51
49
49
42
41
41
41
37
38
38
34
20
15
12
15
143
228
228
215
152
150
147
113
112
63
49
46
46
45
38
39
28
11
7
8
7
6
7
7
213
207
198
117
89
71
75
66
58
42
44
42
30
30
28
30
14
12
14
9
7
8
154
225
223
171
154
126
119
117
102
87
53
51
48
47
47
35
34
26
17
17
143
142
212
159
125
107
87
80
74
68
69
70
61
54
54
38
40
38
24
24
22
12
12
11
11
327
137
127
102
101
81
73
37
45
37
24
27
24
19
13
12
10
7
6
10
8
156
298
238
179
141
132
117
100
90
84
78
78
69
65
65
68
34
34
19
20
24
13
11
15
338
266
205
143
139
142
126
109
95
95
85
76
76
67
63
54
51
39
14
20
15
16
9
326
148
147
147
127
129
125
83
77
78
72
73
74
60
66
69
45
58
20
19
9
15
173
188
148
133
103
94
86
86
83
83
83
78
78
77
65
54
55
30
15
8
6
6
8
111
109
91
90
91
87
86
75
65
52
44
40
37
25
23
20
19
15
9
9
10
7
7
6
335
162
146
132
137
104
91
87
74
72
52
49
38
21
28
15
16
9
12
11
134
114
101
96
94
93
90
62
57
46
43
38
38
35
21
23
14
10
16
9
9
8
394
139
126
116
119
69
67
64
63
39
41
24
25
28
13
9
13
13
10
10
6
7
7
189
153
148
144
132
107
48
39
45
31
33
24
20
7
6
6
6
9
8
12
218
152
131
127
125
113
107
99
88
66
67
54
48
34
38
38
25
26
23
23
23
11
7
9
193
153
134
116
112
100
108
107
83
74
77
35
29
29
34
28
28
15
6
14
7
9
6
6
238
171
159
139
123
123
123
87
63
54
60
44
41
29
29
33
31
33
19
11
10
11
235
199
162
117
109
92
84
70
55
40
34
28
24
28
24
9
9
15
9
10
10
6
7
224
264
145
140
128
116
116
123
106
80
80
45
29
26
29
15
14
8
8
12
12
12
163
141
129
128
115
91
69
76
59
46
38
34
34
34
34
20
11
10
17
8
6
10
6
344
308
212
146
146
132
121
95
89
68
49
39
31
31
31
31
18
18
18
11
12
259
192
148
122
101
85
79
73
60
51
39
28
23
25
17
15
15
10
6
6
10
6
159
156
91
74
65
65
60
59
61
63
49
47
40
20
23
20
20
20
13
13
14
15
157
158
118
81
65
55
59
46
40
46
37
33
25
25
27
21
16
20
18
14
7
10
292
6
9
6
9
211
199
181
161
151
57
42
42
30
30
30
30
25
23
13
18
21
18
20
279
7
8
7
179
122
115
115
81
62
59
63
38
31
35
35
30
30
18
23
19
6
133
108
109
96
89
79
74
77
66
65
61
48
40
40
35
25
25
28
20
17
25
17
10
14
7
7
6
6
227
189
189
183
100
75
66
57
43
45
45
40
39
34
30
28
25
22
12
15
11
12
9
139
130
89
74
71
56
50
55
51
50
45
41
33
30
28
18
16
25
25
17
16
16
9
9
14
206
178
132
99
98
95
84
55
52
52
35
32
36
26
10
18
9
10
10
18
156
99
89
76
67
60
58
51
55
56
8
9
6
6
6
36
27
24
21
210
110
104
92
63
65
60
56
53
8
8
8
6
6
10
46
40
40
23
20
28
28
28
269
212
124
96
94
70
66
67
66
55
55
13
7
6
47
51
47
41
45
272
211
164
120
105
87
86
80
71
71
75
70
10
10
9
9
10
8
42
39
288
150
109
94
85
78
71
64
26
23
14
15
14
15
8
8
8
6
56
35
195
184
140
143
114
117
93
86
83
65
30
28
30
29
19
24
20
11
11
10
10
11
11
63
48
49
159
111
108
102
102
78
75
25
30
27
25
25
21
16
13
16
16
6
8
7
6
9
73
51
56
255
227
115
113
101
100
91
86
30
29
27
23
22
21
13
11
8
8
8
73
50
139
100
88
35
28
26
27
25
23
13
13
10
10
10
11
10
6
6
7
10
7
6
54
63
126
105
48
48
51
38
32
31
28
26
21
23
15
12
9
9
8
9
7
6
7
78
59
110
103
54
56
49
38
42
39
28
23
20
17
17
16
14
12
13
8
8
87
297
115
61
35
32
34
28
28
28
25
25
27
25
21
18
17
17
13
15
13
8
6
8
81
324
175
126
116
46
46
46
34
33
34
31
28
27
26
24
13
13
16
15
15
6
6
11
8
91
113
68
59
58
43
45
40
35
31
32
27
24
23
18
18
21
11
10
10
9
8
8
7
87
89
188
150
130
124
117
57
49
44
40
40
37
34
30
32
32
29
23
25
15
12
7
242
180
78
61
58
58
61
48
48
48
38
37
35
33
30
25
27
19
13
13
6
102
135
53
53
46
46
43
44
40
42
38
40
37
36
33
35
22
23
16
18
6
6
9
121
123
242
188
71
64
58
59
55
55
55
49
45
43
42
41
43
42
35
23
22
10
7
128
197
93
80
76
69
71
61
62
57
46
35
32
35
28
25
14
9
17
6
7
133
133
125
284
80
68
67
65
58
57
54
51
48
37
35
35
32
33
28
10
11
7
9
158
151
152
86
79
83
75
80
70
64
64
58
53
55
53
45
50
42
38
34
38
34
18
18
20
126
235
108
111
99
91
84
76
67
63
65
60
61
45
43
42
30
21
10
8
9
9
9
104
96
97
96
81
72
66
53
30
26
26
17
15
22
10
10
14
8
7
8
8
8
7
231
118
103
102
98
88
87
82
76
71
71
61
60
60
66
57
49
33
33
32
33
15
19
13
10
112
103
92
90
83
82
81
78
73
66
58
60
57
57
42
49
34
38
22
24
18
20
10
9
184
126
99
98
89
87
83
70
76
63
58
41
39
42
43
29
23
13
11
9
9
9
9
6
161
154
179
100
94
92
76
78
67
35
35
44
34
28
28
28
28
28
30
20
14
8
8
7
7
154
221
102
97
93
87
77
73
58
58
50
49
38
35
22
32
22
19
19
15
15
10
12
220
197
110
107
106
103
104
104
97
76
56
50
42
40
38
27
26
35
26
21
19
7
7
188
129
131
118
109
108
98
91
90
76
61
48
33
40
32
29
22
12
6
6
6
6
165
201
123
123
114
103
96
93
55
48
34
27
27
19
19
22
22
19
17
10
10
8
9
117
108
72
58
59
52
52
42
39
33
24
16
16
7
15
9
9
8
8
7
7
7
7
7
128
123
124
120
123
118
100
79
85
74
73
64
60
44
40
30
29
27
24
18
11
12
6
230
160
153
128
103
79
74
51
49
49
46
34
32
32
33
32
26
22
23
11
6
146
141
137
132
120
84
70
58
54
47
39
37
39
31
31
28
16
15
19
16
13
13
7
6
144
138
139
112
93
92
91
65
59
44
47
42
36
25
27
25
20
18
18
20
11
6
7
376
183
166
118
97
94
94
84
84
80
66
58
59
52
47
47
47
41
39
30
26
26
6
7
171
149
131
98
83
71
69
69
69
69
69
58
57
61
46
40
45
34
26
25
24
14
15
8
6
148
128
91
94
89
90
77
73
60
58
58
45
42
40
41
35
33
31
33
33
27
12
13
184
181
169
157
122
112
98
82
83
79
67
62
55
55
53
46
41
41
41
28
21
19
18
16
8
6
8
9
7
170
170
164
118
115
114
84
84
84
81
68
62
50
43
36
26
13
20
12
12
11
193
191
151
131
129
109
95
78
80
72
72
62
55
50
51
37
35
35
17
21
8
13
166
148
125
115
110
108
110
107
89
71
71
56
55
53
43
42
40
32
9
8
8
18
18
214
189
153
96
84
88
69
73
67
67
60
60
41
39
47
38
31
17
12
11
9
6
25
220
183
184
118
104
104
85
83
81
80
81
70
72
66
50
16
13
7
6
7
31
33
211
154
109
102
102
104
93
77
75
71
70
74
64
64
60
41
25
28
24
23
16
12
10
302
192
172
148
114
108
91
88
83
76
73
67
63
67
52
32
29
28
26
28
19
17
9
9
38
38
234
200
192
173
151
149
138
114
78
67
56
34
25
24
27
25
21
21
14
16
226
183
152
102
83
77
76
78
64
62
43
39
33
30
28
16
24
19
7
11
7
7
6
48
48
218
182
181
126
106
104
97
87
88
44
44
47
32
21
12
12
10
10
10
9
203
188
154
119
116
112
100
100
95
49
51
49
37
39
34
19
17
17
25
11
11
8
6
135
115
115
107
99
98
94
91
85
66
54
41
41
22
21
20
22
18
19
19
8
353
66
246
95
96
79
82
51
51
50
47
47
25
25
24
24
17
17
14
16
6
9
74
244
218
111
110
106
101
101
99
88
59
29
29
21
25
21
21
25
10
9
8
415
170
137
102
100
93
82
92
86
91
71
69
63
60
52
35
35
34
33
24
16
10
6
249
245
243
217
212
127
73
64
61
61
54
42
40
32
32
31
29
20
22
18
19
16
385
221
119
82
82
69
66
56
56
49
51
55
45
44
43
43
40
39
36
36
23
9
9
222
183
169
158
67
49
39
39
35
29
28
29
28
21
19
14
10
11
12
9
10
8
10
7
187
189
181
151
133
113
82
80
57
56
53
39
35
33
33
17
15
13
10
6
192
164
144
138
93
82
82
81
62
62
63
62
60
54
49
51
49
41
38
39
38
31
21
20
14
224
200
145
102
65
62
63
45
40
29
26
25
25
26
24
20
23
10
11
11
10
108
210
165
149
132
107
108
88
72
71
69
58
54
54
44
39
33
29
28
25
24
23
7
9
224
194
194
171
168
164
147
128
108
102
96
86
80
74
68
55
53
54
39
44
35
25
20
11
104
107
102
91
78
71
69
62
58
58
51
58
55
44
44
44
42
38
40
35
24
14
125
181
144
113
104
93
84
80
78
77
73
48
45
42
40
38
37
21
29
22
19
6
6
7
134
240
237
198
171
115
91
82
79
69
68
53
50
50
48
47
45
35
33
20
10
175
121
120
116
115
113
95
89
87
73
55
55
56
49
50
42
45
29
29
29
12
14
8
249
206
195
133
102
98
92
78
78
77
64
57
50
53
35
28
20
14
8
8
11
9
7
6
143
143
143
220
201
180
164
150
150
132
105
98
93
83
69
69
65
63
65
63
54
56
43
28
303
254
229
214
166
138
121
124
108
102
99
101
88
86
70
62
56
44
32
18
249
213
202
139
126
126
114
107
93
87
79
79
70
72
49
49
44
30
19
10
17
13
7
7
10
253
205
144
144
122
122
120
109
104
80
80
77
56
54
49
40
30
23
24
196
189
179
162
150
136
125
122
96
94
88
84
85
80
64
48
45
36
27
27
28
29
23
17
6
168
354
335
197
164
159
157
120
115
108
87
81
74
64
52
50
32
24
22
18
9
6
270
168
157
137
134
96
97
87
76
59
61
55
55
51
51
55
44
38
30
28
24
20
9
328
235
186
173
173
124
111
102
98
91
86
85
74
48
32
26
30
20
14
14
217
179
134
124
121
116
121
90
90
79
64
58
51
44
43
33
19
13
18
10
12
6
6
7
6
290
236
197
143
128
111
95
95
94
87
85
71
78
70
70
70
63
54
36
29
25
24
8
214
155
157
134
118
114
113
102
89
77
61
52
50
49
47
47
41
44
45
28
20
16
14
17
202
376
309
188
181
174
178
160
140
111
80
55
52
39
41
33
29
28
11
257
258
230
199
189
155
134
109
110
108
100
99
85
84
54
40
39
29
31
29
24
27
11
12
241
160
149
146
138
137
127
116
108
89
74
76
60
60
60
28
28
28
26
20
13
7
380
270
203
197
186
177
146
120
110
88
86
77
78
65
66
49
42
33
15
14
13
13
8
182
173
158
144
140
135
112
97
82
69
54
48
44
40
36
38
36
26
20
18
15
9
10
187
183
179
154
106
98
82
82
76
77
77
76
53
52
49
46
37
26
19
10
8
14
9
9
6
234
286
260
257
192
164
145
128
111
82
80
77
76
59
54
48
36
29
28
22
22
11
273
205
175
93
89
84
76
72
70
64
56
41
35
30
32
28
26
29
16
9
8
7
202
193
181
134
134
108
97
69
64
64
66
58
41
37
34
28
28
23
27
14
9
9
247
267
185
181
167
162
159
140
85
73
72
66
67
63
53
55
42
43
39
28
11
418
238
234
232
199
189
198
144
114
106
105
104
100
87
71
74
60
47
42
31
27
24
13
13
206
204
189
177
149
149
131
122
123
114
110
111
73
64
55
55
38
24
21
18
18
10
10
244
184
175
166
154
133
115
111
112
115
101
95
88
78
59
54
54
49
47
34
33
29
29
330
236
204
183
159
157
121
109
106
92
86
85
83
80
66
28
23
12
9
267
221
193
190
184
132
104
103
104
88
78
77
77
64
57
59
43
36
33
23
25
22
13
343
272
199
198
167
158
137
134
137
131
119
93
72
71
73
66
63
48
45
40
33
19
380
268
242
204
204
162
142
143
135
140
138
108
81
81
79
63
43
32
29
25
29
13
13
237
207
179
147
131
129
126
109
97
92
72
65
54
52
27
29
37
22
22
8
6
6
6
389
252
195
118
100
100
91
90
90
93
74
61
56
49
35
39
27
27
18
13
11
13
451
374
327
289
283
234
123
116
110
93
88
86
73
60
53
55
36
37
26
8
7
6
285
224
189
180
97
89
93
92
80
66
65
66
66
60
58
44
37
21
6
6
10
267
244
227
220
204
199
199
155
139
133
138
138
132
115
106
105
99
81
78
71
38
28
21
18
351
272
214
209
174
162
145
138
138
138
121
113
108
107
101
98
91
75
72
53
27
8
468
299
295
235
228
178
178
135
135
133
107
98
98
96
52
44
28
26
26
13
13
6
352
268
214
201
188
172
148
134
138
107
101
100
64
71
57
53
49
49
27
24
23
23
17
12
7
287
267
263
264
247
177
140
128
120
99
94
98
77
69
31
30
20
16
8
10
414
288
205
158
142
136
130
123
121
113
96
96
86
82
88
62
68
53
43
42
32
9
6
238
229
215
179
134
132
118
108
93
67
51
40
40
40
40
28
14
10
11
7
7
8
333
221
168
159
159
161
155
152
147
127
127
84
84
61
52
27
27
21
19
13
7
485
386
262
169
167
145
139
129
120
103
60
53
48
49
50
50
40
29
29
23
14
18
12
7
174
147
142
123
122
102
81
55
48
45
44
44
51
41
23
22
21
19
17
18
17
8
7
275
235
242
218
210
213
173
118
113
81
66
60
59
40
30
31
26
17
22
12
13
7
228
228
223
215
168
169
154
96
92
69
65
64
55
47
46
37
33
33
29
22
17
14
7
447
276
217
211
191
166
154
146
131
131
123
70
72
70
63
56
55
37
35
32
33
34
8
429
389
294
225
226
197
139
119
93
91
75
69
68
63
53
44
39
39
37
38
35
34
28
255
199
196
175
153
156
148
138
127
99
93
70
68
51
51
44
42
43
44
20
26
18
318
204
186
180
172
147
125
88
56
53
52
47
45
47
47
37
37
34
31
11
6
6
371
335
330
290
191
186
158
151
84
80
76
79
68
61
49
52
42
42
42
39
26
254
235
217
202
188
182
174
164
150
140
118
120
85
61
37
30
30
16
20
27
17
8
14
380
333
194
176
169
169
150
98
100
86
88
80
69
62
62
49
54
42
46
35
29
29
425
255
181
149
133
116
108
104
89
86
78
56
54
46
40
41
41
24
9
6
6
9
346
325
287
211
185
178
171
149
141
126
117
73
52
53
16
11
14
11
14
14
10
10
10
519
341
335
256
244
254
203
175
147
138
127
115
105
103
99
85
85
83
79
79
59
48
53
34
413
270
158
149
148
113
90
90
88
84
88
84
81
66
67
49
27
19
19
15
11
10
6
8
6
290
244
238
236
226
193
186
178
100
93
63
58
33
26
29
29
26
26
16
8
8
8
290
289
280
214
156
137
126
108
87
82
73
77
65
65
66
43
39
36
38
29
21
24
10
301
276
227
147
149
133
127
102
97
87
76
64
56
51
56
41
39
36
39
34
29
26
8
17
303
259
245
235
216
208
172
155
146
138
120
122
111
78
54
49
28
31
18
7
7
549
233
220
177
176
182
148
134
133
113
113
103
85
91
80
80
51
49
44
33
10
10
7
360
339
246
7
6
8
225
138
124
117
106
71
59
50
50
42
37
36
18
15
12
388
10
10
10
9
10
7
213
173
123
117
111
109
90
77
85
74
69
56
56
55
43
22
17
366
310
289
15
11
253
244
200
184
178
161
160
131
117
119
102
107
70
67
51
54
50
33
396
24
252
243
237
230
191
191
181
171
165
155
132
129
114
87
84
65
59
32
33
37
384
334
271
29
221
153
148
133
129
122
108
71
66
61
58
54
42
15
9
19
17
9
374
338
322
305
298
276
33
215
201
163
155
156
146
121
110
96
76
61
55
54
40
20
16
30
30
198
188
148
137
139
116
104
109
101
81
76
71
74
58
54
48
48
42
45
15
8
15
409
349
44
38
260
168
147
120
96
104
91
79
73
58
50
47
22
20
21
14
17
9
7
465
314
47
237
216
208
208
178
151
142
131
91
89
81
84
73
62
52
55
31
38
13
7
6
50
44
49
279
253
179
170
165
137
138
101
101
96
99
98
89
69
68
73
57
39
34
16
9
58
267
268
225
200
163
107
101
91
91
88
86
78
72
39
48
48
22
9
7
7
7
7
7
427
366
363
61
59
294
205
167
169
147
135
111
104
96
70
46
53
43
40
41
29
12
388
323
68
70
181
137
117
109
96
88
77
75
49
41
32
29
26
23
21
17
9
461
337
69
64
180
174
153
101
87
82
80
56
46
46
22
22
28
28
22
18
8
8
435
326
75
209
184
155
141
150
141
126
124
87
59
69
55
51
38
27
27
25
13
19
342
261
243
243
248
224
204
168
126
125
111
112
90
66
56
60
56
56
36
32
26
26
331
248
130
102
75
58
47
43
37
24
22
19
18
14
15
10
14
7
9
8
91
86
209
204
170
170
156
107
103
100
99
95
71
70
73
72
59
51
41
27
10
14
7
7
9
455
415
189
175
175
175
144
139
131
118
112
79
71
71
56
56
45
34
24
20
9
6
7
537
333
180
178
164
152
136
125
123
112
84
80
84
74
61
56
52
53
30
21
21
12
11
496
413
390
107
290
236
238
212
138
99
85
89
78
69
57
57
57
51
49
16
16
13
114
104
104
262
255
253
251
243
181
178
159
138
122
100
82
69
74
56
28
22
22
16
6
516
373
117
250
189
167
154
95
84
84
84
81
67
67
67
53
39
32
27
16
14
12
13
10
606
435
435
121
288
240
221
197
156
156
91
88
76
72
66
59
37
31
30
16
13
16
328
328
293
253
241
177
169
157
135
105
83
83
69
53
54
50
42
36
38
21
23
13
8
394
376
238
195
166
148
138
114
98
82
82
75
68
59
60
47
42
29
27
16
13
10
8
242
200
163
158
145
99
98
87
80
74
79
70
60
56
52
49
34
40
31
30
28
9
7
524
367
275
247
244
214
173
152
145
120
124
124
115
103
101
73
57
45
34
36
28
26
22
6
632
145
289
232
210
181
168
119
114
95
75
68
69
66
69
62
59
32
36
29
22
13
9
144
150
255
181
162
157
130
102
79
79
61
52
45
40
38
31
27
20
13
10
10
10
6
280
264
262
256
246
211
221
206
183
179
139
139
117
119
101
97
97
69
54
15
16
15
11
7
406
398
273
269
193
172
150
121
111
106
92
91
81
78
74
73
35
41
22
7
7
165
159
159
162
341
288
277
198
178
158
149
141
119
107
96
87
89
76
49
49
27
25
23
506
445
170
322
186
131
122
122
118
84
58
54
47
47
33
24
18
22
9
15
178
320
313
310
141
136
136
126
121
125
108
112
99
71
35
31
27
23
25
14
9
12
324
287
226
154
148
149
132
130
105
79
53
37
38
32
28
17
25
17
9
9
6
493
370
348
330
236
229
178
165
129
113
99
73
68
66
49
49
46
45
32
26
32
11
15
627
194
327
268
256
243
234
142
136
140
136
130
80
74
71
72
47
47
46
50
46
23
691
487
197
199
234
205
173
147
106
91
91
87
72
61
55
52
49
40
36
29
21
17
6
681
443
345
330
266
207
166
164
139
140
99
107
97
83
68
61
56
50
33
28
7
10
7
299
210
171
163
157
149
133
130
119
111
98
88
88
65
65
62
63
65
57
37
26
16
16
8
10
213
421
381
320
255
237
186
171
160
131
131
110
104
103
96
94
77
70
66
62
41
261
243
238
201
199
140
140
129
129
111
111
72
72
73
70
69
54
62
44
27
22
8
8
10
12
717
618
237
187
183
171
148
116
106
103
96
92
83
72
62
58
58
58
67
55
50
41
15
601
398
276
170
169
165
139
137
122
113
109
79
53
53
46
49
31
30
16
22
20
22
20
9
641
610
337
240
192
191
180
137
113
93
90
88
78
80
72
62
63
60
35
17
15
21
9
317
287
284
281
257
187
149
129
119
118
105
74
68
70
65
62
59
53
42
32
22
26
244
240
286
280
276
206
186
190
158
154
146
130
133
133
98
96
73
51
47
29
10
600
352
323
268
195
141
129
99
92
79
81
75
66
68
52
55
55
31
36
27
23
15
570
278
6
219
200
151
107
105
102
88
97
78
79
76
75
55
21
28
9
9
8
8
8
609
356
8
207
154
149
141
136
118
117
112
115
112
107
94
94
81
60
46
37
26
14
14
25
465
354
332
271
277
270
270
11
13
249
234
210
175
170
143
131
125
115
110
91
72
67
56
703
337
275
13
183
177
165
153
142
125
122
66
51
45
24
23
24
10
10
7
9
7
9
395
25
250
234
236
224
216
180
140
112
98
100
82
95
71
69
43
29
18
15
14
14
438
427
269
227
214
192
158
135
127
114
108
104
66
67
39
34
37
45
20
19
19
18
17
15
423
346
293
246
198
164
144
87
81
81
81
58
39
38
38
25
24
24
16
14
15
9
9
9
520
412
363
298
36
229
175
152
142
141
134
134
136
119
92
85
43
29
29
24
19
14
678
290
297
45
45
38
266
242
202
200
173
140
130
122
117
91
62
61
65
49
49
34
28
17
479
348
215
209
194
165
162
111
102
86
68
54
54
53
39
42
42
37
8
8
8
556
48
223
201
193
183
184
177
160
125
111
107
103
95
84
87
58
45
44
34
20
12
274
188
188
165
155
153
150
123
115
106
100
96
53
43
44
40
40
36
40
25
60
239
203
192
185
163
141
117
105
102
101
69
68
52
54
45
15
10
9
6
431
70
259
211
179
175
170
171
148
120
116
85
78
73
73
60
54
53
46
41
17
20
17
13
330
244
204
175
171
154
150
150
121
109
95
79
55
59
51
46
24
24
12
18
9
6
7
353
175
155
126
113
73
64
63
60
60
59
54
45
31
26
22
18
13
17
13
7
333
494
439
86
306
305
280
207
213
161
162
142
122
74
72
69
68
61
22
16
12
503
283
247
221
213
196
198
189
165
136
126
120
122
119
77
73
22
15
9
8
96
292
271
137
145
130
129
129
102
82
82
73
74
56
49
44
33
27
29
17
21
10
10
474
101
262
229
221
212
175
127
111
103
82
80
70
58
53
51
44
37
24
27
10
10
8
425
326
296
280
281
271
234
233
197
153
135
121
95
93
69
72
63
63
52
54
42
29
8
13
645
362
316
205
186
185
169
162
140
102
99
99
99
94
92
61
48
43
42
37
7
7
8
443
109
310
277
266
244
227
223
212
189
178
160
151
157
127
108
104
76
68
66
60
53
52
9
639
334
283
198
176
156
92
71
54
50
45
45
19
7
14
7
13
6
7
6
538
429
415
282
258
240
209
196
181
180
147
152
105
104
96
95
67
46
22
15
11
8
10
400
123
327
323
315
296
232
142
144
134
134
110
96
67
67
48
48
36
26
27
17
6
486
318
294
292
273
191
162
115
115
112
100
73
67
60
62
54
50
44
40
22
25
24
17
7
138
315
308
292
268
182
145
143
130
121
119
107
77
71
71
54
29
24
12
16
6
6
6
6
6
390
403
319
273
159
150
134
134
127
110
87
75
75
60
42
42
42
29
20
21
21
25
15
146
146
361
309
258
223
196
143
111
94
75
68
47
47
37
29
18
14
14
14
15
16
9
6
384
352
252
197
167
148
135
93
80
70
57
63
42
42
41
30
14
12
12
8
10
408
287
283
270
255
229
212
185
163
149
150
134
125
126
61
47
49
33
26
13
8
439
394
292
288
274
257
240
142
114
111
99
91
73
54
35
36
30
24
23
18
9
13
9
9
9
408
395
378
279
270
245
213
204
175
173
108
102
104
88
57
56
56
56
41
34
29
12
9
200
111
112
102
88
93
62
54
39
39
34
29
29
21
19
14
7
7
6
10
8
770
491
354
325
298
251
232
232
159
133
124
114
114
107
95
91
54
51
51
32
15
8
8
431
327
294
155
138
136
123
121
103
93
84
82
71
51
51
39
33
24
18
17
16
7
7
7
387
352
251
201
193
137
121
91
77
76
66
56
54
27
27
26
14
14
12
10
10
10
6
493
413
350
296
237
226
187
184
184
174
164
142
120
116
82
77
70
61
61
53
47
47
39
39
404
344
328
305
297
279
256
174
167
158
144
134
132
87
91
67
66
60
59
56
33
24
20
6
486
198
206
368
304
284
220
147
142
134
135
106
113
113
84
69
58
47
46
40
37
25
9
206
210
369
302
245
232
144
123
118
107
107
96
96
83
76
54
42
36
7
7
7
211
421
281
230
218
194
170
146
140
135
104
81
79
79
81
81
75
67
55
56
39
45
21
8
238
208
204
196
162
150
152
117
102
107
95
73
73
76
61
59
40
21
20
20
17
9
10
221
390
358
351
261
148
124
122
91
77
66
58
53
50
53
46
47
25
26
17
9
8
8
476
260
247
213
209
160
161
157
137
127
100
94
86
83
74
76
63
58
52
32
27
19
14
7
8
363
335
292
292
238
222
218
193
179
166
165
161
150
129
107
99
55
56
32
24
17
17
17
7
378
282
274
244
244
6
187
165
139
99
82
68
63
62
62
51
56
18
22
21
9
9
7
339
248
7
7
10
7
194
163
160
132
129
102
104
101
98
69
54
53
47
46
32
27
250
345
322
292
280
15
12
15
231
195
136
116
106
75
80
47
45
34
29
8
9
10
452
360
360
279
18
17
17
192
187
185
158
156
113
95
87
77
57
52
39
27
12
8
12
504
334
263
22
24
20
253
247
168
162
157
158
146
92
92
86
86
81
82
66
57
47
38
20
510
561
380
317
30
25
26
251
202
170
118
109
93
93
58
49
49
43
24
7
34
30
248
195
153
149
123
114
114
103
98
96
92
85
72
60
59
43
10
17
13
9
9
9
10
494
432
338
35
205
202
141
114
108
99
77
77
81
77
67
57
49
57
48
32
8
9
6
574
383
289
46
264
260
222
210
206
186
165
137
143
67
62
62
62
49
52
18
15
6
6
331
319
299
50
274
231
190
172
174
167
155
151
138
122
110
97
86
67
65
51
42
24
18
449
55
50
239
205
187
187
110
112
96
87
90
74
69
48
29
30
30
23
20
24
291
403
350
298
57
233
148
134
128
120
119
109
97
71
38
35
34
29
22
29
27
11
12
568
312
60
60
60
254
238
169
170
154
140
100
100
83
82
50
40
39
17
13
13
7
6
70
65
238
202
181
187
175
161
162
158
145
144
106
95
92
87
64
38
22
11
8
8
6
7
314
299
240
240
216
207
176
167
154
136
127
97
82
68
53
49
31
23
16
9
11
9
9
80
77
75
75
282
273
264
181
178
157
124
105
103
108
97
48
40
40
36
14
9
14
366
346
277
263
258
253
203
186
184
176
173
123
110
104
92
79
63
59
57
48
27
28
22
13
425
400
85
314
305
258
262
250
201
197
162
137
131
130
125
115
98
99
84
67
46
24
26
20
360
91
288
267
113
108
110
88
31
32
31
31
24
22
23
10
8
15
6
273
265
221
215
194
189
167
157
137
141
117
117
79
46
46
41
43
36
34
11
7
475
351
282
270
184
172
152
137
130
133
112
112
83
83
65
41
35
29
29
16
17
6
6
105
232
216
198
184
165
138
121
127
114
105
87
84
79
46
39
34
21
21
6
392
112
265
187
182
154
134
122
116
107
82
71
56
46
39
16
11
13
10
9
9
120
118
119
115
252
242
231
194
183
177
164
159
150
127
84
67
68
66
61
56
54
14
607
232
225
212
180
162
152
117
98
66
66
61
56
52
45
48
26
29
28
21
21
10
363
130
125
273
205
112
86
76
59
40
31
28
26
28
15
14
17
11
13
10
7
8
8
6
399
267
259
236
230
229
211
194
193
190
179
171
146
140
105
102
85
86
60
46
38
28
29
16
11
137
214
181
147
148
130
123
115
81
81
76
74
70
63
68
64
59
34
34
25
16
16
8
381
140
177
177
135
119
120
98
107
105
105
95
90
90
81
76
65
46
44
25
18
6
6
494
147
186
188
169
132
128
116
119
110
98
96
86
61
53
45
41
41
42
31
15
18
13
6
635
154
156
336
243
221
192
177
137
120
115
114
91
91
82
82
76
64
60
31
9
9
8
157
236
207
167
153
155
134
103
96
96
91
67
58
54
47
40
39
28
14
8
728
541
162
349
318
274
233
208
211
202
189
176
130
101
101
101
99
61
41
41
21
9
9
170
342
245
163
111
106
106
104
81
66
54
53
51
35
38
31
31
30
19
18
18
7
9
480
421
174
340
297
278
135
99
76
56
53
47
38
27
23
15
10
12
8
8
8
8
553
175
362
229
205
195
185
132
109
110
96
76
74
57
48
46
43
43
36
7
7
7
9
868
413
180
391
326
317
284
273
267
269
246
221
193
135
126
116
109
105
96
73
71
44
37
18
275
245
233
209
197
168
159
131
126
111
111
86
82
76
72
65
52
42
40
27
23
23
6
190
316
273
157
136
131
115
108
101
93
87
81
82
76
71
71
63
58
49
51
30
28
17
16
287
259
241
218
214
154
141
120
120
99
87
83
81
81
63
49
52
48
46
35
21
18
540
372
347
337
286
250
190
151
146
141
132
116
92
78
53
49
50
44
38
21
19
10
7
235
221
178
151
151
140
144
139
135
134
133
121
114
103
91
91
73
73
39
33
20
12
10
12
213
397
303
289
232
175
149
126
108
102
92
91
86
67
63
59
60
56
48
48
37
37
29
219
287
279
272
227
10
119
116
114
108
101
98
81
83
76
70
68
65
53
27
20
487
357
292
232
17
17
12
18
17
219
207
200
166
161
152
121
112
107
82
48
49
35
29
22
570
458
262
247
237
20
9
9
7
7
196
173
171
167
164
122
117
93
87
51
53
39
365
14
7
7
6
7
201
169
159
148
156
146
148
113
98
96
91
89
89
65
57
52
315
247
27
8
10
215
205
141
130
103
97
97
78
72
57
57
57
49
54
45
42
6
757
580
483
426
388
324
292
33
16
13
18
191
181
181
181
146
139
132
123
93
69
61
47
42
364
261
257
29
29
163
161
161
159
146
140
131
127
92
83
64
63
52
57
47
13
9
687
474
290
46
34
250
233
223
200
172
123
116
116
83
86
75
55
19
9
7
421
394
47
196
194
191
146
125
128
117
109
108
93
93
87
81
76
70
63
27
13
7
725
260
454
386
294
54
33
205
201
192
149
141
119
105
85
85
65
21
20
15
11
10
13
403
302
62
60
49
41
244
168
151
146
146
131
110
94
87
87
72
33
32
28
10
448
351
46
205
129
119
108
108
95
77
77
43
38
37
34
25
25
26
18
23
10
10
278
469
312
316
216
205
203
193
176
164
161
110
94
93
48
38
40
32
39
27
22
9
8
486
388
292
61
59
245
234
196
181
178
166
165
140
133
138
139
138
102
99
85
37
15
8
347
325
58
201
190
176
167
158
139
134
123
110
113
115
111
112
100
52
25
28
14
608
401
387
341
66
273
270
193
171
143
140
129
124
128
105
109
97
63
45
38
10
9
575
375
93
92
78
293
253
248
241
213
187
181
163
158
152
154
114
105
52
51
23
595
357
92
93
82
76
76
248
226
225
209
192
166
147
138
132
125
104
105
71
61
45
40
27
89
81
295
221
206
178
143
78
78
52
50
45
42
28
10
12
11
15
9
372
99
310
243
245
239
218
207
150
149
149
125
115
67
67
50
51
45
45
22
31
10
10
430
372
96
90
294
285
256
256
250
230
231
218
201
189
164
155
82
66
60
41
18
9
530
439
114
104
101
294
204
160
159
149
145
141
133
132
122
122
65
68
23
19
341
120
323
239
226
228
211
206
183
161
144
144
132
90
82
80
66
52
52
27
7
8
330
370
360
340
124
103
309
291
255
199
98
89
88
85
46
49
39
33
15
15
12
505
408
406
130
285
206
201
175
175
160
75
69
69
51
49
41
38
38
19
13
16
407
383
352
320
319
293
291
256
241
230
201
172
155
140
140
61
24
24
18
8
8
15
9
697
347
503
357
122
310
300
289
253
253
231
184
178
163
145
103
100
78
55
45
456
418
142
132
333
300
195
188
107
83
60
59
37
35
36
31
32
26
28
18
18
10
6
358
484
373
150
130
354
261
246
222
216
187
180
176
170
119
111
108
71
56
47
8
11
11
503
466
144
136
317
301
296
259
219
209
202
205
196
187
182
179
133
125
106
78
54
45
7
588
306
297
292
214
195
177
113
100
81
68
59
56
46
29
25
9
6
9
8
9
6
805
474
328
243
196
125
103
84
87
54
50
38
34
35
30
26
26
18
17
18
15
15
11
474
323
316
314
305
300
237
234
197
137
121
64
61
43
41
39
31
31
31
16
16
16
6
459
177
219
198
185
182
139
144
137
103
84
64
58
39
39
23
23
13
19
9
9
8
9
707
500
180
180
173
356
326
313
300
262
253
228
232
221
192
190
104
53
51
33
26
30
25
390
172
373
299
296
293
287
158
137
130
131
106
107
68
64
64
64
64
53
38
38
37
23
186
369
294
233
221
202
207
130
88
69
60
51
51
51
43
42
25
25
32
28
31
25
655
466
422
341
329
304
266
205
205
206
158
164
121
103
84
65
65
45
41
28
24
24
29
489
200
196
266
263
250
243
243
220
217
105
53
46
49
45
35
38
34
33
14
6
296
296
276
233
165
104
70
57
54
55
51
39
38
28
28
19
6
6
8
6
585
457
196
408
341
268
253
215
172
169
150
111
99
85
71
65
63
55
32
18
11
11
9
381
336
288
279
242
184
143
149
141
114
94
80
74
73
60
56
51
46
49
17
16
910
452
215
207
286
256
244
238
223
192
194
152
152
140
124
88
81
72
61
51
29
18
6
7
469
452
237
195
163
116
119
113
112
113
94
89
86
74
75
71
35
38
26
22
603
566
224
211
312
288
274
194
190
190
176
147
130
110
98
95
91
75
53
44
36
36
36
21
226
391
278
273
242
211
139
121
114
81
78
70
61
47
36
35
26
23
12
11
719
226
427
410
404
391
361
348
287
257
161
90
90
86
80
69
64
46
43
41
41
41
17
437
339
311
275
269
196
191
179
169
118
120
98
97
86
68
47
45
46
40
45
21
9
239
231
330
278
266
267
196
195
196
135
111
103
100
95
66
73
73
44
41
27
29
37
26
10
891
251
421
351
333
323
318
309
295
207
140
135
128
119
113
101
86
36
23
30
22
850
757
690
390
325
325
312
289
220
165
143
134
130
121
113
110
100
95
91
94
66
61
57
21
9
254
411
282
275
236
217
161
115
117
111
111
107
78
56
33
30
18
18
19
16
6
321
232
231
189
187
182
157
115
111
66
58
61
56
51
44
36
35
23
17
22
14
10
10
6
585
368
301
293
237
182
165
169
149
139
127
125
99
104
101
84
76
71
65
45
30
30
686
564
394
394
304
249
149
141
130
126
87
83
81
72
68
51
50
54
46
33
11
10
463
419
10
9
8
8
235
135
135
130
116
106
98
86
76
76
40
32
16
1033
289
277
334
260
184
164
158
143
138
135
136
96
93
49
54
45
42
38
28
288
446
342
273
272
178
143
140
129
102
100
96
86
73
62
62
63
49
46
30
30
27
6
430
406
397
393
358
332
27
23
199
199
179
146
106
100
84
79
71
64
47
34
27
9
451
411
340
320
317
23
26
266
241
170
157
155
150
111
96
91
64
57
56
45
41
37
32
15
6
456
448
414
405
368
36
260
255
221
214
160
151
145
127
124
101
91
70
57
55
45
43
22
25
12
332
38
273
215
220
200
188
163
130
112
106
94
84
79
63
24
25
7
7
7
562
367
340
245
195
195
173
143
130
126
121
120
80
66
72
47
47
35
32
35
14
14
315
374
349
50
265
219
219
194
178
175
160
126
91
79
78
76
11
15
8
701
481
451
412
388
394
49
56
50
303
275
176
175
153
144
119
117
117
78
21
22
726
330
365
56
60
225
219
204
196
180
169
145
113
109
83
86
62
49
45
38
28
17
11
10
378
376
357
58
270
244
175
141
140
131
101
100
95
87
75
76
75
67
67
49
48
30
750
468
385
224
195
190
152
151
148
148
147
136
76
59
56
50
47
42
46
33
24
19
10
10
607
332
496
414
319
277
269
236
205
148
129
97
77
83
62
65
58
29
32
16
6
6
354
488
367
75
323
254
201
156
156
146
131
126
90
82
70
57
57
47
40
39
25
454
403
380
322
281
257
247
208
190
136
120
112
112
102
100
95
71
68
69
37
44
10
15
6
8
423
310
248
240
233
218
215
201
188
172
171
166
165
157
156
119
114
106
69
57
35
30
10
694
367
403
223
223
170
171
141
111
106
106
105
105
87
62
53
38
38
38
38
26
7
7
510
439
344
325
320
244
220
181
176
142
130
128
111
107
92
68
51
38
41
31
31
25
25
25
23
657
436
385
312
209
181
159
147
134
96
82
67
68
60
53
48
36
31
19
16
18
772
570
478
105
111
293
253
199
186
186
185
176
122
112
96
73
59
53
41
21
17
12
413
109
279
240
235
200
183
155
139
131
130
125
125
105
92
82
50
42
40
26
28
948
469
373
350
217
218
185
176
163
165
147
148
110
90
92
79
58
51
37
32
28
20
6
504
300
261
159
142
142
127
115
85
79
79
56
51
56
56
40
35
35
33
13
17
10
8
8
526
501
459
130
379
239
221
211
171
153
143
121
97
84
37
39
21
21
12
355
256
255
95
89
80
75
76
78
48
47
41
32
31
37
15
20
14
6
759
695
435
343
284
207
206
157
123
92
90
81
65
71
55
31
28
26
20
26
6
6
576
143
204
177
160
147
131
125
120
97
94
85
59
69
54
43
51
49
36
33
27
21
496
300
295
246
163
162
136
127
85
85
62
61
60
59
59
52
44
29
26
20
12
9
8
526
151
338
259
221
201
198
177
135
118
109
104
96
86
86
63
53
46
26
19
14
11
7
6
621
493
359
339
329
252
174
144
110
75
67
69
46
40
40
27
19
9
9
7
7
345
339
334
308
292
201
182
180
167
173
142
150
127
123
96
86
76
77
73
56
51
45
36
424
519
469
407
298
215
198
137
115
110
104
101
105
101
94
73
68
58
36
30
9
12
175
428
385
364
361
358
291
256
213
185
185
181
152
138
127
95
92
87
55
31
27
499
176
354
338
280
262
210
121
120
111
111
102
80
71
63
45
24
27
14
10
14
12
475
408
333
330
318
312
195
187
157
157
140
140
112
110
92
80
55
44
45
43
17
10
10
10
8
191
386
294
294
264
239
141
115
117
102
99
81
81
76
60
52
46
40
38
20
528
349
338
312
269
214
206
205
200
187
185
154
153
153
138
128
117
102
83
80
61
59
54
36
506
200
435
364
293
291
275
234
230
211
177
126
86
77
58
51
34
34
30
23
9
565
456
333
303
256
171
169
140
116
118
102
85
75
69
70
47
53
41
30
28
15
14
19
25
9
430
383
379
352
261
232
232
220
159
151
143
122
98
86
84
76
68
64
48
46
39
44
14
6
250
257
248
237
225
155
146
139
122
114
111
117
104
94
81
63
20
20
19
9
6
10
683
665
348
292
260
230
185
169
134
132
99
86
86
88
84
76
69
70
62
62
60
27
24
684
461
445
399
402
350
255
249
190
182
177
134
132
104
89
82
69
68
61
59
59
59
29
29
658
408
395
306
200
189
190
155
136
106
86
79
72
77
57
59
53
39
34
26
10
10
10
522
237
323
288
269
211
208
173
170
160
142
129
130
120
85
66
59
49
42
38
26
468
401
268
250
250
181
151
152
119
119
117
106
97
89
83
82
74
78
49
45
36
15
12
11
8
485
482
180
171
176
159
120
111
104
104
107
101
87
92
81
81
79
50
50
41
35
41
20
6
527
617
281
6
203
190
181
139
130
127
97
92
75
55
56
50
49
42
36
18
11
11
564
488
395
257
8
12
238
205
196
186
175
137
121
113
104
97
90
89
80
80
47
23
19
629
380
371
351
326
302
262
10
186
140
145
140
116
109
111
95
88
78
51
45
35
32
30
27
696
390
345
343
331
305
16
217
178
174
131
99
87
92
75
69
67
61
55
49
40
28
31
31
270
278
27
25
19
7
6
256
260
205
195
183
168
139
115
108
95
75
66
50
40
40
37
426
418
356
349
326
291
27
21
15
15
11
206
181
173
160
152
113
97
95
71
55
50
34
600
364
35
28
16
272
231
218
191
189
189
184
163
130
118
85
76
69
66
60
52
47
15
604
331
313
307
295
287
42
25
252
240
236
204
196
194
180
165
151
135
117
80
52
491
295
257
238
155
154
132
119
122
115
98
86
65
62
60
53
20
25
25
14
7
672
416
370
45
45
250
221
222
197
186
161
131
125
120
105
92
95
81
79
79
77
54
23
844
417
316
49
46
254
202
181
166
156
149
150
136
122
107
86
80
82
69
70
69
30
14
8
8
497
394
56
55
43
42
228
214
130
118
115
78
77
74
77
69
38
34
29
22
27
21
9
7
463
443
391
337
47
251
119
98
78
45
36
34
35
19
12
10
10
10
429
396
390
380
354
325
66
282
275
181
164
157
125
116
107
82
46
40
36
36
17
13
426
401
369
355
75
291
251
243
244
229
200
179
163
153
120
90
84
51
23
20
12
7
8
407
401
82
276
256
256
223
223
210
205
205
183
183
176
157
155
122
115
119
114
51
46
29
25
21
1020
330
332
510
406
391
80
66
242
201
192
164
164
155
116
65
61
55
31
32
26
9
7
481
406
76
83
75
186
167
162
145
148
140
140
135
131
122
103
46
56
31
31
16
6
91
89
80
290
285
280
220
206
178
172
156
142
112
112
101
103
107
61
31
19
11
8
11
8
707
640
481
411
95
89
95
310
203
187
147
118
112
75
71
45
42
46
38
32
30
16
13
417
104
87
323
281
235
133
119
120
81
79
58
43
43
36
29
24
21
7
9
6
112
104
91
306
285
286
244
232
160
139
121
86
90
40
36
36
16
8
11
9
11
7
11
485
487
424
110
110
101
101
352
291
269
216
183
133
132
138
89
76
52
45
41
41
37
19
14
14
540
430
115
102
105
244
230
231
221
205
161
142
137
132
124
91
74
72
66
65
56
56
44
28
27
398
384
127
125
111
293
228
212
180
139
100
95
63
49
51
46
23
26
19
18
8
752
602
500
115
112
348
330
296
284
273
246
222
155
139
142
100
68
55
54
47
28
526
431
311
289
246
241
240
246
211
207
109
89
80
71
65
51
36
29
18
15
11
9
7
9
461
387
122
124
273
265
262
256
208
194
189
169
160
154
155
151
85
77
70
65
55
56
45
16
16
392
127
350
186
192
182
150
115
91
81
81
75
70
61
59
61
61
37
39
28
25
21
15
6
410
400
360
253
251
212
167
158
126
117
111
82
76
76
74
66
63
35
26
24
24
22
11
416
150
143
148
146
376
300
252
180
122
121
81
81
62
59
49
45
30
14
18
9
8
6
653
163
325
312
296
271
263
261
201
191
140
105
86
79
65
53
47
45
32
14
8
9
9
10
160
308
301
262
215
183
190
132
131
119
100
97
91
84
80
70
64
58
58
57
41
39
7
6
528
159
235
220
195
128
112
94
96
96
87
89
86
70
46
50
44
25
22
22
19
529
170
170
374
361
300
300
269
216
192
139
138
116
99
75
59
55
47
35
34
11
11
16
572
173
262
127
115
106
113
99
95
93
93
80
65
67
65
56
43
33
34
16
13
728
540
272
272
256
242
215
194
142
111
107
87
85
83
57
59
40
39
15
18
9
9
512
511
183
240
239
213
165
166
115
95
83
75
66
62
45
49
42
30
36
22
26
602
309
236
224
215
211
204
125
121
96
89
77
82
75
71
69
54
47
48
19
23
12
6
10
526
191
352
307
287
171
130
124
122
124
119
95
93
90
90
85
76
67
54
36
24
27
22
15
514
500
457
417
330
250
180
167
158
152
152
148
124
125
112
90
85
80
79
59
33
16
13
12
1001
297
251
230
185
152
125
112
108
105
90
91
86
86
80
84
63
21
10
8
12
14
8
721
205
196
427
319
267
270
262
261
190
162
167
151
152
141
113
98
89
74
60
42
34
18
8
804
321
261
233
156
124
96
79
73
71
49
51
48
35
13
10
10
8
7
7
7
395
321
309
275
203
195
160
144
138
101
94
79
74
64
71
54
54
54
44
18
15
212
452
331
327
193
183
156
123
110
110
90
85
79
82
72
64
57
49
24
22
19
18
546
236
366
348
276
260
210
206
206
188
140
130
54
44
51
42
34
37
18
22
22
15
539
225
221
458
313
265
166
159
156
153
128
127
127
114
95
93
94
83
73
69
55
43
28
14
6
610
240
441
397
295
203
186
175
143
138
125
119
110
95
64
37
32
32
11
7
8
6
508
334
292
264
206
188
176
164
164
164
157
124
125
123
119
105
103
103
99
78
37
22
10
628
237
356
338
299
211
202
179
153
127
79
54
44
43
34
35
27
17
9
8
15
11
261
275
201
167
160
155
155
136
134
134
113
107
107
106
88
86
88
58
48
42
38
25
16
878
251
352
203
186
178
160
146
140
119
99
93
85
81
59
60
47
40
39
37
35
21
17
745
251
305
9
213
215
208
195
189
119
117
111
97
63
60
58
58
58
57
50
31
33
20
277
469
284
8
213
190
174
151
130
128
89
84
75
68
67
57
49
35
35
37
19
276
321
321
17
226
210
194
173
149
147
134
133
102
93
75
68
67
58
54
40
10
432
326
24
220
200
179
151
127
129
79
78
73
68
51
45
46
38
41
45
29
17
401
387
269
235
190
166
164
155
127
119
119
114
78
79
82
77
70
63
57
50
9
9
410
409
344
307
300
32
28
28
31
273
266
147
124
119
111
70
55
25
10
7
8
8
214
193
170
155
150
138
133
126
115
94
94
82
80
51
40
28
23
17
11
8
522
448
386
382
355
346
231
122
125
127
119
92
85
70
65
65
55
55
36
26
25
24
6
682
574
295
547
518
486
351
325
46
46
286
283
243
223
201
185
186
182
130
112
97
56
62
439
382
52
290
241
193
151
146
144
134
137
130
119
110
109
102
75
55
59
45
26
9
444
362
332
59
258
196
149
144
134
135
119
114
108
76
63
71
51
53
14
10
616
619
309
521
300
270
270
263
218
220
188
179
178
154
127
113
108
47
47
45
51
37
25
23
18
538
363
301
275
265
256
210
206
180
135
101
102
103
83
86
61
56
43
45
34
33
27
12
12
705
338
412
371
355
302
241
228
206
187
168
164
101
89
58
48
44
35
29
17
21
17
918
389
385
80
316
264
233
230
214
199
134
121
95
94
91
60
59
37
40
12
12
17
8
8
84
78
82
264
250
219
219
219
195
197
191
181
169
156
67
27
13
16
9
12
9
665
584
303
297
226
167
160
155
152
149
157
144
110
110
106
106
106
81
44
37
14
336
248
248
248
231
229
184
173
133
117
81
82
70
59
49
43
29
37
23
23
22
21
23
455
100
99
287
274
214
213
191
187
173
176
154
142
143
110
82
75
71
59
13
9
7
628
291
290
192
189
181
153
121
96
96
76
59
55
51
51
49
47
44
33
29
18
18
14
14
419
250
251
240
240
190
179
157
142
91
96
85
58
57
41
36
20
19
17
17
14
10
8
270
256
225
208
169
167
143
148
105
107
97
72
71
43
43
45
24
22
16
7
9
6
483
113
355
313
233
220
214
160
112
111
100
99
81
80
74
37
18
12
311
280
265
225
173
145
142
127
98
100
97
85
85
67
53
52
51
43
25
23
129
243
239
237
213
196
185
166
157
87
84
72
56
48
54
39
39
35
28
17
10
6
6
504
471
134
132
212
157
148
151
135
135
110
110
107
95
89
74
63
59
57
37
33
362
346
333
276
271
202
187
160
106
98
93
64
47
47
40
30
32
28
10
7
777
472
436
341
281
275
245
188
177
174
165
137
91
73
54
45
40
29
28
19
11
14
7
6
644
618
538
423
149
347
312
200
200
135
92
82
78
59
55
40
44
42
8
8
10
6
600
341
331
316
244
234
230
198
171
146
141
129
113
97
90
79
63
56
53
53
53
49
16
24
401
451
156
289
239
180
151
135
131
117
113
72
58
58
30
34
24
21
23
24
19
13
608
589
517
349
297
277
205
205
107
100
96
93
93
92
72
72
59
55
56
46
42
40
39
479
296
280
259
225
174
151
124
101
90
92
77
68
61
50
31
36
34
35
18
9
443
365
307
225
209
164
166
149
131
129
127
121
107
103
82
84
80
77
63
51
27
28
15
22
22
715
510
179
338
295
253
234
230
153
122
114
108
87
89
87
80
78
78
61
14
11
10
13
7
454
390
298
265
245
240
141
137
113
94
88
61
61
49
28
29
28
22
18
12
299
290
244
229
190
182
165
124
118
97
90
81
82
60
43
24
27
24
18
13
10
10
265
247
225
215
188
151
151
148
119
93
57
56
54
47
43
26
28
22
20
14
10
8
480
313
289
275
216
216
182
172
156
109
91
92
80
62
66
53
43
36
34
25
20
20
15
7
785
641
360
284
245
232
196
180
163
153
113
75
75
69
58
35
36
27
33
33
25
8
203
441
299
279
265
221
210
210
189
185
164
159
138
117
88
85
74
71
59
51
43
37
12
6
795
456
308
302
257
228
229
205
194
188
157
157
124
125
124
113
105
99
75
65
63
59
55
37
704
440
352
193
164
148
144
126
120
118
93
82
84
81
59
56
51
48
40
31
8
7
7
815
387
290
200
179
175
153
153
125
125
125
102
101
93
87
76
58
47
48
44
33
10
9
373
356
332
280
282
259
221
217
188
178
139
139
135
130
134
90
70
67
49
20
18
14
631
394
380
328
235
241
226
222
196
169
161
135
133
120
93
79
83
55
55
53
46
36
11
6
514
233
287
219
199
168
160
147
140
140
118
122
116
99
74
67
43
51
51
27
27
16
17
472
398
390
380
319
312
228
205
181
175
158
150
150
152
145
129
123
115
106
103
65
39
25
9
494
249
477
327
223
168
163
150
134
120
103
103
80
84
61
40
50
35
34
28
16
6
6
255
457
326
275
205
206
149
133
129
115
108
96
98
102
91
91
88
82
75
27
21
10
401
334
317
282
270
266
233
216
202
206
194
188
186
178
152
130
119
113
108
104
75
16
670
451
225
193
171
172
168
148
145
116
106
101
89
81
52
45
17
21
17
6
6
418
369
347
284
245
216
216
207
175
175
153
126
107
73
85
60
54
46
32
24
516
461
358
318
248
250
184
159
141
134
126
86
57
31
17
23
15
15
15
11
7
7
371
313
273
240
208
123
109
86
63
60
67
51
53
45
42
21
12
10
12
9
486
340
285
289
245
230
219
213
194
194
190
145
119
72
56
50
50
28
25
17
17
8
8
8
397
355
339
261
199
197
192
190
190
184
181
168
126
124
106
80
93
88
68
46
22
22
20
15
292
514
481
305
268
245
202
188
156
147
138
117
105
91
57
43
37
36
36
18
9
8
231
207
198
183
170
143
120
90
70
62
39
25
27
29
13
14
15
8
8
6
556
425
348
276
233
233
196
148
141
142
125
95
105
80
61
54
45
34
34
28
28
26
28
6
651
507
386
278
249
210
196
147
144
130
76
55
49
46
46
46
45
33
37
23
18
14
7
538
503
286
269
261
243
233
165
152
67
55
40
38
40
38
30
38
10
7
6
10
7
10
353
257
190
135
116
116
97
76
63
63
64
61
56
52
45
49
47
35
23
18
17
739
742
335
279
253
225
223
196
173
161
154
145
113
112
85
66
57
64
63
55
57
22
648
462
318
243
234
181
166
145
145
115
104
104
107
96
71
71
70
62
59
38
33
27
28
395
399
242
242
205
181
171
162
101
91
79
71
65
64
49
48
38
38
30
6
8
7
681
547
240
202
193
173
160
89
79
72
70
43
43
43
37
38
40
14
12
8
6
529
258
252
222
215
205
181
173
165
135
125
85
85
84
75
75
71
53
58
48
40
11
17
12
354
337
258
241
220
210
190
187
165
105
104
106
80
82
71
61
54
51
44
22
446
327
286
260
215
205
198
190
120
110
104
95
87
70
65
50
15
7
9
6
9
701
544
302
230
221
180
178
178
163
171
175
154
140
78
70
63
58
27
32
26
19
691
415
413
325
225
206
201
198
168
153
106
101
68
59
61
60
37
21
20
12
12
9
554
531
418
307
273
167
130
126
111
110
100
102
83
68
55
60
43
26
35
18
10
8
8
520
527
429
379
346
275
260
248
237
227
218
205
202
160
115
112
114
79
70
48
29
15
13
434
354
287
170
144
119
121
112
112
109
88
86
83
67
56
36
32
9
9
9
9
546
378
331
287
176
163
145
117
95
94
97
89
86
88
81
39
34
32
20
7
7
327
319
314
260
231
180
165
145
130
125
122
115
104
98
93
91
77
44
44
28
12
6
547
312
255
246
232
185
160
120
110
95
96
90
82
67
49
35
21
10
8
8
536
371
264
233
233
227
139
110
103
101
92
68
60
59
66
54
47
31
27
19
13
10
10
349
329
265
225
189
181
168
149
144
119
118
100
63
45
40
34
34
24
8
11
498
400
301
238
197
181
166
165
155
139
113
110
89
99
76
79
69
70
57
47
39
39
32
12
346
306
295
256
252
244
170
171
156
160
154
125
119
113
110
71
69
64
49
50
44
39
26
17
1210
508
374
350
311
312
286
280
269
176
156
149
147
129
126
121
69
47
30
25
30
9
12
812
766
655
557
478
436
194
205
191
157
137
111
95
93
60
54
54
35
28
23
12
16
16
330
328
320
241
203
169
169
141
115
103
113
96
96
95
59
59
52
45
45
10
7
10
6
6
410
389
295
295
203
203
167
147
133
130
118
93
79
77
81
73
73
64
41
43
38
17
17
553
487
372
368
345
345
340
228
134
94
56
60
54
53
50
27
33
18
20
16
11
11
9
557
492
396
350
265
194
189
175
159
148
149
146
142
132
99
80
57
51
48
35
35
28
6
1134
360
279
276
264
190
179
168
124
123
116
106
85
61
60
53
49
33
33
20
10
338
282
264
239
171
165
122
96
71
77
70
75
60
50
31
28
26
26
19
11
11
12
6
10
457
562
476
473
214
215
201
158
144
98
89
67
59
49
33
31
24
7
7
7
365
268
226
178
177
138
155
138
105
75
57
40
21
17
16
12
9
6
12
10
364
340
303
296
273
254
239
202
200
183
191
178
173
173
136
105
94
86
69
57
29
27
22
22
403
336
178
173
178
162
133
115
110
98
99
97
85
82
62
62
55
35
31
30
32
26
22
777
612
499
426
221
170
125
110
104
103
95
91
90
79
63
33
31
27
21
13
9
8
6
482
525
393
393
305
188
140
114
114
104
84
84
77
76
65
58
52
36
36
36
26
24
14
22
731
566
333
203
145
145
119
114
113
100
89
88
63
43
37
41
35
22
25
25
19
19
19
804
173
149
133
134
100
90
94
93
86
70
52
47
50
47
41
20
24
18
22
13
13
17
10
704
532
400
392
311
232
112
98
78
76
71
65
58
49
47
33
29
23
28
20
9
12
521
326
301
276
266
234
217
206
184
156
150
128
129
116
110
87
78
69
53
50
50
38
27
461
439
319
242
235
157
155
136
108
86
83
79
81
61
61
59
49
31
26
11
679
497
469
271
270
255
224
200
150
138
137
120
99
95
97
86
74
47
26
20
10
540
280
249
237
174
141
107
107
93
74
74
67
68
67
39
39
39
13
21
11
10
10
427
344
300
215
212
198
179
165
159
154
145
135
135
124
81
50
35
39
30
20
16
15
15
10
484
437
295
271
260
262
238
213
176
135
128
110
106
95
78
78
62
59
33
25
18
15
350
302
290
271
238
194
168
166
154
122
95
82
82
64
67
61
57
45
41
21
17
8
8
661
560
399
327
279
253
175
169
169
167
123
66
53
42
41
25
17
9
8
7
7
6
772
395
378
281
248
240
201
174
132
118
121
115
109
100
97
94
86
81
72
71
35
27
30
684
578
571
275
253
206
196
188
165
168
160
155
153
123
105
51
45
45
22
17
14
12
9
512
377
252
242
215
209
165
155
130
120
123
119
111
102
52
40
18
17
12
17
6
584
300
296
289
182
180
150
135
107
92
89
75
64
70
39
26
20
13
15
8
9
11
590
325
318
279
224
178
175
169
168
167
147
116
104
97
85
72
55
45
32
19
7
6
620
278
242
224
210
209
181
148
136
92
96
89
63
70
58
57
57
48
37
25
20
11
7
1090
319
270
201
198
170
144
131
126
110
94
79
65
60
54
48
44
38
26
22
12
12
7
432
398
360
324
319
296
209
190
179
162
128
129
126
125
106
102
59
52
51
42
6
415
350
275
141
80
75
67
64
54
49
36
38
38
34
26
30
21
22
18
17
18
9
633
421
406
395
374
230
219
216
208
173
141
115
106
109
95
81
72
69
52
39
26
23
15
569
274
224
162
154
147
150
142
130
77
64
61
57
42
42
38
20
14
11
8
14
6
295
230
224
227
211
208
182
175
151
148
141
139
94
90
91
63
50
37
37
31
31
20
12
879
392
350
234
185
180
125
127
97
95
82
69
67
42
41
42
41
30
17
24
13
10
583
504
350
350
307
253
205
192
166
161
139
115
100
72
70
69
59
39
33
31
36
37
18
475
304
270
193
190
190
167
164
162
146
79
75
66
56
50
48
27
31
20
6
13
6
917
417
242
227
198
149
136
133
111
111
111
88
82
80
75
70
51
46
12
381
257
230
218
196
155
98
78
78
80
76
37
41
34
30
13
463
343
284
273
265
241
181
148
141
115
108
107
98
78
72
55
18
10
7
9
7
380
367
338
276
210
200
184
176
138
136
114
86
86
91
83
68
66
57
57
53
42
30
25
12
343
312
306
294
239
187
162
111
108
100
90
81
77
73
73
27
24
15
6
7
498
274
275
255
251
209
200
167
155
153
130
127
122
101
92
77
78
58
51
31
27
26
7
6
1275
405
266
261
242
221
177
155
141
127
112
114
113
107
110
95
87
77
29
19
9
12
506
396
275
253
242
220
173
149
155
133
91
82
60
41
24
18
15
8
9
8
10
680
494
491
301
242
225
189
171
139
139
107
109
89
85
68
65
41
27
24
16
13
6
420
255
238
225
180
179
125
115
102
92
75
70
71
55
48
34
34
32
32
32
27
28
21
305
250
218
205
186
178
170
155
150
130
130
123
123
107
107
88
75
53
46
36
33
23
18
9
239
204
160
152
130
122
112
109
101
85
63
72
65
55
38
36
34
34
33
28
28
17
14
634
628
470
409
316
306
279
199
168
140
130
113
96
89
82
70
61
46
33
11
415
357
226
226
213
191
175
175
164
148
133
116
114
94
88
72
67
51
31
14
10
382
369
300
261
229
219
219
206
175
150
150
121
123
106
101
56
45
45
42
36
29
23
9
623
418
346
196
195
177
167
143
143
125
106
100
62
63
57
48
50
49
34
30
6
7
7
460
324
283
283
226
228
179
161
147
112
83
77
69
67
63
59
55
53
53
45
45
38
34
10
606
565
385
360
195
147
142
91
80
74
67
60
61
61
45
38
36
39
25
30
15
8
6
466
405
275
262
229
201
195
172
172
170
166
157
147
128
123
103
89
66
66
63
55
20
9
9
479
325
290
283
268
206
156
151
146
135
121
98
82
82
78
73
61
57
57
57
46
42
8
6
6
627
460
318
311
193
169
169
165
145
145
119
111
105
96
87
82
81
73
62
46
26
11
6
381
298
301
210
178
176
158
144
134
110
105
81
78
71
64
37
40
24
17
15
11
583
359
277
252
220
192
185
146
97
93
84
83
75
67
51
38
29
27
21
19
13
13
13
402
353
263
236
217
160
91
94
88
88
88
81
76
68
65
38
38
21
19
15
8
8
479
341
312
287
250
200
181
187
177
165
117
107
104
95
67
59
44
32
35
30
31
26
23
23
9
374
329
246
212
207
192
194
176
127
111
90
97
90
86
61
59
34
35
29
18
11
416
360
301
295
289
260
235
235
220
197
172
168
135
123
109
93
95
94
60
41
40
34
36
15
354
315
303
217
210
200
202
186
145
108
101
100
96
89
69
41
40
41
34
28
25
20
10
734
663
239
203
159
147
144
144
146
112
74
46
45
40
28
15
15
8
9
553
438
198
196
190
147
124
120
106
99
68
68
57
57
57
57
55
45
38
45
36
21
21
372
273
9
9
237
155
154
137
116
102
87
87
86
55
55
45
42
35
34
25
21
20
715
10
10
228
216
201
195
174
142
129
122
108
106
96
77
61
55
55
48
40
24
369
20
17
20
6
9
7
240
216
197
143
146
139
133
95
72
66
64
64
61
58
49
50
35
35
959
437
395
275
21
22
20
24
10
6
210
205
190
144
121
116
99
88
77
65
60
60
36
8
7
8
683
501
27
11
257
206
185
158
142
133
109
82
86
80
74
60
56
60
40
41
33
44
9
10
9
9
424
313
274
34
31
29
24
19
13
254
246
242
177
148
128
129
73
60
52
38
14
14
15
14
10
353
341
38
42
29
247
196
176
159
159
146
149
133
83
78
71
57
57
47
52
18
13
11
509
45
44
29
29
29
204
195
178
163
164
136
104
95
86
86
88
71
75
62
60
56
12
16
6
370
363
337
313
35
39
34
236
219
163
128
118
125
102
104
94
77
83
69
67
65
55
30
9
303
48
279
208
182
160
156
140
134
107
93
95
93
95
83
80
81
71
72
64
64
16
15
16
14
10
9
467
444
345
348
313
273
249
225
205
162
145
100
94
93
90
86
77
12
10
10
10
9
364
329
57
49
191
191
178
124
122
111
110
98
91
80
73
47
36
18
15
14
15
9
476
470
64
278
271
255
206
205
183
128
121
111
100
94
87
85
86
86
39
24
21
19
20
19
12
8
470
338
75
272
260
193
188
180
178
176
180
115
108
101
31
23
19
11
10
10
14
7
7
544
302
271
227
207
193
126
125
124
97
60
60
63
55
45
55
54
41
39
30
29
24
26
24
15
63
212
209
201
157
128
124
103
100
63
64
44
45
29
22
22
20
18
89
79
72
74
269
213
209
193
188
149
130
97
99
70
70
49
49
27
28
23
18
17
7
6
304
275
222
200
188
188
169
147
135
112
75
54
45
44
28
28
27
23
23
22
24
11
7
6
424
201
153
145
143
117
119
107
106
79
83
55
52
46
33
33
30
26
24
9
7
718
102
86
224
207
186
177
166
168
155
131
120
87
64
54
49
49
49
39
37
10
16
6
6
6
6
6
256
212
188
185
169
175
164
127
81
60
58
54
44
43
26
21
8
360
99
101
99
328
288
244
230
221
160
139
131
124
74
74
69
67
49
26
8
6
102
103
265
247
245
226
172
176
172
165
164
146
125
126
129
96
85
81
80
64
64
54
53
50
38
22
22
31
21
458
112
340
191
176
171
144
127
104
100
76
83
69
69
64
59
58
58
51
36
32
23
22
13
8
7
7
445
124
124
343
135
139
110
63
57
57
58
42
46
43
27
31
28
8
9
9
525
116
357
338
299
280
232
185
159
152
144
114
115
110
111
89
79
76
70
68
61
52
48
37
42
14
10
8
511
125
133
124
194
115
86
72
64
56
38
41
27
34
33
22
15
9
13
6
142
123
126
264
247
212
197
195
190
160
110
58
56
48
56
36
35
32
29
30
31
18
7
10
149
141
329
308
244
232
209
202
177
179
114
92
77
75
51
44
30
23
9
9
11
7
7
670
154
139
273
255
199
188
179
122
122
129
105
99
90
81
79
70
70
57
61
66
60
52
42
39
33
25
28
305
275
219
205
200
131
114
106
92
62
48
44
46
44
35
28
33
21
569
507
143
344
309
281
235
240
222
191
144
120
100
98
73
61
66
45
47
44
30
31
24
22
166
157
343
341
297
231
223
128
123
103
97
100
97
86
89
82
82
81
54
56
37
37
37
27
8
564
174
174
159
153
196
134
134
125
119
101
88
68
63
57
48
48
43
31
10
844
459
453
169
268
232
219
207
151
141
130
116
113
106
93
91
91
79
53
36
34
9
9
382
365
308
231
231
200
133
106
100
85
82
80
73
71
66
44
41
42
39
34
27
15
14
14
594
336
230
151
140
138
124
77
65
65
52
56
39
30
34
20
23
17
15
10
7
7
524
380
247
203
145
127
111
81
79
68
62
58
56
52
48
51
29
24
15
14
8
12
8
345
287
261
266
145
137
129
113
115
113
98
73
73
73
49
49
35
30
28
483
449
189
402
299
250
239
166
155
149
121
119
91
72
72
49
34
36
35
27
15
12
199
191
413
364
293
167
121
108
92
88
85
83
29
27
27
27
16
11
11
7
812
590
286
267
266
266
230
157
134
126
103
103
84
76
81
76
72
58
48
34
34
27
34
22
17
12
609
209
423
395
270
247
195
174
154
160
115
104
98
74
74
73
58
21
23
15
13
8
203
375
371
322
315
284
271
184
178
178
174
144
151
137
123
103
98
98
81
66
42
24
9
9
395
352
332
284
272
165
156
156
146
128
112
114
105
91
91
87
87
65
59
39
39
37
23
8
565
566
162
134
133
108
92
69
73
64
55
44
36
33
15
15
15
8
239
218
367
306
280
278
247
219
214
191
188
178
172
167
169
166
126
128
120
116
109
113
94
80
71
66
66
47
22
472
195
193
189
175
167
137
135
112
106
96
84
52
50
22
13
18
14
11
8
10
10
244
355
362
208
151
134
134
83
77
49
51
35
30
19
16
16
16
14
8
8
10
7
353
305
205
182
172
141
109
84
64
64
62
56
56
56
40
35
21
15
405
328
8
8
11
7
7
8
193
175
173
128
125
90
69
48
57
55
26
21
20
376
332
18
12
13
114
85
90
92
82
80
74
45
50
37
31
31
31
23
26
483
463
409
399
349
286
23
18
18
7
10
99
90
68
58
54
37
34
27
31
545
267
394
352
338
27
24
26
15
10
12
226
211
208
201
183
142
134
140
92
82
57
51
55
43
40
374
8
17
222
208
196
173
155
97
97
84
81
57
57
49
53
46
45
274
512
328
302
33
25
25
245
202
142
115
92
87
75
67
51
655
495
479
419
6
7
9
6
6
39
26
29
215
208
191
172
165
125
119
124
101
78
75
72
68
67
56
56
53
389
338
16
12
7
35
42
43
32
222
183
174
162
141
104
96
77
64
62
62
58
60
53
303
16
10
36
32
258
233
232
211
176
149
130
117
109
102
101
88
80
72
66
738
399
320
308
22
7
53
54
45
45
45
45
35
264
220
112
106
102
83
72
71
68
66
363
361
31
20
6
58
259
251
234
196
156
107
95
76
759
293
539
444
381
337
17
15
14
14
11
9
7
51
231
216
180
128
104
91
95
82
68
374
335
33
22
19
16
15
15
10
11
69
73
69
72
64
68
60
299
121
89
91
89
86
87
83
85
73
547
350
17
15
15
77
71
284
267
269
233
223
226
211
156
151
127
122
101
103
96
88
400
40
36
32
9
79
291
265
242
218
165
109
97
95
91
88
391
391
368
56
50
49
48
31
32
10
10
10
8
87
75
71
71
246
228
223
208
203
182
165
165
147
144
123
92
318
50
55
52
42
35
9
87
80
72
224
193
142
125
106
103
101
342
59
58
59
52
52
46
40
35
28
21
14
7
98
85
328
296
231
172
149
147
142
125
125
122
111
111
99
98
495
444
366
72
70
60
52
37
21
103
310
226
184
153
151
151
135
130
125
125
72
72
52
47
23
21
18
10
7
10
10
288
168
167
143
113
403
62
48
48
40
33
17
20
23
21
12
10
15
6
15
6
235
179
126
113
113
738
587
408
77
66
61
60
58
55
40
31
26
12
10
113
116
102
239
213
191
181
174
145
132
398
92
71
67
68
61
62
55
45
45
28
28
24
118
320
289
283
171
136
553
65
50
44
44
44
43
30
22
12
15
15
13
10
10
6
124
310
224
150
132
135
546
97
75
75
74
72
71
70
57
46
46
35
23
21
18
16
127
110
112
334
170
178
154
435
98
78
77
72
64
51
45
48
35
23
22
20
20
9
10
131
309
234
204
192
150
138
138
86
82
82
59
51
33
28
25
26
8
8
8
8
9
139
132
136
127
324
325
217
147
584
467
421
405
111
107
95
72
63
56
33
30
23
23
19
9
128
283
241
206
199
177
169
155
451
109
105
98
90
76
71
71
69
30
30
30
18
12
9
153
149
373
350
333
207
184
179
180
161
122
112
111
110
101
80
67
41
40
32
26
17
14
6
11
145
133
214
168
400
448
112
107
105
101
89
78
76
65
48
46
45
45
45
28
28
13
11
7
259
200
179
407
125
110
89
90
84
83
83
67
56
51
35
42
36
27
12
11
6
250
246
235
210
188
464
130
132
126
130
96
86
86
86
74
60
31
34
32
11
8
6
399
306
186
670
141
100
94
93
63
61
60
59
56
45
43
28
15
14
9
10
7
7
6
173
172
337
213
219
207
414
127
106
106
97
96
71
66
66
51
51
50
37
27
21
16
12
369
288
287
237
213
717
112
85
76
71
71
71
69
50
51
49
28
26
17
10
14
163
393
304
268
153
150
142
142
109
109
108
95
83
67
59
58
37
28
28
28
31
18
186
390
386
460
114
97
86
81
57
57
57
52
36
33
23
24
23
18
6
6
6
198
181
340
271
254
252
167
162
144
105
96
86
74
71
47
34
30
19
11
11
11
8
251
238
529
491
150
146
150
145
138
121
90
90
89
82
72
56
59
47
37
28
33
16
11
207
390
338
256
235
232
226
230
182
155
151
126
126
52
45
40
40
33
39
37
32
21
13
6
7
402
248
245
172
168
155
131
126
110
106
89
85
77
62
45
47
47
40
34
34
26
26
27
12
454
184
183
169
106
101
105
91
86
82
82
63
67
63
67
60
54
43
37
31
31
29
31
9
6
285
233
231
230
228
191
177
172
165
146
143
141
124
106
99
87
81
81
67
71
59
36
9
9
388
290
196
196
195
170
129
125
121
111
92
82
77
68
60
62
41
37
36
29
25
7
227
393
368
297
251
246
199
184
142
134
130
97
82
67
69
63
48
54
46
42
31
31
20
17
16
234
435
273
270
213
180
173
135
136
136
126
118
111
102
102
93
87
72
69
52
51
18
8
334
287
175
156
156
144
141
100
91
81
62
42
29
26
23
22
22
23
22
19
17
7
235
475
260
550
212
192
158
149
147
120
120
112
97
88
75
79
73
36
28
24
24
24
354
320
261
222
195
193
171
167
158
141
140
102
93
95
89
78
82
59
41
40
30
17
10
7
238
282
282
274
274
268
146
128
122
88
45
42
38
37
34
34
22
21
12
12
20
10
10
263
230
219
139
112
104
95
95
84
76
72
70
62
61
61
57
50
43
40
39
22
11
17
16
337
280
235
212
195
164
163
157
157
144
121
117
48
44
32
32
37
31
22
254
671
561
188
165
161
160
114
109
105
86
86
75
72
64
61
50
49
49
49
49
26
14
12
12
226
213
207
198
188
166
165
113
113
118
98
97
84
91
79
76
47
42
26
7
315
288
232
204
181
151
121
110
107
96
91
63
63
62
62
63
47
20
10
10
6
6
469
540
183
168
134
137
124
128
118
102
107
107
76
68
68
52
51
52
29
12
7
7
7
473
314
263
263
243
181
178
127
123
112
106
94
79
72
72
69
69
47
41
34
34
19
431
333
263
245
240
219
216
215
166
147
140
136
111
106
96
92
40
39
19
19
18
13
7
7
477
245
197
191
181
175
167
148
143
135
137
116
101
89
33
24
27
24
26
28
22
14
6
257
250
243
194
186
176
171
129
110
113
107
60
38
44
27
8
8
14
8
8
509
283
240
236
212
154
156
133
137
93
93
72
50
52
43
36
34
34
36
29
27
20
15
6
498
440
340
783
631
277
245
236
238
235
205
155
107
98
98
82
81
50
39
30
24
17
7
379
289
271
248
225
211
210
203
176
155
157
137
129
121
120
121
100
80
75
73
62
60
17
13
14
363
226
216
195
194
169
168
127
119
125
107
104
96
86
82
69
46
37
35
34
33
33
30
22
25
389
340
275
271
181
164
146
131
113
117
96
81
56
57
42
38
16
10
10
8
8
8
415
370
351
258
231
221
224
199
199
151
118
114
110
101
53
45
29
29
28
23
21
8
6
383
232
215
213
197
183
173
123
88
70
78
66
55
36
29
27
15
12
14
11
9
702
616
300
269
205
191
159
153
146
146
124
120
111
67
53
49
37
30
23
23
23
17
17
420
280
236
236
225
218
202
196
193
166
132
133
101
105
76
63
60
55
22
19
10
8
399
607
323
270
198
177
171
107
95
95
88
73
63
61
61
49
48
26
22
16
8
11
413
258
242
239
229
228
207
117
93
84
79
68
63
49
56
46
38
32
28
19
10
7
442
315
251
241
223
157
142
142
122
107
98
67
62
65
48
41
34
34
27
10
10
7
400
386
384
324
287
280
245
213
200
200
153
142
113
112
75
50
59
42
40
40
39
31
32
15
489
265
251
242
208
191
177
145
132
106
94
90
75
47
44
24
22
21
14
15
12
495
247
232
223
181
167
146
113
120
98
89
49
41
33
25
24
22
25
8
10
13
8
591
308
276
264
222
221
142
127
114
97
82
63
61
46
46
44
44
30
30
21
8
439
425
405
233
203
162
147
102
98
91
93
68
68
59
28
28
18
13
14
15
10
9
637
333
285
259
247
172
155
152
137
105
97
92
78
75
70
40
35
11
6
323
290
237
201
193
197
155
151
130
130
106
103
97
92
83
69
68
69
63
53
45
45
38
25
7
343
326
256
240
198
188
187
163
151
142
129
101
82
64
48
41
40
31
31
28
28
10
639
1054
283
235
226
211
200
189
167
176
109
110
104
84
50
50
39
36
27
20
11
15
6
581
377
338
338
336
276
226
157
153
125
129
106
86
73
60
60
35
33
25
25
22
20
20
499
344
343
311
241
186
149
129
98
95
95
89
89
78
51
50
40
39
36
37
27
27
18
