70
55
27
28
25
26
24
21
21
9
15
9
9
6
6
6
6
6
6
8
6
95
88
72
69
61
57
47
50
39
42
44
29
29
28
26
20
14
25
11
11
6
11
14
6
99
57
51
48
40
34
31
21
19
31
29
15
16
18
8
10
10
10
6
6
6
73
67
53
29
20
21
20
19
15
15
13
15
15
15
15
14
10
11
9
7
127
120
53
43
39
29
22
21
20
20
20
9
16
11
11
10
11
10
9
7
7
6
97
75
58
53
46
28
31
27
27
25
24
24
22
16
17
16
15
7
12
10
10
8
8
120
90
72
62
44
39
32
28
21
19
10
13
13
12
14
10
7
8
10
10
10
8
125
93
43
35
35
35
28
26
28
17
15
17
10
7
7
15
10
7
7
6
6
83
65
46
48
39
30
23
25
27
24
23
15
12
12
7
12
11
9
8
10
6
65
54
44
38
33
32
32
32
17
19
18
15
16
15
16
6
6
10
6
6
55
51
51
50
46
35
30
25
25
25
22
21
21
20
17
10
6
8
8
6
55
51
44
28
22
25
24
13
15
10
10
10
10
16
6
7
9
9
7
9
9
9
8
86
59
43
35
16
25
13
11
8
7
7
10
8
11
10
7
8
8
7
8
7
7
7
7
67
64
60
47
48
41
33
35
35
35
36
21
21
18
20
18
17
17
10
10
7
7
41
41
28
30
26
25
23
23
23
15
17
17
17
9
9
14
9
6
15
14
9
12
6
6
113
81
66
65
58
47
47
28
28
28
17
16
11
20
17
17
9
11
10
7
8
7
63
52
59
51
51
41
46
33
35
27
27
22
16
22
19
10
13
6
6
6
6
6
6
6
56
40
39
39
32
26
27
18
11
15
6
11
9
8
6
8
11
10
10
6
6
6
6
111
83
62
46
37
37
29
16
20
24
23
13
13
14
16
15
15
16
10
6
6
10
6
7
7
90
70
49
42
31
21
31
20
18
21
16
10
10
9
8
7
10
9
9
7
56
48
48
39
36
39
42
26
26
33
26
23
16
13
10
10
10
10
10
10
10
12
10
9
8
76
56
31
28
31
20
20
20
20
15
15
15
15
9
13
10
14
9
9
13
8
7
6
78
65
57
36
42
36
31
25
25
22
24
25
20
20
22
20
22
13
14
20
9
8
8
9
44
41
40
41
30
30
29
25
25
27
21
21
20
19
25
16
15
13
14
10
7
7
6
11
32
35
33
33
30
27
24
23
28
18
22
10
9
17
12
14
10
8
8
9
9
8
6
54
40
40
38
40
40
36
28
28
28
24
23
22
15
19
15
10
14
13
14
11
9
6
6
77
65
48
46
45
45
45
40
32
38
30
32
29
30
30
20
19
18
16
11
6
11
9
11
50
50
50
45
38
38
34
36
36
35
29
25
32
24
16
9
17
9
16
19
6
6
92
92
93
56
55
53
50
50
50
44
42
30
28
26
26
21
22
21
11
10
11
81
87
77
59
45
43
43
42
34
24
15
8
10
8
9
10
9
9
10
10
6
6
6
107
64
60
40
38
36
31
34
24
20
19
11
14
14
13
14
16
6
11
11
7
11
10
11
6
70
70
70
55
54
52
45
44
28
40
25
25
21
19
16
20
21
16
12
16
8
6
73
70
50
49
48
36
30
30
31
25
21
16
16
9
9
9
9
9
9
9
7
9
8
9
9
75
64
46
46
31
35
35
34
31
31
29
29
26
26
21
17
20
14
14
16
17
14
14
7
91
82
60
40
40
36
36
26
19
19
25
19
14
18
18
19
19
19
16
6
13
10
9
9
119
90
63
63
63
56
45
40
31
30
30
14
19
14
8
17
8
14
14
8
8
7
93
84
68
66
65
50
49
45
45
41
29
13
12
8
10
6
8
8
6
8
6
73
61
56
55
49
46
34
40
34
34
34
32
30
33
34
13
12
15
11
7
6
51
47
39
36
34
29
24
15
18
16
9
7
9
7
7
11
6
11
6
13
85
60
44
44
29
35
28
21
23
14
8
10
7
6
7
8
7
8
8
7
7
7
136
99
76
61
61
57
59
55
49
48
30
27
32
19
17
17
12
10
13
8
10
7
7
93
49
51
39
30
29
18
18
18
16
10
13
10
10
10
10
12
6
6
6
9
6
107
74
66
59
55
48
36
23
33
23
23
15
15
15
15
13
9
15
9
15
8
113
99
96
64
63
63
40
43
36
32
26
28
20
21
21
20
23
16
16
8
8
8
114
90
78
72
64
60
45
34
31
30
27
21
25
6
13
11
9
8
7
6
10
8
6
14
74
74
64
57
50
38
35
37
30
30
19
12
18
9
9
9
9
9
6
8
6
6
7
100
86
63
44
43
40
35
35
29
21
14
14
14
13
14
14
14
14
10
9
7
7
7
123
123
64
47
42
35
25
20
19
19
15
10
10
6
12
10
11
10
6
6
6
6
136
78
65
65
68
57
45
31
24
24
20
20
21
8
10
10
8
8
10
9
6
7
6
134
115
73
60
50
43
38
39
29
29
29
27
26
24
16
16
20
20
20
22
13
16
13
16
12
6
6
7
8
7
112
57
58
34
34
32
29
22
27
19
18
17
12
10
14
9
11
8
12
9
9
7
120
39
39
37
36
35
33
32
32
32
24
17
21
14
14
16
19
16
71
55
44
44
31
37
32
31
30
30
27
19
27
23
19
6
19
21
18
23
78
78
61
49
42
33
31
9
9
9
8
9
11
9
9
9
6
7
7
7
24
102
75
54
52
46
44
29
32
29
14
14
14
13
19
14
8
8
8
12
8
8
7
6
7
81
61
61
43
37
37
21
17
18
17
17
13
15
9
9
9
9
9
9
9
9
6
30
33
37
93
85
85
74
70
70
64
61
48
48
29
24
19
19
18
14
14
14
10
14
14
42
107
93
84
86
88
69
69
62
53
44
25
21
19
20
10
10
19
10
7
6
8
43
125
103
95
89
67
67
32
39
29
27
26
15
24
15
15
20
15
11
11
10
10
10
74
63
57
54
54
39
34
20
29
15
20
12
20
12
16
8
6
10
10
6
6
6
6
6
56
53
167
82
81
36
31
30
11
13
11
14
11
10
11
8
10
11
6
6
6
62
55
58
62
124
122
82
64
47
44
39
25
18
16
16
16
16
16
15
7
7
6
80
69
54
54
44
45
35
41
32
23
21
23
21
13
12
8
9
9
10
10
10
97
96
54
40
30
26
27
22
17
17
17
17
15
10
10
10
10
10
10
7
6
74
111
102
79
69
59
56
54
54
56
55
46
31
23
26
22
26
23
21
18
15
11
11
138
93
36
36
35
28
31
27
24
20
20
18
20
17
10
9
14
9
6
6
6
6
97
92
68
65
64
42
41
43
40
40
33
33
25
30
22
25
25
14
14
7
7
7
7
140
119
112
103
97
70
69
47
46
38
41
38
30
28
30
25
24
22
19
19
19
12
9
8
84
82
65
74
57
53
53
45
42
35
31
24
27
30
17
21
10
8
15
8
8
8
7
8
87
84
80
70
66
40
38
32
26
26
26
15
20
17
12
10
10
7
7
7
10
7
6
148
145
115
99
89
89
56
61
53
53
45
45
37
30
25
15
15
18
15
9
11
9
156
139
117
89
89
80
89
71
75
68
70
57
50
50
41
32
23
20
22
17
14
13
10
6
110
137
78
76
78
73
55
40
37
34
35
24
28
19
17
16
14
17
16
15
15
8
9
148
107
86
77
76
75
76
67
60
65
56
42
41
46
38
32
30
27
24
24
14
8
9
151
52
38
38
38
38
28
25
13
13
16
22
10
10
7
10
6
11
6
159
93
85
70
65
64
37
40
43
34
36
34
31
32
28
28
21
28
10
9
9
10
150
124
100
91
75
75
64
69
57
50
48
39
39
39
37
37
23
20
16
19
9
9
14
8
165
134
120
97
81
85
80
64
66
59
55
50
42
40
33
36
26
25
18
19
20
13
9
13
74
74
67
60
60
57
45
45
42
41
29
33
33
24
14
14
10
10
18
6
10
9
115
97
90
82
85
74
69
67
54
53
55
54
47
38
35
35
23
18
19
9
15
10
6
137
112
84
81
57
52
43
43
40
28
35
35
35
27
20
14
9
11
7
10
6
6
6
6
100
61
60
60
53
46
46
47
26
28
24
15
16
15
7
7
11
11
8
11
7
7
7
178
154
121
103
94
65
63
58
51
41
34
23
24
18
15
12
15
16
12
8
8
7
114
94
85
90
78
74
70
70
50
38
30
25
21
21
17
15
13
15
12
10
6
6
6
119
93
53
49
33
34
37
30
20
18
10
14
12
11
10
9
9
6
9
9
10
6
10
147
138
127
84
64
45
39
34
31
27
25
25
27
27
17
20
17
22
9
14
14
111
89
89
91
73
78
71
65
66
58
58
36
36
30
28
30
21
27
17
10
8
130
109
99
56
49
45
37
38
34
35
25
30
22
25
25
13
8
7
7
16
10
15
9
175
163
124
123
84
75
54
54
49
45
46
46
42
30
38
38
33
24
21
26
21
17
9
140
134
66
60
59
64
51
47
36
36
27
29
22
15
23
25
15
9
7
6
131
122
103
93
90
90
83
76
75
59
55
41
26
28
18
20
19
10
7
9
6
7
171
167
139
142
135
123
74
69
69
63
62
63
52
45
45
34
24
15
19
12
11
12
8
9
118
108
67
65
60
47
44
36
30
29
29
30
30
24
17
20
17
13
13
9
13
10
178
172
165
160
108
91
67
65
48
40
35
35
30
25
28
9
19
10
14
9
9
8
7
6
127
127
106
94
98
84
75
72
68
72
65
60
47
34
40
26
31
19
26
13
10
7
134
116
105
103
103
90
89
81
75
75
77
61
61
52
45
43
43
32
16
19
9
11
6
220
114
94
88
82
86
49
48
48
44
33
25
33
23
14
14
15
10
17
17
10
6
6
144
128
92
91
91
90
63
55
49
42
46
34
30
25
21
18
23
22
22
15
10
10
6
130
131
109
100
87
55
54
44
40
33
32
32
28
27
20
12
9
6
11
10
9
9
10
8
9
7
6
9
6
7
122
72
59
35
35
32
32
32
27
32
18
20
9
15
14
11
9
7
7
12
13
7
156
146
143
120
119
90
44
55
35
23
30
30
30
20
19
17
19
14
19
19
16
16
136
111
94
75
62
58
47
44
48
39
28
24
8
6
8
11
10
8
18
17
22
178
110
50
44
40
33
33
35
29
28
14
10
15
10
9
13
7
6
6
23
29
190
129
129
93
84
64
56
47
45
45
34
34
34
18
14
19
19
8
10
34
27
175
130
111
110
95
87
70
61
63
50
50
36
34
20
24
24
13
10
11
10
36
32
36
146
116
95
71
64
62
47
41
46
25
19
21
10
10
10
8
15
10
10
8
39
236
170
132
90
69
69
73
67
67
50
49
50
50
48
34
33
22
9
9
7
49
194
135
100
74
61
60
12
10
10
10
17
14
10
14
13
12
9
9
8
8
9
99
80
83
56
40
43
36
32
35
32
31
27
15
17
9
9
9
9
9
9
14
13
12
14
173
134
113
113
106
93
86
79
82
69
49
37
40
28
28
28
32
35
24
27
14
10
10
60
192
159
122
75
54
46
42
44
35
29
29
22
15
15
15
10
9
7
11
9
6
6
6
108
47
47
48
38
34
34
30
27
20
13
15
11
11
9
11
7
7
7
6
9
6
146
129
61
52
56
50
34
32
32
24
22
25
16
14
15
10
10
10
12
12
12
6
10
119
102
89
79
57
50
39
39
39
21
15
10
10
8
10
10
10
9
10
9
8
77
223
43
25
26
25
25
25
20
21
20
20
20
20
15
7
13
7
7
6
8
6
114
98
68
69
57
54
50
49
40
29
27
25
25
20
23
20
18
20
12
10
6
91
123
105
55
52
45
36
37
34
34
30
30
26
25
30
28
25
24
23
15
21
9
12
12
151
142
129
115
54
50
40
39
40
34
34
33
30
29
23
10
10
17
10
10
10
10
10
7
127
82
75
75
55
44
40
34
34
34
35
26
26
19
21
19
15
10
10
15
10
10
10
87
80
74
69
60
51
46
44
45
43
38
36
29
24
24
24
20
13
9
15
13
6
75
55
50
52
50
45
36
28
32
25
14
18
9
9
9
9
9
8
6
6
8
6
8
174
99
99
90
76
79
49
50
45
37
33
34
30
30
19
23
21
14
14
15
14
6
6
6
89
67
75
69
60
60
60
55
55
53
43
45
30
30
24
30
19
11
16
8
11
6
175
119
89
80
51
50
40
37
40
33
35
21
21
18
23
23
21
8
8
8
8
8
116
110
97
65
70
65
60
45
45
29
31
29
26
13
15
20
16
19
13
9
8
6
13
13
135
108
80
75
54
47
44
45
45
34
36
26
21
18
8
7
9
9
7
9
8
6
87
73
49
26
24
26
23
13
12
12
12
12
14
7
11
11
9
12
9
11
9
12
9
9
276
140
85
85
79
64
60
58
55
55
55
44
18
18
19
17
14
17
16
16
10
10
6
125
104
105
86
85
73
56
60
60
49
49
33
31
22
15
10
10
6
7
7
8
120
82
74
53
46
23
19
16
20
9
9
9
9
12
13
10
9
8
7
8
7
284
81
59
59
56
51
51
40
40
43
33
32
31
29
20
23
20
21
15
20
13
7
9
8
115
117
101
82
80
74
75
57
51
53
53
41
48
48
19
19
19
17
19
18
17
14
14
7
9
161
132
116
110
104
86
69
68
50
42
37
31
26
24
21
21
15
17
9
15
9
14
15
10
7
150
156
120
108
98
102
73
66
66
61
54
48
47
46
36
29
24
24
24
14
19
8
7
12
276
120
101
81
79
71
60
41
34
33
33
27
27
13
10
13
13
8
8
8
174
96
84
74
58
58
53
52
54
35
34
20
16
19
20
9
13
13
10
13
13
8
8
6
6
184
90
81
74
71
62
59
57
50
54
51
45
37
39
38
34
25
16
10
7
6
141
131
116
110
94
94
91
83
71
68
68
55
48
47
48
42
28
19
16
15
9
7
7
145
120
112
102
98
49
53
51
47
42
45
35
26
21
21
17
9
12
10
8
8
8
104
76
66
65
68
53
54
54
50
38
33
24
26
25
22
22
17
13
9
13
6
201
89
83
83
64
64
54
48
40
38
38
30
26
26
22
17
14
10
10
6
6
162
130
126
87
82
82
62
58
40
43
35
29
24
22
23
23
13
18
18
19
11
11
6
6
6
8
8
169
164
111
103
94
92
74
71
69
53
53
59
50
38
32
25
28
18
20
10
10
13
10
10
10
7
7
7
149
133
110
78
79
65
49
37
29
25
16
14
16
15
18
17
18
7
15
10
10
145
88
78
79
79
63
53
51
50
42
38
34
26
22
23
21
10
15
14
9
6
6
6
158
122
107
89
89
68
64
47
39
38
28
28
27
7
7
7
28
15
10
11
10
128
109
88
89
87
85
73
68
62
44
49
44
43
31
32
14
13
8
7
8
33
33
24
14
16
16
207
155
128
102
84
73
57
51
53
45
48
37
17
13
17
13
13
10
9
9
38
38
35
129
121
67
71
68
67
64
59
53
53
53
39
42
15
18
18
8
11
8
7
43
40
30
40
26
26
187
159
159
108
94
79
61
60
47
46
409
29
18
18
8
13
8
46
42
29
124
105
105
88
88
87
80
75
68
64
69
63
269
32
34
32
32
28
23
13
15
9
10
10
9
12
40
39
39
129
109
109
94
53
61
53
39
22
21
15
15
13
7
8
8
58
56
47
44
168
134
114
115
109
109
84
74
70
62
61
35
38
37
35
33
24
25
19
20
19
10
10
10
207
171
140
113
108
89
84
78
78
74
38
35
34
24
25
19
10
12
12
8
8
8
9
7
55
179
179
137
134
89
79
52
45
43
38
25
30
17
15
10
10
7
9
9
8
8
71
60
195
169
120
107
81
57
57
53
44
30
35
28
28
30
28
25
19
15
15
10
14
13
14
9
7
6
76
173
139
56
53
53
53
45
39
39
33
33
30
24
23
20
20
19
19
8
10
6
66
214
148
118
112
105
421
63
30
33
33
33
28
28
28
28
27
22
17
15
8
8
8
10
149
149
144
145
109
74
68
52
52
55
49
43
35
40
34
30
30
12
9
9
9
9
170
169
165
165
159
96
93
70
68
62
60
55
54
54
50
47
47
50
47
40
32
32
34
34
32
81
252
148
131
114
99
106
75
73
50
43
41
40
37
38
21
12
10
9
9
9
7
6
95
99
160
144
136
124
118
87
78
72
48
49
47
44
44
42
34
14
10
11
9
12
9
6
9
95
89
185
112
92
88
88
85
79
63
55
54
50
42
40
41
30
29
23
18
13
14
6
112
280
269
116
97
99
97
88
63
50
34
32
30
25
24
23
22
19
17
19
116
110
105
229
118
89
75
67
70
63
63
63
60
60
40
39
32
31
29
30
27
27
19
6
234
189
168
163
98
90
90
85
80
78
71
70
67
64
44
33
34
32
26
20
13
11
11
11
11
8
231
147
103
80
74
70
65
69
64
49
49
43
39
38
37
36
36
25
14
17
6
8
13
199
161
108
88
80
75
55
54
52
45
31
21
10
10
7
7
9
7
7
7
7
125
131
265
202
158
122
121
85
85
78
59
41
42
34
33
38
25
26
21
22
6
12
9
134
126
124
167
147
127
124
123
113
97
95
85
80
64
64
62
49
41
31
30
31
31
31
28
13
12
199
116
109
94
93
80
82
80
82
69
59
61
36
36
16
21
17
7
9
7
153
145
136
137
133
128
123
123
105
67
67
64
56
27
28
27
22
25
21
9
20
9
9
9
148
126
115
112
103
99
99
81
77
79
68
67
68
61
64
46
27
31
30
25
17
11
14
14
160
175
149
128
127
123
97
84
86
88
77
74
73
73
63
51
36
19
19
31
19
13
10
152
132
125
122
120
109
104
93
89
82
79
74
42
24
24
13
10
14
7
173
157
196
148
137
119
118
101
101
83
87
79
79
75
70
70
40
36
26
23
15
19
159
229
218
199
155
153
139
125
93
89
89
66
66
63
49
52
34
46
21
20
15
6
10
177
219
198
183
138
124
119
98
92
89
86
85
83
80
70
62
44
25
22
22
14
8
16
8
9
6
239
172
163
140
109
98
98
88
75
62
57
48
44
44
30
30
28
24
21
13
6
6
320
209
173
138
137
134
107
104
102
95
61
49
49
35
29
32
25
20
10
11
14
7
8
181
296
168
162
151
143
130
102
86
75
48
54
45
32
39
16
11
10
11
9
9
6
186
359
218
115
100
103
89
88
71
64
59
55
59
42
36
21
21
26
16
13
13
7
7
205
161
156
136
123
119
118
113
110
95
82
76
45
42
21
20
21
17
17
16
15
12
15
6
285
182
134
123
123
110
100
87
80
66
59
52
53
53
37
31
31
25
17
210
340
328
149
133
127
122
120
105
94
103
82
63
57
48
30
30
28
27
27
22
25
22
15
9
267
157
138
129
108
86
84
65
65
62
48
46
38
31
35
34
27
30
14
20
13
11
6
9
186
170
139
131
130
125
106
100
91
84
70
72
70
69
69
53
46
43
40
25
25
8
10
7
213
180
161
143
138
107
107
107
94
68
47
48
48
48
43
30
14
13
14
8
6
235
220
188
166
149
135
126
112
99
105
105
82
80
63
62
58
50
53
49
48
48
31
7
13
7
7
223
189
177
154
141
131
111
99
90
90
69
64
61
61
65
54
42
51
41
35
14
6
251
224
223
179
163
151
95
90
69
63
63
63
55
44
45
44
27
18
11
15
11
11
6
6
348
10
9
9
10
8
10
220
207
167
153
151
106
78
77
57
57
50
22
29
24
24
278
13
160
156
101
97
82
76
76
73
67
67
66
66
69
66
39
38
28
28
30
17
24
272
18
18
13
19
7
6
247
217
205
202
131
119
119
87
83
67
60
46
44
43
53
44
33
34
29
24
8
10
13
10
8
214
177
170
136
110
94
83
89
76
65
58
48
43
39
27
35
28
30
20
18
13
18
216
190
120
88
77
77
64
43
43
49
36
36
39
351
340
8
8
35
30
27
18
22
225
222
217
199
197
182
134
115
119
96
90
90
76
82
76
58
37
9
7
8
38
21
242
215
198
85
64
54
42
50
50
21
18
18
16
8
12
9
10
10
10
8
240
210
125
118
100
85
71
74
51
47
51
51
54
54
23
23
15
6
8
38
230
191
168
146
143
132
118
104
89
361
24
20
18
15
15
7
10
7
7
10
10
54
48
235
185
183
153
140
116
110
102
91
69
33
24
24
24
19
18
12
13
8
188
176
145
148
115
93
82
74
61
345
40
35
34
33
28
23
21
16
13
10
10
7
9
56
60
48
48
250
252
169
150
121
112
98
42
38
38
30
25
22
22
22
18
15
14
7
11
68
62
283
226
155
128
117
109
110
92
84
82
300
47
46
38
39
35
21
8
6
6
263
247
235
205
149
94
51
47
44
48
43
43
38
27
31
28
25
25
24
24
24
16
8
11
79
70
179
138
135
131
104
58
40
39
30
29
27
19
16
13
15
16
13
7
10
10
10
84
70
70
205
125
125
94
330
61
55
53
41
34
32
32
32
34
21
9
8
6
6
6
89
81
287
237
194
148
137
113
112
68
58
48
50
43
39
32
25
23
23
14
17
8
8
6
84
108
70
73
73
64
65
60
63
60
55
48
45
45
45
45
42
30
28
20
13
16
11
230
113
113
81
70
65
56
42
38
35
27
20
20
18
11
8
8
10
8
8
10
7
105
94
260
159
155
141
107
109
55
52
41
47
41
32
23
20
17
13
15
15
15
13
7
13
7
257
176
63
60
59
59
52
56
43
30
30
20
20
28
20
20
12
14
15
12
10
6
12
102
93
83
65
65
62
48
48
38
39
36
35
33
33
35
27
31
25
19
20
15
13
105
178
173
156
98
70
74
68
67
67
67
55
36
32
36
36
30
22
25
24
10
123
108
143
101
94
90
83
81
72
63
61
58
46
43
38
36
27
27
25
11
15
8
7
111
182
106
88
87
79
79
79
80
79
70
57
41
40
33
32
19
15
10
10
10
7
127
175
137
112
95
86
87
85
85
77
62
62
58
53
46
45
45
17
15
12
8
7
256
158
89
78
82
59
58
45
42
39
39
20
23
17
14
14
13
11
6
10
324
168
110
97
94
92
69
65
61
53
55
47
25
25
19
11
11
13
8
7
10
6
208
204
118
119
113
109
97
97
86
86
83
81
77
60
60
44
40
49
30
30
23
20
20
138
343
240
114
108
104
91
63
65
63
54
39
38
33
23
15
18
17
10
12
10
10
151
228
109
109
95
70
50
40
29
20
12
7
7
7
7
7
7
7
7
123
103
107
98
92
85
85
63
50
48
52
48
47
31
30
26
25
18
25
25
21
9
255
119
118
116
97
74
70
63
52
51
35
40
33
25
14
14
17
7
11
7
7
441
125
122
122
91
61
65
62
52
41
40
37
35
38
22
22
12
9
6
9
332
202
149
145
127
95
90
70
65
63
59
49
45
42
27
35
33
16
21
19
17
10
146
145
138
134
135
133
105
93
95
88
79
70
62
51
51
46
37
40
42
37
32
16
16
196
140
139
137
132
102
106
92
80
80
56
55
50
45
34
27
24
17
7
9
7
9
7
178
342
280
145
137
103
100
99
81
78
68
73
61
58
43
39
37
25
26
15
21
22
8
150
127
108
108
90
83
73
66
62
60
52
47
21
20
26
15
8
6
8
172
146
140
115
115
115
107
82
70
52
53
42
34
36
31
25
31
22
24
15
10
10
10
203
193
219
175
137
100
108
90
93
87
83
80
72
72
41
40
18
25
21
22
11
6
193
188
165
161
121
109
109
105
75
51
46
42
32
31
34
21
10
8
7
6
8
8
205
189
177
173
169
101
67
67
57
59
57
61
57
47
41
40
39
25
19
19
16
13
6
172
167
149
145
110
105
98
94
80
66
56
45
40
44
38
37
31
30
21
26
16
15
11
309
134
131
128
110
100
85
77
57
50
26
32
31
31
31
26
16
21
13
6
193
162
102
95
99
100
82
82
66
50
49
40
41
36
21
20
26
18
18
15
10
10
314
262
177
155
130
113
119
106
87
100
76
79
70
65
55
60
52
50
53
45
36
41
23
21
296
222
165
163
130
122
111
82
85
66
65
63
54
56
39
29
26
21
20
13
6
9
7
263
192
130
130
123
116
101
77
77
67
65
69
47
36
26
33
18
16
15
8
6
211
175
145
144
145
115
115
116
95
82
72
64
65
55
42
49
39
38
29
24
11
11
17
278
537
191
145
133
122
106
100
91
87
77
73
67
62
51
43
39
30
14
7
10
10
8
488
222
215
167
170
167
131
104
102
80
71
64
48
48
32
21
19
7
7
7
7
7
328
235
205
190
172
172
152
136
138
131
97
93
97
78
81
75
72
78
60
64
53
49
44
22
15
235
165
135
102
109
88
88
86
88
85
80
42
44
29
25
27
20
10
10
10
10
7
8
8
227
203
170
168
127
107
88
63
45
48
38
34
28
21
16
15
15
15
13
10
9
13
10
381
132
119
105
106
112
81
74
61
63
50
45
39
27
21
27
18
16
18
7
7
7
7
356
217
206
162
117
117
104
73
65
46
35
42
26
25
25
25
21
6
10
9
6
178
181
125
102
92
76
51
51
49
45
19
11
11
11
9
8
8
11
8
8
8
8
11
302
256
236
199
120
81
65
55
65
62
53
36
33
25
22
24
19
20
12
12
252
223
142
136
91
88
91
70
60
40
35
38
34
29
29
27
25
21
9
16
8
8
243
230
199
158
93
91
82
64
46
45
45
40
43
41
34
32
26
30
26
18
13
9
8
13
265
230
227
219
198
159
146
121
111
111
98
96
84
51
51
51
50
50
45
41
29
28
31
26
14
147
146
121
85
65
73
55
56
51
53
41
31
28
16
20
23
20
8
16
9
8
6
7
316
211
142
136
100
87
78
67
60
58
46
51
41
41
36
16
15
19
8
7
11
167
145
141
75
66
65
63
55
43
44
40
38
28
22
21
21
21
19
8
13
6
6
389
254
126
88
71
70
70
69
68
57
55
51
43
46
33
25
26
16
10
11
10
10
11
7
7
260
184
147
146
139
102
80
75
59
56
56
53
55
44
43
36
19
23
27
16
8
12
9
12
301
211
210
150
128
101
92
81
87
81
78
69
71
71
64
57
56
20
21
13
9
8
235
210
156
130
117
100
86
92
66
69
55
54
48
42
46
45
33
22
18
22
19
22
15
402
185
182
165
160
157
127
123
102
100
74
75
66
49
41
34
18
16
16
20
20
7
6
270
241
177
154
127
124
95
95
84
71
68
50
35
33
35
29
29
23
13
11
18
7
318
107
100
98
90
81
76
70
63
65
47
44
39
23
17
17
8
6
6
6
6
6
270
206
210
201
187
146
113
105
100
91
96
86
83
84
46
21
21
21
19
12
9
10
410
151
142
110
104
91
88
71
58
57
50
49
43
38
40
38
40
22
26
15
16
15
9
344
246
223
185
171
155
93
88
88
74
72
71
49
45
31
33
31
21
21
20
15
7
327
183
114
98
97
83
79
68
60
53
38
38
44
36
36
32
26
25
14
14
20
6
9
207
158
135
142
127
126
126
126
125
112
93
79
77
63
58
62
37
37
31
12
19
7
373
175
149
142
106
91
69
63
46
42
44
46
40
35
36
33
30
19
16
10
9
15
15
223
201
154
104
86
87
68
53
51
42
42
41
41
35
35
22
22
12
18
8
7
249
232
210
213
141
135
129
124
122
113
108
97
74
74
69
63
64
34
40
34
26
17
11
237
150
129
127
108
113
80
80
73
68
52
51
41
34
35
37
34
24
14
16
16
12
8
175
157
109
97
79
69
67
66
56
56
56
29
24
23
24
10
10
12
16
7
9
9
248
203
139
133
118
124
101
92
85
78
59
52
54
43
43
34
33
37
24
27
20
10
10
12
7
270
181
178
160
147
101
97
77
46
39
45
33
33
29
29
25
23
20
20
20
18
19
6
10
7
274
107
106
99
93
82
81
81
65
58
46
49
32
38
25
10
15
15
246
228
193
173
111
110
110
109
110
104
99
98
66
63
58
57
50
33
25
29
13
320
150
118
116
108
109
69
60
53
44
38
33
33
30
6
8
8
7
8
7
8
6
6
244
120
118
98
96
68
46
53
46
40
40
43
20
30
25
26
21
13
11
11
6
400
176
157
138
129
127
112
109
103
79
85
67
68
38
44
24
33
18
18
9
302
272
180
166
158
131
102
96
59
52
45
49
29
27
37
25
19
21
16
9
6
301
275
172
156
125
118
101
101
82
62
54
54
42
28
25
26
26
9
8
13
6
6
398
181
181
165
139
137
131
93
74
73
71
69
57
42
36
31
24
24
20
26
20
19
276
129
117
113
112
100
90
69
61
60
57
55
39
36
36
36
24
21
19
17
16
7
7
281
269
154
116
116
109
74
73
70
63
62
41
37
35
18
17
8
7
12
12
8
8
136
110
75
78
69
72
74
46
43
39
34
25
20
26
19
17
17
17
14
17
10
9
143
105
80
59
70
70
53
53
50
51
34
32
31
27
22
22
10
10
10
15
15
10
243
232
186
132
119
112
90
70
57
47
51
45
36
37
33
20
25
15
18
15
11
6
7
7
381
214
206
189
142
124
61
61
55
37
34
32
32
24
11
10
12
7
6
6
165
134
131
102
94
65
66
66
61
61
59
46
35
28
25
11
13
13
12
15
7
7
10
378
219
201
134
122
114
69
66
62
56
59
51
48
42
35
29
26
26
21
6
6
6
151
118
105
104
81
74
75
67
69
54
49
50
40
40
37
27
24
17
17
13
9
231
174
95
83
76
65
48
45
31
36
29
26
26
29
22
19
9
9
9
8
9
163
160
128
124
90
84
79
68
66
60
59
50
35
27
31
24
21
20
15
13
7
9
7
9
7
229
145
95
76
77
64
64
55
55
46
43
38
36
26
26
25
26
15
10
14
10
263
229
209
191
147
125
92
62
60
45
37
32
28
26
24
8
10
291
17
186
176
155
155
120
106
101
72
65
60
65
46
50
42
36
35
8
9
10
8
14
10
29
33
33
27
24
24
244
134
114
108
104
104
67
56
53
41
36
38
13
20
8
39
39
37
28
27
26
221
197
168
139
95
89
66
69
64
49
40
45
45
10
34
43
129
111
100
96
78
71
61
63
57
55
45
25
11
14
11
9
9
6
309
39
43
39
37
37
39
36
206
175
150
149
121
94
80
74
68
66
68
29
16
12
12
9
53
42
42
40
202
203
141
124
119
105
96
81
78
61
16
18
9
8
9
6
6
6
54
52
49
49
90
95
82
78
38
40
26
29
29
21
22
24
23
11
21
14
8
8
9
9
8
322
54
51
164
129
116
110
91
77
71
70
71
45
43
43
32
29
24
14
11
15
63
59
216
182
164
143
109
89
86
86
50
48
39
43
40
32
31
21
20
15
9
6
141
139
107
87
75
56
45
45
45
37
33
28
23
23
17
14
10
6
10
10
9
7
72
131
122
122
100
98
98
86
65
64
60
50
50
46
33
29
31
31
27
20
24
25
7
15
6
81
277
137
88
66
65
69
69
50
41
36
26
30
24
19
12
7
7
10
10
7
330
224
100
100
59
53
44
38
41
41
17
11
11
15
9
8
11
8
8
9
8
8
90
300
272
160
146
130
107
56
60
58
49
46
42
44
40
39
20
17
20
13
14
13
7
340
173
173
123
128
103
63
53
61
45
37
35
35
35
21
25
25
27
22
19
14
17
9
10
93
301
282
204
180
177
135
135
111
71
66
56
50
45
23
23
17
14
10
15
10
15
14
103
99
98
155
160
155
136
128
122
118
82
61
71
58
56
46
55
45
44
22
28
10
6
178
88
63
60
50
35
27
30
27
13
25
24
9
10
10
10
7
11
6
6
7
7
110
109
294
253
231
89
83
83
71
65
55
41
41
38
32
38
18
9
12
9
12
10
10
8
8
118
198
160
130
94
87
86
88
76
70
52
47
43
43
31
21
20
22
15
13
12
13
10
7
172
146
100
84
71
57
51
51
50
51
47
48
48
42
40
28
22
18
14
17
14
12
9
9
208
84
70
60
60
47
39
40
23
21
16
10
9
10
13
10
6
7
6
6
6
6
247
206
160
115
102
91
85
67
75
75
61
58
52
50
38
32
32
23
24
22
22
6
6
134
260
57
37
41
33
28
28
30
27
20
22
23
23
13
12
11
11
11
8
8
11
136
216
118
98
62
62
48
45
46
46
42
42
34
33
33
34
31
28
25
18
21
6
149
148
158
133
139
135
133
118
114
80
73
67
53
38
38
36
36
33
21
18
14
10
111
81
52
48
50
49
43
44
43
42
42
38
31
31
28
28
26
17
22
14
12
12
8
141
131
131
99
84
83
77
58
55
52
47
43
33
33
31
28
8
13
16
10
13
6
165
236
181
131
115
110
91
91
88
82
68
68
53
52
51
52
44
38
26
25
15
9
9
217
180
146
122
110
97
87
58
57
57
49
53
48
38
32
34
17
27
22
29
21
12
16
169
119
115
93
76
62
62
61
60
59
50
46
43
43
35
35
30
30
15
13
10
9
9
6
148
130
104
99
97
82
77
63
51
51
51
51
41
41
31
27
21
20
13
7
7
7
135
112
109
102
100
88
86
73
67
67
61
42
26
23
32
12
8
12
7
7
7
225
120
113
113
105
83
82
70
64
58
61
58
37
31
24
22
12
10
14
11
12
6
6
153
135
135
112
110
88
82
77
76
71
63
63
62
55
52
49
45
41
35
23
15
19
16
9
208
117
87
87
86
73
67
60
47
46
42
44
28
31
22
23
8
8
16
14
10
198
171
105
102
92
84
84
76
72
62
56
47
45
34
26
13
14
19
13
7
6
8
290
178
147
140
113
101
89
93
86
47
38
37
34
34
20
19
18
11
17
13
11
8
186
179
132
118
109
105
93
86
77
82
62
59
46
50
42
52
23
28
31
22
14
8
9
9
146
123
135
123
117
100
97
71
62
30
36
23
26
23
14
17
14
16
11
10
7
10
10
183
158
120
112
93
93
65
62
52
52
35
33
25
30
33
24
26
19
22
10
8
6
6
6
101
98
74
58
51
33
20
24
21
15
15
15
10
10
12
10
15
10
10
185
185
125
122
82
60
57
43
43
34
20
25
16
15
20
16
7
6
6
14
12
9
15
6
183
133
133
124
127
119
100
78
61
43
30
25
15
20
17
14
14
11
11
10
11
8
150
116
92
39
39
30
35
30
26
25
22
12
15
11
16
11
7
7
7
9
7
10
262
180
147
121
111
75
53
41
35
31
24
20
21
16
16
9
10
9
7
8
8
6
221
195
158
152
89
82
82
79
77
63
58
63
45
40
32
30
24
21
25
14
13
10
11
6
155
136
131
101
88
86
68
54
45
49
47
40
41
37
34
34
22
22
13
9
109
87
87
59
43
39
27
27
26
20
20
10
17
17
16
10
8
7
7
8
7
10
9
7
7
7
143
137
125
125
109
107
87
50
50
50
32
25
23
21
10
10
12
10
12
12
149
97
87
78
73
71
69
65
56
55
55
41
42
34
38
32
29
22
19
18
15
17
8
113
87
57
54
50
48
39
42
39
36
35
28
32
26
22
22
22
22
11
10
10
12
6
9
436
23
20
168
143
99
78
78
59
57
47
44
38
30
29
25
27
18
10
6
27
27
28
27
25
219
165
160
158
153
79
65
50
50
49
45
48
39
12
15
12
15
15
7
326
32
32
89
85
77
76
44
42
20
22
7
8
7
15
11
6
7
7
6
7
36
37
197
171
160
134
94
82
68
59
55
47
45
33
22
11
10
11
9
316
44
42
208
108
94
76
72
45
47
44
27
32
17
17
10
10
10
10
8
8
104
96
90
72
76
50
49
42
36
35
27
19
15
13
12
10
9
10
13
8
10
175
153
132
109
84
85
68
63
66
66
67
54
47
36
36
32
32
26
26
24
22
19
18
57
57
128
105
100
71
59
53
42
42
32
40
37
37
32
23
27
24
20
17
9
6
64
62
62
99
72
59
58
41
29
32
24
28
19
15
10
10
11
8
8
8
10
8
8
377
190
115
113
101
88
78
63
63
64
63
61
51
42
41
38
35
35
37
33
15
16
8
71
115
50
55
51
51
42
40
41
35
38
27
27
32
21
20
23
18
20
17
6
181
153
120
90
87
73
71
70
70
52
40
43
37
35
25
23
25
13
22
9
8
10
10
82
107
107
102
87
88
78
75
66
66
62
66
55
50
48
37
31
34
28
28
21
21
28
7
89
87
88
135
140
112
106
63
70
60
56
53
40
40
35
35
29
23
21
11
8
6
6
7
265
156
140
112
66
62
49
40
38
38
34
20
16
10
13
11
11
12
6
8
6
6
6
168
161
150
90
86
73
71
71
67
67
67
64
53
45
33
22
31
29
11
7
6
99
86
92
59
48
48
48
48
41
48
18
18
18
12
15
15
15
9
9
8
9
336
103
77
70
67
65
58
55
55
59
53
48
41
31
26
26
23
20
23
21
14
11
302
272
255
180
139
97
77
63
60
58
60
58
36
30
33
33
22
22
19
19
22
22
20
6
117
158
133
110
96
88
90
84
73
72
63
41
30
24
24
27
22
14
18
6
8
6
9
122
122
138
136
102
102
94
77
70
64
50
52
38
28
32
23
18
6
6
9
8
6
6
179
135
122
85
84
75
73
73
63
50
57
46
47
43
33
36
28
14
14
12
13
14
153
138
99
100
87
87
78
67
69
46
40
40
34
33
21
17
18
10
12
13
13
16
16
139
357
222
153
107
97
90
57
53
50
47
25
29
29
13
9
8
8
8
9
9
9
143
140
272
195
158
135
108
81
70
60
62
55
48
48
50
43
43
44
47
47
34
26
18
13
176
144
135
122
107
82
79
70
77
61
63
61
61
60
53
47
35
32
25
27
23
12
12
8
115
109
74
65
62
46
41
41
37
36
39
36
23
24
17
22
17
15
13
7
10
9
10
206
205
142
120
109
103
100
79
89
76
71
42
35
35
33
29
22
21
20
18
12
10
134
114
94
81
80
63
54
46
48
46
44
33
33
27
25
15
15
19
20
12
12
13
8
7
308
224
142
115
84
73
59
51
43
43
38
39
32
40
32
32
21
18
15
17
7
9
8
8
228
166
143
138
127
125
118
118
115
115
108
88
93
78
79
61
52
43
43
35
33
18
20
8
186
143
87
82
66
57
53
48
43
38
31
18
10
8
9
7
11
10
6
156
140
134
132
78
74
66
67
54
47
47
35
35
36
27
18
22
15
15
15
8
10
8
10
263
211
179
133
87
87
88
79
50
50
41
41
33
27
9
9
8
7
9
7
8
7
138
101
88
81
55
46
46
40
41
45
43
42
28
29
8
9
12
9
6
6
205
111
93
92
89
76
51
38
30
20
20
20
25
17
15
14
7
6
6
11
8
233
231
207
182
172
169
141
138
98
91
67
49
42
35
25
25
22
20
17
17
16
12
232
160
155
144
132
72
70
68
57
53
53
37
35
30
35
29
28
16
18
21
16
12
7
132
114
96
80
64
62
52
46
41
35
29
28
30
30
21
18
18
20
10
13
9
7
9
163
118
111
92
96
88
71
57
59
52
47
40
37
33
34
33
30
23
22
17
14
11
175
154
107
85
76
62
52
43
31
34
30
30
23
15
11
13
11
13
9
9
94
73
60
49
49
48
47
44
40
33
34
28
23
20
16
16
18
7
7
9
9
7
8
7
220
138
121
79
55
54
54
52
54
52
52
41
32
26
25
23
21
17
17
13
16
14
226
212
183
129
131
112
86
70
53
52
46
46
34
31
30
27
27
22
19
7
6
6
6
157
134
129
105
105
103
97
88
82
75
57
49
48
48
31
22
8
18
8
7
6
261
148
77
67
53
53
54
54
44
48
38
38
38
32
31
36
29
23
16
27
23
7
9
11
148
117
102
89
85
53
50
49
45
45
43
45
43
41
41
40
37
36
33
36
21
31
17
10
194
148
149
109
87
81
77
58
50
52
53
44
42
42
41
41
37
28
26
18
22
16
11
111
106
100
82
82
79
82
69
53
47
42
46
32
31
21
22
20
10
12
11
18
12
223
203
168
107
101
76
53
49
43
36
28
31
15
20
15
16
13
14
10
6
10
237
169
156
136
81
80
69
68
65
63
57
48
31
34
28
28
18
15
8
11
6
11
143
111
109
93
88
74
78
66
61
59
59
52
42
37
41
31
16
16
21
21
6
8
7
314
154
147
132
115
116
105
90
83
73
69
48
54
58
31
36
29
30
27
17
13
15
9
6
235
221
129
115
104
96
96
84
76
75
72
69
68
66
43
36
28
18
18
21
18
26
18
13
252
240
181
155
122
120
112
112
101
90
83
83
43
35
24
31
20
22
16
6
168
130
122
125
125
111
103
98
92
77
78
61
59
31
28
27
25
23
21
16
8
7
289
215
194
118
115
103
91
90
68
68
66
50
43
33
38
32
21
15
10
11
8
9
295
170
161
168
153
141
108
108
96
98
98
51
39
37
24
32
29
29
21
18
9
227
198
173
159
132
132
110
107
103
92
60
59
59
40
39
36
26
10
12
6
8
201
150
137
137
118
103
102
95
71
69
46
36
32
31
31
23
21
21
19
13
18
7
12
206
175
152
147
137
129
120
123
86
86
79
63
49
37
41
46
34
32
24
16
17
13
9
6
275
207
157
141
133
135
120
121
112
112
91
68
56
51
41
31
31
18
12
9
9
9
14
9
315
288
205
210
216
149
150
143
126
112
111
99
61
60
58
38
38
36
27
23
12
7
8
171
157
144
134
130
122
121
103
81
75
67
45
33
32
31
17
24
19
19
16
10
9
7
8
205
188
175
165
135
126
113
91
78
63
46
38
36
34
29
27
15
18
8
8
10
8
12
167
163
156
141
138
131
101
49
37
42
41
41
27
21
21
17
7
10
9
7
7
9
237
230
206
202
158
150
132
91
84
80
80
80
79
62
53
39
34
23
22
18
18
15
12
7
142
133
115
116
104
98
87
83
67
71
63
44
42
37
28
25
16
13
6
10
8
6
10
8
230
159
151
151
96
95
97
92
92
92
53
36
35
33
28
27
26
25
17
7
7
6
9
219
195
167
110
110
101
96
86
77
57
55
47
49
40
38
37
29
16
14
9
7
12
342
258
194
129
101
102
102
91
97
97
85
78
68
69
67
62
59
51
43
40
6
158
142
126
123
118
112
85
57
57
51
49
46
48
37
30
9
9
8
9
9
9
140
139
108
88
94
86
69
72
66
64
62
53
44
42
41
35
35
30
13
13
14
14
195
136
113
112
93
88
69
55
47
49
38
36
27
22
29
19
18
20
10
10
10
7
217
167
150
131
127
101
94
87
79
77
72
41
41
31
24
22
15
15
6
9
8
8
8
426
251
218
161
98
101
66
61
54
59
60
51
39
41
27
22
20
24
10
14
8
170
141
106
92
82
79
75
73
73
61
55
51
44
25
21
18
12
9
6
6
6
6
6
6
165
85
79
71
70
57
52
40
39
38
34
31
20
23
15
15
11
11
11
7
8
8
246
174
160
131
128
97
72
63
60
54
55
43
42
44
25
25
28
26
17
25
25
16
11
233
123
108
68
72
64
52
46
48
40
40
40
40
25
30
21
14
15
18
7
7
228
102
78
74
77
45
35
26
26
26
23
26
16
12
8
7
11
7
7
8
6
6
137
98
87
87
80
75
69
69
50
50
50
39
38
34
38
34
31
29
25
20
13
17
6
223
170
136
92
65
45
44
34
22
30
26
30
20
21
22
9
9
16
6
6
9
76
76
45
42
41
35
38
25
14
14
17
7
7
7
7
7
6
6
253
223
138
133
100
68
55
46
27
25
22
25
21
15
15
12
9
9
8
153
135
105
87
80
70
54
60
58
51
48
45
33
33
32
24
16
16
16
16
11
14
7
191
83
66
64
65
56
42
50
40
39
37
37
34
29
23
25
22
22
22
7
8
13
6
6
241
104
76
70
70
55
41
28
30
27
27
20
26
21
12
13
18
12
12
8
7
149
133
118
85
89
66
60
39
39
36
29
31
30
24
24
17
14
14
14
13
11
8
7
131
133
90
90
71
68
52
44
40
37
37
22
22
15
10
10
9
6
8
8
258
140
127
117
77
58
60
52
56
42
36
36
27
30
28
30
33
23
23
21
16
18
18
10
7
268
181
135
81
51
48
50
47
47
47
46
46
19
25
16
16
9
7
7
7
9
9
283
157
139
105
101
99
96
103
95
87
82
67
61
55
52
38
32
20
10
14
12
7
7
7
7
234
178
165
101
91
91
72
68
58
57
57
57
52
51
28
36
25
25
17
9
9
9
8
7
114
108
105
106
105
59
48
50
45
35
38
34
31
30
30
20
24
21
20
22
14
14
14
11
14
120
76
66
66
66
52
48
49
29
20
12
6
8
8
8
6
6
6
6
6
6
162
89
87
79
75
72
70
53
53
55
54
41
40
32
28
28
20
23
23
14
15
13
9
159
133
120
99
101
97
78
73
75
73
58
61
58
56
36
36
29
18
16
7
11
11
163
135
125
118
95
82
82
84
82
81
72
67
63
59
54
50
51
51
50
39
35
37
20
21
10
221
149
128
105
86
71
70
66
56
45
45
39
41
39
33
31
37
28
24
11
10
10
6
414
156
150
117
106
99
86
73
64
62
44
46
45
38
44
33
34
34
13
9
7
10
6
223
209
150
135
125
100
80
62
55
55
50
50
46
41
36
18
17
20
7
6
7
13
6
6
195
172
163
145
116
109
105
95
93
92
70
71
70
66
54
43
44
38
39
22
21
21
16
10
10
150
127
106
94
58
57
49
50
41
45
26
19
20
16
16
10
8
8
8
8
7
7
7
165
96
97
69
59
56
54
55
49
29
21
20
13
13
13
12
10
7
6
6
6
6
132
130
96
85
63
60
55
36
40
37
37
38
34
27
26
25
24
20
18
11
9
9
153
115
104
103
94
90
90
71
73
64
58
41
39
40
34
31
31
22
20
21
16
16
14
8
136
127
106
106
82
79
74
65
47
48
42
44
34
32
30
29
21
20
12
12
7
7
7
211
138
113
108
101
94
66
53
52
53
47
43
40
40
33
12
12
19
17
17
13
10
6
6
6
373
295
130
105
108
105
96
77
67
46
45
41
37
38
32
31
18
18
23
25
8
7
6
7
145
142
124
94
81
83
69
63
61
52
52
50
43
43
27
23
32
19
13
7
6
126
93
93
89
90
88
89
66
39
42
41
41
40
41
41
35
27
27
21
21
25
21
8
202
144
111
101
98
76
75
61
38
30
26
27
18
17
17
11
10
16
6
10
10
6
317
157
114
93
72
65
57
50
46
31
23
17
18
20
15
15
14
11
11
8
6
7
7
7
124
99
92
96
71
63
65
57
51
36
35
23
27
21
27
20
13
12
10
12
6
237
229
161
108
97
68
68
47
41
38
32
26
25
12
16
16
12
8
7
6
11
411
131
125
124
96
77
81
65
32
34
23
21
15
16
11
17
14
6
6
9
10
6
277
128
126
100
96
86
86
84
70
73
66
62
55
51
54
37
31
27
23
19
17
21
8
14
216
163
103
103
91
91
83
72
56
59
51
38
33
23
16
17
14
8
8
7
7
214
207
196
133
120
84
81
73
58
46
35
32
18
19
15
14
14
19
8
6
12
14
14
150
150
129
109
99
92
92
69
62
62
51
52
42
40
42
40
39
36
37
26
27
26
17
13
14
225
169
146
112
74
74
68
62
51
51
48
42
29
23
21
24
20
9
12
9
8
155
124
76
73
73
65
56
56
53
56
47
47
34
26
24
27
8
6
8
13
8
199
198
149
116
110
81
81
65
69
65
61
57
53
57
52
36
42
26
10
15
15
13
8
10
8
128
86
86
75
62
63
60
59
57
52
56
44
39
35
38
38
15
10
13
14
15
13
14
8
137
111
76
75
51
40
44
20
20
18
10
12
11
11
10
10
8
8
8
8
7
8
7
350
204
194
105
99
86
79
80
67
69
64
52
25
40
25
19
25
15
18
12
13
13
14
148
96
85
71
26
30
19
20
21
19
23
13
18
10
18
7
7
8
8
8
8
7
7
9
8
186
149
102
73
74
65
35
38
34
26
28
14
10
14
13
13
10
10
9
8
8
8
8
6
138
106
107
94
77
64
64
44
39
39
36
29
28
19
13
7
8
7
8
9
9
163
157
113
113
100
74
81
45
48
40
34
35
38
35
36
22
15
14
14
13
14
7
7
11
134
118
93
50
44
49
28
29
23
22
17
17
10
9
9
9
9
9
9
9
9
9
191
79
55
54
48
45
35
34
34
28
22
24
18
20
18
14
14
13
11
11
6
6
154
122
79
60
56
55
50
50
39
29
25
18
19
8
12
11
12
14
10
8
6
142
64
63
44
42
35
40
32
33
34
31
31
24
22
14
18
19
10
10
10
8
7
6
10
125
111
70
70
63
60
53
48
39
38
38
38
32
25
29
26
21
22
15
18
13
16
9
7
74
73
64
63
45
48
44
43
37
34
37
33
23
18
11
10
10
12
12
12
8
7
154
122
80
68
55
53
53
50
48
48
41
39
35
36
35
32
32
28
24
15
6
11
7
154
126
94
85
73
64
58
55
54
52
44
44
40
37
37
26
30
31
17
9
16
8
6
112
80
78
78
69
57
49
42
44
42
41
36
33
37
33
29
27
25
12
19
6
9
169
147
95
76
64
57
54
40
35
27
19
18
17
14
9
6
7
7
9
7
7
7
78
79
70
71
69
69
65
65
46
29
26
20
20
19
16
9
13
10
10
7
6
253
160
158
114
72
64
64
56
37
38
37
26
25
24
24
23
14
15
8
13
8
12
7
91
84
72
64
69
68
62
52
55
42
42
29
29
29
20
20
18
18
14
13
6
11
8
98
90
52
55
54
36
39
38
31
34
24
22
21
11
10
18
10
17
16
8
8
8
7
90
92
74
63
60
53
60
46
36
29
25
16
15
16
10
10
8
10
13
13
10
8
8
7
7
7
7
7
7
7
7
77
76
77
44
32
32
31
21
21
13
13
12
17
13
9
9
9
9
108
97
86
81
51
39
35
25
32
25
20
20
20
23
18
23
17
18
13
13
9
9
10
10
9
9
64
67
55
54
41
25
8
8
7
8
8
22
19
19
14
15
15
169
164
71
48
45
48
33
28
13
12
10
7
7
9
28
27
27
24
23
19
20
19
128
65
60
56
58
52
53
40
40
36
35
17
18
12
9
9
32
28
29
28
150
94
69
61
43
40
22
19
19
19
17
10
8
9
9
9
10
10
9
34
29
118
118
81
76
71
60
50
43
28
22
24
17
19
9
9
9
15
8
8
8
349
48
33
35
153
122
95
85
80
67
67
68
65
33
32
32
33
31
28
29
14
8
13
13
13
52
44
39
206
138
138
110
113
95
84
80
65
54
55
37
32
29
29
31
26
19
19
17
13
53
48
49
247
180
105
89
89
65
63
43
30
31
29
18
24
18
9
9
9
8
58
57
144
129
108
89
47
48
46
42
40
39
42
39
39
29
33
23
20
21
14
10
63
58
54
54
55
196
169
149
128
91
83
75
52
47
39
39
26
26
12
15
6
365
67
67
64
64
59
130
116
95
92
58
44
31
31
20
15
10
10
10
10
10
10
7
9
70
65
64
85
62
63
58
57
51
47
38
29
23
22
22
25
18
15
16
15
18
12
6
78
74
74
250
126
114
108
90
85
68
68
66
63
49
45
33
27
23
9
9
7
7
9
73
188
165
70
67
64
28
25
12
12
6
7
6
8
6
8
6
6
6
6
87
81
84
84
78
182
144
93
98
74
65
59
57
44
33
40
33
23
25
14
11
11
88
130
83
56
49
58
42
35
30
22
24
16
15
14
14
14
10
10
10
10
8
8
9
7
180
127
84
79
65
43
34
35
21
21
19
15
14
14
11
12
11
11
8
8
10
8
95
275
158
122
108
89
68
73
60
56
48
54
50
42
34
32
28
26
19
20
19
16
107
105
99
136
121
92
77
60
44
37
31
29
25
24
14
14
14
14
16
14
10
9
9
104
162
120
118
90
84
62
55
38
36
34
35
30
30
19
23
9
9
9
8
6
8
6
213
192
159
93
93
86
87
81
65
67
55
49
43
44
39
39
39
25
20
11
8
115
115
144
104
90
86
73
52
49
46
40
40
39
36
31
30
20
19
10
9
10
7
10
184
98
99
93
77
61
54
53
51
49
40
34
36
35
31
15
16
17
15
15
14
9
7
6
6
117
109
104
103
85
79
78
82
78
69
72
64
62
62
52
49
50
44
33
29
21
20
20
15
138
94
64
59
51
51
51
34
34
34
37
25
25
28
24
11
11
8
11
11
179
74
74
64
59
51
52
45
43
29
30
19
24
10
16
13
10
9
7
9
9
6
6
140
227
137
119
89
81
86
73
64
61
55
54
35
35
35
24
24
21
21
21
21
9
15
9
6
137
105
95
95
89
82
81
82
70
59
49
29
31
29
26
19
9
13
10
6
8
7
165
142
139
135
97
75
76
75
72
50
46
42
31
24
24
24
24
10
10
9
8
13
10
7
301
176
147
117
115
108
102
80
78
68
44
50
40
37
39
30
36
36
24
19
19
18
7
6
154
153
149
113
94
89
89
75
64
73
64
55
55
42
41
24
20
18
11
11
6
6
6
273
216
133
102
90
65
60
51
40
35
34
34
29
28
28
26
11
8
10
10
10
10
7
177
190
155
109
95
95
91
91
85
62
55
54
37
37
30
33
21
22
28
22
16
17
6
175
160
160
125
120
111
104
70
59
49
49
43
26
24
26
22
21
26
19
20
20
21
20
11
165
121
125
114
104
76
74
61
51
44
41
36
32
27
16
19
17
9
7
7
158
137
122
119
114
74
69
70
66
53
51
53
48
36
32
34
34
15
15
111
114
94
68
58
52
48
42
36
33
26
26
30
29
19
19
21
9
11
7
193
100
91
96
84
69
60
59
63
58
58
52
51
46
38
37
32
35
25
24
9
16
9
9
8
194
189
164
171
141
137
133
124
115
92
92
94
82
75
74
68
58
44
39
26
24
29
29
203
181
183
138
136
134
111
94
97
86
82
80
77
56
51
51
43
34
34
29
32
24
14
19
7
240
162
163
139
135
135
118
88
85
75
61
61
55
45
45
22
23
20
7
6
14
11
6
6
179
158
144
140
139
137
111
110
101
90
79
83
61
60
60
52
55
36
27
28
11
8
7
7
227
149
134
114
108
89
87
84
66
70
50
49
50
49
43
36
28
28
28
16
7
6
245
7
8
9
7
9
6
222
174
163
159
154
120
93
86
77
79
54
43
33
23
19
10
250
14
190
125
113
111
91
86
81
76
66
59
59
55
48
47
47
23
19
22
19
234
132
110
76
64
64
69
67
61
59
49
31
31
20
22
22
19
10
7
9
10
19
213
169
144
108
103
103
92
64
64
60
57
49
36
35
28
25
24
10
11
6
8
25
28
189
184
150
123
108
96
91
90
69
57
58
49
43
41
33
23
16
21
20
6
280
33
134
124
86
89
67
67
54
48
49
54
44
21
22
17
9
9
9
9
9
9
39
184
156
106
99
91
84
71
69
61
65
47
42
39
31
16
15
9
14
8
7
7
7
43
44
213
191
184
185
185
174
155
112
105
103
105
77
69
55
34
36
23
27
19
19
10
6
304
223
160
110
88
82
80
82
79
63
61
55
53
40
30
32
24
22
17
15
17
6
13
225
152
135
132
109
99
64
41
40
27
29
22
23
13
6
7
7
6
6
6
6
59
54
59
59
246
232
203
142
122
104
83
89
70
77
64
64
60
60
61
42
37
34
27
24
16
227
214
212
162
126
114
103
74
72
51
54
39
29
29
21
14
16
11
11
7
10
7
68
66
160
121
116
109
77
78
79
77
77
74
70
61
40
34
26
33
12
7
6
12
15
70
205
198
182
130
112
111
100
98
86
79
79
78
42
39
27
21
26
22
21
8
8
9
8
298
365
280
177
147
140
103
91
87
80
48
54
44
48
36
16
17
18
13
10
84
239
196
174
142
124
124
92
84
87
63
59
59
59
51
42
46
49
29
18
7
13
89
234
179
173
140
118
81
73
70
48
38
37
37
39
32
30
23
25
25
16
7
281
244
220
191
190
173
139
106
102
73
69
49
47
28
21
18
14
14
8
7
12
7
96
244
138
123
90
86
86
76
74
74
64
58
47
37
33
23
21
18
19
19
10
6
9
104
259
243
208
174
159
143
137
110
115
95
92
73
72
52
50
50
38
35
32
28
25
23
24
103
192
193
176
141
121
121
114
84
84
77
56
54
43
43
43
43
43
33
16
23
7
13
10
264
166
160
153
131
124
115
92
71
68
66
64
59
61
48
35
30
21
30
10
15
7
9
320
285
266
203
187
186
178
148
111
110
101
88
88
87
84
74
55
53
40
39
33
26
17
9
313
299
189
181
164
154
103
83
79
76
74
62
44
28
9
9
11
10
9
6
7
8
8
343
187
169
63
63
63
57
49
14
10
13
10
13
10
10
10
8
10
9
9
9
9
7
210
190
167
159
139
125
111
103
93
93
74
68
68
61
68
54
31
35
29
24
24
15
14
339
279
223
218
114
87
73
73
75
63
59
57
52
36
28
24
24
18
20
14
14
17
13
189
184
127
123
125
86
83
65
49
41
49
49
39
29
27
27
25
25
22
8
20
7
207
181
173
158
151
140
123
117
114
96
82
80
69
70
59
59
36
34
30
30
10
194
160
140
120
122
104
94
85
81
74
67
45
39
37
36
35
35
23
13
10
8
10
7
6
159
206
136
109
86
83
79
55
64
50
44
47
44
41
39
39
25
36
22
20
21
9
9
159
284
222
216
173
168
164
139
98
89
84
76
68
62
66
54
47
45
31
30
27
7
11
10
214
151
105
103
88
89
76
67
59
59
54
54
54
54
50
29
29
13
10
6
6
10
144
99
94
94
87
89
70
69
59
63
58
55
55
54
42
42
39
36
37
15
18
16
12
11
242
185
113
86
93
69
64
63
54
46
41
21
23
27
17
16
14
7
7
7
7
11
9
180
184
158
118
115
104
97
88
80
74
69
64
64
65
60
40
26
27
22
18
10
10
7
6
263
179
128
110
109
73
69
70
70
57
42
45
44
29
26
19
10
8
9
8
256
227
219
196
139
128
83
79
75
61
68
59
50
53
45
31
24
14
16
17
13
10
133
119
114
112
97
94
89
80
80
37
29
30
22
22
22
18
8
9
8
8
8
7
6
204
199
156
114
108
89
85
68
57
52
41
32
32
36
17
23
19
19
11
7
7
7
8
6
237
199
113
107
105
94
93
65
44
46
47
49
46
37
37
35
32
23
19
18
276
166
161
104
109
99
96
81
75
51
46
36
29
29
23
24
22
21
15
6
6
6
9
278
185
155
143
140
120
114
103
47
28
32
26
26
25
16
20
13
9
9
11
9
8
192
176
144
91
101
66
61
52
50
47
45
43
33
35
32
32
25
19
19
9
283
183
156
66
52
42
42
44
44
25
14
24
21
10
11
11
11
6
6
6
115
87
71
64
57
56
55
42
42
24
19
10
9
10
9
13
9
12
8
6
7
6
225
170
126
124
95
85
92
63
69
50
45
40
41
37
41
20
24
15
14
14
16
14
8
449
272
134
134
91
83
63
63
54
45
39
35
25
21
21
16
13
14
9
9
10
216
207
144
134
129
105
93
77
72
72
64
68
64
61
45
41
39
23
21
18
14
257
13
13
15
10
203
134
117
95
73
76
55
52
52
33
35
29
29
26
23
23
21
387
20
17
6
6
10
211
109
72
70
67
67
65
67
60
49
38
44
41
30
29
28
28
430
15
14
6
6
10
6
136
129
111
101
88
79
67
72
72
60
56
54
43
33
29
21
19
20
15
11
8
11
15
218
106
99
75
69
70
50
44
41
42
34
31
7
8
350
277
25
16
129
127
121
92
83
82
70
55
50
47
47
43
43
13
12
9
8
8
6
11
12
30
29
19
23
23
162
120
120
102
94
89
71
68
58
50
49
48
18
17
12
7
6
8
352
347
40
45
35
23
122
85
76
79
62
57
57
57
49
22
17
16
21
50
39
40
40
28
236
179
179
174
164
111
79
71
65
60
58
28
27
19
15
12
9
41
40
44
36
246
193
189
113
103
86
78
66
63
32
21
21
15
12
13
12
6
6
10
9
389
353
339
60
38
41
212
182
180
174
108
97
69
64
64
37
31
31
37
28
18
9
8
6
7
307
65
54
54
222
209
195
114
112
99
85
79
77
73
74
43
39
38
33
24
24
11
8
10
6
60
63
60
60
57
60
237
204
147
122
81
79
47
47
29
34
25
18
24
19
22
11
215
195
129
125
94
95
95
87
85
83
52
52
52
42
35
37
21
21
21
479
73
65
70
58
65
117
94
92
84
84
48
49
46
37
25
11
8
11
8
12
13
18
6
6
323
84
231
229
144
139
116
106
109
96
94
62
62
49
52
44
41
41
31
26
25
9
7
9
71
233
138
131
114
98
94
64
58
54
54
46
46
48
39
36
36
31
31
18
11
95
82
153
139
132
115
115
73
73
72
59
42
41
23
22
18
19
10
11
12
12
6
6
100
90
83
114
74
60
57
56
54
52
45
43
43
28
31
31
21
22
26
16
17
15
14
15
6
377
100
105
227
185
185
162
136
73
70
64
61
56
60
52
51
52
46
31
22
20
13
13
6
647
98
208
130
131
122
114
114
114
71
71
66
67
50
39
31
25
25
25
21
16
16
10
105
217
182
163
161
128
124
79
71
36
22
22
20
10
9
14
7
8
8
8
6
373
109
329
195
165
137
129
128
129
124
87
66
66
64
41
44
41
37
21
6
125
138
103
86
88
81
66
63
57
43
36
36
32
32
25
18
19
13
12
9
11
7
11
108
112
110
222
183
107
108
82
75
58
63
56
26
24
24
24
23
15
6
6
6
8
6
6
206
197
113
109
106
96
94
94
84
80
64
66
62
56
52
46
40
43
29
28
23
15
133
140
125
269
209
188
188
144
106
95
85
83
66
63
51
34
33
24
15
15
15
12
9
8
8
163
156
149
116
101
90
88
61
60
56
56
46
32
32
31
20
16
14
10
6
8
150
128
230
202
195
184
163
111
113
102
72
74
65
65
57
38
25
17
13
13
10
12
202
196
110
107
101
101
86
60
49
51
48
45
43
40
30
31
24
21
18
20
6
7
7
12
202
205
172
138
134
120
87
77
71
65
62
47
50
46
35
34
29
28
22
22
12
17
6
7
6
146
227
183
131
121
119
112
112
110
91
86
91
82
59
58
50
41
37
27
23
11
179
148
131
117
125
109
85
79
81
77
62
61
64
59
55
56
46
34
32
32
16
7
183
149
142
125
125
107
81
80
69
66
62
59
48
46
43
36
27
32
21
17
16
11
10
10
259
203
188
184
158
157
108
102
96
95
74
74
65
55
53
43
37
25
14
13
7
189
142
136
102
92
77
72
65
48
53
31
32
27
28
27
22
17
15
20
12
169
162
136
105
90
83
78
70
62
61
53
49
47
31
29
27
24
13
11
10
10
11
9
10
191
173
260
161
135
112
110
89
71
66
67
62
53
48
45
52
41
42
32
30
29
15
8
115
89
88
75
80
63
58
49
57
47
42
40
40
37
32
20
9
8
10
6
8
8
241
150
147
129
93
93
68
51
54
51
52
51
47
42
42
42
28
32
25
15
221
216
175
156
147
126
125
121
107
94
79
77
67
51
44
40
32
37
30
23
25
20
15
214
188
172
146
120
110
109
109
87
87
86
75
76
73
72
61
50
47
43
45
25
28
25
220
176
167
142
129
135
111
105
83
82
80
71
67
64
63
56
55
46
40
17
264
203
181
176
142
120
125
116
111
111
88
84
82
67
60
52
46
45
27
23
27
22
6
232
204
195
161
142
138
122
99
97
92
92
75
79
77
68
65
62
57
50
32
28
19
8
9
270
6
6
213
198
194
150
121
110
92
71
69
62
58
43
28
29
28
28
14
7
10
225
6
6
199
186
154
134
134
134
131
109
101
97
87
74
64
68
67
48
24
17
12
11
9
6
6
216
203
172
157
153
135
133
120
121
90
88
80
64
43
24
23
24
17
290
285
20
10
12
214
165
139
137
135
121
115
109
80
80
36
44
44
30
27
21
22
8
236
24
26
25
22
22
17
201
201
172
144
141
123
85
31
34
26
30
11
9
8
7
31
30
26
18
171
154
145
132
132
121
100
101
82
79
58
45
31
14
8
9
7
6
32
221
211
159
158
153
149
112
106
102
100
100
85
75
43
38
39
19
19
16
9
6
7
277
31
30
225
181
177
175
161
158
121
115
100
90
89
83
65
49
41
28
19
22
21
17
13
260
45
33
41
232
191
153
121
117
118
110
46
29
28
24
19
18
19
9
7
7
46
38
193
161
122
116
115
107
95
78
61
56
34
26
26
24
14
10
6
348
46
202
192
157
143
127
128
115
108
104
95
83
92
78
64
64
39
39
28
20
7
328
306
56
48
56
263
218
183
141
147
132
133
98
78
67
65
37
38
37
30
25
9
61
59
273
269
261
247
211
180
152
152
138
130
127
117
105
97
66
48
42
36
10
65
241
172
163
158
135
135
130
127
116
91
86
54
49
53
47
41
34
18
16
17
14
74
66
252
210
150
99
76
76
54
45
47
37
23
23
22
16
9
8
16
7
6
266
201
182
146
123
108
94
95
98
87
81
64
59
59
56
54
29
40
31
40
28
23
82
260
256
219
191
145
117
103
87
86
69
62
62
55
47
29
26
26
24
24
78
81
79
216
172
167
129
114
115
101
98
94
67
60
41
40
36
34
29
9
21
13
449
96
86
86
266
242
234
200
160
131
96
78
74
50
43
39
36
27
14
26
9
320
100
307
221
223
188
157
120
115
80
74
65
51
51
50
47
46
33
39
31
355
96
276
229
229
210
181
174
156
123
89
87
84
84
79
78
53
65
55
37
10
6
255
234
226
203
197
137
94
57
55
52
55
51
49
48
46
41
35
26
24
20
14
15
14
9
6
106
108
274
266
228
206
176
172
163
163
147
127
134
121
125
97
88
81
56
47
34
37
16
9
380
121
313
221
170
160
127
108
96
90
64
61
51
45
22
24
19
21
6
243
212
168
165
139
134
126
104
104
101
75
71
69
64
55
56
32
27
7
7
11
9
6
120
291
246
231
199
190
139
135
107
95
84
61
68
34
31
31
31
21
25
19
12
410
376
324
329
197
136
116
105
58
52
44
42
49
39
39
30
26
12
17
14
17
9
6
9
7
128
284
263
245
228
180
146
123
124
122
119
104
87
86
76
59
54
30
24
19
7
9
7
196
184
182
152
126
121
109
114
94
93
91
89
89
78
73
59
34
27
20
26
22
26
10
345
341
322
321
234
193
151
133
124
114
102
96
59
62
63
35
38
27
29
15
12
8
8
8
151
155
300
229
212
198
159
139
127
122
102
100
74
62
56
46
37
36
22
9
9
7
7
9
497
220
144
139
134
124
125
108
106
104
101
99
70
50
54
45
40
26
30
22
22
14
298
286
261
144
137
116
116
112
113
96
79
69
63
64
49
47
47
46
32
25
28
17
11
9
16
167
158
366
308
242
154
154
149
143
140
111
89
71
62
54
44
35
34
24
22
24
15
17
413
382
369
264
239
189
180
139
135
130
123
76
76
76
61
61
61
37
17
26
22
8
8
303
247
247
220
191
163
112
106
89
90
65
55
48
52
47
40
40
36
23
16
11
8
186
264
235
213
194
189
154
133
132
127
125
87
89
80
71
39
39
32
31
29
16
18
16
369
317
279
230
167
160
157
138
122
99
95
90
59
50
47
44
42
33
32
13
13
234
173
165
159
114
104
97
97
65
57
53
49
41
41
39
30
30
22
13
10
8
492
314
273
226
145
86
33
33
31
31
25
15
10
10
10
14
10
10
10
10
8
6
6
340
307
215
190
169
169
160
121
107
104
80
84
85
73
57
56
45
44
36
21
15
11
11
10
330
311
303
194
174
146
118
114
100
96
84
70
73
41
40
40
25
25
14
10
9
9
9
211
202
202
121
110
91
75
73
44
38
38
29
25
24
21
16
11
6
6
428
417
278
189
130
104
94
89
82
62
64
71
64
62
60
54
43
34
30
29
21
11
225
212
171
133
102
87
73
61
55
41
45
40
36
37
39
28
24
28
23
14
13
16
181
132
130
111
96
75
53
55
45
43
38
33
30
29
20
19
6
16
9
6
6
6
234
417
325
309
301
183
181
167
148
125
102
89
65
54
58
57
49
46
43
45
35
34
9
356
337
245
204
147
130
104
96
75
58
49
48
39
29
31
16
16
10
10
9
9
334
295
229
107
94
70
69
70
67
57
54
48
45
45
43
39
21
17
16
16
12
446
326
316
290
261
223
134
132
112
111
85
81
85
60
54
53
49
51
46
37
22
24
18
12
251
316
295
260
228
205
156
112
69
61
55
51
46
31
33
25
16
14
14
6
304
288
6
146
125
91
70
70
60
61
48
34
32
28
29
21
12
9
10
253
196
142
142
144
109
116
92
85
88
75
68
64
66
58
55
54
39
41
30
21
24
24
12
325
320
10
244
197
120
83
83
80
80
46
46
58
41
41
39
35
26
29
21
20
10
6
15
237
223
157
145
143
85
85
75
74
65
42
44
41
36
34
31
31
21
24
14
6
456
348
20
20
257
181
181
162
134
95
83
76
79
79
56
56
54
54
42
39
31
26
492
352
25
25
192
180
159
143
131
116
107
98
95
93
81
75
51
46
44
44
31
36
25
299
235
121
107
91
93
86
78
78
79
64
59
51
49
43
36
29
30
28
24
22
26
13
6
7
39
234
196
181
147
147
128
112
109
110
109
104
100
94
94
84
56
54
47
33
7
296
40
46
40
209
210
100
96
99
88
68
69
67
59
52
38
38
34
18
22
19
11
11
8
333
252
228
182
174
108
93
79
66
65
64
64
45
45
41
24
33
16
10
8
16
338
257
252
211
189
167
143
139
120
115
115
98
84
79
79
69
69
49
49
49
33
16
306
316
58
286
282
184
160
129
125
111
84
76
78
81
61
54
53
53
39
39
30
31
26
22
6
426
418
284
232
188
138
130
125
110
92
86
71
48
40
41
23
25
28
9
10
10
6
65
239
239
165
155
154
124
121
99
101
94
94
89
63
56
44
49
44
33
17
22
16
12
14
399
331
290
161
145
140
133
131
99
85
89
83
61
56
43
37
21
17
19
9
13
10
8
75
314
283
202
141
143
129
111
81
67
65
32
19
23
24
18
9
7
8
412
341
80
200
155
158
146
138
109
103
99
79
37
31
30
24
18
23
23
18
13
13
293
245
179
156
148
121
114
110
110
97
85
84
71
60
52
41
35
34
28
28
28
23
21
91
324
291
248
168
149
144
126
110
96
55
41
33
26
26
25
26
20
421
95
329
224
183
165
126
126
123
124
124
101
102
86
74
51
44
44
38
31
28
22
22
6
575
398
100
100
341
222
183
170
166
166
161
114
113
71
53
43
43
36
36
30
20
10
559
349
270
188
177
175
166
164
139
124
111
111
105
85
61
61
61
26
26
32
24
13
13
10
577
388
375
217
184
180
173
131
104
100
77
67
60
55
40
42
43
40
29
29
20
19
448
307
279
255
249
145
147
139
121
103
93
101
66
62
51
51
38
23
25
25
16
19
6
6
381
120
120
316
267
193
180
179
119
111
91
71
63
63
61
59
57
50
27
27
27
18
19
8
11
539
125
127
247
243
159
150
144
131
125
96
96
81
81
68
48
35
42
26
24
15
13
130
336
321
250
210
203
193
162
136
129
130
106
101
93
86
81
78
73
64
66
63
57
40
34
226
215
119
110
91
92
86
86
83
74
58
51
39
35
35
19
18
8
13
6
7
498
189
174
169
140
111
113
111
87
75
73
58
63
61
61
50
44
44
39
28
22
10
145
238
238
181
164
141
117
96
96
90
83
81
83
75
73
78
70
44
46
35
19
18
16
7
630
150
239
223
208
179
169
156
109
107
101
101
86
80
81
80
77
57
54
23
13
9
627
394
251
185
184
166
153
151
137
127
107
88
84
80
82
65
65
68
52
40
40
28
28
16
530
397
280
214
138
128
127
116
117
103
96
93
70
59
31
30
25
19
14
14
6
10
300
224
159
148
141
121
118
116
99
92
73
70
65
65
38
36
24
15
15
11
15
6
6
6
483
170
394
369
238
220
208
206
201
197
163
145
138
109
99
74
70
48
40
41
21
16
8
7
6
342
175
167
161
150
146
142
142
108
84
75
57
48
55
34
36
40
41
26
25
12
11
10
9
180
243
209
194
178
156
140
151
136
119
116
70
58
49
47
44
39
37
26
22
20
21
21
7
544
386
276
260
258
219
196
134
129
121
95
86
84
69
70
54
56
50
38
40
14
8
398
345
327
250
249
209
108
100
100
95
86
80
80
70
63
68
57
31
30
31
27
25
6
487
288
224
211
189
138
131
93
85
73
45
37
41
41
41
32
35
22
31
7
6
202
258
236
227
196
172
171
159
151
101
90
78
78
54
45
33
19
21
16
12
8
255
156
143
138
112
106
105
105
78
76
76
64
52
55
42
40
7
12
7
7
7
371
192
159
146
138
117
110
104
79
73
34
39
34
26
18
16
12
10
9
12
9
6
6
651
249
194
197
178
151
143
140
95
87
77
77
56
23
17
20
22
13
14
17
9
8
7
449
246
177
158
147
128
116
111
114
90
90
90
85
61
28
18
13
8
8
7
6
6
241
225
176
84
75
67
75
63
54
49
41
33
33
27
18
21
12
10
10
7
7
7
230
184
180
174
173
151
137
130
118
103
107
108
89
52
65
41
41
35
35
23
26
15
16
11
235
427
294
256
201
184
108
102
78
63
43
37
42
41
22
20
21
20
19
11
15
8
351
221
211
203
189
163
120
81
75
48
48
42
46
45
48
34
26
19
7
9
249
450
419
343
276
217
194
184
178
178
146
123
113
81
55
47
38
39
37
37
35
25
24
8
7
10
8
8
7
246
207
199
163
115
95
87
52
49
46
33
26
17
16
16
10
440
377
277
15
159
155
154
128
120
93
71
63
65
65
54
54
35
18
10
18
18
18
17
199
178
131
119
110
103
105
101
101
78
62
40
37
36
25
22
12
10
6
293
264
188
165
130
110
111
85
67
65
64
59
58
61
58
55
45
48
38
28
28
28
19
19
15
481
282
28
213
197
125
115
111
88
88
78
72
71
69
67
58
57
50
50
47
22
23
13
376
305
31
183
182
180
179
175
124
110
109
95
70
67
67
67
60
57
57
52
50
44
328
39
255
214
168
174
151
132
88
82
72
56
60
57
47
43
40
40
34
35
32
10
314
313
223
189
192
185
156
120
98
96
83
68
65
64
55
52
48
39
20
16
48
272
190
149
106
106
98
98
97
77
75
75
70
66
66
59
37
41
33
26
22
21
21
361
238
203
213
168
140
132
88
91
80
75
61
47
28
10
8
13
7
18
263
256
243
153
122
116
96
92
92
92
85
86
76
67
75
55
51
50
36
32
31
31
6
60
277
205
205
167
160
159
155
104
101
93
92
76
81
65
57
53
50
36
33
33
20
6
432
261
218
210
122
128
91
94
87
89
89
62
61
43
25
26
16
14
11
11
137
123
108
100
91
80
78
69
67
65
63
67
54
54
48
33
16
15
9
9
10
9
9
79
189
179
161
131
129
128
130
116
108
103
73
72
71
67
56
63
57
52
51
50
35
21
16
12
395
85
268
226
141
127
131
125
112
110
109
92
90
77
66
41
40
33
21
19
7
273
234
191
189
146
132
125
117
107
93
74
61
63
58
58
38
31
26
26
12
7
6
351
92
327
315
307
292
284
283
189
123
120
120
105
87
86
86
70
68
68
50
36
31
18
403
100
278
207
142
139
133
135
100
92
91
85
79
66
64
54
47
44
34
34
21
12
12
105
281
181
157
150
133
96
74
75
46
46
39
39
39
27
27
27
18
16
8
8
15
418
409
322
286
166
165
161
138
116
105
102
83
83
83
81
80
78
51
23
22
17
15
115
115
351
262
157
151
146
88
88
79
54
53
49
49
49
48
49
20
20
25
6
118
219
120
115
95
88
88
88
73
59
61
41
32
23
28
9
8
9
9
7
123
324
265
228
215
204
200
184
177
170
157
112
80
69
64
38
35
28
14
25
25
358
293
240
233
180
178
178
155
141
125
106
94
74
66
55
51
41
47
37
16
6
380
315
221
179
160
152
145
123
106
101
79
76
76
60
52
53
9
7
7
7
316
234
186
156
145
135
131
112
108
89
100
81
81
51
51
47
47
29
40
27
23
23
21
6
220
187
170
170
148
147
140
126
117
115
106
81
66
44
26
21
18
16
13
10
7
8
9
8
426
437
148
186
123
97
76
66
66
53
24
31
20
22
21
16
13
13
11
6
7
7
155
331
305
280
176
158
158
128
125
111
111
99
103
89
70
56
44
20
20
17
18
9
477
281
262
246
238
233
202
185
167
143
128
115
107
101
101
86
82
70
34
37
33
23
7
9
251
207
204
199
198
186
190
184
174
157
133
99
92
82
66
60
53
52
42
47
33
22
7
436
170
364
346
280
247
143
137
125
117
109
111
104
91
68
57
44
53
35
36
33
28
12
365
315
221
195
189
175
175
161
116
111
101
97
87
64
58
62
53
43
37
10
10
9
6
383
321
270
143
127
124
112
101
92
87
50
52
46
45
45
38
37
10
9
6
9
7
280
271
241
218
202
186
176
119
121
103
106
102
68
68
57
57
53
50
48
42
31
27
16
14
7
303
228
229
207
124
112
101
79
73
73
71
53
53
47
42
32
38
30
20
16
20
308
149
139
137
136
136
118
129
106
110
102
93
77
60
60
50
30
23
10
8
14
6
7
248
248
209
207
193
177
147
148
140
126
121
88
83
63
32
32
29
22
19
19
10
12
7
6
225
228
229
184
177
152
132
77
77
75
67
58
55
40
51
35
27
10
10
6
8
8
266
233
226
182
180
176
133
111
95
87
57
41
40
39
39
26
25
26
18
10
6
9
213
339
271
276
183
181
137
136
120
98
92
92
70
43
44
44
37
36
31
31
22
14
217
403
403
235
190
168
137
92
85
83
55
63
56
51
44
41
40
34
38
32
444
217
202
198
126
132
119
97
92
68
59
57
53
46
46
46
40
40
35
30
25
8
18
21
264
262
218
201
145
121
115
117
112
95
93
94
81
78
63
60
55
36
33
33
29
6
314
261
226
162
146
145
105
107
108
93
80
77
64
39
40
40
36
18
27
15
15
8
9
332
315
267
123
121
123
106
70
69
68
62
53
58
53
43
43
38
22
14
6
8
6
355
250
249
188
181
162
161
119
117
102
66
64
60
61
55
55
48
25
18
11
11
9
7
9
361
257
245
229
186
166
147
133
133
126
113
112
107
100
92
63
46
23
26
15
12
9
6
168
138
142
109
112
86
84
83
74
56
58
58
31
35
35
28
23
19
14
7
9
10
9
281
255
247
149
147
125
123
122
117
91
82
73
75
67
65
43
58
33
33
21
19
21
13
309
285
282
229
201
189
186
161
93
93
81
75
72
72
68
68
48
35
30
27
24
6
360
253
217
208
135
114
100
78
71
44
36
34
32
31
34
30
22
22
8
8
6
676
317
223
214
196
191
141
117
85
79
78
72
58
51
58
58
55
41
30
9
7
8
7
430
152
148
115
101
93
95
92
74
71
44
42
44
39
39
34
23
14
15
9
8
335
280
276
158
148
127
106
98
92
88
65
50
53
51
49
26
17
17
18
16
14
10
10
473
385
315
260
251
238
224
222
216
207
211
190
190
152
154
103
100
66
63
49
26
26
16
394
300
235
236
216
172
172
165
167
108
71
61
61
54
50
47
23
24
15
21
15
16
9
431
342
275
183
163
149
149
133
121
113
107
104
100
80
61
59
34
32
28
14
8
8
400
381
325
320
263
194
192
169
162
138
129
118
108
87
78
71
64
47
56
40
38
19
308
301
244
217
182
159
162
117
88
84
83
84
74
76
80
66
59
45
43
24
15
11
15
551
282
201
146
140
125
88
77
51
44
46
42
34
29
29
23
20
20
9
11
8
460
299
216
194
156
149
141
121
99
96
100
93
94
82
80
61
65
47
32
28
10
272
205
194
160
155
155
157
132
120
116
89
82
65
70
51
46
51
33
30
24
30
16
7
8
6
830
503
420
213
180
159
141
137
106
103
89
63
44
40
29
12
10
11
8
283
242
224
200
191
169
149
140
118
111
111
99
96
76
61
61
62
22
13
6
9
6
262
175
135
123
105
102
74
75
69
69
67
59
48
39
34
31
21
30
15
18
13
11
11
11
8
217
193
166
158
158
152
152
148
121
118
104
81
74
59
53
43
23
26
21
19
15
10
8
367
290
222
180
179
163
162
157
114
82
69
61
65
63
58
55
44
28
26
23
20
14
6
256
202
153
148
149
150
134
128
120
116
119
84
51
45
42
33
28
26
13
18
12
19
11
9
9
365
292
249
179
134
128
115
114
94
95
70
70
57
59
56
42
41
41
38
27
11
352
341
281
237
230
200
169
172
168
141
133
126
106
103
101
100
99
93
86
91
80
73
30
15
402
362
202
157
134
108
97
96
88
84
84
78
60
53
48
44
35
19
15
18
12
14
15
6
613
232
200
182
179
137
113
113
103
103
66
68
68
60
53
50
50
48
49
42
29
22
6
10
371
327
314
187
174
154
116
112
108
96
77
78
71
70
59
54
34
31
28
24
21
16
207
192
161
146
121
122
119
118
110
99
93
76
79
72
67
60
60
56
57
58
39
33
20
703
426
337
198
191
128
125
124
106
100
83
81
71
64
63
61
46
44
40
31
35
10
14
278
269
199
202
198
154
140
103
91
78
73
62
54
52
46
46
42
36
30
30
30
15
9
10
513
336
327
307
277
180
164
136
127
107
92
85
73
67
54
54
51
48
44
37
12
541
405
330
322
294
270
208
141
139
133
101
93
92
84
83
81
61
59
50
44
28
22
23
397
321
310
204
205
184
109
104
90
91
88
85
74
64
60
57
55
46
41
35
34
30
8
272
234
230
189
160
167
145
139
112
107
74
71
69
65
66
66
60
59
39
39
31
28
27
404
342
215
182
181
140
111
105
98
80
82
74
74
70
69
56
55
34
32
30
8
16
8
361
249
238
236
232
232
228
159
142
136
139
130
103
106
99
79
76
72
62
62
41
12
12
9
9
330
185
138
138
137
128
128
125
108
108
103
84
76
57
65
66
44
43
26
17
9
403
403
233
200
132
133
111
110
109
106
91
90
89
86
85
85
82
57
37
27
9
14
13
7
408
374
376
314
303
250
185
160
118
115
113
105
101
96
103
94
92
86
87
84
71
63
31
27
437
236
204
174
158
153
144
125
123
110
103
101
93
80
62
60
35
27
7
7
7
453
218
216
216
182
184
179
171
158
101
70
63
60
46
34
12
12
352
344
256
219
193
175
161
163
131
120
102
102
94
91
79
77
80
60
65
65
50
33
23
17
282
192
176
180
165
131
128
116
110
111
105
93
83
77
66
47
44
32
31
22
19
338
248
192
161
151
144
113
102
101
89
81
82
64
53
49
34
30
38
28
27
14
8
8
7
388
189
184
141
124
119
106
111
109
85
84
52
44
50
52
37
32
33
29
22
10
11
393
296
280
212
155
150
129
131
119
99
76
85
70
72
60
41
42
40
37
30
26
24
15
221
192
185
158
132
127
122
116
97
93
64
59
64
42
42
26
26
9
9
357
244
196
193
183
178
176
158
152
132
105
70
69
57
47
40
44
46
31
31
29
27
15
493
293
219
219
196
197
182
165
93
57
38
37
33
32
32
30
30
28
27
22
28
15
8
10
492
735
359
325
294
251
187
168
156
151
144
130
120
115
77
57
52
57
25
15
9
15
266
261
241
238
208
178
150
127
117
105
82
79
67
67
67
50
46
43
46
46
9
340
331
8
8
6
7
183
178
171
152
97
89
48
35
33
43
37
26
25
26
22
25
10
6
6
483
317
232
224
186
175
161
122
103
95
94
97
81
72
65
69
53
52
44
35
24
15
7
378
288
193
193
186
189
182
186
170
139
103
93
82
77
68
64
57
53
32
24
16
13
237
240
207
198
185
191
170
132
132
107
77
68
66
66
49
54
40
45
37
37
30
25
20
15
493
344
338
28
250
208
172
147
137
113
110
107
80
85
87
80
71
71
68
48
42
29
29
10
11
546
395
291
33
259
256
240
205
190
180
173
166
146
92
83
83
79
72
52
48
33
34
24
29
9
9
10
6
6
9
357
296
165
171
120
120
85
87
75
62
60
61
39
38
26
23
22
9
7
7
7
479
299
266
254
227
216
194
187
156
150
135
97
86
80
66
45
45
37
25
19
24
14
16
19
19
9
9
12
251
216
194
180
169
168
162
141
117
100
86
46
44
30
31
24
28
19
21
13
267
189
194
189
183
156
138
107
98
92
78
84
73
36
25
19
14
10
8
6
6
258
248
215
211
191
178
172
150
152
150
137
137
114
97
97
95
92
57
48
39
36
36
33
24
24
19
13
19
12
13
447
333
61
265
259
207
155
104
106
106
78
61
46
48
39
39
39
39
34
32
18
16
6
452
65
69
222
216
182
137
111
103
90
84
53
46
45
45
41
37
34
11
14
7
7
7
10
10
6
276
257
243
241
182
168
120
74
70
59
55
32
17
11
15
9
354
289
272
253
229
205
199
187
142
147
138
128
101
95
92
80
75
60
56
54
47
44
17
16
12
446
445
334
86
230
149
139
137
120
110
92
75
75
79
75
64
44
42
36
28
22
359
318
314
293
276
256
200
170
159
129
114
111
103
59
63
47
54
40
43
30
25
11
8
8
6
8
6
92
91
237
225
213
199
99
74
67
47
46
43
46
32
31
16
13
16
10
11
592
356
302
267
161
162
157
157
137
109
95
76
76
52
42
44
36
18
16
14
16
12
6
7
9
314
275
267
149
142
120
117
118
98
99
79
76
69
63
69
57
46
45
40
40
21
21
21
17
15
608
108
340
246
222
104
94
54
53
44
31
31
25
23
21
709
338
223
195
172
157
142
144
132
133
120
88
63
66
57
55
49
51
49
48
37
33
24
24
25
9
9
7
116
343
271
214
177
133
95
85
84
76
66
56
60
53
41
36
36
37
33
36
27
16
9
548
120
349
221
140
97
84
78
67
71
66
41
38
34
7
7
398
126
261
248
220
212
180
173
168
167
155
155
145
143
125
102
95
84
83
80
62
46
39
30
30
7
10
10
131
364
346
303
231
192
189
109
102
92
99
99
71
67
71
54
58
53
46
46
38
25
15
143
306
214
162
140
114
67
61
61
56
56
34
38
28
25
20
6
443
391
141
346
288
276
237
228
165
144
126
112
96
80
66
61
61
61
49
20
14
14
9
6
7
7
7
652
342
327
264
240
146
146
144
144
126
114
114
105
114
107
102
87
90
86
56
54
49
49
25
15
152
299
199
196
131
122
110
108
97
101
71
73
72
71
62
45
41
38
25
24
10
670
326
300
237
155
124
113
100
59
40
45
30
34
29
26
21
15
7
15
164
314
227
211
210
194
182
178
153
158
136
135
136
108
105
102
83
81
80
75
70
59
51
58
29
31
33
20
6
392
266
185
134
134
125
113
91
86
77
80
74
60
60
47
43
36
38
25
16
13
8
369
348
273
217
220
149
140
125
107
96
44
48
41
36
30
36
36
30
15
16
15
13
9
6
176
374
359
259
225
189
167
173
159
123
122
96
89
80
78
67
68
70
73
42
35
35
21
7
485
324
264
194
142
106
106
95
52
47
49
40
28
25
23
19
16
6
8
6
404
344
247
244
205
183
165
123
123
106
89
83
60
58
36
36
36
30
21
9
14
9
514
191
252
252
236
188
156
134
130
123
113
111
97
85
59
61
56
57
41
36
36
33
24
15
15
277
262
257
190
179
109
106
90
86
70
69
64
41
38
28
19
19
19
16
18
6
7
6
513
381
255
246
197
179
144
141
123
109
109
87
85
91
71
59
48
46
32
33
24
24
8
10
388
237
227
205
190
184
152
129
100
60
51
56
51
51
41
38
37
30
25
28
9
540
462
211
324
292
272
213
211
159
117
95
84
56
55
44
33
21
21
9
9
7
7
600
453
302
277
255
209
184
141
141
136
135
130
84
81
66
64
63
49
41
38
39
20
9
9
10
7
9
225
210
167
157
140
131
118
115
105
111
96
89
91
71
66
65
54
52
36
43
42
24
226
194
147
140
103
96
76
71
68
68
68
53
51
51
42
40
36
19
9
372
308
276
156
153
129
96
87
77
78
81
70
63
29
29
22
12
10
9
9
10
340
308
226
220
184
182
182
176
173
161
162
156
134
130
123
109
61
51
30
33
29
23
23
19
11
566
363
177
175
166
163
130
114
114
94
83
76
74
50
48
33
22
20
21
8
247
416
287
259
219
191
135
91
81
69
68
61
69
56
39
37
37
20
346
337
9
8
6
7
6
8
6
236
229
210
196
195
195
171
145
137
135
101
89
76
75
78
61
45
42
26
29
31
411
339
322
224
169
158
90
78
71
59
66
51
49
47
40
35
30
24
260
372
326
326
285
23
16
13
238
229
181
169
159
145
134
139
130
120
85
76
62
36
497
28
24
17
9
210
158
125
115
101
98
99
97
81
76
77
59
59
59
53
38
426
29
27
15
15
8
6
226
167
155
155
145
121
116
106
102
102
85
74
74
77
64
64
53
50
623
38
34
32
11
233
149
135
141
120
119
109
101
101
69
69
69
60
57
56
51
50
48
283
463
411
20
24
260
196
149
137
127
116
114
112
71
62
60
52
48
549
450
397
333
315
48
44
37
19
13
272
265
206
134
132
128
119
109
101
101
93
81
70
67
615
593
339
49
49
42
13
16
14
291
275
194
169
159
138
125
101
87
83
70
72
66
63
344
58
48
35
20
9
9
6
280
263
250
246
221
197
180
165
128
89
83
76
67
70
71
303
387
379
53
42
42
36
21
211
196
132
114
113
108
107
94
94
81
364
39
36
36
26
16
10
9
10
14
9
8
9
276
247
180
137
119
117
99
99
356
327
73
55
50
15
8
14
13
8
8
8
279
251
165
167
165
155
155
136
104
363
343
337
78
74
71
40
36
26
24
13
14
10
7
310
238
184
148
138
127
131
95
95
90
426
382
81
61
51
46
30
25
16
11
6
223
180
171
154
121
127
114
112
95
601
580
481
359
78
73
66
65
59
56
23
12
246
194
191
191
170
124
117
105
591
425
389
379
89
87
84
83
61
55
47
35
34
21
6
185
162
154
146
144
131
115
112
111
105
92
76
66
45
40
39
34
24
22
27
26
15
6
276
209
201
201
178
174
146
142
146
110
103
386
96
93
90
78
71
54
49
35
36
28
18
10
313
285
278
200
163
138
125
125
108
404
104
96
98
89
73
76
55
53
54
50
49
41
21
240
193
177
159
153
130
462
113
113
106
91
86
84
75
55
54
54
54
31
34
30
19
210
153
161
155
142
533
114
112
83
58
59
47
39
35
27
30
30
30
9
9
7
14
355
300
277
254
246
229
202
146
140
544
123
116
91
96
96
91
69
63
58
56
45
32
35
24
25
349
305
229
208
196
164
159
141
140
74
69
74
59
50
45
46
46
42
37
13
11
10
279
231
185
156
370
521
480
448
393
128
127
120
123
101
75
75
58
42
42
35
10
7
6
279
265
218
194
162
151
152
146
139
422
393
134
127
109
106
99
86
73
79
69
55
17
220
208
209
201
183
157
144
422
143
137
130
124
84
84
80
78
48
34
26
22
352
349
320
216
212
165
405
144
137
135
127
127
111
111
80
77
74
50
29
20
297
261
251
233
167
173
173
456
424
124
100
81
56
52
52
42
34
16
22
6
6
6
308
268
245
202
188
187
172
165
570
566
135
121
115
99
99
91
75
67
46
39
35
22
15
8
12
280
262
219
206
209
187
550
159
122
111
96
64
62
40
38
35
35
32
25
17
14
7
9
6
349
245
224
205
197
551
455
168
146
149
102
100
94
90
97
83
86
77
66
28
21
14
13
190
186
152
150
116
115
106
90
90
85
85
75
62
62
55
52
45
29
35
23
25
10
11
195
173
155
137
125
113
105
90
77
76
55
59
52
40
38
27
17
21
13
6
10
9
8
396
286
281
261
260
254
247
190
628
462
179
179
135
125
78
72
64
53
55
39
37
37
20
26
9
380
347
317
231
214
202
542
159
123
121
110
100
97
96
90
92
71
57
42
27
17
10
10
324
259
257
213
213
191
193
161
168
134
126
111
83
75
65
55
11
6
7
7
7
7
418
326
281
559
486
477
192
185
169
145
111
97
83
89
80
68
72
47
44
22
390
313
267
211
176
166
171
138
107
110
105
97
85
54
50
38
26
21
16
21
8
9
8
13
381
285
273
239
220
216
203
195
155
150
149
140
123
112
70
70
34
22
23
21
20
14
14
368
261
256
243
237
191
184
170
148
131
67
67
62
59
56
53
39
19
19
18
12
18
6
6
296
197
180
159
151
153
130
97
76
72
64
62
53
30
32
24
24
16
11
6
8
333
303
291
218
165
140
102
86
77
67
66
49
37
41
33
21
22
22
16
258
253
241
235
538
501
203
161
154
89
79
39
36
34
27
26
26
26
25
10
257
554
229
227
215
204
179
166
165
150
151
123
96
87
79
70
63
64
47
32
28
8
6
348
336
577
228
155
152
117
94
94
92
77
75
60
44
47
41
23
14
11
18
10
7
7
7
307
243
225
184
172
160
155
145
142
142
112
101
99
88
90
81
55
57
50
16
12
6
629
177
160
129
111
102
102
95
86
79
66
66
47
53
41
41
37
31
23
29
12
11
9
9
328
249
233
226
201
204
184
83
83
59
59
46
32
22
12
10
10
10
7
356
336
498
257
204
194
186
139
93
71
69
69
48
36
39
22
15
12
451
343
310
501
562
259
205
177
154
145
98
93
86
81
81
61
56
45
39
38
42
32
24
17
421
527
231
230
185
124
105
98
90
49
48
41
35
35
29
25
23
15
8
7
7
6
6
722
215
219
213
206
175
164
162
148
155
137
134
127
112
79
78
66
66
66
61
19
11
400
271
255
180
163
150
145
145
134
132
112
96
92
90
50
42
38
37
24
33
26
15
15
441
209
204
200
132
121
121
111
76
68
58
50
55
42
46
40
40
27
21
17
16
15
10
10
363
356
300
253
236
223
197
198
162
134
130
114
108
100
95
94
78
63
34
26
20
6
480
462
451
371
266
147
147
120
115
110
92
88
75
64
65
31
21
26
22
13
13
14
7
404
211
189
179
116
110
102
82
76
72
63
37
28
18
16
8
11
6
7
520
514
551
121
109
102
101
101
102
96
100
96
88
87
84
63
60
43
32
8
8
442
369
351
301
279
239
229
187
180
157
105
80
72
65
62
53
37
37
38
37
27
26
18
9
438
330
879
309
294
171
164
160
160
159
151
136
112
99
103
53
43
42
25
27
18
14
8
319
318
293
264
192
185
167
141
131
103
99
87
82
75
72
72
61
62
57
48
49
51
31
32
17
291
269
180
153
153
141
130
129
106
92
90
86
86
84
80
64
61
41
36
22
24
12
279
251
245
196
174
140
132
121
121
116
92
80
67
68
64
64
64
48
47
33
19
8
7
6
578
652
329
327
303
275
262
239
197
189
150
131
115
88
92
78
70
62
48
28
9
10
247
227
137
113
110
95
81
83
78
74
67
67
55
52
47
47
32
23
11
6
6
6
450
420
675
310
249
204
177
136
97
88
72
67
44
25
25
27
25
24
6
9
8
446
316
280
265
230
141
138
109
112
107
103
100
96
81
61
60
58
46
32
18
25
9
282
201
199
192
187
171
146
146
138
114
108
89
73
67
58
60
49
26
25
23
20
7
10
385
240
187
189
180
145
117
112
97
94
86
90
88
77
76
53
43
41
40
35
40
39
9
597
353
214
197
202
193
186
161
151
130
124
120
109
115
102
72
57
35
30
11
11
9
11
501
443
375
280
247
249
218
158
143
130
125
83
82
61
67
63
56
24
20
19
26
6
290
267
180
163
149
128
111
109
111
93
100
93
85
67
67
57
48
30
11
501
488
433
378
290
184
169
168
156
145
122
114
85
73
67
62
46
39
38
45
46
16
10
503
431
397
247
237
206
172
140
119
111
95
77
31
13
17
17
15
10
543
249
222
202
179
163
151
142
124
94
91
81
58
55
37
39
26
26
26
20
10
13
10
11
356
240
220
223
216
168
152
148
138
134
131
123
95
95
87
53
59
41
23
27
29
16
9
8
387
280
232
228
182
180
152
137
118
122
99
87
80
66
64
55
55
45
28
17
6
12
6
6
10
378
353
359
286
254
237
160
150
157
115
88
54
60
33
20
24
8
6
8
10
6
