7
7
7
7
7
9
10
7
9
9
7
7
6
10
10
10
10
9
8
8
7
7
10
10
7
8
7
6
7
8
6
8
7
7
10
10
10
10
10
9
10
10
10
10
10
10
8
10
8
10
8
7
7
10
7
15
14
12
9
8
8
8
9
9
7
10
8
7
6
9
6
6
6
6
10
10
10
6
6
8
8
8
7
6
6
6
6
6
6
6
6
6
6
13
11
15
12
7
11
11
11
8
8
8
8
8
7
8
6
7
8
7
6
8
10
17
10
10
8
10
13
10
6
7
10
10
8
7
10
8
8
9
10
8
8
8
9
7
7
7
7
7
7
7
7
7
12
13
12
15
13
13
15
15
7
7
12
11
7
12
10
8
7
7
7
7
7
7
7
6
17
19
19
12
17
14
17
15
12
12
12
7
9
9
7
9
10
9
9
9
9
9
6
25
23
18
22
14
12
15
14
14
6
6
10
10
8
10
9
10
8
9
8
7
10
6
19
19
20
15
15
15
10
15
16
14
15
13
15
10
8
8
8
10
10
8
7
7
7
35
34
32
35
32
27
22
24
24
24
19
20
19
17
16
6
11
15
13
11
9
13
29
29
29
25
20
10
8
8
8
13
10
11
7
8
7
8
7
8
8
8
7
7
15
21
21
19
15
12
8
8
8
12
8
8
8
8
8
12
6
12
13
6
6
6
6
39
20
20
18
13
13
18
17
8
9
8
8
8
8
7
9
11
9
7
7
7
8
7
8
25
22
18
22
8
14
10
8
13
13
10
6
13
8
9
9
9
9
9
8
8
9
9
9
9
7
8
9
8
9
9
8
9
6
6
6
6
6
15
14
13
14
14
14
14
14
12
13
12
13
14
14
10
12
9
12
10
9
8
6
10
10
10
10
10
10
10
7
7
7
7
7
9
7
6
7
7
7
7
8
14
15
14
15
15
14
14
10
8
12
12
10
12
11
12
12
12
10
10
9
9
12
28
19
20
20
20
20
17
17
15
17
10
10
9
6
9
10
10
10
9
8
6
6
9
9
6
7
6
6
8
10
10
10
9
8
7
8
7
7
10
7
7
7
7
7
7
7
7
7
7
7
7
7
7
15
15
9
9
9
10
10
9
8
12
10
10
9
10
6
6
6
6
6
6
8
6
6
6
14
14
11
11
9
9
9
10
11
11
10
10
10
9
7
6
6
6
6
9
6
16
15
15
8
8
8
14
9
9
9
8
8
8
8
10
8
8
6
6
6
8
8
8
8
27
19
14
14
13
9
9
9
7
13
11
9
8
8
10
9
7
7
7
7
7
6
7
30
30
26
26
19
21
14
13
14
14
14
14
9
12
11
11
8
7
7
6
8
7
29
29
23
23
19
17
16
14
17
17
14
16
6
6
8
8
8
8
7
11
8
7
6
42
34
36
35
36
24
25
23
21
19
18
21
22
19
11
8
8
6
8
12
13
45
36
29
29
24
23
14
13
19
16
14
16
9
9
10
8
8
6
8
8
10
8
10
38
32
31
31
32
29
19
27
13
14
10
13
16
12
13
10
10
10
10
10
7
10
10
49
34
18
20
17
19
15
15
7
7
6
7
7
6
9
15
7
6
6
6
6
6
22
20
15
14
12
11
20
15
7
7
10
8
8
8
8
8
7
7
8
7
7
10
9
7
34
16
15
14
14
12
15
7
7
7
7
7
10
9
8
7
7
12
9
7
6
9
33
21
27
24
30
21
21
22
19
18
13
12
14
10
10
10
7
6
9
38
23
23
25
22
17
17
22
22
19
17
15
15
6
14
14
14
15
12
7
6
14
6
35
31
32
30
28
24
26
11
8
14
17
8
13
17
13
17
13
13
6
6
6
6
29
18
18
24
23
16
16
11
10
7
7
7
7
7
10
10
10
10
7
10
6
7
6
7
23
12
12
15
12
12
9
7
7
10
8
8
7
7
7
7
7
9
10
6
6
7
6
7
17
12
12
14
7
7
7
8
6
8
8
9
6
10
6
6
11
10
10
8
6
6
6
22
25
26
17
17
21
21
17
11
17
12
13
11
15
8
7
11
7
9
11
9
8
7
27
27
22
22
17
17
10
8
8
8
10
9
8
14
8
8
6
8
8
8
8
8
36
25
21
14
17
19
13
11
13
10
9
13
13
11
13
13
10
7
7
8
7
7
7
7
40
32
32
32
37
27
18
20
20
23
18
15
15
18
18
8
13
11
13
7
11
6
45
37
28
20
23
10
10
10
15
11
8
8
7
10
10
9
10
7
8
7
8
