10
9
9
9
10
9
9
9
9
8
9
9
9
9
9
8
6
9
6
9
9
8
14
15
14
14
14
10
9
9
13
10
10
9
7
8
9
7
9
8
7
6
9
9
18
18
18
18
12
13
12
9
9
10
13
9
9
9
9
9
8
9
7
7
7
8
7
24
24
19
14
14
15
12
9
8
8
8
8
8
8
8
8
9
12
9
9
6
25
23
15
14
10
9
8
6
8
9
8
10
7
8
6
6
6
6
6
6
6
6
29
26
18
18
18
19
19
11
13
12
13
11
7
9
7
7
7
6
6
6
6
7
9
8
39
36
29
23
24
17
18
20
16
16
16
14
16
13
9
9
7
9
6
6
9
9
6
11
9
7
9
7
7
7
9
7
9
7
9
9
7
9
29
23
23
26
10
10
14
14
10
10
14
14
14
14
10
8
14
49
44
34
28
28
28
25
22
26
23
15
16
15
15
15
6
13
17
50
39
34
31
20
21
20
19
10
8
6
10
8
11
10
8
7
6
6
6
23
22
20
23
22
50
13
15
14
13
15
10
8
10
8
7
11
10
9
7
6
43
43
30
20
20
13
15
7
9
10
9
9
9
9
10
9
9
9
9
9
7
6
32
33
32
36
25
23
18
18
18
19
14
14
14
12
14
14
14
14
10
11
8
11
8
46
41
30
23
26
25
21
15
12
10
12
13
15
9
7
6
6
9
9
8
6
6
6
79
65
58
32
31
33
35
34
31
31
24
24
17
15
17
15
20
12
10
6
9
8
8
8
61
56
50
38
36
30
29
22
22
26
22
16
16
16
19
18
11
10
14
13
13
6
6
59
42
38
38
31
25
30
21
16
14
14
14
7
9
8
8
7
10
6
11
11
8
6
6
6
42
24
19
21
16
16
18
12
12
13
12
17
7
7
9
10
7
9
7
6
6
6
69
47
45
30
30
34
30
34
26
24
18
16
9
9
9
9
9
9
11
11
7
6
6
69
53
42
43
21
17
14
14
14
8
7
9
13
6
6
6
6
6
6
6
6
6
6
54
47
35
36
31
25
22
19
12
11
11
18
11
11
11
10
6
11
10
11
10
67
68
52
49
41
40
29
29
27
24
24
23
23
23
24
16
16
16
9
15
16
16
89
76
52
54
46
37
42
41
39
35
28
21
21
21
17
7
11
10
10
8
8
8
69
62
37
34
34
31
32
26
15
9
13
19
15
7
6
7
6
6
8
6
8
6
7
68
61
54
47
42
46
39
40
38
31
31
31
30
30
28
27
21
12
12
7
7
83
86
76
61
47
45
43
25
25
23
25
13
9
9
8
12
8
12
13
8
8
8
8
109
66
52
49
41
40
18
22
21
14
15
16
14
18
12
11
10
7
9
7
7
10
71
69
66
66
61
60
54
54
53
51
53
46
46
44
45
29
26
20
19
22
18
18
10
10
103
84
71
62
53
51
32
32
32
28
27
26
23
23
23
13
6
6
9
7
6
7
6
103
56
56
56
46
45
30
33
29
29
26
20
14
10
6
7
7
6
122
94
72
75
74
68
61
60
61
52
44
35
34
38
33
27
25
21
17
11
7
68
71
59
59
50
44
48
37
38
38
37
38
32
32
34
24
24
25
16
6
6
79
71
71
71
53
50
42
43
35
31
26
27
29
27
26
22
15
17
17
14
10
11
10
9
13
110
107
81
53
54
51
42
36
40
36
35
34
27
24
27
23
20
9
15
16
10
9
7
89
81
81
58
49
37
36
32
25
25
27
24
29
20
7
12
9
7
7
7
7
7
110
97
101
91
68
56
42
40
37
29
32
29
25
26
26
12
15
6
8
6
6
8
8
6
6
122
102
99
99
99
86
78
63
63
61
51
46
41
41
35
35
31
29
31
12
15
16
11
7
79
77
68
56
51
54
47
46
46
36
22
27
22
17
16
19
15
12
11
12
15
6
7
101
72
73
71
56
47
41
27
30
29
23
21
15
14
8
11
6
10
8
10
7
169
181
154
72
69
72
57
57
51
35
35
39
39
27
28
25
25
26
21
22
19
19
17
13
88
66
69
57
57
55
51
51
40
32
31
31
21
19
11
14
14
10
11
13
7
76
74
60
58
54
25
20
9
9
8
8
12
9
8
9
7
7
7
8
7
148
134
120
110
105
101
95
76
65
55
59
61
49
41
46
30
32
28
24
21
17
17
146
137
133
127
98
98
84
70
46
52
44
39
33
26
18
18
18
12
8
8
8
15
17
129
121
120
81
67
52
56
51
31
25
27
19
22
8
10
7
7
8
8
6
6
6
