9
8
7
7
9
9
9
9
9
8
7
10
9
9
7
7
7
9
7
7
7
7
14
10
6
6
10
7
10
10
8
6
6
6
6
6
7
6
7
10
10
7
6
10
9
9
8
8
8
6
7
7
8
6
7
7
7
7
6
7
7
7
7
7
7
7
13
9
9
9
9
12
12
12
12
10
10
9
9
12
10
6
8
7
8
8
8
8
8
10
8
13
10
10
8
8
8
10
7
7
9
8
7
7
6
7
7
19
15
16
15
13
15
13
13
15
15
9
8
8
9
8
6
9
8
8
9
8
31
22
19
6
6
6
6
9
8
7
7
6
6
17
8
10
8
8
14
8
8
8
8
8
8
7
8
6
10
9
8
8
7
10
8
8
7
7
7
7
7
7
9
6
6
7
6
6
8
9
8
10
8
8
7
10
9
8
8
8
8
8
8
8
8
7
6
7
6
7
6
6
6
6
10
10
8
10
10
8
10
10
10
10
10
10
10
6
6
8
8
8
6
8
7
6
6
8
7
19
15
15
15
15
15
15
15
15
15
9
13
8
13
10
6
8
13
11
12
6
13
12
20
20
12
18
18
14
14
11
16
9
9
7
6
9
6
9
9
6
7
8
7
7
9
8
8
10
10
8
10
10
10
10
10
10
10
8
8
8
7
7
7
8
6
15
15
17
15
8
10
8
8
6
12
13
12
10
8
8
6
6
6
6
6
11
10
6
20
18
11
10
16
16
13
9
7
7
9
10
7
7
7
8
8
6
8
6
9
8
6
9
9
9
9
9
9
9
8
9
9
6
8
9
6
14
14
10
10
7
7
7
7
7
7
8
7
10
7
10
10
10
7
7
7
10
18
10
10
10
10
10
10
10
10
10
10
10
7
8
7
9
9
10
9
7
6
6
9
15
8
7
7
8
8
8
8
9
9
9
8
14
8
8
8
8
8
14
8
6
6
6
14
12
9
11
9
9
9
9
10
6
6
7
10
9
9
10
10
10
9
9
9
10
12
9
10
15
10
9
14
14
11
8
6
6
6
6
6
8
6
6
6
6
7
6
7
7
6
6
10
10
9
8
9
10
10
9
10
9
8
6
8
8
7
7
8
6
7
8
7
6
14
14
8
8
8
8
8
8
8
8
8
13
8
8
6
7
8
6
6
6
6
6
18
19
19
13
13
15
18
17
11
10
12
10
9
8
10
12
9
9
8
7
8
22
22
23
8
8
8
8
8
7
6
15
9
8
16
6
6
8
8
9
8
10
7
10
7
8
10
8
10
10
7
7
10
7
9
8
8
10
7
8
10
10
9
9
9
10
9
9
9
9
9
6
9
9
9
9
8
7
7
6
6
6
9
6
6
10
9
8
7
6
6
6
6
7
6
6
6
6
11
14
14
11
11
6
7
6
7
9
6
8
7
8
7
7
8
7
6
6
10
9
7
6
9
10
9
9
7
7
6
6
6
6
6
6
12
12
14
7
10
7
9
8
7
6
6
8
8
8
8
7
7
7
9
9
10
8
8
10
6
7
7
7
7
7
7
7
7
13
13
13
14
13
9
12
9
7
11
12
10
7
9
7
6
6
6
6
6
6
8
6
6
6
6
6
6
6
6
7
7
6
10
6
8
6
9
6
8
9
8
6
9
9
9
9
9
9
9
8
9
8
8
10
10
7
6
6
15
12
6
6
9
8
6
6
9
10
10
10
10
9
7
10
10
7
9
6
6
18
19
11
15
15
15
15
11
11
15
14
15
12
12
7
8
7
7
7
9
9
7
10
7
6
20
8
8
8
8
7
7
10
10
10
8
7
10
10
10
9
7
7
7
7
6
7
7
7
6
7
7
7
7
10
9
9
8
10
10
10
11
10
9
8
9
6
8
9
10
10
10
10
10
9
9
9
9
9
9
9
7
7
9
7
7
8
7
8
7
7
10
10
10
10
9
8
9
10
9
10
8
7
7
7
7
7
12
12
13
6
6
12
12
8
8
6
12
10
6
6
6
6
10
8
9
6
6
6
17
20
19
14
15
11
10
10
8
10
10
8
10
8
8
7
7
7
8
7
10
16
20
19
16
14
15
13
15
13
16
12
10
9
10
10
10
9
10
10
7
9
10
28
25
21
20
18
18
21
7
7
13
10
15
15
10
15
9
8
6
6
7
6
29
14
14
20
19
14
20
14
12
9
10
12
10
7
9
10
6
6
7
7
31
28
31
18
10
12
10
10
9
9
10
10
12
12
10
8
7
8
8
8
8
8
30
24
15
22
13
22
17
9
9
8
9
7
9
9
9
9
9
8
8
9
9
9
