63
63
51
46
33
33
35
34
27
28
19
21
19
12
10
10
12
10
9
8
18
12
10
18
97
83
51
42
36
35
39
32
32
24
31
14
13
13
17
15
15
10
8
8
10
10
41
42
37
36
23
22
28
10
10
10
10
10
10
9
12
13
13
7
8
8
59
42
42
34
25
18
15
20
18
14
14
15
14
10
13
8
9
11
9
12
10
9
9
6
149
116
54
54
47
45
45
28
28
23
22
20
18
6
8
11
8
11
6
45
34
43
28
25
23
23
23
16
22
20
13
8
8
8
7
13
13
7
7
11
8
7
14
7
76
63
57
40
23
21
18
18
18
10
9
8
8
8
8
8
8
8
10
10
6
6
7
100
98
71
40
35
33
32
32
17
14
13
15
7
6
6
11
7
6
11
10
10
34
38
34
18
20
10
7
6
7
6
7
8
7
9
7
7
9
8
7
6
6
6
64
40
23
22
15
16
16
20
12
14
12
12
14
7
7
7
6
10
7
8
11
6
10
96
45
44
33
41
28
28
27
21
25
26
16
16
19
17
12
11
11
7
6
7
6
7
55
53
41
41
44
35
35
31
31
29
26
23
16
12
10
11
11
10
12
9
11
9
12
7
7
87
72
63
43
40
37
32
29
26
26
25
22
22
22
21
17
17
16
16
17
16
8
13
106
47
43
43
36
36
35
31
31
32
27
21
21
19
21
15
10
10
18
7
47
38
39
32
32
26
25
25
26
26
24
8
8
7
7
24
15
22
9
9
9
9
9
6
111
53
52
51
33
41
39
34
14
14
18
14
12
8
6
9
12
12
11
8
8
9
12
12
9
58
53
51
51
47
42
27
19
19
19
10
6
14
17
17
11
8
6
6
16
6
6
17
52
28
28
15
22
9
10
9
9
7
9
9
7
10
9
9
9
9
10
9
9
6
52
20
14
12
12
12
12
14
12
14
16
10
9
9
9
7
6
10
8
6
10
8
9
73
51
38
26
21
19
17
20
19
19
20
14
13
14
7
9
7
7
7
7
6
10
10
9
9
9
7
9
9
9
10
8
7
7
9
9
10
9
9
9
9
9
9
7
6
6
6
6
6
6
24
12
14
9
10
9
11
11
8
8
8
8
10
8
7
6
8
8
8
8
8
7
8
6
22
20
19
19
16
16
13
10
13
13
12
10
10
9
9
10
10
8
10
8
10
6
7
27
24
19
21
18
15
15
18
18
18
15
15
15
13
13
13
13
13
7
7
7
7
7
7
27
26
24
20
23
19
18
18
18
19
10
9
9
12
10
12
16
12
8
7
7
8
49
34
30
28
29
28
25
28
25
24
17
14
16
14
10
7
14
6
10
13
10
7
7
7
7
40
30
29
22
26
22
15
15
9
8
8
10
10
9
9
9
7
7
12
12
12
12
12
11
12
10
44
27
17
20
19
14
13
14
6
6
15
16
16
17
50
43
36
30
22
22
21
21
21
29
28
20
20
18
9
9
9
6
6
6
21
22
22
54
54
48
48
27
34
26
34
23
23
15
16
14
14
11
6
11
9
9
26
60
46
29
28
30
19
16
16
16
19
18
14
14
10
9
14
10
9
9
7
8
8
32
30
72
61
58
56
55
53
35
34
33
33
35
24
21
23
19
19
9
6
13
7
12
9
37
35
63
58
58
60
42
42
40
39
38
40
38
31
29
31
30
26
24
19
26
12
10
14
68
57
47
44
44
34
24
15
17
14
23
14
20
7
9
9
11
7
9
9
46
46
47
73
59
62
36
36
34
29
23
20
24
19
16
24
8
9
14
8
14
14
52
81
53
54
44
34
41
34
24
12
12
19
13
13
21
20
7
9
8
8
7
11
6
7
52
81
80
72
18
19
10
11
9
9
7
11
9
9
11
17
8
6
7
6
7
6
6
70
64
51
44
34
31
23
18
9
9
10
9
9
12
9
8
9
8
8
8
8
61
67
59
59
59
56
49
46
44
19
18
14
14
17
13
13
14
10
13
10
9
14
8
6
71
61
61
40
40
39
33
37
27
26
19
19
20
19
17
19
6
8
7
6
8
9
8
8
93
84
60
54
36
26
26
24
22
24
10
14
14
10
10
14
9
6
9
9
9
6
6
43
43
42
35
31
29
21
28
28
28
18
15
15
17
19
15
18
14
6
9
7
8
49
42
44
43
34
33
20
24
9
9
13
13
12
11
13
13
10
12
7
6
7
7
8
6
7
74
44
40
42
40
38
38
38
29
28
25
18
16
14
19
9
10
11
7
6
12
7
77
55
45
30
34
27
23
17
14
14
10
9
11
17
11
10
9
8
9
8
9
9
8
39
9
9
10
13
9
14
9
9
8
9
8
9
9
8
9
6
9
8
9
9
9
9
54
54
53
43
32
20
20
24
24
14
15
16
19
18
14
14
10
8
8
10
9
9
9
7
61
51
35
19
24
24
24
19
19
14
13
7
12
11
10
10
10
9
9
9
6
6
6
6
23
24
23
24
18
20
19
19
17
19
18
19
18
14
12
7
8
10
8
12
7
7
6
7
68
69
34
35
34
31
29
29
25
22
17
21
19
18
19
22
12
16
16
9
13
8
6
78
48
44
34
28
22
25
23
14
20
11
7
7
7
13
13
12
10
8
13
7
7
7
65
44
32
35
35
30
21
21
12
15
10
6
9
6
10
9
7
6
9
7
83
43
38
38
40
35
34
31
26
29
17
21
17
24
18
10
14
14
10
9
8
6
6
71
48
45
43
43
41
34
33
22
19
19
19
8
9
8
8
9
10
11
13
10
7
64
54
51
31
27
21
20
16
17
19
13
8
9
8
8
8
12
9
8
8
6
7
6
7
63
53
47
39
39
33
39
24
18
18
22
23
13
14
13
14
13
6
10
9
7
62
30
31
23
23
23
24
23
23
18
21
18
10
12
9
17
7
8
8
7
9
6
8
60
56
51
35
40
39
40
37
35
28
24
23
23
22
24
16
9
7
11
13
9
79
73
68
51
45
32
32
29
28
20
20
19
17
10
18
18
8
8
8
7
7
67
70
62
46
34
34
24
23
22
9
12
13
15
9
8
6
6
6
6
82
64
58
29
34
22
25
18
17
15
12
11
12
12
8
12
12
11
8
8
6
8
6
85
56
42
35
37
27
34
23
22
18
19
18
18
16
9
6
6
6
6
93
40
44
37
38
28
27
24
29
18
11
15
11
14
10
11
10
9
9
10
6
7
6
7
43
29
33
32
26
24
16
16
15
15
15
11
10
10
10
10
10
10
7
7
7
94
91
63
50
45
34
34
40
28
32
24
28
20
20
16
15
15
12
14
15
12
9
86
63
62
60
43
42
33
26
29
25
25
25
23
21
16
16
17
16
12
11
14
14
8
14
59
47
48
43
43
34
31
28
30
31
28
26
25
27
21
22
23
22
22
17
9
6
8
67
66
50
41
30
30
26
29
27
8
26
18
16
7
8
7
6
7
6
112
86
77
53
51
44
41
41
35
36
32
32
15
17
12
12
11
9
9
11
11
7
6
80
67
46
44
41
36
37
18
27
12
12
10
8
8
10
8
11
8
6
8
7
6
134
72
73
51
50
47
42
41
21
17
19
17
15
13
13
14
13
12
7
12
10
12
132
130
77
56
55
52
51
47
32
28
26
27
26
23
20
18
18
18
10
8
12
10
8
6
6
7
71
58
60
60
51
42
32
26
27
31
26
24
17
22
21
13
13
9
9
8
8
10
9
101
86
77
66
54
44
49
36
32
28
30
24
23
25
18
21
13
9
9
9
9
8
9
9
8
74
61
54
54
41
39
41
35
30
23
24
23
23
26
7
6
22
19
21
14
17
112
81
76
75
48
47
47
44
42
41
46
38
40
38
32
28
12
12
10
12
17
9
9
26
25
19
19
98
92
76
71
53
64
46
51
45
43
15
17
15
10
10
7
8
7
6
6
8
8
6
30
31
24
114
57
56
52
50
49
46
36
22
20
19
16
14
16
13
13
13
13
9
7
6
8
35
35
28
85
61
61
47
43
27
32
24
22
21
20
18
18
18
18
11
10
7
34
101
93
87
52
52
52
33
25
23
23
15
20
7
6
11
10
8
47
47
108
100
92
72
66
65
61
63
50
49
48
30
31
30
30
27
28
28
20
26
9
10
10
50
52
44
44
106
77
76
69
62
59
61
41
35
35
35
33
33
33
31
31
26
31
30
26
24
9
9
8
53
48
81
72
63
39
40
35
35
26
29
14
14
15
6
6
6
7
6
63
61
55
106
87
80
68
69
51
52
49
43
41
39
33
34
19
19
22
19
18
18
6
9
10
7
10
59
58
59
85
57
47
48
44
40
24
24
22
23
17
15
14
12
15
9
8
71
64
123
120
96
82
60
53
55
53
53
41
38
36
29
29
28
22
19
13
13
10
10
8
8
11
75
69
101
93
51
52
50
47
34
31
15
14
15
9
9
9
9
9
11
9
8
8
9
8
81
81
73
62
60
46
34
38
29
24
14
14
14
14
8
8
8
10
7
6
6
83
141
102
89
88
77
70
62
63
60
59
44
43
42
32
28
26
19
22
19
14
13
13
8
12
12
9
88
140
79
83
74
60
56
64
60
56
39
39
37
31
31
33
31
24
26
10
14
17
7
9
115
107
79
78
77
72
75
63
69
53
52
44
44
33
23
21
20
19
6
9
94
131
124
112
116
84
74
57
59
34
34
34
23
26
12
11
15
11
10
12
19
6
10
6
6
90
79
69
64
35
19
11
13
14
13
11
10
10
7
7
7
7
6
7
7
110
104
91
69
67
65
66
61
59
48
40
38
39
33
32
25
29
19
15
16
8
8
184
121
90
85
83
89
74
75
70
66
63
63
55
51
49
49
34
21
19
23
19
21
10
214
146
71
69
69
60
35
32
32
30
26
9
8
12
8
6
6
6
6
6
6
118
95
82
68
59
59
54
47
44
42
20
23
20
17
17
12
10
11
10
8
11
223
156
156
115
89
73
71
64
59
52
47
43
35
34
25
34
30
20
22
17
16
136
159
144
125
110
69
69
55
41
41
37
37
33
21
24
21
21
10
10
10
16
14
10
137
199
132
89
74
62
60
65
49
35
32
27
26
26
22
26
26
17
10
10
7
7
8
130
128
124
105
92
80
51
41
30
31
31
15
26
8
9
7
7
7
7
98
91
90
83
79
79
67
48
48
52
39
37
39
29
13
12
6
6
10
6
230
175
171
115
101
105
89
77
65
60
47
41
36
18
24
22
22
15
17
17
17
6
10
186
171
107
100
94
88
86
75
68
50
49
35
33
28
22
8
8
15
10
9
9
160
193
191
139
99
91
80
77
51
35
28
28
13
7
9
7
10
10
7
6
6
6
6
6
153
129
119
113
92
97
92
80
64
57
51
33
38
37
33
26
32
26
24
18
12
12
10
7
164
115
105
86
65
62
47
56
38
39
30
37
23
28
26
23
15
16
16
15
9
9
9
7
9
137
109
104
106
65
52
35
25
22
20
21
18
14
13
8
10
9
6
6
11
6
8
185
94
74
70
47
47
41
47
40
29
27
30
22
22
23
17
9
13
12
7
7
7
8
138
90
76
52
45
35
35
36
22
23
26
18
17
13
12
12
12
13
8
7
7
178
124
122
87
81
67
51
55
40
39
27
19
18
18
18
9
8
10
12
7
7
6
134
94
92
82
71
63
63
56
62
62
45
42
37
41
23
26
23
23
12
11
12
8
100
72
61
66
60
42
45
38
40
37
28
27
26
17
17
16
9
172
83
91
91
77
74
58
58
52
42
34
32
33
27
21
18
22
10
10
10
9
13
8
177
101
94
52
54
47
49
46
38
27
27
20
15
15
20
20
16
16
10
7
6
6
6
169
158
95
71
57
54
52
49
42
35
32
31
20
20
25
25
20
25
12
12
10
7
6
234
184
159
117
95
73
69
67
49
48
48
42
42
40
37
37
18
18
18
13
7
9
9
7
131
85
75
70
70
62
53
45
52
47
51
41
31
29
23
25
17
19
12
12
12
13
147
130
137
124
116
91
80
68
68
58
52
57
43
40
29
29
27
21
14
12
11
17
7
9
6
6
151
96
88
95
62
57
51
26
22
10
10
8
10
7
12
10
10
7
6
10
6
10
183
160
100
90
68
67
45
50
49
40
35
33
37
28
27
17
13
20
10
10
15
7
8
7
8
139
125
110
105
84
82
82
80
74
61
51
50
43
38
36
18
17
16
10
10
10
13
13
11
13
214
189
136
128
116
80
72
43
35
37
30
24
27
281
27
21
15
15
15
17
157
152
147
123
97
92
90
83
83
70
48
52
39
31
28
8
20
203
147
82
76
68
63
60
47
48
33
13
10
13
8
7
9
8
7
9
9
33
28
156
131
115
94
87
74
70
68
15
15
14
14
10
7
7
7
10
8
9
33
32
31
234
183
123
130
115
111
87
78
69
68
67
67
28
17
18
12
12
9
10
11
43
38
214
125
88
90
75
68
66
64
52
24
22
22
23
17
18
15
11
11
9
8
10
44
223
148
140
130
130
102
86
73
69
33
34
22
19
15
15
14
10
7
7
8
7
8
45
275
124
122
114
88
76
38
27
29
27
24
22
26
19
18
20
20
12
7
59
53
285
137
129
77
63
46
41
43
39
40
33
29
22
25
17
12
8
8
8
61
61
137
101
98
80
75
53
45
48
42
35
35
28
30
30
22
23
25
16
6
9
8
70
155
149
120
115
103
80
75
75
75
58
49
45
44
43
34
27
27
27
27
15
14
6
7
71
151
99
97
102
80
338
60
64
52
47
41
32
32
32
17
19
14
10
8
8
78
200
138
107
66
52
46
46
41
41
38
38
35
25
24
24
21
20
20
7
81
137
135
119
100
92
65
60
57
55
50
43
43
33
41
34
19
22
12
8
9
86
136
132
123
95
62
60
56
50
39
43
29
17
13
13
7
7
7
152
105
79
74
72
65
62
58
53
52
51
44
44
44
40
30
28
30
28
17
9
8
7
7
93
100
90
121
110
102
79
72
69
69
70
66
57
50
56
38
27
27
32
27
13
17
99
97
172
173
140
85
80
71
71
54
53
49
43
43
35
41
32
29
32
22
10
7
6
178
171
140
127
95
99
75
68
58
55
46
34
30
27
27
28
27
22
20
19
8
8
8
6
109
219
172
145
118
95
95
88
81
67
71
42
42
42
32
32
29
17
17
16
16
16
8
6
13
114
112
123
95
89
86
81
77
68
67
64
56
37
37
32
22
13
8
6
9
6
6
6
118
230
155
102
94
94
64
63
52
42
26
26
23
22
16
15
12
13
8
9
7
7
271
213
153
132
90
54
54
53
57
57
54
45
32
31
20
17
16
19
13
12
10
7
131
131
189
187
118
108
105
83
91
58
36
33
36
33
34
26
23
21
21
19
15
9
127
125
118
103
79
84
73
67
64
63
57
52
49
28
28
26
24
12
20
9
10
7
10
10
10
138
357
158
70
72
68
63
46
46
35
35
35
35
31
27
29
27
27
25
8
6
7
142
143
208
129
127
81
74
58
51
41
36
36
30
31
16
14
11
11
11
11
11
9
8
144
120
105
60
53
53
46
45
41
35
35
25
24
17
17
9
9
8
8
10
8
8
6
193
139
101
104
96
62
64
64
61
56
50
50
47
49
32
32
25
21
21
19
12
13
7
6
6
157
148
114
98
80
79
56
49
47
45
45
35
32
25
26
26
20
18
15
11
10
11
217
136
128
109
71
69
58
56
59
56
56
51
50
38
31
33
25
28
21
22
22
16
16
152
152
133
107
105
80
84
82
76
65
64
62
58
58
40
36
37
35
31
26
23
21
7
239
213
157
128
71
66
64
49
41
43
38
35
36
29
15
15
11
10
15
6
9
9
8
7
175
242
112
86
86
78
65
65
66
65
49
45
48
39
31
17
25
10
10
10
10
9
9
10
249
215
200
146
92
92
91
72
54
43
41
36
36
36
32
15
19
15
15
14
14
9
8
8
252
134
125
119
99
105
84
63
65
65
51
50
50
47
35
35
20
20
20
6
10
7
224
164
112
90
82
72
70
58
53
46
45
44
29
26
27
16
16
9
10
8
7
87
85
66
67
50
50
51
34
45
30
29
29
23
17
24
8
8
9
8
8
8
201
243
168
100
60
57
56
52
56
39
35
31
35
29
20
31
17
20
17
13
9
13
10
9
211
164
125
113
95
77
68
68
61
49
26
27
14
8
14
8
8
8
6
7
7
6
192
129
124
118
109
82
82
78
65
58
55
52
57
49
45
36
23
13
9
12
12
149
126
125
109
83
77
65
50
44
35
28
25
20
18
18
17
17
10
10
12
10
12
9
7
151
120
116
116
115
96
86
79
51
42
29
29
28
23
15
17
15
7
14
8
8
7
7
14
212
196
142
125
119
116
92
88
88
88
81
73
70
60
61
60
60
49
36
38
35
27
9
11
227
142
149
138
138
136
70
65
64
65
51
43
47
43
39
43
35
31
28
17
14
7
9
9
9
7
9
8
177
146
141
141
131
98
91
85
70
59
35
35
28
24
10
10
11
152
108
91
96
81
75
64
60
60
53
50
53
49
39
26
26
27
26
18
18
18
199
193
189
116
116
116
69
63
47
47
42
29
30
30
26
26
7
6
6
8
6
6
22
124
95
98
85
84
69
59
55
58
52
42
37
38
37
28
30
27
8
8
10
28
30
237
192
166
129
120
107
91
91
68
63
52
47
36
32
32
17
23
12
8
12
32
89
73
65
69
59
62
47
54
41
40
37
38
23
23
16
16
18
20
6
9
37
230
136
110
104
99
82
78
70
60
62
46
46
27
14
14
14
8
9
9
8
251
237
120
105
87
83
83
74
72
72
65
57
54
45
38
38
19
17
17
17
15
13
149
155
110
110
87
84
80
75
77
43
30
28
30
21
28
23
19
18
18
11
14
8
52
128
115
108
100
83
81
79
75
70
69
65
57
55
42
41
27
23
19
8
6
13
150
141
119
103
98
97
88
82
73
72
72
71
47
41
32
31
34
26
24
24
10
9
7
170
128
95
89
85
87
76
68
52
56
44
45
36
36
39
32
33
33
29
27
30
12
7
8
66
232
151
150
140
112
98
93
87
83
81
63
49
54
44
38
33
34
23
15
13
10
8
72
72
199
190
150
121
105
102
97
95
86
66
48
41
40
40
39
36
36
33
15
12
77
239
216
187
185
140
141
107
80
67
65
54
51
45
30
38
35
21
22
13
8
11
81
82
83
216
188
123
119
97
91
86
72
53
49
46
28
25
25
9
18
6
6
6
296
128
123
124
117
110
110
100
90
77
58
57
52
55
51
55
37
30
23
13
18
11
9
247
210
170
115
107
88
78
63
63
61
55
35
42
42
35
34
25
20
28
17
14
10
8
10
6
97
145
128
122
88
81
74
74
47
42
37
37
25
24
21
22
12
7
10
10
8
204
150
150
117
71
67
69
58
56
55
58
45
34
33
30
24
16
13
16
13
107
166
166
148
117
119
116
92
88
68
62
57
48
29
17
15
12
15
15
6
6
9
6
190
175
179
143
134
135
121
86
82
66
62
51
43
37
33
30
26
22
22
22
20
17
11
6
117
294
126
125
105
83
85
67
67
57
60
55
58
43
42
33
31
19
25
9
9
9
8
122
118
242
175
140
142
131
113
99
92
83
62
49
32
25
24
21
16
9
12
11
126
123
142
130
116
94
68
55
55
52
52
49
38
37
27
19
19
9
7
8
8
9
233
223
155
147
144
141
90
82
73
63
56
56
52
46
42
39
31
31
29
34
11
7
126
126
87
101
80
73
51
51
47
45
29
29
29
24
28
21
17
11
13
12
10
10
11
183
164
151
138
113
116
109
67
43
36
24
26
26
19
24
17
17
13
13
13
9
13
356
215
188
184
183
161
136
97
97
71
69
72
70
61
57
52
39
39
35
22
22
20
9
6
154
212
161
142
123
95
90
92
63
65
60
50
51
43
42
39
36
29
27
23
13
14
9
7
220
162
125
107
98
81
82
61
56
50
49
41
44
33
32
33
14
16
16
9
12
9
7
162
249
212
189
165
130
76
76
75
70
64
53
39
38
38
38
36
33
34
30
29
23
23
21
8
240
222
117
107
92
81
74
74
74
62
58
48
48
44
40
39
31
29
9
18
9
9
6
450
311
290
191
177
175
127
86
82
52
51
48
48
47
33
16
14
7
6
7
9
6
224
104
104
101
83
74
59
55
52
52
50
51
39
38
29
21
16
16
16
19
7
149
122
96
95
79
74
73
66
69
58
44
41
39
36
21
21
21
17
11
12
9
7
7
164
128
113
111
97
79
71
73
63
66
63
49
49
46
26
29
18
7
6
9
7
260
173
159
135
135
132
124
84
84
74
68
65
65
54
51
51
39
36
27
30
19
16
12
13
315
207
160
83
73
73
69
56
56
36
36
28
26
24
22
26
17
17
17
9
9
6
176
147
124
81
73
67
63
63
44
41
37
29
29
21
20
9
9
9
9
9
9
10
255
244
190
188
138
132
113
110
91
86
80
81
69
69
69
66
66
58
28
18
19
19
277
179
133
134
118
109
111
85
69
73
51
41
34
32
22
27
24
12
16
16
217
280
208
123
78
64
56
48
46
44
24
24
17
10
14
10
10
8
10
211
193
133
129
128
98
95
64
61
52
49
47
51
27
26
21
21
24
20
13
11
11
243
200
183
155
117
107
93
91
87
75
82
57
47
49
46
39
36
31
30
20
18
14
15
232
145
130
124
126
105
91
74
71
62
59
51
51
52
47
35
30
18
24
18
9
7
10
6
224
208
185
154
127
118
113
96
85
89
84
85
68
56
45
45
40
36
34
25
325
7
139
113
103
84
71
67
61
63
53
41
41
46
35
27
33
34
33
15
16
16
11
7
7
161
155
149
120
95
66
61
61
54
54
54
46
46
50
46
24
22
21
21
10
16
6
9
179
163
144
127
123
94
89
62
64
59
56
45
44
28
27
25
27
21
17
9
9
8
9
9
184
170
144
128
128
119
124
99
82
61
59
50
50
28
6
31
23
22
20
14
203
182
175
129
132
123
104
104
97
91
87
55
60
51
40
39
11
9
9
31
36
32
19
244
170
173
161
159
158
147
115
106
96
88
89
66
69
52
55
45
42
14
297
30
28
28
28
24
249
211
215
194
127
102
101
91
82
85
79
71
45
15
9
48
35
29
30
35
238
223
202
153
150
151
116
119
97
85
84
86
75
75
50
18
6
8
10
8
48
42
40
179
181
149
137
143
95
76
81
80
68
65
60
61
25
31
10
16
13
7
7
56
51
45
214
181
162
160
122
124
116
109
98
105
99
87
72
64
60
34
22
9
50
44
44
46
44
269
233
205
173
168
131
91
89
83
80
79
35
35
23
17
7
19
6
298
347
66
61
66
60
278
210
189
157
108
105
82
68
40
39
24
32
22
8
66
73
62
199
187
178
178
144
116
101
95
99
79
40
16
29
19
14
13
8
7
7
65
59
56
59
204
169
132
122
117
121
120
106
92
49
36
19
18
20
17
6
12
8
7
76
81
73
73
63
204
188
184
136
118
103
83
59
55
44
44
37
39
38
23
21
9
9
18
19
86
77
235
228
219
201
192
178
184
146
146
137
129
104
101
60
66
59
44
23
8
7
10
6
86
293
236
236
115
119
100
70
65
57
53
37
40
34
19
29
19
10
9
10
14
9
9
91
85
219
146
120
104
70
73
43
53
37
26
24
33
16
19
23
19
8
9
9
6
6
369
84
256
235
171
166
137
137
136
117
59
59
49
45
29
37
24
20
20
14
15
19
9
8
106
86
323
280
251
228
176
141
86
50
37
19
19
19
18
8
8
8
8
8
7
8
169
169
155
150
141
120
91
79
74
73
69
38
48
29
31
31
29
23
13
13
13
223
222
169
151
85
65
72
59
57
44
38
43
28
34
24
23
23
18
18
14
14
10
9
7
112
113
204
97
80
71
44
43
34
28
26
25
23
23
18
16
16
13
8
6
109
263
184
161
132
104
104
70
63
44
36
30
28
28
27
21
26
19
17
14
18
8
14
120
119
268
221
210
187
77
72
70
40
33
33
28
24
26
24
23
20
19
13
9
10
127
198
164
81
74
44
37
33
33
30
24
24
24
19
24
17
9
7
14
6
6
6
6
263
211
101
99
81
53
53
46
43
43
41
38
36
33
33
24
29
23
19
11
10
11
7
70
58
53
48
49
48
46
38
34
37
29
29
28
29
24
27
22
21
21
16
16
10
279
279
181
125
101
106
69
56
51
43
42
33
39
35
34
32
23
23
20
12
11
19
6
151
156
148
259
175
118
69
68
70
53
51
38
37
34
29
26
26
24
10
6
6
6
7
167
123
115
81
85
73
56
49
49
44
43
31
36
34
39
31
22
16
23
11
14
6
197
170
132
115
107
69
68
68
61
54
54
48
44
47
39
36
28
29
20
11
7
7
9
6
162
289
201
201
145
140
114
115
83
67
68
62
63
52
17
14
14
10
10
10
8
150
119
86
81
71
68
57
55
54
54
46
42
38
30
21
17
17
16
10
8
7
162
199
109
109
100
88
76
69
59
51
45
42
45
32
32
24
22
16
10
10
12
6
427
311
235
124
118
79
78
74
59
48
36
34
37
37
29
32
26
25
20
25
24
14
12
250
134
130
114
70
69
61
60
60
37
32
28
27
26
28
26
22
23
19
19
25
16
246
139
109
96
90
75
65
63
58
51
41
35
33
34
27
21
20
11
7
6
6
6
6
196
120
105
96
95
89
74
71
69
47
40
38
33
31
33
25
21
23
11
7
12
6
198
134
126
118
118
116
98
98
90
81
55
52
47
46
40
34
21
12
9
10
10
8
203
148
116
99
99
75
59
56
51
48
24
21
19
17
15
16
15
15
14
10
8
6
6
7
6
208
413
240
123
118
111
113
111
108
104
104
98
86
84
71
53
40
34
35
27
21
20
18
204
358
149
128
123
118
123
123
116
107
109
60
57
52
49
45
45
27
27
24
23
19
20
550
145
128
94
77
80
68
66
54
51
41
41
34
32
31
32
24
24
27
22
7
10
386
239
135
133
110
104
101
100
75
77
70
68
67
59
56
55
55
43
35
35
35
26
10
266
179
138
132
118
111
107
105
98
87
79
77
68
51
46
40
37
35
35
33
34
28
20
497
415
154
120
116
111
105
89
80
80
48
44
38
38
38
22
19
25
10
10
9
17
8
8
319
299
215
169
151
151
133
119
97
87
70
70
54
45
45
48
42
15
7
13
6
13
326
267
217
142
139
130
122
88
79
82
78
78
73
52
30
36
30
26
12
12
17
9
9
258
203
97
95
95
80
74
60
53
48
51
35
29
24
30
17
18
23
14
11
7
9
10
156
149
140
130
127
116
112
107
100
98
99
98
85
66
46
30
35
30
34
28
19
19
9
149
139
141
91
81
88
67
64
61
43
42
39
36
34
21
20
20
19
9
9
265
313
10
10
173
120
108
98
95
93
87
78
67
45
38
38
29
29
29
16
19
9
212
181
149
125
117
112
108
105
95
94
89
74
74
72
59
60
51
44
37
34
34
23
282
15
22
7
9
183
181
169
159
150
121
105
99
92
77
60
66
48
41
26
26
7
275
20
18
18
229
148
109
90
89
84
78
79
70
66
47
39
32
10
12
6
6
6
293
351
22
29
17
209
186
182
173
145
98
88
67
60
34
14
15
14
14
17
15
12
15
7
325
29
39
26
185
175
177
162
116
106
100
88
92
59
57
56
54
16
16
13
16
10
10
33
37
31
28
119
119
116
102
70
68
59
45
23
26
27
17
18
9
7
12
49
40
34
34
32
33
36
176
156
134
131
105
101
101
67
64
60
32
24
20
10
10
8
49
39
39
223
171
166
96
81
65
69
58
54
34
28
31
27
17
21
15
13
7
12
50
50
42
43
257
221
219
216
195
176
156
142
131
120
119
111
83
84
64
36
29
26
10
10
313
48
49
48
49
223
159
158
152
143
129
119
106
105
110
79
44
41
40
35
37
35
29
18
9
484
62
54
205
195
150
137
95
100
93
84
84
84
73
34
27
20
27
27
18
6
6
70
244
165
163
151
141
141
118
92
89
89
82
57
50
45
47
45
45
33
41
39
37
31
16
12
64
142
146
142
146
146
81
59
59
53
53
52
46
47
44
24
17
29
22
16
12
145
132
138
137
115
95
99
65
64
61
61
61
59
55
53
43
37
6
9
7
7
190
170
170
138
111
89
62
51
35
16
27
24
10
8
10
8
10
6
6
6
6
85
246
239
221
194
194
190
150
147
75
70
71
71
67
53
25
19
13
18
6
389
92
276
195
190
114
110
82
75
76
75
73
68
58
62
57
38
36
34
23
24
11
16
9
97
335
274
197
186
174
175
145
130
115
77
62
32
41
41
32
29
29
21
20
7
7
11
7
93
228
207
172
140
127
124
109
92
84
83
80
55
46
31
26
23
20
20
12
20
110
110
98
250
211
212
150
97
75
73
70
60
51
35
33
38
25
26
13
17
21
8
8
119
104
105
208
206
180
130
122
94
92
84
77
64
46
46
56
33
22
20
22
22
10
6
6
139
126
107
99
85
83
79
63
63
63
59
28
18
11
15
14
17
8
8
9
256
190
110
102
102
75
75
67
51
40
43
28
28
32
18
8
10
7
7
6
8
6
6
6
391
118
119
304
190
186
172
81
50
32
25
18
15
11
13
13
11
9
8
11
7
6
9
10
139
122
260
188
122
112
94
77
74
76
63
64
60
61
53
56
55
38
50
29
20
18
15
131
195
148
60
45
54
37
27
30
23
22
23
23
21
20
19
14
10
9
11
7
232
173
102
79
52
59
48
43
28
35
26
19
14
16
13
7
8
7
6
467
150
189
187
127
127
115
82
78
72
76
47
43
35
32
31
24
21
17
17
15
12
11
244
117
117
104
87
69
70
49
40
38
34
34
29
16
13
10
11
14
9
6
9
9
123
103
89
68
49
45
43
41
30
34
28
27
26
20
21
15
8
15
11
14
6
305
265
150
145
142
66
63
49
46
39
34
33
29
32
30
27
21
23
23
23
21
20
11
272
233
135
99
86
67
53
45
49
39
33
30
25
28
28
24
15
16
9
10
6
9
9
6
163
239
211
152
147
90
73
59
57
56
56
55
49
43
35
18
21
15
8
8
8
8
217
199
186
157
122
121
117
70
67
64
54
53
52
43
43
36
38
38
26
26
13
11
11
463
343
246
161
146
76
45
46
41
40
31
29
21
20
24
19
18
10
10
7
282
172
133
113
80
62
58
54
50
49
42
34
33
31
35
26
24
12
12
12
12
9
335
230
199
157
157
127
88
77
78
66
66
51
53
55
49
43
40
34
17
18
12
9
8
331
245
162
75
75
72
63
59
54
39
41
30
24
15
14
7
9
9
6
345
261
185
167
86
69
43
39
45
30
25
26
26
14
10
10
10
8
10
7
287
215
161
107
93
91
87
74
48
49
43
33
32
32
30
27
24
22
12
9
6
321
177
102
83
70
73
67
48
37
39
22
22
18
18
15
12
10
10
10
12
10
10
8
152
105
87
88
86
78
78
76
73
64
65
63
42
41
41
39
37
23
20
22
15
10
8
7
220
240
187
167
140
100
102
99
91
88
80
45
47
34
28
27
27
20
15
10
9
133
112
100
101
90
86
85
65
63
52
52
44
35
28
22
15
15
17
15
11
7
7
384
354
186
100
71
74
66
45
45
43
38
38
37
27
29
20
12
10
9
6
6
229
203
189
158
131
123
114
104
95
94
91
81
77
73
61
59
54
57
43
25
25
15
20
10
275
264
113
98
91
78
67
43
47
40
35
30
27
27
28
28
27
26
26
24
16
351
255
168
134
126
121
98
93
83
59
48
53
45
45
33
31
27
26
12
10
10
6
355
196
178
136
121
118
115
97
101
93
91
75
73
64
58
57
56
42
48
32
17
6
8
8
8
131
123
115
80
69
68
69
69
63
63
63
62
55
55
52
44
40
38
20
8
8
7
206
175
144
146
125
119
81
82
79
74
79
68
68
42
36
15
15
15
15
6
305
15
13
218
153
137
110
106
88
69
70
65
65
58
45
30
26
22
30
20
11
376
23
18
165
151
146
135
123
117
122
118
108
102
84
89
74
75
50
36
13
15
11
9
7
7
26
28
129
94
83
83
83
79
67
31
36
22
22
14
14
7
7
7
7
6
7
7
7
28
30
169
149
139
126
118
118
85
80
63
60
48
49
47
56
46
35
26
14
16
12
6
35
38
38
35
93
73
74
52
52
47
32
28
22
24
17
16
14
14
14
6
12
13
12
6
43
38
38
210
193
158
138
98
90
57
52
31
32
26
22
21
17
8
8
8
8
8
8
8
48
48
43
44
257
221
207
148
115
114
100
97
89
56
55
55
38
42
38
34
13
13
48
187
140
127
122
119
90
67
79
69
65
42
45
33
31
22
21
18
10
10
7
7
53
213
176
173
127
113
105
94
87
71
48
46
46
37
37
23
26
14
12
10
13
9
7
7
7
173
148
139
137
134
131
129
115
110
96
99
76
65
51
42
44
42
42
41
38
37
36
31
68
66
63
63
135
134
136
122
116
115
100
89
49
47
40
24
22
19
6
10
6
7
767
71
71
67
68
267
205
139
128
110
101
63
63
67
51
52
29
28
25
18
24
11
8
76
73
75
73
301
180
147
125
124
127
114
107
71
71
63
43
46
35
34
40
33
23
22
21
6
149
127
117
112
105
106
77
61
51
58
54
48
48
39
35
35
28
25
25
14
10
14
9
88
90
139
135
125
111
82
67
64
60
44
40
39
27
31
30
13
11
11
11
9
9
338
88
87
265
229
226
155
127
107
79
74
67
58
48
48
48
38
40
35
28
35
18
16
16
93
93
213
198
190
164
153
148
137
125
106
89
84
63
63
50
41
26
25
21
21
21
21
6
98
236
190
155
141
97
78
71
71
55
46
32
29
25
10
10
24
8
7
10
10
10
8
107
108
258
174
152
141
122
114
96
84
85
69
62
63
59
47
40
39
19
19
25
109
211
174
143
92
94
92
89
92
81
71
70
65
63
56
52
48
44
34
36
31
18
18
18
386
251
173
173
155
141
99
97
83
86
79
70
72
49
40
41
39
29
25
23
10
10
7
7
123
118
200
208
178
163
150
131
114
101
102
91
79
73
65
37
34
37
28
6
128
301
202
155
151
112
113
116
107
74
66
66
56
37
35
33
19
8
10
7
128
265
218
199
146
117
117
118
112
98
98
77
72
59
41
38
38
30
15
17
12
138
136
250
236
236
199
178
152
128
117
106
110
69
69
64
52
43
27
14
18
8
8
401
255
182
176
163
128
111
117
115
103
100
97
81
74
74
55
39
33
37
21
22
11
11
14
271
251
213
181
142
139
132
126
78
65
49
44
40
37
37
28
17
7
11
9
8
8
7
7
394
243
186
168
155
145
132
132
118
114
118
108
105
100
94
81
76
69
45
35
15
14
331
293
213
210
133
103
104
96
88
87
85
92
42
46
40
33
36
28
18
18
12
8
11
280
283
157
149
124
93
70
70
70
67
65
69
50
39
29
17
12
10
13
8
12
7
7
166
355
223
217
197
158
144
119
113
111
75
48
47
36
28
21
14
12
10
11
8
171
170
202
197
161
140
138
138
87
87
69
62
51
47
32
34
33
18
19
12
16
6
178
157
154
138
109
109
99
83
67
56
48
52
48
40
40
25
15
12
9
8
225
121
109
108
90
77
73
71
71
60
53
44
35
30
20
18
13
8
7
6
327
306
260
215
191
167
128
119
89
80
71
65
64
51
51
47
46
32
31
19
23
19
19
16
12
155
119
114
89
75
53
46
44
38
35
31
28
20
20
20
17
17
17
10
7
7
14
354
210
210
177
154
150
128
115
105
87
74
60
49
37
40
29
29
25
24
22
8
203
179
176
168
147
137
114
110
82
71
66
62
65
47
48
49
45
41
34
37
33
22
17
26
250
181
164
125
97
97
85
78
78
67
58
54
45
46
36
36
32
35
30
31
6
14
262
247
192
187
176
175
152
120
103
101
91
92
74
67
50
44
37
36
17
9
10
7
215
313
191
170
173
172
122
108
95
81
87
79
69
75
61
62
45
47
42
32
17
23
9
149
113
107
93
68
57
50
47
47
25
18
19
19
19
20
16
17
7
9
13
9
214
207
197
156
104
98
79
83
62
55
59
27
27
24
23
19
7
7
356
219
200
180
125
116
101
93
84
86
68
57
57
60
58
30
29
19
19
7
9
324
189
142
114
106
97
100
82
80
70
69
65
63
57
45
42
36
42
29
29
24
6
6
17
262
150
135
125
106
103
90
80
82
85
67
59
61
59
40
38
34
29
27
29
13
6
284
227
192
137
116
104
75
75
70
71
65
43
39
43
34
36
24
7
8
10
6
6
8
174
173
143
146
123
100
83
77
71
57
48
49
49
44
41
39
23
10
10
11
262
13
10
6
9
212
186
146
124
119
108
102
92
63
55
29
17
21
16
329
13
13
13
16
7
7
9
159
139
106
94
95
98
63
59
54
56
54
20
19
19
324
17
21
16
18
8
14
12
191
181
160
136
118
95
79
74
63
62
50
36
8
7
353
281
21
21
249
162
124
104
103
101
99
100
72
63
63
57
55
59
41
40
7
7
7
11
352
18
22
263
245
140
132
125
122
113
92
92
73
58
41
44
37
34
37
35
17
15
12
6
398
262
258
161
111
113
107
85
79
51
58
62
50
39
11
10
9
6
10
6
282
335
38
34
28
233
177
140
118
102
98
81
78
79
70
62
56
47
22
24
15
10
33
35
40
279
245
185
144
130
125
124
123
53
52
20
20
27
27
21
11
8
10
48
38
44
223
155
121
100
92
91
84
58
58
57
54
36
32
27
19
8
13
7
52
53
49
279
185
169
155
155
130
130
134
99
94
89
69
39
37
42
34
30
26
18
13
7
340
56
196
143
132
133
116
87
85
69
68
66
64
42
17
25
13
9
8
7
63
53
264
201
144
141
110
108
81
76
75
72
44
32
34
30
30
13
9
6
6
68
59
58
197
153
129
107
79
73
74
53
57
52
52
36
16
24
22
20
14
183
160
136
133
119
120
117
114
114
97
83
81
62
55
54
49
36
34
30
24
21
10
375
72
304
218
212
180
133
126
114
114
89
86
87
84
62
50
49
49
46
45
29
10
26
8
85
86
85
82
77
73
74
285
175
164
160
158
132
146
126
93
89
53
37
23
8
10
84
230
173
151
142
111
102
96
75
69
36
38
42
37
36
21
13
10
6
375
301
250
140
139
129
102
101
82
76
64
60
41
42
33
41
13
20
8
7
7
10
448
98
95
313
186
176
168
145
132
54
52
38
35
38
19
18
15
17
17
8
7
412
101
279
231
232
150
129
81
75
51
55
51
25
25
28
28
19
15
8
6
109
106
317
310
263
212
185
154
142
137
125
92
79
81
76
64
56
42
28
32
30
30
8
463
103
109
210
187
160
160
121
102
80
70
74
78
40
31
33
25
27
10
10
9
10
8
359
166
164
102
86
66
73
59
40
41
32
31
18
30
11
10
15
12
10
10
10
9
121
197
147
94
80
84
74
71
71
58
43
35
29
26
16
20
20
10
8
8
8
13
15
15
7
225
196
184
148
141
99
99
85
64
61
46
40
42
30
40
25
17
13
6
10
10
9
274
228
225
199
153
109
90
100
55
54
53
45
26
7
11
6
7
6
6
6
7
6
184
170
147
144
125
115
122
102
81
86
50
50
44
34
30
12
12
13
17
12
11
9
9
9
144
230
217
163
127
127
121
97
100
66
62
43
40
55
52
38
35
40
40
38
28
25
12
10
151
220
164
157
157
156
129
47
35
33
30
29
19
14
10
14
10
7
8
9
7
7
162
160
139
102
77
67
59
46
45
45
35
15
12
12
14
13
10
8
6
8
6
6
8
6
345
142
125
103
61
55
50
45
47
36
31
31
31
20
29
20
15
19
17
11
9
11
11
11
6
358
355
318
147
112
80
62
71
56
44
36
35
24
31
16
18
9
9
9
10
8
8
8
248
184
136
131
93
60
42
46
40
39
21
21
10
13
13
13
7
10
6
171
163
205
199
103
74
79
67
54
47
46
35
42
30
29
29
18
19
7
8
13
13
188
103
92
75
70
59
57
40
39
33
31
27
24
24
12
10
12
10
10
7
171
142
129
106
75
62
55
56
56
49
35
36
22
22
8
8
7
8
7
12
7
272
224
206
101
87
82
85
80
78
66
61
61
50
40
34
13
12
13
6
7
6
477
447
211
217
91
99
90
78
66
34
30
23
21
13
12
14
10
13
9
9
9
290
205
175
135
122
111
111
80
82
71
71
66
58
57
30
22
23
27
18
13
14
9
9
9
313
276
173
169
98
90
65
68
74
49
46
42
27
28
27
28
19
19
17
6
6
12
289
195
153
131
100
79
65
67
68
59
53
56
56
33
30
24
23
22
17
11
13
206
125
105
74
45
41
35
35
30
30
27
18
16
16
13
10
10
10
12
8
292
234
191
166
137
115
113
85
75
79
78
71
64
57
43
47
38
33
21
21
19
11
11
8
468
384
184
68
68
67
57
41
40
39
37
34
34
39
26
26
23
34
26
15
14
19
18
6
335
205
199
108
90
89
80
72
67
48
51
50
32
24
20
9
9
18
12
9
9
8
6
211
118
115
107
92
92
74
54
54
46
36
42
34
36
32
26
20
17
14
14
10
6
6
6
319
215
100
104
80
84
68
63
63
63
58
53
33
33
30
28
11
15
9
8
9
7
202
163
155
127
116
102
68
59
53
24
24
32
28
27
16
20
14
12
16
10
10
10
7
161
122
121
121
105
89
84
77
67
66
62
47
25
25
16
19
15
9
10
15
6
6
6
6
6
114
94
85
69
64
48
49
42
38
42
30
22
21
20
15
20
20
11
14
11
9
11
8
127
111
106
45
31
31
25
25
16
16
16
15
8
7
7
13
6
6
115
118
105
102
88
66
59
58
36
36
34
25
23
23
22
23
24
21
21
21
21
14
13
247
229
137
53
45
41
43
37
38
38
30
35
35
28
26
26
22
8
10
10
9
9
170
117
103
68
59
46
46
50
40
46
37
40
30
21
29
28
15
15
9
9
6
452
263
95
92
77
55
51
45
42
40
34
35
36
28
24
26
20
25
19
11
11
8
154
154
107
97
70
56
60
54
44
44
41
29
29
24
18
15
16
15
6
9
12
11
7
7
9
9
10
10
8
161
80
55
53
46
36
30
11
7
7
7
7
7
7
7
7
6
6
12
13
153
150
139
122
109
109
92
88
77
61
54
54
51
41
35
30
25
12
12
11
11
19
219
137
71
69
59
59
59
56
45
40
40
34
30
28
21
16
13
10
6
22
119
76
70
58
58
45
45
45
35
35
29
22
22
19
7
9
6
10
9
124
110
75
70
72
59
59
50
48
40
40
41
34
27
26
14
12
10
11
10
9
6
127
82
78
71
66
58
56
55
55
45
45
32
31
10
10
8
10
8
7
6
8
6
121
121
116
86
80
73
63
44
37
37
31
20
20
24
13
13
13
13
9
9
7
9
6
6
42
98
90
74
67
65
64
58
54
53
42
31
28
26
25
18
19
16
18
11
49
50
48
156
124
101
86
86
70
74
69
61
56
47
25
28
25
23
22
15
17
13
7
6
106
91
83
61
52
44
36
40
28
30
28
28
26
26
28
14
16
9
9
8
8
8
9
398
100
96
89
80
61
64
65
36
38
33
33
33
24
26
16
14
13
10
9
6
7
62
62
158
114
103
91
73
75
66
69
68
61
61
61
40
23
22
15
14
14
10
9
6
69
121
106
89
81
83
77
74
66
67
64
61
66
56
43
36
29
21
23
15
9
8
11
72
74
72
245
156
157
123
111
112
105
72
71
66
48
48
48
48
41
39
30
23
20
13
155
116
95
88
86
62
55
53
52
43
38
29
29
27
25
25
25
18
11
9
16
236
125
121
121
121
117
110
82
82
68
61
58
58
52
51
51
43
44
21
19
11
10
331
229
200
143
126
114
114
115
104
100
91
87
87
72
46
45
39
38
28
17
10
11
13
7
121
109
105
103
92
73
71
70
70
64
61
52
50
44
40
42
24
23
31
15
18
9
7
139
139
102
96
73
63
54
49
49
49
49
49
48
45
45
47
26
19
18
14
13
8
164
141
141
141
133
125
101
88
80
78
74
71
55
41
34
34
23
18
19
6
146
133
114
94
76
68
68
61
59
58
55
44
40
43
30
23
12
16
7
6
7
6
112
113
112
166
139
106
73
71
72
60
28
28
23
9
9
8
8
8
6
8
8
119
222
181
145
116
102
93
93
78
64
58
56
40
40
33
31
28
17
11
10
8
6
223
139
136
129
101
98
88
78
55
45
43
43
42
37
33
20
15
10
10
10
10
9
6
185
151
136
109
103
88
87
86
53
36
42
26
32
23
21
19
18
12
11
9
10
8
9
134
146
108
101
94
88
84
80
80
73
73
71
48
37
29
27
24
23
23
20
20
343
113
113
111
106
99
91
85
87
57
56
48
30
31
25
25
25
24
25
25
10
12
12
12
145
187
164
148
125
117
114
94
78
63
66
57
39
34
31
28
8
7
6
7
7
242
227
184
179
184
115
99
99
95
95
86
86
73
66
56
56
53
51
44
35
24
20
16
11
155
194
156
135
91
82
73
78
68
63
58
52
49
52
56
50
45
29
31
18
12
10
18
9
8
196
161
126
124
83
72
55
51
50
53
50
45
30
23
18
18
14
12
15
8
12
10
12
201
176
131
125
101
101
94
88
78
59
56
53
50
47
39
44
41
27
20
6
6
148
126
84
78
63
60
55
55
40
32
33
24
20
18
12
11
8
10
10
6
7
7
172
176
171
157
146
148
124
109
93
74
64
44
28
30
30
21
23
12
11
7
11
10
9
6
216
176
169
152
151
146
129
129
111
100
98
97
93
83
83
77
77
70
62
49
54
35
35
26
15
196
176
169
160
164
144
144
98
88
73
70
59
47
43
38
40
29
26
27
22
21
10
15
165
163
161
141
140
139
135
103
103
92
98
87
82
82
69
64
40
32
26
8
7
6
191
179
166
162
144
134
127
100
96
86
64
58
47
43
41
45
37
36
37
37
36
31
23
238
196
173
169
158
117
108
94
90
76
72
41
42
41
41
37
32
26
25
9
9
143
118
117
83
84
84
68
67
67
60
57
41
36
29
23
31
19
10
12
9
243
244
207
206
195
176
159
158
146
146
121
86
88
85
85
73
65
52
52
50
50
28
32
25
219
186
164
164
156
154
144
104
68
68
59
61
56
56
53
51
51
37
32
15
12
9
9
143
122
102
101
95
99
89
83
72
62
38
37
20
17
20
24
14
12
12
10
10
10
10
245
184
183
180
161
115
115
110
106
86
80
77
77
60
61
44
42
41
22
30
25
22
15
227
227
221
195
121
114
111
114
99
95
93
91
82
67
59
54
22
13
20
20
17
8
6
6
199
184
164
160
121
111
109
77
70
46
46
35
34
25
27
25
18
20
15
8
8
8
8
8
211
206
195
183
185
179
176
133
112
109
102
92
90
81
40
13
13
13
10
7
344
220
224
177
133
110
87
86
86
81
68
74
50
62
45
43
39
42
35
26
25
26
14
12
226
230
139
87
87
69
69
80
71
57
48
40
29
27
29
25
20
20
20
12
17
10
9
10
10
275
263
237
240
230
214
168
168
134
134
116
101
98
92
35
28
31
31
28
24
25
19
15
15
6
280
261
213
203
154
150
138
122
102
97
67
59
50
40
36
36
30
30
15
10
6
262
201
153
147
127
110
101
98
101
101
87
85
72
57
55
39
25
25
18
8
217
190
190
190
151
144
116
96
96
84
60
65
52
50
38
30
37
29
29
25
13
286
145
141
99
72
63
51
45
42
42
35
34
35
18
10
10
9
6
9
193
156
134
121
117
108
77
72
61
62
59
53
53
48
41
35
35
31
26
18
15
12
6
261
260
234
221
175
166
131
126
102
85
77
64
61
55
52
45
44
40
39
40
19
19
16
16
315
207
161
127
87
80
72
74
68
66
63
49
50
45
41
47
41
34
29
32
9
9
233
224
188
104
95
75
75
68
65
64
63
50
41
40
30
29
27
27
26
24
15
10
9
299
308
256
230
223
185
181
145
90
92
73
69
59
52
45
48
43
40
31
32
22
22
22
20
309
286
264
202
160
151
142
88
87
85
78
73
60
56
44
47
37
38
39
27
16
16
13
10
7
182
156
151
152
115
107
105
83
77
65
65
59
45
45
44
44
44
32
26
9
12
9
8
312
263
247
178
157
145
122
112
109
82
68
62
52
45
40
41
34
35
23
22
14
11
209
199
162
157
117
97
99
99
87
87
80
75
66
63
54
35
34
33
34
26
25
6
10
6
6
367
239
167
146
125
98
84
75
60
60
57
50
50
43
37
22
19
23
7
6
7
6
6
266
192
172
171
137
134
120
110
106
103
85
79
71
67
60
38
29
29
13
14
6
9
216
172
167
132
127
108
105
106
100
95
75
69
72
55
46
46
27
16
13
7
190
132
107
99
99
91
74
60
47
33
26
30
22
15
9
16
7
7
6
9
8
9
8
262
196
187
142
125
115
100
90
90
83
84
74
53
39
44
31
33
29
28
26
14
6
317
242
165
144
130
126
123
117
103
94
85
84
82
75
70
63
50
33
19
7
9
210
192
162
152
155
137
124
90
77
74
57
36
39
36
21
24
17
12
19
7
6
6
336
272
257
254
253
244
213
213
201
188
157
136
133
133
120
113
81
79
65
42
36
27
29
24
197
148
135
123
104
100
86
82
47
44
32
33
18
18
17
17
13
10
10
7
13
7
275
139
130
129
125
105
92
62
58
58
53
51
53
46
38
29
29
35
22
23
22
10
10
7
7
220
221
211
156
148
145
148
123
113
107
94
90
88
65
63
64
63
44
32
37
17
10
9
416
194
115
105
77
78
70
68
61
53
47
37
44
31
33
32
15
14
12
10
9
10
10
10
267
190
138
130
128
122
120
100
96
91
52
49
34
27
21
14
15
15
6
10
6
368
310
303
280
169
150
141
130
124
109
96
86
81
67
63
51
41
38
27
30
15
15
10
177
155
152
148
141
146
116
81
64
47
47
40
29
37
28
29
28
22
20
9
6
14
244
236
204
165
145
134
122
125
119
107
88
77
77
57
57
55
34
26
21
21
24
19
10
8
7
287
257
205
177
178
172
127
119
86
73
69
26
29
25
26
14
18
14
10
12
9
6
221
210
165
145
136
135
104
92
79
56
44
40
31
23
22
23
20
14
256
252
205
111
101
84
74
76
66
68
68
50
57
45
48
45
24
14
8
13
13
395
228
210
194
180
145
139
119
73
68
62
55
62
49
50
50
37
27
28
22
24
24
393
296
198
194
162
156
111
88
76
73
67
66
44
36
33
33
15
16
9
6
6
271
262
203
176
167
164
114
103
106
78
75
76
64
50
43
37
31
17
11
14
7
8
6
464
220
202
202
178
170
169
154
121
102
87
75
68
60
56
41
26
22
22
10
12
12
172
159
97
82
74
69
66
61
53
48
41
30
32
30
27
24
18
18
15
20
10
9
11
234
226
187
170
146
143
137
112
97
76
77
75
57
51
51
52
54
32
29
23
25
8
291
219
193
193
175
138
131
98
98
95
83
75
64
66
69
57
57
50
40
28
27
12
245
225
214
206
194
197
149
143
119
106
88
89
88
76
74
62
61
59
38
39
19
13
333
254
255
224
203
194
168
156
159
116
68
64
61
43
44
33
20
14
17
13
9
10
359
238
203
206
187
151
153
153
148
108
110
99
98
95
91
90
84
55
34
28
24
10
10
10
9
228
219
209
171
158
153
129
112
111
100
87
75
60
47
35
28
16
18
15
16
10
8
14
14
213
210
194
157
144
108
105
100
65
65
58
39
39
50
34
29
28
20
16
20
15
416
335
270
20
19
247
226
152
148
148
113
100
88
80
70
47
38
38
40
42
34
26
20
24
23
20
18
193
118
118
114
90
76
63
48
39
42
38
38
35
26
12
7
8
24
222
178
163
98
74
78
49
44
44
45
40
19
18
10
9
14
10
9
13
6
6
347
345
332
176
147
124
115
101
85
73
70
72
66
64
61
54
49
47
41
23
20
23
17
276
276
225
186
178
101
90
79
75
80
65
70
59
55
57
58
48
50
28
26
20
16
8
38
274
226
193
157
147
138
123
86
90
64
59
34
22
20
21
6
6
6
362
183
152
130
129
116
115
97
75
69
69
67
65
64
51
56
40
26
26
27
12
54
54
250
234
128
113
98
99
99
96
74
72
61
57
34
34
37
30
30
10
11
242
218
189
164
151
111
99
83
79
79
78
75
74
72
61
49
40
40
12
12
14
501
64
59
268
246
189
159
137
99
77
45
42
40
39
37
27
21
26
29
19
18
9
9
7
459
315
68
265
214
143
128
120
114
100
87
71
71
72
58
50
44
45
36
24
12
6
7
424
70
74
74
258
254
198
186
187
183
162
165
148
111
76
64
55
50
28
24
19
11
392
382
299
231
207
173
152
130
115
119
95
98
98
81
70
62
52
48
33
23
21
19
11
235
154
143
135
120
103
86
65
67
56
55
46
49
46
46
41
37
34
30
22
24
7
391
89
256
219
183
121
108
104
108
83
65
51
52
38
29
17
17
22
10
9
88
243
212
206
195
159
155
139
136
125
120
109
100
100
75
44
37
31
20
27
10
12
9
461
98
300
295
282
279
227
212
181
131
118
114
102
53
52
43
48
36
36
23
27
15
8
6
363
280
270
217
186
157
107
92
76
49
52
39
32
20
24
19
19
20
18
17
9
6
8
104
316
246
204
204
157
154
124
123
100
90
86
63
63
63
54
45
42
42
27
21
21
6
6
110
113
345
323
321
283
228
144
134
106
58
56
51
40
30
28
28
23
22
9
14
8
9
9
114
235
201
187
139
128
110
103
94
95
81
73
68
46
43
44
37
31
15
9
8
237
222
193
188
189
114
116
99
74
74
68
61
63
50
46
45
40
33
19
27
18
14
11
12
307
223
219
211
191
189
180
171
168
145
134
110
79
73
70
56
54
43
45
36
23
19
8
7
134
230
225
221
215
199
137
120
125
96
96
91
78
61
42
31
29
24
24
14
12
9
450
377
340
251
200
191
120
115
84
67
67
55
32
34
34
26
18
13
16
8
8
6
143
355
229
204
168
164
127
107
88
88
87
62
34
34
13
12
13
13
10
10
10
10
9
211
197
179
169
155
94
98
61
52
44
27
24
24
24
16
18
9
6
9
153
278
217
145
116
119
98
97
77
70
67
51
51
56
50
49
49
42
37
25
20
11
8
7
319
210
212
189
130
87
75
75
58
56
34
36
33
30
30
24
25
17
23
16
8
184
179
127
108
101
85
85
54
58
43
48
35
39
35
30
35
30
24
28
29
10
14
14
10
311
278
189
177
175
160
119
114
97
84
59
52
51
46
47
40
38
35
35
27
27
27
14
195
189
139
123
64
52
45
41
40
32
34
25
24
26
15
10
18
9
9
8
8
8
9
416
286
248
211
199
199
184
168
162
97
88
69
48
45
29
15
13
13
14
9
12
12
442
272
214
191
121
100
100
74
70
55
59
53
50
49
50
34
28
26
24
19
15
17
12
401
332
309
270
248
204
204
117
109
103
103
60
58
58
47
53
34
33
26
24
24
15
7
6
199
163
139
122
112
84
81
60
59
40
47
47
33
35
29
14
15
9
10
9
8
290
225
206
144
125
122
115
107
94
70
70
65
65
64
57
50
39
34
25
25
16
14
13
333
244
242
195
182
166
132
99
94
88
92
61
62
62
50
55
58
44
39
40
32
24
24
23
220
211
210
162
154
135
125
112
106
77
75
75
66
49
48
45
35
40
39
27
6
9
11
211
435
279
205
151
157
117
104
65
45
44
38
34
32
34
32
22
20
13
9
9
214
312
206
103
90
90
88
70
63
58
55
36
34
34
34
34
35
33
19
13
244
197
178
178
144
126
102
81
76
59
58
57
53
49
39
20
15
15
18
17
10
357
294
289
220
144
119
95
86
67
57
45
44
45
44
35
24
24
23
23
8
14
6
254
180
172
155
148
102
100
100
89
69
68
60
65
63
49
48
29
30
34
29
28
20
11
160
108
105
77
80
42
42
34
39
16
16
16
16
10
9
8
8
6
9
9
6
264
187
141
126
101
102
84
73
73
59
59
59
55
40
42
39
27
24
21
12
14
7
409
230
220
218
95
99
87
75
54
44
35
42
35
32
26
18
20
19
9
8
8
355
319
175
172
111
91
94
89
90
87
80
70
40
31
25
14
13
12
15
11
9
10
9
240
236
157
136
125
125
103
75
75
72
62
59
54
53
43
33
36
30
36
36
20
24
9
8
532
164
139
110
98
98
88
82
79
79
70
58
50
47
41
35
34
32
25
29
21
9
412
338
212
212
162
146
126
87
95
95
95
75
82
64
63
59
55
38
19
19
25
19
18
9
344
157
145
145
141
92
89
89
86
88
47
45
39
39
26
25
16
19
23
23
15
9
7
378
176
157
97
71
72
56
58
56
54
36
44
46
34
11
15
15
21
21
10
11
8
11
431
370
7
162
150
120
125
118
100
70
61
70
61
61
55
55
44
40
26
17
16
13
12
296
233
176
155
154
126
123
115
104
104
82
75
74
72
60
59
55
40
39
31
39
21
11
6
10
10
346
15
206
89
76
71
71
57
51
41
34
29
23
26
26
21
26
19
18
8
8
8
6
8
8
7
19
19
219
165
139
117
123
94
85
70
58
51
56
41
36
14
14
7
8
343
21
24
24
24
27
289
232
222
219
170
170
119
107
99
99
73
72
32
26
20
15
9
9
6
6
30
298
249
155
139
91
86
79
76
70
60
58
39
41
22
22
14
13
14
14
7
11
9
11
9
34
35
205
154
149
117
114
96
97
85
84
64
60
32
36
28
28
28
18
19
36
36
40
39
177
152
145
149
134
112
102
96
88
76
70
61
55
48
35
41
23
24
8
6
9
8
7
6
195
169
159
153
95
91
73
66
65
53
56
56
56
44
24
26
26
14
14
11
344
339
48
49
310
134
124
124
115
108
100
94
61
44
35
31
26
19
19
26
19
15
12
7
6
474
424
55
55
158
120
83
67
57
54
56
40
39
38
39
39
36
34
24
15
15
20
12
289
278
210
116
116
110
105
89
67
59
47
44
20
10
10
17
10
9
8
8
8
6
65
313
264
130
120
109
109
100
86
71
64
59
52
42
48
24
28
22
17
13
14
14
9
13
202
175
155
161
163
144
140
84
81
65
70
65
61
54
54
54
47
53
47
38
42
32
20
14
13
12
8
119
103
104
97
93
89
69
54
44
44
40
31
25
23
23
20
19
7
6
10
13
79
262
243
217
170
109
112
109
92
72
64
64
64
63
46
49
48
37
33
30
28
28
27
21
16
16
246
210
164
143
98
96
75
75
44
36
37
34
33
31
30
28
32
20
12
9
7
10
323
195
145
127
105
74
74
71
71
49
53
41
43
38
36
38
28
16
9
6
8
329
243
234
168
146
145
96
94
94
74
64
64
48
48
43
45
25
34
34
30
22
22
14
19
11
10
7
269
150
125
94
91
92
84
79
69
59
59
48
47
45
43
27
27
22
11
12
8
8
105
224
167
135
108
93
89
67
67
55
58
55
40
34
34
33
34
31
24
10
10
13
9
254
193
121
103
89
91
79
72
59
54
53
57
44
44
37
21
19
17
19
269
213
171
155
143
134
126
74
64
43
35
37
26
29
24
29
9
10
9
10
10
9
512
116
313
268
249
210
122
103
104
88
69
49
46
49
45
36
29
26
15
7
7
12
7
7
122
153
137
88
81
75
84
63
54
54
41
37
40
25
20
29
16
14
10
10
472
243
244
222
186
160
120
107
92
73
53
55
37
35
34
39
38
25
18
10
15
10
10
7
6
6
279
210
165
147
118
116
109
88
92
83
83
79
73
63
62
44
35
29
22
16
10
9
10
11
384
362
302
166
119
109
93
89
85
76
72
68
62
51
49
28
20
20
23
12
19
16
16
160
139
93
75
87
74
67
68
57
39
39
32
30
14
10
8
7
7
6
7
6
229
151
116
113
98
94
67
55
58
45
45
44
35
23
28
26
20
10
11
11
10
371
227
184
148
136
85
92
91
90
82
73
74
79
74
80
64
63
60
64
42
42
35
38
31
13
9
156
113
86
83
84
79
70
70
71
54
54
49
40
43
39
24
21
20
14
7
10
167
279
187
181
130
92
94
73
59
63
52
52
52
45
50
47
41
31
26
19
10
9
8
8
8
279
163
136
132
94
96
57
50
55
33
37
31
31
28
23
17
20
20
18
13
13
9
174
265
233
110
102
87
69
60
69
62
55
36
36
29
35
24
12
14
12
10
9
10
6
257
208
188
179
161
126
106
92
88
67
44
46
42
45
42
32
31
26
21
23
17
16
12
8
8
9
132
112
114
103
74
65
63
60
48
52
43
35
22
18
18
18
12
10
7
7
284
218
113
101
75
72
59
54
59
41
47
38
29
23
23
21
21
19
20
9
7
6
10
460
300
290
237
187
128
132
101
80
77
71
57
64
61
56
56
53
38
34
28
11
18
8
293
221
215
149
143
85
87
80
69
62
61
61
61
55
45
43
36
36
31
29
10
16
7
6
168
168
133
112
112
90
74
66
65
56
53
48
44
23
15
21
12
12
10
13
7
7
8
6
10
114
104
105
104
95
80
68
68
61
38
39
39
32
23
23
17
15
11
11
10
8
10
8
8
8
199
180
177
168
169
172
151
124
109
91
91
77
76
69
64
52
40
37
28
27
10
8
240
201
163
105
84
87
84
81
71
63
63
58
52
49
40
29
30
30
23
10
8
6
236
176
150
105
101
87
73
68
61
55
45
43
34
30
33
30
32
25
12
18
18
18
9
9
9
139
90
88
85
88
69
67
63
58
57
39
35
31
24
24
28
30
18
7
12
621
266
197
161
142
129
105
88
82
83
66
55
44
42
42
36
37
31
23
22
22
25
15
11
221
202
165
149
149
135
134
125
101
98
77
73
72
60
64
53
42
37
27
23
17
7
12
6
348
8
8
233
228
229
214
95
81
77
81
73
74
70
67
61
51
52
47
32
29
25
17
320
12
12
12
206
159
137
137
116
108
87
86
60
57
55
51
50
50
40
16
22
13
258
6
6
6
6
183
131
116
105
98
88
84
75
73
68
59
56
45
43
27
31
20
258
310
19
18
23
9
254
208
169
154
124
113
103
88
82
79
81
66
60
54
40
41
34
32
6
21
28
12
248
190
100
93
93
81
75
65
65
54
53
55
46
47
45
37
269
7
9
32
16
16
20
18
132
120
106
106
82
83
77
70
50
37
12
9
9
8
9
8
10
9
6
8
29
22
226
208
136
136
133
94
77
58
55
310
21
17
17
17
15
40
26
29
187
155
116
108
104
85
82
80
82
78
53
51
24
18
20
18
18
9
9
10
10
44
46
32
32
35
134
90
93
92
85
75
64
69
27
24
24
19
15
7
14
16
11
48
48
49
38
126
118
85
83
80
71
67
298
33
32
25
28
23
16
8
6
8
57
58
159
145
131
108
102
99
88
67
72
38
41
34
29
33
29
29
26
7
7
10
10
10
47
47
51
187
161
148
150
151
131
113
90
42
39
34
34
30
10
13
15
10
10
10
9
64
54
56
273
156
114
119
110
106
98
84
72
339
47
43
39
28
31
31
22
15
15
10
7
7
260
186
142
111
87
91
76
84
52
49
44
44
44
40
42
20
20
20
8
8
10
14
76
173
137
126
121
116
110
92
322
468
58
59
61
57
54
34
43
24
19
8
7
13
8
8
66
214
186
163
127
121
100
87
97
84
374
66
58
54
58
50
49
35
30
30
25
24
8
88
88
73
74
274
237
142
135
115
103
99
96
71
68
35
34
35
35
29
23
11
10
11
7
9
93
181
159
135
124
113
102
69
40
48
29
28
16
16
15
15
16
8
8
8
8
8
8
97
201
142
137
133
125
114
81
74
73
69
50
44
35
19
19
20
20
20
13
13
10
7
6
7
220
184
168
140
120
114
79
77
54
55
41
43
28
27
26
28
33
18
22
6
6
13
13
9
108
169
154
155
135
125
127
125
91
75
54
50
47
47
33
32
25
27
18
16
6
11
9
106
298
144
425
383
92
84
80
51
48
43
37
36
32
28
30
28
23
19
16
21
12
11
118
201
184
98
93
70
60
57
59
21
16
10
19
9
9
10
10
10
9
9
9
116
186
161
570
106
98
99
68
68
63
39
38
41
37
20
20
22
14
15
14
7
14
14
123
114
137
99
99
94
80
80
63
60
43
38
38
38
38
34
34
29
21
31
27
19
19
13
17
220
213
166
164
104
108
80
80
80
80
74
63
39
25
24
23
24
15
8
6
9
289
236
235
117
113
97
97
83
60
60
48
53
53
38
37
31
39
30
29
25
23
17
15
20
9
130
154
123
122
114
90
90
90
90
84
58
53
46
39
34
35
35
34
33
23
23
14
10
14
261
234
210
124
103
59
42
39
40
39
33
28
27
32
28
21
19
19
21
14
12
8
8
371
202
180
170
116
100
92
85
81
65
45
44
44
38
33
33
33
8
8
19
10
13
155
153
153
202
189
122
87
70
61
67
62
61
50
49
49
48
40
34
31
24
22
24
8
7
290
172
113
110
102
94
85
80
80
75
78
72
67
59
54
54
42
47
30
29
14
9
147
148
121
108
86
71
59
52
48
35
35
14
19
20
18
8
7
6
8
8
8
261
176
154
156
136
96
97
88
80
69
60
50
50
40
37
17
17
25
13
7
7
9
7
7
216
543
132
125
95
86
76
75
69
62
30
40
38
28
24
12
18
18
6
12
6
7
158
98
98
53
50
49
49
35
23
23
22
10
17
12
10
10
15
8
6
10
6
8
7
6
179
215
430
111
106
106
100
79
79
76
58
48
46
43
23
28
22
22
22
13
8
11
8
210
143
117
84
84
82
82
45
39
33
27
27
27
16
10
10
10
9
6
10
6
10
10
122
102
96
97
89
74
78
65
44
32
32
32
27
18
15
15
10
7
15
14
8
10
156
158
150
138
99
97
94
93
67
60
47
53
53
37
24
23
26
25
20
20
10
19
6
6
133
75
74
60
42
42
32
25
25
25
12
17
11
9
10
11
10
10
9
6
8
6
184
152
104
84
80
62
47
47
40
30
30
26
16
16
15
15
9
6
12
9
8
7
206
256
193
127
117
105
52
43
41
45
41
35
31
33
21
21
21
11
17
17
8
7
10
8
203
110
101
105
92
72
63
50
57
45
40
40
40
25
26
22
22
11
13
15
13
10
7
190
108
108
81
72
62
51
45
35
30
21
20
20
18
18
10
10
10
10
10
10
10
6
8
179
168
148
139
105
70
55
50
50
37
43
26
32
27
22
25
18
10
10
7
13
15
129
78
84
82
55
40
40
37
20
22
22
18
15
18
15
8
8
8
8
11
9
8
281
218
123
113
110
93
79
83
79
77
60
60
60
57
45
46
42
32
35
33
15
13
7
154
130
88
84
65
65
65
57
50
50
51
40
35
30
21
25
18
17
20
7
7
8
224
113
105
80
87
56
52
42
43
35
35
30
24
25
22
15
12
15
9
8
7
6
6
6
92
40
40
42
45
32
27
28
17
25
15
10
10
7
7
7
7
7
6
6
9
8
6
143
80
66
56
51
53
53
45
48
36
33
33
33
23
18
18
12
11
8
254
11
10
179
172
70
58
58
50
41
38
38
36
32
30
28
25
27
19
23
23
13
419
10
10
6
6
6
9
9
148
96
69
68
57
60
47
45
33
28
26
18
312
14
12
11
14
98
103
97
90
80
71
55
56
50
37
41
35
30
30
31
29
23
25
13
19
17
10
7
8
135
119
75
79
72
72
65
40
35
34
28
29
28
6
6
30
33
24
24
22
22
12
12
12
216
70
61
58
44
33
36
11
7
6
7
6
11
9
33
30
35
27
17
20
127
110
96
75
80
80
62
61
47
42
38
16
11
16
16
9
33
34
34
34
27
27
22
171
151
162
148
132
114
100
80
80
57
53
17
11
7
10
10
9
10
42
48
36
35
37
178
139
92
90
85
75
60
63
52
48
24
9
11
8
10
7
7
52
44
32
231
199
125
125
68
65
60
59
57
56
55
27
32
28
21
20
12
8
9
12
8
395
57
48
42
40
204
92
83
70
58
58
31
18
26
26
11
13
13
8
8
8
8
10
11
46
138
135
122
110
67
41
37
39
27
16
16
18
12
11
15
6
6
8
10
10
10
65
68
68
49
52
230
131
136
100
100
87
78
72
74
36
23
21
27
20
18
73
70
58
55
52
141
126
98
86
87
33
40
39
32
29
28
32
23
16
16
13
6
6
6
76
57
213
126
131
132
78
82
57
46
34
31
27
27
28
28
23
22
6
8
9
10
10
6
80
66
184
57
59
51
36
33
35
33
35
26
27
14
9
10
10
10
10
9
8
8
68
67
189
165
130
117
120
100
58
41
31
20
15
15
13
12
12
9
6
7
7
6
91
77
215
63
43
43
46
26
37
40
20
23
19
20
11
11
6
8
6
6
6
6
77
81
108
98
62
67
49
49
49
31
25
25
21
21
18
21
15
16
10
14
6
103
82
238
138
115
62
30
28
30
22
24
26
23
21
20
21
16
15
10
11
7
11
98
136
64
51
55
35
35
35
38
33
35
27
26
26
24
26
26
12
9
16
16
17
13
6
106
108
99
190
175
151
66
43
42
40
40
34
34
31
31
25
28
18
18
7
11
7
7
7
107
104
162
118
96
78
49
48
46
45
41
38
43
30
30
28
31
11
12
16
16
8
116
102
147
150
91
76
76
48
41
35
39
29
31
16
19
22
7
7
10
7
7
113
81
81
81
53
55
48
53
46
47
40
32
36
25
26
26
16
14
12
14
16
8
112
178
166
104
69
63
60
58
51
44
35
38
26
31
9
8
9
7
7
8
135
253
111
83
64
65
61
59
39
34
34
25
20
21
15
19
15
6
8
8
6
8
8
141
122
155
117
99
88
71
61
37
30
27
35
23
18
10
13
10
10
10
10
6
116
108
78
74
71
57
32
36
29
23
28
22
23
15
15
10
13
6
8
8
8
143
228
93
97
80
80
78
63
45
35
41
30
20
16
16
15
19
11
9
10
8
11
7
6
136
78
75
76
44
44
46
28
27
28
29
20
19
19
25
16
18
18
12
6
10
11
8
9
142
170
123
90
76
74
73
72
65
49
38
31
27
30
19
23
11
15
13
11
11
9
9
95
94
91
86
81
81
52
35
38
35
35
29
21
7
7
7
11
7
6
7
10
9
9
162
100
81
55
60
48
41
36
34
34
40
28
31
28
28
33
21
27
21
8
8
8
8
102
99
96
91
83
64
59
46
33
26
26
25
25
13
10
10
10
13
13
11
13
7
7
171
197
132
130
96
87
81
71
50
46
47
38
40
38
43
31
37
24
17
19
7
6
220
166
138
105
82
60
56
36
36
36
38
27
25
24
24
23
20
11
12
6
6
123
101
99
86
68
67
60
61
60
58
53
39
25
26
29
22
17
7
6
11
9
8
8
11
92
70
74
67
68
63
56
39
37
33
18
19
9
9
9
9
16
12
8
16
18
6
6
7
180
158
150
130
121
121
101
83
70
65
57
51
44
46
45
35
24
13
11
13
13
12
10
141
123
121
102
94
78
73
68
49
40
29
28
36
26
26
12
18
18
7
7
12
10
9
116
111
85
65
33
38
31
23
22
21
9
17
15
16
10
8
6
6
7
6
6
126
112
111
88
88
67
70
65
54
54
39
39
45
38
38
36
27
25
17
17
19
10
10
173
150
141
131
106
103
93
78
71
55
42
29
33
32
16
10
12
6
9
6
7
6
9
97
67
23
23
27
15
11
14
14
10
12
15
14
8
8
9
9
8
8
10
9
9
8
180
156
151
83
72
69
42
43
28
28
25
22
22
19
16
16
15
13
14
9
7
13
58
67
56
42
45
31
30
31
22
24
25
19
19
18
8
18
8
18
6
8
8
6
206
120
110
98
82
78
72
65
32
38
27
27
23
23
23
15
17
19
10
7
10
7
6
6
6
146
119
83
73
62
66
52
52
44
50
52
38
31
33
28
20
20
28
20
15
9
10
6
110
79
63
62
60
51
42
36
33
33
25
17
16
20
20
16
11
14
11
12
9
8
8
8
179
99
60
51
44
39
30
38
30
25
16
20
14
20
9
10
13
7
7
13
10
10
7
177
167
130
95
79
72
51
57
50
56
56
49
45
44
27
16
12
6
9
9
10
8
91
72
67
62
60
49
40
40
36
28
31
29
30
20
19
20
20
15
15
8
9
11
11
178
121
92
88
55
60
54
54
54
39
41
41
32
33
36
23
22
17
20
9
8
10
15
6
7
211
153
119
103
79
67
62
58
45
41
47
46
36
32
25
25
23
25
25
19
20
14
10
10
8
10
8
9
10
13
7
8
108
81
55
51
47
39
41
27
30
32
23
18
24
14
13
13
15
11
8
8
13
9
10
8
10
8
11
87
55
58
53
35
33
33
6
6
22
13
12
17
220
114
121
73
75
66
64
53
45
48
40
36
34
8
10
11
8
8
11
7
24
26
24
25
21
18
69
45
35
28
16
13
13
7
8
8
6
8
8
7
8
6
29
229
110
85
79
79
58
44
45
44
44
34
20
20
16
18
16
18
12
13
12
11
9
9
8
34
35
28
256
149
140
113
113
73
64
63
57
53
26
17
17
16
13
10
7
6
8
38
38
88
80
58
60
43
31
31
28
26
26
23
22
15
11
9
10
8
9
8
10
8
43
46
42
38
42
48
28
20
25
18
15
14
14
15
13
12
8
7
7
9
12
6
9
7
48
50
45
43
90
82
86
78
41
38
38
36
33
36
31
33
25
20
19
19
11
12
7
53
47
164
69
46
41
26
23
24
23
24
24
24
23
18
10
10
10
10
8
10
57
141
85
80
48
50
51
43
38
35
28
28
15
15
9
8
8
8
12
8
7
7
65
281
133
56
48
52
47
40
46
38
35
35
36
35
38
33
34
33
33
22
21
20
20
10
10
68
153
115
56
58
52
52
41
42
31
38
25
26
20
15
17
15
8
8
11
10
8
8
72
100
95
84
57
50
50
44
43
37
30
24
22
15
14
13
13
10
6
10
80
75
127
71
66
65
68
63
56
61
50
41
46
35
28
34
28
28
10
6
9
199
89
73
68
68
60
66
55
54
52
40
33
28
23
16
10
9
7
10
9
9
7
10
7
158
115
97
59
60
58
53
52
45
40
42
28
27
22
21
16
16
15
20
15
10
10
10
149
111
83
77
65
51
50
50
44
44
42
35
35
30
27
25
21
21
20
21
19
17
13
10
174
110
88
81
71
55
41
45
48
38
31
31
27
29
23
24
22
13
13
13
9
9
9
9
90
86
76
76
54
54
48
48
42
37
34
29
12
10
9
14
8
9
6
8
6
9
6
6
155
138
125
98
98
65
51
45
45
39
38
23
24
24
25
21
19
13
11
9
8
8
113
156
137
98
85
84
60
60
55
53
42
37
28
29
31
14
18
16
13
13
13
7
7
11
113
155
111
77
75
68
67
60
61
61
46
45
42
42
33
40
35
38
29
21
18
18
17
9
9
116
116
111
107
100
67
70
65
62
60
60
51
46
39
34
24
28
6
6
6
6
123
139
105
86
82
75
75
60
65
50
43
39
34
36
39
39
30
34
23
10
10
7
7
6
7
123
116
111
104
100
87
78
77
65
49
39
44
36
27
23
16
11
11
15
6
6
6
6
139
202
163
113
92
94
88
89
75
65
62
49
49
45
38
39
39
37
33
37
37
32
16
13
13
145
201
136
136
133
131
126
100
58
58
54
45
25
33
25
18
19
10
10
10
6
6
129
121
120
123
100
89
80
76
75
49
42
47
38
31
27
27
27
21
21
19
18
19
12
10
7
199
166
128
103
86
84
77
79
64
53
52
49
42
36
26
30
22
11
11
6
9
9
6
8
169
131
115
94
91
65
65
64
62
61
58
47
38
39
31
24
25
27
20
21
13
14
11
137
120
105
96
89
83
68
63
57
34
36
29
33
32
27
26
18
8
13
13
8
8
148
125
125
125
105
96
94
70
72
68
58
52
52
47
46
50
24
24
13
13
8
147
130
99
91
84
68
72
70
53
44
38
40
42
44
36
29
29
29
31
18
26
13
13
6
13
177
167
120
104
93
75
57
56
56
51
47
41
31
25
31
30
24
31
28
10
7
9
7
168
158
112
115
107
83
72
60
56
58
48
54
53
41
38
28
28
27
28
9
8
11
6
180
178
165
133
138
90
88
79
76
77
67
60
50
46
41
40
36
14
20
12
214
200
177
132
136
120
107
96
82
71
67
55
56
46
48
19
10
10
10
6
11
12
166
109
98
81
76
71
71
61
61
61
61
60
54
43
51
46
43
42
40
24
22
28
16
21
180
169
127
114
104
86
61
66
66
58
52
48
48
28
21
21
10
15
13
10
8
6
8
6
9
162
112
111
103
81
71
53
48
41
53
36
34
34
36
15
15
19
14
12
8
8
6
10
275
6
196
114
111
111
103
76
75
58
39
39
39
26
31
22
17
16
14
14
13
10
11
8
8
8
8
175
175
100
96
91
89
76
46
44
34
32
35
25
29
24
21
24
23
16
11
10
8
8
8
7
10
7
7
167
155
101
102
98
68
76
30
29
28
26
25
18
21
266
20
16
14
12
13
9
9
165
128
125
118
105
105
77
70
57
46
38
39
35
33
30
27
14
223
192
190
187
176
163
148
133
108
104
89
86
83
65
49
51
45
44
34
31
11
13
28
25
25
23
25
25
22
22
220
181
178
165
103
100
95
76
80
81
44
15
17
9
8
15
33
37
25
183
175
143
116
112
69
61
48
43
43
37
21
22
20
23
16
20
20
8
269
193
151
147
147
124
111
104
104
86
72
54
50
49
42
27
24
23
25
8
10
13
7
43
38
40
34
238
223
180
136
135
86
67
56
47
29
28
20
19
9
12
6
6
6
6
52
46
46
39
42
39
185
158
158
106
84
70
60
61
35
37
36
20
22
20
24
18
8
50
45
213
176
165
146
141
121
119
106
64
57
42
43
42
26
21
22
9
7
13
7
16
50
48
184
166
165
77
68
46
32
33
30
16
21
21
17
10
10
7
10
7
9
65
63
57
173
91
80
82
77
77
74
53
48
41
33
28
32
27
26
17
12
8
8
7
95
58
57
48
55
40
40
36
38
36
24
32
17
17
17
15
9
11
9
7
9
77
70
64
216
161
146
142
130
129
90
83
61
60
52
25
24
22
8
13
14
12
9
8
6
78
82
76
72
75
72
72
246
167
144
128
108
97
67
65
46
29
32
24
21
22
11
9
83
79
80
77
75
191
98
98
95
69
61
53
40
39
18
8
8
8
10
8
9
9
7
7
88
252
198
156
151
136
77
78
74
64
57
47
38
31
31
23
27
21
23
21
19
12
12
12
90
84
221
131
108
98
103
97
61
56
43
32
27
28
25
26
19
20
17
17
8
98
171
134
117
112
103
85
85
70
67
43
37
26
24
25
22
22
21
13
20
18
7
7
97
95
192
90
72
55
49
46
42
42
34
37
37
37
28
18
20
20
16
10
10
10
8
9
112
105
223
144
122
97
95
66
71
58
51
53
40
42
32
32
23
23
28
23
23
20
14
223
222
121
100
85
83
67
47
48
40
37
28
30
28
36
27
23
26
23
24
9
9
11
15
229
155
140
132
83
61
64
50
52
43
33
29
24
12
8
13
12
12
6
114
178
146
144
98
91
79
66
63
62
54
47
46
40
40
41
40
32
29
29
25
15
10
125
323
237
221
138
98
98
88
82
80
69
73
61
52
52
37
43
34
29
26
20
10
12
9
137
275
188
138
119
118
112
97
103
94
74
57
31
25
15
20
14
10
9
6
6
6
6
6
142
152
120
108
114
101
84
75
79
77
64
62
47
47
51
51
51
46
36
33
22
21
10
10
134
290
226
150
111
86
78
67
67
67
66
58
60
56
49
45
19
16
9
7
13
15
7
176
158
134
109
97
92
91
75
72
72
63
63
63
61
55
46
43
30
12
20
10
10
8
7
156
153
171
127
121
94
87
78
78
80
77
77
61
47
48
47
42
17
17
13
12
8
160
185
112
99
82
82
81
62
52
53
47
52
41
23
22
22
22
13
12
9
14
8
7
8
284
212
212
184
177
152
114
104
99
97
68
69
64
65
49
32
35
25
27
18
9
7
170
196
138
103
101
93
94
78
75
73
76
66
66
66
62
64
39
37
30
23
7
18
162
114
112
88
86
79
69
75
71
56
55
56
46
28
19
19
8
8
8
12
7
6
6
178
270
146
132
86
84
76
72
60
54
45
45
40
33
33
13
15
8
8
10
8
6
6
6
180
177
166
170
170
150
107
81
61
50
55
45
42
38
35
31
18
18
14
10
10
10
10
6
119
113
111
105
100
82
70
72
71
50
28
27
23
19
14
14
15
9
13
9
13
6
249
161
138
132
106
91
87
83
89
82
70
66
53
48
24
21
18
18
13
9
13
13
188
208
141
133
129
104
96
100
80
76
62
67
38
38
46
39
29
31
25
23
23
18
12
265
146
111
109
86
76
77
72
75
65
65
60
62
58
46
46
40
37
23
26
24
13
19
10
306
236
141
125
106
91
78
72
70
72
70
63
43
38
35
33
33
26
28
8
183
191
172
146
120
119
118
105
100
97
94
87
58
48
52
48
46
31
23
33
22
22
297
273
159
149
142
133
131
132
120
99
88
77
75
52
49
45
46
39
44
38
43
35
10
242
212
164
140
119
102
87
85
78
78
57
57
50
41
29
13
9
15
9
7
178
143
97
90
92
73
62
63
61
53
39
37
29
31
37
14
15
12
7
12
241
196
184
121
98
87
86
88
76
76
68
66
64
60
43
43
42
27
27
27
18
12
12
12
232
227
218
139
110
93
79
70
68
57
41
38
29
22
22
6
11
10
9
10
10
8
6
235
229
141
117
107
85
76
71
71
68
59
50
52
37
43
27
16
15
10
9
327
222
175
157
154
146
140
138
76
75
68
59
57
48
47
42
15
17
20
19
14
15
15
8
6
9
7
9
189
145
131
125
115
88
86
73
73
47
53
47
49
42
42
10
250
8
14
223
199
183
156
137
117
99
85
52
52
58
52
52
37
42
28
30
28
25
15
326
19
18
16
14
8
11
9
250
165
157
147
104
91
80
72
66
57
57
55
40
31
33
6
6
7
12
7
24
16
14
17
140
130
119
96
74
68
52
52
36
40
35
34
13
11
8
8
7
18
19
21
222
197
131
123
101
89
82
73
61
58
43
45
45
30
39
15
9
8
6
8
31
28
35
27
223
195
130
119
119
101
87
85
78
65
57
57
35
35
24
21
17
18
6
6
10
312
37
32
269
224
216
155
147
152
108
77
62
67
55
51
50
28
28
19
16
7
284
38
32
37
194
172
125
115
113
113
113
97
95
82
88
67
72
54
26
28
28
23
21
7
12
9
13
6
43
40
39
189
130
127
123
100
53
50
42
31
22
22
16
17
17
9
9
7
9
9
302
54
55
44
46
222
225
204
109
107
42
45
47
33
38
36
26
17
20
23
13
13
7
8
485
186
177
135
130
119
88
70
60
45
52
43
43
36
28
18
19
19
19
12
12
9
8
7
340
64
57
56
182
135
135
134
75
57
39
33
19
22
22
10
10
10
10
9
8
61
248
143
144
139
123
113
122
113
80
83
70
50
52
42
46
44
32
28
29
29
20
15
15
10
10
10
12
9
74
249
124
103
104
86
78
84
56
59
49
44
27
20
20
15
18
15
13
12
14
12
13
9
9
8
69
157
117
102
95
51
41
38
41
37
25
25
20
14
6
9
9
9
9
9
328
82
81
77
73
282
154
134
109
87
69
62
62
59
47
46
43
42
34
30
33
27
28
22
19
17
10
14
9
8
9
454
197
172
133
82
76
72
69
73
58
44
36
33
27
28
19
15
19
15
15
12
6
87
171
159
144
126
117
81
78
57
49
35
38
29
27
32
24
20
17
19
8
10
9
10
92
92
294
194
143
119
104
83
71
76
70
59
58
57
54
43
42
38
37
24
15
7
179
142
128
132
105
108
81
71
57
45
45
43
43
37
35
39
39
32
28
28
25
21
344
402
99
210
153
145
76
69
69
64
63
50
50
47
44
34
34
32
27
26
23
20
6
10
6
199
175
147
118
89
79
60
60
64
55
53
47
45
44
37
28
28
29
21
20
22
7
115
109
332
246
190
157
112
82
79
62
57
57
45
45
33
27
23
24
13
13
13
13
10
10
202
201
147
129
87
82
79
70
65
56
50
54
49
37
37
30
34
29
21
18
12
10
9
9
360
192
167
154
122
89
88
82
74
67
67
62
50
54
46
40
35
16
18
18
17
16
11
6
270
192
172
102
71
69
63
59
55
42
42
35
28
28
23
25
16
8
11
10
7
135
216
132
98
99
51
36
33
27
27
22
26
16
13
11
10
12
11
10
10
8
8
133
188
113
103
98
93
85
82
82
75
69
50
50
41
41
39
38
26
11
13
10
159
136
136
133
90
88
63
57
55
46
46
42
37
34
29
25
18
18
10
10
8
7
147
253
187
180
107
106
112
68
74
62
58
52
48
43
36
31
26
25
26
14
9
10
12
6
234
148
143
119
107
97
83
70
50
41
36
29
23
19
17
17
10
8
8
259
180
174
126
108
103
72
65
58
52
51
51
46
41
36
29
23
24
16
13
15
16
12
6
9
174
153
94
67
45
46
41
36
31
38
31
29
28
25
21
18
18
14
11
9
167
263
207
127
120
106
100
98
92
81
82
71
63
63
56
56
51
46
40
36
34
32
23
16
10
258
219
195
158
116
99
93
71
70
65
59
56
53
51
41
24
21
24
10
8
7
7
7
253
233
143
143
125
125
119
114
106
76
66
56
32
20
20
15
12
13
12
11
7
7
6
177
266
177
161
144
130
97
81
65
66
47
41
38
38
38
28
34
29
25
24
16
13
15
6
277
232
176
140
124
85
71
60
53
42
26
21
23
22
21
21
16
9
17
8
193
307
246
185
138
122
113
109
92
73
73
71
61
48
45
26
22
22
26
8
9
9
6
8
6
232
192
192
166
145
141
139
110
101
98
91
89
89
89
50
53
52
49
21
21
13
342
237
148
121
127
107
103
103
94
80
70
61
67
41
37
36
15
16
18
16
13
7
8
7
152
128
122
108
96
76
83
73
53
54
59
55
50
50
41
32
20
21
15
7
8
6
264
194
186
160
146
149
144
93
80
55
55
48
46
41
38
39
26
25
28
26
8
6
6
7
300
187
174
168
150
132
119
119
84
79
73
66
49
43
39
37
13
12
12
443
308
6
9
6
191
103
107
99
74
60
52
52
53
53
48
45
30
33
30
23
17
15
244
16
183
184
159
138
128
128
119
110
102
103
83
71
70
65
44
44
36
28
30
23
20
6
16
19
145
127
128
116
111
101
92
84
66
67
59
49
48
48
40
40
424
16
15
7
24
24
24
188
131
129
118
111
103
80
79
79
80
69
63
46
319
21
19
17
8
6
10
29
189
141
121
105
98
98
76
70
59
63
55
58
53
44
248
26
34
184
168
147
142
126
126
128
115
99
88
76
73
70
70
69
49
48
46
256
30
20
41
39
231
198
189
129
120
90
88
82
81
74
65
63
61
55
36
35
29
11
16
14
6
44
199
190
158
146
134
125
119
119
116
119
100
91
82
74
68
54
539
34
41
33
14
16
51
228
213
151
155
135
118
115
92
78
68
75
73
68
67
59
304
44
31
33
16
7
227
148
148
151
132
120
116
105
80
78
75
68
61
63
46
43
19
17
6
8
8
56
63
59
222
204
200
151
134
127
112
111
102
104
101
89
89
85
83
73
322
35
19
17
237
222
144
142
133
98
94
93
79
72
460
59
61
31
35
27
31
24
10
7
71
69
282
187
183
163
166
161
150
138
138
108
90
50
49
37
19
26
9
9
9
74
260
197
191
185
181
179
166
160
159
135
122
121
112
104
104
109
108
91
84
53
14
12
80
81
236
126
123
122
124
98
93
298
298
76
72
68
61
46
54
33
29
23
14
9
81
85
84
202
178
114
91
94
66
71
56
54
44
42
17
19
14
19
19
14
8
215
204
140
138
133
115
97
81
79
49
49
55
49
46
41
28
32
24
17
14
19
10
6
8
258
220
208
174
168
161
141
116
104
104
63
39
29
24
23
19
9
9
8
7
216
223
165
161
136
129
125
113
113
91
81
67
43
38
34
34
27
14
14
8
8
14
6
230
230
232
212
212
180
179
155
125
117
317
490
339
101
75
72
64
59
49
37
34
19
13
6
190
156
152
135
131
117
117
101
98
48
39
34
24
27
22
18
11
14
9
9
8
8
259
238
183
173
149
133
367
360
96
81
50
53
53
49
49
35
29
27
28
27
10
6
8
119
243
197
200
188
184
170
146
129
127
465
105
77
63
59
54
49
49
34
28
32
25
13
124
124
221
145
115
113
91
72
59
55
58
49
39
39
45
37
27
22
16
9
6
13
6
9
223
221
222
210
178
156
492
87
89
75
64
42
38
35
28
30
29
19
11
11
9
7
7
131
220
185
177
176
155
149
142
142
113
107
92
101
101
97
69
55
47
41
30
10
337
196
204
169
145
121
129
107
80
79
69
45
39
25
21
21
21
17
20
12
14
7
7
305
276
258
222
112
112
110
94
88
60
57
56
41
32
25
22
19
17
17
14
10
12
267
200
192
184
164
163
437
99
86
83
65
62
58
55
47
49
39
24
17
17
11
220
151
119
89
84
80
79
68
61
43
33
27
26
20
17
16
17
9
7
6
9
9
216
189
182
165
537
89
89
77
64
65
63
60
58
32
29
27
10
9
9
9
6
164
328
211
194
178
112
94
78
70
70
64
42
39
42
37
34
34
30
27
24
22
7
6
344
271
240
161
104
75
43
40
31
32
35
23
24
19
14
12
9
10
10
9
7
7
282
207
184
124
112
104
88
87
81
74
50
40
31
35
29
29
17
15
16
9
8
7
208
198
193
162
104
79
79
73
60
50
51
49
49
47
46
34
24
22
13
8
155
155
151
147
127
90
88
92
48
46
47
46
34
35
31
25
25
22
17
17
10
12
269
199
156
124
104
102
68
65
57
51
46
44
40
36
33
34
34
27
8
9
263
160
142
149
109
94
65
54
51
55
48
49
45
45
40
37
25
20
9
281
88
81
69
68
67
63
54
54
54
49
42
45
40
37
37
31
30
25
26
26
19
7
374
359
184
172
117
80
77
72
67
66
61
59
57
54
54
45
39
38
27
10
8
14
15
7
167
169
155
163
148
116
98
81
77
73
64
64
64
56
56
47
46
49
40
41
30
20
8
6
349
304
265
209
153
157
149
116
113
108
80
77
71
57
52
54
46
46
40
33
22
16
8
312
245
438
186
158
154
128
100
94
88
83
83
70
59
55
33
23
22
7
7
7
7
243
219
174
121
106
99
92
92
86
87
84
62
55
45
45
31
31
28
24
27
13
12
14
9
211
209
175
133
136
129
124
79
70
66
58
59
58
44
36
33
30
29
17
14
7
9
182
164
96
89
81
74
72
65
40
45
45
34
38
33
23
20
14
14
10
8
7
8
298
286
282
273
268
260
164
164
142
147
139
100
98
83
72
73
65
58
38
30
28
27
19
310
296
278
589
239
134
122
115
119
110
94
94
94
84
79
48
34
32
29
21
418
383
296
264
170
149
125
125
119
119
99
99
100
89
80
78
56
46
29
29
26
9
240
222
192
179
154
152
120
104
104
97
85
85
53
58
39
36
34
23
28
20
20
8
404
359
310
310
278
10
7
7
8
230
189
127
127
114
110
74
74
65
58
45
45
33
10
10
10
6
6
224
189
194
179
177
124
119
71
68
68
59
44
45
41
38
33
32
21
270
435
428
299
17
17
9
12
197
151
110
107
74
73
66
59
57
57
46
31
23
9
6
23
20
14
214
202
171
147
135
124
125
121
117
106
93
81
73
65
58
51
51
40
9
9
12
9
300
294
27
27
271
218
218
184
161
139
134
129
118
98
33
19
14
14
9
14
9
14
8
350
303
30
26
26
27
198
166
139
134
122
118
72
72
55
38
44
37
41
41
22
35
31
156
157
144
132
129
124
114
112
96
90
79
64
57
41
28
12
12
9
301
42
45
35
209
170
163
144
129
127
126
114
115
98
82
76
71
70
47
17
17
9
6
45
218
218
199
181
180
160
159
146
146
126
128
118
100
78
68
68
58
38
22
26
14
52
45
229
186
182
165
147
137
134
119
82
43
37
27
18
22
18
17
19
19
23
6
6
175
170
167
162
164
142
134
108
108
94
83
78
75
69
60
38
24
25
8
6
13
8
373
60
65
55
182
165
165
155
136
144
125
115
102
102
82
87
67
80
28
23
9
10
9
643
67
62
296
269
249
235
225
219
150
107
104
71
49
49
42
34
32
20
16
15
15
15
16
67
68
65
321
316
234
194
179
173
167
165
165
157
153
143
128
79
60
32
31
26
15
8
6
77
69
71
326
287
269
201
169
161
115
98
82
69
44
35
41
42
26
34
26
24
24
20
300
285
195
149
138
135
133
124
119
114
111
100
69
69
73
67
33
39
34
33
29
25
13
7
690
82
194
189
179
139
128
78
70
66
68
62
45
45
24
30
24
21
22
18
9
8
6
89
86
247
201
182
178
163
158
124
115
119
118
68
67
61
63
57
56
44
29
27
25
12
397
100
95
89
224
215
212
210
211
178
178
160
144
86
80
72
63
45
32
30
24
21
22
105
102
320
228
227
217
175
161
134
129
123
107
87
83
83
81
61
59
49
36
26
29
406
348
287
202
174
178
166
163
163
139
130
133
112
92
82
88
82
68
52
55
56
44
44
27
6
105
253
226
196
140
117
103
87
59
59
60
60
55
45
36
32
17
11
13
20
282
226
207
199
157
149
108
100
100
78
78
73
48
37
10
15
10
16
8
6
115
117
250
242
227
206
161
159
114
104
95
89
86
79
70
54
49
21
33
13
18
10
10
8
124
247
229
219
158
110
109
88
91
84
75
70
64
18
15
15
12
11
7
6
6
6
6
9
423
213
179
172
168
119
122
124
119
69
63
63
59
24
21
16
16
11
12
14
14
14
9
319
229
231
218
204
177
164
164
124
124
120
112
98
93
84
57
28
32
26
19
19
14
180
112
91
85
72
58
53
58
35
33
34
30
24
22
18
9
18
9
9
6
6
142
152
119
120
90
85
80
71
45
35
35
38
31
31
26
14
20
14
8
7
6
153
146
303
286
251
135
127
124
110
106
91
87
51
29
19
14
13
12
15
14
9
9
10
430
275
264
208
208
142
138
132
116
95
100
84
73
56
62
48
53
20
15
15
6
7
264
246
233
183
147
126
123
120
98
66
46
41
29
39
31
25
25
13
13
19
18
10
7
11
295
239
204
196
144
142
129
130
123
112
115
101
75
66
65
62
55
51
49
49
34
34
34
34
34
183
143
143
133
126
84
73
71
71
56
44
49
39
32
36
21
13
9
8
9
10
6
8
342
291
279
263
217
112
110
65
61
63
61
56
44
40
40
40
33
26
16
8
9
14
6
183
177
302
285
263
240
211
203
164
164
145
127
113
112
80
70
49
59
49
45
21
14
14
13
179
170
155
132
130
122
116
95
78
73
71
69
64
54
53
54
50
46
43
36
27
26
20
18
18
562
298
291
175
140
139
122
77
69
68
59
55
56
32
25
23
20
19
16
13
10
243
203
182
156
148
144
140
134
124
107
90
85
86
85
83
75
74
70
64
64
60
53
44
394
272
269
260
232
177
137
104
93
92
85
81
51
33
29
32
33
27
21
9
9
9
9
8
299
292
274
243
154
125
125
106
94
86
78
74
68
38
43
38
35
34
31
23
14
14
14
7
207
414
385
299
293
274
203
165
104
111
111
91
94
79
79
66
55
42
42
31
26
20
19
303
231
179
169
147
151
116
67
72
75
66
48
53
47
45
48
36
30
36
24
11
397
214
204
170
119
108
106
99
89
89
89
85
61
63
54
50
46
29
19
11
13
224
404
250
212
160
158
137
118
113
94
93
66
74
63
57
57
42
46
23
17
16
16
6
230
291
190
132
120
116
99
99
60
39
26
26
25
21
23
19
6
11
8
7
8
8
402
357
167
149
135
121
86
79
79
65
47
36
30
28
30
6
7
6
6
227
196
153
153
153
141
134
130
119
109
49
49
43
39
33
24
24
29
24
17
19
16
11
328
214
135
135
106
103
86
90
86
82
83
54
40
38
35
34
22
26
9
7
7
542
208
200
140
138
134
119
119
118
100
84
59
49
42
26
21
14
14
14
16
9
9
