8
10
8
7
7
7
7
9
8
9
10
9
9
9
9
9
6
7
6
6
6
6
14
14
13
13
12
12
14
15
9
9
7
7
7
6
8
6
6
6
9
11
7
6
6
17
18
16
16
11
11
10
10
11
10
10
10
11
8
6
8
8
6
8
8
8
8
7
10
6
8
6
6
8
8
6
7
8
8
6
10
6
8
10
8
8
13
8
7
8
6
7
6
6
7
7
7
6
6
6
7
6
6
6
7
7
6
7
7
6
11
11
8
6
12
7
9
9
8
8
7
6
6
6
6
6
6
6
6
6
6
6
17
9
10
10
10
9
9
9
9
11
9
9
9
9
11
9
6
9
6
7
7
7
6
9
9
14
14
14
7
7
7
9
10
7
10
7
9
10
10
9
9
10
7
7
7
7
7
14
12
7
9
10
7
8
7
7
8
9
9
8
8
8
9
8
7
7
7
7
6
6
24
24
23
12
14
13
13
13
13
14
13
14
10
12
9
9
9
10
9
10
9
9
29
22
25
24
24
18
17
18
14
9
6
14
14
7
14
14
14
7
11
11
14
22
10
9
14
9
9
6
6
9
7
6
9
9
9
9
6
6
6
7
8
7
6
10
9
10
13
9
9
10
9
9
12
10
9
9
8
6
6
9
6
8
9
8
8
9
19
14
9
8
6
10
10
9
10
8
10
10
10
10
8
10
9
7
13
6
10
10
10
10
7
7
9
9
7
9
8
7
10
7
7
7
7
7
7
7
8
9
9
7
7
9
10
10
14
12
10
9
9
8
8
8
7
6
7
6
7
8
8
8
9
6
6
8
9
8
8
8
8
9
8
6
6
9
6
9
8
8
10
10
10
10
6
7
6
9
6
10
6
6
6
10
10
7
7
6
6
6
7
7
15
15
13
11
13
10
9
9
8
10
8
10
8
10
9
11
6
6
6
6
8
8
8
10
9
9
9
8
10
10
8
7
9
6
7
10
7
8
10
7
10
9
10
10
10
9
9
9
7
9
6
9
9
7
9
9
9
9
9
8
6
6
9
6
9
10
11
10
10
9
9
10
10
10
8
8
7
9
6
7
8
8
7
8
7
7
14
14
14
9
9
9
8
9
9
9
9
8
6
6
6
6
8
6
6
6
6
6
13
14
14
14
12
11
10
10
10
10
10
9
9
9
9
10
7
9
8
7
9
7
7
25
19
15
16
6
6
6
10
6
8
13
6
14
9
14
8
6
6
6
6
6
8
7
6
7
6
20
21
21
13
19
11
11
10
10
11
10
10
11
11
11
8
9
8
10
8
9
6
8
13
8
6
29
29
29
29
29
27
25
16
16
16
16
16
13
14
7
14
7
7
6
11
6
7
39
33
31
21
27
27
27
21
20
19
19
21
21
20
19
19
22
13
11
11
11
11
44
34
35
34
26
34
29
25
25
8
11
9
9
6
9
11
9
34
7
10
7
14
8
7
8
7
8
9
8
6
6
6
6
6
21
26
36
33
34
16
14
18
12
12
6
11
7
6
11
7
7
6
9
7
6
26
17
17
14
10
10
10
13
12
6
7
6
8
9
8
8
8
7
8
8
6
44
25
17
17
16
10
10
11
9
9
13
11
9
9
6
7
8
8
9
8
8
7
6
9
8
50
49
28
27
34
25
22
19
19
15
18
19
16
10
8
7
14
12
8
11
14
12
6
52
55
32
31
27
27
21
20
24
23
15
13
13
12
12
12
9
9
9
7
9
9
37
32
31
28
20
9
9
9
8
9
7
8
8
7
9
7
9
7
9
7
8
7
9
7
52
29
22
27
29
18
12
12
10
9
10
9
10
8
8
10
9
9
9
9
9
9
9
10
17
20
14
10
10
17
10
10
13
10
9
10
10
9
9
9
10
8
9
10
9
8
6
29
19
17
20
9
10
8
7
9
9
9
9
15
6
6
7
7
7
7
6
6
38
25
20
24
24
25
13
19
19
16
16
14
14
14
15
10
10
8
12
11
10
12
10
8
15
10
10
10
10
10
10
10
10
10
10
8
10
10
10
6
8
9
8
24
18
15
22
20
9
13
8
14
8
14
14
9
7
13
7
7
14
7
7
7
9
9
7
7
10
9
7
7
7
7
8
7
7
10
7
8
8
8
8
8
8
10
8
8
10
10
8
8
6
8
8
7
8
10
9
9
9
8
7
7
7
7
6
7
7
7
6
7
7
8
7
8
7
6
7
14
18
14
12
13
12
11
12
10
11
11
12
12
7
7
7
7
6
8
7
10
17
15
16
7
8
6
7
12
6
6
9
6
6
6
8
11
6
8
11
6
8
