67
30
31
26
27
19
7
7
13
6
13
6
6
9
11
9
7
11
7
6
6
6
6
35
31
8
7
7
8
7
8
8
8
8
6
8
6
8
8
11
8
8
8
8
8
39
40
36
28
17
26
17
23
26
21
17
16
16
13
13
8
8
8
8
8
8
8
7
6
44
28
26
31
15
17
13
13
13
13
12
12
8
7
7
7
9
8
9
7
11
7
7
7
6
8
6
6
8
9
8
50
46
33
18
18
18
20
18
13
12
13
10
12
13
10
10
10
13
9
9
9
9
9
53
48
46
46
28
24
19
20
17
21
19
14
7
9
8
9
14
14
14
14
14
87
60
60
41
28
26
23
22
22
13
12
11
14
9
8
6
7
19
19
48
33
28
24
18
19
18
15
14
14
9
10
7
7
7
7
7
7
6
7
7
7
24
24
25
24
40
38
38
37
24
22
20
19
19
12
12
12
12
13
6
7
9
10
64
59
37
37
34
24
27
22
15
18
17
17
13
9
7
10
6
7
15
11
10
9
34
36
34
89
49
20
11
11
14
20
16
11
20
14
10
6
8
6
6
8
6
6
10
7
39
39
39
53
51
33
37
27
27
27
27
24
24
18
21
11
10
7
10
11
10
66
58
41
37
37
31
21
29
15
18
15
12
18
10
7
9
10
9
7
7
7
10
45
47
28
20
20
20
21
20
20
20
12
10
8
8
7
6
7
7
15
6
40
40
26
12
12
8
8
7
7
8
8
8
8
7
7
7
7
7
6
6
7
6
6
6
69
47
36
33
17
13
12
13
12
11
11
11
12
11
8
7
7
7
8
11
6
8
6
50
27
30
27
17
18
17
16
16
16
17
16
16
6
6
7
12
8
6
6
6
57
43
27
27
27
28
27
23
22
22
23
22
21
22
21
18
18
21
17
7
10
6
9
45
33
27
27
28
27
26
26
21
24
23
10
9
12
9
9
15
11
7
6
6
6
6
6
32
32
29
14
11
10
9
9
9
9
9
9
9
12
10
8
7
6
6
8
9
38
36
36
36
32
25
25
16
14
16
11
10
10
10
10
8
8
8
6
8
7
7
6
41
38
30
27
19
21
16
15
15
16
18
15
18
18
15
13
15
10
10
9
9
13
9
6
53
46
43
42
38
35
29
24
20
20
20
18
18
18
16
10
9
9
9
9
12
6
10
6
43
35
34
34
40
29
25
28
28
25
25
23
25
23
21
17
15
11
15
14
9
6
8
104
110
56
45
34
35
35
29
30
26
28
25
19
15
15
22
8
9
8
10
8
10
7
10
63
35
30
30
30
30
24
25
12
10
13
13
8
7
8
6
9
9
6
8
112
72
51
52
44
49
40
38
38
38
33
36
29
17
13
11
14
12
11
7
9
7
60
45
43
43
39
35
33
32
26
27
23
14
19
19
10
10
12
13
13
12
9
8
77
71
56
50
42
27
25
21
21
15
17
19
14
6
13
7
8
6
6
10
55
55
55
53
41
39
31
34
36
20
22
24
23
22
20
16
9
9
19
11
15
11
9
7
9
69
60
42
31
34
33
29
29
16
16
24
11
10
9
10
14
14
10
10
14
9
6
9
78
78
54
54
40
38
32
26
29
19
9
10
9
7
7
8
14
9
7
14
6
14
10
98
79
70
70
68
68
61
46
39
42
35
34
34
35
34
28
24
19
8
10
10
7
8
84
75
75
53
49
44
29
25
24
18
14
10
15
7
9
9
7
7
7
9
9
9
78
44
31
30
31
20
16
15
20
20
11
12
9
14
10
13
8
6
8
6
8
8
8
113
86
83
72
63
61
66
40
35
35
35
30
34
20
19
19
17
19
13
9
10
13
8
8
118
91
54
53
46
40
35
39
34
32
33
33
24
26
18
18
16
18
13
7
9
7
7
7
89
92
76
68
65
41
44
29
29
18
19
18
16
12
10
9
9
9
9
9
10
8
8
8
70
65
50
44
40
38
40
31
34
25
23
23
17
15
15
13
9
8
12
8
8
85
55
45
42
40
39
33
31
28
25
28
25
19
19
19
8
8
8
15
13
13
9
101
80
85
61
27
28
31
28
24
23
18
18
21
7
8
7
6
6
6
6
7
12
82
65
69
59
43
39
32
32
38
33
32
29
29
28
32
28
23
12
9
6
6
120
87
83
74
51
48
46
40
33
28
23
30
32
23
16
14
14
7
11
6
7
8
82
76
69
65
62
53
46
48
45
23
19
9
10
9
10
13
9
6
6
7
6
6
130
123
98
70
69
60
64
58
47
47
45
44
32
33
27
24
14
17
14
12
10
11
6
129
71
48
29
26
17
26
19
19
13
13
11
13
14
7
9
7
9
9
9
9
150
78
75
68
64
64
48
37
25
14
21
19
19
8
14
14
14
7
6
6
8
7
7
94
95
85
85
79
70
62
59
53
32
29
28
19
24
21
19
14
15
8
11
12
12
8
8
84
41
46
29
24
24
24
16
13
11
8
8
8
8
8
8
8
6
7
7
6
75
58
52
39
34
25
24
15
19
19
19
18
15
13
13
11
9
11
9
11
8
12
84
77
44
39
28
24
26
24
18
18
18
18
17
16
15
8
7
7
7
7
8
132
68
68
61
59
44
45
29
23
22
20
12
12
13
8
13
10
8
8
8
7
6
7
64
62
55
52
49
44
33
19
26
24
17
13
13
9
8
10
7
6
10
6
8
8
7
8
118
92
77
62
65
46
43
39
33
33
33
33
25
29
22
14
16
11
16
17
6
120
97
46
46
38
38
38
32
30
36
23
20
15
10
12
10
10
10
10
10
9
8
8
8
97
76
64
60
53
46
43
41
25
24
23
15
15
14
13
13
13
9
6
9
9
8
104
69
48
48
37
38
28
27
20
20
20
20
15
15
18
13
10
10
9
10
7
9
9
6
149
115
73
53
53
50
38
42
25
25
23
18
16
11
9
8
8
8
11
9
8
8
8
8
7
58
47
41
35
30
29
29
19
24
16
16
13
15
15
10
9
11
10
9
13
13
8
96
92
89
79
59
61
52
42
40
43
35
33
33
30
24
29
26
19
22
21
18
15
7
154
124
68
68
67
57
53
40
39
34
27
26
27
26
16
15
10
14
10
9
8
8
214
143
89
45
45
40
31
30
25
28
24
17
20
15
12
14
8
7
7
9
9
8
9
7
150
94
76
77
67
50
45
46
48
45
36
37
20
23
20
26
17
14
14
10
8
10
6
6
106
68
67
59
54
53
53
45
39
35
38
35
27
22
24
15
11
15
7
8
7
8
8
9
88
86
68
65
60
58
48
35
32
36
29
29
20
20
16
16
20
13
10
10
10
13
8
6
55
58
53
53
44
47
44
35
37
37
29
32
25
25
25
21
18
13
12
13
13
138
114
59
56
53
42
40
37
28
30
28
23
22
18
18
19
8
6
8
6
6
6
6
88
80
73
55
42
27
28
20
20
24
20
19
23
13
6
6
7
6
6
6
121
96
80
78
78
78
50
44
36
25
30
28
28
16
16
13
12
13
11
13
16
9
103
83
61
50
52
47
45
41
40
42
37
30
23
18
16
21
16
9
9
10
75
60
46
46
42
43
26
21
21
21
16
9
9
13
9
7
7
6
7
9
7
7
139
95
95
51
49
48
43
43
33
33
26
26
15
11
12
11
11
6
8
8
7
142
98
86
83
57
52
52
36
36
36
19
25
23
20
18
17
10
12
10
7
6
10
10
10
149
123
99
88
65
55
41
36
35
21
22
23
18
15
19
20
16
17
15
14
7
7
7
103
69
63
63
58
56
51
50
42
40
30
35
28
27
28
24
20
9
12
7
6
101
56
53
46
30
33
25
26
25
24
18
12
8
9
8
8
11
11
8
8
8
6
6
150
118
103
92
58
51
38
37
30
30
29
29
17
13
13
8
10
8
11
7
7
6
94
92
77
66
45
50
44
49
43
36
36
34
28
28
22
22
20
9
13
8
6
94
80
74
78
71
61
47
43
37
39
27
29
27
23
25
20
21
21
13
12
9
10
8
7
113
98
73
66
70
55
60
45
45
36
31
21
16
16
12
16
10
12
12
6
10
10
184
184
107
84
76
63
51
50
46
42
35
33
31
23
23
28
23
23
21
23
23
18
14
14
112
113
96
86
70
64
55
55
42
39
28
26
28
25
12
17
20
11
9
8
8
8
178
135
95
68
60
47
43
40
38
33
29
30
30
27
27
19
13
10
9
10
10
13
7
155
134
75
69
66
57
52
56
52
50
45
38
36
36
38
35
35
33
29
23
24
26
18
6
12
143
113
112
108
80
70
69
60
59
57
56
43
38
26
20
10
14
10
10
17
9
8
6
8
150
95
64
62
61
61
54
48
43
38
30
39
32
31
29
29
19
22
22
17
17
7
123
109
101
90
89
87
51
53
47
36
37
44
27
27
33
21
19
18
6
6
15
10
7
111
93
88
85
72
71
58
51
52
50
38
25
25
26
25
17
13
9
19
14
12
9
7
163
161
152
111
79
77
71
63
37
37
30
34
18
14
11
7
14
9
13
6
7
7
6
104
95
94
68
67
66
63
55
39
39
21
24
23
33
19
17
12
11
10
9
11
8
11
159
144
100
93
100
83
86
81
60
53
53
38
28
19
22
24
17
13
16
14
10
10
10
7
174
115
105
92
89
77
61
52
49
27
29
19
15
15
18
8
8
7
14
6
6
142
136
93
84
84
75
63
63
49
49
34
27
34
24
13
17
8
8
121
98
93
86
84
80
68
69
42
53
34
32
34
20
25
16
10
10
8
9
7
8
210
193
100
94
80
73
67
43
22
30
18
27
17
17
16
16
18
18
16
7
9
12
7
6
98
78
65
62
44
42
49
41
38
28
32
32
31
23
20
21
23
22
12
7
11
7
9
7
151
128
46
36
26
26
25
24
17
17
24
24
14
13
12
14
8
10
10
11
9
10
106
105
103
54
48
30
26
22
22
19
19
17
17
15
14
13
13
8
14
10
7
6
6
132
120
88
61
57
56
50
48
38
35
35
38
35
34
21
23
23
22
23
18
20
12
8
7
7
7
7
6
7
136
110
75
44
43
39
32
27
27
23
26
19
25
14
13
10
16
9
11
13
9
9
9
123
118
104
60
44
19
17
19
20
18
13
8
6
6
6
7
17
16
17
16
17
137
120
50
42
49
37
27
26
23
20
12
10
8
10
10
21
198
186
147
146
101
86
47
52
46
46
41
40
36
29
27
18
18
18
14
13
15
10
26
26
166
121
118
106
97
87
75
78
78
72
64
48
22
19
15
19
19
9
9
7
31
31
31
184
155
67
54
53
45
36
27
23
20
20
14
8
8
9
14
8
12
9
8
36
34
85
74
72
62
62
59
57
53
53
45
40
38
30
30
34
30
19
14
19
17
7
7
6
41
133
103
96
88
63
54
49
37
35
33
25
21
22
20
18
12
7
6
11
10
6
6
10
44
44
211
145
112
95
59
50
50
49
42
42
40
35
35
35
11
17
17
17
9
11
11
143
86
77
77
70
45
48
28
28
34
34
30
29
31
22
16
8
6
8
6
14
16
182
135
105
81
64
53
49
37
26
27
19
19
8
9
7
7
9
6
9
7
186
117
96
94
45
38
32
29
15
20
17
12
10
12
12
12
10
8
9
8
8
6
68
113
60
63
51
50
43
45
31
21
29
20
15
15
15
7
7
13
7
12
6
6
6
6
90
77
78
67
49
37
41
30
25
21
22
14
12
8
7
8
11
7
6
6
6
6
7
76
77
81
78
72
72
72
66
52
38
27
27
25
16
13
16
13
12
6
12
6
73
64
47
44
41
35
44
30
32
32
22
29
25
18
21
17
12
10
11
10
8
7
10
10
57
41
35
32
32
23
26
22
21
16
22
16
16
8
8
15
8
11
12
8
8
89
91
114
85
88
40
39
39
28
27
31
22
26
21
20
20
21
20
8
8
8
9
130
122
58
51
45
40
43
37
26
31
30
26
26
25
26
18
20
25
25
10
18
10
13
6
127
112
84
61
56
42
42
39
23
30
26
23
23
22
11
11
7
6
8
8
6
6
11
112
100
71
60
57
54
51
55
46
40
36
35
36
28
35
32
32
16
16
28
16
12
13
11
6
119
105
79
52
45
45
41
44
47
41
41
33
21
28
21
21
17
14
20
17
9
8
6
112
81
57
52
51
49
46
25
21
26
12
12
18
18
15
14
13
8
6
10
8
11
8
114
90
76
62
57
51
51
35
31
39
38
27
30
27
27
21
21
15
16
9
9
13
8
6
66
55
38
45
32
25
23
26
14
13
10
12
10
13
7
6
6
7
7
8
7
7
60
60
60
56
48
37
31
19
19
25
13
18
19
11
11
6
6
6
6
6
6
8
6
113
90
85
66
61
53
38
36
30
25
24
23
16
15
15
18
17
17
11
13
7
14
11
6
78
70
54
61
57
41
24
26
23
22
22
22
14
12
12
12
16
6
7
11
6
6
6
156
82
53
42
44
46
40
32
34
33
34
25
27
26
27
26
16
9
9
9
9
9
86
85
85
81
73
61
56
57
49
51
43
45
39
39
39
37
32
24
24
16
20
20
14
127
86
52
48
44
41
35
34
31
21
25
19
17
15
14
7
10
8
8
9
9
11
6
102
57
60
59
49
46
32
32
28
27
27
24
24
24
16
10
14
10
10
10
9
8
72
71
62
60
54
48
48
41
41
35
31
31
32
31
26
28
21
17
18
15
8
15
112
106
102
101
97
56
42
42
41
36
20
20
11
13
20
11
7
6
11
10
6
63
51
54
49
42
39
31
28
18
16
16
11
15
10
15
10
9
9
8
9
6
9
121
75
62
52
57
43
41
39
33
33
29
23
21
15
21
15
14
14
6
6
88
75
74
70
74
51
55
35
34
28
28
22
26
20
15
14
19
15
15
11
7
14
8
121
89
79
57
59
55
43
43
38
31
22
19
12
14
13
9
9
8
10
7
112
104
96
92
54
52
49
50
44
45
36
35
35
30
30
29
29
19
21
19
18
19
15
12
151
137
123
50
40
40
40
29
11
13
20
6
9
9
6
7
7
10
11
7
6
6
6
94
85
71
48
55
36
34
28
29
32
12
11
9
9
7
6
6
6
6
6
160
148
141
65
64
55
43
38
34
29
23
21
29
23
17
19
19
19
19
16
9
7
7
150
82
77
60
60
58
58
64
56
45
44
41
32
32
21
26
19
16
16
12
16
6
83
70
73
74
70
70
66
44
43
43
42
44
37
35
24
23
19
21
13
9
6
6
9
91
74
60
54
56
38
36
38
31
33
34
31
26
25
24
17
18
26
8
16
14
8
8
7
8
167
100
96
95
59
41
43
37
36
41
36
34
36
23
30
29
13
13
13
13
8
7
6
13
123
88
75
66
68
58
48
41
36
41
38
34
28
30
18
16
12
18
10
18
16
10
7
125
109
73
68
53
52
47
41
41
23
25
23
12
15
22
8
11
7
8
8
11
9
7
7
126
74
60
52
51
48
49
38
40
28
32
28
29
17
28
27
13
12
13
7
10
12
6
84
79
57
51
45
43
33
39
34
34
27
26
23
33
32
18
14
11
11
11
11
10
9
9
10
143
107
77
78
84
74
70
56
48
23
23
20
19
22
16
11
16
6
7
7
7
7
7
7
7
109
71
44
44
45
36
36
28
16
19
15
27
10
11
14
6
13
12
11
12
7
166
128
72
58
58
49
51
34
30
21
32
24
32
11
17
18
11
7
10
9
10
9
8
7
10
110
83
76
63
38
38
38
32
24
34
37
24
17
20
10
9
8
7
14
14
13
109
110
84
72
61
43
43
6
7
7
13
17
18
77
57
58
62
45
44
48
6
6
11
8
9
7
8
11
9
8
7
39
32
32
25
24
24
23
104
92
69
68
53
50
9
9
9
14
14
14
16
9
8
7
31
37
37
31
23
22
28
29
24
29
58
16
14
19
18
19
11
11
14
10
6
49
45
27
71
63
26
9
9
16
19
15
9
9
8
6
6
6
6
7
6
8
45
68
29
27
31
17
15
13
22
14
21
10
10
10
10
12
9
9
10
6
8
8
6
36
19
18
29
26
10
10
8
10
13
8
10
8
10
13
13
11
10
10
7
6
42
97
30
19
19
20
13
13
15
16
15
16
11
7
7
13
8
7
8
13
12
197
32
29
24
24
24
25
26
20
21
20
20
20
20
23
18
9
8
12
9
9
18
6
6
61
52
129
86
45
34
30
30
17
23
18
20
6
10
13
8
7
6
6
8
8
8
6
33
35
22
22
13
13
11
9
9
9
9
9
8
10
9
7
9
9
9
7
44
39
39
24
28
33
24
15
16
20
21
15
18
15
18
14
9
14
10
14
8
8
43
44
21
20
20
19
18
19
17
17
14
17
8
13
13
8
13
8
8
13
9
10
13
61
39
28
11
18
19
10
18
10
17
10
10
10
9
7
9
9
8
9
6
69
33
31
24
16
19
24
10
11
10
12
10
9
9
9
9
7
8
8
8
8
89
56
44
53
38
38
34
20
29
26
14
14
15
15
14
16
7
7
7
13
6
10
39
39
25
25
33
19
25
18
10
7
10
18
18
10
16
8
7
10
10
18
11
6
42
24
14
20
9
10
9
9
9
9
9
8
10
7
9
9
7
7
7
7
7
7
7
7
56
29
29
25
22
14
15
13
12
15
8
12
12
8
8
8
8
7
7
7
12
6
6
64
40
35
40
34
17
16
6
10
10
10
8
8
8
8
10
8
11
8
10
10
8
6
10
36
24
24
24
24
25
24
22
22
22
22
21
22
13
15
16
8
6
7
9
9
9
9
6
29
30
27
25
15
22
18
22
8
14
13
14
9
12
9
8
8
7
8
8
8
8
7
8
48
35
32
20
23
21
19
19
18
17
13
9
9
9
12
7
7
7
7
10
7
6
70
47
37
35
32
23
24
22
23
24
21
18
18
14
17
18
9
6
9
9
8
6
54
41
33
30
29
20
17
17
19
10
11
7
7
6
11
6
7
7
11
7
10
50
40
29
28
10
22
10
19
19
10
10
10
7
10
9
9
8
10
10
9
10
9
9
6
10
27
22
21
10
12
10
10
8
8
10
10
10
10
8
10
8
6
6
8
6
6
8
8
6
60
44
32
29
25
15
19
17
15
15
13
7
11
11
11
12
12
10
7
63
47
32
23
20
20
20
18
18
18
18
18
20
18
20
6
6
6
6
18
9
18
18
6
42
25
25
23
23
23
23
23
23
23
23
23
21
21
20
11
11
9
8
6
9
9
9
42
28
30
22
10
14
10
11
10
10
10
14
11
8
9
7
9
10
7
9
9
9
7
6
9
61
35
35
16
21
15
15
15
19
15
10
9
10
10
10
10
10
10
10
15
7
7
45
36
20
24
26
15
14
13
13
9
8
9
10
9
9
8
12
7
9
6
8
10
7
62
55
50
37
20
18
24
12
10
8
14
14
11
14
7
6
6
7
6
46
30
33
34
29
14
18
13
18
8
10
8
10
10
6
6
10
8
7
7
8
8
8
6
11
55
47
35
30
30
22
18
23
25
24
13
10
11
10
9
9
9
9
7
10
10
9
6
6
7
6
10
6
7
6
6
6
6
6
6
10
6
6
6
7
10
6
6
10
9
10
9
9
8
7
7
9
12
7
6
10
10
8
6
9
7
10
10
7
10
7
10
10
10
10
10
6
10
10
10
10
10
11
10
10
12
11
10
15
6
6
6
6
8
8
10
6
6
8
9
6
6
6
8
20
6
10
6
10
10
10
10
10
10
10
10
9
10
10
8
6
10
10
10
6
6
10
10
6
6
6
7
9
10
10
8
10
7
6
6
8
8
7
10
10
9
9
10
10
10
10
10
9
7
7
9
7
9
9
9
7
7
7
7
7
16
16
12
6
6
12
14
7
7
7
12
12
7
7
14
7
6
12
6
8
10
6
7
6
6
7
9
6
9
7
10
10
6
6
6
10
7
10
7
6
6
6
6
7
6
10
10
10
10
11
10
10
10
9
7
10
9
7
7
7
7
7
7
8
7
7
8
9
6
6
6
6
10
6
9
7
7
10
10
8
6
10
10
10
10
7
10
7
8
7
7
8
7
9
7
7
9
8
8
7
7
7
10
9
12
13
9
8
9
9
9
9
9
9
7
9
9
9
6
9
9
7
10
10
14
14
10
10
7
10
9
9
10
10
10
7
10
7
9
7
7
7
7
7
6
6
19
19
18
18
19
19
15
17
15
14
12
14
14
12
12
9
12
12
9
10
7
12
9
27
27
24
22
24
17
20
19
19
17
17
14
10
13
6
9
6
9
6
8
6
6
6
6
29
34
27
29
24
25
19
19
20
18
22
15
22
10
13
13
8
6
13
10
10
8
8
37
34
27
30
29
21
22
27
20
19
16
15
10
16
11
10
18
16
9
6
6
6
39
39
34
32
29
32
24
14
14
8
6
6
7
11
7
6
8
8
9
8
8
8
6
40
10
10
10
10
10
10
10
10
10
10
10
8
7
6
10
10
10
10
10
10
8
10
45
33
25
23
15
16
12
12
15
11
10
13
9
8
8
8
8
10
15
11
7
8
8
8
20
20
20
15
13
10
10
13
9
8
10
8
10
10
10
6
10
10
10
25
25
25
20
15
13
15
13
15
6
10
6
18
13
15
10
6
6
8
9
8
8
8
8
8
9
8
8
8
9
8
8
8
10
9
8
8
6
8
7
9
13
14
13
14
13
10
10
10
10
7
9
7
7
7
7
7
7
7
7
7
8
10
15
12
12
10
10
10
10
10
9
9
9
8
7
10
10
9
7
7
6
7
7
15
14
13
9
8
8
6
10
9
7
6
6
7
9
9
9
6
7
10
6
10
10
10
10
10
14
10
8
9
9
9
9
9
8
8
8
8
8
9
9
8
9
8
17
18
15
9
10
10
6
10
13
14
10
7
7
7
6
6
6
6
14
8
7
8
8
8
8
8
7
9
8
10
7
8
9
6
6
6
7
10
8
8
9
8
9
9
8
8
9
8
8
8
9
6
6
7
6
6
7
7
7
7
6
10
10
10
10
9
7
10
10
7
7
10
10
9
7
10
7
7
7
9
6
7
7
12
15
12
8
10
7
9
6
8
7
8
8
7
7
6
7
9
8
8
8
7
8
7
7
9
7
7
7
6
7
6
7
6
7
6
7
7
6
7
7
6
13
12
13
13
12
8
6
7
6
12
9
8
12
6
12
6
8
6
11
17
9
9
10
9
10
9
10
9
10
9
9
10
10
8
8
9
9
9
6
7
6
6
14
15
15
15
15
9
9
8
9
6
6
6
6
9
6
9
6
9
11
9
9
6
9
6
20
19
19
12
9
10
10
7
7
6
6
6
6
8
7
8
6
6
6
6
8
6
6
25
24
25
24
21
19
12
14
11
11
11
7
10
10
8
8
8
7
7
7
7
7
6
6
6
16
16
13
15
15
13
15
13
12
12
12
12
11
11
10
10
8
7
10
8
7
7
42
34
29
26
31
25
21
21
19
18
18
17
12
12
12
13
9
7
8
8
8
6
7
40
40
27
25
23
22
20
17
17
17
18
18
17
21
17
12
9
9
9
6
6
25
19
15
16
18
9
9
12
9
12
10
9
9
10
8
6
6
6
8
6
6
9
6
41
47
35
27
19
19
19
16
14
11
11
11
10
10
10
7
9
9
7
6
6
9
54
45
40
32
36
29
28
25
25
25
19
22
19
20
18
16
18
10
9
10
9
11
7
6
43
24
27
26
22
21
21
20
24
15
12
16
10
11
7
10
6
6
39
34
34
22
17
15
8
15
9
9
14
10
8
8
9
8
15
6
7
7
7
6
52
40
44
39
33
32
31
33
25
23
29
26
28
16
16
13
15
6
10
9
10
71
48
43
39
39
37
28
31
31
30
30
27
24
17
8
8
8
13
7
7
6
7
7
6
7
71
54
49
49
45
43
41
35
28
18
18
16
20
20
11
9
9
9
10
11
6
10
11
67
49
51
40
31
35
23
26
18
21
15
14
16
14
14
14
10
8
6
6
11
10
55
42
45
33
28
28
19
22
22
8
6
13
8
7
6
13
6
6
10
8
12
8
6
63
59
33
31
35
28
27
24
24
19
13
12
16
9
7
11
9
6
9
6
38
42
27
32
29
22
20
16
16
6
6
6
8
6
6
6
11
10
10
8
8
11
74
71
69
48
47
35
21
30
21
10
13
9
10
15
15
11
8
8
8
8
74
73
65
18
23
16
18
18
10
8
7
9
6
7
10
8
7
10
10
8
6
7
10
33
8
8
8
8
8
8
10
8
10
8
8
7
8
8
8
8
8
8
8
8
7
51
18
6
7
10
10
8
13
8
7
8
7
6
12
6
6
6
9
6
9
18
10
10
10
7
8
6
6
7
8
7
8
7
9
7
6
6
6
9
8
9
7
15
8
10
10
10
10
14
10
8
11
8
12
10
10
10
8
9
9
7
8
10
10
10
10
10
10
10
10
10
9
7
9
7
7
10
9
7
7
7
7
6
6
7
6
7
6
15
15
14
12
15
12
7
12
9
9
9
6
7
7
6
6
9
6
6
9
10
20
19
17
11
7
7
7
6
11
7
8
9
8
10
8
7
7
7
7
7
19
20
22
9
9
9
9
13
15
8
6
7
7
6
7
6
9
9
24
23
21
17
14
14
20
18
12
14
12
10
9
9
14
13
7
9
7
7
9
9
9
27
17
14
7
12
7
14
12
14
10
10
14
10
8
10
10
8
6
7
15
17
13
9
9
9
9
9
7
7
9
7
7
7
7
9
12
9
6
6
6
33
27
27
26
25
24
21
14
14
14
14
12
14
6
9
6
7
7
6
7
10
10
6
6
6
34
34
31
29
29
19
22
10
9
10
9
14
11
15
10
9
9
9
9
9
9
35
30
22
14
17
17
14
10
10
10
14
10
10
6
7
9
8
6
9
7
10
9
6
51
40
42
32
38
27
29
20
27
24
17
15
15
19
15
15
15
12
8
6
6
15
49
48
38
32
25
22
24
24
9
17
18
8
8
9
8
9
6
9
8
6
6
8
8
8
52
42
31
29
26
19
13
11
10
14
13
11
10
7
6
10
7
10
7
8
9
8
7
7
7
59
47
34
31
34
30
23
21
29
20
15
18
16
15
9
15
13
14
13
6
7
7
7
60
57
49
35
27
25
23
20
18
15
15
12
6
11
8
6
6
8
11
9
7
7
9
38
39
37
25
28
28
22
19
17
21
17
12
16
13
10
7
6
8
10
7
11
10
8
7
59
45
45
45
45
35
33
33
24
22
17
16
17
18
8
14
11
10
7
7
11
7
41
35
10
9
10
9
9
9
10
10
10
8
9
7
9
8
8
8
8
9
6
8
47
34
27
17
24
15
14
15
14
14
14
13
10
13
12
10
13
12
10
13
8
7
8
7
40
31
32
22
30
22
20
20
20
19
19
19
20
18
18
8
10
7
10
8
10
6
6
6
53
32
27
24
24
23
23
22
23
13
12
13
13
18
13
9
10
7
9
7
7
7
9
11
8
74
61
42
40
38
29
30
17
18
21
24
10
9
16
13
10
10
9
9
9
8
8
79
61
49
48
35
33
33
23
25
29
19
21
18
19
13
8
8
9
8
9
9
13
42
40
28
33
31
21
24
24
23
19
13
19
16
8
6
6
8
9
7
10
10
8
7
56
45
43
43
35
39
31
29
18
23
24
11
11
14
10
9
13
13
13
7
7
7
7
8
8
50
52
52
36
30
24
23
18
16
23
19
17
12
12
12
13
12
14
11
13
13
7
8
9
72
55
42
28
24
17
17
17
17
17
16
17
8
8
7
7
7
8
9
9
13
10
7
76
36
34
29
29
27
21
21
15
13
12
14
7
9
9
8
8
9
8
8
8
8
8
6
105
64
62
38
39
41
39
34
34
27
28
28
18
23
17
21
8
14
12
8
6
6
6
7
36
32
32
23
22
25
13
16
19
18
17
13
13
9
11
11
9
9
8
9
9
11
9
9
65
37
31
10
16
14
7
8
7
7
10
10
8
7
6
6
7
6
6
7
6
6
10
100
67
53
53
36
33
28
21
11
11
11
10
10
10
10
10
9
10
10
6
46
37
32
24
26
24
24
19
17
16
15
15
15
15
15
10
9
9
8
8
14
6
8
8
90
38
37
29
21
20
20
13
13
14
13
10
13
10
10
10
9
10
8
7
7
93
44
34
34
30
27
30
26
25
25
24
18
20
15
13
13
18
12
10
12
8
76
53
59
35
30
29
29
30
26
25
25
25
20
23
10
13
12
14
9
8
6
8
6
75
36
40
35
30
28
24
26
21
15
14
16
13
16
8
8
8
10
8
8
9
11
11
9
10
73
51
51
42
39
35
35
35
38
31
30
33
33
27
23
21
23
23
23
21
20
13
10
9
6
114
102
94
58
50
45
44
40
31
30
28
18
20
23
15
23
15
10
10
7
6
10
6
87
68
53
50
46
47
43
41
31
17
17
15
17
13
15
10
9
9
10
10
6
6
7
10
70
65
55
53
44
43
46
39
33
30
22
22
20
23
20
17
9
14
10
14
9
9
83
69
60
60
55
41
35
22
24
22
25
27
14
10
10
10
10
7
7
8
8
9
15
15
21
14
11
9
9
9
12
13
7
8
7
8
7
8
7
7
9
9
7
9
92
70
60
60
48
45
40
37
37
29
28
17
16
14
14
16
15
17
13
12
14
10
6
74
47
36
43
25
28
21
19
19
12
15
15
17
9
9
7
7
7
6
10
7
75
66
53
36
28
28
20
20
20
23
20
10
10
14
15
10
10
10
10
10
10
10
7
63
60
39
32
29
29
33
32
22
17
21
15
15
10
8
9
9
8
14
8
8
6
85
74
48
50
36
34
26
22
22
20
13
15
13
14
14
14
6
9
7
7
6
84
58
35
27
27
27
19
19
19
18
18
18
18
6
12
12
12
7
7
12
10
9
101
42
30
27
23
23
10
17
8
9
8
9
8
15
13
21
18
7
6
6
6
51
47
26
14
14
13
11
10
10
10
10
10
10
9
10
11
9
7
8
9
8
7
9
60
42
18
16
14
18
15
16
18
15
15
6
10
13
6
6
12
6
13
10
7
13
96
62
38
39
36
20
19
20
11
17
9
11
9
11
7
9
9
10
7
7
7
7
60
48
23
23
24
24
23
14
12
12
12
12
9
9
12
9
9
9
7
8
6
6
6
30
30
25
19
17
17
19
19
14
14
17
14
9
10
6
8
10
11
11
9
7
36
35
33
22
26
22
22
22
22
19
22
19
19
19
15
15
10
15
7
7
6
8
6
102
43
44
40
37
27
24
24
23
20
14
9
13
9
9
9
9
10
9
9
9
6
7
6
7
36
32
26
32
29
26
25
20
24
20
22
14
16
14
14
18
14
12
7
11
13
11
11
50
41
39
37
37
30
19
19
24
19
21
23
19
9
7
10
7
16
16
6
6
74
30
35
11
21
8
8
8
8
8
7
6
6
6
8
6
6
6
6
6
6
49
29
29
29
19
26
13
11
9
10
9
10
10
9
9
9
9
7
7
7
6
7
63
52
37
36
28
31
28
14
14
14
10
10
10
10
10
9
7
7
7
9
7
8
6
89
57
47
39
39
28
24
23
25
26
21
24
19
18
15
17
13
14
14
12
12
14
10
44
26
26
26
23
19
18
17
17
15
13
13
10
10
10
7
6
7
6
6
7
6
77
69
59
39
46
31
30
31
25
25
27
27
22
22
22
18
22
15
19
19
10
10
11
11
33
30
30
28
27
20
22
23
20
15
15
9
9
10
8
13
9
13
13
9
9
6
8
71
43
43
35
34
29
32
22
15
15
14
9
7
6
7
7
7
6
6
6
6
6
6
84
75
55
58
37
37
37
37
26
25
25
24
23
18
18
23
24
12
7
11
11
74
52
48
50
49
45
42
42
32
25
21
19
19
23
12
9
10
12
10
16
58
58
50
49
47
37
36
35
33
28
33
29
24
22
28
26
26
21
21
9
9
6
6
9
110
93
66
57
55
51
34
27
29
27
29
26
26
14
6
6
6
14
14
102
81
76
68
63
60
57
57
52
45
45
39
38
32
25
11
15
16
11
9
9
9
8
71
65
48
36
29
36
16
24
16
9
15
9
6
6
7
7
6
6
6
9
112
62
55
55
53
46
42
46
21
25
29
19
19
19
20
12
11
11
11
9
6
9
9
79
75
74
74
69
61
60
46
30
30
27
24
23
18
12
12
8
9
8
8
8
6
7
81
79
68
64
58
44
31
29
29
24
29
21
21
19
21
19
13
13
11
11
8
11
8
11
89
82
77
63
37
40
36
29
27
26
26
24
22
21
18
24
17
16
16
18
16
9
8
7
9
90
68
61
49
45
35
39
31
24
22
9
13
9
12
9
7
6
7
7
7
6
6
7
120
36
29
34
27
17
19
18
12
10
12
12
8
6
6
9
9
8
6
6
6
6
85
64
64
62
56
45
44
41
39
39
33
25
23
23
22
17
17
17
13
13
11
11
8
8
90
84
77
60
46
41
26
29
24
20
20
19
18
17
11
7
7
9
6
6
6
7
125
106
104
51
41
42
31
33
27
27
25
26
26
20
18
18
20
7
10
6
9
112
93
93
64
56
56
56
40
48
41
32
28
26
28
28
28
23
23
20
12
12
10
7
131
119
116
99
70
54
49
43
42
39
37
36
37
33
24
28
17
13
7
7
6
13
9
11
96
75
69
69
61
61
50
37
39
35
26
24
20
10
7
7
8
7
8
8
7
7
108
94
79
71
62
59
50
47
45
44
42
42
42
38
35
35
32
12
12
12
13
7
7
10
102
52
36
39
26
30
21
29
30
16
13
12
13
13
9
9
9
9
9
7
8
8
8
151
95
88
84
65
57
48
41
35
24
20
17
17
21
14
15
15
10
10
12
6
6
6
70
76
56
58
53
53
42
45
40
40
40
27
20
23
19
19
19
19
20
15
15
8
9
86
69
74
59
59
58
54
38
32
32
27
25
25
24
16
14
13
12
11
12
8
9
9
70
69
65
49
37
37
36
33
35
35
35
27
19
19
17
12
7
7
7
9
9
9
8
9
7
64
53
38
35
35
34
30
30
26
32
30
24
23
23
23
23
19
22
18
14
11
6
7
7
106
60
56
46
47
45
40
39
40
29
24
24
28
15
15
8
14
10
10
8
8
8
8
8
112
90
75
71
59
47
47
47
34
34
36
34
32
29
32
29
21
16
13
16
10
159
99
97
74
70
59
52
52
49
49
48
45
45
41
34
37
27
21
21
21
18
23
10
14
104
98
82
62
57
58
54
46
52
44
30
31
33
23
25
20
14
17
12
8
104
104
99
77
67
67
67
62
66
52
51
51
46
39
36
37
30
34
19
11
11
6
134
123
106
64
63
63
40
43
40
43
36
24
27
22
30
21
8
9
11
18
6
6
106
102
76
70
69
67
58
57
24
13
14
14
13
13
8
9
8
8
8
6
6
6
7
6
121
83
67
64
56
59
54
45
13
13
15
13
13
7
8
7
6
6
191
128
116
90
86
87
36
38
31
23
21
18
18
10
10
13
12
9
9
10
9
10
6
6
159
84
76
63
49
47
44
41
28
29
23
23
23
15
15
14
7
9
9
11
10
9
9
123
90
85
74
72
65
59
35
28
29
22
22
20
18
18
16
7
10
7
94
83
84
79
66
58
49
34
31
27
24
24
25
19
17
20
16
10
6
12
6
6
130
113
118
104
87
54
43
48
41
53
38
39
33
29
30
26
22
21
17
13
17
15
10
10
127
112
100
103
94
84
69
61
43
43
35
34
34
26
20
10
8
16
10
8
8
8
8
130
137
123
94
76
51
40
43
39
39
34
34
31
25
22
27
21
15
21
11
9
9
9
110
85
83
53
46
44
45
30
30
16
14
14
16
12
11
11
12
11
9
7
9
9
6
109
107
67
58
55
53
50
31
41
24
23
21
14
15
14
14
13
10
10
8
10
8
100
99
81
54
49
36
40
40
36
36
35
35
36
28
26
26
21
19
17
19
16
7
207
73
68
68
56
45
31
33
33
29
31
27
26
26
23
24
17
13
21
20
20
7
7
9
6
135
134
124
94
89
89
89
76
68
45
41
38
29
31
31
29
29
24
15
12
8
7
8
140
81
83
76
66
63
50
41
41
43
39
36
34
34
30
29
17
17
6
9
13
12
6
105
86
67
60
66
48
39
38
29
29
30
24
23
24
24
22
22
12
9
10
10
7
121
122
79
79
74
74
67
37
38
34
41
27
23
19
22
23
14
13
14
13
6
7
211
129
93
93
70
50
47
47
49
39
35
28
24
22
19
21
19
18
20
7
155
139
98
89
90
85
81
65
56
57
54
44
26
35
25
25
17
12
6
8
6
7
6
6
141
91
65
56
49
38
35
38
32
27
28
16
17
17
27
22
17
12
11
11
8
7
9
10
103
100
99
81
85
74
73
76
71
66
47
47
51
43
33
34
33
19
19
17
17
17
8
14
71
69
66
67
55
47
41
38
24
22
21
17
12
12
18
8
8
6
7
8
7
109
104
76
70
37
27
27
31
18
24
23
10
12
12
12
11
10
10
10
10
9
10
10
116
115
111
102
86
79
79
79
63
54
41
41
37
40
36
32
32
23
17
17
15
9
8
95
85
53
55
53
46
52
42
47
37
32
23
23
22
21
20
15
19
20
15
7
12
13
14
14
184
130
123
120
106
87
68
58
58
59
46
42
22
22
21
23
25
18
15
7
7
10
6
6
9
124
115
107
104
103
99
92
84
77
73
62
52
58
38
36
33
22
23
21
21
21
19
9
204
108
101
97
88
71
71
63
52
35
32
29
24
8
13
10
9
13
8
8
8
7
7
237
238
120
101
93
87
59
56
37
37
32
32
29
19
18
18
16
13
9
13
12
8
118
114
93
65
62
52
53
47
48
31
27
23
14
18
8
6
6
7
8
7
149
116
102
99
78
71
69
64
55
47
42
44
44
30
29
32
23
28
23
26
19
15
7
305
238
208
130
108
101
68
68
52
55
34
35
33
20
12
12
14
12
10
10
7
7
188
110
109
92
63
58
60
60
52
50
42
42
36
33
25
7
10
7
6
6
6
237
156
150
129
123
112
92
79
65
56
40
38
30
29
25
25
27
20
15
7
11
6
11
106
86
39
38
31
32
22
25
16
13
10
10
10
11
10
8
6
6
8
6
8
6
6
107
91
78
73
75
75
64
39
44
32
30
24
24
18
18
15
15
12
12
7
7
7
96
82
55
54
37
42
37
23
20
19
20
20
19
15
18
10
12
12
6
9
6
10
10
143
139
143
104
99
73
72
66
42
37
37
36
24
25
21
20
17
17
17
6
14
15
107
108
92
90
72
71
65
55
55
51
42
40
37
33
36
29
29
20
7
8
141
75
71
57
56
42
42
38
41
35
35
35
32
27
27
16
9
7
7
7
7
10
9
8
77
73
69
69
63
39
33
32
21
18
26
16
12
12
9
8
9
9
9
9
172
95
87
85
92
92
78
69
70
52
48
51
41
41
38
23
21
19
22
14
16
9
174
153
144
127
117
88
88
86
80
65
46
46
43
42
42
40
40
24
21
14
8
8
8
117
102
61
55
48
46
45
27
27
29
21
20
26
19
13
19
7
7
7
8
7
10
9
122
102
98
93
77
63
62
66
55
34
34
29
21
20
21
21
18
21
24
12
12
141
90
88
74
67
63
63
57
57
57
51
54
43
29
26
28
17
19
17
17
10
10
10
7
122
87
92
87
82
76
73
70
66
60
59
44
46
29
20
19
7
9
8
9
9
8
189
136
108
78
81
78
75
63
54
47
39
44
40
39
27
20
17
23
22
14
13
7
171
103
87
81
79
72
73
57
44
51
32
28
10
13
6
7
6
6
6
6
6
6
127
106
59
48
45
45
49
47
43
30
35
28
7
7
10
10
10
9
10
6
6
152
98
90
82
80
80
67
59
59
59
32
20
20
24
20
31
19
18
16
15
12
12
10
188
155
146
133
98
91
66
32
33
29
36
17
17
17
11
16
7
10
10
10
6
6
6
98
72
64
64
61
51
52
42
30
30
27
26
29
22
22
26
16
21
14
15
16
11
6
175
143
105
97
82
69
57
55
50
55
53
39
35
33
33
27
21
26
16
12
11
16
7
177
102
74
51
36
39
39
39
31
31
25
22
25
16
14
10
13
13
9
6
12
13
6
6
6
122
114
112
103
89
73
45
44
41
38
32
31
30
22
20
18
12
10
9
8
6
10
152
142
123
81
83
83
72
53
46
46
49
42
38
39
37
32
28
24
24
31
24
17
6
185
166
122
120
121
117
99
86
77
77
70
54
45
43
36
36
28
21
22
15
15
20
13
9
118
104
107
99
99
72
59
56
51
50
44
44
43
45
27
33
18
18
7
7
14
15
12
143
135
87
64
62
61
59
56
56
50
51
50
39
31
35
25
25
25
25
9
6
6
8
140
129
129
85
70
74
73
67
62
44
48
42
41
42
14
9
13
9
12
9
6
8
6
9
119
79
60
56
56
45
40
36
31
15
14
18
10
10
13
10
13
8
9
7
10
7
9
6
293
146
134
96
97
76
74
71
63
46
40
27
32
15
16
14
12
11
7
10
161
155
103
76
75
69
70
66
32
41
27
24
20
17
20
17
8
7
8
8
10
7
9
286
199
113
82
75
64
54
48
29
29
33
25
26
22
25
19
15
15
9
9
7
6
7
8
158
134
86
87
85
82
69
61
52
39
34
27
25
25
18
18
17
17
13
12
7
12
180
161
141
99
94
47
56
43
35
32
22
22
22
20
18
18
21
21
19
10
10
10
10
10
217
175
130
86
52
56
53
49
37
35
31
29
19
19
9
15
13
9
15
9
6
6
9
114
98
53
45
45
45
42
42
40
41
35
32
33
33
29
28
29
27
11
11
7
481
188
154
85
69
54
54
42
41
41
40
45
38
37
33
34
23
13
7
10
11
10
105
104
80
74
63
52
50
51
43
41
39
41
38
34
37
34
34
27
24
19
17
8
8
8
143
112
106
69
66
65
65
61
57
48
48
48
47
35
35
35
32
33
29
18
18
22
13
12
13
169
143
114
93
95
95
80
70
65
61
38
38
27
34
25
18
7
10
11
7
13
7
14
118
117
74
71
60
48
46
43
39
37
30
30
31
23
15
19
12
9
9
9
9
6
181
157
124
116
106
98
75
76
74
72
74
58
55
57
50
32
36
33
20
13
12
11
12
162
131
101
75
68
64
64
62
58
42
40
31
25
19
8
9
7
8
8
8
8
6
178
149
142
131
100
97
77
69
60
60
49
51
45
34
30
13
14
9
7
8
10
9
221
154
102
94
91
85
86
73
73
66
52
52
53
54
56
54
50
49
51
43
38
23
15
201
142
114
97
96
83
78
74
59
55
55
53
48
44
48
40
40
37
26
23
23
14
11
139
139
125
104
92
83
84
78
75
62
62
61
53
42
33
39
27
24
16
10
7
7
15
10
7
169
130
105
104
88
89
80
67
40
41
29
26
28
28
30
12
21
16
16
7
6
208
140
113
107
79
79
71
70
60
63
65
52
47
49
39
38
25
26
21
16
7
371
198
160
90
88
68
71
66
57
51
51
52
54
42
24
28
9
21
9
14
10
208
159
121
89
73
61
53
48
48
39
43
46
31
33
21
17
26
13
8
8
165
151
133
125
124
120
67
61
52
47
50
40
41
30
23
22
19
15
8
13
17
6
7
265
225
206
186
142
135
92
75
78
72
58
57
50
55
28
34
19
23
10
6
10
10
8
10
8
191
153
144
139
133
130
127
114
88
88
80
64
58
56
61
51
41
32
13
17
10
10
6
197
119
122
109
93
82
68
69
59
47
50
38
34
23
29
23
16
21
22
15
10
10
6
15
10
179
176
145
140
107
106
95
74
74
73
70
42
33
33
31
39
25
27
25
9
9
9
16
142
145
134
120
119
112
86
78
48
33
30
15
15
13
25
12
11
10
10
7
7
156
154
128
124
109
108
91
40
37
37
37
33
25
15
7
10
7
11
7
9
6
6
89
75
61
60
53
36
27
30
33
17
20
21
21
15
17
16
12
13
13
12
7
9
7
157
160
152
111
102
93
93
94
92
51
48
43
43
25
26
25
18
21
8
8
15
15
8
282
145
145
139
93
83
41
30
30
30
24
15
13
17
13
13
11
10
13
13
125
112
46
32
30
32
26
22
18
25
14
18
16
14
11
8
8
8
8
13
13
6
6
6
155
103
103
106
77
73
58
61
37
41
38
35
34
35
35
27
23
20
22
18
12
6
6
6
9
235
147
135
92
89
79
49
53
45
46
44
39
39
29
28
32
24
21
17
21
16
11
7
8
213
103
103
76
72
68
61
50
48
29
33
30
29
23
23
23
17
21
14
10
9
7
7
158
121
90
92
78
50
50
45
34
33
28
27
28
27
19
23
15
10
10
10
9
7
246
155
128
100
85
82
60
61
60
43
41
39
43
33
24
31
28
24
14
8
8
8
8
6
6
6
6
171
65
55
49
47
36
36
20
13
10
10
10
8
8
8
8
7
9
8
7
11
11
8
6
6
152
149
126
90
92
70
49
24
33
15
22
18
21
15
22
12
13
16
14
11
9
11
10
215
117
80
90
73
60
48
53
46
47
30
30
22
17
17
18
20
19
19
10
9
16
9
59
60
59
50
46
44
52
35
40
26
23
24
7
7
7
7
9
7
7
25
25
26
24
26
21
14
19
212
212
178
173
58
43
37
34
12
14
12
6
9
29
28
24
22
167
145
63
50
35
34
32
34
33
34
17
17
9
11
9
14
8
35
33
33
234
171
146
87
92
87
80
74
61
63
66
66
40
21
14
7
7
8
10
8
36
36
32
36
29
170
122
92
79
48
45
43
29
26
19
22
17
15
16
15
12
6
43
43
120
118
97
85
64
67
67
32
32
32
30
24
24
27
26
25
24
20
17
10
12
6
13
51
229
229
138
53
54
29
29
25
15
15
10
10
10
10
10
6
8
10
8
10
10
9
7
54
53
55
51
44
248
88
77
77
64
58
57
41
27
28
23
18
15
15
13
11
60
56
56
53
188
185
114
100
102
91
79
62
47
48
39
36
37
32
32
28
24
16
11
14
162
154
115
105
99
77
76
68
52
52
54
45
37
25
25
22
18
7
6
9
8
10
10
10
147
137
49
55
51
55
45
40
37
37
36
28
17
23
15
15
15
15
10
7
10
7
73
69
94
82
47
47
33
33
24
23
29
26
20
27
29
18
20
15
9
8
9
9
8
10
76
72
70
59
61
62
50
45
25
25
25
21
17
17
14
15
14
9
10
9
85
81
183
125
113
90
88
89
55
50
42
45
41
41
32
30
22
20
22
22
22
7
7
6
80
55
57
35
31
35
35
35
35
30
30
31
24
18
12
13
6
8
7
6
133
112
82
40
40
32
30
17
19
13
13
11
11
11
9
10
7
10
11
10
6
151
122
109
109
87
74
63
60
48
50
50
51
45
41
33
21
22
16
14
7
11
8
11
163
155
116
84
80
71
65
65
45
40
39
39
26
30
35
28
21
20
20
20
9
7
97
89
79
74
72
69
69
50
50
44
31
33
26
29
27
24
22
18
14
19
14
8
9
9
113
123
102
80
75
60
69
52
49
49
49
38
31
34
33
31
36
31
27
25
12
10
7
77
57
61
59
54
54
50
47
42
39
37
34
35
35
29
22
24
31
32
19
8
6
7
7
112
73
68
62
53
40
40
27
16
17
15
9
14
7
7
7
8
7
7
7
7
7
7
150
131
90
75
70
51
52
45
41
21
28
20
26
21
19
18
19
12
14
12
14
9
168
121
121
86
86
80
72
69
51
52
50
26
28
26
20
19
17
6
6
12
6
198
118
100
87
85
81
56
56
55
44
23
22
22
22
9
9
11
15
11
11
6
6
213
146
124
101
101
80
60
60
57
35
34
34
28
27
27
27
27
13
10
13
7
7
7
137
103
95
91
90
90
84
66
60
38
39
36
39
29
20
21
22
27
12
7
18
14
12
18
157
95
85
73
69
70
67
66
54
46
37
38
37
37
34
29
25
29
25
9
9
20
8
164
132
81
81
78
75
68
51
48
43
44
43
42
42
42
22
15
9
9
9
6
9
9
154
113
106
102
99
77
64
47
44
47
41
35
32
33
29
18
10
14
10
18
8
10
8
6
85
85
82
71
82
63
61
60
58
57
53
52
52
47
33
37
21
19
23
20
21
8
9
6
11
139
117
97
84
75
71
64
65
61
57
57
54
54
28
16
8
16
16
16
6
7
6
176
121
120
72
69
62
62
50
38
42
25
28
33
27
23
13
8
11
13
7
7
6
134
122
93
67
55
55
38
18
18
28
15
12
15
18
9
10
9
9
10
12
12
8
7
7
8
150
102
81
79
78
74
72
70
60
65
35
23
35
25
23
21
14
17
17
12
8
7
7
111
82
78
77
72
45
30
25
26
21
22
19
17
10
10
12
10
10
10
6
6
6
7
145
123
111
80
41
32
30
27
25
22
17
15
17
17
15
7
13
12
11
7
8
8
150
93
87
82
50
30
32
32
27
27
27
27
23
20
18
21
22
20
18
12
8
12
8
9
132
129
56
43
41
32
33
25
27
27
19
18
17
9
9
8
17
8
6
6
97
80
71
55
56
46
45
42
35
32
13
19
10
8
8
9
9
9
8
7
10
108
86
71
53
50
37
37
33
20
24
18
13
10
10
10
10
6
9
6
6
9
80
49
52
52
42
38
28
32
23
23
23
22
22
15
15
15
11
8
14
14
14
115
82
63
61
61
61
54
54
52
38
29
29
28
32
28
23
23
23
20
20
16
19
7
8
7
129
117
65
62
57
48
37
39
36
30
33
33
31
25
25
26
25
25
21
21
11
11
11
12
11
13
10
122
108
93
89
89
71
63
58
58
57
48
49
48
36
33
33
30
29
30
16
10
18
19
19
19
7
10
7
6
134
130
127
90
62
56
57
48
45
42
41
38
35
29
21
23
21
11
10
10
210
165
112
94
68
67
63
61
58
48
47
43
43
43
39
27
26
28
26
20
19
16
15
10
15
10
106
90
54
58
33
35
9
9
8
7
7
20
20
20
20
90
54
50
51
48
41
39
15
10
7
12
7
7
7
7
12
6
7
266
25
25
97
82
73
63
72
61
62
63
58
56
46
41
43
42
19
19
19
12
7
8
8
6
43
101
97
65
68
60
55
46
50
46
46
24
24
24
17
17
21
11
17
6
10
9
307
51
262
92
65
65
61
51
51
22
18
19
14
12
10
8
8
9
8
10
10
6
45
40
38
36
36
170
74
63
61
56
35
34
27
31
27
24
19
21
19
6
58
45
41
45
45
202
96
79
71
61
39
39
40
36
37
28
27
28
23
17
7
16
60
50
230
194
164
110
113
90
44
37
32
25
23
22
25
21
11
10
14
7
293
68
56
55
57
58
53
55
55
55
94
85
81
81
50
38
30
33
28
30
17
10
70
73
66
61
218
131
127
80
46
43
39
32
26
26
20
9
17
16
14
8
7
65
65
239
100
103
99
83
82
57
47
46
46
45
45
44
38
37
19
16
13
22
6
10
8
84
70
70
70
190
100
64
61
57
49
45
45
35
41
24
24
22
12
15
8
89
71
137
110
108
105
105
101
101
59
48
39
29
15
11
10
11
10
6
10
6
90
80
132
118
96
74
72
67
67
61
59
55
55
35
20
20
15
18
20
15
6
364
90
90
83
262
148
122
115
102
80
72
64
64
46
41
39
41
26
25
20
20
21
7
7
6
100
90
90
90
90
171
163
133
84
71
71
63
38
30
35
26
26
28
25
25
9
9
10
100
96
316
148
125
90
89
76
67
68
60
43
36
35
35
30
26
30
30
30
26
28
157
155
147
130
118
94
93
87
84
82
73
57
35
35
35
29
22
17
8
13
9
115
115
105
138
95
92
92
77
79
60
64
45
40
38
26
28
23
15
13
13
12
8
7
7
115
295
154
144
104
50
50
32
13
20
14
10
8
6
10
6
6
6
6
115
240
179
145
146
131
102
92
81
78
66
55
57
63
50
51
51
44
10
8
8
7
120
150
146
146
114
88
74
74
65
56
57
56
58
56
33
33
39
24
16
15
18
16
15
8
7
125
189
119
112
112
86
66
68
68
51
45
35
28
28
25
18
16
17
16
6
8
10
10
130
160
147
114
107
93
80
76
67
67
65
46
29
33
26
30
28
25
21
21
13
10
9
7
136
173
129
108
98
98
97
91
91
70
64
64
66
34
7
10
8
7
11
7
6
6
262
188
158
115
100
106
97
72
75
58
66
64
44
43
53
36
22
22
20
7
9
12
12
158
146
145
200
178
175
128
124
117
99
88
85
80
59
49
48
40
32
20
20
13
15
6
8
155
183
144
118
45
43
45
31
35
27
22
25
29
14
20
22
19
7
10
10
10
14
172
143
98
84
58
51
51
48
46
48
43
41
35
30
22
10
10
6
10
7
9
170
274
79
78
70
64
57
55
43
32
36
36
36
25
26
20
24
17
24
22
9
9
7
6
9
165
68
76
73
60
61
60
45
45
44
35
20
20
15
14
13
12
8
8
8
6
6
6
284
66
39
34
28
19
22
13
13
13
11
11
13
7
7
8
8
6
6
8
7
208
136
115
100
67
66
63
63
57
55
51
40
39
35
25
24
20
18
16
18
18
18
11
7
216
118
99
83
72
67
47
44
31
34
32
27
23
23
23
19
20
16
10
7
7
9
11
8
240
240
218
179
164
146
139
120
76
57
31
28
25
25
20
19
18
17
15
8
7
8
8
8
9
233
174
93
93
69
65
54
31
31
27
28
22
26
18
18
18
19
13
7
6
7
187
182
82
74
44
45
45
42
44
36
37
36
38
27
27
29
18
15
22
17
9
8
7
7
211
83
68
64
49
53
45
46
37
38
34
32
32
28
22
23
9
8
8
7
8
205
278
183
124
109
86
80
69
54
48
51
46
48
42
42
41
28
19
18
8
7
8
185
105
65
63
63
56
48
42
38
39
41
33
33
27
24
23
21
16
13
13
13
7
9
149
103
99
70
79
56
54
47
43
45
35
32
28
29
26
20
13
9
11
8
7
185
115
99
87
67
66
57
57
57
52
45
40
34
34
33
25
23
14
10
7
13
7
204
187
160
128
98
102
72
71
48
48
48
41
42
42
35
24
24
22
19
18
18
15
165
102
86
94
76
79
68
65
62
53
44
35
33
36
19
10
10
10
10
17
6
8
6
154
143
119
107
104
92
84
78
78
69
69
62
58
49
52
43
38
29
25
12
9
8
6
7
7
7
7
6
6
7
7
6
126
113
101
72
53
57
56
49
46
34
42
40
26
23
17
11
12
8
8
7
7
7
9
8
105
86
81
81
77
58
51
50
42
41
23
26
20
17
19
15
9
10
10
223
171
118
105
100
87
64
63
63
55
46
40
31
37
21
26
22
24
17
16
17
15
200
191
131
84
84
85
84
78
69
60
61
54
57
35
35
7
12
30
20
19
20
195
132
109
97
80
70
73
63
51
46
31
18
9
9
7
9
9
6
27
29
24
25
210
137
108
78
78
76
73
67
67
56
58
51
45
40
16
14
9
6
6
36
34
32
32
116
98
83
60
50
46
41
41
29
15
19
14
10
9
14
11
8
9
6
42
45
42
42
38
37
37
34
34
147
117
103
104
95
69
64
49
16
13
7
7
9
47
46
267
172
175
83
83
71
60
53
37
32
26
25
20
24
20
19
9
9
9
9
47
221
183
128
124
117
87
90
81
74
65
29
28
28
23
18
19
14
14
14
6
10
8
204
162
129
128
113
107
80
67
44
40
30
31
28
29
29
23
19
24
10
6
8
7
6
62
118
112
105
91
84
69
68
52
40
40
39
34
32
24
24
23
19
22
19
11
11
6
70
67
62
62
147
112
80
50
45
41
39
38
34
34
29
29
29
29
15
15
7
7
7
357
64
148
141
85
91
79
77
57
56
50
50
42
34
34
25
24
29
29
22
22
6
75
69
69
289
245
153
144
138
141
103
103
67
60
67
54
52
53
49
44
34
34
17
11
85
82
78
179
164
158
143
102
95
93
54
44
44
40
39
33
32
23
23
82
131
131
125
104
100
91
61
59
54
53
54
56
54
49
44
38
28
14
6
6
6
87
159
142
137
128
100
102
100
80
76
84
65
62
45
32
22
14
19
10
10
10
99
97
92
91
202
124
80
77
75
71
59
59
59
44
45
37
31
27
18
16
15
97
219
190
185
166
158
119
93
88
79
76
75
42
35
26
23
20
21
21
21
13
12
10
6
109
103
102
99
100
146
124
120
117
91
79
79
77
69
51
42
38
45
41
33
25
15
11
7
382
104
205
150
125
116
94
103
89
91
84
81
74
74
60
62
43
38
36
30
19
6
6
6
120
113
254
188
160
163
94
73
65
68
61
61
36
34
27
17
17
11
10
11
11
6
114
231
145
128
104
95
93
84
79
73
69
68
56
54
62
40
39
40
39
30
20
20
14
16
119
119
171
162
148
102
92
89
87
79
76
57
67
67
48
45
45
31
27
31
21
15
10
132
298
173
104
104
89
81
81
76
70
70
72
60
62
41
32
32
39
18
24
24
15
14
132
129
204
99
95
93
95
88
77
77
71
71
61
56
55
29
29
31
27
10
17
228
183
168
161
119
85
66
60
60
59
50
42
36
36
26
29
18
19
13
10
7
7
8
142
216
205
198
170
96
96
93
77
66
60
65
47
52
30
19
15
13
9
7
10
145
145
179
181
159
130
126
128
123
114
114
112
109
100
79
70
49
46
45
33
17
12
156
149
95
81
76
68
54
51
49
43
49
40
49
28
28
26
24
23
9
9
9
9
7
154
278
208
184
187
135
135
124
89
58
50
44
34
33
27
24
13
14
14
8
6
6
9
6
171
158
141
137
134
112
108
107
104
105
94
86
61
50
34
28
29
30
18
18
15
13
9
11
297
248
218
163
149
134
125
98
89
67
66
55
52
43
43
43
30
22
21
8
14
274
233
139
139
121
96
88
77
71
69
62
50
54
46
45
45
43
42
40
32
32
28
25
21
20
179
264
206
154
131
130
122
104
101
101
77
75
70
64
49
49
42
42
44
32
22
26
13
10
181
166
149
105
105
87
85
91
70
49
49
47
50
47
38
32
32
37
24
10
9
6
6
256
159
111
111
109
68
60
59
50
52
43
35
26
22
20
18
22
8
10
11
8
202
168
159
159
138
100
101
80
80
60
62
55
46
41
41
25
16
16
9
6
6
213
181
164
128
120
85
74
67
66
64
65
54
55
54
38
46
28
29
27
18
14
495
270
169
169
129
126
124
101
83
75
78
65
59
65
58
57
44
25
18
7
8
7
7
247
174
174
169
134
131
131
110
84
90
81
79
74
75
56
56
56
56
54
31
27
23
9
262
160
109
102
86
85
82
64
59
61
48
35
30
36
23
28
19
28
18
9
11
14
7
205
168
133
100
90
88
66
66
68
53
53
41
35
23
19
14
14
8
10
12
12
9
234
151
112
100
100
110
98
91
85
74
77
60
55
55
54
43
40
45
45
38
38
33
25
24
224
255
215
175
150
127
117
112
104
74
71
54
45
37
30
34
26
17
8
13
8
8
8
203
180
156
131
119
103
46
41
39
48
30
21
18
9
13
7
7
7
8
7
7
6
9
6
8
7
223
141
136
128
118
108
105
105
60
48
42
43
36
37
34
23
28
21
12
14
9
11
6
8
8
187
159
139
128
112
100
96
75
62
60
53
52
56
45
45
41
28
19
23
19
19
19
321
278
276
8
8
8
8
8
221
186
118
117
104
63
57
52
52
53
24
24
28
24
18
17
13
12
8
7
229
140
122
120
108
76
55
38
47
33
34
29
26
24
26
22
18
16
15
14
11
9
7
202
133
128
126
114
81
57
52
38
39
32
29
30
31
7
7
267
353
30
19
15
12
17
219
210
186
144
125
120
80
72
65
61
62
54
43
39
34
7
9
322
299
37
33
30
20
17
17
19
237
190
141
119
114
64
57
56
51
14
35
33
38
38
24
196
160
146
126
77
77
71
64
60
53
48
47
21
10
8
6
42
34
258
226
193
183
165
134
132
109
104
79
63
73
52
48
48
16
10
8
316
48
41
33
277
258
233
238
206
156
145
100
92
82
74
59
53
53
29
21
18
15
6
8
58
44
40
40
264
159
144
105
86
62
24
23
11
18
11
11
10
10
11
10
63
58
62
53
46
45
179
169
157
131
94
76
69
66
27
29
23
17
15
15
10
10
10
58
58
53
233
220
127
124
128
113
102
99
88
92
74
72
47
23
24
20
9
73
53
125
118
105
95
79
77
48
49
43
38
30
27
28
29
28
21
21
10
9
6
7
7
60
62
125
118
110
110
107
104
80
48
41
40
40
38
31
35
26
30
26
6
12
11
11
379
74
263
237
217
200
199
161
153
107
89
84
51
52
40
30
35
23
15
10
8
10
76
72
193
122
99
93
58
50
48
41
40
36
25
35
35
21
17
15
15
9
10
359
86
78
227
210
145
138
126
124
97
95
95
46
39
22
22
10
10
9
8
7
88
79
190
154
144
126
113
111
105
74
65
64
38
31
25
25
25
6
6
6
12
256
195
153
107
82
60
53
45
30
36
31
30
30
20
26
14
10
8
8
8
8
7
93
96
208
170
114
73
62
62
60
61
53
35
42
42
36
33
35
29
16
22
13
13
6
99
99
96
278
268
197
152
152
141
129
87
78
67
54
47
38
30
34
21
21
16
18
11
11
103
335
298
210
163
92
89
86
86
80
66
71
70
52
46
54
45
26
30
23
10
118
274
249
185
93
50
50
43
39
40
33
31
28
28
14
23
22
15
9
8
8
6
6
6
118
112
112
280
239
190
131
83
84
81
72
55
61
55
50
38
33
25
16
19
6
6
119
95
93
81
75
60
56
50
52
37
34
38
25
24
28
18
18
16
11
10
8
8
8
119
191
103
79
63
65
61
43
29
23
28
19
17
17
19
8
13
8
8
8
8
8
267
117
122
103
98
103
70
70
50
51
51
51
56
48
41
31
28
28
28
17
16
13
10
140
127
132
210
151
118
127
67
65
53
39
39
32
31
25
20
21
18
18
6
6
6
143
187
177
157
102
70
58
44
43
36
36
24
27
23
11
9
9
15
7
8
7
8
8
146
145
97
105
85
80
50
50
51
55
46
46
29
27
16
14
13
7
6
12
6
12
9
146
142
195
168
104
110
110
90
55
54
46
46
42
36
39
33
21
19
19
13
7
136
131
121
93
83
82
82
74
60
53
46
47
38
24
24
30
24
23
22
23
19
10
259
207
179
90
79
78
77
65
72
56
58
52
38
39
35
32
27
29
27
24
21
16
13
11
131
114
83
70
61
63
66
52
49
52
43
41
48
37
33
30
22
6
10
10
10
215
189
71
56
57
55
54
45
42
39
38
38
38
37
30
20
10
10
15
11
6
7
7
6
7
169
161
155
133
121
115
114
96
93
58
58
55
46
45
44
41
32
16
20
16
8
8
185
227
153
146
132
114
101
79
72
65
55
63
54
52
40
39
37
30
25
19
25
11
9
226
151
138
97
86
79
68
59
52
49
42
35
21
22
11
11
6
8
6
6
7
6
6
209
130
84
73
78
78
59
61
58
52
50
47
47
35
22
29
22
27
20
19
15
18
11
11
212
182
163
110
81
63
59
52
50
43
41
37
30
27
22
20
18
19
10
16
197
309
309
140
130
79
83
68
61
57
32
34
21
24
10
6
7
8
8
8
8
145
135
133
117
103
80
72
64
69
59
34
34
29
26
26
26
12
11
7
7
144
126
118
94
67
49
50
47
43
35
41
32
34
34
24
26
18
16
15
15
20
17
11
7
208
138
133
133
83
81
51
47
47
46
46
37
20
19
19
10
10
6
6
9
7
7
7
9
7
251
193
177
180
112
81
81
81
76
71
67
65
53
49
45
41
34
28
21
17
8
7
12
12
323
251
241
191
175
144
142
94
98
86
77
82
56
56
49
39
39
23
27
21
8
10
9
328
213
181
134
117
98
97
91
85
67
62
44
27
25
31
14
14
14
14
9
6
8
8
238
147
128
128
121
96
92
49
55
51
44
32
27
30
29
13
6
7
7
7
329
277
253
158
127
120
101
94
79
61
55
50
36
36
12
15
12
7
9
10
9
616
286
183
149
102
87
86
91
82
74
66
59
50
48
37
37
37
30
28
28
23
10
12
10
7
237
231
141
146
125
117
114
100
71
53
42
34
24
22
22
22
19
16
19
13
7
6
6
146
97
87
84
86
77
76
58
51
36
27
27
33
24
19
15
11
11
11
8
10
259
178
111
99
98
76
50
52
39
39
20
24
25
24
20
18
17
11
16
16
9
9
6
6
233
228
144
96
94
86
57
56
48
37
35
28
25
21
25
25
24
21
20
12
12
6
11
199
138
139
115
99
91
89
85
78
75
72
62
36
32
26
25
16
7
9
8
6
6
16
16
18
189
154
130
100
90
70
58
44
31
28
31
21
21
12
14
14
7
11
8
8
23
21
226
113
103
82
71
63
65
53
49
38
33
29
28
28
20
18
11
12
26
225
206
122
99
93
82
55
45
41
34
32
31
21
9
17
17
18
9
9
8
9
9
33
33
33
33
208
104
98
81
63
59
52
51
36
29
31
29
23
18
9
14
9
9
9
8
287
36
38
36
38
237
119
116
90
84
74
82
67
61
65
63
61
56
60
51
18
19
19
250
192
185
175
114
108
94
56
56
55
55
45
30
20
23
18
16
15
9
130
119
107
108
92
79
72
75
74
70
65
56
60
51
51
44
43
24
29
14
13
13
9
9
6
52
53
51
243
214
165
135
118
84
66
68
70
70
56
51
49
49
46
34
17
16
14
362
207
173
141
107
86
71
61
62
63
61
58
52
56
49
35
39
33
27
16
16
19
8
9
364
62
238
91
76
66
69
54
39
39
39
38
37
21
21
21
15
14
11
10
10
11
9
9
10
68
258
199
170
154
150
140
97
94
95
86
81
74
49
44
34
31
26
26
26
20
26
113
108
93
86
85
71
71
69
57
39
49
31
25
22
22
20
7
10
7
78
138
120
107
91
90
73
71
59
36
37
37
41
36
25
26
20
25
24
12
6
161
155
148
118
104
100
96
74
70
64
60
60
57
41
41
39
39
34
31
21
29
6
181
153
147
114
109
102
54
64
47
39
36
35
35
34
30
34
34
14
25
11
13
11
11
8
241
128
115
110
106
91
86
85
69
56
52
52
51
42
30
23
6
9
10
9
10
6
305
147
120
111
101
94
90
79
72
72
40
37
44
35
26
19
21
21
11
14
14
9
6
234
235
141
109
95
94
93
78
71
57
50
42
37
30
24
26
25
14
13
11
14
13
14
11
545
108
108
106
210
186
187
126
115
114
71
63
66
56
50
42
20
19
18
18
9
10
10
10
113
111
249
162
161
150
142
117
107
97
61
61
52
60
52
56
34
33
24
13
20
117
139
135
135
116
95
84
77
69
64
52
26
18
11
12
15
8
10
8
8
10
9
9
6
150
149
136
136
129
46
36
33
31
33
25
17
15
17
14
13
15
14
13
9
9
12
126
200
193
170
150
140
124
103
94
91
86
76
76
76
65
66
51
41
28
20
23
25
20
20
18
249
194
143
139
110
107
102
79
61
48
48
43
43
43
40
33
30
23
23
18
9
9
136
156
85
66
62
48
46
40
43
42
35
28
28
30
28
24
10
13
8
8
7
8
587
143
282
202
178
176
172
145
119
95
91
91
82
80
64
56
51
37
40
29
28
33
8
366
161
138
77
75
67
49
40
42
33
35
38
38
31
28
13
15
17
6
6
6
152
175
151
142
72
63
47
47
50
43
39
40
28
23
23
23
12
11
11
10
10
11
154
155
142
106
106
106
106
91
70
58
58
50
49
41
30
32
22
16
20
8
8
7
7
228
169
139
111
70
48
52
49
35
37
43
44
33
23
21
23
21
13
13
9
12
9
8
115
116
111
105
84
68
60
59
59
58
53
50
37
28
32
21
21
19
17
17
8
11
8
187
130
131
112
115
73
67
67
67
68
65
62
49
42
32
32
31
26
27
22
22
13
13
343
204
191
144
154
136
85
84
55
36
33
33
32
29
28
23
24
27
14
20
8
360
157
150
142
110
99
83
70
35
32
35
32
31
21
27
9
9
9
16
6
264
207
205
164
125
112
88
73
71
67
68
52
58
48
46
43
34
34
22
12
18
14
115
116
104
103
95
94
95
60
52
53
46
51
43
29
20
20
9
9
12
9
9
284
149
110
90
89
85
81
47
47
34
19
17
10
10
10
8
6
6
7
8
8
124
97
95
74
61
65
65
61
61
59
52
54
52
49
39
36
35
22
16
13
14
13
168
118
112
94
82
74
78
58
58
53
37
32
27
28
29
22
24
20
14
11
9
9
171
136
107
97
94
62
62
29
34
24
29
19
19
18
19
8
14
7
7
10
11
13
7
176
131
112
82
76
77
76
69
69
67
64
63
38
38
33
32
34
28
24
23
16
355
240
138
106
72
69
72
52
47
42
39
37
29
29
23
21
12
13
12
13
11
266
174
149
149
93
83
77
68
67
54
60
57
39
34
34
34
22
18
17
10
13
7
170
158
145
128
103
100
82
83
79
82
65
62
45
34
22
23
22
24
19
18
16
148
98
87
88
87
71
54
48
44
44
44
44
35
23
21
26
18
9
8
8
9
6
164
123
113
112
89
88
76
58
57
58
49
36
36
33
32
14
20
22
16
7
7
8
286
262
8
185
161
106
94
90
82
77
58
58
58
56
43
37
34
21
12
12
10
14
13
12
8
10
8
6
234
166
147
117
105
99
80
69
45
47
43
34
31
24
17
275
271
16
10
11
216
209
150
122
116
108
103
103
97
66
66
64
63
47
46
44
38
25
20
21
15
16
210
171
170
167
121
112
93
83
75
66
61
61
64
56
48
43
41
43
8
14
175
152
128
128
127
126
74
53
51
49
46
10
10
10
13
10
7
9
32
18
189
163
163
159
131
109
111
97
92
81
78
71
63
63
15
11
8
11
8
8
8
343
36
36
25
217
201
202
168
94
86
70
67
49
58
48
46
20
16
13
12
8
7
42
41
31
34
179
151
141
112
101
93
72
72
47
45
28
25
18
23
24
18
12
10
49
33
218
96
94
78
78
56
54
52
30
29
26
20
17
17
9
14
9
15
52
51
44
45
215
201
160
162
151
138
122
120
101
99
94
73
64
69
60
35
35
6
352
49
232
148
128
103
103
98
96
92
83
75
62
68
40
40
40
33
32
24
19
17
12
11
64
48
226
195
163
118
108
76
47
45
45
38
35
31
29
26
28
18
10
6
68
57
245
218
157
124
116
109
96
82
76
72
79
53
53
38
35
31
19
6
237
187
190
159
140
131
124
125
118
114
81
81
74
53
48
44
42
30
20
24
13
16
7
7
8
66
63
209
163
136
130
128
107
112
60
60
39
28
32
28
24
22
8
8
8
13
7
7
8
74
80
233
223
209
181
157
134
129
55
51
46
45
37
27
13
13
19
13
9
8
73
85
186
157
140
134
129
129
113
106
100
70
55
41
31
18
18
13
13
12
90
93
90
86
281
215
178
134
101
103
48
47
46
31
23
22
9
9
14
14
7
7
98
253
213
218
170
154
118
80
59
64
52
38
28
28
28
27
24
22
8
6
104
183
176
170
149
120
109
84
78
77
70
49
46
43
30
29
24
26
13
15
12
13
105
167
83
69
70
51
51
48
39
34
33
26
32
26
18
18
7
6
114
159
154
138
117
94
85
80
59
56
55
43
49
37
32
36
25
20
23
22
22
16
8
432
119
146
86
85
71
53
47
39
37
28
32
25
16
15
10
302
310
178
169
104
76
62
52
49
47
45
33
37
35
37
32
10
10
16
10
19
6
128
210
186
174
151
148
129
130
106
109
74
44
49
49
39
42
26
20
15
21
13
134
126
238
154
153
114
101
97
82
86
83
47
43
43
30
23
20
11
8
10
8
139
236
193
149
120
120
108
106
93
67
43
47
47
46
43
30
25
35
15
17
11
9
284
259
202
154
148
128
124
114
83
73
64
55
50
48
53
30
36
16
18
11
16
9
6
149
149
194
185
102
62
57
53
45
32
27
21
23
16
13
13
9
8
8
8
238
164
169
135
135
128
125
79
82
65
62
50
58
32
37
28
28
27
26
14
13
12
9
109
100
104
95
68
59
60
50
25
21
21
18
21
19
18
18
18
18
18
18
16
333
133
130
88
77
74
61
61
50
47
46
44
36
28
30
29
25
24
20
13
6
209
194
138
111
103
98
81
55
60
44
41
32
33
34
17
13
9
9
9
9
8
174
214
177
138
119
96
94
89
86
82
71
73
78
68
49
36
29
29
28
28
13
11
9
325
128
104
101
100
76
81
75
76
65
57
39
41
34
35
22
10
15
10
8
10
178
346
125
113
121
99
93
70
52
47
43
43
26
24
17
23
22
10
15
11
6
9
351
192
155
157
128
113
112
100
67
52
54
53
53
49
44
38
35
36
33
15
18
6
218
121
118
90
64
59
58
56
53
41
41
34
34
34
30
26
26
23
25
22
10
10
12
9
10
244
244
219
179
154
116
93
91
63
64
48
48
39
25
25
19
20
21
16
16
16
10
6
261
257
156
145
66
69
63
48
44
44
35
41
32
33
26
29
26
21
10
10
6
8
8
340
328
193
193
122
113
113
103
74
53
49
49
31
29
31
8
8
8
8
7
8
126
117
90
98
92
98
84
82
58
50
45
43
33
30
31
20
20
20
30
16
10
6
8
328
165
130
81
81
68
64
65
61
58
54
51
38
36
31
35
18
13
18
13
10
264
201
135
128
87
83
73
63
64
46
44
40
26
26
23
21
18
6
6
10
11
6
154
88
78
73
69
68
60
63
45
41
25
25
23
15
16
9
8
9
9
6
234
283
173
138
138
108
50
40
33
38
36
30
33
30
26
25
25
13
11
10
11
491
6
135
127
117
94
95
71
66
43
38
33
30
32
30
33
26
19
17
16
16
16
10
10
10
7
10
7
7
6
162
163
129
71
68
38
40
38
35
38
32
31
26
21
17
20
13
14
10
11
10
209
188
160
158
158
127
122
109
77
71
68
55
50
51
40
43
31
25
25
18
241
13
16
12
11
7
228
100
95
83
78
65
55
50
52
48
36
31
24
23
16
16
16
143
103
107
104
103
93
76
75
75
70
55
52
53
50
50
42
49
41
36
30
29
30
30
21
17
245
228
177
130
124
102
95
86
90
80
67
63
60
44
41
40
35
35
13
32
26
26
198
148
142
135
134
133
118
128
113
111
73
55
49
44
40
15
6
9
9
6
42
33
31
215
142
139
113
111
109
111
107
56
62
60
51
21
16
13
7
8
7
290
45
38
33
156
137
116
112
96
93
90
90
81
78
78
56
50
49
19
22
23
16
47
47
265
233
205
182
129
124
124
113
106
85
83
83
70
24
27
24
20
10
20
9
7
9
9
55
52
48
49
43
43
175
153
152
151
135
116
88
80
71
66
66
26
12
6
6
415
55
49
51
49
168
158
148
141
100
109
100
96
73
65
34
31
33
27
19
19
12
7
8
65
59
59
280
224
171
116
117
109
110
98
75
39
47
42
36
25
36
22
13
13
10
10
9
67
67
67
63
60
59
128
116
104
98
94
84
77
76
44
27
27
27
21
21
16
14
8
333
333
70
66
63
62
192
155
149
137
129
125
108
95
96
57
55
59
46
46
26
20
20
73
74
75
69
69
68
154
141
131
116
100
85
83
51
53
53
47
37
25
25
25
13
78
230
231
165
150
146
135
136
132
121
95
95
96
95
45
32
29
28
16
20
10
7
7
8
308
389
87
79
263
249
164
152
148
106
64
67
61
53
47
38
21
23
25
25
10
6
6
397
87
272
258
149
151
107
54
41
43
40
39
30
17
23
11
8
8
89
193
186
159
134
119
114
115
48
49
48
48
44
33
34
22
21
19
9
9
9
7
98
275
259
186
167
155
145
125
110
108
109
109
62
52
49
32
24
21
24
18
16
9
135
130
124
124
120
81
69
69
80
69
65
58
58
49
38
26
23
23
23
18
18
8
7
115
288
188
166
161
151
125
125
120
120
86
72
72
69
64
62
60
48
48
29
28
22
22
18
7
354
121
113
250
232
218
176
171
155
131
126
91
94
79
90
91
54
45
38
36
39
38
10
7
125
303
165
141
139
128
98
96
84
73
72
70
68
60
67
48
44
40
39
33
23
23
12
8
447
123
293
135
89
81
79
75
75
46
46
42
33
22
16
16
16
8
7
7
7
6
128
314
282
271
224
189
170
146
140
112
111
82
81
58
54
31
32
32
16
18
8
8
6
6
133
172
145
120
97
97
97
92
85
84
82
82
78
61
60
54
47
27
17
14
12
11
8
419
146
139
253
208
100
102
93
90
68
64
61
61
32
24
19
16
10
7
7
7
10
148
358
267
227
201
183
170
163
160
107
98
95
92
92
92
84
71
47
28
21
15
6
151
292
271
218
188
159
138
126
75
82
62
46
52
28
29
29
26
26
17
23
17
8
14
9
173
165
163
138
127
128
99
99
86
69
67
47
49
43
36
40
31
24
28
13
12
7
7
162
160
158
244
228
218
205
191
125
122
87
81
74
75
73
51
48
48
26
13
16
12
12
8
248
236
224
195
192
122
86
79
67
61
49
38
32
27
25
19
14
17
9
13
233
146
120
120
89
84
67
65
67
46
46
47
46
46
33
27
23
20
22
17
18
10
12
6
10
168
359
303
286
166
139
93
89
57
53
53
56
52
40
42
40
25
27
14
13
10
328
235
204
199
196
194
158
130
128
127
107
92
82
77
65
57
45
44
37
24
22
18
15
7
187
171
138
137
113
101
101
97
80
81
73
64
47
49
47
38
29
25
17
16
8
7
10
176
143
141
128
108
110
92
76
69
69
66
63
57
60
43
32
30
30
19
9
202
211
148
148
145
105
97
96
83
83
71
71
73
69
57
52
52
47
31
27
30
15
12
12
199
189
173
172
141
143
83
79
76
65
52
49
49
48
18
22
23
13
8
10
212
203
314
259
161
155
146
149
129
129
121
96
87
84
84
81
80
54
50
52
47
40
37
28
9
303
269
191
191
175
170
154
131
129
121
96
86
59
59
54
51
41
34
25
14
16
8
8
191
179
166
148
125
103
85
71
64
65
64
47
28
24
19
7
7
7
6
6
319
303
170
150
138
117
113
112
105
98
99
74
60
55
45
43
30
35
23
12
292
254
241
144
116
107
101
99
99
81
78
69
66
52
35
30
31
31
17
6
6
343
239
206
179
171
132
118
109
92
87
78
47
45
38
30
28
25
23
15
13
18
7
9
384
383
271
200
182
162
111
98
84
82
77
76
74
70
67
62
58
58
46
43
39
22
17
217
216
202
194
191
193
161
134
107
99
92
60
43
34
32
32
33
10
10
9
14
6
14
247
221
141
136
138
107
110
107
98
99
86
83
73
48
46
20
14
17
16
14
7
8
6
6
255
248
244
229
203
173
158
143
133
127
126
112
104
94
58
58
56
49
38
27
20
9
353
340
7
7
7
8
209
120
104
97
102
63
67
58
55
47
31
34
38
34
18
12
12
13
8
155
142
139
136
136
117
102
95
90
68
61
55
51
31
20
21
20
382
24
22
22
18
19
16
186
165
144
128
122
118
114
100
95
77
56
57
26
7
9
308
305
29
27
27
27
26
24
17
223
132
129
122
95
85
73
65
52
52
40
35
10
9
317
308
34
27
254
191
154
124
124
107
91
83
78
70
68
52
12
17
8
8
8
8
6
288
38
32
196
176
174
158
145
137
118
104
100
87
95
73
62
41
18
14
13
13
13
13
283
44
37
37
37
32
238
210
165
150
142
137
62
67
53
57
47
14
12
10
391
47
49
43
240
184
183
168
157
139
136
121
98
90
82
60
51
34
30
22
20
19
19
15
311
52
52
40
42
275
208
173
133
136
130
120
103
103
96
101
90
78
64
55
21
20
13
57
57
57
276
221
176
152
110
110
102
94
79
77
40
33
33
33
32
10
8
8
8
7
61
56
52
284
219
219
151
145
91
81
72
70
36
35
34
26
26
30
16
23
10
10
309
377
67
69
58
62
235
142
127
116
108
98
86
92
81
79
52
48
38
36
32
15
17
506
325
74
72
72
60
206
193
164
110
83
78
78
48
48
47
43
40
29
26
8
13
291
162
81
80
64
57
55
55
46
38
30
27
16
10
10
10
11
10
7
7
10
8
6
358
77
272
210
181
148
117
98
64
63
55
55
54
45
18
18
18
17
12
13
12
11
11
10
87
83
263
223
206
188
169
128
91
66
65
62
61
56
55
55
49
40
23
23
20
17
8
92
85
82
268
244
218
218
211
202
158
138
66
47
49
31
23
23
22
14
6
6
6
8
639
93
88
290
290
197
192
179
76
79
71
70
61
50
41
40
41
30
19
20
17
10
14
292
264
249
194
143
115
106
82
78
74
56
52
63
48
40
35
35
33
35
32
24
24
12
107
102
310
199
174
177
156
117
111
93
85
82
77
71
50
57
36
29
21
8
8
8
7
113
107
99
240
218
207
175
155
150
148
132
86
80
60
46
46
43
42
36
28
18
13
10
105
313
290
243
192
140
132
104
96
93
90
88
74
65
53
53
50
50
47
41
23
15
6
386
117
122
286
235
204
161
153
105
101
94
79
72
63
55
52
52
51
52
43
35
12
18
10
10
122
114
117
249
164
166
131
130
109
102
100
96
95
95
94
92
73
70
60
56
50
33
35
28
24
834
132
296
266
249
192
150
114
108
94
100
100
77
78
65
66
68
59
58
53
39
22
6
6
130
242
178
178
112
109
105
70
51
44
39
38
31
20
13
15
10
9
6
142
138
213
183
173
156
117
111
103
85
76
69
69
72
70
62
21
30
19
9
142
135
242
222
188
167
90
80
77
70
49
44
37
32
30
24
20
20
14
10
14
9
6
407
152
205
199
193
155
134
131
106
85
82
80
65
53
25
28
24
23
23
19
11
6
7
479
340
299
236
193
188
161
136
144
136
132
132
125
90
80
46
32
29
26
21
15
10
10
150
209
166
110
99
92
83
88
75
75
73
52
59
45
28
29
29
23
23
21
18
14
9
307
289
230
171
169
140
135
103
106
100
90
78
52
43
31
35
16
14
13
6
480
377
336
280
247
225
123
123
115
115
101
86
85
70
69
67
62
51
57
52
31
15
10
219
153
153
93
84
84
78
67
53
50
52
48
49
49
36
38
39
34
33
25
30
24
16
10
441
310
304
279
186
159
145
128
118
115
113
56
53
39
36
38
25
19
10
11
9
183
177
309
272
257
231
206
160
155
125
130
118
116
116
85
59
54
48
48
44
35
26
350
211
171
168
162
164
160
143
125
121
111
115
90
70
65
65
54
51
51
50
47
44
45
45
44
194
282
166
145
127
126
87
76
76
70
69
66
56
58
49
45
42
30
29
16
7
193
373
359
208
170
135
112
103
99
86
74
74
63
57
51
49
33
20
10
12
13
242
180
158
155
143
147
140
138
108
96
66
66
63
60
39
39
35
17
17
8
8
8
7
208
202
237
232
184
131
125
115
113
108
91
85
64
51
45
33
11
11
11
8
8
8
7
354
221
192
186
150
140
128
123
124
128
119
95
81
73
73
56
55
50
47
48
18
16
273
176
158
155
135
133
130
105
81
76
69
60
61
61
54
40
43
23
23
21
8
8
229
199
175
161
99
83
85
75
75
80
66
59
48
37
37
28
27
28
26
15
20
20
20
10
14
220
222
451
310
206
200
204
175
145
143
133
130
122
118
105
88
77
43
14
6
249
179
144
146
127
127
116
115
111
101
95
72
74
70
46
48
50
38
30
30
32
23
15
437
362
285
193
175
171
165
138
126
109
103
99
70
53
42
20
20
10
7
6
444
332
332
251
170
158
129
120
110
105
101
100
100
94
91
86
83
81
65
62
34
24
15
6
6
252
318
296
225
220
188
148
119
119
106
106
62
51
51
44
27
26
14
10
8
8
254
260
236
229
199
193
135
98
94
63
59
56
50
39
37
28
19
17
9
12
8
258
247
216
204
201
175
167
161
135
101
109
101
101
58
50
39
38
37
30
26
13
7
8
10
10
463
303
280
176
128
115
106
101
106
106
89
73
66
49
44
41
28
30
23
23
13
10
8
8
397
297
202
168
166
143
134
113
118
117
83
67
68
49
51
33
35
31
26
28
20
20
18
13
13
10
326
253
208
199
201
191
141
136
114
111
95
76
77
67
39
28
28
25
25
9
459
131
130
127
115
114
114
104
100
97
90
83
82
69
64
68
54
54
45
42
38
31
30
23
6
532
368
222
201
201
170
165
163
159
154
109
108
96
88
69
52
49
43
46
51
48
42
39
38
33
35
18
25
11
280
274
227
190
175
102
60
60
66
54
55
52
44
48
41
40
33
24
16
6
16
259
233
195
199
164
156
134
98
74
75
74
65
62
57
49
49
45
44
45
33
34
21
8
6
235
209
203
174
123
100
79
75
47
43
46
45
36
26
21
13
11
230
220
214
214
154
140
115
108
85
82
82
78
55
48
48
45
31
22
31
29
26
18
312
353
329
254
202
189
168
165
143
120
112
113
112
95
68
60
60
36
39
27
25
10
11
18
556
375
289
240
212
192
161
110
105
99
91
79
73
69
66
65
58
59
28
27
20
9
10
10
541
252
245
219
201
190
133
123
121
109
99
80
74
74
46
46
37
37
31
33
35
368
229
183
162
145
127
108
104
92
87
79
72
66
58
61
57
33
27
31
15
14
7
8
6
457
300
268
191
191
188
184
185
134
100
88
80
75
63
56
56
56
59
45
45
53
27
22
25
20
19
25
17
252
172
160
136
98
83
73
49
33
30
29
19
7
6
305
292
215
204
187
188
175
141
104
103
91
90
89
83
66
66
66
54
55
30
17
12
11
9
9
283
260
181
184
176
146
146
122
109
105
107
99
88
85
81
77
77
61
61
66
52
35
19
12
10
372
313
209
199
192
176
156
150
135
108
104
100
76
61
27
39
38
37
25
19
17
17
8
6
456
436
287
209
195
157
161
156
154
139
81
79
72
46
49
43
22
22
22
7
607
359
375
344
221
201
161
155
122
118
110
113
110
107
73
38
34
29
29
27
27
17
7
7
342
257
200
198
185
165
161
146
102
97
91
94
78
54
54
36
32
34
28
18
18
17
21
305
239
228
209
180
173
154
133
135
136
132
120
120
103
65
64
48
41
37
27
20
20
13
13
7
8
7
7
8
8
316
224
143
136
133
125
116
101
99
87
90
86
64
53
46
36
27
29
15
13
12
474
460
221
174
144
107
111
67
67
49
49
43
34
27
20
6
13
6
6
311
259
187
187
175
170
164
155
138
138
135
135
116
99
82
87
54
50
34
28
21
23
10
389
523
361
321
282
271
157
149
121
93
96
73
72
68
67
53
53
52
56
40
46
33
38
26
9
487
345
338
273
266
138
139
124
85
72
64
64
58
46
49
49
21
17
21
17
14
6
10
273
267
184
180
172
161
150
100
71
69
69
51
43
44
40
29
22
19
19
14
14
9
404
378
183
175
168
165
137
116
116
94
99
70
62
46
42
46
37
31
23
334
321
258
211
189
178
175
172
160
154
143
104
99
82
81
76
72
62
53
53
36
22
16
8
6
8
491
301
243
212
168
118
90
87
77
69
53
51
49
26
27
16
23
23
12
13
14
7
412
301
271
246
181
180
170
165
158
132
122
114
107
87
85
64
63
64
40
45
39
34
21
15
10
8
273
205
178
164
149
112
113
94
83
75
76
61
53
59
43
44
25
21
22
20
22
8
7
345
233
200
188
183
144
93
74
68
64
56
56
54
38
38
27
25
21
21
12
8
12
286
256
238
195
152
132
112
120
91
61
69
55
61
51
47
39
42
17
15
10
10
317
315
304
176
178
162
148
98
84
83
83
83
72
71
60
59
59
49
44
24
22
415
362
329
111
110
92
82
81
62
60
61
44
24
20
10
11
6
7
10
6
720
382
362
320
252
234
200
176
134
122
120
90
70
69
69
69
58
56
48
47
47
33
33
37
23
20
390
205
208
196
180
161
157
145
138
126
98
73
67
71
50
41
37
25
9
7
15
378
295
268
264
7
7
215
166
150
117
100
68
59
55
44
41
32
29
26
21
8
8
8
9
9
326
9
9
7
208
191
182
123
128
115
108
103
87
62
54
38
35
32
27
19
388
320
259
234
15
14
8
213
156
106
96
87
89
84
67
57
55
36
37
36
35
35
32
31
30
572
453
271
7
7
7
10
12
7
233
121
108
99
94
76
66
50
41
39
34
354
313
281
17
242
197
181
147
144
106
92
80
76
77
71
50
46
44
39
40
30
29
30
502
377
350
274
29
23
17
9
235
158
119
104
97
94
76
71
60
50
33
354
325
296
278
253
34
10
243
243
196
146
109
104
77
62
38
37
432
285
279
8
7
8
8
8
32
17
15
238
201
162
161
131
117
113
110
110
88
77
70
62
44
317
317
13
8
6
46
39
32
25
231
226
191
188
89
88
78
77
82
75
75
65
68
54
54
297
18
14
10
10
49
49
259
258
192
170
141
120
120
116
115
100
98
100
99
79
71
70
60
52
274
19
17
14
55
53
50
30
42
35
236
223
160
163
143
128
117
104
85
83
76
73
74
335
317
27
21
53
248
182
184
133
134
101
97
80
64
451
365
361
304
298
285
32
29
20
17
9
64
64
67
55
175
139
139
128
102
90
74
346
38
35
35
18
18
17
9
6
6
6
68
45
268
215
197
158
139
141
116
107
91
79
380
320
327
41
43
43
40
35
27
15
11
6
73
289
239
176
160
156
145
108
94
91
91
81
79
676
578
338
49
47
41
30
30
16
8
8
76
63
269
229
145
126
100
84
85
567
409
395
52
50
49
37
35
33
34
20
8
8
76
73
60
65
72
301
269
209
178
169
131
131
135
101
88
555
334
58
54
50
38
19
18
65
70
303
239
171
167
133
123
100
598
424
350
330
49
38
36
31
31
31
31
18
94
97
72
280
262
252
240
217
208
128
458
65
62
60
60
48
48
48
36
34
32
14
7
7
99
90
77
252
206
125
130
116
381
72
68
69
53
41
39
39
36
14
11
85
204
156
142
138
439
388
335
75
73
74
33
31
38
18
18
18
13
13
13
10
7
108
104
308
253
208
187
125
119
112
349
65
59
58
51
46
49
43
26
19
18
15
12
10
109
315
223
190
189
134
131
125
68
68
68
61
56
56
53
52
43
34
36
28
24
23
8
211
201
190
185
163
141
136
130
453
409
359
92
86
72
41
17
20
20
306
292
245
206
155
141
144
134
130
496
426
67
66
61
46
46
36
33
29
25
19
18
9
257
189
176
162
140
139
693
695
400
385
379
102
83
77
67
48
42
45
38
38
38
22
125
349
334
209
162
458
100
88
88
76
72
74
62
63
51
37
40
35
24
28
193
178
177
505
110
97
81
58
53
53
49
48
45
42
37
28
15
8
361
214
191
188
152
154
406
111
114
78
72
71
61
61
57
38
33
14
11
8
138
137
144
275
213
187
180
180
174
154
390
120
103
81
63
62
59
58
43
42
34
12
11
277
243
202
196
187
170
170
489
117
100
94
71
61
59
48
48
47
45
25
26
17
6
8
6
150
140
323
272
261
248
241
208
187
178
163
130
122
101
97
68
66
65
60
52
40
13
266
253
217
179
395
118
105
105
104
74
73
69
70
65
33
20
25
7
150
302
287
244
222
207
200
183
140
125
109
93
88
81
78
57
43
36
31
21
24
22
15
177
380
380
276
263
238
221
204
140
116
111
67
67
61
62
54
49
45
40
35
32
26
26
165
283
199
585
506
146
101
86
72
72
45
46
37
34
31
28
19
17
8
6
6
6
6
335
222
221
215
207
188
420
147
133
135
126
118
85
90
59
42
45
23
16
11
9
6
188
170
279
248
241
221
210
598
138
138
136
130
129
115
98
98
44
41
20
18
17
13
400
592
160
147
141
134
134
106
106
101
103
97
97
81
74
69
52
56
32
32
25
15
17
187
413
576
148
125
89
61
51
54
44
42
41
21
24
10
10
6
6
204
393
303
279
225
224
493
450
175
164
123
121
98
105
95
67
62
62
56
49
50
28
7
240
212
476
176
176
142
132
122
118
110
114
103
100
99
84
70
67
64
45
47
10
6
6
414
369
218
188
138
131
117
120
97
94
93
73
59
60
31
22
19
21
21
18
18
12
11
10
10
207
308
289
283
270
235
223
493
173
161
157
159
151
117
117
85
71
60
60
60
46
46
12
212
434
349
609
195
141
138
133
130
117
117
117
97
88
71
59
59
53
51
45
31
31
26
27
204
304
292
274
261
545
184
173
169
99
71
58
38
36
24
17
9
9
7
215
434
357
272
237
160
150
145
143
143
135
129
126
113
89
69
41
38
29
23
14
286
210
179
173
151
146
145
132
126
102
102
83
77
66
66
43
43
33
28
19
14
10
235
265
161
138
124
124
128
120
109
105
82
73
68
64
51
49
47
43
35
21
12
15
6
6
252
340
271
215
203
165
155
132
101
103
96
76
76
65
56
60
56
55
50
46
46
29
11
364
336
302
628
227
225
169
138
120
112
99
86
63
59
61
56
51
42
41
29
27
21
12
384
264
209
193
182
172
168
153
144
137
120
97
76
63
43
39
39
34
19
15
7
12
11
267
366
495
217
213
198
181
188
167
156
151
115
109
106
74
70
68
66
60
41
13
14
9
451
317
223
211
179
175
163
159
112
115
107
107
110
101
98
76
66
46
46
49
31
19
274
321
280
228
221
141
140
139
108
107
101
99
78
78
63
54
38
45
27
17
14
7
325
639
517
507
249
235
217
173
153
134
89
84
82
78
75
76
40
41
28
20
14
11
366
305
300
251
250
203
185
179
178
164
136
119
111
108
91
75
78
61
64
55
52
22
7
285
311
202
187
172
160
161
147
132
116
98
98
96
94
93
76
69
53
51
42
38
42
12
270
325
297
712
256
248
208
207
158
128
120
103
101
91
82
85
81
66
47
31
18
302
370
338
238
197
184
163
152
150
126
116
103
103
104
95
86
79
55
27
13
10
473
442
372
326
260
258
197
162
154
133
132
103
106
84
75
68
65
61
57
23
20
18
9
311
462
319
316
743
634
222
221
210
203
180
138
135
115
105
89
93
96
77
59
23
14
309
335
635
267
212
178
180
149
141
134
117
116
107
96
97
98
89
78
67
50
41
10
6
290
247
228
179
169
151
144
126
112
99
77
77
69
62
47
54
46
39
19
18
13
10
13
394
662
237
190
185
178
177
167
151
145
128
117
111
80
77
77
59
52
30
8
317
360
333
705
238
223
192
193
183
167
167
170
155
146
136
115
99
66
52
53
46
310
480
424
258
180
156
159
141
141
141
140
120
109
114
109
109
96
83
69
48
13
9
12
392
633
281
281
242
233
219
191
152
148
147
143
136
133
119
119
87
70
53
33
19
23
10
628
571
251
219
167
163
151
146
133
106
106
103
100
92
95
79
58
41
48
31
30
23
13
8
8
442
271
264
262
258
258
258
244
231
214
180
151
129
105
99
94
71
62
54
41
30
15
22
372
371
359
600
320
296
267
233
205
185
181
182
163
150
150
145
114
107
97
91
81
54
29
12
426
334
305
276
266
242
204
153
148
139
121
108
94
86
79
46
53
46
34
23
17
8
546
413
269
262
258
253
199
185
168
167
167
141
139
124
112
117
101
84
78
42
39
15
19
8
587
444
597
309
308
207
198
174
174
173
173
171
166
164
144
134
130
116
110
83
70
70
56
40
14
352
341
268
231
195
198
185
189
183
149
131
115
88
88
79
65
48
39
32
29
22
22
7
7
6
360
349
288
282
280
231
217
206
187
186
175
141
140
131
129
105
35
19
20
12
15
11
402
334
323
263
225
190
148
142
142
137
134
125
130
120
110
97
91
78
59
39
28
23
21
13
571
362
358
261
247
227
217
214
185
151
151
148
109
103
76
47
44
45
33
29
11
14
9
9
448
425
199
198
197
190
182
188
174
152
141
129
117
111
95
81
64
56
35
26
27
31
30
14
522
341
327
251
238
234
228
203
160
139
140
113
116
80
80
73
62
48
32
25
18
7
437
410
377
336
240
239
211
208
175
145
145
139
118
100
85
79
49
43
33
26
16
23
11
