100
6
12
10
6
9
6
7
6
28
28
26
22
22
22
22
42
44
42
40
44
35
46
9
18
10
17
14
13
9
6
6
8
6
6
34
27
27
21
23
75
46
42
40
66
60
14
22
11
11
11
10
10
13
11
9
28
83
80
45
46
40
68
64
6
6
6
7
21
18
19
27
16
16
15
16
44
37
87
100
51
64
9
10
6
6
30
21
23
21
90
66
69
8
9
9
15
14
13
10
10
8
8
8
8
8
7
7
8
7
29
29
28
28
29
32
28
48
53
98
108
71
6
14
19
16
7
12
10
7
6
6
6
30
33
30
103
73
66
9
6
6
6
9
6
6
26
21
24
15
17
16
15
13
40
44
61
57
57
57
107
106
81
14
11
11
10
10
11
10
9
8
26
20
16
16
41
41
40
70
68
62
62
88
16
15
8
10
14
9
9
34
36
7
8
6
6
6
6
45
44
99
21
21
17
19
19
19
19
14
33
28
32
12
12
9
11
7
6
6
51
78
85
99
26
18
24
24
24
46
33
31
31
31
14
13
7
8
8
7
7
8
7
8
6
59
31
30
30
31
24
23
29
29
29
46
36
42
36
36
36
23
21
13
12
174
61
36
36
29
29
43
41
8
7
7
7
8
8
7
7
20
21
10
11
9
10
10
41
38
33
39
11
12
13
12
12
13
9
7
7
7
7
7
7
6
32
31
21
22
22
14
70
146
46
45
44
44
64
60
17
12
12
12
12
12
27
21
28
27
20
10
51
20
22
17
18
18
17
39
25
25
9
8
10
10
12
10
9
9
9
8
7
11
10
55
54
61
27
22
20
22
43
48
48
44
43
36
32
29
11
14
14
8
8
9
8
9
8
25
27
29
49
38
35
20
18
16
21
21
25
6
13
13
13
13
7
10
6
80
86
35
30
30
34
48
24
21
18
18
18
14
13
11
10
6
10
10
10
10
10
7
10
7
69
41
43
43
37
37
52
35
23
20
20
16
18
24
14
8
10
11
10
8
15
7
77
83
47
42
63
54
36
34
15
20
20
20
21
9
8
9
8
8
7
8
8
9
8
8
7
79
52
53
53
63
40
38
26
24
20
18
12
15
14
14
12
14
17
13
12
8
7
9
8
99
57
57
52
71
76
67
61
41
46
41
39
23
28
25
17
17
19
10
10
17
16
17
10
63
62
81
36
40
24
24
23
7
7
8
10
10
10
10
10
8
7
7
7
7
7
66
7
38
29
12
13
9
8
12
8
8
8
9
8
9
9
8
7
8
8
8
8
8
73
69
8
7
8
7
12
10
50
34
34
31
20
28
17
13
14
13
15
13
13
13
13
13
88
15
15
15
12
17
14
14
15
10
12
6
6
6
7
9
42
39
25
22
18
18
15
8
7
11
10
9
8
8
14
12
23
23
23
7
7
6
6
6
23
22
13
13
12
60
28
27
28
9
8
10
9
9
9
9
10
10
8
8
7
6
7
85
27
26
27
20
20
22
21
18
18
51
38
33
34
37
33
15
15
7
7
9
13
8
7
6
32
29
75
59
39
19
20
22
22
20
19
12
11
12
11
9
9
9
8
8
8
36
36
35
28
29
30
34
70
43
43
43
23
24
18
16
9
13
13
9
9
114
39
39
35
29
32
20
24
19
18
14
14
18
16
18
14
14
9
11
8
11
6
7
47
38
23
19
20
19
12
9
16
13
9
12
17
9
9
6
8
8
6
6
9
9
9
8
9
52
43
39
39
41
30
31
35
24
24
24
29
24
21
14
21
14
14
13
14
11
12
11
6
62
44
34
34
37
30
33
19
27
24
23
26
26
18
10
11
19
7
6
8
7
59
75
51
40
39
34
34
35
29
24
26
24
29
24
23
23
16
15
12
11
14
14
11
10
12
77
46
28
29
27
24
20
23
8
8
7
9
7
7
17
7
11
10
11
9
9
10
20
60
47
36
34
12
12
23
21
14
10
10
6
9
8
8
8
6
8
8
8
8
8
8
8
6
6
6
8
8
8
17
10
10
10
10
10
10
10
10
9
8
8
8
9
7
9
7
8
9
8
6
11
8
10
10
9
10
9
8
7
7
7
8
8
8
7
8
8
8
6
8
9
9
9
7
7
7
9
10
10
10
9
10
10
10
10
10
10
10
10
10
10
10
8
10
10
10
8
6
14
14
9
7
6
10
10
14
6
6
6
15
15
15
15
15
15
11
10
10
10
9
8
7
7
6
7
7
6
6
7
7
7
7
6
10
10
10
10
10
10
10
9
10
10
10
10
10
9
7
9
9
9
8
7
8
6
15
14
15
15
15
9
10
10
8
10
8
10
9
10
14
9
9
8
7
6
7
7
8
7
13
13
8
8
13
11
10
10
10
10
10
10
8
7
7
6
7
7
7
6
6
25
25
18
20
19
13
16
15
13
14
11
9
11
8
11
12
8
7
13
6
6
12
10
6
29
25
24
29
20
20
23
18
16
11
15
11
7
7
8
7
7
9
7
8
23
23
21
21
7
7
7
7
7
8
8
8
7
7
7
7
7
8
14
7
7
7
33
32
30
30
30
24
25
24
26
26
27
12
12
13
13
13
7
8
11
8
12
9
8
8
7
8
7
9
8
8
7
8
18
9
9
9
10
10
9
9
7
10
7
7
7
10
7
10
10
7
7
7
10
7
9
7
8
7
6
10
7
6
9
9
10
7
9
7
7
6
7
10
10
9
10
6
6
6
6
6
20
17
13
12
8
10
7
10
8
9
7
9
9
9
8
7
9
9
8
6
6
6
6
23
16
20
21
17
16
17
14
15
12
16
15
15
12
11
9
7
7
6
9
6
10
22
16
15
12
11
14
12
10
9
9
9
11
10
9
9
6
7
7
6
8
7
6
32
30
23
14
20
14
16
15
14
6
14
12
7
7
7
7
6
7
12
7
12
12
8
37
32
30
10
19
17
12
10
8
8
8
6
7
8
7
8
8
8
7
7
6
7
7
7
6
42
35
13
13
12
12
12
12
13
12
6
6
9
9
8
6
6
6
8
6
8
10
6
11
10
9
9
9
9
9
8
8
8
9
9
8
8
9
8
9
6
6
6
6
6
6
32
23
23
22
23
22
21
21
16
14
16
14
14
14
13
12
14
14
11
11
7
6
9
7
10
7
6
10
10
7
6
6
9
39
23
19
19
18
18
16
19
19
11
10
12
12
11
12
15
14
6
7
9
6
9
9
32
32
33
33
31
24
24
23
24
24
16
16
16
17
21
9
9
9
8
10
14
10
9
10
14
61
29
29
26
8
6
6
6
6
7
6
67
22
14
19
17
19
14
20
13
15
13
42
31
12
11
7
11
11
12
7
7
9
10
73
26
26
26
27
26
29
24
20
22
19
19
59
45
39
31
36
16
10
9
6
8
7
29
30
44
23
14
13
16
23
19
7
7
7
6
6
6
9
7
7
11
6
10
11
28
18
12
10
12
12
11
10
10
10
10
10
12
6
8
8
9
6
9
6
6
6
79
61
24
15
15
9
7
14
9
7
13
12
7
7
6
6
7
6
7
6
6
6
6
6
50
61
55
29
20
22
14
15
14
15
10
11
12
11
12
11
11
11
12
10
10
10
7
7
7
41
25
19
25
17
17
8
8
8
8
8
8
6
6
6
9
9
9
8
14
38
24
22
19
21
22
13
14
18
11
13
14
13
14
6
6
6
6
6
6
6
6
74
30
29
30
26
19
12
14
10
11
9
8
9
7
9
9
7
6
6
6
7
7
40
31
31
30
14
14
13
14
13
12
14
8
9
7
7
7
9
8
8
7
7
11
8
7
78
76
20
18
19
13
17
14
12
13
13
16
8
8
8
8
12
10
8
8
7
8
41
17
17
19
15
17
13
15
13
13
6
12
6
6
6
6
6
6
6
11
12
10
10
27
30
18
18
18
18
15
11
15
10
10
9
7
7
10
7
9
10
6
6
6
7
6
44
32
20
23
12
15
12
12
14
14
12
10
10
12
11
10
10
10
10
8
9
9
9
9
52
33
32
28
21
20
20
20
20
19
15
15
15
17
15
15
13
15
10
8
7
75
44
44
44
33
37
33
26
25
26
21
21
19
9
12
9
13
9
9
9
9
9
42
38
31
34
31
28
25
27
26
25
22
18
14
8
14
10
10
6
8
8
6
6
43
32
32
24
15
19
15
12
8
8
10
8
6
6
10
8
8
8
8
8
8
8
8
52
41
45
35
24
20
20
20
20
19
18
16
18
16
16
16
13
8
12
8
59
42
45
41
41
37
38
29
34
33
29
32
33
32
29
25
27
21
21
21
20
16
9
9
7
11
6
14
58
52
49
40
42
38
38
39
34
30
30
26
25
23
21
23
14
15
16
13
10
7
6
8
8
23
23
17
64
63
61
45
35
31
31
26
17
18
20
19
19
8
15
8
8
7
8
8
6
8
6
7
27
27
50
38
36
34
25
26
25
24
16
15
13
9
6
29
33
29
84
57
56
55
55
41
41
38
38
33
31
26
18
18
16
14
14
7
6
8
38
37
34
34
33
93
69
63
62
54
50
50
43
33
23
23
23
31
31
32
17
19
16
7
12
9
14
16
42
39
37
74
59
55
51
51
43
40
21
25
12
21
7
10
7
10
10
6
10
47
44
47
41
73
69
60
56
58
55
53
45
29
30
23
19
16
26
13
9
9
8
8
9
9
49
85
78
78
77
73
61
51
36
35
32
27
14
20
7
14
7
6
7
58
102
91
85
84
84
70
69
68
66
63
53
50
43
43
30
36
34
25
19
22
20
25
19
9
9
10
7
9
59
90
69
58
47
40
25
30
24
30
15
17
11
13
14
14
11
8
8
89
79
76
75
72
65
53
50
37
32
22
20
15
16
19
16
13
7
10
10
6
10
10
8
105
94
69
46
41
24
27
24
24
24
18
11
15
10
7
6
6
118
118
105
105
100
89
86
83
75
73
74
63
63
47
30
38
28
23
13
12
14
15
13
13
9
10
9
9
9
9
117
110
79
68
67
30
33
34
34
28
25
21
22
28
20
17
16
16
8
8
6
6
6
156
82
82
70
62
55
39
40
43
36
30
22
23
13
13
12
13
13
11
7
92
124
113
80
76
69
69
54
42
32
30
27
27
28
16
16
17
10
9
7
9
9
7
9
9
7
6
7
70
59
59
50
46
40
39
39
33
28
23
29
23
21
18
15
15
14
14
12
10
12
11
115
97
81
86
65
62
54
45
43
37
34
28
20
17
19
19
16
17
15
6
9
9
9
9
9
59
42
31
28
24
22
22
24
16
9
9
9
9
9
9
6
6
6
6
6
7
6
112
95
74
64
64
45
50
45
38
39
38
38
36
29
29
22
23
23
14
17
14
11
9
6
9
8
7
9
9
82
69
69
60
49
35
34
34
32
32
32
16
16
10
9
11
9
9
160
125
13
99
69
68
58
39
37
33
31
33
34
16
15
14
14
8
9
6
7
7
15
18
15
14
18
18
124
112
92
70
62
63
53
51
51
44
37
34
26
26
26
21
19
19
149
24
102
110
58
58
58
53
50
47
39
34
31
31
24
25
24
18
7
7
29
29
28
119
90
83
76
73
61
46
50
50
40
38
29
29
29
30
21
23
15
19
12
12
9
29
107
92
80
68
60
55
49
49
45
43
41
42
36
29
28
26
19
20
19
15
9
14
37
39
131
82
61
58
54
46
46
46
46
41
41
31
25
24
23
19
16
9
8
8
42
43
86
72
54
49
178
39
16
29
27
16
16
15
10
13
10
10
6
7
8
9
7
7
49
99
81
74
56
55
56
49
35
33
27
24
15
18
18
18
7
6
6
15
11
6
52
50
155
96
69
65
176
40
34
29
27
23
23
23
16
11
10
9
7
7
9
11
119
91
84
68
61
45
33
28
28
17
18
21
19
16
12
13
11
9
14
6
6
124
115
118
91
89
69
67
53
37
39
33
35
34
26
25
15
21
14
10
9
9
7
65
65
92
87
76
74
69
69
61
44
38
27
26
34
21
22
23
14
6
70
108
102
106
99
96
57
41
43
40
37
37
29
28
27
10
11
8
7
8
7
8
75
76
139
111
102
81
71
65
65
63
45
50
48
32
30
14
16
21
23
13
13
14
84
79
113
107
99
53
40
31
31
31
24
21
18
14
10
17
19
10
6
6
6
6
132
129
91
94
83
51
41
43
41
36
26
25
34
23
19
23
24
9
11
9
9
9
9
11
11
136
30
10
16
10
10
14
10
10
10
8
7
7
7
8
10
7
7
6
6
6
128
114
114
106
80
65
62
50
35
35
21
19
15
11
14
15
12
12
12
6
6
6
11
129
129
89
82
66
65
56
40
30
20
17
17
15
11
9
9
11
9
8
7
7
6
8
8
116
101
76
72
72
54
43
32
23
11
11
10
10
10
10
12
13
7
9
9
6
85
57
47
44
44
30
22
21
19
25
20
16
18
16
16
16
13
14
14
12
14
14
13
11
10
100
88
82
62
53
35
33
33
16
10
17
17
16
7
8
7
7
7
7
6
8
6
8
7
7
6
6
6
77
40
36
29
27
25
25
23
16
19
9
10
12
10
10
12
9
9
9
144
129
266
11
7
7
7
7
59
45
45
51
42
42
42
41
31
33
30
29
28
29
29
14
15
12
12
10
10
10
12
10
10
12
9
9
9
9
6
68
59
41
39
34
32
32
30
20
17
18
17
22
21
15
16
17
17
14
7
86
73
52
46
44
40
41
37
39
30
34
144
22
22
24
25
22
14
14
14
114
86
60
60
51
51
44
44
43
43
41
33
30
28
25
27
27
19
19
19
15
19
58
46
40
40
34
35
7
6
9
7
8
8
8
8
32
30
24
24
24
24
21
54
40
41
9
9
11
9
9
9
8
9
9
9
9
8
9
9
159
37
39
37
42
28
75
72
71
71
61
61
58
56
54
49
16
17
14
14
11
8
7
40
34
34
77
77
79
61
52
49
21
19
18
17
12
12
9
7
7
9
9
9
9
47
41
32
134
66
66
25
27
24
19
24
19
24
14
18
12
10
14
14
10
9
6
52
52
52
90
82
71
60
59
29
31
29
28
22
22
20
19
17
17
19
14
6
6
49
83
75
29
34
27
28
27
24
22
22
24
24
16
6
6
6
6
10
6
6
8
7
67
47
54
54
54
104
98
84
74
31
29
26
24
18
11
11
11
7
7
7
7
8
7
71
67
67
150
90
91
89
38
38
37
30
23
23
21
29
12
11
7
8
8
8
8
84
82
81
50
53
53
41
39
39
35
39
26
21
26
21
21
17
15
14
12
6
6
77
75
67
132
106
98
62
54
47
47
31
31
39
28
26
27
24
23
22
14
7
6
82
80
194
58
54
52
52
46
36
44
30
28
27
24
22
20
14
12
15
15
15
9
7
109
64
68
68
65
49
31
32
32
27
27
24
27
20
19
10
7
7
12
10
7
12
6
7
6
92
84
128
62
62
59
43
41
25
21
12
20
10
10
12
8
11
10
10
89
153
118
82
78
68
67
53
53
46
40
42
31
30
30
26
25
20
24
12
16
15
7
102
83
56
56
64
51
51
45
47
41
42
36
34
34
31
36
31
31
29
20
14
20
9
13
130
127
83
69
69
56
56
61
48
47
41
36
36
27
32
32
28
25
25
16
16
10
8
81
74
68
66
33
41
35
31
28
30
16
19
21
10
8
9
10
9
9
8
8
6
8
87
82
59
64
55
58
46
50
42
36
28
21
20
15
19
15
18
9
7
7
7
13
92
87
86
89
71
68
66
51
32
27
33
31
30
25
23
14
18
13
16
10
10
6
10
8
100
96
86
72
72
68
59
54
50
40
42
32
36
30
23
28
28
24
28
20
15
12
8
124
6
88
73
64
61
65
35
36
43
29
30
21
28
25
20
12
11
10
10
8
8
7
133
11
9
9
9
8
8
8
8
78
69
49
40
46
33
29
25
13
7
7
8
6
6
14
14
13
13
110
99
97
67
61
43
30
16
13
8
9
9
9
9
8
8
9
19
19
21
18
50
45
43
23
30
18
14
15
8
10
7
7
6
11
8
7
8
6
24
23
23
23
93
70
49
47
45
40
36
22
19
20
19
11
11
16
9
10
9
175
165
29
29
28
28
66
49
49
50
28
28
26
24
25
16
18
18
15
7
14
14
151
33
33
33
137
129
104
98
81
60
33
30
28
29
21
21
23
12
19
11
6
8
8
188
38
38
97
87
57
44
49
47
34
16
10
12
10
10
13
9
9
9
6
7
43
43
43
102
105
84
73
53
43
41
26
30
30
15
18
17
14
14
14
9
6
49
48
48
86
73
75
57
54
44
43
36
37
21
20
23
19
19
12
8
8
9
8
8
8
54
53
54
53
53
53
127
48
41
18
18
18
12
14
9
7
12
9
7
7
6
10
207
58
85
55
58
53
53
46
33
30
34
27
29
23
24
24
18
18
15
15
15
9
8
235
63
133
68
63
61
61
59
50
35
34
32
32
31
34
25
23
19
14
9
9
8
68
71
68
130
95
87
93
85
77
63
45
55
39
39
40
39
39
39
33
25
15
19
6
74
73
73
68
69
61
62
52
48
44
39
26
23
24
24
8
11
13
8
8
7
7
7
78
78
74
72
53
53
39
32
23
19
13
10
13
7
6
6
9
7
10
9
10
6
132
90
83
81
75
71
54
54
45
43
43
43
45
39
33
34
34
32
18
21
21
18
7
14
6
166
88
67
59
59
52
44
45
23
20
16
9
7
9
11
7
7
7
7
118
110
72
59
58
59
53
52
40
30
28
25
19
21
22
24
16
14
15
14
8
12
169
98
73
63
64
59
38
38
30
17
17
17
17
17
17
9
8
7
7
9
7
9
8
7
9
92
82
74
78
74
71
69
69
55
62
54
44
43
41
35
35
26
26
26
22
17
19
10
10
108
221
212
108
104
87
79
68
64
64
58
55
43
43
35
39
27
19
19
17
12
6
13
15
113
173
151
146
109
106
85
84
75
72
72
72
64
53
51
53
45
47
32
29
32
10
9
6
121
118
158
108
96
83
77
66
55
53
58
53
50
53
50
37
35
27
29
14
16
23
238
172
157
148
129
110
92
74
61
58
58
51
48
46
44
34
34
17
19
10
234
177
124
115
93
88
82
63
60
51
39
39
35
35
30
33
24
10
9
9
7
133
163
111
104
97
93
94
68
68
67
67
65
52
49
44
32
27
26
26
26
11
11
11
7
141
139
138
109
99
73
73
67
57
57
52
57
50
49
45
36
34
31
17
19
16
12
10
15
219
108
75
62
54
30
22
21
15
15
17
8
8
8
8
13
8
7
7
6
7
144
127
101
104
56
26
29
30
26
27
23
25
22
26
12
12
13
12
10
9
9
6
6
178
153
153
130
118
104
91
88
75
64
64
58
40
40
39
39
35
31
27
23
17
14
10
7
183
147
123
112
96
78
44
52
52
36
40
39
35
35
25
21
11
16
16
10
6
7
163
163
163
98
95
74
50
37
28
28
27
25
25
17
14
15
8
7
10
10
8
9
127
128
119
79
79
60
49
33
29
30
30
26
27
25
18
15
12
15
9
14
7
6
6
6
162
110
90
78
59
55
54
46
35
35
37
32
21
20
25
15
14
12
11
6
9
172
143
135
97
57
41
40
19
23
22
16
16
12
10
15
11
15
10
10
6
183
123
107
94
94
90
80
65
61
53
57
49
44
35
41
36
35
34
35
30
22
7
9
11
9
123
123
107
106
82
74
81
66
66
66
52
37
40
27
27
26
21
6
8
19
193
162
158
134
124
80
86
79
71
65
57
57
54
45
45
35
40
31
14
11
7
10
7
7
201
169
162
133
129
76
79
68
59
49
47
50
39
40
45
21
8
8
8
138
119
97
90
80
68
67
66
61
57
54
44
36
30
21
21
23
27
20
13
127
131
95
72
77
70
48
47
39
28
34
40
22
18
11
10
9
7
7
8
8
9
211
145
120
92
98
90
77
65
64
65
53
52
51
45
23
23
20
15
12
13
7
7
7
189
183
142
125
83
72
76
65
59
52
32
30
28
21
21
18
15
11
7
8
10
7
202
170
142
121
116
110
88
84
75
80
75
74
62
62
55
61
47
33
26
22
18
20
20
11
7
12
6
8
8
197
193
85
80
74
66
52
35
31
27
27
26
23
22
23
21
20
12
16
12
154
103
97
85
75
72
72
68
65
47
41
35
34
33
32
28
18
23
6
6
12
195
170
131
90
90
79
82
58
56
48
56
41
43
42
42
38
35
6
6
6
22
193
154
117
107
113
95
53
48
47
49
42
41
35
35
13
16
11
10
10
6
9
9
24
25
113
111
110
93
87
82
86
66
69
59
51
53
47
45
42
41
40
10
10
10
13
6
34
213
185
185
176
160
148
145
146
131
104
92
91
79
56
56
56
51
38
16
15
9
9
305
31
157
116
97
92
96
78
79
76
72
63
61
60
56
48
29
25
26
20
19
19
11
9
6
40
225
209
157
116
121
110
101
66
62
58
61
58
53
55
56
31
31
31
30
24
21
11
6
268
42
47
191
175
82
78
82
75
71
60
36
36
30
33
33
24
24
16
8
9
9
9
55
52
47
131
132
126
111
106
94
73
68
58
36
36
31
31
34
17
14
15
14
9
10
10
6
136
110
110
88
88
50
51
44
34
34
18
20
18
10
16
10
10
16
6
6
65
153
161
121
115
85
82
82
84
77
75
51
45
40
44
44
34
25
24
25
21
14
13
65
65
266
207
190
166
131
127
102
88
81
80
53
49
36
28
21
7
16
9
14
8
18
7
73
228
216
191
171
151
107
98
90
85
58
54
54
38
49
34
34
33
30
32
30
26
26
31
298
140
137
93
91
83
65
60
61
59
59
46
43
46
39
37
28
12
9
6
8
129
113
95
71
64
64
64
44
39
31
18
16
17
17
15
17
12
8
13
13
7
6
7
6
229
122
107
106
76
75
71
69
64
56
40
27
38
22
13
16
16
16
14
12
11
96
178
176
151
151
151
109
69
54
52
41
21
17
14
10
10
10
8
8
7
6
241
168
112
107
83
74
49
46
28
26
17
14
13
13
13
13
10
9
10
10
9
6
100
280
261
122
117
71
51
27
25
15
14
10
10
9
9
11
11
10
10
9
9
6
7
104
127
127
90
86
68
56
54
49
51
42
32
30
26
29
22
23
22
23
20
14
8
9
9
176
136
131
125
94
89
81
89
78
69
48
52
51
43
36
37
28
34
28
28
25
20
8
7
225
130
66
36
37
35
33
33
33
33
27
30
28
24
26
18
12
20
12
9
11
7
221
181
137
116
99
82
73
69
65
57
53
51
48
45
45
39
38
35
16
8
130
151
115
110
91
62
62
64
63
51
52
52
51
50
45
42
37
36
35
28
29
21
17
6
6
120
96
101
93
94
94
71
69
56
50
48
48
45
45
40
39
35
35
39
25
19
160
126
123
101
99
99
95
76
66
59
53
53
53
53
53
48
32
28
21
18
32
14
16
9
173
135
90
71
71
60
51
49
42
37
46
36
32
19
19
19
16
7
11
7
7
6
15
130
130
130
121
73
79
76
71
63
63
59
50
43
34
21
24
24
8
20
16
13
15
216
158
134
132
90
83
76
76
75
68
68
63
47
49
42
42
38
29
29
28
25
9
9
118
106
94
90
93
95
82
81
76
74
73
52
44
42
36
19
29
10
15
9
16
6
7
6
343
173
123
87
78
73
73
71
70
69
39
26
34
21
9
10
11
12
6
10
171
150
149
112
114
103
83
78
76
44
44
44
36
32
39
33
22
28
21
16
6
10
160
121
88
85
83
59
51
46
50
46
35
41
26
31
19
15
7
7
6
6
7
9
7
138
137
129
101
90
72
76
57
54
25
25
24
26
24
26
10
10
14
8
7
241
188
165
122
111
102
98
98
94
80
85
59
61
55
41
36
34
19
16
15
12
10
6
6
118
103
94
82
75
82
80
66
51
46
36
31
22
10
10
18
9
6
9
6
9
9
6
7
187
251
205
181
150
125
129
108
104
58
57
60
29
29
25
29
16
21
15
22
12
14
123
126
122
122
114
104
104
90
74
50
37
21
25
21
27
22
21
9
6
9
7
10
13
168
159
131
115
106
78
71
61
61
59
37
36
26
24
20
24
14
8
8
7
8
6
222
156
120
103
50
57
30
27
25
15
17
25
20
15
14
7
8
15
7
7
7
6
7
298
157
149
141
128
119
78
69
72
40
35
38
24
20
28
18
20
20
12
20
11
203
130
124
112
110
76
66
54
50
41
45
25
25
20
25
17
17
16
17
10
7
8
199
109
100
101
57
59
59
40
44
40
30
30
30
35
27
30
25
30
13
22
13
13
249
209
82
83
70
70
58
42
43
27
30
20
12
14
12
11
6
6
9
7
6
6
65
60
50
42
44
43
37
24
26
31
26
31
18
19
19
11
11
8
7
10
8
10
6
10
150
76
71
74
32
22
21
17
16
13
15
13
15
15
9
6
8
10
10
8
219
202
166
151
64
50
45
35
33
23
21
17
16
16
20
10
15
13
15
7
10
138
103
65
66
56
31
37
26
27
25
21
25
24
23
19
20
16
15
20
9
7
15
9
7
147
107
87
76
70
70
46
45
36
34
31
36
26
25
25
20
25
14
7
8
7
7
173
116
75
54
44
44
44
41
31
35
29
27
22
25
23
22
19
19
6
14
10
6
242
186
177
87
84
72
77
62
56
46
53
41
41
41
36
35
24
15
12
11
10
9
10
9
216
86
89
72
54
48
46
46
40
33
32
16
6
10
8
10
12
6
6
10
8
8
124
124
105
109
72
71
69
66
63
50
41
34
31
37
32
21
25
25
19
8
229
184
136
95
77
62
68
64
68
55
41
37
45
38
32
26
26
32
16
20
20
15
18
9
8
13
12
16
161
146
135
106
104
73
55
53
38
37
31
21
20
20
14
14
111
96
93
90
74
78
63
52
39
34
26
29
9
7
7
10
12
7
10
10
9
9
10
27
19
27
18
28
114
103
92
83
83
81
72
70
65
60
49
57
42
30
30
10
12
12
12
8
33
113
76
72
68
50
20
9
10
9
8
14
9
9
8
8
8
8
7
9
6
7
38
37
40
29
37
136
111
95
76
59
23
28
22
14
19
14
16
11
6
8
7
6
7
7
33
42
57
57
49
54
25
27
30
27
27
18
11
12
10
12
10
10
10
10
10
10
10
317
44
45
47
145
120
93
77
51
50
58
35
32
28
17
19
16
14
14
12
10
240
99
92
84
57
40
20
22
23
20
20
20
17
13
13
17
10
7
8
7
7
8
7
7
95
79
61
40
42
38
33
34
34
36
14
17
18
11
13
9
9
9
9
9
9
9
6
6
6
63
93
65
39
30
31
30
30
24
23
17
16
14
14
14
11
11
11
11
7
8
8
7
7
175
100
24
27
23
30
29
22
21
15
17
13
13
13
9
11
10
6
7
8
7
7
7
274
48
42
40
40
33
27
21
19
17
18
14
16
12
14
12
12
12
10
7
7
116
99
91
95
45
42
42
32
32
29
31
23
20
21
21
15
15
12
15
12
12
10
10
80
127
63
51
50
47
50
40
38
37
35
27
28
27
24
26
26
22
17
19
17
9
10
176
60
55
47
42
42
41
39
35
35
26
22
20
17
14
7
7
9
7
7
7
62
60
59
60
53
47
47
44
45
44
44
40
42
38
32
27
30
19
19
20
26
19
17
97
74
65
56
60
62
52
50
49
49
46
43
43
43
43
37
37
31
30
25
22
21
19
17
17
68
60
61
54
55
55
50
48
47
46
43
43
37
37
39
30
26
24
22
21
20
22
6
151
75
65
62
59
55
53
49
50
52
51
51
47
44
33
26
27
26
23
23
8
7
6
177
97
80
72
67
64
51
50
49
50
44
37
36
35
31
12
10
10
9
8
8
8
10
10
6
251
84
77
69
67
55
45
45
45
42
41
39
37
37
33
17
30
26
32
15
15
12
13
13
90
73
71
68
68
66
66
66
62
64
57
54
41
22
33
20
20
21
21
13
16
9
7
8
119
79
75
71
71
55
51
47
27
40
35
13
14
9
10
12
13
13
7
7
7
8
7
6
6
94
87
84
81
78
71
72
67
67
69
64
56
57
40
43
28
23
19
24
18
18
14
14
150
113
105
92
90
85
72
56
54
57
56
36
34
35
33
36
21
19
16
14
7
7
9
91
90
82
69
60
42
29
36
29
27
28
22
22
24
10
19
11
10
13
12
8
8
132
93
85
72
71
53
43
33
29
29
27
27
16
19
16
13
13
13
8
9
9
10
7
113
107
100
91
92
79
84
79
72
72
71
59
49
37
38
38
32
24
21
18
18
17
6
7
131
113
109
100
94
92
85
62
53
43
37
37
39
37
26
23
23
20
18
8
8
6
6
106
97
90
69
66
56
44
39
32
41
22
21
28
13
13
9
8
7
6
11
6
109
105
87
86
67
64
62
49
46
36
36
33
33
21
22
18
16
10
9
9
10
9
7
7
193
149
117
116
77
58
58
53
40
43
38
30
23
24
21
22
15
8
13
11
7
6
6
145
132
97
85
75
76
57
43
43
37
32
23
26
27
20
19
20
13
17
17
14
11
9
11
168
147
138
126
106
84
97
78
68
48
48
42
41
45
34
39
26
31
25
16
9
10
9
7
9
274
111
87
74
83
69
56
53
53
38
38
35
30
30
30
29
27
22
21
20
18
15
9
137
136
130
116
93
94
79
58
45
35
31
24
26
20
20
20
19
17
19
10
10
13
12
6
142
139
119
93
77
51
51
48
48
46
36
34
30
31
31
25
21
20
22
12
16
15
9
163
158
146
120
113
75
68
68
68
63
45
44
44
34
33
27
23
28
27
27
23
10
11
7
162
162
144
127
106
103
73
61
50
50
50
42
39
35
35
35
24
8
10
11
11
8
139
131
118
101
78
75
72
55
52
46
44
40
39
37
39
33
29
29
31
23
10
15
6
6
8
147
143
83
76
79
72
66
60
53
59
40
31
29
23
31
20
15
19
15
10
171
109
104
108
90
83
71
71
65
65
64
55
56
56
49
50
41
40
36
26
20
16
15
25
14
239
16
15
11
198
99
95
93
89
86
86
81
70
60
59
54
45
39
39
31
7
6
6
6
20
22
178
114
112
98
83
82
73
60
57
47
46
44
32
12
14
9
6
6
11
11
24
23
26
117
103
64
62
62
55
53
51
49
16
7
7
8
8
8
10
10
8
7
7
26
138
104
85
85
76
69
60
50
54
55
46
34
25
22
16
16
12
9
10
10
10
174
166
143
129
128
110
98
104
96
88
75
75
55
30
27
27
22
21
20
18
13
10
7
36
227
210
187
107
95
84
84
84
86
77
70
64
58
32
36
26
19
20
9
16
202
157
142
89
84
78
71
75
60
40
40
36
27
29
25
25
25
14
14
9
8
6
46
50
46
142
141
104
105
102
95
93
68
67
42
42
46
31
32
29
8
7
6
56
117
116
95
85
86
78
72
37
34
35
33
32
32
23
15
15
15
9
11
12
12
12
58
212
179
131
124
97
81
51
51
51
42
43
44
20
22
19
18
10
11
9
11
6
61
221
174
177
161
140
105
57
61
60
45
45
25
23
25
17
15
12
11
14
7
7
7
164
127
131
131
124
116
110
88
56
53
44
47
30
30
27
26
27
20
16
8
8
9
6
7
169
153
131
109
106
95
93
99
57
55
35
35
33
25
22
21
12
11
11
9
82
97
62
49
40
40
40
39
36
37
31
30
30
29
27
27
16
16
16
16
17
14
9
9
7
156
116
77
75
72
57
53
44
41
35
32
33
24
27
21
7
7
6
12
10
6
86
92
187
161
127
121
75
70
70
59
62
37
37
37
32
30
26
26
23
12
12
10
8
8
251
203
147
139
87
87
87
86
74
55
59
55
44
44
45
33
32
13
14
13
11
7
10
10
91
89
86
82
58
58
56
49
49
48
36
36
32
22
18
18
13
12
9
9
8
11
142
100
83
63
63
62
58
55
52
54
41
34
39
27
26
23
21
9
13
8
8
8
7
6
111
201
150
105
99
93
89
79
79
68
70
67
46
40
32
28
31
27
28
22
6
193
110
94
75
72
57
52
37
40
33
34
33
34
36
31
33
28
30
31
27
17
10
6
116
277
278
198
151
115
103
99
89
77
69
71
70
58
56
49
42
43
42
37
35
29
11
6
121
196
165
116
83
81
78
74
72
65
61
62
47
47
43
41
43
42
38
29
26
28
16
16
126
248
184
137
106
90
88
88
68
68
66
62
63
52
39
40
8
9
6
7
243
151
129
119
120
114
95
93
93
91
92
69
62
57
55
31
38
26
26
13
12
24
19
14
14
143
213
177
167
157
112
87
78
67
62
58
61
56
55
53
47
21
16
6
166
127
114
114
117
105
104
99
94
82
65
63
62
60
58
56
48
37
36
31
28
16
17
10
9
153
249
230
198
110
110
106
102
87
93
79
53
53
44
39
23
27
15
13
9
11
10
246
190
148
121
115
108
106
108
101
82
75
64
59
57
46
27
32
20
14
14
7
9
7
155
146
120
120
118
110
108
98
97
82
76
63
51
37
30
20
12
9
9
9
232
219
157
144
141
117
104
102
98
101
84
86
78
58
42
26
21
18
17
18
14
17
14
7
10
149
130
130
122
107
107
107
104
96
88
74
71
65
66
61
61
35
35
35
33
31
15
8
339
230
212
122
115
111
104
97
95
93
91
88
78
67
64
51
40
29
27
24
22
9
6
16
258
163
165
100
89
83
71
58
60
54
32
28
32
32
29
23
27
10
11
188
181
180
164
145
103
103
101
98
98
89
80
63
62
58
32
32
16
23
21
15
21
15
9
149
148
119
101
99
92
81
81
81
81
69
67
46
33
36
20
31
10
10
12
7
8
226
155
131
108
100
87
75
72
60
65
56
56
56
54
43
44
44
39
41
33
26
25
15
292
158
147
139
136
112
105
77
63
49
38
30
25
24
24
24
20
23
15
17
10
6
12
268
242
223
142
127
109
99
97
73
65
65
65
60
56
53
48
51
26
19
22
6
6
10
10
10
206
256
165
125
123
123
112
101
90
74
80
63
62
34
34
34
28
19
24
24
13
13
211
187
172
135
106
92
88
74
53
46
44
39
38
38
32
29
29
16
16
13
6
8
162
154
136
135
97
83
69
63
61
49
40
27
21
16
9
7
7
6
7
6
8
9
286
242
142
138
116
116
102
85
84
59
45
45
46
42
42
32
30
15
13
7
9
265
169
107
107
97
98
97
90
85
85
77
67
59
53
50
44
40
40
32
26
23
12
14
8
281
274
184
147
91
89
78
68
65
59
36
30
31
29
31
29
28
28
23
19
10
8
10
332
223
196
189
99
91
71
65
60
54
52
45
33
27
28
24
16
9
15
9
8
8
8
425
291
213
172
124
115
104
96
63
46
46
40
40
38
32
32
28
14
14
267
246
234
179
168
158
141
128
113
74
65
67
67
64
57
32
33
23
26
14
11
11
8
256
419
239
212
198
182
170
147
148
146
120
80
57
51
44
41
37
37
19
19
15
13
256
195
176
120
121
115
115
112
107
107
90
74
56
52
35
28
24
24
18
18
7
6
7
291
182
159
116
114
106
95
85
85
81
79
79
83
58
57
57
52
49
41
29
26
12
18
254
227
156
138
119
112
94
84
72
65
68
63
59
52
46
46
46
38
31
28
9
9
194
118
121
95
89
91
70
68
68
67
62
53
51
36
28
19
15
15
7
7
7
7
260
236
229
190
158
158
148
145
129
127
123
96
69
69
68
60
59
56
18
9
8
424
383
221
204
203
187
176
162
157
146
140
137
138
134
102
77
64
53
49
43
46
45
38
22
250
156
120
114
112
97
91
85
78
78
68
65
51
51
38
29
13
8
8
8
6
6
281
273
264
224
213
194
96
97
71
63
61
56
53
45
37
31
32
27
23
21
10
8
352
234
159
154
131
124
116
118
110
101
106
95
78
51
39
38
26
19
26
8
8
10
8
6
7
297
242
223
225
184
185
182
182
171
166
151
110
109
99
97
71
56
37
13
12
371
259
195
175
172
160
157
148
105
99
94
86
77
70
60
57
50
41
34
31
28
10
10
436
251
247
208
180
167
157
144
138
129
122
109
105
76
68
73
60
42
22
13
8
7
173
172
169
149
140
137
115
98
98
88
88
78
73
64
32
20
13
6
8
8
8
243
199
161
139
137
120
115
117
108
82
48
43
37
41
32
25
25
25
25
25
14
13
11
8
348
286
277
250
200
153
150
144
125
122
116
91
90
61
41
30
30
27
20
18
17
8
6
304
226
159
150
138
130
124
127
119
96
93
74
75
35
38
35
34
35
23
23
24
15
288
262
243
225
200
170
146
135
136
127
112
87
67
42
15
14
8
10
11
10
8
7
8
300
281
281
267
175
168
141
121
106
98
84
73
45
45
45
30
28
16
13
13
9
8
7
286
265
226
220
173
164
164
111
76
68
51
54
51
43
43
32
31
21
22
18
14
6
12
301
268
227
207
167
156
160
153
131
122
123
78
79
61
54
45
51
44
41
22
18
7
332
298
212
175
162
129
97
56
45
30
31
30
26
27
22
24
22
18
10
8
15
6
327
278
206
182
155
157
137
130
125
103
72
72
64
58
39
36
36
23
26
27
16
272
194
190
110
109
88
86
51
44
52
43
34
35
36
32
34
26
18
21
21
25
10
15
224
200
167
160
154
153
150
133
101
93
75
65
65
63
42
37
36
37
12
10
9
9
323
314
290
210
181
127
133
112
96
86
70
54
58
47
44
48
43
42
28
15
17
6
304
232
153
143
140
140
125
113
101
93
91
73
60
65
56
47
47
40
19
19
11
6
10
452
250
215
194
184
179
152
143
116
104
80
79
61
52
54
52
41
41
35
24
24
18
10
8
364
341
331
288
261
225
184
139
126
128
121
118
119
93
93
65
58
57
51
50
36
32
29
15
8
351
291
196
198
189
139
128
99
82
84
79
67
64
58
41
21
10
20
20
20
8
6
158
108
106
95
87
91
89
76
74
73
69
67
56
46
39
34
26
37
33
14
11
10
8
328
313
239
230
196
194
188
192
175
128
117
106
93
78
74
72
58
52
51
45
30
15
13
8
335
258
182
183
138
133
115
82
72
68
61
57
49
34
15
18
14
14
14
8
8
463
379
214
218
164
159
147
156
138
138
93
84
78
78
72
61
54
40
32
27
20
20
18
248
221
172
164
157
81
76
70
59
49
44
38
30
28
24
23
24
23
18
15
15
587
231
180
155
141
137
128
104
110
91
64
62
58
37
30
28
29
25
23
20
12
8
6
7
193
190
189
151
138
135
134
128
101
60
53
50
40
41
29
33
25
22
20
21
6
7
11
331
299
128
104
102
74
72
74
71
68
72
47
43
29
30
25
25
22
16
18
10
10
432
294
293
257
233
163
86
80
65
55
53
48
45
35
35
35
30
32
21
10
15
7
7
7
7
243
228
212
140
70
53
53
56
57
50
49
43
39
32
36
26
16
10
10
8
307
12
9
8
224
213
216
187
136
123
119
123
117
118
89
86
83
84
73
75
55
49
38
21
411
284
278
14
231
158
154
150
131
122
111
79
65
63
59
50
50
50
25
26
23
20
7
19
12
12
18
18
244
235
225
177
130
128
121
116
106
110
100
97
68
63
55
50
36
41
41
335
287
198
194
160
156
152
121
110
104
73
70
52
57
52
46
42
35
33
33
33
7
9
7
289
32
30
22
250
201
146
142
131
137
123
109
62
62
61
46
51
35
35
22
8
12
8
8
36
36
27
27
32
208
164
148
138
131
122
112
109
87
50
41
43
43
27
13
17
9
523
403
39
39
36
203
147
137
103
91
90
88
78
78
72
48
45
48
27
22
6
381
42
254
258
258
213
148
141
116
112
81
80
76
75
66
53
53
27
23
11
10
10
406
53
51
48
48
239
195
188
164
163
158
159
157
155
132
95
85
59
41
32
22
21
57
47
52
53
269
253
218
160
105
100
103
98
66
34
33
33
27
29
22
14
12
16
53
183
153
145
103
98
92
70
71
44
31
22
22
10
9
10
9
10
6
6
413
65
60
288
250
190
158
123
110
108
97
86
80
73
49
47
43
37
36
32
21
21
15
14
13
68
284
233
197
161
152
135
120
120
105
105
108
60
52
44
44
29
26
20
14
18
13
7
73
270
185
161
157
120
118
97
83
80
83
78
66
57
53
35
25
29
27
12
17
12
6
231
224
203
184
180
153
145
103
100
95
90
94
91
62
68
60
44
47
30
30
24
9
389
249
228
218
198
197
130
120
115
112
106
95
100
93
35
33
35
28
22
11
6
8
8
88
314
260
236
221
135
135
98
98
82
81
68
64
57
54
56
40
38
33
30
26
9
6
6
93
218
179
177
160
139
122
105
106
79
62
45
45
31
14
7
10
10
10
10
10
7
327
250
243
193
191
145
148
143
111
82
74
78
72
65
59
56
52
35
36
33
21
19
15
525
427
105
239
230
143
115
57
55
53
55
49
49
49
43
33
33
28
16
17
15
14
9
451
108
104
278
219
161
140
101
84
80
72
67
69
60
61
59
60
52
45
25
22
9
9
382
116
228
205
183
160
150
125
126
97
96
74
65
65
59
53
42
34
30
25
24
25
13
12
118
348
297
251
199
111
98
102
93
80
70
70
68
64
62
35
35
32
24
14
15
10
8
117
234
223
173
160
135
133
113
113
98
92
91
89
89
84
84
85
67
48
37
7
6
6
533
275
265
94
92
89
80
78
74
53
52
46
27
30
25
22
23
21
14
12
11
10
10
6
437
135
291
248
250
185
113
110
97
63
61
53
47
43
32
27
29
21
26
10
13
288
291
283
203
185
143
131
112
99
94
68
72
62
55
56
50
44
43
28
25
29
15
6
290
195
125
104
95
87
72
64
38
41
38
27
27
27
26
27
19
19
15
6
143
311
259
237
215
197
194
173
175
129
115
98
88
69
60
42
46
44
30
7
10
7
280
218
139
133
119
99
76
70
53
64
52
34
23
18
9
9
9
7
7
8
7
161
161
211
192
187
165
131
134
134
88
82
72
70
68
58
52
42
22
28
17
14
7
6
288
180
173
141
115
109
113
101
105
92
92
86
77
49
56
46
29
31
33
25
20
9
285
244
220
158
154
144
130
114
101
93
82
79
79
64
58
51
45
27
31
19
23
6
7
177
404
289
226
220
162
154
142
144
121
117
112
101
97
72
83
57
56
54
39
37
26
11
178
305
262
225
141
136
130
111
100
96
92
88
74
64
61
59
55
48
37
34
35
27
15
16
7
301
273
250
157
152
149
135
125
115
112
108
90
90
71
47
42
42
34
34
32
31
189
253
206
171
164
146
116
72
71
71
71
62
55
44
39
35
26
23
21
20
17
16
15
17
8
477
276
177
143
141
133
123
105
92
93
81
81
60
52
46
46
44
44
44
26
25
15
16
127
127
116
112
111
106
108
94
94
95
58
57
54
55
53
44
32
32
30
28
15
18
7
8
202
381
278
187
164
166
153
141
127
104
102
89
70
67
65
60
56
58
35
33
32
31
9
210
208
250
237
218
160
160
160
120
119
83
55
48
54
36
35
37
14
18
14
8
8
245
242
142
76
76
68
68
68
67
50
59
41
19
22
19
13
13
9
9
9
7
221
187
170
170
139
114
108
106
99
95
81
74
70
73
49
43
24
27
28
9
10
8
225
220
372
332
309
189
142
116
106
82
76
74
77
69
59
59
33
40
36
25
11
8
6
320
256
212
221
180
186
172
157
134
125
99
74
74
59
57
43
39
28
19
24
12
9
9
7
494
292
283
263
240
209
196
126
117
115
103
100
97
89
88
82
70
64
63
66
33
23
14
360
322
202
190
184
162
152
145
134
131
101
94
82
79
68
70
66
62
62
34
24
16
19
685
577
243
239
382
297
172
126
126
107
106
102
91
89
76
68
72
54
39
24
12
9
248
418
411
389
303
238
214
198
132
131
121
107
95
92
77
59
68
68
38
44
38
31
13
11
384
362
214
205
178
146
137
112
103
104
99
82
79
79
50
11
18
12
10
9
10
9
9
7
276
219
221
154
123
105
87
85
69
75
68
58
62
46
38
35
28
28
24
14
11
11
403
243
207
156
146
144
127
119
117
117
112
109
104
107
95
72
69
61
49
51
47
20
19
9
302
220
220
205
186
179
154
138
122
78
56
56
38
36
26
19
11
10
10
8
8
285
257
225
219
156
156
136
133
124
122
114
106
97
79
79
69
47
29
22
18
19
14
278
190
150
116
118
116
107
72
65
68
34
34
29
20
20
24
18
18
15
12
176
171
112
110
89
89
83
82
67
73
55
52
46
32
31
30
26
25
16
10
240
238
210
209
203
171
137
126
118
98
98
74
57
46
44
34
30
30
30
28
30
20
12
13
254
249
224
205
146
129
120
118
99
83
83
74
65
61
52
46
39
33
27
25
24
12
7
242
218
184
176
179
124
119
98
92
94
81
75
44
41
38
34
30
27
17
21
9
302
398
320
242
224
180
167
160
82
61
46
48
43
43
39
35
22
7
7
9
6
267
272
198
192
172
171
165
155
131
133
108
113
103
97
96
70
61
50
38
26
422
360
244
172
162
141
133
109
89
71
69
66
62
49
46
30
31
27
12
16
15
7
8
444
242
164
150
127
128
122
117
112
89
83
74
75
69
63
55
55
51
45
38
25
24
9
333
275
228
167
152
109
81
79
66
65
59
59
60
43
25
14
14
12
10
13
6
6
6
6
224
224
221
187
152
143
132
124
57
42
30
30
24
19
10
11
6
6
8
8
6
6
6
472
444
370
350
229
216
192
189
187
139
137
118
117
89
76
75
66
35
29
23
18
17
13
9
288
249
252
237
176
165
163
128
116
96
107
94
87
87
80
80
40
37
29
6
537
274
255
227
202
194
176
168
137
89
86
76
68
50
49
38
29
27
27
9
11
6
11
474
207
181
184
165
140
132
136
117
102
97
90
68
71
45
39
26
25
16
10
20
9
360
299
267
273
252
236
212
208
208
119
112
109
110
106
88
80
71
64
59
52
53
43
33
21
410
310
272
225
217
152
127
112
100
100
98
91
91
89
76
69
65
55
41
29
25
16
7
7
7
332
241
192
188
153
142
121
99
92
96
77
70
74
60
60
54
53
48
46
46
24
14
12
264
199
196
174
172
134
110
100
81
72
68
58
58
51
46
32
29
26
25
27
27
9
9
9
349
250
222
205
182
175
169
167
167
161
111
110
100
96
70
47
23
15
8
12
11
362
316
295
237
237
182
149
146
134
111
111
110
89
88
65
65
46
31
27
27
6
294
297
279
237
155
139
120
107
110
74
73
66
63
62
57
55
33
32
31
22
22
21
21
7
11
248
247
172
134
131
88
84
71
67
67
56
29
26
23
15
10
6
6
11
6
6
6
6
485
405
271
225
149
126
93
95
88
79
76
61
42
39
31
31
31
20
17
21
11
508
280
221
188
155
131
131
116
122
109
89
85
82
81
58
58
49
37
32
32
16
16
15
353
194
168
152
154
139
127
93
89
82
60
52
52
42
40
35
21
19
21
10
8
6
7
7
360
292
264
257
166
164
140
112
112
86
79
66
59
47
46
35
28
31
26
24
16
15
6
416
480
374
266
190
182
174
145
131
135
124
113
100
96
97
73
68
62
62
54
51
44
34
25
394
293
218
160
150
147
138
105
105
89
75
67
67
56
49
46
44
34
34
9
9
8
8
8
403
282
212
181
179
177
165
150
133
118
94
69
64
46
45
39
34
31
26
27
26
10
6
139
125
107
108
99
67
71
67
64
55
39
32
32
32
23
21
23
20
16
12
14
357
283
235
175
179
175
174
170
124
123
118
113
111
82
75
60
44
28
16
6
8
6
7
8
298
244
199
173
142
137
125
123
109
99
99
84
66
60
58
60
56
42
43
28
21
14
11
316
233
212
200
145
145
138
111
79
74
38
38
33
33
33
26
27
19
18
20
18
16
15
190
185
133
133
111
87
86
82
80
59
52
54
52
55
53
41
40
32
21
21
23
19
14
11
8
460
405
304
209
185
153
143
137
132
104
94
92
81
78
76
71
52
43
36
34
28
28
15
14
414
242
234
228
191
149
144
138
83
80
76
70
69
62
53
49
50
37
31
11
6
6
6
509
351
200
195
162
148
129
112
101
87
79
71
67
67
60
58
55
46
42
36
15
15
361
224
201
179
163
145
123
117
102
102
86
86
86
62
51
42
41
30
31
21
8
12
619
324
156
122
114
111
80
74
68
66
50
48
48
41
38
24
25
24
25
11
11
8
8
624
263
236
220
178
177
146
125
117
96
71
78
61
57
51
51
34
28
24
16
11
13
7
8
452
397
312
134
132
121
101
99
91
75
74
73
65
38
10
14
10
6
6
6
606
299
237
215
188
166
161
124
127
119
104
105
106
99
92
87
79
71
74
45
41
41
36
17
11
390
8
9
6
235
230
124
104
97
88
83
77
76
55
46
50
45
37
33
33
28
26
10
355
309
304
255
252
14
189
189
147
137
143
95
86
75
71
55
55
46
37
39
36
31
18
309
249
19
16
14
248
142
119
110
113
98
94
80
63
56
51
44
49
44
43
36
26
13
452
396
308
24
19
179
132
125
119
111
113
112
100
92
87
60
38
16
12
19
6
784
267
26
221
203
166
129
101
85
76
64
61
57
34
37
31
24
11
7
7
7
6
7
33
34
30
241
207
202
199
189
136
134
136
102
99
91
81
70
61
61
56
47
41
8
8
503
36
259
213
181
184
172
162
145
138
127
118
94
91
82
76
74
64
58
46
33
21
17
8
665
45
41
223
206
177
177
155
116
99
81
76
76
69
61
51
49
22
19
13
12
10
13
333
47
44
172
161
151
151
128
132
123
123
112
100
74
60
60
53
27
23
17
9
9
397
54
274
209
187
156
148
121
116
73
65
62
48
47
49
46
29
29
29
28
22
7
16
6
56
59
58
54
54
286
283
214
155
148
122
114
96
91
91
83
77
76
66
63
33
24
26
19
59
290
233
231
164
127
119
111
82
81
75
81
71
71
71
43
38
29
10
700
69
67
296
243
179
136
125
104
82
86
76
54
23
30
29
19
15
10
12
10
69
293
244
196
174
165
131
129
129
121
96
85
81
69
50
48
27
20
22
11
13
10
8
274
249
166
155
149
142
134
98
86
72
53
52
27
25
15
16
13
15
9
7
480
374
82
291
266
207
156
125
120
116
76
59
40
37
30
29
35
20
20
12
9
84
84
271
211
208
159
124
106
82
82
54
45
30
25
25
25
13
9
9
9
9
8
415
262
231
169
151
135
122
113
111
102
86
69
79
64
62
46
39
31
28
17
18
14
96
96
325
321
191
134
116
116
77
81
73
68
61
47
40
35
35
28
33
30
23
24
21
9
344
241
172
143
122
116
111
78
72
73
73
58
56
45
40
40
35
34
34
27
24
7
7
9
8
210
209
188
176
175
166
164
134
134
126
116
97
104
86
84
83
65
43
45
36
22
13
7
109
278
189
177
153
121
91
92
86
79
55
50
50
50
42
48
45
35
35
21
15
12
12
119
114
333
214
213
198
179
162
151
97
85
87
62
55
46
32
32
13
13
13
12
6
6
6
408
366
303
269
224
219
216
159
131
129
132
117
91
90
70
72
65
66
60
35
35
18
6
396
129
303
236
220
170
167
147
146
103
88
65
53
40
25
14
16
10
10
7
129
129
129
129
364
242
229
202
186
175
149
108
103
103
94
94
75
77
59
61
32
24
20
535
199
202
194
129
133
105
82
80
75
75
66
66
64
60
50
43
40
38
35
35
20
19
505
142
223
185
179
163
160
136
119
85
80
78
71
67
37
31
30
30
21
12
7
7
379
162
150
124
109
99
90
83
85
85
79
73
60
60
50
40
36
31
26
15
19
17
10
151
150
323
215
197
191
171
162
132
100
102
95
99
85
75
57
58
47
30
30
34
17
16
10
154
377
304
258
176
132
126
123
100
95
79
72
70
57
53
35
19
22
20
13
13
13
6
511
389
381
276
255
256
147
146
120
100
93
94
77
87
75
62
48
47
47
40
42
36
29
27
164
230
228
125
125
110
110
105
105
105
86
80
81
80
69
65
63
50
37
23
12
9
387
226
191
167
110
98
87
73
72
72
66
65
66
46
35
28
31
31
28
17
8
7
10
551
267
215
198
120
108
90
89
80
75
66
64
63
64
47
47
33
33
31
26
10
7
7
10
472
366
343
323
251
239
216
216
129
108
78
66
65
55
31
27
28
31
23
15
9
14
8
296
226
224
203
140
100
93
84
81
83
66
62
33
20
22
20
14
11
8
7
6
189
255
245
186
168
150
128
90
88
75
70
73
62
55
47
35
33
30
20
23
12
12
10
6
196
366
258
217
174
162
145
133
108
106
102
55
54
53
42
30
20
11
7
7
7
7
201
434
327
181
150
147
105
98
90
87
80
68
72
51
51
45
35
36
35
30
26
8
204
206
187
158
150
145
130
120
105
93
96
95
85
75
70
63
49
42
43
40
38
17
301
295
277
263
239
236
162
157
145
141
134
108
75
73
70
70
72
61
47
34
26
25
25
6
234
212
204
169
165
155
148
130
117
87
94
82
81
72
52
55
50
50
33
31
6
6
393
241
6
189
170
125
85
78
77
76
55
56
56
55
32
36
32
16
9
10
522
224
224
367
9
170
163
153
149
149
132
127
122
81
78
76
72
67
65
61
49
18
405
338
313
302
295
278
261
15
170
170
168
130
130
110
91
79
66
55
49
37
33
23
18
372
342
267
199
173
155
150
131
118
119
95
96
97
89
86
93
84
63
61
54
36
474
12
9
9
212
185
167
171
120
119
109
100
98
91
70
65
64
48
45
43
30
7
247
304
287
32
32
192
185
190
189
185
164
130
130
130
96
102
96
96
81
80
53
36
10
772
381
22
228
228
229
195
183
175
140
135
137
86
85
79
68
62
56
53
56
40
10
9
325
272
266
35
233
228
219
195
153
142
135
137
122
120
115
87
79
77
48
20
9
265
261
38
200
194
173
165
132
125
116
87
79
78
82
76
54
50
25
23
24
20
9
620
266
371
37
42
247
231
205
198
193
182
130
116
105
85
66
19
17
7
9
6
532
273
293
56
50
268
235
198
185
175
170
170
154
142
107
99
73
73
61
30
25
23
16
12
453
402
55
45
213
160
160
155
157
151
143
136
91
78
85
64
67
18
12
328
65
55
57
232
180
160
160
162
147
140
123
120
104
96
81
49
43
33
33
31
31
11
314
63
65
57
199
181
172
162
152
138
132
127
116
118
111
112
95
93
86
39
45
21
362
67
222
205
195
181
143
138
117
109
93
83
57
48
47
42
43
34
16
15
298
77
281
149
133
137
103
98
64
63
48
48
48
48
46
36
18
14
20
7
12
10
313
264
254
242
202
192
185
159
158
143
135
136
103
69
55
36
29
29
31
11
9
430
85
74
275
261
261
245
220
177
140
141
134
121
117
113
107
93
58
46
46
35
429
351
81
252
250
237
210
195
153
79
61
61
33
19
22
25
8
11
9
12
14
8
8
319
93
87
312
260
203
206
200
200
172
150
150
133
127
71
61
54
51
39
20
98
100
92
299
187
187
180
176
177
171
161
135
108
108
72
68
38
45
9
9
9
11
6
416
103
259
240
201
190
190
183
170
170
148
141
131
121
115
93
88
84
71
74
64
25
6
422
107
290
224
165
154
138
130
133
90
90
90
81
71
67
66
59
45
25
24
10
10
8
329
245
231
223
216
186
150
138
128
126
102
90
77
71
59
37
33
14
19
8
8
8
120
112
304
248
245
240
229
225
207
159
151
150
141
101
109
100
93
84
76
52
41
38
9
285
226
196
174
153
105
102
96
96
94
82
66
64
57
61
44
39
29
22
20
8
7
6
131
123
263
235
223
217
201
201
185
185
173
165
166
114
97
44
29
36
11
9
8
8
8
353
293
283
247
245
245
208
202
156
104
74
50
44
32
24
18
14
9
10
10
9
6
6
438
368
140
275
245
195
196
189
161
97
96
82
75
74
58
29
29
29
23
14
15
14
8
378
311
253
212
196
187
177
166
129
120
102
82
54
44
44
41
30
24
16
16
7
7
141
143
275
134
123
122
101
77
87
75
54
33
30
13
13
10
10
10
8
10
6
6
6
517
155
339
262
226
210
198
198
200
197
191
178
137
116
84
73
70
48
23
17
17
379
352
312
280
221
181
178
133
132
110
92
75
70
44
44
31
31
31
20
8
512
455
426
157
323
325
323
245
246
243
201
176
146
128
104
78
58
49
25
24
21
6
9
162
162
270
259
238
223
220
206
205
193
141
131
67
63
55
50
49
30
15
16
14
400
573
431
416
416
172
319
280
159
164
146
126
110
84
90
83
58
54
38
33
33
31
20
14
539
436
187
169
334
307
300
256
232
222
193
153
131
79
76
51
57
43
48
26
320
320
286
264
256
223
165
152
136
106
89
70
74
56
56
43
40
40
33
26
24
18
18
7
548
529
359
306
301
295
208
162
120
53
53
53
48
35
41
35
13
7
9
9
195
184
250
234
221
221
209
184
171
148
144
113
105
91
73
70
58
57
51
34
28
15
15
285
243
157
118
115
83
83
71
75
71
69
55
48
39
45
33
34
15
15
14
10
7
428
205
204
244
178
174
129
106
105
100
85
76
67
65
64
50
56
17
17
20
17
15
9
14
657
208
345
320
197
153
73
65
42
38
35
19
11
16
15
19
10
8
10
10
10
206
334
251
236
233
189
176
171
108
100
98
86
78
75
75
77
71
59
41
49
32
30
27
25
15
718
385
336
305
298
244
209
184
184
176
70
59
44
35
30
30
29
21
19
10
6
223
312
305
196
181
157
149
133
123
103
85
85
81
85
84
81
80
77
61
44
40
35
25
18
350
341
332
285
155
130
129
109
90
85
75
79
63
45
41
40
38
39
18
25
15
13
229
322
218
185
139
131
129
94
91
79
79
76
61
68
53
45
45
34
35
30
11
9
280
282
196
167
149
138
121
102
102
95
96
84
71
50
50
49
40
10
9
238
277
202
138
129
128
125
107
101
100
100
93
88
78
60
45
25
25
13
7
410
405
373
294
273
231
164
145
121
109
83
61
60
54
47
50
35
36
35
29
18
6
6
375
363
286
191
167
156
145
111
103
98
99
71
71
65
65
61
55
45
30
23
17
8
268
177
123
116
116
120
115
105
111
104
100
96
84
80
70
70
68
65
69
40
23
17
10
8
10
420
320
293
288
286
228
192
165
116
80
76
63
53
44
45
38
34
33
40
21
21
18
12
11
8
263
388
325
299
283
159
149
150
141
126
126
126
94
32
26
27
18
13
9
9
314
9
8
256
231
231
184
182
158
154
138
138
127
116
108
107
85
81
53
45
39
21
347
14
207
184
140
126
119
119
95
95
90
80
80
67
54
41
28
31
18
547
336
18
16
13
269
266
200
174
163
143
100
108
97
100
61
61
50
49
43
20
543
283
336
332
311
21
17
161
116
105
100
99
96
86
73
75
69
62
41
33
33
33
33
11
430
303
199
173
157
155
150
141
122
115
97
95
95
91
80
72
80
57
55
53
55
38
448
29
289
214
202
197
180
163
143
110
109
109
97
85
67
62
56
58
44
43
24
12
9
11
254
248
219
186
168
149
129
120
120
115
115
115
104
95
79
52
49
48
45
28
14
13
243
219
219
214
126
119
97
84
71
53
54
51
45
32
25
11
12
7
7
8
9
534
347
49
271
203
190
150
126
125
124
120
91
79
78
77
56
33
39
19
6
12
6
9
10
10
457
331
257
217
194
191
180
175
172
128
96
84
82
68
65
63
60
55
41
43
23
15
6
519
490
443
434
417
52
281
200
168
149
94
88
86
75
75
60
41
40
32
9
15
6
7
397
372
61
293
298
261
245
221
186
163
154
140
133
123
125
117
86
78
73
48
29
34
22
11
7
70
64
272
245
244
235
198
197
190
186
151
150
133
118
112
96
89
79
20
10
8
539
68
303
236
211
211
205
202
192
181
95
96
63
56
57
49
45
33
26
21
15
12
566
506
489
465
363
234
235
208
205
155
121
106
80
80
64
62
54
18
15
18
8
388
389
333
249
243
212
205
162
134
85
66
58
54
49
44
40
32
27
13
13
13
13
6
455
443
276
241
238
210
205
170
138
105
98
90
54
50
46
41
37
27
28
18
18
12
9
8
399
371
95
307
277
255
220
220
216
170
155
111
98
68
46
32
23
23
23
369
428
381
98
216
117
88
83
84
83
74
52
37
28
23
18
9
10
6
102
232
226
203
180
170
158
156
134
88
85
60
51
53
43
42
37
12
9
11
10
6
391
389
318
250
235
202
158
154
148
148
110
87
86
84
87
83
80
58
33
30
19
16
423
401
351
351
294
240
190
188
140
128
89
79
79
67
64
52
43
38
43
34
25
10
6
377
341
208
195
153
160
123
124
101
89
80
81
71
69
57
48
38
37
31
40
29
30
24
19
574
457
123
116
250
199
170
167
163
159
136
140
100
107
89
82
72
35
33
7
7
413
291
292
254
239
180
138
138
120
92
82
65
58
62
52
35
34
34
25
21
11
8
9
423
278
263
268
255
176
162
141
91
73
66
63
63
45
34
29
28
32
20
10
9
10
433
294
249
180
169
143
140
127
126
104
109
86
56
54
62
43
28
15
14
14
14
353
265
222
179
174
168
152
151
131
119
105
94
93
83
85
67
73
37
31
17
11
6
460
451
294
270
216
212
176
159
150
114
107
104
104
88
87
78
82
71
71
56
54
56
38
29
15
569
543
283
285
246
220
176
145
118
117
107
92
77
63
50
38
30
27
21
6
443
154
283
240
169
112
108
100
102
82
69
65
42
35
32
21
21
24
21
12
13
12
13
14
453
164
286
220
191
165
129
97
85
71
74
74
53
44
40
28
26
10
10
10
7
414
339
320
289
259
197
197
195
158
135
121
92
93
84
75
76
74
76
76
65
45
44
45
31
31
437
168
303
240
183
180
155
156
139
122
107
97
70
78
74
72
70
63
63
54
26
28
26
21
298
196
188
190
137
140
120
122
112
97
86
84
86
84
54
45
41
33
17
17
7
9
183
383
305
193
185
167
115
107
97
94
85
70
60
60
50
51
46
44
40
36
22
14
14
286
125
118
114
110
107
96
87
78
76
78
75
62
65
47
21
19
19
19
10
10
9
10
6
195
270
259
237
152
146
133
123
90
83
70
56
48
46
39
39
41
26
29
26
22
20
12
194
196
309
275
253
235
209
188
183
137
130
128
106
92
74
42
37
31
27
25
8
641
440
369
341
290
279
239
231
205
193
169
169
145
133
132
113
88
88
74
52
48
38
40
22
10
518
330
331
190
158
132
134
121
119
98
85
71
69
63
54
54
48
47
30
28
15
10
10
10
230
224
167
118
103
52
57
52
50
44
37
37
17
14
14
6
6
10
7
6
6
6
281
228
210
190
182
168
140
129
124
108
95
90
86
85
71
66
64
60
40
43
20
6
7
508
291
225
179
133
126
113
108
100
86
90
82
84
78
76
71
62
63
50
30
29
25
11
8
413
305
302
178
175
162
158
158
162
153
141
137
138
126
113
91
84
67
61
59
59
30
30
25
429
351
277
264
225
184
181
134
111
101
86
86
71
66
59
63
53
40
46
26
21
15
7
305
290
293
248
206
164
149
134
102
100
87
85
66
58
45
40
31
31
21
21
7
7
10
548
494
324
273
200
173
167
156
151
99
98
92
87
74
45
44
46
36
20
9
10
9
7
400
266
258
240
214
210
178
178
158
104
107
95
74
72
55
45
36
18
25
14
6
253
335
294
280
245
243
203
164
140
130
130
129
104
92
88
73
55
42
32
36
6
415
388
288
282
260
225
217
216
184
164
131
102
97
93
86
80
75
60
59
24
23
13
7
503
398
390
296
239
216
210
213
188
193
168
147
126
96
97
96
94
92
56
52
44
38
30
26
27
374
176
148
145
124
129
130
114
107
103
78
61
61
45
45
40
40
34
28
28
21
18
13
11
293
126
128
117
105
74
42
39
30
37
37
27
20
7
10
7
7
10
293
220
184
173
165
162
162
146
134
114
107
109
98
78
43
45
20
25
25
14
15
11
460
428
410
184
184
174
164
146
145
116
105
105
82
76
64
60
37
36
30
21
17
11
8
455
295
173
164
164
141
136
127
114
94
107
75
81
53
53
48
40
31
18
10
11
10
11
10
11
356
324
262
233
156
152
154
152
137
95
86
85
65
70
54
57
54
54
39
30
25
14
12
464
300
240
206
161
143
125
120
96
99
97
89
83
65
56
46
52
25
25
12
8
6
343
279
217
190
188
164
158
156
149
152
102
96
84
75
72
70
55
57
51
49
46
14
21
9
359
252
245
220
174
173
169
125
114
105
76
72
71
69
59
41
40
30
34
23
8
9
13
425
198
176
170
144
90
90
47
51
40
41
41
40
36
26
31
21
10
8
7
7
501
430
269
229
226
198
195
117
111
88
84
82
72
64
55
45
45
44
37
26
15
8
8
378
333
242
170
154
151
145
128
120
119
107
100
75
70
61
70
55
48
42
33
28
22
20
7
7
395
258
227
225
129
121
117
111
114
100
92
85
66
61
61
61
59
23
25
17
15
10
10
6
6
611
346
257
243
189
179
162
155
144
102
87
89
80
80
55
51
37
11
15
9
9
248
183
144
131
119
86
50
43
37
36
35
28
26
26
25
16
16
16
14
16
9
374
366
190
182
163
167
150
144
141
132
124
110
104
77
57
58
40
31
22
19
14
19
9
7
266
196
187
189
150
150
141
120
86
95
71
70
64
53
46
38
36
33
30
20
17
6
6
6
12
571
527
329
325
292
282
240
208
188
185
147
136
119
85
57
52
52
58
54
41
36
35
31
29
211
187
162
141
123
119
114
106
114
95
90
55
55
51
46
36
36
35
35
26
23
24
7
260
257
236
165
167
155
156
145
149
127
96
97
85
76
77
81
61
53
34
28
28
14
8
458
435
316
269
187
145
132
113
95
100
98
73
62
56
56
55
52
46
45
39
39
39
33
25
537
423
397
261
212
174
170
150
142
96
92
92
62
63
62
39
28
31
37
18
16
7
7
16
393
289
251
241
219
188
161
144
125
119
113
105
100
68
56
56
56
42
23
19
17
257
246
229
219
192
190
177
130
101
82
71
57
27
27
19
14
10
9
9
7
8
7
7
228
189
156
148
116
115
115
87
70
64
52
54
53
40
39
26
15
20
10
12
8
878
302
204
165
151
86
91
78
70
69
61
46
57
57
39
37
24
25
20
15
14
6
364
278
260
221
215
204
200
167
165
134
74
69
50
51
44
42
41
41
25
22
22
401
205
197
196
192
180
175
170
148
131
102
101
98
93
76
77
71
59
47
41
30
27
27
6
410
414
361
201
187
153
119
117
101
97
73
73
65
58
52
44
32
30
32
19
18
12
11
11
286
235
227
214
204
182
182
160
147
106
91
91
91
89
66
69
59
64
64
47
42
40
35
24
428
403
247
247
219
151
146
146
103
96
85
84
82
70
44
23
21
21
21
14
9
8
7
446
320
279
262
258
250
248
203
138
120
116
101
107
91
73
67
67
61
50
45
43
27
25
13
358
229
198
197
198
161
151
121
96
96
72
55
32
32
28
16
25
12
7
7
6
480
194
193
129
83
79
79
64
60
65
60
57
59
29
24
23
23
14
12
10
7
431
485
287
277
215
193
171
161
156
137
131
116
114
112
114
70
65
65
58
38
37
8
383
186
142
141
130
114
95
98
98
96
67
65
65
48
52
45
29
40
32
20
22
10
249
213
185
145
126
122
97
100
84
73
64
64
46
43
41
29
32
34
27
26
26
20
11
10
14
561
482
240
143
135
129
97
99
77
69
66
62
58
56
55
32
31
20
27
19
16
7
388
239
221
191
181
172
143
136
136
109
103
99
91
83
80
77
52
44
36
37
27
14
12
238
210
196
162
148
145
139
131
131
122
109
94
83
67
46
42
42
41
35
20
10
7
255
208
196
155
144
139
124
112
102
95
92
71
73
69
47
38
34
37
37
32
31
17
12
155
138
124
96
73
72
75
65
56
54
51
47
42
41
33
21
31
26
16
14
10
14
10
282
261
158
146
128
104
103
100
97
57
52
56
48
40
38
31
30
22
15
17
7
9
9
550
340
229
217
209
172
173
133
125
110
107
98
86
82
74
43
26
25
20
12
14
445
341
334
321
323
260
215
187
185
133
119
112
92
90
84
65
31
29
27
24
9
337
221
141
143
137
124
120
125
117
102
97
92
93
74
71
72
62
57
37
32
30
412
347
331
246
153
147
144
107
81
75
64
62
34
27
21
20
19
12
7
7
7
7
503
290
261
222
200
179
128
104
102
90
100
85
80
72
70
51
54
45
39
32
12
12
269
205
186
147
146
139
132
123
112
110
100
77
70
59
56
49
44
33
13
10
515
280
245
206
202
190
169
165
137
133
132
126
116
97
87
64
60
49
45
27
27
22
23
13
153
152
149
144
135
101
94
60
61
61
56
47
42
50
46
34
40
38
27
28
23
23
460
22
9
220
201
200
196
169
150
126
122
120
82
86
83
59
55
42
25
28
28
25
795
300
292
23
27
28
17
14
16
184
186
159
107
98
93
70
65
59
33
8
302
22
26
33
15
21
238
197
177
112
84
79
71
70
69
69
65
54
42
41
35
35
11
14
7
31
31
27
31
207
194
174
160
90
82
81
74
70
57
59
47
47
47
43
14
9
6
8
8
690
417
358
42
42
256
221
221
170
162
148
145
120
116
113
81
79
56
17
10
10
6
403
39
47
30
34
172
150
127
115
91
89
85
84
85
80
77
76
59
59
57
24
28
9
9
375
42
39
41
221
179
177
152
96
90
89
82
62
58
62
33
35
16
14
16
16
544
416
40
179
168
144
130
112
105
101
27
21
18
10
7
6
18
6
6
6
6
793
359
310
299
48
51
286
260
245
241
199
168
162
136
112
85
80
86
68
68
37
22
22
67
61
57
262
217
172
170
171
160
165
106
105
100
89
71
38
31
29
29
33
24
12
429
318
61
251
222
209
209
176
178
159
126
116
110
109
95
35
32
15
15
14
15
7
7
9
384
345
330
67
67
249
214
214
219
202
188
152
150
141
117
105
95
89
60
37
37
22
20
337
326
259
232
210
186
186
139
125
119
119
106
101
105
99
63
51
52
46
25
21
20
74
70
243
199
152
131
127
55
51
37
36
26
11
8
13
18
6
7
92
81
314
245
242
167
167
135
135
125
71
67
67
35
35
23
23
15
13
8
461
331
83
317
269
242
207
78
69
65
73
60
39
34
32
32
30
20
13
17
13
13
13
526
85
309
230
177
172
142
115
85
83
78
64
52
51
49
48
45
42
45
27
12
103
108
97
334
261
200
173
157
113
88
83
75
53
52
40
31
38
30
23
17
105
295
281
257
244
196
76
74
60
55
55
51
55
47
47
43
28
24
8
9
7
7
7
7
104
100
348
282
178
157
154
154
127
121
119
96
98
85
79
45
35
33
33
12
13
10
112
291
167
166
150
138
133
132
126
93
83
75
65
65
58
43
48
45
19
17
10
10
8
8
252
195
195
172
143
108
103
91
89
74
70
68
66
64
58
28
24
20
20
15
15
7
486
370
121
360
271
197
172
160
149
101
96
81
78
63
60
46
32
28
27
23
18
20
12
131
269
196
169
97
79
80
76
57
54
53
35
38
32
32
25
19
23
6
9
6
132
284
263
199
186
186
180
103
91
89
77
73
68
61
58
58
48
37
38
37
31
28
21
13
15
284
252
248
234
234
214
118
109
82
78
70
63
63
64
53
42
44
42
35
27
26
13
15
19
452
422
372
297
253
182
168
126
99
81
70
47
43
38
32
31
18
20
14
16
147
140
222
195
162
119
99
73
72
73
69
54
52
54
45
27
23
9
9
9
12
6
397
294
199
163
144
108
96
74
68
74
59
54
50
50
45
26
14
10
10
10
10
11
668
552
531
156
251
232
212
189
177
150
136
129
102
83
68
64
60
55
49
46
25
21
17
14
161
159
263
239
227
182
154
140
136
88
86
88
84
67
63
62
50
21
18
13
8
8
322
226
233
214
181
141
135
122
125
108
96
93
89
92
74
74
70
70
66
63
41
27
17
13
168
332
305
279
252
195
143
122
119
113
77
75
70
62
61
41
40
38
32
31
23
7
6
9
429
239
225
217
159
155
144
132
127
118
105
103
101
75
44
35
28
15
18
11
8
9
6
1020
623
342
302
251
232
199
173
144
141
106
89
98
80
78
80
66
43
49
39
20
9
8
564
320
302
278
200
179
130
134
113
111
94
92
69
46
33
38
32
28
16
19
18
6
189
162
147
118
118
114
99
88
80
70
60
56
51
49
50
41
41
42
27
23
17
17
10
9
208
360
219
178
170
135
115
100
86
88
85
70
59
57
45
44
48
46
38
25
17
11
10
478
359
335
315
222
167
155
148
132
124
100
98
87
70
53
52
43
37
39
37
37
34
20
9
754
223
152
133
112
109
105
93
75
78
56
58
52
42
38
33
33
25
25
24
16
18
8
420
322
228
186
108
93
88
86
74
69
71
70
62
51
44
35
30
21
19
8
10
6
521
449
406
231
229
206
187
162
158
143
139
124
117
107
109
105
64
55
49
51
33
23
439
213
163
163
148
140
130
125
118
95
90
86
78
80
56
53
46
25
10
7
7
444
275
200
201
168
153
125
119
98
86
61
59
55
52
45
39
15
7
12
8
562
320
301
221
212
203
157
158
147
135
115
113
100
86
83
67
67
67
59
57
50
6
297
173
168
162
141
135
138
139
133
101
96
78
72
63
50
46
38
26
23
11
586
378
353
276
285
282
268
140
131
110
114
110
100
70
73
60
42
27
28
24
25
8
7
10
505
361
337
301
263
236
220
219
158
152
143
143
136
136
76
78
65
63
65
56
52
60
35
32
268
244
222
183
163
159
157
159
155
148
142
112
93
98
86
86
83
72
10
6
6
6
678
351
309
305
208
162
159
157
147
139
106
96
83
82
58
39
39
33
10
8
261
376
243
215
143
140
130
130
126
120
113
96
96
96
93
80
75
71
48
44
25
21
16
9
289
167
163
125
118
117
112
53
49
45
41
31
25
20
20
6
10
9
9
7
10
9
6
322
314
213
194
179
176
131
121
114
92
90
96
90
86
73
50
41
47
48
39
50
26
26
265
251
185
173
163
119
111
106
108
98
71
60
46
17
18
14
15
7
14
11
7
817
530
461
459
334
317
174
133
110
100
100
100
83
70
60
57
56
21
20
20
12
7
354
278
244
159
143
103
95
88
79
65
41
45
41
34
24
21
17
17
10
8
6
6
8
566
536
292
369
218
188
160
131
125
120
110
80
77
75
70
61
45
31
22
22
13
13
223
219
202
178
165
155
138
126
114
68
55
50
49
43
39
35
24
24
8
6
8
458
318
217
207
143
134
90
85
64
54
56
41
40
40
32
36
32
27
25
10
12
10
10
6
449
336
327
328
218
214
166
141
116
79
71
61
54
41
41
35
31
18
8
8
406
271
219
217
203
143
137
106
85
76
53
39
40
28
19
22
14
13
13
11
7
433
216
209
191
174
174
175
171
83
80
55
54
51
45
44
44
29
13
10
10
7
292
218
214
210
197
182
173
136
135
91
59
60
60
57
43
33
28
32
33
17
15
10
414
253
201
115
89
87
87
81
80
57
64
55
54
55
38
33
33
28
28
28
20
12
12
382
364
354
243
192
190
183
178
170
164
163
117
71
69
43
43
33
31
22
27
20
9
10
470
213
211
185
176
160
131
129
122
112
110
87
67
74
65
67
38
38
30
21
18
278
268
248
234
205
171
102
81
81
69
65
55
53
25
7
6
12
8
12
6
6
659
188
179
156
110
100
86
85
74
68
56
48
46
43
37
40
28
11
17
17
14
11
455
392
210
191
138
91
90
82
82
64
71
63
59
45
26
23
21
16
10
15
316
170
170
117
104
87
63
65
58
53
58
56
51
45
44
28
23
21
10
9
7
6
7
382
252
204
206
175
150
160
121
115
99
99
92
92
92
77
64
63
33
9
6
408
272
208
139
137
136
131
121
121
94
81
79
75
66
60
39
32
37
21
12
19
6
9
12
327
305
190
167
111
110
109
99
84
74
67
60
54
36
30
24
13
16
10
10
10
7
6
8
447
397
280
277
233
208
197
140
130
98
83
87
83
73
54
47
47
35
31
29
15
9
10
264
244
240
209
207
149
145
135
119
105
103
94
83
83
40
38
34
27
26
15
9
9
9
502
213
209
196
141
139
125
126
121
101
96
88
86
85
82
80
24
23
20
20
14
7
8
7
345
308
212
210
180
174
146
126
105
99
102
98
46
49
48
45
49
44
30
28
28
19
13
511
295
206
160
125
101
98
98
90
79
68
67
51
50
39
24
21
22
13
11
11
8
8
565
326
300
291
270
219
173
127
101
89
54
40
38
30
29
29
27
15
10
10
10
10
10
269
208
192
160
141
137
135
137
109
111
99
73
59
40
35
34
29
24
17
10
7
416
502
368
338
213
173
118
113
108
97
83
59
64
57
44
39
39
33
34
39
21
21
17
12
413
230
160
147
119
113
106
81
50
53
44
39
39
37
21
18
18
13
6
7
823
484
329
329
311
300
243
161
115
86
69
55
49
49
46
31
30
30
30
13
148
154
128
128
120
112
104
91
72
57
63
54
54
44
40
43
35
35
36
35
24
18
8
8
358
271
264
245
171
133
76
73
71
65
59
52
59
33
29
29
21
10
10
12
10
10
6
335
335
262
236
180
175
164
164
158
145
113
89
73
73
64
50
46
48
34
26
22
11
10
605
314
260
228
196
180
179
163
105
95
70
62
54
47
46
50
38
41
38
38
27
17
15
8
539
210
197
163
160
160
118
90
61
60
52
47
43
37
34
28
27
18
21
20
18
9
9
277
256
198
195
190
189
188
164
163
150
106
106
94
94
79
61
58
53
40
41
23
21
21
7
325
292
199
191
180
147
128
109
84
76
75
71
66
67
58
54
26
23
19
9
10
6
192
190
189
164
160
157
119
90
70
65
59
42
42
36
35
31
15
11
11
9
8
9
9
249
179
148
119
105
87
64
57
43
47
47
38
34
23
17
18
17
9
10
10
234
205
178
167
164
155
99
94
90
86
80
75
53
45
46
35
29
27
22
17
19
468
433
399
235
227
162
129
104
104
85
88
57
55
47
51
30
23
22
26
22
22
8
350
178
136
122
115
109
104
99
99
75
55
31
29
27
19
21
10
15
9
9
15
6
8
6
716
328
260
180
180
158
140
144
132
132
114
114
100
85
83
65
54
49
36
32
16
7
693
390
340
319
317
270
188
191
114
101
42
41
37
37
31
29
37
12
16
18
17
8
6
345
261
239
185
168
151
130
124
118
106
105
82
85
82
90
55
43
36
27
14
10
7
622
455
240
227
204
154
141
126
83
78
75
76
70
56
53
52
29
23
28
27
18
18
10
410
295
246
208
200
129
125
110
92
96
78
75
69
60
52
41
38
30
24
19
10
15
9
251
240
242
182
161
139
134
116
113
109
100
93
88
81
65
70
57
31
11
10
11
213
212
189
202
182
188
142
125
125
102
88
80
80
71
71
63
62
43
33
25
20
10
243
205
192
172
146
147
104
107
93
77
72
67
49
46
42
45
49
21
21
14
10
11
402
226
165
140
147
129
128
108
107
100
92
47
44
44
32
29
25
15
7
10
10
7
10
430
8
7
260
262
234
200
150
125
110
101
94
81
71
75
75
62
55
49
46
33
15
9
7
8
265
230
222
189
164
134
125
105
83
64
62
50
28
26
36
37
23
25
20
330
8
8
253
185
175
160
150
127
116
105
111
96
72
79
63
58
33
30
30
25
7
363
311
18
12
22
270
174
116
109
109
102
99
98
96
93
96
91
78
80
61
46
12
9
305
29
27
204
189
172
155
155
123
123
106
97
97
97
72
32
16
12
14
7
12
10
287
210
181
170
138
133
128
121
114
77
65
63
41
46
45
40
18
19
18
16
15
8
10
31
285
227
159
162
138
140
131
120
112
79
65
51
50
45
45
20
13
16
7
11
9
44
259
126
110
94
84
78
58
68
52
56
27
27
27
12
15
13
13
13
8
8
7
8
606
38
192
175
121
111
109
99
99
95
75
58
49
55
36
32
20
19
12
12
17
10
372
53
44
233
197
185
110
104
93
72
30
23
25
22
23
24
11
10
6
364
209
185
175
147
133
109
109
91
75
40
29
29
13
6
11
62
244
190
183
165
150
154
88
85
86
67
64
41
40
36
25
30
28
21
17
6
386
63
165
131
131
110
112
101
103
81
80
56
57
50
50
41
45
41
25
22
20
14
7
7
713
67
298
182
179
151
150
143
146
130
96
75
80
74
55
35
42
30
25
13
245
210
182
173
160
141
132
129
110
79
60
62
49
50
30
28
30
30
24
24
11
19
7
8
735
692
82
308
218
204
197
194
152
111
100
95
84
68
65
58
41
31
24
20
9
9
397
208
166
157
132
104
100
73
77
72
70
59
61
46
46
42
38
25
25
13
7
88
85
345
344
246
141
103
105
77
74
75
68
63
60
62
51
39
39
26
27
22
7
89
323
274
260
180
173
140
139
124
134
82
71
73
67
56
56
56
52
39
35
35
38
30
233
135
113
115
110
105
104
89
87
82
80
61
61
57
41
19
26
9
7
9
8
10
7
10
386
362
355
270
240
189
186
177
83
86
85
78
70
54
48
34
38
38
40
19
19
12
6
186
164
126
97
102
88
80
70
65
58
50
52
39
27
18
19
10
13
10
9
400
365
263
205
195
168
167
162
150
130
104
91
76
50
29
29
21
21
24
8
6
380
341
293
177
164
136
130
104
100
96
92
75
75
70
50
47
11
11
7
7
10
6
6
358
329
285
239
206
166
156
132
134
114
112
90
76
74
62
55
39
16
16
16
11
14
10
396
398
395
132
203
194
168
166
147
145
145
114
91
81
77
79
79
70
65
41
23
20
13
17
392
199
155
155
122
88
90
84
79
78
47
47
58
45
25
27
13
11
10
10
10
10
10
283
238
220
191
160
150
147
110
101
89
90
82
61
49
49
31
31
26
19
21
15
16
8
8
139
138
221
199
132
110
67
49
50
42
33
31
27
27
27
26
24
20
20
20
6
9
12
9
8
148
144
329
191
183
128
111
111
81
80
61
60
59
54
40
40
25
18
17
14
16
14
6
293
255
245
142
115
115
112
98
84
89
85
74
48
42
34
31
24
26
17
18
10
463
308
256
222
214
152
125
117
113
89
75
68
61
66
42
42
30
33
34
28
25
8
6
534
430
323
205
152
150
150
141
118
70
58
52
40
33
32
29
30
20
20
21
7
7
166
282
266
215
204
195
142
140
127
124
119
103
88
82
81
80
73
63
61
58
38
37
34
34
35
299
228
164
140
147
135
111
114
104
76
60
61
54
42
49
36
38
35
31
15
25
441
304
274
256
154
139
103
95
90
80
79
71
57
55
48
45
36
15
11
15
11
16
17
7
262
242
213
172
163
160
146
121
108
100
76
76
62
64
60
59
25
37
23
32
7
9
9
291
194
182
168
127
101
99
94
77
65
57
43
51
42
22
10
10
17
8
202
175
167
145
144
109
88
86
80
72
58
50
50
30
15
11
8
8
7
7
6
6
7
360
271
207
157
123
107
91
84
77
68
59
41
33
33
36
33
33
27
19
14
12
11
162
134
102
92
72
69
61
25
27
18
18
19
22
11
11
12
10
9
9
6
6
295
202
186
184
178
153
120
115
103
85
65
64
52
59
41
39
35
27
16
16
17
16
17
10
11
617
152
123
105
106
94
79
55
41
37
33
28
21
16
19
20
20
18
9
14
6
9
9
236
230
177
98
102
103
81
84
53
48
56
40
40
35
35
31
27
27
21
21
8
10
10
6
6
301
291
295
272
235
197
180
175
115
104
100
92
81
45
45
38
37
36
32
27
29
26
24
19
191
159
120
121
106
105
105
98
105
86
73
68
43
42
42
32
35
31
12
17
7
7
6
8
8
263
192
181
167
121
117
117
116
112
92
70
72
66
59
57
53
41
41
42
41
40
37
36
34
36
244
255
169
133
119
108
104
100
98
76
51
52
51
44
42
34
35
27
34
27
20
18
16
16
17
557
242
485
309
200
165
145
132
123
120
107
96
76
58
59
58
57
58
52
23
22
21
11
346
196
141
117
101
73
74
63
67
55
57
44
38
41
42
37
35
26
21
21
10
7
11
8
10
240
220
161
108
68
56
54
56
45
42
41
31
25
13
18
16
15
11
270
10
14
166
168
143
148
135
135
135
116
72
66
65
65
60
49
47
47
46
38
36
31
27
20
18
13
12
15
20
10
10
10
7
243
158
89
89
72
64
52
54
54
43
37
37
25
18
14
9
226
212
153
153
126
109
103
94
85
47
46
30
30
30
8
6
23
20
20
17
14
14
178
143
82
79
75
69
66
55
52
51
51
36
35
35
10
11
10
9
356
32
25
22
25
25
194
189
171
154
84
71
58
55
38
15
15
16
8
9
11
6
461
35
263
242
230
222
160
146
105
112
99
98
96
96
95
79
62
21
24
20
20
35
32
265
119
118
101
102
95
94
94
87
85
76
75
68
68
47
54
28
25
21
6
6
38
34
283
245
231
186
187
174
151
154
130
131
122
91
91
78
82
65
53
34
31
9
10
6
39
42
244
233
199
183
182
155
144
120
107
105
91
85
70
68
58
60
39
36
26
7
8
50
283
182
134
118
112
92
90
82
63
36
31
27
27
25
19
19
15
13
11
8
10
226
220
184
177
173
169
142
141
115
102
90
78
45
30
24
15
16
16
14
14
15
9
9
63
60
258
208
167
168
161
119
103
106
102
85
71
51
50
49
46
31
31
16
14
6
397
336
70
264
229
168
131
133
114
98
99
98
55
55
34
35
34
36
28
24
19
20
12
10
7
589
70
94
86
60
61
53
38
38
34
30
28
24
24
24
21
24
14
13
12
14
13
7
6
10
80
322
308
302
208
165
141
106
98
44
36
29
27
24
22
20
17
18
13
15
13
12
338
155
148
148
142
139
111
111
111
99
74
65
59
50
41
36
34
36
28
23
17
7
9
6
6
231
153
151
146
147
126
109
69
56
48
51
45
43
29
33
32
28
21
12
19
8
7
6
10
95
191
76
60
48
50
49
44
32
27
25
22
11
14
8
10
10
10
10
6
10
506
481
96
95
89
335
299
241
229
165
128
114
108
66
53
55
35
32
32
31
31
16
16
15
6
222
211
215
193
146
149
90
87
68
64
60
50
49
45
44
43
39
36
22
14
7
10
10
172
159
130
123
115
92
69
67
49
50
47
48
48
41
39
41
31
31
17
15
7
112
344
232
221
204
150
81
74
55
56
53
46
37
44
36
27
26
17
17
20
17
20
14
10
444
374
109
113
166
75
60
58
58
49
42
41
40
35
22
19
22
12
11
14
15
8
121
125
176
151
131
111
113
88
80
80
65
49
46
46
45
26
30
17
15
12
15
122
255
150
139
106
94
90
89
83
79
68
62
62
63
50
22
15
11
13
6
6
436
124
225
157
151
142
107
95
89
89
78
50
50
44
35
38
25
20
14
11
11
7
6
133
362
156
121
55
52
42
45
32
39
32
32
30
24
18
16
10
16
10
8
6
10
10
146
134
201
165
165
121
109
100
100
85
83
83
77
79
71
66
62
60
50
47
37
21
150
361
301
246
207
135
97
91
87
89
88
88
87
83
44
40
28
14
14
10
150
193
174
119
104
102
92
87
76
72
75
42
44
33
27
19
23
7
11
7
7
7
232
225
188
124
122
98
92
84
75
77
78
78
57
56
50
45
38
42
31
27
21
29
20
9
10
170
316
270
255
228
216
131
120
120
114
105
104
85
67
51
52
52
43
46
41
33
17
17
166
175
231
213
139
87
76
71
75
62
61
62
57
60
60
52
48
49
30
13
22
7
497
455
334
229
161
129
91
80
65
65
65
60
53
51
37
43
31
16
12
18
9
417
206
194
165
134
109
95
96
95
72
72
65
61
56
42
40
39
27
13
14
16
11
9
188
364
236
205
150
142
131
123
123
120
118
97
86
61
55
54
17
22
18
18
18
10
14
185
179
212
139
105
105
96
91
93
75
60
62
66
55
54
32
31
28
27
37
18
12
10
10
269
154
137
105
83
80
64
55
48
39
36
24
17
24
9
7
15
10
10
7
7
557
337
147
88
78
82
76
70
64
32
23
29
23
29
10
12
10
7
389
272
231
160
164
160
154
136
103
83
81
62
65
28
28
25
25
12
10
11
7
173
164
149
133
126
107
91
72
75
74
66
55
43
40
40
25
30
20
14
16
14
14
10
10
328
269
262
223
204
196
166
154
138
91
72
51
48
25
25
20
19
19
6
220
420
160
158
125
112
96
79
80
52
52
50
40
30
32
32
24
24
8
6
8
7
211
195
172
146
146
131
140
130
96
93
85
57
47
29
17
16
9
11
10
7
7
234
281
248
179
132
115
100
62
64
55
60
42
48
50
40
34
27
28
16
9
6
366
190
125
105
106
92
94
95
67
69
65
57
57
51
45
39
40
36
26
17
14
13
8
6
6
451
371
289
191
121
89
62
62
56
48
27
27
20
22
11
17
10
8
9
8
7
176
136
132
122
102
77
68
55
50
27
27
20
22
20
18
22
14
13
13
10
10
8
12
387
382
286
261
190
140
110
109
83
56
43
37
37
29
18
18
18
15
17
18
9
10
202
166
137
123
114
87
78
75
59
46
46
26
23
22
14
10
18
15
17
6
9
6
320
270
209
164
96
79
70
60
51
48
42
31
28
27
23
15
11
10
8
10
405
382
288
148
141
134
103
116
78
75
77
53
44
34
27
25
25
16
18
15
14
7
423
298
246
168
108
82
71
68
63
54
52
25
32
20
23
25
24
20
19
19
8
9
478
192
158
122
108
93
93
79
75
71
62
59
59
56
46
43
43
43
40
35
17
17
17
14
244
229
217
177
112
112
81
66
53
49
48
49
43
48
46
33
35
35
22
15
21
8
10
209
161
147
95
89
76
67
67
62
51
44
47
45
40
36
27
35
19
22
15
9
10
12
552
316
245
177
150
147
119
94
97
87
63
58
58
55
57
45
45
29
9
9
7
10
12
11
10
229
168
171
128
128
115
75
70
70
62
55
57
49
50
45
27
24
18
14
12
7
9
413
264
186
160
110
112
91
84
82
75
67
50
51
50
28
29
9
9
9
14
7
349
196
110
86
83
79
40
47
47
43
28
29
28
24
17
21
15
8
6
264
248
146
130
114
106
101
80
77
59
52
33
34
31
24
18
11
12
9
7
7
7
7
245
172
153
129
127
117
97
86
83
80
70
66
63
64
35
35
23
26
21
14
17
9
184
152
130
120
75
75
70
64
58
43
42
29
26
24
24
18
22
17
10
17
7
6
265
203
197
137
129
129
123
121
112
109
104
94
81
87
59
64
46
42
30
15
22
22
6
217
187
168
150
132
121
117
109
104
99
98
95
93
93
72
72
47
36
35
29
11
20
273
232
126
100
84
39
37
37
30
25
16
25
10
10
9
9
9
9
7
9
7
7
7
7
192
163
133
111
111
107
82
90
72
70
63
59
49
44
43
39
42
42
41
37
38
21
23
277
263
251
250
194
161
157
127
110
79
83
70
66
44
42
42
38
20
19
19
17
17
8
9
6
448
377
305
129
129
119
110
109
98
89
73
70
67
71
63
54
53
47
31
25
25
22
22
17
299
260
233
171
167
135
131
118
104
61
58
52
52
30
18
23
19
8
16
7
7
324
242
222
180
160
156
90
59
52
57
41
42
35
32
31
28
27
29
27
27
24
7
203
133
115
74
64
47
40
26
33
17
21
18
26
9
9
7
8
6
6
6
6
6
6
325
152
146
129
133
119
92
87
76
77
73
69
60
49
47
42
42
30
19
22
12
7
10
392
146
125
113
94
94
89
75
49
47
47
22
24
26
17
17
17
17
9
15
8
248
203
210
184
145
128
102
100
88
84
66
54
54
51
41
27
22
21
7
6
6
6
239
237
195
153
151
140
94
92
59
57
54
40
34
28
29
27
26
9
11
6
10
128
113
114
112
94
71
71
62
57
51
46
45
32
32
31
31
26
20
14
10
12
8
186
175
146
144
120
121
115
116
108
99
98
94
81
70
68
47
44
38
37
29
19
17
7
228
205
168
124
100
102
102
95
84
72
64
53
61
58
47
42
41
37
34
31
25
15
7
12
7
189
147
147
119
119
99
86
89
92
82
82
66
60
56
57
47
45
35
38
29
25
8
7
8
192
178
173
161
108
90
76
78
57
62
53
52
51
44
49
36
32
25
10
13
10
7
6
7
7
225
215
182
180
170
169
124
110
89
68
66
57
62
56
45
42
48
35
33
34
13
12
12
9
232
229
122
101
94
87
81
73
50
45
42
41
44
23
10
10
14
10
8
6
8
8
148
142
128
100
99
99
76
73
77
66
66
57
52
52
52
49
49
37
34
36
28
11
11
13
9
198
172
135
104
102
96
77
76
72
66
64
60
56
62
54
48
48
32
27
24
16
18
14
184
144
137
117
116
114
109
109
96
87
77
72
75
53
53
48
34
35
30
23
8
10
157
96
90
84
81
81
72
66
51
34
32
28
28
9
16
7
7
7
7
7
7
7
162
143
122
117
112
100
89
87
82
65
51
52
48
43
44
34
36
36
32
26
28
26
20
9
250
196
132
116
102
93
92
74
68
57
36
29
34
24
25
19
17
12
10
17
14
9
6
237
132
127
114
107
101
99
79
74
49
49
50
50
45
44
46
43
43
40
22
23
17
8
7
242
183
169
157
144
58
63
54
56
48
45
45
38
27
13
13
13
12
8
311
189
185
163
134
107
89
51
53
51
38
34
32
32
33
27
21
18
18
10
7
9
17
7
7
349
334
169
145
106
97
92
88
90
79
64
56
51
51
56
55
37
37
22
10
156
147
117
112
101
92
70
67
63
63
63
48
42
36
29
27
9
9
8
9
8
8
245
178
127
98
92
83
78
74
72
64
64
53
39
42
32
25
29
14
10
10
10
10
10
141
127
129
129
127
122
125
109
103
102
87
82
73
60
58
60
52
41
41
38
36
15
245
240
159
131
131
131
107
93
93
85
74
69
65
57
45
33
21
20
7
7
12
8
7
7
273
272
263
231
216
198
176
132
121
125
115
89
81
76
62
47
41
32
29
29
28
25
8
304
268
202
161
158
137
127
120
109
98
90
92
67
60
55
45
34
33
34
23
296
11
9
9
7
7
11
147
142
129
108
94
93
91
86
77
68
58
57
49
45
39
35
17
474
16
182
133
128
113
106
77
77
71
51
50
44
43
44
41
40
40
28
28
21
18
18
23
190
156
128
117
83
82
82
78
67
63
53
48
45
45
36
10
8
10
8
8
8
10
6
10
26
249
219
195
166
154
135
116
104
87
75
73
73
54
60
53
53
53
38
43
46
44
13
14
17
29
183
149
143
127
113
104
110
103
100
104
70
65
58
46
42
33
9
7
9
13
16
298
37
227
227
197
179
172
148
133
127
115
95
82
79
78
67
63
58
46
47
39
23
14
466
34
259
138
134
129
132
131
119
102
76
69
69
58
61
43
12
9
9
9
7
47
43
42
39
246
198
155
128
126
107
105
107
70
68
51
35
33
39
14
16
8
8
8
247
205
186
153
148
112
112
104
79
82
73
36
36
36
27
34
24
19
13
7
7
9
56
56
58
224
183
176
144
144
103
102
84
80
80
67
67
58
26
27
11
10
9
8
61
158
120
113
107
93
88
83
68
68
63
48
44
31
15
20
20
10
10
13
7
7
235
202
206
190
150
148
135
113
112
103
101
78
48
36
39
27
22
23
20
19
10
13
327
195
159
118
99
95
73
73
56
45
50
46
39
37
29
18
20
23
16
15
12
15
10
9
72
76
76
78
298
225
167
164
154
110
51
54
56
46
44
48
30
23
25
6
6
83
83
82
277
224
195
142
134
128
127
105
70
59
43
34
31
30
34
28
22
17
14
331
262
255
179
176
132
110
98
97
98
53
51
48
42
36
26
24
23
16
8
8
275
226
160
145
119
75
69
47
51
40
43
40
21
16
24
13
13
6
6
6
7
6
193
182
152
120
105
66
69
54
36
27
29
18
15
12
9
9
8
8
6
97
237
204
185
181
146
125
125
118
103
78
64
41
44
41
39
20
23
20
14
14
16
11
7
6
460
420
279
251
218
191
183
131
108
84
77
65
47
43
28
28
25
22
10
17
9
8
372
252
183
184
156
135
123
122
116
76
61
63
58
58
49
35
29
30
24
24
8
9
8
364
194
161
150
124
90
100
84
72
72
64
55
54
56
46
38
38
33
29
21
21
21
13
