10
8
8
10
7
7
6
10
10
6
6
8
7
7
7
6
10
9
8
7
7
7
7
6
10
8
6
10
7
9
10
10
9
9
8
8
10
9
8
10
10
7
8
7
7
7
10
10
6
10
10
9
7
10
7
7
7
7
9
6
10
9
10
7
7
10
8
6
7
6
8
10
10
9
7
6
9
9
9
8
10
9
8
10
9
9
9
10
9
10
7
7
7
7
7
10
9
10
9
8
8
8
9
8
8
7
7
6
7
7
6
7
8
7
7
10
7
7
7
8
7
10
8
7
7
10
8
12
9
10
10
10
10
10
10
10
10
6
8
10
7
10
8
6
7
6
8
8
10
9
8
8
7
9
8
7
7
9
7
7
7
7
10
9
8
7
7
7
7
14
10
10
7
10
7
9
6
10
6
6
6
6
6
7
6
7
8
7
10
9
8
6
6
8
8
10
9
9
9
9
9
9
9
9
9
9
9
8
8
9
9
9
9
8
7
7
9
9
9
9
9
9
9
9
9
9
9
9
14
10
10
9
9
8
8
8
8
8
9
8
8
8
8
6
8
8
8
8
8
6
7
9
6
6
8
8
9
10
9
9
6
6
6
6
10
8
6
10
7
6
6
7
8
10
6
6
10
10
6
7
7
7
6
8
6
6
7
10
10
10
6
11
11
11
11
11
11
15
15
10
10
9
10
9
9
9
9
9
10
9
8
8
8
10
8
8
8
9
8
9
8
8
10
10
10
10
10
10
9
9
9
6
9
9
10
6
6
8
10
10
6
7
10
9
10
6
10
6
10
10
10
10
6
10
10
10
9
9
10
10
9
9
7
9
8
9
8
9
10
10
9
10
6
10
9
9
7
6
9
10
9
8
8
9
8
8
8
9
9
9
9
10
10
8
8
8
8
9
8
6
6
8
9
8
9
8
9
6
7
8
8
9
8
7
8
7
8
6
8
8
6
8
7
8
7
10
10
8
7
8
7
10
9
8
8
8
8
8
9
10
9
9
9
9
9
9
9
9
9
9
9
7
9
7
8
10
7
10
10
8
10
8
8
7
10
10
8
7
10
8
8
8
10
7
6
8
6
6
6
10
10
10
9
7
6
6
9
7
6
6
6
6
6
6
6
8
6
9
7
6
10
10
7
10
8
9
9
10
10
10
10
10
10
10
10
10
10
6
6
7
7
8
10
9
6
6
15
15
15
15
13
11
11
10
10
10
13
15
15
14
12
11
10
7
10
8
7
10
18
15
17
19
17
7
7
15
6
6
6
9
6
6
13
12
7
15
20
20
21
19
12
14
12
10
10
9
6
11
9
10
9
9
6
9
9
8
9
9
6
30
25
16
17
16
14
14
9
8
8
15
14
11
9
9
9
9
7
7
7
8
7
30
34
26
24
21
21
21
21
19
19
19
19
10
8
12
9
6
7
7
10
10
10
10
10
10
7
6
10
10
6
6
8
7
9
10
10
10
10
10
6
6
6
7
7
6
6
9
9
8
6
7
8
6
9
10
10
10
10
10
9
10
10
10
10
10
10
10
10
10
10
9
9
8
8
6
6
6
8
15
9
8
8
10
8
10
10
10
9
10
10
10
10
10
9
8
6
8
6
8
8
7
15
15
15
15
15
15
14
15
8
7
11
11
8
6
12
8
7
11
7
9
7
20
7
7
9
9
7
7
7
6
9
15
7
6
6
8
9
9
8
6
6
9
6
9
6
8
9
14
9
9
8
8
7
8
7
7
7
7
10
9
6
9
9
8
8
6
6
6
6
12
9
8
7
7
9
9
9
9
9
7
7
8
9
10
9
9
9
9
9
9
8
10
10
6
10
6
6
6
6
6
6
6
6
6
6
6
6
6
6
15
15
7
11
9
11
11
8
9
9
9
9
9
6
8
9
9
8
8
9
9
8
7
8
8
8
8
9
10
8
8
8
10
8
10
10
10
10
10
10
8
7
7
7
6
7
9
6
6
6
10
10
9
6
6
6
6
8
7
6
10
9
9
7
7
6
8
9
7
6
8
8
10
7
10
8
6
10
10
9
9
8
10
8
6
6
6
6
6
6
8
8
6
7
7
8
8
8
7
10
9
8
8
7
10
10
10
10
10
10
9
7
7
7
7
7
7
7
7
7
15
14
18
15
15
9
6
10
8
12
8
8
7
8
8
12
6
6
12
7
6
6
7
10
10
10
13
6
10
10
10
8
7
9
10
10
8
8
6
7
10
7
7
23
15
9
9
15
8
7
7
13
15
15
9
8
15
11
6
7
7
6
7
6
7
6
7
