89
78
63
52
58
42
25
27
25
27
23
22
14
14
14
22
12
14
12
10
9
10
11
11
81
82
76
64
57
54
54
52
50
50
52
45
38
35
36
27
27
27
27
19
17
17
11
7
138
85
59
33
24
24
22
22
22
22
24
22
19
17
20
13
13
20
20
9
10
6
9
91
67
67
66
63
55
51
41
49
38
37
36
34
29
24
10
9
8
7
14
14
107
72
75
68
67
61
51
50
47
42
42
34
32
29
29
9
10
10
7
6
7
7
72
72
67
72
65
48
47
50
39
31
25
25
21
10
12
10
10
9
9
8
9
7
6
120
105
82
53
51
44
40
42
33
40
19
29
19
16
17
13
15
15
15
11
8
9
9
141
93
82
77
82
72
72
57
58
60
57
48
47
34
22
20
18
19
13
7
10
10
183
89
86
76
80
65
65
54
29
26
23
24
23
15
6
6
6
8
8
12
6
8
154
92
81
72
66
67
67
59
55
48
30
28
25
24
23
13
13
14
13
17
8
10
151
120
108
102
97
88
41
39
35
35
36
33
33
30
30
10
10
10
6
10
186
155
78
42
42
40
32
30
23
21
23
21
18
15
18
15
18
15
9
10
13
6
6
6
6
6
147
136
57
47
44
44
39
35
40
39
20
20
16
14
14
9
8
12
11
7
11
6
200
190
155
139
77
74
75
54
52
54
50
37
29
26
25
21
20
19
22
25
16
14
15
16
16
12
13
8
6
10
11
10
144
101
73
59
55
55
53
48
50
30
26
21
17
17
21
20
19
11
18
18
11
7
6
193
138
81
64
60
61
60
60
52
50
41
35
28
26
22
26
25
25
26
16
10
179
145
138
102
92
83
67
64
58
55
40
40
34
28
28
29
7
18
15
15
15
181
82
64
64
67
64
45
45
45
36
36
8
7
8
7
8
6
6
6
26
26
102
104
77
75
68
56
50
44
47
44
18
13
12
9
9
9
9
7
9
9
40
26
23
23
25
118
105
82
80
63
61
44
46
46
46
18
10
6
10
6
6
44
36
43
30
30
112
89
86
83
68
53
51
21
23
25
23
21
21
7
11
10
8
50
49
51
41
44
38
35
157
122
86
65
59
57
54
31
8
8
9
8
8
55
54
57
46
46
40
209
122
104
86
70
70
70
28
31
18
14
25
6
13
7
8
13
13
9
151
143
129
75
75
75
66
40
38
38
38
38
43
31
31
34
24
10
7
8
8
8
8
9
66
50
105
101
73
78
42
36
36
36
31
35
19
24
17
14
13
6
8
8
8
8
8
8
72
71
71
62
56
53
56
162
85
85
77
46
46
32
26
27
14
13
18
12
11
6
62
61
90
55
53
44
34
33
24
25
23
24
23
20
12
14
9
7
10
7
79
65
175
119
95
95
84
51
50
50
32
38
34
25
28
23
17
19
10
10
8
10
12
6
86
76
80
68
72
140
106
68
67
65
59
49
51
51
55
33
28
28
22
27
22
15
15
77
75
153
130
113
105
38
32
33
12
12
12
11
17
10
10
10
10
10
10
9
7
7
89
93
93
64
61
32
25
23
27
18
19
15
15
10
10
10
10
10
9
9
9
6
9
100
92
85
89
113
106
78
76
49
43
44
42
41
41
21
20
14
15
12
6
6
13
7
107
97
172
75
74
55
63
50
53
42
35
35
36
29
29
25
25
25
25
24
19
21
14
10
108
175
121
61
58
59
46
46
41
45
34
34
33
30
30
16
20
11
9
7
7
7
7
7
7
113
100
100
106
225
154
121
64
64
52
43
43
34
21
12
21
9
12
8
12
8
8
241
94
79
74
69
63
51
45
40
41
36
35
29
21
22
14
14
13
8
8
8
9
152
105
48
50
45
45
45
45
40
40
39
38
38
24
22
14
14
6
9
11
9
7
9
132
121
172
103
57
65
52
50
50
50
50
50
45
45
39
36
27
27
23
23
17
23
15
13
112
113
106
72
70
60
49
48
41
32
32
15
15
19
18
7
7
7
7
7
7
7
7
6
70
60
50
52
46
37
37
46
46
29
28
19
10
9
12
10
7
7
9
7
7
166
168
160
119
93
64
59
62
57
51
44
39
41
38
33
33
25
17
17
17
12
13
12
7
194
119
93
73
70
56
43
38
38
34
36
27
26
22
17
18
17
9
8
8
6
6
170
90
77
65
64
61
52
43
45
27
27
27
27
19
13
17
20
21
10
10
218
190
112
79
49
53
47
49
39
32
32
32
28
27
26
21
15
7
16
7
7
7
139
85
85
66
45
44
42
37
41
37
37
35
37
31
27
27
23
16
19
20
20
12
10
171
89
82
63
63
54
50
49
38
37
34
21
25
25
10
10
7
9
6
10
9
7
10
134
118
89
85
69
59
47
52
47
42
37
27
25
24
30
16
22
15
8
7
7
6
6
114
94
73
68
70
65
52
50
36
42
46
22
21
22
27
20
17
14
10
8
8
7
191
154
117
84
61
55
53
41
40
41
40
26
26
28
32
22
25
17
14
13
15
12
6
118
110
104
84
87
83
70
69
59
32
27
26
23
22
22
22
21
22
22
22
20
13
14
199
109
92
86
80
79
67
71
64
61
53
60
35
35
27
29
25
18
21
16
9
13
10
9
206
110
92
84
72
70
67
61
32
28
27
30
27
27
15
13
7
7
7
7
7
130
102
102
98
98
85
41
39
39
36
38
29
25
24
28
23
12
11
12
7
9
90
82
82
66
53
52
57
52
49
42
38
40
29
29
29
23
17
14
8
6
6
96
83
79
78
52
45
22
21
19
13
10
10
8
9
8
8
6
8
6
6
6
168
117
90
82
83
84
65
53
40
39
33
35
25
27
21
18
17
18
18
13
13
13
9
11
11
150
92
92
81
57
54
56
55
52
44
41
42
33
32
29
23
18
19
20
16
16
6
6
6
6
6
6
96
97
61
54
34
26
28
23
16
11
9
10
10
9
10
9
10
9
8
6
11
193
167
155
149
149
133
141
130
118
107
102
102
82
69
65
59
48
50
36
31
33
33
22
8
8
8
8
8
10
137
91
72
72
70
50
53
56
41
36
36
29
27
21
23
20
20
19
21
13
221
166
81
77
76
55
56
51
43
38
38
39
32
36
26
25
24
7
7
9
21
18
170
169
164
156
130
112
60
58
57
57
49
51
46
48
31
28
29
13
12
25
23
23
170
127
79
70
63
55
55
58
48
49
44
42
42
46
37
36
34
33
18
19
15
12
33
26
232
180
101
103
92
91
68
64
43
41
39
24
24
22
19
18
21
16
8
8
7
7
40
39
31
185
99
97
95
84
66
63
63
56
46
27
27
23
27
23
13
12
6
6
38
253
159
94
85
74
61
51
49
50
34
23
19
15
15
15
17
11
6
6
51
47
130
118
97
73
73
73
70
68
54
39
37
33
28
26
23
16
19
15
19
7
6
286
205
176
152
152
151
144
112
107
71
71
64
61
58
43
38
21
20
19
18
13
16
53
132
117
96
84
80
83
78
71
64
65
65
64
49
43
34
42
26
20
23
17
20
15
62
66
65
62
58
60
131
124
121
95
91
87
71
48
48
49
37
23
16
10
9
10
9
66
197
167
137
132
129
108
98
98
90
88
89
88
79
59
58
53
53
36
28
27
25
26
15
9
76
170
142
123
119
107
58
53
45
45
36
30
27
31
19
12
12
14
11
11
10
10
7
8
80
73
165
160
113
103
102
69
65
46
36
41
31
31
29
21
25
19
15
16
16
7
81
80
138
140
140
123
108
101
91
89
63
63
59
55
50
25
24
22
16
8
12
88
208
187
188
149
147
138
130
128
122
123
106
79
73
64
60
55
56
55
51
45
39
12
192
175
156
135
118
113
113
102
103
83
78
74
65
55
40
35
25
20
18
19
15
16
95
222
140
128
125
111
116
109
103
74
78
74
65
51
45
39
39
33
33
24
22
15
6
252
206
202
140
123
113
111
114
96
88
63
53
49
44
39
33
32
32
24
14
14
6
146
139
113
89
88
76
66
65
65
47
47
46
44
45
33
31
30
25
19
15
8
9
9
198
174
120
104
101
98
80
78
70
64
60
54
50
48
34
26
30
15
11
14
10
6
121
206
148
143
135
128
125
105
103
100
43
44
40
23
25
25
23
19
11
15
10
120
114
108
97
91
74
64
63
61
41
34
31
26
30
21
24
22
18
11
11
10
7
9
8
123
226
206
185
179
162
135
120
108
75
68
52
50
50
36
33
27
22
13
13
11
131
200
106
100
101
101
78
67
59
55
25
25
25
19
10
6
140
138
221
173
128
111
103
97
84
59
59
31
30
29
29
15
16
16
7
7
6
146
183
177
151
119
111
106
108
96
75
48
44
44
36
37
36
39
35
32
26
21
20
151
169
124
106
101
87
90
75
59
49
40
40
36
36
32
25
25
25
17
18
12
8
16
12
12
221
183
158
94
78
82
77
74
62
59
46
45
45
45
38
33
31
30
26
22
23
6
160
333
297
253
131
112
108
109
85
86
80
70
69
69
69
58
42
40
35
35
33
29
28
160
208
172
170
153
143
123
116
98
74
74
62
59
57
52
51
42
40
36
33
26
24
9
9
8
261
188
178
121
115
109
108
109
79
75
69
69
66
64
56
52
45
45
38
32
28
11
8
176
175
293
251
230
161
149
150
124
114
95
94
84
73
67
59
46
50
42
40
18
12
179
228
152
150
153
110
104
109
100
100
85
71
68
59
20
18
13
12
11
11
237
165
140
124
122
105
91
88
84
80
71
72
71
66
56
53
48
21
7
7
7
209
164
160
156
144
146
89
81
78
74
65
62
65
61
61
52
49
34
35
34
30
31
22
188
271
174
165
161
113
104
98
100
87
83
81
73
76
39
31
24
26
19
16
11
11
6
198
193
228
179
180
172
139
109
104
98
84
80
72
66
24
30
21
22
22
20
21
206
193
191
188
184
157
144
144
102
99
97
91
91
86
80
49
48
40
37
21
27
16
8
332
197
159
154
149
115
107
91
85
91
82
81
73
54
54
34
40
32
15
24
14
14
6
209
247
241
178
166
163
159
145
120
104
88
86
77
56
37
37
19
20
17
10
15
8
10
214
194
169
159
137
118
119
95
92
87
82
61
60
56
54
46
25
20
22
14
13
235
229
149
131
140
100
100
92
69
73
66
56
55
54
53
54
44
48
41
21
16
11
9
11
361
248
241
188
150
145
132
112
96
74
73
56
62
52
52
30
11
16
14
8
8
8
228
328
267
159
155
124
110
108
102
102
78
61
66
57
40
33
24
13
13
8
6
290
263
223
205
184
173
175
172
121
115
117
84
89
83
56
56
56
42
35
21
27
15
18
13
6
342
277
224
170
142
120
108
89
63
61
33
40
34
32
34
32
25
17
14
9
9
243
268
202
174
155
153
134
122
117
118
105
94
65
54
52
47
43
31
20
19
14
9
9
238
154
137
121
121
121
121
87
60
54
45
44
36
33
35
30
33
21
15
13
14
18
14
10
268
248
164
153
131
115
119
114
103
81
82
71
68
40
38
39
38
33
33
24
30
28
20
12
291
184
159
155
155
144
140
132
69
63
69
55
56
49
43
36
36
34
25
24
20
8
8
244
234
234
170
115
101
92
51
50
50
45
42
41
42
42
34
28
16
12
7
10
8
7
210
180
175
129
120
99
97
77
62
62
59
47
47
39
45
31
26
20
18
20
13
17
16
7
6
232
167
155
148
146
123
112
102
67
71
74
53
53
47
47
48
39
36
34
25
20
16
12
7
220
205
196
182
173
171
166
156
147
103
72
71
57
59
58
40
38
28
30
27
18
13
162
127
122
103
71
65
58
55
54
51
41
36
32
24
20
21
17
9
7
7
7
15
6
6
289
266
253
224
97
98
79
71
68
41
38
40
25
26
14
15
14
12
15
8
269
239
239
194
171
143
134
122
96
102
95
73
73
58
54
35
39
28
29
12
6
6
6
7
232
210
180
149
107
78
77
69
50
60
33
35
35
24
22
15
18
12
11
11
10
6
8
369
298
207
133
121
114
112
101
97
85
89
84
81
77
71
60
62
53
53
47
33
23
16
15
238
220
220
203
197
190
145
112
104
87
85
71
61
55
43
43
32
25
29
21
20
21
13
290
221
207
174
159
115
115
95
80
65
63
53
47
47
46
32
24
24
21
14
8
8
341
277
211
151
106
111
105
84
71
79
68
67
67
45
49
42
42
32
22
13
6
211
117
124
111
108
108
97
85
91
73
62
57
58
49
38
35
34
30
27
14
11
340
283
250
207
176
146
121
116
110
106
101
99
91
80
78
77
74
74
48
45
45
20
24
6
6
260
235
224
215
212
162
145
115
83
68
67
57
66
65
66
52
44
41
41
24
28
15
14
248
211
124
118
73
61
51
51
51
45
33
20
18
11
10
10
14
8
8
8
8
8
7
144
114
106
93
95
89
87
80
82
67
62
56
55
54
38
38
47
23
16
18
14
10
9
383
313
284
252
238
230
192
170
153
130
110
108
98
83
65
59
53
52
44
23
18
17
18
11
308
276
197
194
150
133
111
112
102
102
72
76
66
65
37
21
7
7
7
7
7
261
170
162
137
120
92
84
77
66
54
52
38
34
36
31
27
27
10
8
8
8
9
7
287
214
196
116
113
89
86
84
57
44
35
39
34
21
18
22
20
18
14
13
13
7
7
570
340
269
262
167
120
81
73
69
48
46
46
45
38
34
38
26
26
22
20
18
17
17
12
7
214
187
125
122
105
93
86
83
80
53
49
31
30
25
24
17
10
7
10
10
6
10
359
269
210
207
178
169
171
144
141
136
112
116
77
70
51
47
29
29
8
8
8
265
221
206
168
129
122
96
53
49
41
34
32
20
20
20
13
11
10
7
8
361
164
156
146
150
123
105
105
98
98
87
83
84
80
58
47
37
18
25
23
25
25
18
18
18
267
212
160
151
134
118
106
103
96
73
75
72
71
55
45
44
44
43
30
21
10
9
6
288
176
163
151
150
143
130
70
74
56
52
60
49
52
27
28
26
23
25
15
15
18
11
8
528
138
103
98
65
45
42
37
40
24
31
20
20
23
19
19
16
18
14
10
9
8
8
281
263
217
199
174
168
125
121
120
119
87
86
52
28
24
25
25
14
19
11
314
296
264
264
236
224
139
146
127
126
90
67
67
65
65
58
53
37
30
27
20
19
261
131
126
129
123
125
91
89
69
48
48
35
35
29
28
24
7
10
9
10
6
378
365
199
199
106
101
100
77
77
73
76
65
61
57
43
40
38
34
38
29
19
345
217
172
171
160
116
109
113
89
68
65
54
44
45
48
44
41
34
14
17
14
13
10
6
364
339
238
157
148
127
124
121
110
110
91
84
77
72
53
22
22
16
9
7
342
225
108
104
96
75
75
67
68
55
51
49
44
24
24
24
12
14
20
6
8
125
94
82
80
73
61
58
59
49
49
53
48
31
44
39
44
35
35
14
7
7
6
277
160
105
97
92
90
85
85
53
51
39
30
12
18
16
19
10
10
10
10
8
10
9
6
6
271
229
220
149
133
78
70
73
73
67
69
60
59
33
34
29
19
15
15
15
14
11
8
121
95
86
71
73
72
64
44
47
34
21
22
20
15
15
14
18
18
8
9
8
6
456
428
332
295
223
176
151
105
102
90
80
80
42
43
49
31
23
19
21
20
15
6
342
259
203
149
159
143
139
122
121
121
85
85
84
54
53
53
32
38
30
30
28
26
23
13
6
400
308
253
197
150
143
139
84
79
61
55
51
48
47
37
35
27
12
9
6
9
7
12
450
115
109
87
41
38
35
35
38
38
29
29
30
20
10
8
9
9
8
7
7
6
6
7
174
149
137
125
117
101
94
46
47
47
39
35
21
23
18
14
14
14
13
8
11
9
9
11
6
372
196
138
132
63
72
49
45
30
27
22
27
17
18
16
16
12
12
9
9
12
113
84
57
57
36
27
23
25
23
24
21
16
11
10
10
9
10
10
10
9
9
8
9
9
250
176
168
137
114
111
114
109
70
60
60
59
55
41
39
32
36
36
29
28
28
9
14
425
248
181
132
120
109
89
89
71
63
55
35
34
27
29
28
26
26
21
10
6
6
8
269
104
92
70
65
58
55
34
34
31
26
28
25
18
10
11
9
9
9
10
9
9
10
12
6
9
171
167
157
143
126
127
82
77
74
75
71
70
70
51
49
46
37
35
30
14
14
11
10
10
8
267
255
80
74
73
54
56
49
49
49
49
47
46
40
40
41
37
34
28
32
19
10
9
9
9
10
7
7
7
8
7
7
7
268
85
49
47
47
46
41
41
37
26
24
526
29
24
22
21
16
17
14
14
12
14
93
60
56
50
49
48
45
45
36
29
29
8
11
595
29
29
20
23
24
17
17
126
66
71
64
62
61
54
50
49
49
47
49
16
13
7
8
31
25
24
22
22
243
233
214
107
62
60
48
49
53
39
39
20
20
20
11
10
9
9
7
43
39
29
30
34
27
27
27
27
27
180
100
101
72
69
67
60
44
25
25
18
6
8
6
428
40
47
225
166
163
108
99
88
76
66
59
62
29
29
21
15
15
15
13
7
6
7
52
46
40
43
167
121
79
66
59
33
28
26
22
16
16
12
14
12
11
6
9
6
51
54
48
48
42
174
126
128
109
88
82
66
69
59
31
27
21
17
12
14
54
48
168
156
127
125
104
87
85
45
44
34
38
28
22
14
21
9
9
14
9
10
54
111
119
98
99
94
48
43
43
31
28
26
19
9
9
11
11
6
6
6
6
60
57
125
112
90
50
47
38
32
33
33
32
24
13
16
11
11
12
9
74
77
70
70
62
62
98
80
53
41
37
41
37
37
34
37
28
21
23
20
15
10
6
10
10
67
85
67
56
54
46
46
42
41
26
24
25
23
19
11
15
18
10
10
8
10
10
10
143
119
117
105
104
91
89
69
70
59
48
47
39
34
34
34
34
29
23
23
15
6
6
89
80
77
150
143
122
96
66
65
60
52
48
46
35
31
25
21
17
17
17
10
7
6
97
85
85
227
101
60
57
44
44
43
40
38
38
23
22
22
17
16
14
14
12
6
6
6
90
94
329
125
117
117
74
66
66
62
62
62
54
45
39
39
36
38
27
27
27
21
9
8
164
89
79
83
71
54
48
44
43
41
36
18
22
10
13
10
14
8
7
6
8
6
109
99
103
97
188
175
151
127
114
72
64
57
41
41
25
19
14
11
13
11
13
13
11
11
6
114
102
298
149
127
121
77
74
68
64
61
61
57
53
40
40
37
34
23
22
18
16
13
8
119
291
183
184
157
162
154
136
95
96
86
74
61
42
31
36
37
37
25
24
27
23
13
190
141
107
95
69
60
47
42
30
27
25
13
9
9
9
9
9
9
9
7
9
8
125
117
110
100
100
98
90
73
73
71
66
68
60
53
38
31
28
25
14
10
9
7
262
160
140
99
94
70
62
56
55
50
54
44
44
38
34
36
28
19
20
19
8
9
6
160
125
89
71
61
39
41
41
41
29
27
24
25
19
11
14
9
9
9
8
6
9
172
170
161
130
113
111
86
83
70
68
66
56
54
53
48
47
38
38
16
16
11
11
8
176
130
95
91
88
88
48
35
33
25
23
24
19
21
14
14
16
12
11
13
10
7
98
98
98
97
77
72
56
52
38
28
26
21
17
19
17
18
16
8
15
7
7
7
7
291
142
130
122
106
104
88
81
81
82
57
53
45
45
29
29
23
23
23
23
20
21
6
223
169
131
123
108
81
81
68
64
45
48
42
38
34
36
36
36
15
17
18
8
184
184
92
92
63
54
54
37
39
34
34
29
22
10
7
10
10
10
8
10
7
200
113
78
80
78
78
76
59
59
50
44
44
26
25
25
25
21
19
21
10
9
255
185
123
91
99
96
81
66
64
62
53
46
43
36
37
40
37
31
21
20
12
10
175
129
112
109
105
86
88
84
83
59
60
58
56
54
51
31
33
30
29
26
20
7
7
136
91
88
59
59
59
59
55
55
55
56
53
43
49
43
31
25
24
12
7
7
170
144
144
117
102
94
86
79
69
66
58
59
55
48
38
33
30
30
25
15
8
12
187
219
162
162
149
145
101
93
98
82
66
66
63
60
44
43
40
27
32
26
16
10
11
12
192
236
224
154
140
108
114
106
106
103
89
87
71
71
64
45
43
39
37
32
33
20
14
159
151
128
113
111
96
86
84
84
84
79
67
62
51
47
44
45
42
27
29
24
20
20
9
13
324
164
161
137
134
98
89
84
86
78
78
67
67
58
52
50
44
32
26
25
209
273
251
205
142
136
121
111
89
83
69
64
63
50
40
42
40
37
30
32
19
11
6
193
187
183
136
131
126
122
109
99
96
91
91
70
60
57
38
35
19
24
10
8
8
10
186
160
152
112
110
103
75
74
71
64
53
44
45
44
47
39
23
17
19
225
239
189
174
176
178
150
144
117
108
98
96
83
75
73
72
61
61
58
61
52
24
18
11
9
7
8
202
165
139
99
90
84
77
72
57
53
57
47
41
36
35
39
26
33
23
12
207
190
186
138
130
116
105
88
82
73
34
38
34
32
26
7
7
8
28
24
23
29
25
22
21
17
196
159
143
134
130
100
95
90
73
67
67
49
39
12
9
28
27
28
217
164
158
150
153
139
135
139
139
96
99
92
51
54
60
41
48
16
16
11
8
10
34
32
29
27
191
198
190
163
134
120
111
98
100
95
84
73
69
61
23
23
23
8
15
20
19
43
40
231
206
189
187
158
149
136
128
117
117
100
76
59
64
71
54
50
52
18
20
17
41
50
35
173
171
113
111
110
87
87
81
79
72
76
59
50
53
32
31
25
6
6
8
6
292
53
53
51
224
178
178
151
157
141
127
110
109
58
56
40
38
20
17
22
7
7
10
7
7
51
46
258
237
163
151
140
132
121
120
118
112
110
112
97
90
69
43
28
39
12
55
55
224
215
186
168
158
157
142
125
101
98
95
95
88
81
74
46
48
48
38
17
10
8
6
60
55
57
57
270
191
188
170
159
125
122
107
90
79
53
26
28
19
11
9
10
7
362
60
63
62
257
204
193
178
164
161
152
135
130
130
129
89
78
50
52
49
28
27
12
78
65
270
246
155
120
121
120
117
113
99
89
60
63
32
32
22
20
17
15
12
8
71
232
208
206
176
168
112
116
101
67
60
43
37
33
28
19
22
20
11
7
6
7
8
78
294
208
171
173
166
145
142
140
120
70
73
62
59
57
33
33
27
29
23
17
19
12
12
6
239
184
155
144
147
137
128
120
98
78
62
58
60
53
44
43
42
31
26
18
15
17
8
266
231
233
205
149
148
140
137
81
75
79
52
52
43
26
22
13
8
9
7
7
6
178
162
155
132
70
67
63
72
61
57
29
37
26
25
23
14
16
16
7
12
13
13
426
106
273
206
199
167
167
140
139
140
125
75
70
53
49
50
39
36
36
36
33
16
12
281
210
176
77
76
73
56
55
26
24
17
19
12
14
8
9
8
9
8
7
7
401
111
109
214
194
192
172
154
136
99
78
87
67
41
42
31
19
20
17
6
9
216
213
208
74
73
57
66
54
48
40
36
36
32
33
29
24
18
18
16
17
14
10
11
235
213
200
194
184
113
98
82
72
52
39
36
30
30
23
9
9
9
9
9
214
193
195
187
149
120
89
91
76
76
68
57
58
44
36
28
25
21
20
8
12
131
177
173
87
81
77
66
66
34
33
29
30
29
19
21
20
20
14
9
7
7
9
137
236
228
178
119
98
87
86
53
47
27
24
24
24
20
12
12
14
8
8
10
6
8
6
268
179
180
132
102
91
98
98
93
77
59
61
45
47
45
41
36
34
30
36
24
8
8
143
263
215
164
98
89
76
68
68
62
62
61
41
45
34
34
34
34
29
29
24
18
20
6
155
193
112
98
71
71
60
53
53
49
39
29
31
29
31
29
29
23
15
6
7
287
288
222
169
106
91
86
67
65
58
58
54
51
44
44
40
39
35
34
32
31
20
358
291
291
267
225
222
207
183
142
98
78
83
76
43
20
20
17
12
8
7
12
162
357
344
205
133
114
99
86
73
68
64
63
54
59
61
54
54
52
48
44
40
38
29
24
475
172
284
226
155
153
138
145
129
106
78
73
73
70
71
59
59
59
55
57
47
43
31
167
124
93
93
82
71
64
58
54
52
53
56
47
28
32
26
21
9
9
8
8
9
9
188
179
331
244
128
108
89
83
81
69
65
64
61
32
37
27
19
16
19
13
10
14
8
6
169
158
137
127
117
108
95
83
81
87
68
68
63
66
46
48
47
37
24
17
9
9
13
198
148
108
93
79
59
54
54
42
42
42
42
30
29
21
24
24
14
18
190
180
154
153
114
104
99
93
79
70
41
41
35
9
15
14
14
360
333
299
268
250
240
174
153
123
110
110
90
83
75
61
57
52
50
33
34
26
28
17
17
141
141
135
117
108
104
94
88
60
48
45
44
38
33
39
21
23
7
7
12
6
6
6
418
343
223
126
119
113
100
97
84
69
78
43
38
25
27
18
21
7
11
7
7
9
419
241
179
174
149
131
132
125
125
92
88
76
67
67
52
54
48
38
34
29
25
23
219
171
150
129
123
123
104
93
89
92
94
82
84
72
48
37
21
21
10
296
272
131
109
87
58
50
43
42
40
42
28
33
24
22
26
14
15
8
6
6
207
179
161
143
140
129
113
91
98
83
85
82
80
70
55
56
49
37
40
20
20
20
16
13
334
328
278
124
124
113
108
108
87
87
68
60
55
42
32
32
26
17
11
14
6
7
8
8
202
172
150
129
119
65
45
54
38
41
30
26
14
17
15
16
12
13
13
11
10
10
10
313
292
179
141
135
97
97
79
83
79
83
79
76
70
59
63
53
33
30
26
20
20
297
269
169
171
160
146
139
122
111
102
88
86
84
83
78
78
64
47
47
31
28
20
17
8
329
165
158
107
93
89
88
83
79
73
74
62
66
45
41
38
36
26
16
25
10
261
401
6
195
163
149
139
135
128
93
93
80
67
58
43
34
30
30
30
21
17
21
15
519
355
300
7
10
15
176
117
117
99
93
71
67
64
66
46
42
37
39
36
34
25
16
445
301
16
7
6
14
209
203
184
159
122
86
78
56
47
45
41
40
40
39
40
21
20
21
22
21
6
9
245
189
146
134
132
132
127
95
72
74
63
66
60
59
51
49
30
6
378
29
14
11
11
226
163
88
74
60
65
61
59
55
50
50
50
44
43
35
35
35
8
6
27
30
19
196
150
132
135
92
61
55
36
44
38
14
10
9
9
9
6
7
7
7
7
357
337
40
24
25
282
280
243
177
179
164
145
136
81
64
66
69
63
45
21
16
12
29
29
185
178
156
147
133
129
110
69
65
56
22
20
25
19
17
15
6
8
343
341
179
172
161
150
88
74
73
73
72
71
61
27
24
22
22
12
13
12
10
9
9
10
446
39
239
200
188
173
86
79
80
76
34
29
27
17
14
13
14
15
6
6
60
214
199
179
183
162
162
135
118
90
72
73
80
80
39
40
30
25
11
11
11
52
65
61
61
49
224
159
162
138
129
76
70
46
44
41
39
37
27
19
16
12
15
59
216
211
172
154
118
111
114
99
103
99
99
90
90
75
81
45
44
44
42
27
21
21
9
260
232
228
182
163
165
144
113
111
100
86
81
49
49
50
48
31
33
26
25
14
11
72
64
265
175
176
170
155
140
129
114
92
54
46
40
37
34
21
31
9
18
7
7
8
216
175
160
153
143
115
113
85
61
57
57
57
43
45
43
36
39
25
12
10
8
126
121
115
118
111
66
64
65
64
62
56
47
49
43
32
41
40
23
17
13
7
8
13
6
88
76
78
76
76
108
75
69
47
46
49
15
12
12
12
8
7
7
7
7
347
403
96
342
258
248
239
235
198
140
125
101
100
73
67
65
52
51
51
27
24
26
29
24
286
146
136
136
83
65
64
65
65
62
56
61
47
56
38
43
32
33
25
12
17
11
7
95
245
133
119
110
85
81
61
45
49
35
36
27
26
18
10
10
10
8
8
8
9
106
111
96
248
188
167
140
126
89
87
87
74
69
66
54
48
43
35
35
36
28
23
18
462
104
103
101
195
150
131
94
94
94
92
89
81
80
59
53
47
47
36
29
26
22
22
106
227
222
100
87
76
61
54
45
31
37
27
25
25
23
23
23
8
15
9
8
8
111
337
194
102
102
95
81
81
81
53
42
36
30
14
20
11
134
306
218
199
182
178
166
101
97
92
94
87
74
68
62
63
39
35
35
33
35
31
14
17
18
121
187
118
115
111
101
85
73
53
38
35
37
28
11
11
11
8
7
7
6
8
8
181
166
126
124
121
106
84
72
61
58
52
45
47
45
35
27
21
16
16
13
134
131
214
179
163
155
125
96
89
78
70
62
62
45
24
24
32
23
16
13
9
9
263
257
186
129
127
120
126
98
96
79
31
24
18
18
18
16
10
15
9
9
9
6
6
156
346
300
207
140
134
134
123
111
112
94
87
87
80
74
66
58
58
58
43
28
31
28
11
253
213
185
79
67
65
63
65
48
33
26
28
20
20
10
10
323
210
127
126
94
91
38
38
36
31
29
18
24
14
10
14
11
14
8
312
239
175
146
142
88
89
78
75
72
46
46
41
36
36
30
29
22
20
19
19
13
164
398
249
220
213
186
154
116
114
93
87
80
48
46
43
43
26
24
24
24
24
24
20
9
196
160
93
93
91
83
72
68
54
52
53
53
51
40
44
45
36
29
29
24
28
14
10
6
10
231
216
164
144
130
111
96
96
84
84
74
72
66
61
51
49
44
41
34
33
34
19
25
19
6
179
140
146
135
131
128
122
93
50
46
40
40
35
30
20
11
20
10
10
10
11
6
193
261
251
200
112
100
100
95
95
91
64
55
50
51
45
44
35
28
27
25
21
20
16
6
283
176
141
131
125
111
107
93
87
73
64
56
49
49
40
22
26
25
17
285
248
132
123
100
90
92
78
81
78
55
53
49
35
41
36
35
34
22
23
11
13
201
354
235
141
110
113
98
81
74
74
58
51
27
27
27
25
25
20
20
9
11
11
225
153
136
133
122
99
88
91
83
81
81
64
67
46
36
26
25
31
31
20
14
10
13
197
176
138
137
127
113
104
88
66
64
63
42
44
50
41
31
28
28
28
21
12
9
10
305
209
114
120
111
103
91
93
85
84
30
33
30
25
8
10
9
9
10
8
8
234
381
293
246
246
7
187
186
148
106
102
98
101
80
71
53
38
35
35
29
19
15
14
379
11
9
7
219
212
198
166
140
140
108
95
94
94
84
75
52
50
51
27
24
20
13
13
6
8
221
210
196
169
99
93
80
62
61
52
50
48
42
38
27
25
25
20
20
20
466
324
19
22
19
10
17
170
150
111
101
94
69
53
51
50
44
43
48
32
28
31
6
26
24
172
168
171
167
153
110
110
110
83
82
90
71
67
58
37
36
30
29
27
9
8
21
21
20
135
123
124
76
73
75
70
65
39
41
38
36
35
35
35
34
12
12
8
8
9
8
35
25
27
189
165
156
136
131
133
110
109
109
81
71
62
62
47
23
14
6
253
33
31
145
136
131
125
111
75
75
58
55
52
54
52
49
51
48
45
24
27
7
7
11
46
44
35
35
247
193
169
116
117
94
54
53
53
53
33
25
35
19
23
9
10
47
47
49
49
47
231
187
180
170
156
156
151
135
134
124
99
99
72
58
55
52
37
21
17
16
435
371
54
46
47
246
218
153
153
148
134
101
80
67
63
60
39
33
34
15
20
8
6
8
50
262
241
214
203
166
161
108
73
74
62
62
44
49
49
28
25
24
13
9
13
9
373
333
208
207
201
166
137
120
105
92
80
77
43
43
44
44
43
32
36
30
13
9
284
69
257
203
161
117
112
110
105
102
84
82
81
72
72
72
56
49
32
30
14
6
76
176
176
149
149
135
101
98
89
80
53
54
53
37
40
28
11
9
8
8
7
7
277
233
205
200
149
122
120
120
106
110
46
51
45
45
34
20
16
13
13
13
15
14
9
76
236
227
198
183
183
112
99
90
90
88
67
68
47
50
34
35
18
17
17
8
8
10
364
89
91
283
262
218
129
95
74
60
53
55
54
38
23
22
15
22
13
13
7
7
306
284
252
217
193
184
113
113
107
104
104
103
103
98
100
48
48
45
28
23
20
20
13
10
8
319
336
99
100
253
225
191
185
146
145
128
108
79
66
40
25
19
17
14
11
7
9
9
10
104
281
152
151
136
113
107
110
87
89
84
70
70
52
45
47
39
32
34
20
16
14
8
10
109
107
100
311
247
240
187
143
134
119
118
118
118
115
99
63
61
45
38
30
30
30
33
21
17
252
210
189
161
148
124
93
93
94
93
80
91
58
50
50
49
35
25
10
10
10
9
10
110
256
250
201
194
162
160
161
128
104
84
71
50
48
40
36
30
28
23
15
7
494
457
127
122
288
268
258
228
199
199
191
177
140
133
127
107
113
53
48
38
35
28
7
250
204
204
201
189
165
144
142
145
142
132
118
83
63
65
62
45
45
47
40
43
8
9
10
223
209
184
181
176
140
138
102
101
83
82
72
56
58
55
50
50
45
22
10
10
6
297
218
179
170
118
107
63
51
42
43
35
28
24
27
24
27
22
10
8
7
311
234
230
215
150
124
123
120
104
97
82
81
79
56
40
40
26
22
24
24
15
15
17
148
322
168
166
160
129
104
85
79
70
63
63
55
37
44
34
29
29
22
17
7
9
148
357
291
211
160
163
157
139
119
120
108
108
97
90
78
68
68
66
65
64
53
50
25
162
258
131
109
107
101
92
92
73
71
70
70
55
44
47
39
38
35
27
8
8
8
8
10
263
198
138
100
90
90
82
82
80
79
78
49
40
45
43
45
38
39
21
15
13
9
7
161
268
217
178
149
121
105
95
102
85
88
87
78
73
60
37
30
24
29
28
27
17
6
9
321
250
177
161
154
108
78
70
62
33
30
18
16
16
16
10
10
10
10
9
10
176
177
278
226
127
103
103
86
75
79
74
70
75
67
64
58
49
36
19
15
9
9
570
177
182
220
151
132
120
97
94
83
88
76
72
72
65
55
55
45
44
33
25
20
20
19
7
347
291
288
230
217
137
116
96
93
74
74
69
44
42
38
30
25
14
7
509
292
200
160
130
108
97
95
67
55
50
47
41
35
40
39
40
30
34
26
14
13
6
8
468
202
190
389
289
248
178
168
153
132
123
87
87
88
67
57
50
50
46
44
36
29
330
303
170
126
120
116
118
109
92
94
87
79
79
80
53
46
40
40
29
27
20
21
8
423
164
160
118
92
94
89
84
63
51
49
29
32
21
21
22
9
12
12
9
7
7
205
417
379
325
306
297
220
186
72
72
56
48
35
37
26
34
26
14
11
8
8
7
210
313
222
179
153
149
139
135
130
130
115
115
95
90
67
59
55
39
23
16
14
17
391
333
204
190
138
132
104
84
75
61
48
47
35
22
19
19
17
9
9
6
7
334
279
266
158
153
155
139
102
100
101
97
81
71
65
64
49
49
41
41
26
25
26
14
17
365
202
167
133
140
122
107
102
93
93
88
79
55
52
44
31
26
22
17
13
10
8
290
280
184
173
172
172
157
112
107
95
96
92
79
76
70
70
41
37
13
15
9
9
9
287
285
181
181
168
160
132
136
123
124
114
81
80
79
41
39
35
23
21
15
8
8
250
455
113
107
107
107
90
79
48
59
53
49
47
46
38
43
30
26
19
17
13
6
267
257
8
8
223
170
166
162
158
120
108
99
88
66
58
51
51
46
19
17
10
10
14
278
265
12
242
224
159
151
139
132
130
108
99
77
71
56
56
40
35
27
20
20
20
15
305
270
18
8
8
184
172
149
147
135
113
95
95
87
57
56
46
49
25
24
28
24
20
256
204
183
149
129
100
103
100
82
83
52
57
42
39
35
37
33
29
28
28
24
268
360
359
308
24
24
14
219
219
208
198
147
131
110
114
85
72
62
65
48
36
34
30
34
26
19
215
193
182
174
120
115
115
110
99
79
68
72
72
49
49
40
11
337
297
295
263
263
251
167
167
155
160
143
121
115
96
78
60
60
54
48
40
43
40
16
6
305
40
39
37
31
31
195
172
165
155
158
147
143
101
109
87
80
82
65
54
49
49
45
21
44
44
242
218
204
174
160
130
94
92
86
65
58
55
54
55
32
16
10
7
341
310
309
49
39
195
135
124
107
92
92
76
73
69
60
62
59
20
14
12
14
12
6
46
48
247
200
184
146
135
129
101
86
86
81
64
61
42
43
30
25
17
10
63
63
252
243
190
189
168
140
118
97
82
82
83
70
66
65
65
33
25
26
22
23
7
7
495
64
264
202
194
189
126
103
78
70
47
49
40
38
30
29
17
16
15
17
15
6
6
73
255
198
194
131
104
89
83
80
79
57
57
43
43
36
32
26
22
13
8
8
430
415
360
68
64
65
313
233
148
147
136
55
63
48
40
22
27
15
15
12
9
79
75
71
200
195
170
152
122
99
92
62
45
42
42
37
35
33
21
18
18
13
7
83
76
74
269
258
244
206
193
182
155
159
131
126
118
95
66
59
39
33
26
31
25
349
346
257
250
138
109
100
98
77
64
61
57
52
54
45
33
30
30
30
15
6
13
9
467
94
86
175
175
114
114
105
104
71
57
57
55
52
47
41
41
35
35
20
10
10
6
359
104
270
267
197
146
130
137
122
119
75
74
69
63
62
54
57
55
38
38
8
361
361
95
96
268
222
189
158
146
115
117
70
61
53
51
45
34
19
13
13
7
13
13
213
195
195
179
136
123
129
123
85
81
81
71
66
50
50
29
25
18
14
12
12
8
11
6
330
305
274
246
201
169
124
120
97
74
67
61
56
56
48
48
30
30
19
17
12
7
124
115
349
276
268
244
218
205
165
145
93
84
67
58
28
28
21
24
18
20
7
7
114
183
171
101
94
91
88
84
71
58
34
18
17
15
10
12
6
6
8
8
6
133
121
127
247
199
149
135
107
112
95
70
70
61
60
55
42
27
28
22
15
11
8
133
130
272
255
230
184
193
154
143
106
99
83
75
75
73
66
60
43
43
30
29
24
9
139
349
354
300
230
224
177
150
145
97
92
81
65
48
32
28
23
23
20
20
7
251
215
187
167
118
101
99
91
91
90
85
82
78
79
49
46
32
26
28
19
19
11
10
287
270
199
170
176
175
126
116
103
75
78
75
59
58
50
51
45
39
31
22
26
24
12
19
286
279
201
128
111
111
101
89
80
71
78
66
59
52
49
44
43
38
36
38
38
10
15
160
153
221
225
165
124
116
110
105
90
79
70
71
62
59
58
58
27
14
152
136
127
117
117
108
69
63
58
57
52
48
32
24
25
16
12
16
8
6
8
173
322
314
200
134
126
111
102
101
89
89
81
71
66
62
64
39
44
31
26
25
7
8
567
179
173
169
249
236
204
157
148
131
116
108
100
104
100
71
68
44
28
10
8
9
340
274
226
160
165
162
168
155
142
111
84
68
69
63
53
61
47
36
27
11
14
14
6
581
443
259
216
213
150
117
92
93
84
79
79
81
72
66
57
26
12
12
19
11
12
310
288
251
216
154
142
123
123
126
123
120
115
88
83
78
79
57
56
33
36
17
15
198
157
106
97
92
89
82
75
70
62
62
48
49
41
40
45
32
26
8
13
191
162
148
136
92
88
88
81
85
80
73
56
48
37
34
27
25
27
20
6
585
311
268
172
162
151
148
145
120
116
114
107
93
89
66
59
49
34
28
31
22
19
8
18
213
256
185
183
174
143
118
111
111
72
77
77
71
37
35
37
35
22
9
7
585
355
266
197
126
113
80
71
52
56
39
15
23
10
13
11
10
11
6
6
7
9
7
208
172
165
153
139
135
128
108
110
76
80
66
62
61
44
34
35
25
20
14
12
6
556
454
200
178
163
144
133
122
112
108
90
64
62
42
32
21
25
17
19
12
477
279
204
164
142
140
138
113
103
65
58
64
34
30
18
15
17
9
9
367
217
217
199
180
143
137
127
132
132
123
118
88
77
70
64
62
60
31
32
23
17
10
570
369
228
205
205
194
180
156
148
123
100
90
78
76
66
64
54
52
36
31
34
18
10
9
264
250
218
179
179
153
129
127
101
91
79
65
57
43
39
36
32
24
20
15
7
10
451
370
293
196
127
119
84
77
75
63
71
57
57
55
48
42
42
37
32
27
20
14
16
418
364
306
274
226
153
142
138
135
134
111
75
75
70
65
51
41
34
30
25
16
21
8
10
442
291
272
265
266
226
225
225
193
168
164
158
149
111
87
95
83
64
56
30
20
24
7
10
259
219
205
173
173
163
155
132
106
106
94
91
90
83
69
38
35
25
26
30
430
292
9
235
203
195
180
168
162
117
117
117
95
82
63
58
52
50
50
25
25
378
360
251
212
212
209
200
200
183
135
118
110
101
88
89
79
72
66
62
38
34
311
18
14
242
218
136
117
105
106
106
94
92
78
74
73
55
59
59
55
59
44
35
441
316
295
24
7
272
250
241
246
223
219
218
199
182
173
152
138
120
77
76
64
55
49
34
30
573
382
318
303
24
24
20
256
230
215
180
157
149
137
86
83
82
62
46
43
10
547
284
381
308
300
29
37
24
19
229
229
184
179
169
157
122
108
77
82
73
65
68
14
38
33
31
276
173
150
148
125
113
99
91
88
91
72
73
55
53
49
19
17
6
8
417
46
39
30
213
165
172
161
141
139
125
102
97
97
80
73
66
59
25
12
8
7
8
8
300
467
44
44
46
34
33
226
221
202
173
155
114
85
84
83
76
76
74
69
16
10
12
7
400
37
249
230
204
158
135
130
111
100
78
68
58
25
21
18
21
12
12
12
7
7
7
365
328
46
302
207
155
140
114
106
105
93
90
36
30
30
22
26
16
14
12
12
7
10
13
423
367
61
51
287
250
240
208
159
100
98
95
80
42
33
28
18
22
17
17
11
512
368
71
65
306
278
255
241
180
166
144
148
140
121
104
33
30
26
24
22
16
11
16
407
75
70
69
291
273
260
254
188
190
189
171
110
106
78
43
42
41
38
31
22
7
7
74
62
286
164
166
158
137
132
134
127
110
104
48
47
46
40
40
43
35
37
21
15
86
243
201
182
141
118
100
52
48
41
39
37
37
25
26
30
16
13
10
10
10
22
10
9
448
81
78
80
279
248
210
179
171
121
120
113
67
50
49
39
30
12
10
8
9
9
10
96
87
81
240
178
115
74
72
62
49
52
44
47
36
40
23
23
19
17
17
8
8
85
84
301
233
218
187
164
138
121
113
74
67
66
61
61
50
41
35
20
20
15
13
16
452
194
165
169
142
128
112
82
84
72
72
59
62
52
38
30
27
25
22
24
8
7
12
10
8
385
92
101
90
96
302
289
279
274
248
237
221
195
182
164
120
67
57
35
35
30
23
21
12
528
171
163
140
135
85
94
82
82
78
56
47
47
35
34
23
18
18
24
17
10
9
15
102
343
326
288
249
202
170
154
94
83
77
77
77
75
66
61
51
50
37
22
20
6
546
110
116
359
342
289
252
228
163
134
140
91
79
78
69
51
50
48
48
42
14
14
12
10
390
129
121
292
194
178
176
168
87
82
77
76
75
55
33
38
18
22
9
15
10
13
10
10
304
242
237
195
199
169
167
150
112
103
48
37
38
24
23
27
9
10
10
10
9
7
7
7
308
224
204
187
147
149
144
119
106
94
93
65
63
60
59
57
31
31
26
20
18
12
139
129
127
345
259
250
205
170
154
101
101
71
76
70
68
56
47
27
20
17
12
10
142
270
128
112
103
103
81
75
63
61
53
52
50
36
34
22
17
22
21
17
12
7
353
313
309
298
209
177
169
169
132
102
107
93
101
78
74
50
34
30
12
7
7
376
332
312
234
197
138
120
116
101
88
73
71
62
63
52
34
35
22
18
17
17
9
7
395
306
133
144
121
117
103
91
82
78
70
74
53
51
45
40
30
17
16
8
8
7
6
154
315
227
224
224
137
131
95
49
49
55
50
45
45
37
42
32
35
30
22
14
11
10
176
159
162
149
143
142
141
113
83
50
50
49
47
47
40
37
30
27
19
10
9
9
10
290
227
151
122
121
109
91
60
64
56
47
52
38
35
34
32
24
17
24
17
16
14
170
279
241
209
150
145
85
67
60
52
57
43
37
39
29
36
34
28
23
22
10
19
19
157
103
94
82
92
63
58
57
62
51
57
34
34
35
31
25
27
23
24
18
9
9
7
8
436
294
237
138
120
93
70
69
53
49
49
50
40
36
36
35
32
19
28
22
14
14
10
7
193
201
251
166
166
141
78
86
79
54
52
44
24
33
29
19
19
23
17
7
6
7
6
9
162
137
137
72
70
68
61
51
49
42
48
41
39
38
38
30
24
24
24
21
12
14
236
155
155
145
102
90
90
71
65
65
53
45
43
16
19
11
9
8
7
6
6
218
235
183
165
164
164
118
93
97
90
90
89
87
66
55
50
48
32
27
24
6
7
6
6
252
244
155
142
87
87
82
72
64
69
53
29
36
32
21
16
15
15
11
7
7
8
7
347
306
285
240
192
100
66
62
61
62
34
28
22
15
19
16
10
10
8
10
10
9
6
6
6
543
389
152
154
92
82
82
74
70
48
46
26
21
16
17
18
15
11
11
7
8
7
399
302
143
146
115
95
72
63
45
36
36
31
36
27
20
24
20
19
19
12
11
16
16
7
11
217
169
151
140
117
90
91
73
61
58
59
31
30
31
24
9
16
9
9
7
189
137
137
119
108
82
80
80
64
62
61
56
54
52
41
36
30
29
12
11
9
6
283
175
123
102
86
85
87
85
69
46
35
34
34
34
26
27
31
31
19
23
19
9
9
9
221
174
168
150
137
112
92
80
74
74
64
62
46
46
40
31
24
24
27
14
7
6
616
189
135
120
103
93
83
75
70
69
56
51
51
51
45
48
48
45
44
45
37
28
24
399
304
298
233
227
150
149
137
106
102
74
66
74
57
56
50
29
29
24
15
14
357
318
195
107
107
107
95
89
88
68
64
54
39
33
20
22
9
9
15
7
7
308
220
152
130
120
116
79
81
63
57
59
60
51
56
54
42
39
24
27
26
12
14
383
382
152
124
127
131
130
95
90
77
75
60
44
44
39
39
39
30
23
13
17
7
7
137
122
109
81
81
76
70
65
54
57
49
52
45
39
40
37
32
24
24
18
14
14
13
6
213
185
105
98
98
76
79
72
56
54
54
49
39
41
32
11
10
9
6
145
102
102
96
86
80
68
64
71
54
39
38
29
30
28
17
15
15
11
7
219
146
137
117
94
84
85
76
67
75
64
43
33
24
20
21
16
19
19
12
13
13
7
12
145
141
92
89
86
74
78
72
69
60
64
64
57
38
38
25
24
21
24
22
19
444
248
177
151
128
104
94
93
74
60
59
53
53
53
37
30
26
29
29
24
24
17
6
278
182
130
125
115
100
91
74
65
45
43
45
32
30
23
18
19
16
14
9
9
8
6
365
192
157
155
140
139
127
124
118
106
104
67
51
39
39
40
39
32
14
14
13
11
187
122
89
89
84
81
75
72
76
56
58
62
47
44
40
35
21
19
20
18
10
10
7
243
148
118
115
110
80
72
63
56
54
60
49
43
27
31
21
21
15
10
10
10
8
187
170
154
134
119
114
94
62
57
63
56
59
59
56
55
56
38
39
32
29
29
20
20
13
184
184
163
103
104
99
96
87
79
83
70
57
59
47
41
33
31
30
25
25
30
25
12
146
132
103
84
79
71
65
65
64
59
58
59
46
41
36
30
30
23
18
18
21
6
8
9
406
190
187
141
135
121
92
87
72
71
66
63
47
51
53
46
41
35
29
32
34
30
10
9
192
174
153
119
88
69
69
68
62
55
49
48
45
45
34
14
10
9
9
279
169
149
99
81
80
79
80
63
57
57
54
51
54
46
38
33
38
32
8
9
14
182
154
134
124
98
82
77
78
75
59
52
43
44
50
30
38
25
25
25
25
21
23
19
8
225
160
134
124
87
84
83
74
77
67
73
62
60
61
55
53
42
30
24
22
18
13
14
570
230
211
209
182
173
95
95
88
90
82
81
76
69
60
62
47
47
35
9
8
6
6
246
224
198
204
183
161
144
146
99
87
70
65
65
67
60
58
49
40
34
39
40
26
26
261
181
126
118
104
104
104
102
98
98
78
70
57
57
57
45
45
37
31
14
15
10
7
6
6
356
257
188
171
163
140
133
125
109
109
103
75
75
55
63
42
23
20
11
10
6
236
176
130
128
117
116
102
92
89
85
88
80
55
58
49
49
44
28
28
25
17
7
15
15
262
198
181
167
147
120
114
86
60
54
46
20
12
16
20
20
20
9
9
8
7
7
147
122
112
106
99
90
84
65
65
53
47
45
35
30
18
17
14
8
7
7
244
143
111
104
105
100
89
80
82
70
70
73
73
70
69
56
51
30
30
19
17
9
394
234
224
174
165
152
139
100
73
75
61
45
44
36
36
35
36
24
27
27
9
9
205
157
140
133
126
123
124
89
93
76
78
72
61
46
40
35
34
23
27
14
9
9
9
234
175
175
172
156
146
141
139
105
104
89
87
83
63
54
55
40
20
24
19
19
7
13
248
173
127
124
124
120
120
115
73
60
59
55
51
42
40
38
23
15
12
7
7
9
182
168
151
142
147
136
108
107
97
77
71
57
56
43
34
43
29
29
24
12
12
10
11
470
312
224
209
202
199
169
143
136
130
101
100
87
88
73
62
49
52
43
34
17
20
9
227
214
204
192
184
148
146
135
104
97
94
66
58
57
53
39
39
27
24
24
25
14
7
9
325
202
157
157
108
75
75
68
66
43
39
38
30
30
31
19
14
12
14
7
7
289
198
168
149
138
124
111
103
82
87
69
64
49
45
43
37
40
35
22
18
18
8
315
290
214
179
164
145
132
81
67
41
41
34
26
25
25
22
19
18
8
8
7
261
198
185
161
116
92
97
73
67
47
52
44
34
32
23
23
18
18
18
10
6
287
171
155
130
124
97
82
77
49
44
45
37
37
37
38
25
23
22
18
20
11
11
580
128
123
95
82
74
67
44
41
44
42
28
23
14
16
16
16
10
10
9
8
9
6
8
276
175
174
174
152
128
129
112
100
73
73
70
48
42
42
45
37
29
26
19
21
15
14
11
357
209
179
170
157
145
139
94
79
79
59
51
52
47
42
38
37
38
34
19
18
16
8
133
115
111
105
98
69
52
52
54
43
43
42
43
42
37
35
24
23
13
15
22
9
10
8
347
277
276
6
6
189
148
141
107
89
88
76
74
71
69
52
44
32
32
26
28
15
344
272
9
8
12
203
194
190
178
161
159
152
109
94
92
77
66
62
59
39
46
35
18
22
14
12
9
10
8
183
112
98
87
74
72
65
57
55
53
40
30
23
19
16
14
14
6
7
9
7
9
6
8
126
119
104
73
69
56
36
43
27
33
739
18
15
12
175
148
153
136
130
101
89
84
81
81
79
77
68
56
54
56
46
8
529
28
20
16
240
163
152
145
140
101
97
94
86
54
47
49
9
11
6
7
7
7
280
39
30
31
244
219
203
158
150
117
104
91
93
78
72
59
58
40
45
39
14
10
36
36
33
25
246
221
210
172
124
124
115
120
107
98
87
83
79
80
64
53
50
50
21
17
31
34
32
236
235
211
195
183
157
142
129
101
96
85
79
72
58
7
51
43
37
37
188
166
157
129
109
105
99
93
90
86
67
31
13
12
13
8
8
6
7
280
56
45
42
205
171
170
166
157
134
117
121
113
97
80
78
59
36
23
32
17
6
292
279
55
53
55
214
203
159
130
124
112
107
103
85
78
73
28
22
16
12
9
64
63
58
50
164
164
162
149
121
108
93
91
14
14
17
10
10
10
10
8
8
6
8
332
65
74
60
55
56
238
180
167
140
129
129
78
76
80
74
53
47
47
21
13
13
10
70
69
225
190
186
177
152
139
131
119
122
98
44
32
27
18
18
18
15
11
10
10
361
307
226
200
137
136
127
123
123
101
88
84
60
57
53
40
33
35
28
23
19
72
169
158
155
144
130
108
95
66
58
47
33
30
30
28
20
21
19
15
13
356
272
244
154
147
129
128
108
73
55
52
43
45
35
35
31
33
27
28
27
19
17
17
7
91
88
298
197
132
122
108
77
57
45
46
36
25
25
30
30
23
11
7
6
101
101
90
87
303
199
150
136
108
69
55
52
49
45
43
35
34
30
27
22
22
7
9
359
90
288
213
198
175
169
143
70
63
50
50
46
46
40
26
25
18
16
15
101
105
316
304
174
156
153
149
149
93
83
73
62
51
21
21
13
13
9
7
6
113
306
284
283
158
144
95
98
95
80
80
64
55
42
42
35
28
22
11
14
351
327
310
266
197
170
159
147
95
82
73
70
65
57
54
50
54
55
54
48
29
27
23
27
17
118
263
179
177
162
101
87
78
80
74
70
60
49
36
32
29
22
20
12
6
9
118
281
253
189
168
153
141
113
99
85
85
79
79
75
71
62
65
65
53
39
33
25
13
9
133
321
250
245
200
182
143
141
100
87
87
87
84
62
63
56
30
33
9
8
6
6
7
351
209
178
163
105
105
102
85
81
83
76
77
77
74
68
56
56
41
39
34
12
12
7
137
130
256
229
189
184
159
166
114
113
100
98
101
96
90
73
62
20
9
6
142
330
263
131
115
110
107
95
91
78
63
57
51
48
47
42
24
22
24
23
20
10
7
6
252
224
194
180
138
107
104
106
91
78
72
62
56
56
44
45
40
39
30
28
22
23
16
6
159
156
223
196
179
177
143
135
112
103
98
83
82
80
80
61
58
43
32
33
20
21
8
315
288
264
235
212
205
123
110
101
93
66
52
49
40
38
25
25
22
21
14
7
157
204
184
150
115
115
105
97
87
69
54
50
38
38
27
17
19
14
14
9
10
10
6
455
307
251
198
140
110
110
86
82
82
79
72
74
58
57
48
48
36
24
29
31
10
6
473
165
279
129
121
118
87
90
75
67
52
53
43
41
36
27
17
17
11
8
8
573
173
244
237
230
195
154
153
133
114
119
95
84
83
68
67
59
21
18
13
8
7
8
184
309
226
203
126
128
125
124
106
98
91
87
89
64
61
41
35
34
29
18
18
13
307
247
153
144
140
140
134
95
102
93
91
86
82
75
75
68
67
55
36
39
22
10
10
6
6
393
181
135
129
109
97
92
87
49
47
31
23
23
22
23
13
17
16
8
6
197
195
189
414
391
289
188
183
162
133
116
112
78
79
72
53
52
45
36
32
33
27
23
220
165
165
155
128
117
117
109
108
104
89
69
72
54
54
41
37
38
23
21
23
20
13
334
265
262
258
238
190
184
131
113
87
88
83
76
70
43
26
26
18
19
7
7
7
410
388
284
267
242
182
158
152
127
112
104
95
93
62
57
53
47
42
35
28
24
31
6
6
335
302
205
205
181
168
160
152
148
153
119
91
95
86
86
76
69
71
69
53
36
17
11
225
328
314
261
209
174
146
137
103
96
86
93
59
54
19
17
10
9
8
305
301
287
272
211
204
172
169
147
142
127
106
96
87
62
58
48
41
33
24
235
276
193
195
185
178
157
138
114
99
81
63
53
27
29
26
20
20
9
6
589
240
188
180
143
97
93
91
74
58
59
58
48
25
31
17
10
6
6
10
10
6
231
221
192
166
149
137
133
106
97
92
97
91
81
65
47
39
30
25
23
15
22
7
6
620
447
355
298
200
145
127
102
88
77
56
53
58
42
41
33
20
20
20
14
8
8
8
256
253
225
215
161
157
145
130
128
91
76
58
48
54
40
36
40
25
21
21
10
10
6
359
358
303
245
214
192
185
156
140
137
126
113
93
78
52
42
32
30
20
22
14
20
18
15
177
165
166
151
112
97
97
98
88
87
83
67
47
45
49
41
40
30
27
10
6
327
292
285
166
155
122
106
103
88
79
71
46
47
36
35
31
31
25
8
8
8
8
8
8
614
501
419
390
332
322
215
197
177
178
95
68
73
55
57
49
41
36
30
30
35
13
6
325
309
266
221
207
169
152
134
129
108
111
91
82
73
61
57
57
48
44
10
10
10
11
546
374
242
217
199
199
197
161
146
117
113
117
100
93
78
76
47
29
32
37
22
16
6
9
293
243
186
167
151
132
129
123
119
89
87
89
62
60
50
45
44
43
33
28
449
348
206
199
191
194
184
168
142
138
131
113
98
83
80
65
61
65
57
50
55
50
28
33
24
957
296
252
241
173
164
99
94
94
85
92
85
78
44
53
41
38
33
32
26
10
10
17
8
521
412
323
259
240
166
159
108
89
59
60
60
51
58
43
43
38
37
35
28
19
21
181
155
151
148
142
143
137
128
121
126
104
90
80
76
61
53
62
62
51
41
31
36
8
8
227
199
193
181
171
143
133
134
115
107
100
106
90
81
69
66
58
53
43
38
41
36
20
13
23
260
236
231
210
192
156
155
137
123
110
105
98
86
84
80
65
53
50
46
43
28
16
14
8
377
225
203
189
171
143
130
105
102
95
85
85
68
63
61
54
33
15
9
6
9
6
303
191
162
143
135
115
101
96
94
85
68
65
53
22
23
14
10
7
8
6
7
6
383
348
206
189
153
140
96
101
73
73
70
73
73
66
66
44
40
38
35
23
18
15
14
240
240
231
194
189
174
171
162
125
110
106
83
65
54
57
45
34
34
24
12
13
12
11
8
312
224
186
173
173
122
115
115
110
83
83
64
61
50
37
43
43
25
25
17
17
13
9
298
170
166
116
116
112
87
81
75
62
64
48
38
37
37
30
22
22
16
9
8
8
383
201
109
110
93
93
82
58
51
35
32
28
20
26
24
14
10
6
357
416
262
226
188
166
91
83
44
40
39
19
23
18
10
9
6
7
8
9
10
9
547
325
185
160
155
150
140
130
113
102
103
96
97
73
52
45
29
29
36
36
24
21
17
15
418
316
282
255
211
202
164
158
142
115
91
78
51
54
46
33
29
21
25
19
8
8
8
367
462
342
322
239
203
178
166
110
110
90
75
83
63
71
56
63
51
34
34
33
31
24
7
437
292
182
173
176
129
118
101
99
88
88
64
46
42
39
38
33
24
24
20
18
9
12
428
226
176
166
152
145
116
116
115
99
64
61
57
44
37
28
34
25
25
18
19
6
432
335
239
222
208
193
120
88
74
62
62
49
42
34
40
28
29
29
11
17
13
17
9
384
249
212
211
204
133
128
95
81
79
67
63
58
53
52
44
35
33
29
33
27
23
23
9
292
184
138
135
98
92
90
77
65
69
59
59
50
38
38
28
24
22
21
10
9
10
8
271
225
171
170
81
63
60
43
45
45
43
34
27
16
26
15
14
15
7
7
8
6
364
354
209
176
171
144
147
134
108
110
76
68
48
48
43
32
20
13
10
8
12
535
233
181
180
158
151
131
117
113
95
99
78
70
73
66
53
53
46
44
37
36
22
20
15
17
411
408
316
161
158
96
94
88
86
89
83
53
19
22
21
10
10
7
9
304
170
158
163
130
123
109
91
84
84
83
81
74
55
49
35
35
27
22
10
10
249
221
151
110
107
110
88
80
82
78
68
52
54
51
51
39
37
35
20
20
20
15
8
395
217
199
184
188
149
111
98
87
81
75
73
64
65
57
45
37
38
25
25
7
9
7
268
258
254
246
198
173
172
166
142
81
89
80
78
68
68
50
49
43
31
19
19
15
18
9
12
405
230
230
200
190
197
125
108
95
86
55
62
62
53
48
41
35
35
35
10
9
203
171
162
130
102
88
88
77
59
60
52
57
40
38
35
35
31
23
9
7
6
7
7
202
193
190
193
170
147
134
123
110
110
110
107
100
95
93
87
77
57
57
51
33
27
7
403
288
122
118
110
110
100
96
90
90
84
77
81
63
61
54
56
51
50
25
29
28
24
22
411
281
264
256
203
203
154
159
142
136
124
118
105
93
86
55
26
11
18
336
303
215
218
208
178
174
128
116
108
94
92
97
80
67
64
60
48
46
42
37
29
34
9
353
352
303
283
189
155
119
103
88
96
84
71
47
47
39
39
28
24
18
10
15
14
9
6
232
198
176
158
132
118
118
113
104
70
74
65
53
53
53
55
48
44
26
15
22
9
318
240
221
175
148
144
141
140
115
87
85
87
75
59
46
47
39
38
17
14
244
174
163
162
161
149
141
128
120
108
99
91
81
86
80
80
75
65
62
52
35
36
22
8
7
413
269
226
211
197
154
150
150
150
135
87
85
69
33
26
19
21
12
9
9
6
9
6
433
238
189
138
110
109
102
94
93
85
85
75
74
60
53
53
58
48
46
42
21
10
381
288
179
143
143
134
135
126
122
112
108
108
106
102
62
62
55
50
48
37
31
13
16
6
194
154
134
120
107
104
84
84
86
87
63
67
67
41
34
26
28
23
13
7
191
174
170
153
147
137
132
122
114
114
79
68
68
70
60
60
51
41
34
29
29
432
175
170
127
123
123
103
100
95
63
57
48
51
51
46
12
10
9
9
9
343
331
286
246
241
215
199
200
180
149
128
127
110
93
89
68
62
64
56
41
22
14
10
14
530
290
281
270
272
226
214
188
168
164
150
134
133
133
89
72
80
58
53
56
40
41
44
22
27
308
312
301
270
216
215
185
156
120
95
88
64
64
59
59
45
43
42
27
26
26
10
9
6
334
285
208
203
143
142
137
134
100
95
97
66
54
42
39
45
43
37
29
10
8
11
8
7
268
188
183
134
135
130
130
119
97
82
87
87
74
69
70
60
36
42
24
13
13
8
341
188
160
160
150
140
140
140
111
64
53
47
41
24
30
21
9
12
14
7
6
463
293
276
260
229
205
157
140
128
91
81
75
65
67
56
44
29
18
10
11
10
6
7
586
472
292
199
188
187
170
102
87
91
78
74
68
38
19
22
17
17
15
6
279
243
241
241
236
166
122
111
104
79
79
83
69
56
39
34
36
24
24
23
21
11
618
450
428
377
325
286
238
187
167
160
155
155
96
34
35
29
26
26
10
6
6
483
259
223
199
202
185
182
172
153
147
108
107
89
78
71
37
35
38
32
32
27
388
230
218
208
170
142
138
113
104
95
100
93
77
69
55
49
45
39
36
26
24
15
9
393
351
316
214
203
202
175
159
142
136
130
123
86
82
64
49
42
42
42
39
14
10
9
307
307
192
187
175
162
149
90
60
49
49
47
46
37
44
42
32
28
14
14
234
173
167
159
135
118
96
100
86
77
68
61
61
54
52
47
33
30
24
24
19
14
6
9
9
409
331
276
230
222
203
153
143
116
90
59
56
56
55
54
54
46
38
44
25
12
11
16
6
375
321
285
268
142
119
116
96
100
79
74
74
73
65
62
52
57
33
30
27
13
8
438
302
282
286
231
191
174
118
98
88
81
59
58
42
38
39
34
28
21
20
18
15
8
430
409
346
239
209
189
184
177
172
143
104
88
83
87
80
71
51
39
30
33
20
14
14
12
419
316
209
192
179
157
158
146
134
132
123
121
124
117
98
79
80
73
72
71
57
52
45
8
311
296
286
194
182
150
127
116
116
114
114
114
113
99
104
84
69
50
49
49
32
15
18
545
349
215
189
138
119
118
99
96
89
89
89
87
70
68
42
46
35
18
13
484
311
287
274
245
226
225
194
187
167
160
160
161
150
149
140
123
113
105
79
65
47
435
430
319
267
230
225
225
204
192
192
156
154
134
104
103
87
72
69
61
28
27
13
16
16
557
437
304
301
295
198
159
120
77
61
46
33
38
32
28
23
30
10
10
18
8
7
9
263
240
223
216
212
179
151
132
109
110
108
107
109
105
104
75
55
37
33
17
13
10
438
369
359
293
208
165
152
144
133
119
114
93
99
91
91
63
51
33
42
16
15
15
9
478
322
138
130
130
125
112
104
92
84
84
48
46
23
23
23
10
7
7
8
7
7
324
313
311
255
194
179
179
170
159
136
129
111
109
87
67
71
62
40
41
18
13
12
436
277
263
231
182
177
167
150
140
108
102
68
53
39
30
31
29
28
14
11
11
239
214
198
189
191
142
138
132
132
121
107
63
73
62
28
25
22
16
14
9
8
378
319
222
222
203
194
177
171
148
148
143
112
105
106
105
104
79
88
38
33
27
28
19
402
399
383
242
228
199
195
192
165
144
136
137
106
91
90
78
51
45
38
31
18
7
7
370
281
247
219
169
165
160
147
137
137
129
127
123
106
89
53
50
43
40
29
24
15
10
10
348
288
268
254
179
163
158
154
152
131
120
101
81
59
58
59
55
42
38
28
34
29
17
22
15
438
304
184
171
154
152
112
86
67
64
63
56
47
44
34
23
22
14
9
10
10
9
10
315
308
306
281
279
161
152
145
143
126
91
69
58
58
38
38
31
30
17
15
15
9
9
9
7
338
224
179
174
170
170
165
165
135
121
112
74
59
53
45
24
24
26
20
14
9
9
7
8
8
661
183
162
167
159
150
120
119
110
112
98
79
78
67
59
49
40
31
25
20
20
14
13
7
396
359
316
253
245
189
167
159
145
125
110
73
59
45
24
25
23
10
18
9
9
9
456
275
265
203
150
150
153
149
137
124
90
88
84
76
78
73
73
60
59
34
29
14
329
320
299
249
243
196
161
155
155
154
112
113
90
86
86
88
37
29
19
10
15
10
6
8
431
403
249
190
189
154
137
133
115
121
95
93
82
74
48
54
45
25
20
14
10
8
8
517
291
250
204
208
145
101
96
87
72
64
62
68
53
44
44
32
37
38
37
30
17
476
342
342
209
207
172
148
132
124
120
79
72
73
58
55
52
29
27
22
10
12
7
6
604
325
279
270
259
168
98
92
80
80
80
84
66
61
62
54
54
43
48
39
38
11
469
280
252
219
220
209
180
183
173
143
115
114
114
99
69
52
35
28
28
20
14
8
8
640
303
299
289
250
198
120
103
104
84
82
74
74
63
37
21
19
11
13
10
8
6
687
483
279
245
229
189
146
122
121
118
114
91
93
75
74
72
51
32
31
14
11
6
393
280
241
226
195
152
120
100
84
77
70
72
60
59
47
34
37
33
33
30
21
7
301
238
232
199
141
134
123
116
108
89
80
74
72
56
40
36
36
28
24
9
9
207
199
133
119
90
88
87
79
78
78
78
68
57
57
55
54
43
41
40
38
40
34
17
16
465
245
221
201
196
197
199
190
167
145
139
119
95
84
67
61
59
56
44
38
20
26
22
16
10
392
358
254
249
183
131
137
122
103
100
95
88
80
80
57
57
51
51
50
38
34
34
26
27
24
716
434
385
234
241
233
211
168
142
138
133
109
79
71
68
55
46
48
30
29
24
28
12
20
508
326
212
197
164
151
147
112
114
109
110
108
103
90
80
65
64
65
54
33
24
454
372
364
263
169
165
153
151
133
119
115
93
95
81
77
71
59
42
36
8
6
6
432
374
235
170
158
108
107
99
90
83
71
72
70
58
58
26
10
7
10
7
8
338
306
284
272
208
178
168
125
118
104
92
93
92
87
80
78
75
21
27
6
603
425
360
330
317
169
110
109
95
97
94
81
82
68
64
55
45
45
37
21
9
7
773
297
278
254
192
173
141
129
122
94
78
61
49
42
40
27
27
22
9
8
9
9
596
420
372
311
310
286
274
236
223
223
158
140
139
138
116
95
84
84
74
76
67
46
32
791
404
301
213
217
198
197
190
163
139
143
110
108
100
86
76
66
36
36
32
26
28
327
304
221
184
174
150
129
129
129
119
91
60
65
42
40
40
30
36
6
10
292
298
280
282
208
208
198
194
173
143
133
129
118
106
99
93
79
76
63
45
31
17
8
514
481
266
256
236
197
164
154
149
150
110
87
70
68
62
50
51
16
13
16
16
10
6
850
835
440
362
220
203
175
140
141
132
128
128
91
86
80
70
52
35
17
11
8
6
7
453
317
297
266
190
150
139
121
111
101
101
101
77
70
50
51
51
40
25
25
12
11
6
281
223
213
169
168
165
163
136
136
127
125
113
80
65
52
53
52
53
31
31
21
10
365
329
169
160
162
144
132
123
106
100
95
94
85
71
67
61
59
54
41
25
26
18
8
526
400
382
319
250
235
223
217
210
169
164
95
81
62
55
38
31
28
27
26
19
11
364
266
246
219
196
190
157
155
148
134
110
82
71
74
63
46
32
33
26
6
374
350
345
306
194
184
152
146
145
142
142
134
110
109
100
85
72
74
65
53
51
39
35
35
24
271
254
247
233
178
171
174
163
161
141
131
127
123
107
103
81
80
65
71
57
56
6
327
261
203
181
160
156
149
144
95
91
89
82
83
78
61
56
49
30
24
26
14
7
10
9
471
424
273
254
239
203
189
137
134
118
110
100
87
84
73
55
55
16
9
7
7
9
6
474
413
323
252
253
253
202
177
166
165
154
142
121
107
78
75
55
56
40
33
17
17
14
6
395
376
220
158
108
73
66
65
64
64
61
43
37
36
36
28
24
25
19
11
9
8
6
586
378
303
189
163
145
131
131
117
116
105
87
78
78
67
66
48
41
33
27
8
9
10
8
7
604
517
444
274
219
218
218
176
163
114
107
109
104
67
70
66
46
42
39
41
20
10
11
13
10
377
283
229
222
214
215
198
176
158
142
109
94
91
88
81
80
73
29
27
22
24
19
15
10
370
230
218
203
142
133
127
114
98
94
84
35
34
38
31
29
23
27
15
15
7
565
472
424
399
321
6
183
171
133
135
122
102
101
98
89
86
74
66
65
68
57
53
41
34
469
427
364
338
236
201
184
133
127
107
80
74
71
62
58
57
47
49
37
37
30
26
29
16
439
370
332
319
297
247
231
16
10
10
6
205
136
114
109
97
95
66
46
41
31
25
18
618
355
314
250
21
15
10
181
174
151
152
100
101
81
68
67
65
62
65
57
44
36
30
315
297
231
22
9
8
220
215
124
110
113
90
81
55
56
54
28
7
7
312
24
21
16
12
210
203
176
147
123
121
95
86
81
67
57
57
55
57
47
38
36
10
7
389
313
308
255
26
26
18
236
168
166
166
165
155
156
153
154
141
120
96
87
64
58
54
56
472
322
297
22
26
24
230
170
139
126
127
126
122
124
121
98
91
89
89
69
69
63
61
43
15
585
297
46
40
177
174
168
161
130
135
123
95
84
76
76
73
72
69
61
52
8
477
343
310
268
259
45
52
36
231
181
171
164
135
133
94
86
81
81
79
73
66
58
29
7
46
46
46
257
209
182
176
157
154
145
139
131
116
109
100
85
75
34
30
11
11
12
6
583
313
304
50
44
42
161
140
136
131
129
125
104
89
89
86
67
32
21
9
439
426
323
64
49
51
259
255
251
248
194
189
182
179
157
147
137
133
110
42
44
9
359
71
264
230
215
202
201
200
189
163
154
147
129
104
101
99
45
41
40
45
26
18
9
421
63
58
262
242
194
151
147
126
127
105
101
96
81
80
54
37
37
31
19
23
7
287
81
66
71
62
275
199
194
183
183
174
134
134
131
111
62
62
47
29
29
33
28
24
14
11
485
68
280
266
223
212
203
141
127
121
108
101
106
95
93
60
48
32
31
17
18
20
10
310
308
92
253
237
220
185
174
159
154
143
111
106
51
35
35
29
26
33
19
19
12
13
9
324
86
274
276
244
215
178
156
147
144
146
142
124
118
104
105
98
44
30
29
9
413
318
99
255
220
217
213
191
131
127
105
79
79
67
59
49
34
28
19
8
10
606
492
333
106
89
295
255
247
222
204
192
186
163
168
152
144
125
110
81
65
49
42
40
28
20
404
387
317
96
96
312
294
274
192
162
152
131
69
72
58
46
45
49
41
44
29
9
359
333
332
276
253
215
196
173
144
138
118
94
74
66
51
53
47
43
31
14
21
494
352
347
315
240
186
188
149
127
99
82
80
76
73
55
17
17
13
14
6
403
367
339
111
306
211
202
206
174
148
107
107
95
70
70
61
56
54
45
43
120
182
178
181
133
97
90
86
70
55
49
41
38
39
26
20
23
19
14
16
634
415
125
125
308
256
234
195
186
164
148
116
79
77
70
63
45
35
15
9
542
397
139
134
125
335
224
189
188
171
147
119
122
79
69
62
40
39
39
37
30
30
364
265
262
258
225
182
161
165
127
118
92
78
64
64
54
55
42
30
25
26
9
8
6
8
378
342
235
213
168
152
109
107
84
85
81
72
63
58
49
46
47
38
30
29
30
14
754
445
388
141
285
269
240
236
229
208
130
102
91
89
84
69
55
60
42
19
19
18
352
326
189
172
169
166
168
167
165
120
88
89
87
70
71
68
69
63
51
20
16
7
160
339
314
249
230
218
202
196
137
122
84
62
53
51
49
45
45
44
35
19
14
17
12
12
10
152
325
293
266
269
221
204
197
197
190
190
172
136
128
101
98
84
80
59
10
8
530
380
364
307
233
178
134
135
86
83
78
64
54
51
27
26
16
18
16
16
13
11
241
233
216
209
142
137
124
126
125
119
115
110
99
99
85
72
61
63
23
27
27
25
21
20
390
187
173
171
389
371
278
267
233
221
208
110
91
93
80
73
48
32
19
6
9
402
185
180
373
321
275
239
210
139
142
134
115
104
101
87
41
35
34
33
27
19
433
433
189
185
186
366
210
114
114
103
100
92
88
75
66
46
41
42
33
29
16
10
191
186
396
391
320
285
212
213
171
146
89
81
82
64
53
51
47
43
38
32
21
21
11
699
486
402
297
270
274
254
236
217
158
148
136
129
101
86
62
49
48
45
40
34
9
204
401
269
249
242
192
180
132
110
109
109
101
91
75
64
48
34
24
28
20
24
9
498
204
393
328
299
236
187
178
144
137
121
116
108
95
94
95
75
55
50
30
30
15
365
332
330
323
232
235
200
142
119
113
63
67
58
58
35
31
34
20
24
9
7
9
451
221
386
373
306
297
261
230
188
170
169
150
135
101
105
95
78
77
39
40
24
12
12
782
404
293
286
275
253
254
237
208
149
135
116
111
93
91
81
59
44
40
21
30
27
396
375
295
245
202
182
132
83
87
78
76
73
69
73
47
45
39
22
17
8
12
6
7
498
239
421
368
370
301
249
211
189
176
175
157
91
92
81
71
55
56
54
29
28
29
19
612
339
329
284
207
196
202
164
154
137
126
105
77
55
49
37
25
19
15
8
543
246
240
240
379
279
276
254
252
210
158
159
139
114
109
91
90
72
63
38
33
7
7
822
494
384
355
349
320
265
8
7
8
8
202
177
165
140
108
81
46
33
23
28
551
253
451
377
334
308
304
305
266
242
228
195
185
168
157
101
98
81
59
57
47
46
23
19
607
251
384
330
292
9
240
196
181
179
161
134
137
102
81
79
75
77
77
52
43
33
534
473
464
322
23
219
211
209
197
189
149
121
114
111
111
110
101
82
82
59
43
46
29
26
8
490
261
27
238
195
189
174
118
112
104
93
69
56
46
32
36
32
11
9
6
674
409
376
324
32
34
25
262
250
216
211
212
179
180
130
126
112
104
109
109
80
80
36
13
6
568
271
314
251
242
221
215
191
191
165
151
151
146
126
125
125
119
108
111
99
99
74
20
7
11
289
393
346
335
300
42
35
34
36
265
257
226
189
156
146
133
128
104
104
67
63
48
46
346
322
300
300
48
49
208
198
194
194
148
118
107
105
99
82
61
58
51
33
30
22
594
338
45
225
206
166
145
143
141
121
114
89
89
73
74
65
72
61
60
56
296
451
336
328
57
52
233
207
194
194
182
130
119
99
84
85
77
40
40
27
13
513
440
269
256
220
220
190
189
190
173
138
104
107
107
97
90
87
87
46
37
45
33
21
20
8
370
70
69
64
275
262
210
196
135
131
104
104
95
92
92
50
37
22
17
22
9
7
522
491
430
269
239
220
217
182
178
177
165
155
138
128
117
117
85
55
47
32
27
14
15
6
442
409
330
70
282
224
222
203
205
183
166
154
146
141
129
112
105
93
63
49
37
36
535
463
415
74
241
244
234
230
234
225
211
159
164
130
129
65
67
58
54
42
22
22
16
10
9
317
317
514
431
398
386
347
90
87
79
76
292
246
234
232
211
183
164
114
108
73
61
42
8
92
84
275
248
220
190
188
180
154
144
120
120
126
96
78
74
68
52
26
21
10
553
368
94
216
179
178
155
145
141
132
128
118
118
113
58
43
37
42
27
25
12
10
10
10
379
379
275
275
253
249
232
230
214
219
193
150
137
86
85
77
77
54
24
13
12
6
108
108
99
261
245
243
240
198
193
163
143
133
84
61
53
35
29
13
12
20
7
11
12
487
419
107
270
227
223
218
189
96
84
57
52
43
46
41
30
27
30
11
14
12
9
884
602
118
112
110
344
298
247
218
206
206
186
133
129
103
95
79
46
36
35
35
360
353
541
392
125
286
266
250
236
205
143
98
89
70
62
46
44
29
30
35
15
11
530
434
419
411
306
300
264
256
250
179
148
131
86
87
79
72
67
61
60
59
48
52
35
21
24
363
540
305
255
248
245
180
188
174
167
115
102
91
58
53
59
42
29
32
24
26
7
9
419
414
363
338
307
235
226
206
198
195
83
83
75
72
54
55
37
32
12
13
13
16
14
12
670
522
352
322
319
238
232
224
206
190
176
125
101
76
60
47
19
15
17
15
12
378
437
430
402
355
310
281
241
238
229
207
200
204
173
173
129
101
90
82
33
32
17
10
644
386
597
153
150
325
171
161
160
139
123
111
108
100
77
52
52
38
41
35
25
7
8
12
566
435
154
357
359
334
314
286
253
253
218
192
124
85
79
71
61
54
33
33
20
10
593
513
446
413
367
343
306
223
214
201
209
209
199
188
183
165
139
119
117
90
53
39
20
169
378
325
296
266
229
212
126
102
99
84
86
87
64
67
42
14
16
6
12
7
172
280
273
267
254
238
220
208
198
155
110
103
104
100
101
94
79
86
72
58
43
21
15
347
286
263
259
225
218
164
148
136
117
110
107
100
102
91
92
56
50
37
24
25
7
367
315
280
262
243
243
165
124
124
110
103
103
106
100
100
73
62
59
53
31
31
25
15
637
185
412
335
331
269
229
229
213
135
125
68
76
73
59
62
60
60
59
47
9
7
7
7
606
509
493
479
184
324
292
278
264
240
250
227
225
163
152
125
126
120
69
67
63
53
12
650
583
345
325
276
261
245
242
127
132
125
124
121
115
110
88
76
85
72
64
52
30
18
436
481
202
194
384
314
288
228
218
207
186
185
144
136
131
115
102
78
58
52
22
13
8
914
622
341
298
295
243
233
223
193
183
153
152
111
99
60
63
50
40
40
23
15
7
481
472
419
196
130
117
109
92
72
59
51
53
49
33
34
29
20
18
12
11
677
499
390
306
243
235
234
202
176
121
93
91
66
67
60
41
38
25
22
18
18
18
12
8
219
360
254
229
202
162
152
157
155
151
119
117
104
111
97
83
86
79
77
69
61
46
31
29
592
502
296
279
255
255
203
172
137
118
103
104
100
84
70
38
31
31
28
28
233
232
224
409
243
159
96
100
83
71
57
43
45
37
38
37
33
27
14
10
10
10
8
6
644
452
417
391
336
323
242
192
187
164
164
152
129
107
95
96
60
46
44
38
32
8
828
379
269
271
271
267
210
171
144
121
112
107
93
67
63
41
43
18
16
20
13
13
8
627
581
543
248
353
338
258
223
207
179
175
174
146
122
55
42
28
22
24
15
21
12
6
6
502
454
434
405
385
347
318
304
274
212
204
187
131
97
95
77
67
64
48
39
27
16
10
11
539
352
343
282
240
229
200
179
154
130
116
107
80
65
60
56
48
44
9
8
8
210
175
167
169
159
126
113
117
109
110
105
102
86
83
84
85
73
70
63
49
14
21
497
402
370
355
329
328
289
278
226
132
125
112
114
84
87
78
68
62
45
38
19
18
666
267
256
243
200
197
158
115
115
97
77
76
72
73
72
68
67
64
63
50
24
17
818
485
368
8
8
260
258
150
150
138
128
128
118
117
80
78
45
37
41
35
29
12
477
380
368
307
301
302
288
230
228
212
212
196
160
140
121
112
97
99
91
91
73
63
50
46
10
454
454
324
268
246
239
179
146
144
126
109
68
70
55
51
39
46
37
22
9
9
10
551
383
27
275
268
207
205
178
171
162
119
130
112
63
53
39
33
27
16
8
691
432
350
318
315
308
30
222
204
201
188
161
140
131
130
113
98
96
96
61
61
17
16
714
532
399
349
35
261
169
145
145
127
122
97
76
78
66
54
54
39
37
37
24
20
7
7
907
765
515
474
435
343
40
289
236
220
162
129
112
108
106
81
59
42
42
9
7
8
947
625
306
508
402
317
41
45
237
230
198
187
180
128
120
118
52
47
35
8
8
6
315
494
416
406
408
397
273
219
214
214
181
175
150
137
118
115
81
56
54
39
22
23
14
742
618
599
499
399
399
335
56
309
252
229
222
162
167
144
147
93
81
33
27
11
7
489
294
254
222
174
170
166
160
147
126
98
76
75
74
36
32
32
34
20
12
605
596
330
418
267
187
181
171
140
136
135
106
100
91
73
59
52
52
32
28
18
24
11
340
482
402
342
345
318
304
270
265
208
157
138
96
72
63
63
38
34
38
337
368
75
305
302
284
271
249
230
219
174
153
141
123
116
113
107
68
62
57
26
653
323
277
220
215
194
182
168
164
155
121
118
107
91
87
73
73
67
32
26
7
6
599
354
335
311
319
213
222
185
189
153
153
143
116
110
90
78
70
71
59
53
31
26
19
562
530
486
426
362
90
275
257
236
223
205
144
109
101
92
69
64
57
52
59
21
27
453
95
334
222
217
211
192
185
182
165
112
81
69
53
32
26
28
24
24
25
24
6
6
496
444
100
334
306
279
260
215
170
168
141
131
119
103
93
54
51
34
31
20
8
8
8
630
528
504
444
444
400
105
105
346
272
253
251
167
150
139
83
57
51
29
22
22
14
16
16
110
305
272
256
247
198
178
175
141
126
103
105
82
84
63
62
41
18
16
10
9
7
403
252
214
203
173
159
134
117
123
97
87
56
48
44
40
25
23
16
8
11
7
977
645
120
354
260
220
208
205
198
193
182
158
151
152
122
84
77
57
51
56
45
20
579
478
472
126
326
199
178
177
172
163
163
156
151
107
91
64
56
46
45
49
33
18
18
10
130
356
324
277
236
219
188
184
165
102
83
79
79
80
59
57
59
57
46
46
41
33
12
22
501
415
386
342
320
315
299
288
235
179
107
87
64
65
61
43
38
29
22
749
561
493
374
356
271
228
219
178
148
130
104
104
79
79
70
61
63
63
64
33
27
784
440
145
325
255
237
226
199
186
172
176
113
98
94
97
82
72
71
71
69
55
7
420
512
266
228
218
198
137
136
117
113
102
87
84
79
66
69
66
63
58
42
29
31
1137
642
534
157
295
295
217
199
193
180
179
173
127
89
85
84
72
71
52
52
48
27
9
453
386
337
274
252
243
222
168
132
114
107
90
89
80
58
55
56
34
20
6
10
10
692
433
453
165
406
361
347
292
266
227
227
195
167
169
150
114
82
81
56
34
29
23
24
431
540
170
420
275
248
224
186
160
156
94
78
56
55
42
33
19
12
8
8
7
8
600
344
319
230
213
147
138
142
125
116
104
81
74
71
47
51
27
13
13
13
10
10
8
6
9
179
419
351
339
322
277
148
135
126
121
111
117
107
96
43
27
18
18
18
470
392
369
329
324
257
212
210
196
171
139
146
79
69
76
71
57
60
48
50
38
24
10
680
416
375
334
263
256
234
204
192
184
159
136
121
114
98
87
52
42
30
36
25
25
13
8
498
195
334
279
267
249
149
111
103
103
79
80
67
49
33
25
25
23
23
529
260
224
214
179
180
176
83
72
54
54
49
46
52
40
37
38
31
23
26
7
6
493
271
209
198
159
151
146
142
132
136
102
78
59
56
57
48
42
34
34
23
12
16
571
432
396
294
268
245
237
212
190
182
165
161
131
114
82
85
70
49
37
12
8
552
404
273
200
167
161
146
132
120
110
77
67
49
50
39
39
31
22
18
10
9
496
405
300
298
272
258
236
194
175
131
118
110
85
87
78
71
62
58
57
58
29
8
750
604
420
383
341
268
197
177
152
118
85
84
79
83
66
62
38
38
31
27
13
13
9
739
348
320
305
244
213
206
182
160
138
71
68
61
59
61
55
37
23
26
7
6
600
537
485
477
395
323
303
297
266
254
216
199
181
168
153
132
89
58
61
54
28
20
11
389
379
313
294
227
192
133
135
78
75
73
66
57
49
47
40
35
14
12
9
10
9
11
328
315
310
232
214
166
146
137
97
78
69
64
67
65
52
43
30
25
29
19
21
12
14
337
205
205
211
177
149
146
117
88
92
89
87
79
72
26
29
16
17
10
8
10
448
331
323
281
273
7
202
204
189
151
149
148
109
93
84
83
67
65
62
39
41
22
21
812
628
500
446
426
427
14
8
250
236
186
173
168
157
132
114
84
79
67
63
36
20
472
370
306
284
284
8
8
7
7
8
6
220
162
161
132
127
100
102
90
93
64
61
49
31
542
430
384
366
353
336
301
286
23
21
14
8
11
263
255
219
167
133
99
94
41
46
31
341
284
20
21
12
251
233
206
204
157
125
104
101
74
68
41
41
34
9
8
370
282
22
256
231
196
188
185
151
142
118
118
118
91
82
60
64
52
56
51
49
10
6
6
317
311
41
23
248
227
220
201
198
185
184
185
179
114
102
79
71
61
61
56
54
14
42
36
272
221
177
158
129
124
109
99
91
88
59
57
21
14
17
9
13
9
6
295
545
333
299
49
37
35
269
193
187
180
132
90
88
77
68
71
30
21
21
14
6
7
838
354
53
41
41
264
267
236
229
221
214
171
165
154
149
152
129
119
100
101
60
19
19
305
322
307
58
43
285
257
232
221
199
199
192
173
143
143
132
110
74
29
28
24
24
890
368
348
327
66
52
303
218
216
164
162
160
144
134
138
135
116
111
105
45
31
22
10
6
741
446
441
375
320
252
232
225
225
152
152
152
150
150
143
128
122
91
80
42
37
16
15
320
478
62
61
307
294
275
240
170
157
150
149
142
127
119
104
104
53
54
49
57
39
19
469
462
458
339
75
68
256
235
234
200
184
162
162
155
124
126
115
94
84
44
48
35
618
330
330
476
82
312
304
269
207
182
165
151
147
142
139
123
114
88
59
56
34
8
335
520
81
77
73
272
275
240
187
177
170
172
142
93
64
58
52
34
14
12
7
8
566
96
78
295
232
223
215
202
193
179
177
139
126
126
109
102
73
55
44
40
24
21
19
16
846
1040
417
413
96
91
86
86
85
338
218
184
183
182
156
154
133
129
121
121
45
55
25
104
88
313
297
279
277
204
204
184
157
126
73
61
62
44
44
30
24
23
498
425
100
350
289
228
205
183
139
139
131
113
84
74
65
57
55
47
35
35
13
15
696
386
364
112
307
223
225
219
214
167
166
162
153
148
136
86
40
36
30
26
34
28
25
19
9
816
672
119
108
106
248
217
124
129
129
91
84
76
45
38
37
25
22
26
20
20
8
460
438
428
418
123
115
317
300
280
222
208
209
208
174
92
78
64
50
42
32
25
19
6
7
824
587
123
123
129
310
213
212
209
181
174
170
154
104
103
94
93
51
45
35
36
30
446
442
425
119
297
274
234
235
210
199
162
150
114
114
108
108
99
60
60
35
35
39
9
6
452
426
393
352
312
245
210
206
155
113
96
88
88
89
76
78
73
62
58
33
22
14
10
8
507
136
131
131
327
323
227
215
209
201
196
171
166
160
156
109
95
64
40
10
10
145
330
255
236
219
201
160
128
128
121
121
99
69
71
41
39
34
31
32
21
20
13
10
438
336
317
281
262
259
176
135
99
74
73
59
49
40
41
39
29
12
9
12
10
7
6
7
498
159
153
148
146
351
304
233
206
184
181
163
133
124
116
94
82
63
69
60
60
48
44
24
598
478
472
152
148
151
353
326
306
306
266
222
182
176
129
94
71
58
46
30
25
28
23
507
165
157
401
309
294
232
148
94
95
95
91
76
40
34
34
33
33
28
28
28
14
8
8
608
474
331
313
259
256
255
221
218
205
189
149
149
99
96
97
56
42
35
10
8
497
175
168
356
288
229
214
213
191
192
188
153
136
102
91
74
64
53
45
38
44
38
38
551
547
307
260
237
229
141
132
106
106
80
79
59
54
54
50
22
22
6
6
8
6
632
501
483
177
287
272
271
260
209
154
154
132
115
90
79
74
69
48
23
11
367
198
167
168
122
116
101
104
89
76
59
59
59
59
49
44
32
32
21
16
16
18
11
183
353
328
330
280
179
164
152
145
125
113
107
84
84
71
60
30
28
23
15
14
12
10
9
712
452
594
537
485
379
287
287
279
210
164
156
160
139
122
79
71
42
37
23
19
17
12
490
308
285
261
139
111
111
110
71
62
59
48
41
31
30
26
25
25
23
22
8
476
208
205
229
174
169
163
128
99
89
80
79
59
57
56
52
47
34
34
13
11
12
8
9
795
212
206
327
300
293
264
149
139
102
91
86
58
53
41
41
35
27
27
18
13
13
318
272
265
254
230
199
193
180
152
143
142
99
85
75
58
45
40
37
23
28
26
9
408
395
328
312
310
270
247
201
163
151
103
94
64
65
51
42
29
28
24
10
6
6
518
405
396
388
352
329
293
249
156
145
119
107
99
100
93
76
84
55
55
53
47
32
6
632
314
249
180
175
146
134
120
110
103
97
95
83
83
75
61
60
47
27
17
6
232
444
365
319
249
218
196
170
167
140
129
110
108
63
59
52
35
38
31
16
11
7
326
285
279
264
259
255
212
144
144
139
124
120
120
113
84
64
53
38
36
36
8
413
322
301
219
179
160
120
96
92
90
88
76
36
31
31
36
27
26
26
16
21
12
12
899
615
368
234
227
202
194
177
176
144
111
97
72
63
31
31
19
17
17
9
9
8
529
328
313
7
7
239
207
151
139
139
134
123
119
97
63
41
32
22
22
15
11
466
316
6
6
6
243
236
134
125
122
119
104
103
103
90
77
68
55
46
37
26
20
16
717
620
262
336
17
11
9
13
11
192
180
116
105
101
93
87
85
73
42
31
24
24
21
21
485
452
388
313
301
284
24
18
252
199
164
113
100
93
83
83
76
71
71
43
39
29
474
412
352
20
20
23
21
214
179
179
137
137
103
98
97
87
48
45
32
31
18
466
334
34
26
255
230
211
163
155
125
114
111
110
102
99
76
52
42
20
20
8
7
6
8
500
398
377
37
29
31
233
219
216
159
152
138
119
110
109
102
91
71
58
52
53
50
25
18
487
384
42
240
234
225
189
155
133
120
103
92
87
76
72
54
50
49
25
25
9
9
9
296
292
43
272
250
178
163
163
117
91
67
63
66
28
30
38
19
14
7
10
8
699
569
307
309
274
266
204
199
184
170
165
144
133
129
122
112
81
59
19
19
19
12
8
487
57
263
221
189
196
179
141
139
146
148
127
122
122
103
77
65
70
22
17
10
10
7
1031
54
54
57
276
209
190
180
124
106
108
106
87
78
45
41
22
24
18
12
10
9
309
417
366
64
59
59
280
261
197
135
111
111
98
97
80
71
55
34
23
329
68
68
65
309
286
215
195
190
173
143
123
114
99
93
87
79
53
55
47
32
27
28
25
787
414
306
294
223
179
154
116
121
110
98
101
96
92
85
92
58
52
52
44
33
31
11
9
481
342
278
229
181
166
160
161
161
155
147
126
126
97
47
38
37
35
29
31
16
7
6
11
330
475
401
86
266
266
268
245
216
217
178
155
138
105
102
94
91
54
25
7
9
7
751
522
488
355
92
267
232
220
205
192
147
138
122
123
96
77
66
48
45
45
31
21
541
493
454
411
97
329
323
261
255
242
229
226
152
141
131
126
110
101
71
50
43
9
356
436
371
363
323
224
197
174
146
136
117
117
106
69
62
55
50
50
31
14
19
11
11
506
445
368
109
103
335
283
254
239
201
183
178
163
168
141
115
95
63
60
30
19
16
19
647
110
106
106
234
191
173
162
164
167
146
151
141
134
91
60
58
41
28
347
248
240
239
212
182
179
146
137
129
126
75
70
64
61
46
49
36
26
25
26
8
116
117
285
234
217
201
194
142
137
127
108
95
98
88
75
42
16
17
19
16
9
13
9
7
291
279
237
205
161
162
161
152
147
148
132
118
92
83
85
75
67
40
29
31
23
18
9
377
311
278
208
181
170
151
136
99
97
91
86
88
85
80
79
54
52
41
40
32
34
12
12
396
247
214
199
156
142
115
111
97
93
87
85
85
66
66
60
54
49
45
46
30
24
13
8
7
728
591
134
324
322
219
214
186
169
130
107
107
95
70
72
62
44
50
35
35
31
30
18
8
725
408
347
272
263
263
246
196
177
178
114
107
103
100
71
72
44
29
26
26
23
6
148
294
253
221
168
135
119
114
102
75
72
64
68
50
54
45
35
31
29
28
8
10
10
398
315
308
272
227
222
213
200
196
187
182
162
161
124
119
110
94
74
54
40
20
19
9
16
339
278
234
224
202
179
122
122
120
116
112
109
82
81
55
56
50
50
42
40
361
307
309
289
249
243
228
149
120
95
86
76
75
73
60
56
58
55
50
47
46
26
6
14
588
537
463
385
348
250
205
192
176
176
158
134
97
90
84
89
88
79
69
61
50
11
442
375
253
202
202
182
158
163
152
135
124
96
86
77
68
50
53
39
37
36
16
12
10
591
491
303
258
238
201
125
104
86
75
58
59
28
15
16
9
9
12
9
9
8
6
9
431
637
189
413
309
275
249
235
226
217
201
161
152
135
106
100
89
91
85
82
38
46
28
22
10
390
368
262
264
218
212
212
165
158
145
140
139
136
118
117
100
94
85
83
75
66
50
28
23
542
325
309
273
269
245
210
185
137
144
118
109
68
57
43
28
11
14
7
7
6
586
438
416
325
260
206
157
158
150
150
147
124
115
111
104
100
84
74
65
65
61
35
9
8
207
207
332
237
173
157
154
151
147
154
119
116
100
67
56
56
51
37
37
30
21
16
8
474
263
232
227
220
179
167
132
131
124
124
91
50
59
48
39
39
31
30
10
10
6
10
398
356
295
296
246
232
184
175
129
111
104
104
96
93
90
79
68
56
34
15
20
14
425
380
368
315
227
175
169
168
141
131
102
84
74
54
45
31
30
23
9
15
11
14
6
524
285
242
186
189
180
180
175
174
96
87
58
54
53
46
35
26
25
11
11
10
480
707
431
415
411
381
185
154
143
136
140
123
81
69
57
46
41
40
19
12
13
16
580
252
213
212
204
141
124
113
96
96
70
64
46
44
41
31
29
10
7
638
246
207
195
179
176
154
150
144
125
116
105
80
73
75
65
57
41
26
25
20
16
16
7
591
251
471
426
391
375
325
318
313
286
280
271
262
230
200
176
159
149
127
109
55
43
45
39
34
297
269
214
187
128
116
115
101
85
82
68
68
53
46
50
35
27
26
22
19
10
8
295
224
211
204
185
148
146
107
76
80
72
66
60
61
55
55
44
46
41
41
31
10
13
8
258
254
410
380
330
297
295
217
211
182
174
158
142
120
104
98
89
69
46
46
34
31
26
20
609
259
375
375
358
207
205
123
114
98
97
75
74
64
56
59
39
38
37
10
13
637
464
283
225
204
201
181
145
111
111
105
70
58
55
52
46
27
23
10
17
8
6
10
10
6
608
393
312
256
189
186
137
113
108
96
89
84
69
60
60
55
47
35
35
32
24
20
14
11
282
333
297
301
247
238
235
203
201
144
142
115
115
101
109
80
52
48
37
30
25
11
723
665
644
281
516
386
308
294
254
153
134
96
90
70
40
38
33
24
17
17
9
9
10
10
660
336
255
242
186
131
135
111
111
106
101
90
76
76
70
50
40
36
36
22
21
526
519
412
331
336
262
209
180
157
128
124
111
94
83
67
41
32
23
30
25
22
23
19
434
427
263
258
250
213
194
168
167
165
133
111
109
92
82
83
85
63
58
57
50
39
37
28
27
303
505
506
266
219
201
185
183
167
161
143
124
123
115
76
62
54
26
17
8
8
8
311
312
346
188
181
115
105
95
70
55
49
48
49
31
37
32
16
24
22
7
8
386
287
273
270
229
209
194
127
118
118
92
92
75
81
68
68
64
63
42
40
32
34
18
17
12
530
415
390
326
289
276
276
242
182
153
131
116
87
84
80
72
70
69
61
65
52
42
406
377
331
227
231
201
190
187
116
111
108
92
77
73
64
58
45
31
28
9
7
913
431
260
219
165
160
159
142
130
128
119
116
103
69
66
65
37
33
32
30
23
14
9
630
428
302
290
255
256
219
173
146
136
134
130
129
123
117
104
95
42
41
21
17
21
500
333
254
258
211
170
158
150
143
146
116
98
90
88
72
74
67
68
46
26
23
22
16
9
454
408
362
300
238
209
186
164
156
141
131
112
95
84
82
72
59
48
31
29
13
14
12
