8
10
7
10
10
8
6
7
10
9
6
6
9
8
8
8
10
8
8
9
8
9
9
8
8
8
8
8
6
7
6
7
6
7
6
7
13
10
10
10
10
10
8
8
8
10
10
12
10
8
8
8
8
7
7
9
8
7
10
10
10
10
9
7
10
10
7
10
6
8
9
8
9
9
6
9
8
10
10
9
8
8
8
8
8
9
8
7
7
6
6
10
10
9
7
7
7
8
8
8
7
8
9
7
7
9
6
7
8
7
7
6
7
7
7
10
9
8
10
8
8
7
7
10
8
7
7
7
7
10
10
6
10
8
7
10
10
8
7
10
10
6
10
6
10
10
10
9
9
9
9
10
10
10
10
10
8
6
8
6
9
8
8
6
8
8
9
8
8
15
8
13
8
13
6
13
8
9
6
9
9
9
7
10
9
9
9
9
9
6
6
6
8
7
7
7
7
7
7
7
7
9
9
7
10
7
7
7
7
7
7
7
7
7
7
7
7
7
7
7
7
6
7
6
7
6
6
6
7
9
8
7
7
7
8
7
7
7
7
7
8
7
7
9
7
7
7
7
10
10
8
7
7
6
9
8
8
8
9
10
10
9
7
10
10
10
10
6
6
9
9
10
9
7
7
6
6
6
6
9
9
9
9
9
10
8
10
10
10
10
10
10
8
9
10
10
9
8
10
10
8
10
10
10
9
10
8
8
10
10
10
9
9
9
9
8
8
8
8
8
8
8
8
10
9
6
10
10
9
9
10
9
10
9
6
6
6
6
6
6
6
10
10
10
10
10
10
10
10
10
9
10
8
7
6
6
6
6
6
6
10
6
7
10
10
10
9
7
10
7
10
11
10
7
10
7
15
9
10
9
8
8
6
7
7
7
6
6
6
7
6
6
6
6
6
7
7
7
6
6
7
7
6
6
6
7
6
6
9
9
9
7
6
10
6
6
6
6
6
6
6
6
7
6
9
10
8
8
6
10
9
8
10
6
6
10
10
7
8
7
7
7
7
7
10
7
7
7
7
7
7
8
7
6
9
6
6
8
8
8
7
6
8
10
10
10
8
8
8
8
7
10
7
10
10
10
10
10
7
7
7
6
10
7
7
6
10
7
7
8
7
10
7
7
8
7
6
10
10
9
8
12
8
10
10
7
6
7
7
7
7
7
7
6
7
6
7
7
6
7
7
14
12
12
8
9
9
8
12
9
10
10
8
7
7
8
7
8
7
7
7
6
7
7
8
17
17
17
15
14
13
14
13
12
9
10
9
9
12
12
10
8
6
6
12
6
25
9
9
8
6
8
8
8
8
7
7
6
7
8
8
8
6
8
6
6
8
6
6
14
22
13
11
11
11
11
11
11
11
12
9
9
7
11
7
9
6
7
30
19
19
19
18
16
10
11
14
7
12
12
8
11
10
10
10
10
6
14
10
8
8
10
8
8
8
8
8
8
6
8
9
9
7
8
7
8
7
7
7
10
6
8
8
10
7
9
6
6
10
10
9
6
6
6
9
8
9
9
9
9
9
8
7
7
6
9
7
9
6
6
6
15
15
15
15
14
14
14
11
14
11
14
14
11
10
7
11
9
8
8
9
10
7
7
7
10
20
16
16
19
18
19
16
19
16
16
15
10
9
8
14
14
12
8
8
8
14
14
14
24
21
16
14
14
9
9
6
6
12
10
10
9
9
9
6
8
6
6
10
6
9
7
8
10
8
10
8
8
7
7
7
10
8
8
7
6
7
7
6
6
6
7
6
7
7
12
10
10
10
10
10
8
8
8
11
9
8
8
7
6
6
6
8
6
8
8
7
9
6
6
6
6
6
9
9
9
7
7
7
7
7
7
7
9
7
7
7
7
7
7
7
10
7
7
7
7
10
10
10
10
10
7
10
9
9
6
6
6
8
6
6
6
7
6
6
6
6
8
6
10
10
10
9
8
8
8
8
8
8
8
7
7
6
6
6
6
9
10
9
8
8
10
10
9
8
10
8
8
8
10
8
8
8
10
8
9
10
7
7
6
7
7
15
13
15
15
14
15
13
6
8
6
8
6
11
10
8
8
12
8
6
6
12
8
12
15
10
6
7
9
15
9
9
7
9
9
8
7
7
7
7
7
7
7
7
7
8
9
7
9
7
14
9
8
8
10
8
14
12
13
6
6
6
8
6
6
7
6
6
8
6
7
6
6
19
19
15
13
17
17
8
8
13
11
10
9
11
12
9
9
12
8
11
7
7
7
22
18
18
7
7
9
7
10
8
8
7
9
9
7
7
10
7
6
10
8
8
8
8
7
