8
9
10
10
9
8
8
8
8
8
8
8
8
8
9
9
9
9
10
10
10
10
10
7
8
8
7
7
6
6
6
6
6
6
13
15
12
12
9
9
9
8
8
11
11
10
10
10
9
9
9
11
6
6
6
7
6
7
17
17
14
13
16
16
16
14
14
8
9
9
9
6
8
7
10
9
8
8
6
8
25
25
25
23
22
22
22
22
19
21
18
15
13
14
14
17
16
7
6
10
10
30
27
25
25
20
6
6
6
8
15
8
8
8
8
9
8
8
8
13
8
7
7
7
26
7
7
7
7
7
7
7
7
10
7
7
7
7
7
10
7
7
10
13
20
13
13
37
25
28
26
30
30
12
12
12
12
18
18
20
17
6
7
6
6
6
8
8
6
17
6
7
6
9
9
9
8
6
6
6
9
10
10
10
11
10
10
10
9
10
10
21
19
28
14
11
10
11
10
15
15
16
15
15
17
15
14
15
15
6
7
7
9
30
32
15
19
20
19
20
19
19
19
9
14
11
11
11
6
8
8
6
9
9
9
22
20
25
25
24
24
25
14
14
20
19
19
6
6
6
8
8
13
13
8
13
8
50
26
29
31
31
33
31
30
30
29
30
30
30
7
7
7
7
7
7
7
24
21
8
70
31
36
35
35
10
10
10
10
6
8
10
7
6
12
10
10
10
10
10
27
28
15
15
24
55
40
39
15
10
13
12
10
11
15
34
33
20
21
17
21
20
20
25
7
7
9
40
41
46
45
44
18
20
22
22
20
39
36
34
22
26
28
31
33
6
9
11
8
9
57
60
70
45
21
25
25
45
43
30
36
38
34
7
9
11
9
15
16
16
19
51
54
54
28
30
30
32
49
38
36
36
10
10
9
10
14
14
21
19
20
74
55
60
34
43
43
49
7
7
10
10
10
10
10
10
10
10
19
21
18
79
61
65
39
38
42
59
44
43
45
15
9
16
17
15
15
34
30
29
28
31
28
97
47
47
54
58
11
20
9
9
17
11
20
9
8
8
7
8
27
28
29
28
34
34
36
35
71
50
66
58
20
20
29
29
6
6
6
6
6
6
14
9
10
9
10
7
8
7
34
38
50
55
53
57
57
57
63
60
33
31
34
11
10
11
10
11
9
6
6
18
14
13
39
85
85
66
73
70
26
29
30
29
29
13
10
10
10
6
24
21
16
44
40
51
65
79
72
30
34
37
18
18
19
15
15
15
11
11
13
11
10
7
15
27
45
49
55
6
70
69
68
86
44
39
34
45
47
45
45
45
24
21
20
22
20
12
34
27
27
7
6
100
73
82
81
50
50
28
30
25
25
21
21
35
55
63
58
64
11
12
12
13
6
7
102
89
88
55
55
33
30
30
26
38
42
69
68
68
16
17
19
21
15
9
15
8
7
7
109
84
101
103
91
93
54
65
41
36
35
49
65
71
79
22
24
14
20
11
10
11
6
54
43
43
40
40
40
53
50
52
76
6
6
9
6
9
25
26
25
25
19
10
17
10
92
95
64
70
41
45
40
55
58
79
79
7
8
8
8
8
7
9
26
24
22
15
75
56
52
52
45
56
7
7
7
10
6
7
13
40
35
35
29
27
20
20
20
20
111
80
80
55
55
65
12
12
15
12
8
7
22
21
19
24
40
33
33
36
30
25
28
64
63
60
62
60
60
67
94
17
22
8
13
6
6
22
27
47
49
41
44
44
123
126
71
65
60
22
25
12
14
9
6
8
7
8
28
50
44
44
39
41
39
152
70
73
84
10
9
9
32
27
27
18
10
10
10
10
32
38
55
48
45
45
40
124
125
133
96
72
75
14
11
10
14
10
9
14
33
32
32
32
28
41
41
62
66
50
6
6
158
128
130
83
83
13
15
13
20
42
38
42
42
33
35
28
22
21
20
62
50
9
7
137
85
99
25
20
18
42
38
42
27
74
72
74
54
7
7
7
8
13
12
13
12
9
159
112
103
100
30
42
43
35
32
30
59
59
72
7
13
7
7
6
6
20
18
18
20
29
28
52
48
37
59
82
12
17
15
15
12
11
11
11
11
11
6
25
26
26
20
125
92
35
38
57
44
42
88
9
22
22
16
12
9
11
9
28
24
125
147
45
40
62
62
52
62
47
46
49
45
80
75
7
7
7
27
21
21
21
17
16
31
116
110
110
105
50
63
51
73
17
6
6
10
9
8
6
27
32
32
27
27
26
25
37
149
50
63
59
59
79
101
90
16
21
16
10
9
9
7
6
8
8
8
44
48
124
53
82
60
96
27
21
16
21
12
9
14
8
8
6
8
37
37
31
29
49
51
