8
10
7
10
9
7
10
10
9
10
10
7
10
10
8
9
8
7
10
7
6
6
15
15
14
12
15
15
15
10
6
6
6
6
7
9
7
10
7
7
7
9
7
7
7
20
11
11
12
10
12
12
13
8
7
9
10
9
9
10
9
9
9
9
25
22
17
21
17
17
15
14
14
8
14
9
8
14
9
8
15
6
6
6
6
6
6
30
30
24
20
14
20
15
14
11
19
14
9
9
9
9
9
6
6
6
9
6
6
35
28
27
20
18
16
16
15
16
11
6
6
6
6
11
14
11
14
9
9
9
8
9
9
8
9
9
9
9
8
9
8
6
6
9
9
9
9
14
13
14
14
13
14
14
14
11
14
8
6
9
6
8
8
6
8
9
9
6
10
9
10
9
10
9
8
8
8
10
10
10
10
10
10
10
8
7
7
7
7
7
8
23
21
24
24
16
16
15
10
9
8
12
9
8
8
7
8
6
11
6
6
6
6
6
11
14
13
7
11
7
7
7
7
10
10
10
10
10
10
10
8
8
8
7
10
7
7
7
30
23
17
18
13
12
13
13
7
6
6
6
12
6
8
6
6
8
12
8
7
7
6
8
30
23
25
24
20
17
19
17
20
13
13
11
12
11
12
13
13
11
17
11
8
9
28
27
29
17
17
8
10
10
8
8
6
6
10
10
10
8
6
10
8
10
8
7
6
35
11
10
15
10
10
9
13
6
6
9
6
9
9
9
6
8
9
9
8
6
6
9
37
20
15
14
11
11
10
11
13
14
14
14
13
6
7
6
9
8
9
9
6
8
6
16
19
16
8
7
12
7
7
7
9
8
7
7
7
6
12
12
6
6
6
6
6
6
20
16
10
7
7
7
7
7
10
8
10
8
7
7
7
7
6
6
6
6
7
6
6
7
33
29
13
13
13
12
16
11
10
12
11
9
8
7
7
10
11
10
10
6
6
6
6
38
38
15
15
14
9
9
9
9
9
10
10
9
11
9
7
9
7
9
6
9
9
9
19
14
15
16
10
12
12
11
10
6
9
7
7
7
7
6
7
8
6
8
8
6
6
6
33
34
40
39
28
19
19
14
19
17
15
19
15
15
14
13
13
12
7
9
9
9
49
41
32
32
29
24
25
24
20
22
16
16
14
14
10
14
15
6
6
7
6
6
41
38
31
26
25
24
22
15
19
19
17
11
15
9
6
8
9
12
10
6
7
42
39
40
40
34
34
30
29
28
27
26
27
27
24
24
24
25
14
20
14
8
6
48
44
43
39
42
41
29
29
29
28
27
21
20
21
13
6
11
13
8
10
6
6
65
61
44
44
46
44
36
31
34
26
22
10
7
10
7
7
18
18
16
15
10
7
58
55
55
42
41
41
39
40
40
31
14
15
23
20
15
8
9
9
7
9
7
7
9
7
47
44
36
34
19
12
10
10
14
10
10
14
14
17
12
12
12
8
10
10
10
10
7
6
10
60
51
51
18
17
10
9
10
13
12
15
11
10
9
9
8
9
8
9
9
9
65
64
60
38
46
30
30
24
23
20
20
20
8
9
9
8
8
8
8
9
8
56
59
47
27
28
25
25
12
12
11
19
8
9
8
8
8
10
8
8
10
8
8
8
56
39
43
40
30
30
13
13
13
15
13
13
13
12
9
8
6
6
8
8
8
8
10
45
37
24
23
23
23
18
18
20
18
18
18
15
13
13
11
11
16
11
12
7
84
40
28
26
23
14
18
21
15
10
8
9
11
11
10
10
9
11
10
8
7
6
6
9
47
43
34
25
15
15
17
14
9
9
9
9
9
9
9
9
9
9
9
9
9
7
8
53
47
50
50
33
33
28
28
23
17
14
14
13
14
14
6
9
9
9
8
9
10
50
49
47
38
30
37
29
19
19
19
10
10
12
11
14
14
17
14
10
86
59
48
43
34
33
31
24
24
16
15
18
17
9
6
6
7
9
7
10
6
9
9
9
67
59
65
34
35
30
37
29
29
21
27
24
21
20
27
27
14
7
10
14
7
7
43
33
26
17
19
15
15
12
10
7
10
7
6
9
7
10
10
7
7
7
44
39
39
30
30
22
22
20
12
10
10
12
15
11
7
7
10
10
6
6
10
8
6
10
95
63
37
22
27
35
29
27
25
17
19
17
8
14
14
14
14
10
8
63
49
49
49
47
32
25
21
20
25
13
19
17
17
16
17
16
20
8
11
10
10
8
10
10
65
57
21
18
10
9
7
7
15
13
10
10
9
10
9
10
9
7
7
7
7
6
6
