88
73
48
30
25
24
22
21
21
21
22
9
11
11
11
11
11
9
8
8
7
9
6
8
106
101
57
51
56
56
50
44
43
44
37
29
27
27
20
18
26
16
16
16
16
16
14
7
135
100
56
56
46
46
34
34
32
32
31
31
28
23
19
19
21
21
8
8
12
12
8
111
73
61
63
56
48
39
42
36
35
28
28
26
26
26
26
23
23
11
13
9
167
145
108
107
106
71
50
56
48
49
45
50
41
33
33
31
30
25
12
13
18
6
114
100
49
51
46
38
38
27
24
11
13
14
11
11
9
9
9
9
9
7
7
8
7
112
105
105
87
76
69
50
39
32
21
25
18
14
15
16
15
10
9
8
8
6
7
8
144
89
74
56
48
48
36
44
37
44
21
23
28
19
21
19
18
18
13
10
6
12
130
91
66
62
53
60
51
53
49
51
51
49
39
45
28
25
22
23
21
17
17
7
104
96
58
53
33
31
29
31
30
28
27
28
19
19
10
12
10
10
10
7
12
10
101
85
73
63
61
60
45
36
34
31
29
30
18
21
21
27
17
9
9
9
131
130
127
103
95
94
43
43
33
20
18
14
14
14
14
14
14
14
6
9
8
10
8
141
107
106
95
81
42
39
43
43
31
22
19
17
14
10
13
10
10
10
10
8
10
6
137
126
111
49
49
51
50
49
43
36
29
32
32
18
21
17
11
13
12
10
10
7
9
9
110
109
105
54
53
37
29
29
35
29
29
29
29
27
29
21
20
25
15
13
15
12
12
9
138
60
49
42
49
37
40
42
28
27
25
25
20
20
17
17
10
6
10
10
8
10
10
6
85
70
60
58
56
42
33
33
28
26
28
25
24
15
15
15
16
7
7
6
9
7
7
155
106
98
96
84
73
69
69
64
63
37
40
31
32
27
29
24
23
10
15
14
12
6
179
165
131
76
50
40
34
30
25
14
19
20
10
10
10
12
12
11
6
8
8
7
232
117
78
77
69
46
48
43
40
42
31
35
27
24
21
24
24
25
12
9
8
140
121
96
84
65
59
50
48
46
44
43
32
27
29
29
22
18
15
18
16
9
10
152
151
145
118
89
64
64
64
64
48
35
32
27
23
19
15
11
8
15
6
195
121
108
112
99
98
84
69
69
69
55
52
55
41
39
32
32
30
32
25
24
20
17
18
12
95
80
74
65
59
45
44
33
33
30
29
17
25
17
28
25
28
11
10
8
8
8
7
6
99
94
79
70
65
63
59
49
44
42
42
40
22
23
14
13
7
7
7
7
9
7
8
7
188
164
102
90
84
75
69
70
54
46
47
27
32
27
27
17
17
12
11
10
8
11
227
129
114
89
75
76
54
50
48
33
25
24
17
17
22
11
10
8
15
6
216
119
117
85
80
73
64
55
50
45
35
27
27
14
11
15
14
14
13
10
9
10
9
11
126
90
95
85
75
61
60
54
54
60
43
33
38
32
28
27
21
21
26
16
15
7
6
131
104
101
95
88
82
72
74
74
66
59
58
48
41
28
25
8
10
8
10
7
8
8
117
117
68
64
65
48
52
31
18
16
17
9
13
13
13
6
7
7
8
8
6
7
7
143
137
129
90
90
77
65
47
42
44
40
25
26
23
18
19
19
18
18
18
17
17
8
119
110
84
52
56
52
46
23
26
25
23
23
17
18
18
18
17
9
13
9
9
15
9
9
187
120
113
85
71
58
57
41
39
32
31
28
27
27
28
28
23
23
22
22
22
15
14
17
20
64
63
57
46
38
44
41
41
33
35
30
27
27
19
19
19
19
19
10
10
12
7
221
106
97
46
49
38
39
38
32
33
27
28
15
15
15
15
15
10
11
11
10
10
168
73
67
45
47
43
33
29
20
20
20
20
22
16
20
19
10
10
12
10
9
6
6
167
131
107
83
66
53
53
52
48
48
45
48
42
37
25
25
22
21
20
20
11
13
11
6
105
75
71
64
53
50
47
43
35
25
25
29
26
27
17
16
8
15
11
9
12
12
8
8
219
115
119
97
74
66
30
26
26
17
13
9
9
9
9
9
9
7
7
9
9
184
118
96
92
63
63
57
55
44
31
30
30
30
31
19
22
14
14
14
8
7
8
8
8
146
107
97
94
86
75
45
45
53
47
36
33
39
26
19
19
19
17
19
15
11
9
84
79
69
59
50
28
35
24
21
24
20
18
18
17
6
9
7
10
9
6
78
71
69
55
55
41
45
46
44
36
29
29
27
25
18
12
12
18
17
7
11
11
155
112
107
101
94
83
69
69
46
50
34
35
34
32
34
32
27
28
28
12
7
7
11
88
81
65
60
61
62
50
32
32
30
26
18
21
21
12
17
6
6
7
6
6
8
7
189
172
143
138
122
88
74
70
56
52
41
38
37
35
38
38
38
33
17
26
13
15
10
98
80
71
67
65
49
49
47
41
34
27
18
14
11
9
9
11
12
7
7
7
7
8
10
7
8
9
92
80
75
67
62
64
66
54
50
53
48
43
37
27
36
20
20
10
9
15
11
12
8
181
163
148
137
132
68
58
58
59
59
53
41
27
27
25
19
17
16
14
20
18
17
8
10
113
88
80
77
69
58
55
47
37
26
27
24
23
22
21
22
20
20
19
20
13
14
14
13
10
10
18
8
8
212
148
59
51
43
32
27
27
25
25
27
21
13
13
11
7
128
123
100
95
91
74
65
62
41
34
37
33
31
32
6
32
28
21
21
12
18
180
167
139
75
62
62
39
37
35
9
9
10
8
7
7
25
132
132
125
119
93
73
60
50
46
43
40
17
17
17
13
16
7
7
9
7
45
39
30
30
28
23
234
221
172
154
133
115
89
89
86
82
67
57
55
47
22
12
9
7
7
47
44
28
121
94
79
76
67
60
60
59
52
23
22
19
17
17
20
20
14
10
6
10
8
36
35
32
84
81
68
59
57
28
28
28
28
26
23
22
22
20
18
20
17
15
11
58
54
45
45
111
82
72
66
61
37
29
32
23
22
20
16
15
15
10
10
10
8
8
8
7
63
54
160
158
109
98
69
72
65
66
67
42
32
32
31
27
27
17
10
10
13
10
6
9
70
54
142
97
97
96
77
71
46
40
30
23
25
19
15
15
15
10
10
7
7
7
68
72
68
52
79
76
75
75
39
37
28
33
25
23
20
20
23
24
15
13
10
60
224
120
113
90
57
45
43
47
42
34
30
29
27
25
22
19
13
15
13
9
12
7
7
7
84
66
282
170
94
95
89
55
48
48
47
48
45
45
37
34
34
32
22
18
12
7
7
7
88
73
92
62
57
57
55
56
53
50
52
42
38
35
35
30
32
25
27
18
7
8
80
223
107
65
62
60
60
57
47
45
42
33
34
30
28
25
22
9
9
11
91
77
152
144
135
102
62
55
50
50
48
38
33
27
18
18
18
14
7
10
9
7
9
179
175
149
145
122
82
69
67
65
58
55
46
36
28
33
27
21
19
19
19
12
7
104
94
204
121
112
86
80
72
72
59
54
54
47
37
37
32
20
25
24
20
20
11
12
148
88
79
74
65
64
54
56
48
48
47
42
31
25
30
31
25
24
25
10
10
14
7
112
107
100
103
208
172
122
87
85
68
68
62
64
63
52
51
52
46
34
29
24
19
22
15
13
157
127
87
74
76
64
59
62
62
55
52
52
52
43
29
21
21
20
17
6
8
7
8
8
422
137
133
92
90
81
80
62
61
61
54
53
47
43
26
18
11
10
8
9
7
6
125
179
152
102
102
102
91
85
72
72
68
67
59
57
53
49
27
23
16
12
8
129
117
207
108
107
98
90
79
84
79
57
49
40
40
32
23
28
28
19
7
8
8
6
146
107
94
93
58
59
47
38
29
29
34
33
26
26
16
12
9
12
9
6
9
8
128
194
188
114
98
97
95
87
82
74
69
60
50
50
55
42
46
39
39
37
18
9
9
130
115
115
104
105
103
99
94
87
88
82
64
65
63
51
40
29
26
24
19
22
9
138
223
204
175
109
102
97
90
89
87
78
70
68
59
59
52
42
43
33
28
7
9
7
230
117
98
88
92
87
87
79
80
75
67
70
60
53
45
42
26
29
25
14
14
9
257
132
130
119
101
80
85
79
47
37
34
33
20
19
19
23
17
15
17
8
11
147
124
102
95
85
77
68
58
52
49
43
38
39
28
25
24
13
17
18
7
11
7
9
10
221
140
133
111
106
107
73
64
69
58
44
39
39
39
33
33
19
18
22
11
15
223
152
145
125
94
94
87
89
84
68
68
10
10
9
7
7
230
150
113
108
108
90
89
73
39
33
33
26
33
31
26
22
13
13
6
8
6
172
132
120
113
105
100
93
78
74
74
64
48
39
40
38
38
26
22
17
15
11
8
204
172
147
131
118
105
101
102
95
80
79
66
64
63
47
43
41
31
27
21
14
9
8
7
7
136
132
123
115
112
110
94
93
88
85
86
82
69
58
37
34
32
33
17
13
13
8
188
262
235
172
110
105
103
93
79
74
74
63
64
53
50
41
40
39
32
33
23
22
6
193
187
167
163
158
144
116
110
86
87
79
77
64
62
58
53
49
46
45
42
39
31
28
24
23
209
190
182
152
137
137
129
103
103
85
83
73
67
47
47
36
36
37
32
6
20
9
10
214
269
162
156
155
152
104
84
73
66
68
47
49
42
37
32
33
11
20
17
28
10
382
186
137
132
113
104
85
72
64
64
60
55
46
49
44
42
33
15
15
12
224
224
246
197
151
145
88
78
74
64
62
51
51
51
49
30
14
7
7
10
9
206
200
163
158
141
114
116
116
100
91
93
72
74
65
64
56
49
47
47
43
13
20
11
246
178
150
124
124
98
88
73
69
67
61
58
53
40
27
17
8
10
16
17
12
8
6
183
109
82
72
67
62
64
62
59
57
53
54
49
49
35
23
31
23
7
7
12
240
222
187
138
128
121
105
102
97
91
78
77
78
71
71
68
58
61
40
39
33
30
7
327
302
209
190
149
141
124
110
109
85
76
67
45
33
27
30
26
23
30
23
23
23
12
353
309
170
140
133
130
114
108
92
90
74
50
50
42
32
36
29
28
22
24
8
8
10
183
180
179
169
119
111
109
101
101
97
96
86
86
54
55
47
39
15
7
6
6
222
212
158
142
138
102
97
92
91
78
78
59
60
52
52
38
38
32
27
21
20
20
21
21
230
217
162
129
124
96
99
87
64
52
58
62
37
29
19
19
16
8
7
10
8
7
201
155
133
116
114
108
98
88
67
70
70
66
48
28
29
26
21
19
16
10
10
197
185
179
173
173
145
129
132
121
106
106
97
98
75
52
38
35
42
25
33
23
15
9
12
6
141
123
116
108
104
61
65
67
58
49
38
23
22
18
16
10
9
9
8
6
6
317
250
179
171
131
128
125
112
84
75
72
64
65
63
63
63
29
32
22
19
21
19
13
283
256
242
201
176
132
113
113
78
65
68
48
48
27
25
26
19
17
15
14
6
10
9
13
232
146
135
95
94
77
65
49
40
26
29
23
20
11
10
11
12
7
7
9
9
10
10
9
231
231
195
143
131
127
123
123
101
99
80
71
72
46
40
40
40
28
27
20
12
11
10
247
234
228
188
161
138
109
66
57
58
63
42
39
39
36
33
28
29
25
20
17
6
13
300
274
225
168
156
157
110
110
101
64
55
56
53
47
41
44
35
32
21
16
17
8
9
8
9
310
183
166
146
146
142
114
105
93
82
75
71
71
70
49
44
44
43
40
35
30
17
9
8
228
159
153
151
81
81
87
78
56
57
44
40
42
30
22
22
21
21
21
18
14
6
211
149
103
97
86
77
72
65
54
52
48
41
26
21
23
16
13
11
8
9
8
8
9
8
157
153
145
108
107
88
65
64
61
59
57
41
32
29
29
25
17
14
12
11
191
177
135
132
113
112
86
78
82
58
46
44
44
24
25
24
27
18
8
10
10
8
10
14
254
188
185
100
99
82
85
66
60
52
49
42
39
38
34
21
15
13
6
6
10
8
6
389
228
196
191
167
162
164
98
94
94
87
81
73
67
47
43
39
31
28
26
20
15
7
7
253
229
130
128
95
59
49
45
48
34
34
34
32
26
18
19
10
10
10
12
10
9
6
330
253
220
192
148
82
76
75
66
69
56
51
54
41
39
38
28
17
16
15
12
8
375
268
228
202
188
146
128
102
92
88
77
61
67
58
47
48
53
44
33
29
21
303
273
263
190
137
115
102
62
57
53
49
41
29
28
27
27
27
26
24
19
9
253
234
192
164
142
113
106
106
98
80
69
33
23
24
26
29
26
27
27
10
10
14
7
7
14
383
243
233
194
190
125
109
90
90
86
74
83
76
73
59
47
48
48
51
35
37
20
20
347
218
211
154
109
105
97
88
68
41
42
40
29
25
24
20
17
10
7
7
6
7
6
156
138
86
71
69
68
66
65
57
51
53
47
46
47
42
38
30
28
12
13
14
7
10
388
382
268
241
221
214
172
150
139
127
119
119
110
91
89
80
84
65
58
52
51
19
12
15
255
241
238
130
124
110
93
94
82
58
52
40
25
25
20
20
17
21
13
6
14
247
143
140
130
128
116
112
75
73
72
62
63
68
53
50
52
26
29
29
21
19
7
6
240
112
100
98
91
86
74
71
67
66
67
45
49
48
42
49
25
13
15
21
20
8
6
237
182
144
139
111
109
97
98
83
82
78
64
50
39
36
31
32
25
29
17
25
29
11
8
10
319
226
203
158
149
135
110
63
48
43
46
45
34
34
34
27
9
15
8
6
6
8
251
151
154
122
119
115
93
89
84
86
82
63
57
54
19
18
18
20
20
21
8
224
123
87
81
46
46
44
40
33
28
28
27
24
18
11
8
11
11
11
11
261
161
164
155
129
103
92
54
47
37
29
30
23
19
21
13
16
10
9
9
9
6
8
9
6
395
330
279
266
185
182
146
128
120
117
94
92
79
64
59
55
46
42
35
23
14
14
13
124
113
109
102
94
71
71
67
72
41
44
42
40
38
39
41
39
26
29
9
9
6
6
6
427
309
277
196
162
120
104
74
72
65
56
31
31
24
12
21
18
11
10
10
9
9
8
334
329
305
160
116
111
69
57
56
53
53
49
37
36
33
29
27
15
9
6
472
440
197
186
156
162
127
74
74
59
58
53
55
48
24
21
20
17
10
10
7
10
323
191
176
142
126
120
108
85
78
66
48
43
39
42
39
33
25
22
23
20
14
164
115
109
85
68
67
65
58
56
58
53
51
44
43
42
34
31
31
32
20
6
221
207
199
127
114
97
96
88
89
73
56
44
47
43
35
36
30
12
24
25
15
8
10
8
534
331
259
182
82
74
73
61
50
41
39
37
33
20
13
16
8
10
10
10
443
384
276
206
205
173
142
95
87
73
71
57
49
40
35
35
35
22
15
18
9
278
200
160
139
126
114
111
97
88
86
71
71
54
63
54
51
49
47
39
20
9
6
233
108
107
97
93
90
76
76
69
74
60
59
56
52
52
45
45
45
27
11
18
20
7
9
7
318
222
139
136
98
98
69
60
49
47
35
18
22
14
16
14
20
18
7
8
6
8
6
207
122
86
88
34
25
25
20
18
17
13
17
13
13
12
11
11
9
9
10
6
7
234
179
167
112
108
104
98
91
72
60
39
36
22
16
18
12
16
6
6
11
9
6
298
6
9
7
9
10
237
87
87
76
76
74
72
70
41
45
29
28
19
21
17
20
20
16
14
15
7
9
142
130
133
118
78
75
75
75
71
48
55
49
27
28
28
26
26
21
21
22
472
401
7
8
12
10
11
9
7
7
139
85
84
79
75
70
55
43
37
33
30
30
26
25
537
12
24
12
8
10
166
144
125
113
90
81
79
62
60
49
52
38
36
34
36
36
31
31
30
18
29
18
10
10
161
62
43
41
39
36
34
9
8
8
8
9
7
9
7
8
27
26
101
100
101
46
41
40
15
15
14
13
8
8
8
8
10
12
10
6
6
7
6
6
27
22
23
119
106
106
103
102
53
53
51
50
41
45
46
19
17
15
15
13
13
7
7
32
25
30
26
119
74
65
56
46
50
22
16
17
14
11
11
10
11
8
10
10
7
8
40
49
30
33
30
37
31
270
174
150
129
87
81
25
23
22
16
16
15
13
12
9
10
43
36
35
121
97
64
64
34
34
32
29
21
21
21
20
18
20
20
7
7
15
15
17
6
271
64
67
63
67
67
60
40
40
33
30
26
30
31
27
23
24
20
14
19
10
10
10
10
8
362
131
130
74
76
45
42
42
40
37
17
27
22
16
15
15
7
6
10
6
8
6
10
70
54
55
156
135
101
81
81
84
47
49
45
44
18
20
18
20
20
12
6
6
7
6
6
55
55
276
125
90
54
47
41
38
25
25
24
25
14
20
15
14
10
10
8
8
6
8
6
61
143
139
118
91
87
86
59
58
52
50
45
40
31
25
16
13
13
13
6
9
6
6
10
281
130
120
126
89
65
58
60
58
54
56
50
40
45
35
21
21
18
18
18
18
14
8
15
125
67
65
57
56
55
55
42
47
40
30
30
35
26
26
25
23
23
14
21
19
10
8
83
72
68
67
61
45
36
30
31
30
28
11
17
17
16
15
15
7
7
7
7
7
100
109
67
52
51
48
48
40
45
35
35
24
26
12
8
8
8
8
8
8
97
87
87
174
105
77
73
68
57
57
29
23
19
17
19
13
13
10
9
10
7
10
88
88
87
80
62
61
60
51
45
44
41
41
22
24
22
24
20
18
10
17
9
104
214
124
86
57
50
50
46
39
45
31
33
24
23
23
15
18
18
7
247
129
93
84
76
79
62
62
56
53
53
50
41
36
34
28
28
22
14
12
15
9
9
10
7
105
211
166
96
90
75
58
58
58
49
37
29
25
20
20
20
20
14
14
12
6
6
6
110
96
101
63
63
54
54
61
60
42
42
39
38
38
38
38
30
34
30
20
17
14
7
195
147
69
63
55
41
27
28
30
27
27
25
26
27
26
25
24
20
22
16
11
9
8
107
98
91
85
70
56
60
35
45
42
40
32
35
31
24
24
24
22
10
10
9
8
8
7
122
123
110
111
78
76
69
66
57
53
44
37
37
33
29
22
21
18
12
13
13
11
12
12
138
101
81
72
62
58
45
44
41
38
32
31
34
26
20
23
15
11
13
7
7
7
180
94
93
75
63
63
63
51
50
47
36
26
23
23
20
23
23
16
10
10
10
9
10
10
10
215
130
93
93
72
74
70
68
68
67
55
45
44
36
31
33
27
19
22
11
7
9
7
7
148
110
98
98
81
57
56
49
53
41
41
33
20
28
19
16
14
14
12
12
9
12
12
139
106
105
103
82
79
78
65
55
51
46
41
43
32
19
17
14
9
11
9
9
9
125
120
103
97
97
80
64
64
62
62
42
40
32
30
24
24
22
12
8
6
14
19
165
143
121
111
94
88
75
71
69
70
64
67
57
53
56
29
27
24
23
11
10
10
6
312
209
80
80
76
72
69
72
53
59
53
37
32
32
29
24
15
15
15
6
8
7
122
123
114
85
74
67
54
52
41
39
39
37
34
34
29
21
20
20
19
16
7
9
7
111
111
71
60
42
42
42
27
36
25
20
16
12
15
10
12
10
7
6
7
6
7
92
92
74
76
53
48
47
43
30
21
20
17
15
12
12
12
14
9
9
8
7
7
6
127
113
112
90
82
62
60
58
59
54
52
52
31
26
22
24
24
17
17
14
12
11
7
149
133
130
99
95
97
83
59
32
29
29
29
29
27
25
27
22
17
18
19
8
136
62
59
62
62
45
32
32
34
27
24
24
24
21
18
14
18
6
6
13
13
156
140
115
109
110
107
77
74
67
64
59
52
62
37
35
32
34
29
26
20
8
205
137
125
114
94
73
70
55
48
45
40
40
34
30
31
14
14
21
14
10
10
8
175
119
107
96
97
92
79
64
59
45
45
40
39
39
15
19
16
13
12
12
9
7
10
246
185
174
103
66
72
64
50
44
44
40
34
38
33
28
33
32
20
21
15
14
164
147
122
87
85
71
70
70
68
55
55
39
30
31
38
28
26
25
25
22
19
17
153
136
132
100
99
94
93
92
75
75
75
73
71
53
44
41
34
30
25
10
7
10
7
7
150
135
137
103
99
76
65
58
39
45
36
36
30
25
17
16
27
27
17
9
8
8
6
238
144
105
100
100
84
75
81
72
70
43
38
35
27
28
22
22
17
13
11
10
13
9
10
6
202
133
128
122
109
99
90
90
88
88
75
70
72
66
50
48
33
22
21
10
197
160
130
127
112
82
78
63
51
48
47
42
42
45
36
39
30
27
25
20
15
19
13
143
133
115
100
87
79
68
76
67
53
52
50
47
50
38
32
25
18
11
14
214
191
197
90
90
92
90
76
81
60
58
60
54
55
49
37
16
14
19
16
9
6
225
187
171
145
110
100
100
65
60
60
57
57
51
51
36
30
24
24
18
14
12
12
218
169
134
134
132
116
108
105
71
74
70
65
62
60
60
49
47
43
41
43
40
13
15
219
201
119
115
100
102
88
95
85
75
52
28
24
16
24
10
9
7
6
7
144
142
123
110
110
105
101
98
80
77
74
57
57
49
41
29
29
18
18
18
11
12
8
216
209
167
130
122
109
107
106
85
68
75
62
65
57
55
51
54
52
36
26
23
16
16
8
7
160
162
168
148
124
122
120
114
108
85
84
73
76
63
51
36
33
28
26
19
17
15
9
7
6
191
187
171
160
119
115
95
84
72
68
68
68
44
41
28
26
31
23
18
23
22
16
14
202
135
132
125
112
105
98
90
71
67
70
61
59
30
30
29
27
22
21
19
14
7
6
6
270
187
169
155
132
129
129
110
108
105
82
82
79
61
43
40
43
32
31
27
27
11
17
6
8
239
227
174
172
136
123
123
105
107
107
102
87
83
64
65
49
37
33
22
22
23
216
160
150
129
128
112
110
105
74
69
62
44
40
37
36
37
35
19
9
10
6
6
6
6
6
225
198
192
194
164
149
133
129
100
90
79
41
43
40
34
26
17
22
15
7
8
8
225
217
207
197
179
170
149
138
122
122
119
107
102
99
94
79
74
84
50
31
29
22
12
245
194
163
131
130
124
104
106
74
62
63
58
53
41
41
45
31
21
10
10
10
8
245
226
201
189
167
170
165
160
130
112
108
105
84
60
58
57
32
26
23
15
12
6
14
226
218
212
200
185
186
175
158
157
100
93
70
67
62
53
37
35
27
22
22
20
16
17
12
16
233
209
209
156
143
114
115
101
79
65
68
66
37
37
25
13
17
10
7
7
10
8
6
174
158
148
142
134
70
58
41
29
32
36
18
21
18
15
12
10
10
11
10
10
11
190
182
152
142
135
132
122
95
87
78
62
52
46
20
20
17
18
7
7
15
7
10
478
283
264
221
204
190
146
85
83
61
51
46
40
35
38
23
27
25
6
8
6
6
6
253
224
166
142
92
94
84
88
84
69
52
45
43
24
17
26
24
15
13
6
8
110
99
101
93
67
65
63
70
35
34
31
31
24
22
17
17
18
17
16
15
8
179
163
152
113
113
81
62
62
62
66
56
36
21
23
16
15
18
14
7
13
8
7
7
258
244
243
181
172
157
118
75
71
54
45
41
30
21
18
18
18
12
12
12
212
138
97
89
76
67
46
42
45
35
33
32
30
27
15
15
17
17
17
17
10
313
271
249
220
167
133
121
117
72
69
63
55
37
30
29
18
9
8
11
7
8
7
305
62
43
34
40
41
34
31
31
34
33
26
24
14
13
8
12
10
12
8
7
6
7
7
540
264
244
243
230
162
99
76
74
50
50
43
39
33
32
25
28
28
27
18
19
17
6
264
180
175
154
100
87
86
68
70
57
50
44
41
33
30
23
24
24
20
16
12
12
7
6
207
180
153
88
72
67
60
57
47
42
42
37
29
28
27
25
23
21
13
7
6
317
247
235
229
225
185
155
138
112
103
95
76
67
62
60
51
43
39
26
24
11
11
200
111
96
96
98
85
85
79
68
65
59
49
38
31
23
25
21
21
9
9
11
249
174
163
148
152
122
113
96
103
72
43
40
38
37
32
30
26
25
25
22
15
11
10
10
337
275
276
175
163
137
110
96
90
78
71
69
71
60
55
53
47
35
30
22
10
10
13
191
128
130
121
119
101
60
60
64
52
46
47
44
41
37
25
15
15
13
15
9
8
6
289
120
108
104
79
77
73
72
57
57
48
52
43
33
25
29
21
20
20
15
8
8
8
18
290
251
249
239
95
80
81
78
84
77
77
76
65
63
54
57
52
38
37
25
13
21
20
199
165
147
121
100
100
90
82
75
75
68
68
67
30
30
22
17
12
6
298
8
225
177
88
83
82
74
66
67
62
58
56
56
40
19
17
263
7
7
8
252
230
203
142
123
92
91
85
71
71
65
61
57
45
40
40
44
43
34
16
13
16
10
8
220
190
140
138
135
112
115
110
90
83
83
76
70
40
41
21
26
21
21
23
18
22
23
12
16
15
6
109
102
88
88
87
76
77
66
62
51
50
48
32
32
278
28
26
22
28
22
13
11
8
186
157
161
106
82
80
82
64
58
55
39
41
29
31
19
9
10
194
159
130
107
100
98
91
87
67
65
48
47
42
39
6
296
31
27
27
23
30
30
29
14
256
176
123
113
89
92
65
47
47
46
10
6
42
37
19
26
154
149
140
127
128
122
122
108
97
83
80
70
70
70
65
64
46
51
15
15
48
31
31
30
199
176
177
129
120
113
113
106
104
96
84
75
61
57
61
56
56
53
20
9
42
43
96
99
80
66
25
22
14
16
10
16
14
10
10
8
7
7
6
9
8
8
8
305
52
49
48
35
35
258
123
114
117
104
106
93
93
66
23
23
11
11
6
6
7
62
52
37
39
39
45
135
121
112
102
90
90
84
76
72
28
23
18
16
10
10
10
8
9
381
67
61
57
51
240
230
154
116
104
94
74
34
33
21
19
23
15
12
14
6
67
56
49
201
139
125
100
95
87
85
82
82
45
46
38
27
28
21
17
17
17
8
17
67
308
240
216
166
159
150
153
105
105
105
81
50
31
28
28
22
23
13
11
8
6
6
76
59
64
221
110
110
92
92
91
41
48
32
27
27
27
19
20
27
12
9
11
7
6
83
77
70
261
165
167
167
152
124
124
115
97
99
96
62
60
60
51
42
37
35
36
32
86
78
70
254
147
127
101
96
57
45
48
48
43
42
39
38
28
16
16
16
22
21
7
9
84
258
233
169
160
154
146
113
111
101
101
99
61
49
53
48
46
48
43
39
41
10
7
95
232
226
182
175
168
163
139
64
64
58
51
38
38
38
26
31
23
15
22
22
9
107
100
254
142
117
109
74
61
63
56
53
41
40
36
32
31
30
7
6
6
167
122
79
63
58
41
17
15
11
12
10
10
8
10
10
10
8
8
7
7
7
6
6
7
107
100
199
132
84
90
75
75
67
53
55
41
34
22
25
25
13
13
13
8
99
199
183
173
171
88
81
78
69
59
58
30
21
25
20
18
15
7
8
8
11
128
114
102
324
237
178
155
131
77
72
71
47
47
35
32
32
26
23
24
23
10
7
111
116
315
282
208
197
146
141
141
77
68
68
50
51
37
32
35
30
29
28
19
15
7
6
152
103
101
103
83
73
62
48
42
42
35
35
33
33
33
24
20
18
15
20
15
12
125
126
151
108
92
71
47
49
50
49
45
43
44
42
38
29
24
20
17
18
17
17
7
137
124
173
122
105
76
67
46
46
46
45
43
38
38
43
31
36
25
22
10
18
239
125
105
97
88
68
60
57
55
50
42
37
38
35
34
33
35
35
27
27
15
15
9
9
119
102
95
77
68
62
61
62
55
53
41
44
41
27
20
23
21
9
8
17
225
135
136
67
67
61
58
57
58
40
37
38
37
37
36
28
29
18
13
12
12
9
12
8
233
222
200
177
176
141
129
120
115
112
90
76
76
72
71
42
41
27
27
14
14
10
7
187
118
96
80
92
76
68
48
36
23
18
16
15
11
11
17
8
8
7
8
7
8
178
147
144
122
85
77
75
73
66
61
61
66
58
52
52
52
52
52
35
17
10
11
14
291
152
132
106
101
90
85
77
78
64
57
38
38
34
32
21
15
18
10
7
10
9
9
132
95
92
85
72
77
43
37
36
36
35
36
20
20
16
14
14
10
8
8
10
6
337
201
152
100
95
92
88
88
88
67
42
42
42
25
13
10
359
219
207
161
147
142
135
133
121
95
92
87
81
78
77
63
47
44
32
21
18
16
16
16
6
218
169
162
132
100
85
77
53
52
46
45
38
37
29
29
23
23
21
18
21
13
6
272
240
171
155
105
105
82
77
81
82
55
47
40
28
27
26
26
26
23
10
157
111
96
87
76
75
70
56
46
40
39
33
33
33
33
28
25
13
9
12
8
8
218
218
264
162
146
133
77
73
63
53
50
44
38
33
36
21
19
11
6
6
6
9
6
205
127
124
120
118
103
85
68
62
61
57
52
49
43
40
41
27
26
33
18
14
11
10
6
126
112
108
76
70
61
32
31
19
16
16
16
16
9
9
9
132
92
56
53
36
34
31
26
19
14
12
8
7
8
12
8
8
7
7
457
314
309
157
141
113
113
112
100
87
80
58
46
45
32
34
26
26
21
21
17
6
217
194
140
128
117
88
75
65
45
37
31
34
31
29
26
24
23
14
7
8
7
7
7
7
149
131
106
103
105
99
97
94
86
81
81
62
50
44
41
47
32
29
23
23
19
16
9
8
7
332
197
162
150
136
127
118
108
103
102
55
44
44
44
36
34
32
27
24
17
18
17
17
16
16
348
117
106
101
100
96
84
86
80
78
78
73
68
46
49
49
41
41
33
32
23
14
263
333
306
197
144
109
99
81
66
51
54
50
46
43
38
34
27
21
9
8
18
8
8
12
320
7
7
183
91
96
88
86
78
56
54
49
48
47
46
37
32
33
16
9
9
9
192
180
170
168
147
95
75
77
67
59
56
54
47
44
37
38
37
37
28
16
17
185
160
92
88
78
66
64
66
53
49
52
42
20
10
9
8
10
13
7
8
19
19
231
180
123
94
94
74
71
66
62
58
58
47
47
44
43
47
13
15
15
15
8
25
126
114
76
76
77
69
71
59
55
52
53
52
46
52
37
29
19
20
11
11
8
11
29
29
200
142
129
43
42
34
28
28
25
24
18
23
18
10
10
6
6
7
6
37
36
183
178
136
132
121
118
116
97
86
89
86
85
84
79
61
57
43
47
28
21
6
40
180
185
165
152
130
123
115
89
71
68
67
68
67
28
33
32
21
24
13
7
7
7
176
128
130
128
99
96
94
92
63
34
25
24
28
16
23
8
9
8
8
10
7
6
7
50
189
169
128
102
100
94
87
83
78
77
74
58
33
18
17
20
13
11
8
11
8
6
150
126
128
103
97
63
48
51
48
44
48
41
41
25
22
20
16
16
17
16
10
9
7
59
168
143
141
111
109
98
97
87
74
58
49
46
39
43
25
18
15
14
10
10
11
12
12
6
304
168
144
138
130
119
99
64
55
53
48
48
51
33
30
26
20
15
10
8
73
175
160
107
104
107
97
63
64
50
54
53
35
32
31
28
31
28
24
24
22
16
13
7
75
206
180
166
129
119
102
97
83
78
70
61
29
25
27
24
16
7
11
7
7
390
346
350
79
249
182
158
158
146
146
147
115
103
75
61
45
35
35
35
35
32
26
12
17
11
84
293
207
134
135
103
93
103
103
79
80
49
46
46
46
43
40
35
28
17
16
9
16
8
92
192
128
123
117
58
69
53
55
51
48
45
48
43
41
17
21
19
10
10
14
10
307
200
184
133
137
104
107
81
61
60
60
56
56
57
53
48
36
39
26
27
15
8
102
99
183
151
134
134
80
67
63
58
59
56
52
50
50
43
37
28
32
18
17
12
433
104
159
108
109
101
91
66
63
63
55
48
49
50
29
23
11
21
9
6
9
6
219
195
183
164
139
133
117
89
88
72
72
68
65
54
45
42
41
29
34
28
16
14
16
181
161
103
98
94
84
78
77
76
67
65
59
57
56
55
41
33
33
32
32
21
15
11
386
311
171
171
147
139
125
95
84
85
75
77
62
63
40
35
20
25
8
6
7
6
335
310
249
215
202
123
110
96
96
92
83
83
83
80
62
62
49
46
44
49
31
13
22
13
7
130
129
132
160
125
98
97
92
88
66
70
48
30
30
36
34
19
18
16
15
17
8
6
6
277
194
154
124
112
100
97
90
87
87
78
70
53
53
41
24
20
13
20
20
16
14
8
11
225
170
165
101
98
99
98
98
95
95
92
73
79
72
59
61
60
57
29
25
25
16
16
6
8
183
139
131
133
133
133
131
125
131
100
88
80
65
51
42
31
17
11
9
8
8
6
7
177
117
127
91
87
82
81
81
68
28
32
26
24
23
16
20
10
11
8
7
6
164
126
123
113
116
110
108
90
86
86
86
73
73
73
67
73
55
49
43
42
40
28
22
311
181
187
184
124
92
92
77
62
48
47
46
45
47
38
33
31
36
34
28
8
8
16
8
153
110
108
96
83
86
77
65
54
58
54
51
41
45
28
23
21
13
13
7
8
12
282
221
212
135
105
101
102
72
59
55
52
52
42
38
34
30
32
29
18
13
299
258
202
136
106
63
70
51
53
45
41
41
41
36
23
23
19
10
7
9
10
7
6
343
275
263
261
234
148
111
53
53
48
36
28
27
20
20
12
15
15
12
10
7
7
244
223
212
161
137
122
87
82
73
73
51
55
55
44
45
47
33
25
25
29
17
12
8
151
147
145
125
121
103
78
75
75
68
61
53
54
45
38
38
30
24
23
22
13
8
12
10
342
332
233
158
153
151
127
101
88
76
73
71
63
58
58
57
48
35
35
35
32
19
11
348
337
273
259
237
208
132
106
102
69
66
63
60
48
41
32
32
28
25
26
25
18
12
20
148
142
124
123
123
98
73
57
56
61
45
46
52
40
32
23
25
13
8
14
14
308
234
187
175
113
97
86
86
78
73
72
70
43
41
33
15
19
16
19
8
8
11
402
237
233
179
157
154
154
122
118
100
88
83
71
63
49
43
43
42
27
26
25
7
7
7
7
347
164
144
122
98
90
96
88
83
84
52
57
31
30
22
12
10
6
6
186
186
131
58
53
57
57
48
50
45
35
35
22
17
15
15
13
12
11
11
9
6
6
9
115
103
96
70
67
63
61
58
53
53
51
50
37
39
31
29
29
27
23
17
16
16
235
289
179
154
150
121
118
105
96
70
62
62
60
48
34
36
36
22
21
21
22
20
6
202
198
196
195
183
141
125
106
104
103
80
80
77
71
65
48
31
35
10
7
10
6
246
256
160
138
131
132
121
111
107
85
82
68
68
66
52
41
44
36
20
26
15
7
145
136
136
106
98
98
82
73
70
61
58
46
49
41
35
35
23
23
10
14
16
9
214
198
131
121
119
111
95
102
95
92
65
75
54
49
45
41
25
25
25
17
7
345
302
302
225
148
130
124
126
107
97
97
97
83
65
64
63
46
46
30
31
22
7
8
7
291
228
184
135
120
105
93
80
70
60
64
55
51
51
46
36
38
27
20
19
10
8
263
187
176
187
174
133
101
93
90
83
78
75
62
51
45
43
31
20
17
16
13
8
9
214
163
160
156
135
100
61
61
48
43
37
23
18
20
22
21
19
19
13
17
13
8
273
211
211
166
150
144
138
124
105
89
79
79
75
61
61
60
50
55
43
27
9
13
150
149
84
72
71
65
70
48
47
38
28
29
32
23
20
26
19
17
8
8
8
9
9
267
245
175
158
123
117
91
83
75
65
70
61
64
52
48
40
40
32
29
19
22
17
10
376
288
279
236
181
173
161
151
157
118
118
90
81
76
40
41
15
15
15
9
9
6
6
170
151
151
143
128
86
62
62
62
54
48
43
26
14
14
13
10
10
10
6
6
304
294
208
156
104
95
87
67
53
58
59
52
43
38
48
32
19
19
16
15
14
9
269
173
135
118
109
85
74
57
53
37
37
37
41
30
24
23
21
15
9
14
10
459
222
177
155
147
124
114
107
96
90
76
62
58
46
47
35
29
26
21
11
10
16
14
6
264
238
186
151
129
110
106
101
90
79
74
67
62
51
47
40
38
33
40
25
26
20
23
20
324
350
222
184
138
111
93
74
72
72
60
38
40
38
37
39
36
31
13
8
497
220
165
153
116
110
103
72
68
71
62
50
40
34
36
34
30
30
24
24
22
19
13
472
381
323
287
242
235
194
191
167
142
140
125
94
79
41
36
35
29
17
10
237
212
203
150
81
83
66
63
64
55
54
50
49
47
46
32
30
32
28
22
14
16
6
7
505
389
212
177
153
143
136
65
63
49
17
16
10
10
10
8
8
8
8
8
10
8
9
360
282
240
173
136
97
93
74
70
66
61
57
54
56
49
42
31
24
24
13
7
365
287
146
141
109
103
102
76
81
65
55
52
51
46
29
21
18
11
13
9
7
195
183
122
80
65
64
56
52
49
51
50
37
34
36
27
26
26
23
23
17
16
9
241
241
152
149
135
113
113
100
107
85
76
70
71
65
55
48
37
21
18
6
6
6
190
167
151
132
132
122
99
81
76
59
44
45
37
36
36
28
33
11
17
11
9
9
7
233
193
125
95
95
89
84
84
85
81
46
37
38
33
30
32
16
21
16
10
9
9
6
342
246
200
153
127
106
106
85
86
81
72
70
72
46
41
34
21
19
21
8
6
209
135
134
124
108
94
60
51
48
42
42
42
32
21
24
23
22
18
11
11
9
11
11
258
252
199
181
152
144
137
94
96
73
72
65
62
55
50
53
47
32
29
29
29
16
7
6
290
276
259
250
247
181
163
90
95
80
62
57
50
44
37
34
36
27
21
21
8
12
232
222
174
169
152
138
74
74
66
48
53
47
42
42
39
31
34
34
9
9
10
9
169
153
134
125
125
129
125
93
82
70
68
39
39
31
21
14
8
13
10
7
8
273
258
197
191
141
130
104
100
99
93
86
51
34
36
30
36
22
13
12
7
6
8
126
121
113
101
87
78
72
63
63
61
57
50
54
41
31
27
24
24
24
12
8
7
9
306
193
170
114
108
103
96
76
73
62
55
35
29
22
17
17
18
18
7
8
8
306
228
187
151
145
139
135
132
101
97
97
95
93
90
74
67
41
34
14
17
17
12
10
325
215
174
134
104
95
98
95
94
71
72
64
64
50
59
43
39
35
28
22
18
11
13
9
321
270
259
246
241
185
185
112
101
82
79
70
55
51
52
38
33
18
23
9
7
8
12
386
200
158
144
129
123
97
78
79
52
49
50
42
40
29
32
28
7
13
285
172
155
156
122
122
121
133
102
86
86
56
46
35
33
28
28
25
18
14
11
412
313
182
166
157
105
104
103
91
88
80
76
59
42
35
37
33
30
13
17
10
6
6
449
265
169
161
104
102
99
86
90
71
64
49
53
44
44
49
36
38
29
17
9
8
203
192
170
126
123
118
113
86
76
73
69
63
55
47
45
42
40
38
20
10
16
8
6
260
176
132
135
111
100
85
77
85
74
70
67
53
48
48
46
25
26
18
21
8
6
265
257
205
162
136
112
111
81
81
79
68
68
63
62
64
39
30
37
12
17
9
7
201
207
173
158
151
110
110
95
87
92
84
73
59
58
35
25
30
10
9
6
191
168
127
133
124
121
89
78
74
67
52
54
47
23
22
7
7
6
6
6
284
230
175
175
143
140
136
97
90
86
82
78
68
69
68
52
35
31
26
33
26
20
12
6
345
276
7
8
200
178
125
95
90
82
79
82
77
71
41
25
27
25
16
17
9
10
9
9
8
242
155
150
142
127
121
121
82
84
62
71
51
40
29
24
15
18
19
388
291
14
221
167
158
130
109
105
105
103
98
88
81
81
73
59
56
43
42
41
25
22
17
18
179
170
158
156
108
105
92
86
79
60
56
41
39
33
27
31
11
25
202
187
173
167
157
142
143
136
119
107
64
66
57
45
31
14
14
10
288
28
25
262
189
180
179
179
162
166
156
118
117
105
100
96
74
75
62
58
52
51
8
203
154
129
118
108
101
103
98
81
76
65
67
66
54
57
54
47
54
44
40
20
8
7
7
362
323
264
255
191
172
172
159
135
121
108
108
92
78
70
61
52
54
16
17
17
11
230
213
165
171
132
127
128
104
99
91
74
64
57
50
34
30
27
27
24
24
21
22
9
493
42
246
161
144
140
122
102
88
78
82
60
60
60
59
29
27
23
27
20
14
8
8
7
52
50
53
47
266
221
181
175
160
149
132
91
44
43
34
36
36
32
18
25
18
13
10
10
413
256
194
186
165
154
119
111
72
70
70
63
39
33
33
20
19
20
9
9
63
57
222
189
147
140
135
110
95
87
85
89
86
77
68
50
23
24
20
20
22
305
303
147
144
122
117
109
88
78
59
51
49
30
19
10
18
10
10
8
8
8
292
202
176
169
165
156
141
140
113
87
87
81
57
57
52
48
38
25
26
24
21
20
327
77
271
222
222
134
140
127
102
99
94
85
70
61
59
61
56
38
38
27
27
10
6
12
9
520
84
82
248
235
179
175
163
94
95
66
62
52
49
57
55
49
43
30
19
8
250
228
221
219
185
180
165
142
117
101
82
74
66
62
61
54
57
52
41
45
16
9
14
92
218
196
189
164
147
134
135
114
103
84
75
66
46
46
50
14
14
13
10
6
6
631
251
159
128
105
85
84
79
81
78
81
76
67
60
60
60
62
48
28
26
24
19
17
9
261
243
238
237
202
155
148
155
110
115
87
78
76
69
69
65
63
63
24
26
12
9
14
7
623
215
193
182
157
151
122
92
99
83
77
59
60
66
63
60
48
36
29
29
14
14
13
253
194
194
173
147
146
126
104
96
79
70
42
28
19
18
8
16
19
7
7
6
7
6
7
315
156
101
96
90
87
66
65
48
39
40
30
24
19
13
15
13
11
12
11
8
438
198
184
160
157
115
102
82
85
88
80
46
41
30
27
13
17
16
17
7
9
10
6
249
102
84
85
65
64
44
46
50
39
37
32
21
22
16
12
12
9
7
9
7
9
7
138
273
161
157
147
145
120
124
114
111
110
94
84
61
51
47
37
22
23
13
12
7
140
346
348
326
255
181
156
123
117
96
86
68
51
35
39
32
26
22
21
17
14
9
6
8
143
242
245
242
226
228
184
155
85
84
64
54
33
36
37
27
33
26
23
17
16
16
10
377
317
282
268
170
173
135
126
127
114
122
110
90
89
84
60
57
40
35
32
20
25
243
223
221
205
174
127
118
100
95
73
72
62
59
47
46
46
40
42
37
32
30
9
8
225
212
205
195
183
171
170
125
122
108
98
84
67
53
45
39
20
18
26
29
14
13
10
8
7
332
233
217
191
144
146
105
88
56
56
56
56
50
53
43
37
28
28
31
31
18
15
15
13
163
289
155
129
119
85
79
77
62
58
47
42
41
41
44
40
30
40
20
15
15
17
18
371
332
227
189
151
126
114
91
52
32
32
30
25
22
19
10
12
10
10
7
18
7
461
161
135
130
75
73
72
62
57
59
57
37
40
40
37
34
30
30
25
27
21
17
9
6
184
182
265
239
174
140
111
78
76
67
65
63
62
48
55
36
29
34
22
26
22
12
9
11
189
307
264
202
204
195
162
139
115
95
89
62
67
40
40
33
30
25
16
17
12
16
8
9
247
178
174
140
111
88
83
86
83
77
82
80
74
76
65
65
61
52
40
40
30
27
517
228
155
141
102
88
85
66
50
56
50
50
48
39
37
32
16
16
10
15
8
6
329
300
184
170
163
145
114
107
98
46
47
48
31
29
29
13
20
17
7
9
6
11
221
142
114
92
89
87
76
76
61
53
37
20
21
12
14
13
9
8
6
8
6
172
155
147
120
103
96
89
78
77
72
65
52
34
14
13
14
12
11
6
6
6
11
11
414
203
164
139
128
130
102
97
85
76
70
61
46
47
32
24
19
22
18
19
19
6
6
169
103
106
106
92
62
44
52
52
52
53
37
34
24
29
25
16
14
21
14
16
11
9
213
178
123
112
105
101
67
56
29
26
26
21
15
15
16
12
6
6
6
6
6
8
8
145
123
78
83
68
43
48
34
42
33
33
27
26
26
24
17
14
10
9
10
13
8
175
142
127
89
75
53
56
43
40
44
44
44
36
26
22
19
16
16
16
19
8
8
13
225
200
191
137
116
90
71
61
58
48
49
41
43
41
25
26
21
13
13
10
9
9
11
6
259
226
145
95
98
49
41
46
34
37
28
19
18
14
15
11
11
10
9
9
10
8
8
7
323
141
82
71
71
64
65
58
61
52
54
51
51
51
51
46
23
22
17
20
16
14
14
6
520
379
134
109
84
41
39
39
34
35
36
27
30
29
24
21
21
21
18
9
17
7
145
115
118
110
61
56
54
43
33
30
13
17
14
13
7
6
8
8
8
8
7
251
172
152
86
76
69
51
56
48
37
38
38
38
35
35
30
29
28
24
17
13
13
13
10
171
141
126
118
112
85
59
44
36
36
40
33
36
36
32
24
17
18
8
9
8
8
6
399
368
258
220
214
117
102
79
70
59
55
53
41
41
39
37
21
21
16
13
11
11
10
11
10
166
132
89
84
74
64
61
55
52
46
46
29
43
32
20
18
18
8
15
16
12
6
262
201
146
100
89
85
58
57
51
55
51
55
51
48
38
31
22
26
23
15
21
10
12
9
7
229
173
130
122
86
34
20
23
10
10
17
17
8
8
9
9
9
9
9
9
119
101
99
91
68
71
68
57
42
41
43
19
20
20
20
22
14
11
8
8
7
7
104
73
73
62
48
38
33
37
27
24
19
13
13
13
13
13
13
9
9
12
8
8
9
9
143
134
101
106
91
97
86
67
51
53
49
33
32
23
20
15
14
14
10
6
10
10
202
165
144
76
74
58
40
32
35
28
23
23
25
22
23
22
15
11
14
18
7
6
7
540
161
95
88
62
53
60
51
44
35
32
31
28
30
27
15
10
12
12
7
7
99
92
85
67
64
65
58
59
45
39
31
20
17
12
15
7
7
7
7
7
7
202
174
90
89
73
73
57
57
55
51
47
44
41
38
37
34
37
29
22
22
19
22
182
172
114
93
68
57
49
46
43
42
43
42
40
34
25
27
22
22
22
8
10
12
10
274
122
116
83
79
70
60
60
48
44
39
30
29
22
24
18
6
6
6
13
10
6
13
6
154
148
109
88
65
59
55
53
49
52
49
47
32
32
27
27
20
18
10
131
108
107
70
59
57
58
54
49
50
42
32
37
37
20
22
8
7
6
6
131
126
114
112
103
69
64
63
60
59
56
37
37
36
28
25
17
17
20
15
6
11
11
6
156
109
91
81
71
71
74
70
68
67
64
45
47
34
30
28
20
16
12
13
6
169
126
96
79
77
75
72
44
39
35
35
31
22
23
23
27
25
6
6
6
6
6
6
138
113
95
90
78
62
47
52
43
32
30
35
18
14
14
14
13
11
12
8
9
8
6
95
89
70
74
64
65
62
57
57
45
41
37
37
31
17
17
19
13
11
13
13
7
121
101
84
72
62
62
53
42
33
33
31
23
22
16
15
15
14
9
9
8
9
9
6
99
93
94
91
77
79
67
62
58
37
27
20
20
21
20
10
9
8
10
11
11
7
221
150
148
129
102
89
80
77
79
69
50
40
36
33
31
31
31
31
31
27
26
24
6
6
129
115
97
85
77
81
45
51
44
38
37
37
33
30
30
24
18
13
18
8
7
9
7
157
134
125
125
87
72
46
42
43
41
39
36
35
35
34
23
23
16
16
12
12
12
7
7
271
110
92
61
53
48
47
46
41
44
28
30
22
28
21
20
21
17
19
12
9
7
12
12
109
93
83
70
59
61
51
51
31
29
26
26
25
18
19
14
17
17
10
434
140
132
88
85
75
71
80
58
57
56
50
32
38
31
31
17
15
10
9
9
9
276
173
156
106
107
98
76
63
61
58
57
59
57
55
54
49
49
27
27
20
15
14
14
14
165
129
100
97
91
61
64
43
48
40
40
38
38
27
25
26
20
11
7
7
7
6
8
189
126
80
72
59
65
49
49
47
46
42
43
30
28
30
15
25
17
12
12
6
8
6
234
168
149
134
130
113
78
78
77
61
53
42
37
35
30
19
29
29
15
16
11
9
6
114
107
104
82
69
65
65
65
56
56
55
49
53
53
52
46
47
47
41
22
22
22
15
21
8
231
206
143
91
91
88
80
74
80
64
57
57
40
36
32
21
21
20
13
14
10
157
103
106
106
94
92
78
73
66
65
62
57
50
51
32
32
32
32
28
28
20
15
13
14
254
188
188
142
111
80
77
64
60
62
53
55
37
35
31
36
25
25
25
15
7
7
286
134
120
124
79
67
45
42
37
36
30
31
34
15
15
15
7
12
9
7
172
160
152
131
127
106
100
84
81
81
81
78
66
47
46
41
39
20
20
7
6
6
152
145
126
119
119
111
93
89
93
92
82
77
64
48
28
17
21
13
13
11
7
6
140
127
91
91
75
57
57
49
45
43
26
26
23
17
16
16
8
14
11
11
8
10
8
187
153
132
114
89
87
82
62
55
48
46
50
34
32
34
32
22
8
10
8
9
9
9
184
121
121
103
87
80
79
79
67
67
65
50
48
34
30
37
26
18
19
13
15
8
177
132
131
122
113
108
106
97
73
72
66
71
63
61
37
37
34
37
27
21
18
10
10
304
182
137
136
121
120
113
111
102
100
96
86
77
69
48
47
59
39
36
25
23
24
10
279
214
162
135
126
94
83
82
80
74
65
42
30
31
29
15
15
10
15
13
8
10
9
8
247
163
161
123
112
112
75
76
69
35
34
20
20
20
20
15
6
8
6
6
6
153
151
149
118
122
117
57
52
52
52
52
43
38
34
20
25
25
18
12
13
8
11
280
258
211
207
161
133
109
85
71
66
63
56
48
45
45
30
43
10
15
11
16
6
7
7
8
136
133
104
111
102
74
67
63
62
61
57
49
35
34
9
15
13
270
12
10
8
147
132
111
103
106
72
55
40
40
38
39
32
28
27
22
22
20
15
272
16
13
13
9
13
116
100
73
71
67
69
58
50
45
45
32
31
38
31
30
30
20
18
18
177
99
77
76
68
50
46
49
38
41
25
30
25
25
10
9
13
10
9
8
9
9
9
299
28
21
21
19
169
126
95
95
82
73
70
55
41
35
35
14
10
9
8
8
9
7
30
25
249
164
152
130
110
92
87
60
56
45
43
39
23
19
23
23
16
15
14
11
7
7
30
30
188
165
150
97
64
50
40
45
24
28
20
24
19
12
8
8
12
10
9
8
38
193
168
109
85
79
78
80
70
64
52
53
51
44
33
29
29
33
22
22
25
20
8
8
45
41
232
167
140
136
93
90
60
50
55
38
37
36
34
18
26
11
11
48
48
190
181
147
106
93
81
93
54
39
36
39
38
33
35
32
34
8
8
49
245
204
123
111
100
100
74
72
65
46
44
26
23
21
23
24
19
10
8
8
10
62
187
188
127
116
110
104
105
90
99
65
48
48
31
29
28
24
22
22
18
13
9
67
59
142
131
110
94
78
80
75
70
70
51
47
42
36
33
33
20
11
9
6
6
72
69
72
68
153
145
136
95
88
85
82
75
59
58
45
47
37
28
23
25
19
19
11
8
354
250
205
63
60
52
43
44
36
33
37
15
15
16
13
13
13
7
79
83
80
78
234
180
108
69
55
38
26
20
17
14
16
12
10
10
12
8
8
8
6
87
87
200
200
141
115
115
115
89
74
70
69
52
54
42
26
13
7
6
7
10
8
317
212
79
76
76
72
73
73
58
30
33
28
28
20
12
17
16
14
16
8
11
386
353
95
91
235
152
110
84
79
78
63
47
48
48
36
33
30
33
23
27
26
21
9
367
98
98
244
231
217
145
86
89
84
84
80
69
66
55
43
35
32
28
24
8
8
7
221
168
161
158
153
123
118
110
108
96
94
98
59
54
51
49
39
27
15
12
10
8
112
264
131
126
120
113
69
68
50
47
41
42
20
20
20
7
6
10
8
10
8
118
113
206
163
154
158
139
136
99
75
58
59
46
40
37
28
18
12
7
11
123
118
206
203
95
93
89
88
86
66
50
48
52
22
23
18
15
10
9
10
10
6
6
6
129
110
76
71
64
65
64
32
25
22
19
18
15
12
11
10
7
6
7
6
131
128
127
213
187
178
135
79
70
68
48
40
37
31
28
30
27
20
20
18
10
9
7
133
251
233
165
146
148
124
101
74
45
45
55
32
23
21
15
15
14
7
8
321
210
202
188
125
117
95
83
84
42
47
37
34
34
34
21
20
17
19
15
12
145
147
242
202
160
138
122
100
59
42
35
40
35
33
33
33
30
25
26
24
199
172
160
133
119
118
118
116
112
100
71
75
68
64
55
51
48
43
38
40
38
36
30
23
7
158
148
141
126
124
102
98
90
85
84
81
51
49
45
43
43
41
38
10
11
8
162
157
149
137
128
113
97
95
93
80
54
54
48
48
48
50
40
35
32
32
18
21
10
13
190
154
123
108
106
102
97
78
66
65
63
61
55
50
46
45
40
32
30
37
18
7
7
139
129
102
96
90
73
58
51
50
44
43
43
42
43
26
20
12
10
8
8
8
8
7
331
188
164
130
97
97
85
89
69
69
65
65
55
55
54
37
36
19
15
9
236
185
115
106
80
80
74
63
62
59
46
42
41
41
35
30
30
30
21
19
21
20
7
6
157
141
125
113
98
98
92
85
85
81
78
75
71
73
73
68
65
48
53
37
32
25
12
13
183
178
160
148
122
106
74
70
72
69
62
62
55
40
34
31
17
8
13
8
13
7
6
194
190
158
155
135
108
115
85
85
78
81
69
68
50
56
45
33
22
25
12
9
256
217
193
136
108
103
90
58
62
50
50
47
44
29
22
15
16
16
16
11
10
7
11
312
302
119
106
112
105
93
92
86
78
85
74
77
61
67
55
49
44
43
40
40
21
20
355
236
235
165
159
140
117
106
100
66
52
52
50
50
44
34
27
14
14
24
9
216
263
181
154
135
96
77
76
76
65
61
52
56
55
45
43
30
30
26
25
14
6
6
213
171
166
154
145
130
117
105
95
93
77
57
35
30
24
9
16
11
10
17
9
6
160
157
147
113
105
105
97
98
67
55
53
52
43
42
43
41
40
41
24
28
27
19
16
11
11
265
246
205
158
130
110
92
74
71
48
45
40
39
29
21
18
12
12
8
8
388
248
174
142
132
129
118
115
115
85
81
73
57
52
48
48
39
34
34
21
22
16
6
142
134
130
123
126
123
107
98
90
70
62
64
44
30
22
24
19
11
9
10
9
9
8
273
152
152
135
135
112
111
98
98
88
85
83
62
61
61
49
51
44
14
10
10
10
288
235
213
140
143
140
136
129
100
100
104
92
89
77
84
75
76
60
54
39
23
19
20
9
8
8
10
208
186
162
157
137
122
97
73
71
66
59
69
44
41
41
30
25
20
20
20
12
15
15
15
242
231
186
160
144
104
104
101
75
64
44
39
30
25
18
7
20
18
115
115
107
99
91
82
80
67
65
64
56
53
51
35
34
25
25
15
10
10
25
26
25
167
143
125
126
120
112
95
88
81
42
40
43
40
40
20
20
11
9
11
6
432
326
28
30
30
246
245
224
155
148
140
124
112
48
40
39
26
16
16
14
14
10
12
11
177
174
162
155
136
141
126
126
121
94
94
80
84
58
58
36
38
18
16
14
14
13
13
13
13
218
210
119
91
76
64
62
63
55
54
50
42
50
34
36
36
32
24
21
18
12
12
7
319
190
178
131
120
125
79
73
73
76
60
47
48
41
29
34
25
25
26
17
17
9
14
9
6
6
298
50
49
237
181
151
111
90
89
73
61
43
43
28
22
15
14
7
7
7
7
56
225
184
168
150
117
104
103
94
65
65
53
50
45
37
36
27
12
16
17
13
8
8
8
8
6
7
245
144
120
121
99
96
75
74
55
41
41
28
18
17
13
13
13
9
9
611
65
65
65
65
65
294
178
142
101
83
75
68
63
44
37
37
35
30
18
18
17
9
13
6
6
6
358
244
240
132
120
117
105
80
73
48
34
39
21
14
8
9
260
246
194
170
170
166
153
147
133
124
109
106
95
89
77
85
71
70
54
56
46
46
50
32
28
32
21
16
12
8
190
193
174
140
123
91
80
44
47
43
37
37
37
31
33
33
27
28
24
24
21
9
11
83
153
141
116
116
100
94
89
71
53
48
55
39
37
36
23
26
14
16
9
9
9
9
90
259
191
175
151
144
99
99
92
61
67
62
58
57
38
27
18
17
14
14
14
14
14
11
9
6
273
175
156
144
113
97
50
54
52
54
48
48
41
44
36
19
26
19
14
11
9
7
273
245
175
161
148
126
102
79
80
71
62
53
48
47
38
38
29
24
23
17
17
17
17
16
281
200
190
145
134
123
120
120
98
108
77
69
62
57
53
44
37
32
29
23
22
22
12
7
12
111
213
188
154
138
130
114
88
63
63
49
50
51
50
36
34
34
28
29
19
12
17
8
206
186
160
133
133
117
110
94
63
62
46
49
39
37
27
26
22
9
9
9
9
17
6
13
272
188
164
130
112
92
92
98
71
61
60
51
39
40
37
20
20
14
20
21
16
6
11
11
11
211
143
92
87
95
66
65
64
60
49
49
49
47
46
46
36
30
30
35
16
7
306
191
184
166
132
125
119
64
59
57
54
54
53
42
47
47
40
39
30
24
24
14
6
10
8
183
162
148
125
113
82
59
56
57
50
52
48
47
38
29
26
10
8
11
17
13
219
171
168
154
125
118
118
97
97
61
56
55
57
56
30
24
10
10
10
280
192
193
117
98
86
85
72
61
48
52
15
20
19
10
15
9
10
7
6
6
152
309
206
178
137
122
120
114
74
62
67
50
50
50
28
16
20
15
12
11
398
155
294
250
244
215
184
169
125
102
101
96
79
79
74
55
50
39
20
19
16
12
8
9
9
8
280
267
194
194
180
163
150
149
153
132
113
93
84
81
67
63
44
39
38
30
23
22
11
8
10
8
165
260
181
163
151
118
95
89
89
81
69
72
61
49
54
53
41
26
26
22
18
12
8
370
195
180
129
117
119
94
56
32
27
18
23
19
18
18
10
7
9
6
6
174
173
402
355
243
154
128
104
84
59
40
32
36
22
18
18
18
18
17
9
9
9
9
9
7
495
464
304
170
169
170
160
121
121
121
110
103
82
64
64
66
52
45
41
37
36
36
23
14
16
16
10
154
122
108
103
94
86
59
59
50
44
33
36
33
21
9
9
7
7
8
7
7
7
499
142
134
127
107
90
74
74
72
60
64
62
55
51
51
46
33
32
25
18
12
12
7
152
136
119
119
95
79
75
55
51
49
54
46
38
36
34
31
19
22
9
7
254
200
175
124
103
102
94
84
64
64
49
29
24
32
23
24
22
24
20
16
22
12
14
6
252
214
172
165
124
75
67
66
62
58
48
38
27
27
18
16
16
12
8
10
6
162
159
113
99
75
76
75
73
53
58
43
34
40
37
43
33
32
27
23
428
250
132
103
95
95
68
48
48
48
45
33
31
23
26
21
16
9
12
9
9
6
8
234
230
220
206
151
141
106
96
86
63
44
42
34
28
25
21
14
6
6
6
7
7
7
7
300
7
160
142
132
134
119
88
86
83
73
68
65
64
67
59
47
47
37
36
38
33
30
10
12
11
9
10
7
6
6
207
154
95
87
64
54
52
52
44
44
43
24
19
17
23
17
8
8
8
8
8
8
153
119
125
105
91
93
82
77
52
53
41
43
29
28
26
29
19
13
13
11
13
12
13
13
189
164
109
99
83
83
80
74
73
73
68
56
55
52
48
8
25
21
13
13
185
162
107
88
85
78
75
67
66
50
38
31
31
31
405
264
13
11
7
13
32
32
24
23
18
252
219
115
107
73
67
72
56
55
44
43
7
6
7
35
37
38
28
253
243
174
157
109
98
94
83
67
61
60
59
56
49
49
370
16
9
11
7
33
28
241
217
178
138
126
109
102
93
82
82
54
47
47
46
18
18
16
15
7
7
7
12
42
45
133
123
121
93
88
71
70
66
59
59
52
49
22
13
12
17
10
8
7
10
50
43
38
115
104
104
92
78
64
63
275
406
361
30
25
26
25
20
14
11
56
48
48
48
240
204
199
163
111
111
89
86
83
83
70
69
69
68
295
22
27
18
10
12
11
59
63
211
153
145
136
123
122
119
115
92
82
69
72
334
309
35
27
32
20
15
8
11
65
53
57
238
238
146
119
117
97
91
76
72
70
53
42
25
27
25
21
18
14
8
69
280
268
228
214
214
155
139
133
132
112
103
76
75
454
51
58
38
35
32
13
10
11
6
79
267
161
160
148
138
137
127
100
96
96
83
53
52
51
42
33
9
9
7
84
83
80
182
170
139
124
114
108
87
84
68
58
52
44
40
42
35
29
18
9
85
79
262
252
199
144
140
133
110
67
60
55
49
47
39
43
28
25
17
12
83
83
78
227
180
134
132
122
102
374
57
61
54
46
42
39
26
21
22
22
19
6
9
9
94
89
224
172
154
152
138
137
131
102
79
83
70
66
55
51
51
55
55
35
29
24
24
24
7
93
90
225
154
142
142
132
128
106
75
75
67
67
45
42
40
29
32
34
32
34
26
20
15
105
93
207
199
173
150
119
401
88
59
51
27
32
23
21
21
21
17
16
17
9
8
8
10
103
294
169
172
152
136
136
135
135
127
114
430
344
91
85
77
52
58
38
26
26
20
115
200
177
177
157
141
141
77
60
57
57
46
31
31
20
14
22
8
8
6
6
317
288
158
80
81
68
65
55
52
42
47
36
32
29
32
24
19
10
11
9
9
7
11
128
309
185
180
150
139
136
593
106
81
74
70
57
53
43
39
29
24
22
9
123
257
189
172
143
107
86
75
59
51
53
46
46
43
45
39
37
21
20
7
6
10
228
224
216
177
157
381
100
98
91
64
64
51
49
34
34
28
12
15
7
7
6
137
134
225
210
194
147
109
96
96
78
72
59
66
56
33
39
33
27
20
9
10
142
218
207
204
204
170
126
120
122
110
101
100
79
72
61
54
44
51
39
31
21
17
10
138
156
129
78
51
49
55
43
42
41
30
23
22
15
17
17
10
8
8
10
10
6
6
149
151
234
214
198
169
163
114
82
71
68
61
36
30
25
15
15
14
12
8
236
186
171
131
120
106
84
78
74
52
36
37
31
30
25
28
28
25
20
19
18
18
17
7
8
158
158
161
227
207
201
171
400
153
140
140
111
77
47
39
36
25
23
23
23
23
19
10
10
163
272
241
205
204
146
137
132
96
86
73
61
44
36
36
34
26
20
15
15
9
7
238
231
154
140
111
96
84
78
74
78
82
74
57
42
36
40
35
32
23
13
12
20
8
211
126
126
121
122
96
92
76
79
66
47
41
40
28
28
27
21
10
6
8
9
6
6
6
212
191
410
163
159
130
125
113
95
98
90
83
76
55
58
50
42
42
38
32
28
15
10
8
187
183
221
150
125
116
117
109
89
81
83
72
59
62
58
48
45
27
19
16
16
7
9
188
188
266
138
97
92
65
61
55
48
50
33
34
20
12
15
15
8
8
7
192
302
273
244
177
153
139
127
113
75
70
66
66
60
58
57
57
48
33
26
25
17
204
198
131
98
95
78
75
73
73
65
61
60
53
50
45
50
39
34
42
31
18
18
17
12
244
216
194
156
147
119
109
92
101
71
74
68
63
49
48
36
35
27
17
16
8
8
14
207
469
175
168
161
136
118
109
106
106
96
76
71
60
51
41
32
28
24
18
13
6
304
584
199
180
152
149
116
103
96
80
78
73
77
72
61
53
37
35
26
9
7
16
7
347
202
154
157
117
115
93
91
92
91
80
79
64
62
61
51
50
32
32
12
6
9
285
241
236
202
179
171
170
149
140
121
103
101
95
90
88
88
77
55
29
18
24
19
232
427
190
151
96
89
88
80
84
88
71
68
55
44
24
23
29
17
15
18
19
235
316
258
254
202
156
150
117
112
110
106
81
79
73
70
65
59
22
23
16
16
242
302
205
193
179
161
138
138
121
105
105
105
110
103
103
75
71
64
68
39
6
6
9
238
309
231
173
160
123
120
121
121
120
117
115
108
88
76
59
63
57
53
41
38
15
12
8
8
7
8
8
203
183
113
111
110
102
96
83
81
80
61
42
20
20
22
19
18
12
14
337
503
13
13
13
8
8
7
7
7
7
6
180
115
113
107
85
85
85
67
65
47
37
25
21
424
307
18
13
12
7
6
9
8
232
138
138
122
104
104
101
91
65
40
30
39
26
25
14
9
9
185
163
117
102
100
96
95
95
72
70
76
59
57
49
49
38
35
37
35
31
34
26
268
365
25
25
29
28
23
22
18
22
130
97
84
87
87
79
69
51
39
36
36
33
9
8
9
279
280
289
28
28
225
196
196
164
171
160
160
128
83
74
47
44
43
41
41
36
19
8
8
362
296
292
38
35
35
34
262
161
151
151
130
123
115
107
68
44
44
18
15
7
7
283
42
38
37
38
33
278
278
266
219
213
189
181
148
127
123
117
109
96
52
12
10
380
376
340
328
49
42
235
230
207
194
120
112
94
92
82
60
56
56
30
20
9
9
11
9
389
49
242
216
205
172
158
100
106
89
82
68
64
64
28
14
12
14
10
10
9
10
8
58
56
52
293
186
165
135
131
82
79
67
38
38
30
19
24
16
15
12
9
9
9
63
62
57
58
51
255
217
191
171
171
136
133
109
108
44
49
44
23
23
20
8
7
8
64
59
227
211
147
104
81
76
71
42
28
29
31
25
25
19
19
14
13
6
12
13
371
255
250
168
159
153
142
126
114
104
84
84
79
50
40
30
27
23
18
9
8
8
7
73
281
235
191
183
178
131
90
89
89
84
59
59
51
53
38
45
35
27
25
14
8
77
69
275
187
175
116
64
60
60
39
39
40
39
42
35
29
27
27
24
19
10
8
88
82
206
201
190
148
148
134
119
93
67
57
44
43
39
35
33
14
11
9
11
6
382
82
196
153
117
108
42
39
42
39
38
28
27
19
12
11
6
10
6
6
6
94
305
284
206
151
106
105
83
72
57
55
44
36
34
30
32
32
9
9
9
9
6
7
8
97
285
266
236
210
214
181
169
115
114
114
89
62
54
49
47
43
38
38
38
30
24
26
23
14
107
105
109
96
228
215
167
129
114
79
82
64
65
60
53
53
42
29
32
27
27
19
12
6
7
423
113
108
103
217
125
122
120
95
84
74
74
64
63
48
47
39
36
31
24
20
18
9
7
109
218
191
190
120
90
79
73
69
64
67
53
48
40
38
35
27
25
20
23
6
374
494
381
610
264
230
178
159
154
80
77
59
46
31
28
28
21
19
19
21
13
15
418
303
288
241
114
89
85
63
50
51
41
35
33
24
26
27
24
21
9
8
7
128
128
123
179
168
154
146
141
144
114
66
54
52
43
40
38
28
31
13
11
265
210
169
93
84
84
85
60
62
46
45
48
36
34
30
15
13
13
17
7
7
7
138
138
281
247
246
154
151
112
79
75
64
62
62
54
54
44
42
37
28
24
18
12
141
247
240
211
118
121
105
103
92
83
79
80
73
68
53
47
44
40
27
33
23
11
17
148
233
160
110
104
103
98
88
84
76
78
71
74
64
55
49
45
34
38
34
27
26
152
336
321
257
144
137
115
114
104
94
94
86
57
48
50
32
17
18
19
8
442
377
250
138
120
114
113
98
98
99
94
83
70
72
64
68
43
40
32
22
7
6
6
286
287
285
268
230
215
149
129
112
102
91
87
75
64
61
53
42
30
32
27
22
14
12
434
161
176
153
148
134
117
117
108
93
92
85
69
61
51
41
33
17
13
10
7
6
7
418
172
291
155
153
114
112
108
97
95
89
77
70
64
53
39
37
21
18
12
8
11
9
183
172
290
236
140
129
126
128
106
90
90
68
58
42
29
23
26
15
16
10
10
6
356
201
201
111
109
101
99
93
80
62
40
32
32
32
31
27
25
22
20
20
21
18
13
402
143
144
139
138
138
119
116
112
103
85
81
54
37
36
36
34
33
26
25
23
24
195
121
124
106
103
102
96
91
86
73
43
32
24
25
10
9
8
14
7
7
527
189
238
154
139
135
126
122
111
91
91
84
83
78
53
49
49
45
46
43
39
17
9
9
9
255
219
215
159
144
133
119
109
112
113
104
103
96
89
69
60
48
38
35
31
13
6
324
239
118
115
111
105
94
91
75
81
75
75
59
54
46
45
43
43
29
12
12
11
8
6
527
472
209
230
185
163
140
137
125
125
117
99
99
103
72
74
55
17
16
15
15
11
11
402
177
175
170
141
140
138
130
122
113
100
67
64
49
50
49
50
38
35
38
24
22
20
10
179
162
131
133
126
126
113
103
72
71
59
60
58
40
37
31
20
21
20
22
16
6
9
203
208
190
189
169
164
145
125
79
76
72
40
39
31
10
14
17
10
21
17
6
10
6
6
6
324
310
294
212
207
201
193
185
183
164
84
85
81
68
65
54
52
50
45
46
33
18
11
9
8
188
187
178
151
111
89
86
79
73
53
49
52
52
52
40
37
33
20
18
15
13
9
8
6
6
184
176
180
146
126
78
77
64
55
57
47
47
46
29
20
18
18
9
8
11
251
428
7
10
10
9
9
191
160
163
133
100
100
87
87
93
84
83
66
60
43
21
17
16
371
266
227
179
139
136
127
112
104
91
89
81
87
61
50
25
26
26
18
18
9
6
9
7
261
488
482
343
271
19
150
71
62
62
55
56
49
44
36
38
31
31
26
23
12
6
9
322
299
27
26
27
22
190
173
146
137
112
111
91
62
61
61
45
34
28
16
7
7
9
32
245
165
154
129
103
103
100
83
38
36
36
16
14
14
14
14
12
6
290
292
34
35
32
241
146
121
84
84
76
76
54
38
38
29
26
27
21
19
13
10
10
8
39
40
264
228
200
190
190
143
143
126
125
99
92
76
59
43
44
46
47
29
26
22
24
17
372
322
268
249
242
175
168
165
148
121
114
96
97
85
85
82
81
77
81
52
34
27
26
23
23
284
357
50
256
212
174
120
90
85
86
77
54
54
41
36
32
26
25
19
16
16
315
228
203
197
191
172
144
140
140
131
128
105
102
103
69
68
59
47
41
37
36
17
15
8
432
367
365
231
210
140
137
135
130
116
110
102
109
78
75
71
35
25
30
31
19
16
10
309
413
62
260
132
102
55
49
49
45
43
29
26
21
10
10
7
9
10
9
343
248
227
217
182
143
112
111
110
107
81
62
49
48
30
31
19
26
23
19
14
6
242
238
178
161
162
152
144
127
122
93
83
82
60
61
57
55
46
36
30
23
14
7
10
208
166
153
117
98
86
74
74
67
62
58
59
61
35
33
24
16
19
19
16
15
8
364
185
160
158
140
137
125
124
120
120
114
94
70
68
69
63
42
44
46
42
30
16
17
17
9
323
321
420
391
285
252
218
173
160
149
139
126
65
54
54
49
45
43
27
25
25
15
10
556
433
89
92
172
161
102
102
85
81
78
79
79
77
62
51
43
39
43
34
30
18
8
10
256
250
239
223
207
202
170
143
108
84
77
63
45
35
31
35
32
35
28
15
14
323
283
223
191
146
136
128
125
112
109
96
90
94
80
75
64
56
43
44
40
12
347
260
226
151
141
130
124
113
104
96
92
45
43
38
38
22
14
14
16
11
8
8
9
8
7
479
265
238
176
171
163
139
119
119
104
99
94
90
77
79
54
24
21
26
15
14
7
436
208
111
104
106
101
91
79
77
69
56
59
57
59
52
36
33
22
22
8
17
375
237
180
141
107
100
91
48
55
26
13
14
13
11
10
9
9
9
12
8
368
124
236
213
210
171
170
162
142
119
116
114
109
74
50
32
28
26
16
16
296
246
239
190
176
151
128
121
113
111
98
47
36
23
20
19
21
22
14
10
140
294
291
260
227
132
124
124
84
79
68
55
21
20
20
23
20
10
16
10
144
318
256
224
186
171
153
131
116
121
109
100
81
61
51
55
29
25
25
25
18
12
428
149
262
212
190
187
186
156
132
110
111
106
91
80
59
48
46
26
30
26
20
9
11
7
259
240
204
187
158
160
131
122
91
90
81
71
68
55
57
41
29
26
31
25
14
6
259
212
197
181
131
109
116
93
89
73
64
70
72
52
44
47
39
40
36
36
19
19
268
255
196
151
143
144
141
141
131
118
104
100
71
75
62
53
48
35
26
20
21
17
587
322
309
291
259
194
183
176
162
136
114
93
95
67
58
48
50
39
18
20
11
10
6
7
9
258
227
198
206
189
159
136
76
62
51
32
32
23
14
22
15
17
19
7
11
6
180
279
161
155
154
125
117
101
99
93
82
82
67
59
60
41
28
20
13
11
11
11
185
254
225
203
179
149
155
147
144
124
117
117
97
61
55
44
46
42
35
35
20
15
11
8
311
265
196
196
147
150
135
137
133
99
92
66
63
55
60
41
38
38
40
30
21
299
254
244
211
198
187
180
179
161
152
107
92
65
51
46
35
27
32
17
10
9
295
273
191
187
157
132
113
110
107
102
90
73
61
54
50
40
32
31
8
14
11
6
409
369
361
292
259
240
160
118
115
88
81
69
37
37
43
43
35
35
33
20
16
19
14
207
235
224
184
181
181
149
126
125
97
93
83
67
61
58
45
42
41
12
12
13
7
413
199
125
114
94
85
77
80
65
32
32
27
19
16
11
13
13
7
9
9
7
7
381
357
181
179
165
155
140
140
117
103
99
90
88
81
76
73
61
20
12
9
9
12
225
266
236
203
200
164
164
149
113
105
99
90
95
73
75
57
54
35
26
22
24
14
484
455
273
241
150
145
118
117
106
90
75
66
61
61
61
45
38
26
22
16
10
10
10
554
390
363
337
180
169
150
137
127
132
121
100
97
94
82
37
27
27
26
20
18
11
296
224
222
196
177
179
168
150
141
129
127
104
105
99
99
90
87
76
34
32
31
22
9
465
321
263
249
223
145
137
115
99
93
92
77
61
34
34
28
30
30
31
20
17
10
13
247
290
214
185
142
120
115
98
96
86
85
81
71
69
49
43
39
15
15
15
567
275
192
190
131
121
117
103
94
86
66
51
49
44
46
40
40
21
20
19
18
14
6
245
249
164
170
153
119
121
94
95
91
62
35
27
29
24
21
24
23
21
8
10
427
344
251
243
200
150
132
126
121
106
109
71
76
67
64
63
48
48
40
31
37
37
24
16
322
317
310
306
299
227
198
156
156
102
97
72
66
63
62
62
64
49
50
32
8
8
622
239
210
203
162
135
119
112
92
84
79
76
73
69
69
60
52
57
42
39
26
20
14
13
9
322
251
204
205
196
178
168
150
140
124
117
111
97
94
79
74
36
18
20
10
563
471
292
243
224
220
215
161
145
94
97
83
79
60
50
51
52
35
29
13
14
15
8
12
12
259
254
240
199
178
146
144
122
92
79
77
79
70
55
52
35
30
20
18
17
12
8
8
12
10
433
252
240
194
187
173
157
156
146
141
125
104
78
75
67
60
33
25
26
18
18
10
8
346
264
259
249
183
150
125
115
98
94
85
75
56
55
38
38
28
28
28
15
9
6
389
360
325
260
205
190
156
148
138
109
99
99
72
60
45
44
34
35
33
23
534
301
255
169
160
132
112
113
102
93
90
50
48
48
42
41
40
33
31
16
8
312
353
228
194
185
176
177
169
155
147
141
118
110
114
109
87
82
80
78
70
63
43
28
22
18
353
306
203
160
134
122
121
118
117
112
71
75
60
47
47
38
35
30
23
24
22
18
230
198
195
198
198
190
155
141
123
114
114
90
97
76
70
63
53
49
32
28
30
19
9
9
265
200
131
128
119
112
93
85
53
53
36
35
24
26
14
15
23
12
14
7
6
7
512
279
250
247
251
216
192
185
149
139
130
126
126
86
83
75
72
67
39
28
19
14
8
11
7
334
316
259
240
179
171
155
139
134
131
120
113
101
103
105
88
69
61
51
42
46
33
34
27
298
294
290
259
195
195
143
131
106
100
96
100
83
85
73
52
38
38
30
32
18
328
299
263
237
139
111
93
90
78
57
63
48
38
34
34
34
24
26
10
10
11
10
10
6
548
526
265
226
205
196
201
150
153
147
144
106
105
95
91
78
62
58
53
39
30
16
418
257
210
198
191
172
163
158
154
149
102
87
56
45
44
43
35
31
28
20
20
6
6
468
293
260
206
196
166
156
140
126
116
95
89
71
49
43
25
33
25
26
22
6
6
563
436
270
236
217
187
166
118
98
107
94
86
77
76
66
56
54
26
21
11
9
482
386
382
323
262
182
178
179
163
149
98
98
79
60
55
35
32
28
32
9
11
10
328
319
237
193
184
172
152
144
131
118
101
86
90
83
73
57
55
26
13
19
9
9
9
10
10
533
363
357
340
326
255
215
187
182
151
145
127
78
56
26
26
19
20
20
15
15
9
6
427
381
217
197
184
162
129
128
97
101
86
74
62
54
51
33
25
30
24
16
13
12
9
9
243
226
167
166
143
124
100
98
80
78
66
56
56
44
44
39
22
13
14
8
8
402
384
332
309
260
231
230
185
180
180
174
164
150
150
115
104
102
46
46
36
36
31
29
602
443
317
168
160
156
144
133
118
110
89
92
74
67
46
46
38
36
36
33
30
24
24
24
540
320
257
176
106
110
83
81
51
46
49
46
33
33
17
18
24
10
10
7
7
7
277
230
229
207
204
180
180
141
134
137
120
100
102
83
75
62
44
45
40
28
19
19
8
303
257
235
170
153
148
115
122
113
97
92
67
80
50
51
48
46
46
40
20
17
387
348
350
317
258
245
194
132
127
120
119
119
78
68
54
56
48
44
17
18
17
16
13
537
414
335
262
242
219
215
214
195
173
170
157
152
143
134
133
108
71
45
34
29
32
370
344
292
279
240
190
196
148
148
117
91
93
67
70
71
64
35
28
29
24
8
10
10
305
267
212
205
185
174
160
143
124
127
117
112
108
62
53
56
53
40
32
19
19
19
8
10
296
293
293
239
209
196
147
138
106
80
73
64
58
40
42
25
36
21
18
20
19
8
15
428
386
282
255
205
200
197
201
153
93
91
86
76
76
64
63
29
27
27
22
10
20
7
532
243
224
111
114
84
77
77
77
74
74
55
59
62
48
46
49
40
30
32
32
28
25
512
373
336
333
333
245
200
200
150
144
93
91
59
40
42
51
46
37
38
35
23
27
426
313
305
257
112
111
95
81
72
62
51
42
38
24
24
15
15
14
9
9
573
274
261
259
236
197
188
188
170
169
157
153
147
99
89
61
49
47
41
35
24
29
19
16
495
355
336
273
244
226
170
160
98
103
94
95
80
75
81
72
57
52
41
33
29
30
22
17
247
204
187
164
93
80
80
82
71
59
56
53
53
50
33
37
39
22
21
24
265
257
220
205
184
158
153
119
120
111
104
101
85
80
71
76
58
60
58
42
35
33
24
8
350
337
333
279
279
232
228
228
221
211
151
133
122
97
92
82
69
37
31
27
21
12
582
475
295
218
198
170
142
130
123
72
65
63
49
53
43
37
19
32
17
6
6
12
8
471
248
239
211
210
147
143
131
130
130
122
115
104
97
81
89
77
75
46
30
19
13
6
10
290
266
260
242
180
165
168
158
146
146
127
124
115
91
88
84
77
57
43
49
24
23
18
8
312
11
8
11
9
197
187
183
159
144
122
121
109
98
83
60
52
46
40
31
6
17
274
218
175
128
120
115
95
88
71
63
61
52
52
46
52
51
27
32
23
18
10
597
483
371
20
21
285
205
203
163
151
149
147
138
135
125
99
90
68
57
23
16
14
491
384
234
209
201
120
111
101
87
87
77
73
56
57
43
43
42
28
21
15
7
6
424
391
385
29
30
26
293
238
190
163
76
78
72
58
49
52
36
24
20
24
18
12
467
402
385
326
35
33
283
244
237
219
203
112
111
100
103
66
39
38
31
21
21
22
8
7
6
301
263
263
216
187
168
150
142
112
78
77
59
58
59
62
57
49
34
9
13
6
9
465
377
45
213
192
174
161
145
125
131
87
58
56
39
41
35
14
7
7
7
510
460
370
341
50
273
273
231
206
206
179
157
136
110
100
92
81
81
56
32
32
8
8
397
237
210
160
150
144
127
113
96
91
75
66
51
51
49
49
41
27
25
24
13
10
8
7
332
56
325
211
191
179
136
131
108
80
81
50
40
38
17
18
18
18
12
6
6
6
357
63
304
283
268
193
175
140
142
138
137
121
86
87
83
71
71
69
38
31
25
11
470
364
359
68
71
71
195
189
147
116
88
92
92
73
64
60
36
28
23
16
11
16
15
352
355
77
191
185
146
121
114
93
97
95
69
71
66
65
41
27
21
16
9
10
6
437
395
366
79
266
203
137
126
126
127
102
91
84
76
49
46
26
21
23
10
85
86
160
126
103
103
102
102
92
91
81
80
67
67
67
51
44
38
36
31
26
14
14
441
405
90
310
137
127
107
86
80
84
67
56
56
28
19
19
10
7
15
340
327
263
239
223
158
141
115
83
68
61
61
49
49
26
24
30
22
15
15
8
418
394
282
229
204
197
163
96
73
76
66
59
52
53
44
29
17
20
26
13
12
6
103
103
350
319
278
235
159
163
81
91
81
80
67
46
47
41
36
32
33
32
17
6
6
425
337
312
306
238
214
138
116
114
103
68
68
68
63
53
48
53
27
30
11
9
6
593
292
275
265
250
235
212
185
164
110
111
111
109
106
101
91
81
56
42
44
29
6
10
273
186
140
126
110
113
102
106
96
86
79
63
49
47
47
47
36
29
19
11
14
8
9
663
462
330
266
182
153
157
145
143
129
133
128
98
94
87
91
78
78
54
47
32
26
15
19
131
205
193
189
158
133
125
120
116
99
88
57
51
46
31
24
29
17
20
7
6
9
131
323
210
208
183
152
138
129
101
80
69
30
26
30
15
23
22
14
8
8
8
370
213
200
200
166
175
156
136
134
109
112
91
93
84
69
67
52
52
49
31
21
17
433
301
274
237
224
200
191
195
135
138
111
103
98
72
67
35
27
27
30
27
24
19
9
7
453
247
227
192
185
161
146
140
123
79
83
63
49
49
45
24
29
23
8
12
8
8
6
6
939
271
209
192
172
158
150
108
100
93
69
63
37
28
24
19
11
7
9
383
309
198
178
132
122
126
118
91
80
73
59
65
54
36
36
17
8
8
11
6
7
349
280
251
241
171
138
131
94
92
85
79
64
43
28
19
23
18
19
19
19
8
9
646
168
372
330
301
275
224
226
183
176
129
101
93
84
51
44
31
27
24
14
13
7
171
171
121
118
110
102
81
78
74
69
55
43
39
35
31
29
28
27
19
12
12
10
13
243
197
176
146
109
100
96
89
90
75
58
53
50
42
37
36
38
38
32
34
18
15
373
175
143
138
129
114
117
112
98
69
70
59
64
49
43
25
22
22
20
11
20
12
9
339
257
244
221
159
159
160
136
135
117
117
110
85
70
38
37
38
33
37
14
14
13
403
313
284
149
148
124
94
98
100
91
85
77
71
56
53
43
48
42
33
16
15
18
9
6
8
344
270
217
194
135
118
113
110
113
99
90
99
58
58
56
54
43
35
32
204
269
236
219
151
149
134
132
119
95
86
93
84
71
79
76
73
61
49
30
26
19
13
531
386
283
281
243
192
181
126
124
76
83
71
74
68
66
53
55
45
35
30
31
29
10
19
399
323
197
161
156
114
109
98
93
94
73
66
55
48
43
46
29
27
7
320
269
182
189
149
119
88
71
71
55
52
43
44
40
39
40
19
19
23
16
10
9
436
345
244
232
221
194
186
154
128
121
93
60
45
46
36
37
17
11
7
6
6
6
230
306
305
216
169
157
155
124
106
103
86
66
70
68
42
32
20
24
11
9
9
235
217
180
162
152
155
131
116
114
93
92
92
88
85
78
59
68
68
56
25
12
236
230
230
143
143
119
104
94
66
61
64
63
57
58
49
42
42
25
19
6
8
6
235
198
188
146
105
99
89
80
85
71
64
64
57
47
35
31
32
18
9
9
9
9
7
516
357
7
6
6
212
182
151
106
85
56
49
40
27
29
31
15
12
12
12
14
310
11
13
10
8
6
9
251
241
201
98
81
68
75
65
44
36
38
33
21
20
17
17
753
499
357
17
6
6
236
177
140
134
133
110
107
103
82
74
66
49
45
37
41
26
34
651
472
23
22
236
241
219
186
147
125
122
100
89
85
63
31
30
33
29
30
30
27
28
550
312
26
22
10
232
224
108
105
62
55
51
43
35
34
32
8
8
7
6
6
389
351
323
26
18
14
271
241
203
136
115
105
89
67
70
62
39
37
37
39
11
9
7
361
38
33
35
23
138
136
101
92
88
82
78
61
67
56
49
45
42
14
14
14
6
805
305
302
45
46
37
40
31
29
184
109
118
97
85
79
74
51
49
46
21
15
15
6
10
451
300
51
48
46
45
39
39
261
210
193
183
171
158
163
147
133
79
76
69
52
19
12
46
48
44
43
196
186
115
105
113
94
81
62
60
64
60
56
17
8
6
6
591
302
45
209
141
143
138
135
127
123
95
81
81
66
64
65
65
62
33
33
28
20
7
6
477
45
234
232
232
212
219
169
140
125
80
82
84
74
70
69
39
33
36
16
18
8
583
341
316
68
63
54
192
178
100
89
90
79
75
75
48
48
30
32
13
13
6
346
70
70
62
224
205
194
168
143
135
94
95
80
48
28
13
8
9
11
11
9
8
6
76
80
207
183
181
163
164
155
155
143
140
109
106
85
56
46
46
41
31
23
19
18
6
82
76
71
311
308
232
224
203
162
160
106
106
59
59
54
51
38
28
26
22
8
10
91
82
80
289
265
196
173
156
153
129
119
117
109
95
94
94
94
58
45
41
33
26
10
11
495
90
74
84
287
195
167
162
160
157
102
100
69
63
60
36
32
32
26
12
19
14
7
371
100
97
89
267
219
206
198
194
167
159
139
102
104
73
65
55
51
38
25
12
7
7
500
97
181
168
149
132
126
121
122
78
65
68
57
41
13
16
9
12
10
9
9
8
392
107
308
201
173
139
115
111
84
78
80
65
65
53
53
54
46
43
37
39
33
9
101
313
216
157
136
122
120
120
117
119
81
72
48
42
41
40
40
34
34
23
8
7
115
242
224
184
89
82
71
71
69
63
53
45
24
19
15
11
12
13
12
6
8
8
8
8
407
378
113
110
292
209
130
90
88
68
43
45
48
34
34
33
25
16
10
11
14
9
9
126
126
226
144
138
90
86
66
68
55
48
39
40
31
23
14
7
11
10
378
129
115
239
231
197
164
141
109
83
78
68
63
60
43
46
39
26
11
10
10
10
138
136
131
119
326
243
240
224
223
158
144
118
103
91
74
74
76
48
53
51
39
36
24
16
16
747
252
254
236
176
149
111
96
86
84
74
72
64
53
40
38
36
40
29
29
29
27
141
142
281
246
189
166
154
124
117
118
107
105
86
86
65
59
58
57
37
34
39
17
9
14
484
135
324
294
276
196
160
124
110
98
86
64
62
50
55
48
46
47
34
19
13
14
886
152
380
300
279
204
192
181
138
122
115
93
87
66
61
59
51
44
29
9
9
7
9
14
284
184
174
170
131
104
80
72
73
60
52
53
41
44
38
22
10
10
10
10
10
6
7
7
165
330
322
200
197
187
144
130
106
103
97
95
81
54
38
35
32
23
11
10
6
638
474
431
171
250
234
141
137
104
100
96
96
70
59
62
51
47
40
35
35
22
15
12
469
439
176
342
294
214
200
154
131
123
101
95
80
75
64
55
51
46
25
20
20
20
18
12
544
176
171
354
151
147
122
106
106
93
90
89
73
68
59
50
47
44
45
25
25
25
21
15
316
308
215
195
158
151
142
141
136
133
97
97
85
72
65
57
35
43
30
14
16
15
9
179
289
208
198
150
131
122
112
114
110
79
81
79
70
66
51
40
35
24
19
9
10
8
7
426
412
341
206
143
117
112
91
93
84
68
61
61
41
41
36
37
37
20
24
6
200
190
359
255
224
176
73
69
63
66
50
49
49
43
42
41
28
24
19
8
9
13
8
200
310
240
184
141
136
136
118
111
98
75
78
64
50
46
35
33
35
39
29
23
10
205
369
293
188
188
167
158
132
136
119
122
115
92
60
49
34
29
15
8
7
216
177
163
129
132
129
112
111
80
56
45
48
33
25
30
27
27
19
23
13
10
9
9
217
275
273
229
198
185
161
151
145
132
102
101
74
46
45
25
28
15
14
9
8
14
7
7
199
198
181
169
141
130
129
123
121
114
118
99
88
75
70
49
49
19
18
12
13
7
7
275
254
239
162
141
141
142
130
78
75
57
60
54
48
40
43
43
35
21
19
23
518
470
415
407
180
140
127
124
96
94
43
53
43
30
30
23
23
19
17
16
17
8
8
9
608
305
308
246
178
136
136
99
85
83
82
81
67
69
64
58
53
37
29
21
15
7
246
436
311
193
162
164
119
120
87
75
63
69
63
50
43
43
51
43
23
21
18
7
294
260
187
158
99
95
97
93
90
79
39
34
29
34
11
11
15
9
9
8
7
6
702
289
206
178
175
136
136
114
125
100
79
73
67
63
61
63
52
43
20
17
16
20
12
285
232
172
149
105
102
88
75
58
57
58
49
48
42
42
25
21
18
8
7
7
291
115
108
108
106
95
75
71
39
24
19
22
10
10
10
10
10
9
7
9
7
7
259
369
294
8
8
9
6
6
198
120
101
94
68
58
58
43
32
27
26
20
15
266
288
13
13
9
184
163
114
92
86
83
69
69
66
62
59
53
48
49
33
32
19
14
355
17
16
11
16
11
7
7
7
164
129
104
75
78
69
69
64
56
41
41
39
24
287
406
19
21
19
16
237
198
160
127
127
109
88
91
83
79
72
42
39
32
29
466
26
28
21
12
12
194
170
144
133
88
80
72
65
66
46
35
30
30
29
8
7
10
413
31
32
31
31
234
176
176
146
145
108
101
89
74
71
40
43
38
38
38
12
10
13
7
401
307
37
31
24
23
22
212
146
124
109
89
89
88
79
78
59
50
45
42
42
10
43
36
214
123
124
110
113
89
87
84
87
81
50
49
44
49
26
15
15
10
10
46
39
37
242
223
207
175
170
143
128
109
108
118
97
60
53
24
20
21
10
10
14
10
6
1409
451
330
50
47
46
46
293
250
246
215
219
185
160
139
119
111
103
97
72
65
57
14
10
329
51
55
48
209
181
166
155
118
110
112
108
99
88
86
77
68
65
64
37
35
29
20
61
63
58
113
69
67
39
42
35
35
30
21
21
18
20
10
16
8
7
6
9
61
57
57
228
148
119
115
111
109
106
98
97
91
86
85
75
75
41
36
28
25
14
10
71
62
209
185
183
100
111
96
95
89
80
79
79
74
52
43
35
34
20
20
20
17
16
68
205
170
148
128
121
107
83
83
60
61
50
40
35
30
30
20
20
9
9
10
9
454
444
293
293
251
188
63
55
57
50
46
42
44
30
31
26
18
8
10
239
162
164
141
131
111
92
65
50
50
55
42
45
46
34
30
30
28
22
20
20
22
15
7
89
309
244
149
133
117
112
100
76
65
56
36
35
27
26
25
22
17
14
15
11
8
8
8
98
96
96
91
87
84
240
209
158
149
126
76
75
71
65
51
51
40
40
36
37
40
18
12
409
103
211
210
170
109
75
50
49
45
40
45
34
30
30
30
32
26
13
9
9
9
265
199
158
158
157
122
70
71
53
50
39
39
27
31
31
27
26
11
10
16
10
9
396
113
108
109
103
273
212
173
143
120
122
90
91
75
72
71
57
44
39
32
28
26
118
117
111
276
223
171
168
147
80
50
52
45
45
37
37
21
18
19
12
10
12
10
8
111
112
107
322
167
142
105
102
95
85
85
69
62
57
52
54
33
17
17
10
10
10
10
401
117
100
94
81
68
69
62
49
43
27
30
22
20
17
10
9
7
8
265
183
160
105
85
82
64
60
60
43
43
26
27
15
19
15
13
12
7
6
6
6
197
157
109
104
100
73
67
61
57
48
40
25
20
19
20
24
20
17
17
14
12
14
17
11
139
136
318
305
218
189
186
170
115
95
78
83
75
69
70
70
74
62
58
46
37
18
9
141
135
137
194
192
154
118
110
90
79
79
69
53
41
42
35
37
35
27
27
28
24
21
8
315
282
223
228
177
172
157
110
111
101
88
74
73
35
39
35
32
32
32
17
8
8
13
9
8
257
216
214
198
164
142
141
134
130
111
110
111
93
89
79
73
61
38
32
32
24
30
13
9
147
292
238
180
167
120
116
111
84
81
71
63
55
62
50
55
35
29
9
8
12
6
152
225
197
189
188
175
147
112
110
110
110
89
91
62
58
53
18
22
13
17
11
13
6
444
171
157
157
157
339
276
247
219
211
147
121
104
104
94
81
67
67
65
52
52
36
28
19
162
353
310
110
86
72
66
59
62
57
52
52
51
26
24
23
25
12
16
6
357
253
210
131
126
125
129
125
117
112
104
98
84
65
62
62
57
46
29
29
22
18
13
6
184
239
209
189
149
110
100
103
82
72
73
70
46
43
42
33
23
22
7
10
7
7
509
261
237
203
150
139
116
82
72
67
69
72
57
54
62
59
47
48
19
21
14
7
10
256
153
139
106
92
92
88
71
71
71
55
41
36
20
21
18
21
12
10
6
10
6
6
170
150
122
124
126
113
122
105
96
73
64
73
76
74
54
41
40
38
35
37
31
26
20
17
21
257
252
231
143
137
117
109
89
82
63
51
38
27
31
28
27
28
25
15
19
9
6
9
9
220
155
94
95
87
87
51
41
43
43
33
28
30
20
24
17
15
10
14
9
14
218
304
237
219
198
190
181
138
136
110
91
69
69
68
60
46
52
38
35
32
26
25
12
6
441
274
267
230
196
171
117
105
99
77
69
67
63
61
58
42
40
38
35
27
26
27
28
371
298
186
163
168
149
122
115
110
110
92
89
76
66
58
58
52
42
39
32
33
19
9
234
237
211
190
164
125
112
81
71
78
71
68
67
53
47
38
38
37
21
18
20
10
221
205
147
141
127
123
117
112
80
73
70
53
43
40
43
42
26
26
25
21
23
9
14
190
174
169
132
117
95
90
81
81
78
81
46
39
44
44
42
31
24
7
17
7
182
142
140
127
108
82
68
68
62
60
50
49
46
42
35
33
32
32
20
14
12
17
441
272
140
132
117
87
72
65
60
58
57
54
54
48
24
10
11
6
6
257
220
200
159
137
107
78
62
62
59
45
43
43
35
42
29
16
13
14
14
7
10
10
10
251
205
176
145
142
143
101
82
80
78
75
66
64
62
54
38
27
27
24
21
21
24
7
15
7
380
251
215
189
164
160
126
106
74
64
57
55
32
32
28
26
24
19
19
7
10
9
262
207
153
152
131
118
123
108
101
78
67
60
57
31
29
26
21
25
8
17
7
6
7
7
277
276
333
322
236
209
180
152
123
116
112
100
97
90
81
79
66
33
20
22
22
11
11
10
185
165
162
118
120
104
88
86
81
37
35
31
31
17
9
15
12
14
6
6
6
446
181
180
163
126
123
126
86
75
72
73
64
68
44
43
44
40
40
23
23
22
20
22
6
8
252
239
232
216
182
136
121
116
111
105
97
84
84
80
54
49
42
41
42
19
25
16
7
6
198
177
171
146
144
142
126
110
106
89
83
62
54
40
32
30
19
21
11
14
6
6
251
245
200
182
149
141
131
123
115
114
87
86
75
72
70
55
58
59
55
43
37
11
8
10
280
202
202
202
182
163
154
143
143
108
105
80
64
52
34
24
25
20
19
16
12
247
213
195
167
160
151
123
98
73
69
69
60
56
57
47
47
36
41
41
26
21
20
6
308
249
219
199
137
135
117
119
108
105
70
66
52
51
51
51
50
35
35
26
16
12
12
12
12
510
212
211
202
168
158
147
110
106
84
81
79
65
56
51
36
31
30
24
21
19
17
222
183
176
166
162
117
89
72
80
68
57
51
51
45
36
26
12
10
14
10
12
256
251
218
117
91
89
95
91
88
85
68
66
65
56
49
43
43
41
29
16
15
15
10
10
6
345
299
265
193
188
176
146
114
112
80
62
59
49
55
52
48
36
31
20
9
13
10
422
173
66
66
54
59
60
51
54
51
45
20
23
23
22
22
12
10
12
6
6
222
186
144
132
125
111
98
81
72
59
56
50
37
38
32
27
27
27
17
16
8
10
6
376
233
223
179
160
94
63
60
55
51
52
48
46
35
35
35
24
28
28
20
20
9
285
193
163
138
126
132
122
117
95
81
74
51
43
37
30
25
26
27
19
7
8
7
7
7
250
170
165
124
119
111
91
86
84
80
80
76
71
61
53
45
45
38
32
24
21
13
9
