123
25
19
9
6
10
7
7
8
7
7
6
6
6
31
31
81
45
48
40
67
52
55
30
30
26
17
15
20
14
12
13
8
7
11
9
9
9
8
9
36
30
54
66
54
54
35
35
31
22
19
25
23
17
13
14
39
43
78
51
56
56
71
10
7
9
8
8
116
128
24
21
21
19
18
47
53
54
79
12
9
8
12
8
8
6
118
41
35
29
23
24
24
24
49
52
51
49
67
55
72
14
11
19
19
19
14
8
6
6
50
46
40
31
28
29
28
54
70
61
64
58
86
80
19
15
11
16
9
9
15
9
9
37
34
61
79
14
21
9
9
14
9
9
9
9
7
8
7
7
7
7
7
8
37
39
38
28
25
23
25
24
14
19
19
19
17
14
12
13
10
6
7
7
6
6
65
126
32
37
37
32
34
25
26
31
28
31
30
24
19
24
22
13
18
17
17
17
9
68
49
49
49
100
37
44
33
29
24
24
11
15
14
12
14
6
6
6
6
6
200
71
71
44
41
40
40
34
29
27
22
27
27
28
22
21
17
19
17
15
14
10
10
10
11
62
90
54
41
33
8
7
7
6
7
7
7
8
8
8
24
12
11
10
10
39
37
13
10
13
13
7
9
6
7
7
8
9
7
7
7
26
19
20
16
20
15
14
113
7
6
57
61
50
44
42
36
18
17
12
12
12
10
29
28
25
25
26
25
21
20
19
8
9
10
6
67
49
22
21
23
22
21
15
17
15
17
17
36
41
25
24
91
14
13
14
16
8
9
8
8
11
59
51
46
25
22
22
24
22
45
42
36
34
35
105
105
19
16
13
7
6
6
13
13
8
13
13
59
59
52
57
56
33
27
27
27
40
35
89
129
25
24
21
11
18
14
10
8
9
10
10
84
37
32
33
30
55
49
94
30
29
26
20
24
12
12
10
15
15
10
10
10
8
15
7
81
70
69
68
67
42
42
50
36
35
34
25
20
7
12
9
8
8
9
9
8
9
9
8
9
6
6
73
72
48
40
41
33
24
23
18
25
18
26
12
12
14
13
17
14
8
12
72
52
52
47
66
69
58
60
44
43
50
50
42
35
30
30
25
25
18
17
19
19
19
19
16
10
17
50
54
69
65
60
48
50
51
43
44
31
31
35
25
22
10
10
8
15
10
7
7
7
7
7
7
92
62
79
29
13
12
12
15
8
8
8
8
9
10
8
8
8
7
8
8
8
7
8
8
84
46
33
33
20
18
13
13
10
9
8
13
13
7
13
13
12
6
7
7
7
7
6
72
70
55
39
25
22
18
18
17
18
17
10
7
7
9
9
7
6
6
6
9
104
77
94
95
56
64
63
38
23
23
27
23
18
19
20
23
20
10
8
8
114
101
6
7
6
7
224
63
65
48
40
44
29
29
27
19
22
19
22
12
11
10
9
12
47
33
37
34
30
27
25
25
18
18
18
107
100
15
14
14
13
17
15
12
8
13
7
70
53
33
29
32
24
25
25
23
106
19
20
16
11
17
12
12
9
9
11
8
9
7
6
8
68
62
44
28
27
24
25
25
15
17
15
20
23
9
13
13
9
10
9
6
7
55
67
41
35
33
32
33
30
29
29
24
19
21
14
14
18
15
6
11
11
86
50
53
41
38
33
24
9
9
14
9
14
13
9
13
6
9
7
8
9
9
8
8
65
62
58
39
40
30
24
24
24
24
28
24
14
19
17
16
11
7
6
12
9
7
14
13
11
67
64
51
44
43
34
22
24
26
26
23
11
11
18
18
18
6
8
8
10
9
8
9
10
62
54
51
51
49
44
39
41
38
34
34
34
24
24
24
17
23
24
21
7
6
46
47
44
43
37
32
29
26
9
9
8
8
10
8
8
8
18
17
18
17
10
10
17
6
6
83
78
65
59
44
45
41
41
34
36
30
34
34
34
13
22
17
26
16
15
7
9
6
83
84
74
58
49
53
39
11
10
9
9
9
14
9
6
9
9
11
7
7
15
125
69
62
61
58
16
12
14
16
12
16
16
12
8
10
9
10
9
6
9
9
7
9
8
28
19
19
14
8
9
7
9
9
9
9
6
6
9
8
15
6
6
6
6
6
6
6
6
6
8
10
10
6
10
10
6
6
10
10
6
8
26
24
29
14
15
16
11
11
11
11
11
9
15
7
7
13
9
7
8
7
7
6
6
6
10
18
19
16
16
16
15
12
7
6
6
6
8
6
6
6
8
7
8
8
6
6
6
6
6
8
7
7
6
8
21
15
13
13
11
10
10
11
8
6
10
6
9
6
10
10
6
10
6
10
10
30
19
9
9
9
10
10
9
10
14
6
6
6
6
6
9
7
7
6
6
8
8
7
31
21
21
21
14
20
15
15
18
11
9
9
11
9
8
8
6
7
7
7
6
8
9
38
21
22
20
18
19
14
16
14
14
18
10
9
9
11
13
12
11
12
13
6
7
26
19
19
23
21
17
14
17
17
17
17
16
10
10
6
10
6
6
6
6
6
14
10
23
22
23
10
10
11
11
10
10
10
10
10
10
10
10
10
7
7
10
7
41
34
34
34
30
31
27
15
15
20
9
9
9
8
9
9
8
11
7
7
15
9
32
27
13
10
20
13
10
10
10
10
9
8
7
6
7
7
7
7
7
7
7
7
7
8
38
34
24
22
11
10
9
10
12
8
6
7
7
6
6
6
7
7
6
6
20
14
13
11
12
12
8
7
6
10
9
9
9
9
10
8
8
7
6
47
22
17
12
11
15
15
16
7
6
10
9
7
10
6
9
6
6
9
10
6
46
25
27
18
21
20
17
9
10
9
9
7
6
8
7
7
7
6
6
7
9
7
7
38
39
30
30
27
27
27
22
26
26
24
17
14
21
19
21
21
17
7
8
14
7
37
37
30
19
19
20
8
17
12
12
11
10
7
8
8
7
7
8
7
6
7
6
39
37
35
25
24
24
16
13
13
15
13
12
12
11
12
12
10
8
6
6
6
6
9
52
39
27
18
9
9
9
9
9
9
9
9
8
9
9
9
9
8
8
6
9
6
6
6
6
50
27
34
22
21
23
21
22
15
16
16
16
14
14
16
14
14
14
14
14
13
13
10
7
7
6
6
7
9
10
10
7
7
7
7
6
6
10
28
27
27
19
19
16
16
16
11
11
14
6
7
9
6
9
37
32
33
33
33
32
28
23
23
24
24
22
65
15
21
15
10
10
14
11
14
10
9
38
29
29
28
26
23
7
7
6
9
7
8
79
25
22
22
21
15
14
16
19
17
16
15
39
36
33
31
26
31
7
12
12
12
12
14
74
26
26
30
22
19
20
25
20
24
46
46
41
43
43
10
17
15
18
13
17
13
9
6
7
27
74
64
52
52
44
36
20
8
8
6
7
6
8
7
6
6
6
7
8
12
7
6
32
34
30
62
49
27
29
12
13
13
15
11
13
13
9
9
8
6
9
7
7
11
6
44
63
56
46
24
24
8
12
10
10
15
10
8
6
8
7
7
8
7
7
6
7
46
44
65
56
51
30
30
21
21
26
23
17
16
15
13
15
10
13
13
12
12
8
51
63
43
38
32
18
18
17
9
14
10
7
10
10
9
10
10
9
13
15
9
10
9
10
57
54
39
31
33
30
25
21
23
23
22
22
22
21
12
12
10
14
14
7
7
6
7
6
6
45
30
28
27
27
12
23
9
8
10
10
10
12
10
10
9
10
9
7
7
108
59
32
33
32
19
18
13
15
9
9
8
13
8
8
12
10
8
8
6
8
8
74
46
37
29
18
20
18
14
14
13
15
10
10
10
10
10
11
6
7
7
8
9
42
42
34
32
25
18
19
15
16
15
15
15
8
13
12
8
12
8
8
8
8
6
8
8
52
51
28
13
13
10
8
8
8
8
10
8
10
9
9
9
9
8
6
7
6
6
35
30
28
28
25
25
25
22
24
18
15
18
17
17
18
18
14
14
13
11
10
6
6
42
35
23
24
23
22
18
17
13
13
8
11
8
12
8
12
8
11
13
10
10
8
8
44
42
35
28
23
23
23
23
22
22
21
23
18
13
17
13
13
16
15
9
9
9
8
9
75
59
52
37
30
32
28
26
18
14
18
10
10
10
10
10
10
10
7
7
7
55
37
37
38
33
28
25
18
18
15
15
15
17
15
12
10
10
10
9
14
7
6
77
70
62
62
50
50
40
38
37
34
33
33
32
24
20
20
22
20
20
17
8
12
6
9
8
7
9
8
8
6
62
55
29
33
25
22
22
17
16
17
17
11
15
14
10
9
106
86
63
60
50
34
34
32
32
27
27
29
18
18
17
17
16
19
20
7
15
7
12
7
6
69
68
65
68
65
65
65
46
43
39
41
39
36
32
32
23
15
12
19
6
10
10
70
70
64
63
63
62
55
48
48
44
44
42
40
37
37
31
30
28
21
14
7
8
10
83
79
74
65
64
64
53
42
37
40
37
31
37
32
29
30
21
20
20
19
14
123
83
77
72
73
65
65
66
58
54
50
50
41
38
38
39
36
27
23
16
14
10
16
19
9
7
6
9
78
75
75
78
74
70
66
57
45
43
32
29
31
29
32
16
19
25
25
8
14
11
8
93
64
64
60
60
57
59
52
49
48
37
37
37
33
30
34
33
21
21
30
16
19
6
6
103
95
88
79
83
77
69
56
42
33
26
30
18
24
24
11
9
9
8
6
8
7
8
8
93
90
88
87
70
70
58
58
57
59
56
54
40
40
13
16
13
7
7
9
13
11
13
7
10
7
105
63
52
50
38
41
29
34
34
19
18
15
18
9
9
9
8
12
8
100
98
100
92
91
76
62
59
40
23
23
33
33
17
23
23
11
13
11
10
10
7
6
8
120
108
87
75
74
60
56
61
40
28
17
10
14
13
12
12
14
13
9
9
113
109
107
85
78
78
70
63
57
43
22
19
17
17
17
18
9
14
8
8
8
6
6
97
80
72
60
48
51
39
38
38
38
25
21
23
22
21
11
6
11
11
11
108
104
103
99
91
87
77
59
56
53
28
18
25
12
10
16
16
13
9
9
7
7
9
9
7
7
7
104
103
90
82
66
58
61
51
45
39
39
39
23
23
22
28
21
22
14
14
14
10
133
102
63
53
61
62
48
47
44
23
23
23
19
19
17
14
16
9
9
9
155
149
133
106
6
6
6
6
6
6
6
6
6
7
6
55
41
33
31
25
25
9
9
9
14
10
9
8
140
11
11
11
11
6
93
83
67
72
65
49
44
27
29
29
22
27
27
23
26
14
147
136
117
9
9
9
9
11
8
8
9
6
9
102
78
79
65
67
43
43
32
24
24
19
170
118
122
15
14
15
14
14
10
13
12
10
9
14
109
61
48
37
40
24
29
132
6
8
8
6
26
26
26
24
24
19
21
19
21
15
74
76
61
62
62
64
51
45
47
30
138
11
11
30
29
24
26
23
20
24
110
74
74
77
66
58
49
42
43
39
39
168
136
10
10
9
8
8
36
30
30
31
28
122
89
97
72
63
69
61
54
54
41
150
21
12
10
7
41
34
29
34
32
34
33
118
79
68
60
57
59
56
53
53
49
49
20
29
28
29
28
17
6
34
108
95
97
64
64
60
52
48
25
34
25
24
29
19
9
10
9
6
40
43
44
147
89
90
70
67
65
65
65
67
180
29
37
24
27
15
11
11
16
8
7
7
6
56
51
49
140
99
83
81
67
66
71
60
64
64
169
24
32
16
16
19
12
10
8
8
54
56
96
88
71
77
35
27
24
22
19
18
17
17
14
9
6
11
8
7
9
13
61
57
129
118
109
103
84
48
42
34
32
26
29
23
25
22
19
17
14
13
18
9
9
7
71
71
69
67
166
136
126
123
96
89
87
87
56
37
31
34
28
17
22
14
12
7
76
69
65
69
161
153
144
129
92
62
44
36
39
29
33
25
26
19
9
8
6
7
82
76
167
91
83
248
60
38
38
33
28
29
30
29
20
13
13
11
11
7
7
79
139
132
129
119
113
104
63
52
54
50
49
41
38
33
25
19
29
16
8
15
16
84
187
173
143
137
125
216
74
78
62
54
54
41
29
17
22
10
21
9
89
118
104
72
61
59
45
39
28
39
26
25
26
25
12
8
8
8
7
6
6
8
128
113
104
79
79
74
62
64
60
33
41
43
32
27
17
13
13
19
13
10
9
9
99
183
139
109
91
69
47
39
32
36
24
22
22
18
24
15
15
9
9
9
11
6
114
78
84
63
58
60
59
32
23
20
20
13
12
15
10
11
10
9
9
9
7
7
7
7
6
109
73
75
68
46
38
32
25
19
19
16
14
11
11
12
12
11
11
10
11
9
110
158
100
78
77
59
53
51
50
39
30
24
20
21
21
20
16
14
15
6
7
6
7
126
134
6
7
6
89
72
59
44
38
42
36
38
35
34
27
23
22
19
9
10
9
10
8
6
6
10
6
6
110
97
94
61
43
41
32
28
29
27
24
18
19
25
13
16
219
198
9
8
11
9
9
110
86
45
40
37
37
34
33
34
36
32
32
28
29
24
23
29
18
166
246
20
16
9
9
10
9
9
106
86
59
53
48
44
39
38
37
30
35
23
24
173
25
25
21
19
18
21
21
21
8
14
13
14
14
14
114
87
55
54
54
42
42
31
29
7
31
26
26
29
24
17
12
16
20
19
63
60
63
61
52
45
43
42
38
42
33
6
6
8
7
189
30
24
126
74
73
68
65
64
53
53
52
52
41
39
9
13
10
9
9
8
7
8
236
36
40
33
32
73
79
70
68
62
43
44
14
16
14
7
7
6
6
7
7
8
187
184
41
42
41
39
39
32
129
114
88
82
75
22
22
23
18
17
14
11
13
9
48
39
110
104
83
87
80
79
64
57
25
28
28
24
19
24
17
17
12
14
12
9
9
213
53
76
71
71
69
59
58
27
28
29
22
22
19
19
15
19
14
6
14
8
8
14
6
199
53
56
56
49
49
49
93
79
78
69
74
64
39
34
34
30
28
27
24
19
20
9
201
288
54
89
81
82
71
46
47
39
39
32
29
29
29
29
26
16
12
8
8
6
189
182
64
63
56
102
85
82
76
75
46
48
39
37
37
34
29
21
24
14
7
8
114
99
93
88
81
53
49
53
42
42
43
39
36
28
26
22
16
18
18
7
6
6
219
76
155
142
85
56
54
49
54
44
42
42
44
39
39
27
29
25
22
18
11
9
8
79
81
115
100
98
63
52
49
45
41
37
36
32
28
25
19
17
16
15
9
7
12
9
86
79
109
109
104
65
64
64
54
34
32
30
34
33
26
28
25
22
19
9
8
7
252
91
91
84
80
125
66
57
51
46
42
42
42
30
34
34
26
26
12
6
6
14
96
100
117
77
65
61
62
51
47
47
43
36
39
28
19
19
17
19
17
14
9
8
106
99
94
129
134
79
72
69
56
52
48
44
44
44
36
33
36
27
31
22
23
23
7
134
84
78
57
54
51
48
48
38
41
41
38
32
27
18
10
7
6
6
6
7
7
10
10
7
129
118
93
62
62
62
58
53
54
35
32
17
17
12
10
10
10
6
10
116
102
109
7
7
7
87
85
84
67
67
63
63
63
63
59
52
44
46
37
32
12
12
119
156
140
131
6
87
89
72
68
68
53
53
53
52
28
33
28
27
22
22
20
20
20
20
276
214
134
7
6
9
6
103
104
77
79
73
61
58
56
49
27
19
19
17
25
25
23
19
11
20
9
9
6
6
6
6
6
6
6
6
109
109
80
61
53
45
32
31
6
6
169
12
11
102
91
79
51
50
46
49
42
48
40
40
11
11
10
11
6
7
8
6
163
21
25
17
16
16
16
105
67
69
65
64
41
38
34
15
14
16
16
12
11
12
6
6
146
202
181
24
24
22
22
21
21
92
95
90
78
68
41
21
17
17
13
13
11
10
7
151
206
31
26
26
26
26
121
117
111
108
102
65
59
55
50
26
21
22
14
14
14
13
156
36
32
32
31
32
31
133
99
92
77
50
55
31
27
8
19
18
10
18
10
8
6
241
37
37
36
37
133
103
83
82
60
57
31
32
32
32
25
25
26
25
10
8
167
42
41
41
144
102
108
78
39
41
37
37
37
20
13
13
13
16
10
12
7
6
329
225
51
46
46
123
77
42
34
33
25
32
17
14
17
15
17
11
8
6
6
51
108
99
97
88
83
80
71
51
46
41
38
37
26
22
15
16
15
11
12
6
8
181
181
194
60
64
57
59
91
56
51
53
46
34
27
31
28
21
9
9
13
6
9
8
69
72
64
61
61
143
119
121
109
98
84
50
48
47
32
32
26
23
22
16
13
66
117
66
66
37
37
35
37
31
30
31
27
26
25
26
25
23
22
9
6
7
71
71
115
114
110
95
69
39
35
37
32
25
19
24
9
12
12
14
6
9
8
8
6
6
164
115
105
92
72
51
49
51
47
38
35
35
31
28
25
14
11
7
10
8
7
11
81
161
161
125
118
105
79
77
69
64
52
52
49
46
41
37
38
25
19
16
19
16
15
204
93
86
86
79
74
75
58
57
49
42
43
34
38
29
39
27
27
8
6
8
7
221
99
94
112
109
115
88
78
69
66
62
56
51
48
44
44
29
15
13
13
6
6
6
102
165
154
127
96
93
74
68
71
56
51
49
48
39
34
34
28
27
22
18
12
7
11
117
189
161
94
95
89
80
66
63
61
61
44
36
39
27
27
22
23
23
15
12
10
182
175
174
101
95
85
84
77
72
66
65
54
49
44
43
35
33
30
26
24
28
21
8
14
6
259
114
98
83
83
82
73
70
49
49
49
49
33
37
37
26
22
8
9
176
164
110
109
85
81
65
59
51
54
43
48
47
38
42
28
25
14
14
7
7
13
137
121
151
121
95
86
82
78
74
65
59
56
47
47
45
43
36
41
34
36
23
30
18
17
6
142
183
158
124
124
115
97
92
85
86
86
82
67
64
56
48
48
40
17
8
8
8
7
7
278
264
207
191
179
177
164
91
85
88
79
69
69
69
54
53
46
28
22
14
20
7
9
7
148
136
216
196
135
107
102
85
74
71
63
70
61
51
39
36
33
27
22
18
17
14
10
6
153
142
177
170
159
114
97
94
76
76
62
56
56
31
19
11
11
10
11
9
8
8
162
117
117
106
97
70
68
61
61
44
44
57
43
31
28
27
9
9
10
10
151
149
147
122
106
107
89
88
73
41
33
25
20
21
17
14
14
8
8
8
8
209
181
135
125
127
127
115
105
104
91
80
74
78
56
38
26
26
24
13
14
12
11
13
8
161
161
221
194
159
157
126
127
127
96
83
76
46
46
43
28
28
28
20
18
16
11
8
7
167
166
241
166
161
131
92
90
81
68
64
51
44
34
29
18
13
18
10
10
8
180
224
111
106
93
91
82
74
67
68
54
40
41
39
34
34
28
27
22
22
15
15
10
258
213
172
145
132
133
113
98
77
62
58
58
52
54
46
49
34
32
25
22
14
8
10
9
181
234
176
136
103
96
92
83
63
60
57
51
47
50
44
38
38
31
26
25
26
10
176
174
161
152
139
124
121
108
108
99
71
68
68
56
52
52
49
45
48
45
30
31
191
273
211
167
129
132
129
106
81
59
60
58
55
43
35
36
35
36
29
35
18
7
7
7
184
165
161
137
111
96
81
66
70
66
54
40
41
35
40
22
16
12
19
16
12
345
172
136
116
92
71
64
55
46
45
45
28
21
21
21
17
10
10
12
6
331
223
137
88
75
75
68
58
53
58
50
46
30
38
30
23
29
15
11
11
12
10
6
7
6
126
124
110
102
108
81
77
63
59
55
55
43
27
20
24
16
16
11
9
6
157
142
135
125
97
94
72
68
67
55
54
60
43
42
36
34
29
21
21
20
20
17
17
14
192
181
174
162
149
121
107
103
90
80
73
74
70
48
45
37
29
28
6
231
226
137
124
132
83
83
73
71
67
36
35
33
17
25
12
16
9
6
14
237
206
184
174
157
105
98
93
88
76
76
71
69
51
47
39
38
34
35
30
29
10
283
171
170
158
147
118
104
92
88
60
52
60
41
37
37
32
34
16
15
11
11
6
10
242
288
202
143
123
107
99
103
95
91
80
57
52
47
41
37
21
12
12
7
10
266
234
206
190
157
127
103
98
84
84
70
83
58
55
59
51
49
33
29
35
21
21
10
10
229
222
207
185
185
175
137
136
128
120
108
104
99
94
71
47
26
21
20
15
21
15
15
7
134
125
104
99
100
72
65
61
56
57
54
54
54
41
35
31
27
26
29
25
25
12
277
158
127
130
124
118
112
66
63
59
46
31
34
34
28
22
9
10
10
9
8
359
241
192
135
132
133
120
111
100
82
72
69
43
32
30
35
30
15
14
13
12
10
7
268
231
209
184
162
128
116
116
103
87
80
76
77
78
57
50
46
50
46
41
24
22
18
16
187
166
158
147
150
139
114
79
74
60
67
51
49
32
32
25
25
21
23
15
12
12
8
192
190
155
133
138
130
119
111
88
76
80
79
71
70
56
51
54
52
50
45
28
17
8
7
8
265
183
130
68
61
61
57
50
55
42
50
37
27
27
22
8
8
8
7
10
10
10
12
9
174
160
139
135
130
121
102
96
94
91
92
77
74
73
60
44
40
30
27
22
18
10
8
167
144
136
116
105
107
100
94
75
66
45
41
32
23
34
32
18
20
9
13
7
9
7
9
8
184
125
101
76
71
70
70
50
45
42
39
36
37
37
16
18
13
14
9
7
189
162
156
114
116
114
91
81
79
70
27
20
25
23
18
10
12
9
10
10
7
7
6
265
233
120
116
110
99
96
100
80
55
40
33
32
35
22
15
15
15
9
10
7
9
7
9
253
185
122
115
114
91
86
86
82
72
72
64
66
65
56
50
22
16
17
12
7
10
8
7
190
141
130
127
90
80
69
71
67
65
60
55
34
33
34
26
25
25
25
17
7
312
134
126
109
100
95
79
74
53
62
38
31
29
25
25
27
25
26
22
23
22
24
10
6
408
357
221
157
140
145
122
119
109
87
90
84
48
48
48
37
36
35
28
14
14
261
146
111
111
111
68
54
55
49
40
40
42
40
37
32
34
32
28
13
7
6
219
171
146
119
105
102
97
90
88
63
58
60
52
45
45
41
42
15
21
10
8
10
325
228
220
162
149
137
97
91
82
69
50
49
50
47
47
45
43
42
31
27
30
15
9
289
220
220
189
175
117
120
73
73
71
65
55
52
41
37
34
36
18
18
14
14
11
11
14
321
287
203
167
139
136
123
96
68
67
60
60
60
58
47
33
36
23
23
19
16
14
7
7
349
206
161
136
126
130
110
107
101
75
65
69
62
62
59
48
43
21
17
16
12
12
337
288
222
218
175
166
162
135
130
116
104
73
65
51
60
20
12
10
15
13
272
253
175
169
161
123
122
120
97
94
85
78
71
67
56
59
49
56
51
40
38
22
12
10
6
233
220
221
213
149
125
124
88
82
72
61
51
53
53
40
34
32
27
15
17
16
207
207
150
129
109
111
100
98
94
85
82
77
50
45
48
44
38
32
30
30
7
8
6
8
292
276
161
155
142
131
115
109
108
91
83
71
71
63
62
70
53
50
35
34
15
9
11
258
211
130
116
102
89
83
59
58
48
44
35
32
20
8
11
7
6
6
13
7
7
362
334
243
200
186
169
145
109
100
100
97
89
56
47
31
28
38
31
38
21
12
6
7
335
268
245
209
171
176
149
139
113
105
105
82
58
61
40
26
26
17
21
13
11
15
11
9
346
292
269
207
197
118
119
103
102
103
92
100
63
33
20
20
13
16
13
6
324
324
302
294
251
210
186
128
121
115
109
104
104
78
80
62
50
37
40
26
16
11
191
139
133
126
120
115
109
68
58
41
45
36
33
28
27
30
18
18
20
8
8
11
7
380
303
265
253
187
155
135
134
104
56
56
47
43
37
31
23
26
13
21
7
246
222
145
143
139
130
111
92
93
84
61
52
49
48
47
36
27
22
26
17
10
9
9
8
237
237
201
202
132
111
100
98
76
35
31
26
29
29
31
16
10
10
8
7
10
14
7
7
241
170
155
140
130
76
77
65
59
39
28
25
22
27
22
19
7
9
9
7
7
7
367
363
250
165
126
108
98
88
72
72
57
38
41
26
33
28
32
20
15
12
12
9
7
194
191
158
142
135
106
104
71
62
62
60
46
43
38
22
18
22
15
17
10
8
8
511
191
159
148
114
91
78
65
65
52
48
37
30
34
22
22
22
18
21
18
16
13
10
303
225
220
205
168
160
159
156
104
107
97
96
72
66
48
24
19
18
12
12
7
252
165
157
106
61
61
69
65
60
59
53
44
44
35
28
28
25
10
8
10
8
7
282
202
164
159
135
112
80
67
58
44
49
37
37
37
33
32
28
32
32
32
20
9
357
188
190
184
138
121
100
100
87
93
83
82
82
69
35
33
33
33
27
15
8
8
188
186
174
172
144
142
105
94
71
61
55
45
38
42
35
36
20
17
9
8
9
8
6
6
396
185
178
145
126
122
108
108
95
79
58
48
50
47
37
22
16
17
11
11
284
149
142
127
89
81
77
62
57
57
52
50
46
42
37
36
28
18
15
15
6
280
197
189
137
127
132
91
83
67
63
59
62
56
50
50
35
23
11
11
8
10
8
8
8
273
172
132
111
110
96
91
88
81
77
65
67
67
47
47
17
28
17
25
26
8
11
212
213
186
154
117
115
111
93
80
84
73
72
63
57
55
57
38
38
33
33
15
7
150
77
77
78
77
72
67
53
47
39
33
34
20
20
20
12
11
10
14
12
12
9
9
9
171
138
125
116
111
94
78
62
52
18
10
10
10
8
8
8
8
8
8
361
219
220
160
120
116
113
108
95
87
81
75
78
75
63
30
33
22
22
22
14
6
135
131
132
110
93
79
76
64
64
54
48
26
26
18
18
18
18
10
8
9
6
6
6
264
243
153
100
92
75
69
59
56
40
25
15
15
13
20
10
10
7
7
7
156
146
114
80
71
52
43
45
45
35
36
42
41
28
32
26
22
15
15
15
14
8
9
9
12
272
220
165
146
136
118
90
96
50
34
33
33
21
17
18
14
13
11
10
11
7
10
9
9
9
114
112
84
90
77
74
73
45
27
26
22
22
19
16
14
14
14
14
10
12
8
7
146
90
67
58
51
51
46
42
43
36
36
30
27
24
23
25
21
14
16
13
10
10
10
8
321
263
236
180
159
128
65
68
48
48
33
25
26
25
23
20
21
15
15
8
7
8
8
260
142
124
110
103
99
89
53
53
37
28
25
25
27
17
12
18
19
7
9
11
399
190
132
127
120
90
87
60
55
58
51
48
45
34
34
30
29
25
25
25
18
10
9
10
396
186
149
109
107
108
71
72
71
74
63
63
47
47
47
44
44
41
39
39
39
37
35
13
8
503
175
142
137
95
85
85
77
69
61
55
55
55
52
54
52
48
45
46
42
35
20
20
7
350
280
169
161
147
145
143
70
73
62
53
56
53
49
44
40
27
29
24
25
25
9
13
266
148
65
45
47
45
37
36
26
10
14
11
18
9
6
9
10
6
6
6
6
311
177
152
145
136
83
83
80
78
70
64
63
61
60
52
43
47
43
42
31
15
14
9
337
120
102
91
88
81
75
72
74
66
66
57
58
50
50
40
39
26
29
18
18
20
7
204
188
167
138
117
93
81
65
60
53
47
49
45
41
25
21
19
7
7
8
7
351
142
79
79
76
75
74
70
70
68
68
57
49
50
41
37
31
16
15
10
9
10
10
323
253
226
168
149
136
120
95
100
90
87
84
81
74
75
72
60
54
55
31
22
31
21
19
15
105
92
86
80
80
72
46
36
37
36
34
27
26
25
22
26
19
20
20
20
6
6
6
507
336
285
169
155
137
116
112
100
97
94
82
79
73
78
65
70
53
43
25
13
24
11
322
171
146
131
102
104
96
95
94
70
75
74
67
55
50
49
37
37
45
32
19
21
12
16
7
396
236
142
124
101
92
74
75
61
49
40
35
24
21
21
15
18
16
9
9
6
6
10
6
223
202
197
180
148
112
106
104
100
95
95
87
87
80
73
58
57
46
40
26
19
9
9
7
237
228
165
150
135
132
133
118
112
111
105
100
87
83
80
63
51
47
44
37
31
26
15
8
8
416
210
147
110
105
97
93
90
66
52
50
50
52
50
32
29
30
30
19
19
14
14
8
356
180
162
73
62
71
60
57
43
41
35
37
27
26
18
16
8
8
10
10
10
9
7
222
143
132
124
124
107
91
59
49
46
46
46
29
8
9
9
9
8
6
6
6
8
154
143
127
110
104
96
100
82
84
81
65
57
51
44
47
46
44
33
34
29
21
13
7
382
244
160
157
146
108
99
76
67
56
56
49
53
42
41
39
34
24
24
25
19
19
18
8
280
243
172
140
135
134
119
82
67
61
54
56
46
38
39
31
36
30
30
24
21
19
10
204
196
173
162
155
119
92
68
53
44
44
41
35
26
24
16
15
21
22
13
7
240
181
174
160
158
159
150
140
75
71
67
64
59
54
49
49
47
38
31
29
33
15
11
9
155
129
106
108
96
83
79
76
76
61
60
47
45
45
39
38
29
29
17
17
9
9
14
203
183
180
165
163
161
161
142
114
95
84
76
66
64
59
48
41
34
35
37
10
19
7
8
188
175
172
163
158
148
148
120
109
106
86
70
60
58
57
55
54
55
47
34
32
25
26
10
6
186
149
112
116
93
71
69
54
54
54
57
45
41
44
35
34
26
14
14
7
10
6
6
510
178
178
132
115
110
107
98
96
81
74
79
73
63
37
43
16
22
12
15
15
9
6
9
155
134
133
121
121
115
101
79
79
70
68
64
42
48
29
40
26
26
17
8
9
9
6
201
192
185
184
180
178
136
122
106
91
89
89
84
75
69
46
26
22
25
25
16
13
10
9
198
142
111
100
100
78
74
58
40
51
50
19
20
18
16
16
17
16
15
8
13
8
388
347
210
195
192
172
148
150
120
104
101
93
83
83
78
76
73
70
69
39
35
31
25
13
326
83
81
81
75
74
68
65
51
46
37
41
31
28
25
18
6
6
8
10
6
237
210
146
119
104
103
89
88
66
59
42
33
27
20
19
19
11
10
11
9
8
8
7
8
8
246
230
220
170
131
128
128
114
106
100
99
91
58
51
51
46
38
38
38
25
16
14
13
7
397
240
128
107
90
85
75
60
56
52
55
51
47
43
43
44
43
30
21
20
19
16
213
154
119
116
108
104
101
80
61
61
56
57
46
27
26
24
26
23
23
15
15
13
15
330
280
267
200
125
106
79
74
66
66
65
40
39
22
21
21
18
19
20
11
9
6
166
134
129
121
94
97
60
58
58
45
45
36
36
35
34
34
27
23
23
23
14
12
7
242
181
176
134
119
110
107
105
63
61
57
50
41
37
35
30
28
22
20
10
6
254
237
220
181
161
161
127
101
77
66
65
65
65
61
46
46
46
27
24
25
21
24
314
238
144
133
84
77
73
51
51
49
48
38
38
38
30
34
31
11
8
6
8
263
229
174
162
147
146
121
118
91
86
54
43
43
20
19
17
19
17
6
10
8
7
6
280
265
266
255
253
248
179
165
160
154
137
130
92
83
61
48
49
40
39
30
37
7
412
255
200
164
141
134
128
97
56
53
54
44
44
45
44
34
35
26
27
21
21
11
15
282
220
201
163
148
139
133
105
96
96
90
90
64
62
59
50
48
46
47
34
31
29
26
6
250
211
174
168
145
132
120
108
92
76
73
67
63
59
40
43
38
33
19
10
212
196
156
155
103
100
103
90
77
71
59
52
45
44
41
41
36
36
27
34
33
25
15
15
9
570
259
235
167
117
111
109
86
82
77
73
70
46
31
20
20
13
6
6
6
6
195
163
128
122
121
121
115
89
75
69
67
55
55
60
55
51
46
45
37
32
35
26
7
11
227
227
224
200
180
154
127
115
114
108
94
85
86
74
74
74
67
56
40
40
17
11
16
7
231
227
191
153
142
121
113
110
80
80
61
64
62
60
61
46
46
35
30
9
10
7
310
200
190
159
140
135
131
130
106
103
98
95
95
93
85
85
77
64
63
44
40
29
14
19
242
214
200
195
184
131
128
87
89
75
75
68
58
56
40
19
15
14
9
10
6
543
309
306
284
236
185
138
133
125
92
79
79
73
73
24
22
19
8
8
11
8
6
6
268
210
192
188
158
143
145
143
120
117
113
110
101
101
85
65
58
43
23
25
27
25
16
13
270
245
226
128
115
105
90
86
86
81
77
71
60
62
47
50
49
37
37
34
30
29
24
12
262
260
166
161
128
128
107
95
95
76
76
65
47
34
37
35
17
16
15
6
312
318
305
187
156
133
116
114
98
98
94
91
94
82
89
38
31
31
38
17
10
10
9
9
10
286
259
216
199
176
175
139
132
101
99
101
92
75
35
36
35
31
17
10
376
258
239
210
168
144
136
130
129
107
85
84
84
82
76
41
23
20
30
21
14
12
11
10
8
190
9
9
7
160
151
149
147
144
141
140
138
123
122
110
108
85
41
28
10
9
9
325
265
234
220
194
191
8
11
7
160
154
117
115
90
90
84
76
51
52
51
42
20
15
363
334
294
19
12
186
181
161
123
121
106
95
83
74
68
65
59
51
27
25
347
266
233
207
201
18
8
196
162
155
155
145
144
128
125
112
101
89
86
86
76
69
61
39
35
344
261
249
210
18
18
18
18
13
152
149
142
135
131
130
126
110
105
91
70
45
10
7
304
29
17
155
155
154
140
119
108
96
96
85
72
74
68
70
51
51
50
35
37
34
11
9
316
22
157
141
141
126
103
91
83
83
73
70
48
41
17
16
14
7
9
337
44
44
42
44
44
41
35
36
27
28
205
175
147
141
130
107
94
82
81
85
72
67
55
458
31
216
184
184
181
170
153
149
126
110
93
91
75
65
55
51
23
15
20
13
15
247
235
54
47
196
196
194
174
156
146
117
111
109
100
94
88
70
70
34
30
30
21
11
293
278
265
198
179
161
158
144
140
135
135
121
95
90
85
70
74
68
34
25
23
22
16
441
423
321
241
46
225
204
161
140
138
119
94
92
92
81
74
68
45
39
41
28
25
19
20
7
64
58
55
233
194
190
175
166
168
115
107
113
103
102
92
49
49
44
39
39
32
18
403
308
300
251
242
236
228
212
213
210
194
194
150
150
108
105
83
54
49
32
37
26
416
322
275
68
62
217
208
204
183
155
113
95
82
60
60
56
17
20
25
11
6
7
466
297
67
66
68
246
221
160
124
117
94
94
94
88
64
58
54
54
37
33
12
435
322
78
78
78
78
71
191
186
183
178
152
140
99
97
91
69
49
45
35
35
15
14
9
429
92
239
215
214
210
207
170
155
151
144
110
100
98
97
74
64
49
42
10
14
7
8
563
445
409
334
316
233
219
219
201
201
177
157
133
134
105
105
65
63
62
47
45
19
15
268
244
215
208
201
197
190
151
143
108
108
77
80
56
53
53
52
50
8
380
366
106
241
241
229
202
190
171
168
154
141
132
119
109
84
76
55
58
58
36
23
12
370
342
109
96
97
256
243
230
171
148
130
123
120
95
70
64
46
46
29
34
25
8
456
392
354
259
240
225
181
156
119
96
91
89
82
75
57
57
62
31
23
7
14
6
7
470
402
115
300
281
266
266
185
152
139
127
91
73
59
65
52
44
40
30
19
12
15
11
129
119
119
113
112
267
197
184
174
159
145
140
106
99
64
63
40
40
35
15
17
7
134
134
134
124
309
299
229
197
196
171
135
111
110
105
86
87
62
47
40
25
22
10
125
217
201
178
177
176
160
148
149
120
113
115
89
74
43
43
27
15
12
8
8
498
379
137
133
304
273
265
208
220
194
189
189
160
153
150
150
116
110
104
93
64
39
22
22
406
386
384
353
262
249
181
166
159
152
129
108
101
106
98
74
77
38
37
23
24
6
152
146
326
296
286
254
187
188
161
160
111
118
110
95
87
43
43
48
17
9
7
10
722
502
400
142
280
270
221
208
203
203
207
168
139
105
86
75
65
70
47
47
32
26
19
14
10
306
264
266
235
196
167
136
136
120
112
105
80
88
66
70
41
38
19
21
15
151
219
192
179
175
169
135
133
123
104
88
57
55
56
47
43
41
38
26
22
17
17
7
163
167
346
276
239
233
146
120
120
101
65
60
50
44
37
33
32
20
25
19
10
9
573
442
168
163
285
281
280
189
156
157
159
115
99
93
63
55
44
38
30
10
14
177
284
221
194
190
193
165
150
150
141
140
130
83
72
60
46
41
38
36
35
16
16
9
9
477
310
199
163
166
146
152
137
116
113
96
98
95
71
69
60
48
27
27
20
6
11
12
444
189
180
350
345
314
244
228
221
158
143
122
121
106
100
72
71
54
51
45
39
19
439
183
305
286
205
178
175
145
134
93
87
86
79
70
56
50
29
30
24
26
25
10
22
547
345
291
267
210
184
176
168
160
160
160
136
119
100
98
90
90
92
89
50
39
39
29
199
198
340
232
166
173
173
128
129
123
113
97
91
81
78
69
69
69
62
60
10
19
12
475
278
231
189
155
95
86
74
66
65
65
59
45
41
41
39
14
18
10
8
8
8
416
328
258
191
168
160
160
83
90
67
70
60
44
38
22
10
10
9
9
10
9
8
221
324
326
268
263
257
234
178
173
138
112
93
77
77
70
65
43
34
22
22
13
363
350
325
322
279
210
141
125
135
124
124
102
88
64
65
48
27
20
20
10
7
7
7
444
179
161
154
148
138
125
112
107
102
94
90
86
72
72
59
43
14
15
15
12
7
458
239
270
260
215
145
109
85
64
64
66
62
50
38
30
30
28
20
20
15
6
12
531
239
234
414
289
247
205
160
142
133
132
97
87
69
55
67
53
38
33
25
17
20
12
483
378
370
270
198
155
137
113
101
95
98
99
100
74
72
69
60
40
43
22
21
11
11
6
245
240
379
360
328
288
256
257
232
235
206
142
132
131
107
105
73
65
63
65
51
27
31
17
6
513
494
355
303
281
233
163
158
146
116
116
108
101
104
95
84
72
65
16
16
8
6
431
341
301
286
221
216
216
171
160
144
126
123
124
117
95
99
87
80
75
55
58
45
28
252
252
253
331
8
204
196
190
175
173
136
132
136
136
120
55
58
47
47
45
19
19
18
7
338
209
193
161
145
138
127
127
126
125
112
103
96
93
73
68
68
42
38
19
8
375
313
305
23
245
246
246
222
194
155
139
137
128
120
95
83
89
90
75
70
57
51
8
388
363
294
248
236
240
225
190
195
165
153
141
138
134
96
40
36
36
31
9
9
495
335
34
260
215
217
219
175
142
119
122
121
98
82
70
69
57
38
27
18
14
10
10
6
292
328
322
266
208
161
146
142
135
135
119
105
80
64
67
46
49
40
23
19
8
7
8
378
42
40
275
210
175
173
155
140
131
88
72
57
61
54
54
46
28
17
22
10
10
270
260
253
231
210
204
200
178
160
151
149
116
98
94
85
77
59
59
59
43
25
10
370
336
341
53
54
265
228
190
160
159
120
72
71
64
61
40
34
30
7
7
8
7
7
548
512
427
53
56
289
204
174
167
166
157
133
108
104
98
98
84
72
51
35
33
39
25
10
551
296
220
211
207
207
197
197
172
160
123
116
109
100
76
74
67
67
44
39
25
17
11
307
462
334
327
256
249
236
235
220
224
184
180
165
153
150
144
113
53
33
22
24
22
16
14
669
332
293
224
217
205
198
197
182
171
156
146
140
120
107
86
68
67
60
54
57
40
23
10
390
73
79
194
190
153
130
131
125
125
110
110
103
91
81
63
45
47
46
40
38
32
32
8
322
426
84
234
197
195
192
190
150
107
101
94
86
84
74
57
60
47
37
37
31
9
328
89
201
190
169
128
122
112
98
92
72
73
65
65
57
50
40
36
13
10
7
333
230
175
145
145
130
130
104
55
47
47
45
41
41
34
23
20
13
12
7
9
9
347
492
430
231
238
222
206
153
139
135
122
112
116
109
109
75
58
52
52
44
44
12
480
270
232
216
210
210
186
155
157
149
120
117
108
88
80
78
70
65
67
51
51
26
347
395
221
178
160
155
132
117
119
84
62
62
48
40
35
28
27
22
9
10
419
422
403
317
250
240
205
194
147
142
98
98
83
80
75
65
59
52
43
39
33
26
16
10
8
490
355
315
278
261
205
205
168
151
137
109
99
88
81
72
70
59
34
30
13
8
6
13
382
382
360
257
236
190
155
156
137
131
77
77
75
71
69
58
46
37
22
19
18
8
9
594
490
488
416
361
330
270
175
175
173
168
153
142
118
123
109
86
52
41
23
13
14
482
330
283
259
242
227
173
144
134
124
114
96
75
65
60
42
31
19
18
18
18
19
18
470
139
267
250
221
203
192
149
142
120
113
96
91
90
78
64
65
54
57
57
52
36
26
23
658
139
337
287
241
190
189
146
130
124
93
74
76
70
63
62
52
22
25
11
10
8
455
149
145
310
231
193
180
161
152
135
108
102
102
102
79
80
71
64
47
34
32
26
10
348
348
335
266
257
234
203
199
190
183
166
164
138
97
86
78
68
56
51
43
38
10
7
153
153
298
252
153
128
120
118
106
92
77
71
72
58
47
38
30
24
23
20
20
16
16
434
300
282
236
230
195
187
181
148
144
125
125
104
109
104
83
72
42
29
32
22
19
19
18
168
359
205
206
136
133
124
122
115
91
87
84
84
53
52
51
28
30
27
25
24
22
18
664
624
306
210
210
178
155
148
135
127
125
105
104
99
81
59
53
36
38
24
25
14
6
596
333
310
245
202
153
146
132
125
118
119
101
93
77
73
68
43
38
37
29
30
30
19
9
313
300
235
230
224
153
127
125
116
103
99
99
97
80
81
45
45
32
18
15
10
438
531
338
292
212
155
127
113
104
80
74
71
53
48
38
42
35
22
20
8
6
14
11
435
327
207
199
180
178
178
158
147
145
145
124
109
106
105
76
76
66
62
52
196
371
313
238
204
175
168
152
158
142
129
78
74
73
62
30
30
30
28
23
24
26
488
284
253
222
184
142
127
122
104
88
71
53
57
31
15
16
12
16
6
11
10
637
615
436
378
276
193
178
162
149
124
122
115
101
87
77
70
67
48
40
35
17
15
8
469
425
418
355
245
215
194
178
167
166
161
105
97
92
79
85
71
70
56
48
16
12
420
352
199
187
185
166
166
119
130
113
95
103
74
58
51
50
50
50
31
27
27
17
7
360
339
336
317
247
200
181
177
173
145
133
125
121
108
93
88
81
77
77
64
56
32
35
229
335
335
159
161
126
113
113
107
98
90
87
85
81
77
64
63
60
37
37
35
33
19
9
7
499
228
234
395
298
220
227
208
187
179
165
128
123
95
92
85
77
60
38
36
24
309
314
295
291
256
192
186
184
169
155
154
145
133
117
100
96
74
75
73
67
61
52
10
15
24
399
353
256
254
251
189
162
159
155
144
128
128
105
105
101
85
71
45
46
29
16
9
9
249
392
378
345
293
294
261
259
256
202
194
149
134
117
100
78
80
57
57
60
45
45
10
9
754
605
248
372
7
244
183
176
172
143
148
143
145
119
122
115
115
115
103
88
76
47
26
734
390
367
17
252
220
212
122
117
112
110
107
101
107
97
88
67
47
19
20
9
6
349
245
223
164
171
159
151
122
121
115
91
66
62
56
51
51
11
10
8
8
10
269
487
400
26
245
194
187
182
152
146
100
82
82
86
71
63
55
40
19
15
13
9
422
400
313
189
181
176
156
148
136
132
133
104
85
66
66
67
46
53
48
54
13
15
11
401
330
296
280
272
243
175
144
137
130
69
71
65
50
49
43
50
39
25
25
25
16
15
7
426
390
313
181
179
181
150
143
114
111
106
72
76
70
69
52
45
29
24
20
12
6
8
289
302
306
296
40
271
250
215
150
145
137
132
129
126
119
97
75
70
49
39
26
25
25
405
346
333
44
47
44
271
255
249
224
209
191
193
155
144
77
56
41
34
35
31
11
381
300
258
252
224
218
196
186
183
131
128
129
90
82
71
70
60
44
37
36
30
10
9
10
501
416
353
189
188
188
165
139
137
129
115
94
80
77
75
65
74
64
64
41
27
19
18
8
561
308
417
361
67
59
59
293
280
271
165
157
157
144
128
120
70
55
40
17
12
15
657
450
409
365
346
327
321
67
307
287
294
248
169
148
97
76
60
50
49
45
9
15
9
8
425
331
76
72
282
213
204
187
180
150
111
80
66
65
22
13
8
6
6
7
8
616
375
357
334
82
283
281
277
275
273
221
187
122
95
57
51
46
26
13
12
7
7
639
380
226
182
182
148
141
135
89
79
76
66
44
39
35
33
29
17
13
11
386
285
268
256
182
162
147
132
124
95
83
80
58
42
38
41
28
21
17
7
600
435
367
346
300
269
200
174
162
158
124
130
125
122
100
86
83
50
38
32
29
26
19
15
380
383
348
97
94
285
268
228
208
202
201
176
171
137
142
112
104
85
81
81
54
43
22
269
261
214
213
180
157
109
109
93
89
89
88
64
49
43
40
38
37
36
22
6
435
338
254
245
243
232
156
152
142
133
114
114
100
92
96
95
91
69
58
48
15
425
408
281
277
241
199
188
165
120
120
105
96
83
58
46
41
43
42
18
13
876
574
340
228
199
194
177
124
110
111
76
59
62
51
48
36
40
19
19
11
9
8
8
465
465
459
124
353
267
258
230
226
225
167
159
136
115
113
91
75
75
59
56
53
11
13
420
423
386
384
338
238
235
231
231
180
101
80
75
68
65
61
61
47
27
19
18
14
8
8
932
524
432
425
187
177
177
147
140
129
125
122
100
68
68
67
40
27
16
12
8
7
8
314
299
268
130
112
99
71
71
67
63
55
48
50
29
31
29
15
18
8
8
7
7
7
6
470
146
139
272
225
222
178
151
159
149
135
93
88
79
68
62
54
34
33
19
774
658
458
333
307
279
250
209
135
135
127
122
82
83
76
75
39
38
38
32
18
16
11
157
368
245
233
225
191
196
178
162
128
122
117
93
90
89
75
51
23
14
13
10
11
807
770
449
161
373
357
329
257
212
206
131
115
90
60
59
59
49
49
48
32
26
15
18
6
167
372
262
176
169
169
159
153
150
136
119
99
98
73
68
75
73
64
37
33
23
20
10
6
8
517
169
398
345
340
222
197
185
160
161
109
105
90
80
69
54
55
51
28
26
25
13
13
834
470
176
371
332
331
265
223
179
168
165
165
154
106
101
103
98
79
74
74
63
45
29
9
359
350
236
226
185
164
146
111
100
79
76
58
51
46
48
46
35
36
19
22
8
430
382
342
330
269
260
225
189
189
166
85
84
63
58
53
54
53
43
31
9
9
616
187
398
236
230
175
149
137
110
93
91
79
71
49
50
51
45
45
41
36
24
16
20
14
9
192
277
200
186
183
172
153
157
143
139
88
83
61
51
38
28
33
25
23
25
8
17
7
339
329
283
190
188
146
103
99
101
88
81
78
46
48
50
41
24
24
10
14
16
452
346
328
245
241
239
216
195
182
185
175
180
157
148
136
136
116
104
86
44
47
42
42
455
407
367
341
319
303
256
204
190
157
148
149
141
135
136
99
102
97
52
44
45
20
18
12
565
503
498
463
371
344
297
270
260
251
242
240
206
197
165
127
106
106
93
88
77
49
42
487
367
375
208
179
163
157
155
119
119
111
97
74
75
55
46
31
28
19
19
19
19
14
6
575
370
376
366
213
206
198
160
142
113
106
91
90
69
66
68
59
50
49
49
36
29
9
9
526
510
492
229
447
169
151
129
119
74
56
56
54
40
38
32
25
19
29
25
14
14
14
515
240
215
183
185
163
119
112
103
96
96
63
60
57
41
39
27
19
13
16
9
483
598
446
396
384
245
116
108
101
94
96
95
95
74
67
59
44
46
24
29
18
14
14
6
839
489
533
440
387
345
341
302
275
226
204
183
173
173
165
129
100
84
52
44
19
11
7
890
489
453
391
292
254
195
118
108
83
85
78
78
72
64
54
49
45
35
34
30
24
16
337
305
291
238
193
181
184
165
144
139
123
103
103
87
79
77
69
68
39
41
37
29
19
17
14
665
377
316
22
22
24
22
250
219
151
128
90
79
82
64
59
59
51
49
34
29
20
20
10
362
283
27
246
212
191
175
158
135
111
106
99
102
98
94
89
69
57
57
36
39
32
9
271
266
426
365
354
281
250
208
170
155
104
94
92
74
75
72
72
72
49
37
16
11
690
601
384
218
121
129
121
117
117
101
94
67
67
59
56
49
30
35
20
20
17
9
463
383
379
372
358
358
298
42
42
270
230
208
193
188
181
185
148
148
121
83
55
35
22
311
292
47
251
202
200
163
160
151
144
139
120
120
108
98
89
59
57
49
30
27
26
22
26
559
393
326
312
54
52
52
240
228
167
158
155
148
98
92
55
47
10
9
17
740
297
372
326
273
270
241
234
228
227
199
191
172
163
156
150
79
84
60
57
55
31
24
10
8
433
392
379
352
294
245
188
181
168
168
135
102
85
80
75
67
23
23
23
23
13
10
10
724
552
422
379
67
67
67
285
231
173
146
142
135
122
96
54
48
44
40
33
15
8
6
557
439
362
287
253
249
244
236
222
220
209
209
171
144
136
118
74
77
42
33
20
13
11
481
484
410
381
290
206
174
169
114
101
96
89
89
82
79
60
57
18
11
12
6
714
505
366
360
337
82
259
259
255
241
179
175
166
146
87
85
65
61
47
35
11
7
8
521
430
89
309
292
276
258
242
232
149
147
124
119
93
89
77
60
57
60
52
29
28
28
800
327
474
382
265
229
215
198
196
191
176
156
91
89
75
61
57
42
38
38
33
27
24
8
334
518
425
381
339
97
99
303
192
119
115
80
71
63
62
44
38
38
36
26
25
6
9
469
439
104
102
239
208
206
207
181
154
148
132
124
114
114
102
85
84
80
43
37
10
540
535
416
401
304
206
195
186
173
131
131
129
106
81
72
53
48
48
46
37
37
8
8
6
114
302
312
238
205
194
196
196
183
153
142
110
109
91
70
77
53
53
37
28
29
28
28
13
470
293
262
227
221
201
190
181
171
177
138
82
58
58
49
33
18
13
9
466
312
295
298
269
202
131
125
128
101
79
68
68
61
48
26
19
14
14
10
8
634
471
129
272
264
260
183
168
160
117
107
102
94
98
78
73
68
66
60
51
45
43
36
132
322
205
194
171
172
167
122
73
64
40
42
40
40
33
27
21
18
18
13
421
387
365
218
149
119
116
88
78
76
76
65
70
38
38
36
34
25
24
19
18
500
436
385
279
279
248
210
204
183
146
122
121
107
93
88
83
81
42
34
33
24
19
421
246
246
212
167
152
126
118
97
88
67
63
61
51
56
37
31
30
15
15
11
8
587
279
264
262
181
176
149
123
93
68
68
58
55
53
55
51
51
44
44
38
26
6
10
10
606
420
269
255
250
221
198
173
112
100
96
98
98
75
63
48
48
43
43
46
38
30
10
7
10
690
484
301
299
258
262
260
246
241
230
208
189
161
101
61
51
35
39
38
35
21
16
21
570
343
291
255
247
235
233
204
150
150
146
147
113
101
76
66
26
28
20
16
14
10
6
654
376
269
256
245
244
218
142
125
113
93
88
88
88
78
71
63
60
53
34
33
33
25
10
517
512
408
354
325
297
261
249
239
219
219
207
206
193
179
175
160
128
109
70
69
36
35
290
259
223
223
200
161
128
118
112
83
85
81
74
74
59
49
35
37
8
11
351
293
227
146
142
128
112
79
76
72
68
53
48
40
46
36
36
25
19
19
25
16
6
296
271
269
273
253
252
194
189
171
165
121
110
82
82
78
80
78
73
57
38
37
30
17
570
491
479
473
382
334
240
217
177
176
138
139
138
115
98
100
88
51
35
33
23
22
424
350
331
224
218
170
167
163
155
148
148
141
118
103
71
70
68
61
44
37
38
27
14
658
550
485
481
450
416
372
269
237
179
143
143
136
122
110
88
77
47
46
45
40
42
37
17
490
382
339
254
240
228
234
163
128
128
116
100
98
78
74
46
34
27
26
27
19
19
16
459
217
365
344
289
254
250
246
11
9
9
217
199
197
163
149
146
132
116
57
45
42
38
22
532
380
359
17
7
177
175
158
151
148
148
130
128
113
113
109
95
60
56
50
29
20
455
446
354
333
300
232
10
226
173
157
155
152
133
114
95
67
66
52
39
39
36
37
27
454
359
358
272
256
250
17
17
6
9
9
230
197
178
166
167
120
100
98
94
94
89
77
6
701
634
590
567
341
279
34
28
11
14
236
194
170
162
153
153
152
136
128
110
90
81
56
419
279
248
37
39
16
19
19
20
19
229
221
148
110
108
80
69
57
57
49
13
682
680
373
303
257
44
30
32
23
220
204
181
172
161
148
133
133
120
106
100
96
52
54
9
1065
429
258
231
203
198
179
170
158
137
133
120
115
114
101
67
60
64
24
26
18
11
306
291
49
208
208
200
189
182
154
123
107
110
102
79
64
31
28
23
10
13
6
6
386
372
354
274
265
266
60
261
220
204
203
173
163
135
107
90
91
89
87
81
77
74
422
319
280
62
50
49
264
254
196
196
185
166
166
157
133
94
97
93
72
69
22
9
14
9
365
304
281
50
213
197
190
197
175
132
133
125
131
95
90
77
79
40
34
39
14
19
545
356
342
69
256
249
232
211
178
136
115
116
103
99
102
95
82
36
31
6
607
525
306
64
56
57
256
247
223
223
221
198
170
168
135
105
89
52
55
41
40
24
844
367
328
324
322
311
64
257
184
184
185
154
137
112
94
97
89
48
44
35
37
7
10
534
292
293
75
69
290
271
251
220
224
204
188
189
190
165
158
153
121
111
102
62
657
334
306
302
89
238
223
205
196
182
178
137
122
116
71
63
62
50
46
40
13
8
649
248
243
208
188
184
172
151
153
146
144
132
123
104
69
61
60
52
51
32
20
18
11
748
538
379
103
306
280
199
193
191
190
190
167
152
149
129
122
67
64
36
25
9
12
6
687
423
380
361
322
317
89
251
240
218
221
198
183
151
147
134
71
71
67
17
13
789
432
389
102
291
269
218
190
170
119
117
78
83
75
75
64
66
54
53
19
22
9
322
401
383
336
117
107
302
293
268
251
251
223
215
143
127
81
64
64
24
27
14
454
406
391
122
125
104
327
273
262
245
233
208
207
198
188
173
160
148
99
86
46
38
19
11
685
604
392
273
267
205
201
191
181
185
170
151
143
95
91
68
49
26
16
337
293
240
236
218
215
156
159
156
155
89
80
72
74
74
48
40
24
29
24
8
14
8
585
566
525
385
364
125
124
299
274
210
187
181
173
157
100
99
97
84
79
58
27
26
451
369
293
269
248
229
216
213
208
185
181
159
112
106
83
72
44
24
6
6
364
135
287
280
253
201
185
184
180
159
157
119
119
109
87
57
49
49
33
15
15
11
533
398
394
135
331
301
271
273
239
216
214
169
114
111
99
49
44
40
28
16
8
156
315
312
303
296
259
245
230
221
209
205
194
132
136
93
87
68
49
28
8
10
368
367
506
433
164
151
154
141
315
292
216
194
189
182
185
174
131
114
54
43
15
15
6
333
313
297
288
229
225
212
210
191
179
179
141
84
53
53
28
23
16
15
16
688
474
461
327
323
318
282
238
238
204
134
114
106
99
93
69
62
43
42
28
27
20
11
488
179
176
174
343
317
285
268
248
207
184
189
134
127
109
101
79
59
44
33
33
32
25
367
328
328
326
317
257
253
255
234
224
212
159
148
111
38
37
37
34
30
31
20
16
14
761
519
415
174
366
166
158
142
135
115
100
66
63
59
58
54
40
28
24
7
12
13
842
613
545
413
409
179
295
278
256
237
239
235
204
197
149
87
86
78
78
74
65
48
45
424
187
373
259
240
217
202
172
171
176
168
145
144
106
84
70
61
50
50
46
49
46
29
555
411
199
371
260
228
212
166
150
128
108
102
84
66
58
41
40
39
31
21
14
7
6
516
472
436
435
204
188
360
269
269
250
250
214
179
177
141
142
133
120
109
100
81
58
17
207
364
306
303
300
276
270
239
222
191
174
164
119
88
79
68
67
61
56
59
44
16
9
368
224
177
161
114
107
90
91
88
85
81
66
54
43
29
21
26
26
26
17
9
10
613
582
222
380
368
366
300
286
242
246
199
84
71
74
70
59
31
27
31
16
16
13
6
229
217
419
412
382
310
291
285
258
193
175
174
134
100
95
88
53
31
30
21
16
222
420
286
243
206
206
184
172
151
142
134
122
108
81
80
74
58
36
36
6
542
502
429
393
296
284
280
280
255
249
202
199
192
185
129
119
81
75
52
45
43
41
16
1234
224
313
287
265
262
217
218
204
175
170
161
144
95
90
41
36
21
31
32
6
652
464
243
419
368
290
252
209
202
207
161
140
133
103
100
81
84
73
29
24
21
20
10
9
550
484
480
247
435
316
264
223
204
158
158
119
108
95
62
61
61
57
11
7
685
504
475
248
449
404
378
301
300
281
164
128
121
108
106
77
70
74
52
51
51
14
13
8
1035
494
383
335
272
226
188
175
134
134
126
115
110
105
106
71
63
62
41
31
685
599
586
417
291
230
190
174
174
159
123
118
112
104
100
76
46
49
38
46
22
6
6
499
418
375
312
8
8
162
143
136
116
118
81
66
66
52
35
28
28
26
14
17
11
408
371
344
321
320
320
301
8
7
213
178
159
141
141
132
130
115
111
80
58
34
27
20
16
830
467
457
327
327
18
12
12
220
224
184
174
171
168
135
108
90
86
75
63
28
438
325
10
251
241
227
190
187
162
161
151
142
135
126
106
91
81
81
81
64
57
45
38
29
6
350
309
23
215
182
180
156
147
144
140
141
137
129
96
63
69
60
61
35
36
11
438
379
28
26
244
225
214
181
185
173
153
150
125
114
106
67
71
70
64
67
40
42
42
9
453
393
390
33
27
30
277
190
175
143
139
106
105
106
106
96
92
81
86
39
40
7
295
372
350
350
322
317
200
185
185
178
162
158
156
155
144
136
131
139
120
91
65
57
523
458
450
375
43
39
283
242
235
214
160
148
138
81
68
68
51
26
18
875
604
372
369
358
348
243
240
210
155
121
116
106
88
94
84
68
57
38
19
755
408
56
300
286
183
175
175
160
149
139
124
117
115
89
76
66
61
62
61
36
21
18
400
398
363
344
218
210
194
183
176
176
165
143
83
85
71
67
66
26
28
10
7
6
755
695
332
388
55
279
237
238
231
229
210
185
187
183
149
113
106
88
72
47
53
38
21
26
15
588
547
335
327
331
478
445
363
68
66
68
208
190
175
169
155
154
140
141
93
56
31
12
17
10
327
456
396
73
64
72
282
244
214
190
148
146
146
110
61
63
56
55
36
25
564
525
384
379
373
71
312
229
202
195
151
103
86
36
35
10
10
10
10
10
10
10
493
460
460
438
87
314
229
220
208
156
151
146
109
108
94
95
91
61
58
687
575
344
508
487
478
468
415
381
234
230
209
167
161
160
109
62
51
20
9
14
589
541
425
405
396
93
91
259
223
217
207
188
194
101
77
70
50
53
49
34
27
20
9
18
678
357
101
250
235
216
193
176
161
129
125
128
117
85
63
65
50
26
13
8
8
8
353
430
101
248
213
217
181
181
149
135
130
115
93
90
85
61
47
35
35
38
26
15
15
6
376
379
108
294
270
271
241
235
232
209
120
77
69
69
61
60
50
43
43
36
11
9
677
472
109
356
238
235
233
206
172
154
129
97
88
66
66
54
51
45
45
45
35
546
540
493
118
362
334
306
281
264
193
191
191
190
166
155
156
126
126
94
79
60
58
31
26
28
497
423
411
294
293
253
247
230
181
163
141
143
97
87
81
55
54
36
20
22
15
15
15
444
441
132
133
119
316
253
250
201
191
109
93
74
68
66
60
43
9
8
6
9
9
9
602
426
126
127
251
239
234
206
197
194
173
176
164
152
153
86
65
65
51
53
49
46
46
41
23
390
480
444
372
319
309
296
280
251
217
210
209
173
161
126
121
73
51
50
37
30
897
362
290
253
229
215
194
185
132
128
92
83
67
57
56
30
27
23
10
10
13
9
624
780
715
517
330
289
251
236
199
207
187
162
156
105
97
95
82
49
32
28
13
518
147
278
235
225
209
141
137
130
106
105
85
61
36
31
24
25
25
20
19
11
10
6
513
470
450
329
291
221
201
129
117
108
102
102
100
99
98
68
66
48
39
35
36
24
21
8
163
325
285
248
226
216
190
145
121
87
71
68
52
49
44
23
11
11
6
980
672
478
172
168
166
405
293
289
286
239
205
174
124
102
75
64
35
11
691
551
328
254
243
158
148
154
143
134
129
87
86
80
78
44
38
40
38
21
18
6
816
178
171
384
319
281
260
256
211
197
153
156
103
86
77
70
59
41
43
21
18
13
449
510
479
334
255
189
170
148
148
148
146
109
109
109
73
72
40
42
26
31
23
20
16
367
335
321
267
261
209
196
166
149
123
123
120
114
103
101
75
65
49
48
45
45
23
15
14
415
264
249
174
163
154
143
101
100
82
71
73
64
60
52
28
24
19
19
17
12
484
192
316
273
270
231
230
217
207
148
111
108
90
90
84
65
50
49
29
30
24
9
6
832
358
344
276
276
229
227
165
127
113
101
60
58
46
46
40
27
29
21
18
9
10
355
313
293
240
233
229
221
216
149
126
132
124
75
71
47
39
39
17
14
15
12
670
616
216
435
331
275
264
203
178
153
140
138
96
100
91
70
61
52
52
48
45
15
578
560
351
324
285
265
231
168
144
144
127
99
85
90
90
81
70
71
70
55
44
32
24
16
16
765
715
454
418
382
328
250
198
198
188
186
133
122
126
82
81
56
47
17
9
772
635
525
517
345
291
288
193
148
153
132
88
79
77
71
68
65
63
56
57
44
44
34
26
492
593
539
241
221
222
193
165
165
160
141
125
115
56
43
39
31
25
21
13
7
602
598
517
486
396
383
371
323
316
247
226
222
204
180
125
119
118
110
81
77
49
37
26
12
7
572
243
423
376
269
233
214
175
164
114
102
86
91
80
80
80
66
58
55
45
45
41
20
15
696
381
366
285
272
256
230
222
174
144
115
117
113
83
80
74
60
46
41
46
30
7
683
585
540
259
493
398
325
261
226
163
120
99
81
68
47
45
41
30
19
19
19
10
6
474
463
380
375
333
294
282
215
210
206
186
150
138
139
130
125
107
81
65
67
54
52
35
16
263
261
408
376
328
272
251
244
211
176
175
176
175
173
172
162
128
122
113
56
40
22
15
569
268
335
328
287
278
10
209
194
190
135
128
128
118
89
40
21
28
20
6
6
970
771
540
575
269
484
452
410
395
297
294
21
20
257
211
184
184
186
182
143
126
98
80
80
70
278
278
400
266
243
210
210
192
174
159
145
145
145
121
113
99
60
60
51
50
48
47
10
6
646
595
365
346
334
26
236
218
215
192
151
119
118
90
84
79
73
57
52
18
16
9
504
363
331
330
29
238
215
199
169
139
145
126
121
95
92
86
86
57
38
38
19
15
8
293
489
410
356
316
309
233
188
155
144
143
136
115
100
96
95
92
86
79
61
49
30
12
8
652
640
584
415
372
371
361
311
308
38
285
268
255
262
230
230
206
190
165
149
141
92
57
35
718
652
303
376
349
335
268
259
250
244
215
160
109
101
85
75
55
36
40
33
30
26
13
965
723
529
449
356
275
218
200
200
175
165
160
151
107
90
99
80
73
60
47
41
34
10
582
399
386
352
326
330
245
226
220
157
143
148
122
101
103
86
83
46
7
8
8
6
6
879
634
443
440
440
337
66
267
265
244
242
198
199
169
157
154
116
100
90
46
19
392
354
65
255
216
207
173
173
160
146
135
121
107
98
93
62
55
51
41
13
6
741
445
336
71
74
310
293
272
268
188
163
146
149
134
122
115
55
32
23
18
17
15
6
807
919
601
646
411
380
75
236
219
214
196
183
157
145
118
102
101
83
83
57
52
31
20
12
9
634
365
80
270
221
218
198
195
164
145
144
120
93
66
40
32
25
21
21
17
14
10
9
8
683
489
327
230
173
177
141
129
122
114
114
75
75
59
46
26
26
25
346
344
540
508
453
367
286
229
209
200
159
146
132
85
67
61
50
46
41
31
29
22
606
448
422
92
314
248
245
230
214
192
184
146
135
141
141
80
80
53
46
36
17
24
12
589
480
476
468
465
100
100
239
217
201
199
186
164
156
156
132
128
117
86
53
40
40
39
14
10
534
538
451
459
387
377
106
102
207
196
175
170
134
134
101
65
50
39
33
27
25
24
13
910
509
303
254
211
175
166
166
150
145
138
136
106
51
51
49
19
20
20
13
10
6
421
348
314
230
210
184
179
165
171
147
131
99
75
68
62
56
49
29
25
25
17
10
10
6
696
665
521
117
117
316
310
290
286
277
237
185
172
147
136
111
102
84
88
81
65
36
19
545
410
254
226
194
153
146
86
87
75
64
64
53
45
20
16
16
12
12
14
9
725
506
334
274
223
186
153
145
140
126
115
77
75
71
45
39
30
32
38
26
21
17
8
693
511
483
472
412
401
136
368
316
230
223
165
144
145
130
116
81
76
75
52
48
33
26
24
10
538
470
349
353
324
241
204
173
169
167
130
109
96
85
69
49
46
47
35
35
29
29
27
21
26
540
345
302
270
244
160
163
130
107
105
107
101
90
90
59
45
40
23
15
14
13
993
648
154
383
289
288
258
236
170
146
146
107
107
91
90
70
70
72
65
20
18
344
239
195
188
166
174
165
144
145
122
131
96
86
78
77
83
72
68
65
55
50
31
29
11
617
479
449
373
359
298
267
225
217
195
181
170
170
151
150
127
122
108
99
91
89
68
65
47
17
675
435
431
165
165
372
345
304
258
210
192
189
182
153
146
125
118
94
79
81
73
35
17
9
432
501
383
375
355
314
285
261
202
176
123
111
109
109
78
65
68
55
46
35
25
24
8
649
442
347
278
259
199
116
109
109
103
77
75
64
64
43
39
24
30
19
14
15
18
7
1233
926
804
438
565
513
177
353
305
288
273
264
236
243
176
140
132
119
111
58
25
25
22
12
357
302
280
235
220
214
208
197
195
162
135
124
116
116
114
98
93
75
75
69
52
29
15
6
554
480
189
360
305
300
296
285
274
271
252
213
168
158
152
129
106
57
58
30
25
414
402
379
374
312
303
265
222
158
171
116
84
84
84
64
61
63
56
38
42
19
9
9
650
618
494
306
160
162
153
145
134
107
100
91
45
35
31
30
32
27
10
14
10
543
390
366
252
200
187
167
136
139
135
121
120
118
98
90
72
61
49
40
32
9
8
517
310
239
192
178
170
151
146
144
125
129
110
101
92
84
85
59
65
53
30
14
522
502
414
250
250
244
232
208
206
190
165
117
102
81
82
82
62
46
42
38
38
25
18
9
825
443
362
255
216
201
180
140
120
118
116
109
109
89
67
38
31
31
29
23
23
18
9
8
781
506
397
372
312
307
290
290
211
177
172
162
162
114
114
109
99
93
90
70
57
31
31
33
566
527
512
276
245
225
216
201
182
158
121
117
97
95
98
98
75
75
55
40
36
29
8
463
440
396
359
353
337
326
299
241
217
186
176
132
130
126
124
122
109
80
73
44
31
7
11
464
445
396
260
249
6
225
181
171
170
145
147
136
130
110
75
80
51
55
43
36
291
277
8
6
207
206
196
176
158
114
104
109
97
80
88
78
66
63
50
30
23
801
456
375
361
341
17
7
7
210
198
102
85
73
60
55
58
56
54
53
41
33
32
692
664
400
378
372
364
299
295
23
245
236
206
196
196
163
150
146
112
95
71
58
27
635
281
284
270
19
221
218
192
191
158
130
129
124
112
105
89
68
70
59
48
44
10
9
9
7
471
366
292
273
28
22
21
261
221
193
181
173
170
155
154
146
127
108
83
71
69
10
1229
652
606
270
469
470
460
403
294
39
24
26
26
238
213
211
186
161
110
105
80
79
42
489
480
482
303
43
266
265
253
216
189
175
143
105
102
81
79
51
51
51
23
24
19
435
312
244
233
209
171
149
140
100
90
88
83
84
83
76
52
28
12
8
10
11
10
6
282
475
453
453
295
46
256
243
213
205
172
129
125
121
94
81
84
61
61
24
15
13
13
489
449
387
352
334
60
57
271
250
220
220
218
179
177
151
142
123
68
62
66
26
27
11
356
335
65
291
251
226
212
204
203
198
186
175
164
164
128
98
91
72
27
24
6
870
761
733
444
445
418
360
330
260
250
168
162
164
161
140
133
99
48
31
17
7
742
304
326
72
62
261
214
196
115
109
104
101
95
93
52
45
37
36
34
16
15
631
539
508
457
366
343
337
329
329
76
71
303
223
171
159
162
114
114
113
50
46
40
569
646
523
324
81
305
265
254
244
206
204
200
183
178
164
119
91
85
65
51
30
33
481
387
259
230
228
233
211
194
185
169
175
165
158
128
116
101
59
58
48
50
846
656
460
384
315
273
255
253
216
214
210
205
175
167
136
131
130
101
57
42
38
29
10
475
455
86
299
261
249
240
238
212
161
162
140
134
83
78
78
73
45
43
33
19
11
13
545
533
474
428
379
344
96
89
197
148
144
138
138
131
113
64
46
42
29
34
29
26
693
363
106
291
235
229
210
208
188
184
146
123
36
39
28
10
21
10
6
6
1042
836
552
436
375
99
105
253
253
236
200
190
168
136
121
121
121
117
95
88
88
32
34
11
8
620
414
382
346
241
224
218
194
145
100
90
88
67
68
53
57
41
35
17
17
14
9
8
7
707
390
112
323
250
239
225
200
195
171
163
158
143
105
105
80
49
21
19
17
17
12
629
583
471
294
230
234
207
194
186
158
158
132
132
132
110
99
71
45
45
26
24
24
21
7
635
394
122
275
256
252
240
147
113
110
109
97
68
54
50
31
31
35
29
20
16
371
527
344
259
225
201
174
173
156
145
118
124
117
117
69
55
51
34
34
27
19
554
490
437
132
361
332
220
210
218
174
157
128
114
92
86
80
42
44
37
32
19
10
8
841
136
349
342
247
244
184
169
170
164
153
124
108
91
88
85
65
40
35
29
23
15
922
553
553
415
402
367
347
302
196
189
123
121
96
81
71
70
70
42
40
40
25
32
22
12
656
560
472
157
254
235
234
201
188
189
161
107
105
103
78
75
56
54
54
51
47
47
17
761
542
421
285
262
244
225
213
205
204
199
193
134
139
94
80
70
61
61
50
36
33
736
469
161
389
353
298
238
225
178
176
62
49
35
21
21
16
9
10
1019
603
470
171
166
391
346
305
201
190
188
144
125
104
104
71
62
62
53
38
466
176
400
301
296
242
186
149
141
115
111
109
102
91
76
74
61
43
37
27
14
15
8
397
283
250
213
203
191
191
145
118
107
100
100
90
66
42
32
19
9
9
8
8
620
469
177
335
311
270
256
219
209
117
94
101
77
77
70
68
67
39
10
6
1209
1054
844
509
398
280
261
250
234
213
212
157
141
136
116
90
89
73
57
42
35
34
25
9
866
500
372
288
287
260
249
202
178
162
160
141
141
140
129
104
92
87
64
38
24
20
796
593
577
424
416
354
323
299
285
280
245
239
212
134
119
120
99
86
76
56
52
52
52
35
504
381
379
331
280
265
226
219
188
169
170
153
125
106
104
95
67
61
57
58
36
8
828
661
586
483
455
202
312
276
221
150
147
136
130
115
107
85
76
63
55
51
46
45
29
474
456
219
381
341
232
198
200
135
120
99
92
97
70
77
66
59
66
57
46
14
711
725
211
212
427
371
368
362
325
288
169
178
164
158
142
142
140
119
112
95
65
42
36
8
10
454
401
266
236
232
202
196
163
149
145
130
126
115
108
108
108
91
86
83
70
63
51
37
7
1309
535
406
352
318
275
254
201
202
182
179
176
164
146
128
124
82
49
42
18
404
301
296
275
242
202
187
154
125
80
80
85
80
68
60
53
49
42
45
30
36
7
602
406
383
342
340
331
302
291
278
272
254
192
184
174
110
80
75
73
65
52
35
20
741
666
249
302
260
212
209
165
145
144
135
135
118
111
97
87
65
57
48
33
34
21
15
10
239
353
349
170
151
140
142
136
133
119
108
106
102
100
79
69
62
57
57
32
26
22
775
244
486
446
385
381
347
305
280
215
189
155
147
145
117
117
103
83
77
75
67
35
32
34
436
342
339
291
267
227
223
200
205
205
161
159
150
122
88
83
75
67
63
42
18
17
9
8
556
532
331
211
185
181
137
127
125
127
117
118
119
116
98
93
82
68
41
32
14
6
6
715
281
251
252
237
234
221
201
169
163
162
126
103
102
96
82
56
52
45
27
23
19
17
574
470
423
399
9
253
221
198
174
174
158
145
128
128
126
120
103
76
54
44
33
39
812
792
683
431
431
383
287
13
13
8
12
226
218
173
94
87
68
47
34
33
32
34
18
14
523
654
580
552
274
389
19
14
234
199
177
171
169
121
114
112
95
64
59
45
34
32
8
319
319
23
242
243
182
187
109
111
102
98
70
69
57
39
39
15
15
15
15
10
6
8
6
562
481
28
29
28
25
283
205
213
187
179
163
147
127
124
127
98
105
87
74
58
55
17
682
457
451
445
327
33
33
285
246
241
166
142
83
69
57
8
9
6
7
6
6
6
706
497
479
421
372
39
37
37
276
270
255
221
206
140
75
77
66
62
28
23
21
11
314
295
275
262
209
204
145
132
122
122
121
72
64
35
33
28
26
26
18
10
8
605
313
399
328
49
286
282
173
167
159
151
134
129
126
94
67
64
40
12
12
444
424
384
49
52
258
240
182
185
145
134
76
69
56
45
42
42
24
23
11
9
9
546
58
54
54
56
220
200
178
178
151
148
105
74
77
74
67
32
20
14
9
562
575
479
470
455
430
429
353
286
244
175
159
156
142
98
87
72
55
32
27
21
21
11
18
530
461
439
427
391
399
389
351
346
269
261
234
204
187
160
100
73
83
70
58
63
29
27
16
483
437
427
395
390
73
69
286
268
230
193
180
183
166
106
82
62
62
47
47
7
6
350
336
492
78
74
265
255
199
190
190
180
164
155
152
108
83
70
34
34
10
995
520
494
461
453
416
374
361
82
334
299
270
202
153
143
108
75
70
61
56
39
41
16
17
486
439
435
408
385
366
305
301
297
278
195
175
166
150
135
137
103
92
64
62
55
44
7
586
482
410
338
299
250
218
212
195
166
167
137
137
123
108
102
108
108
57
58
52
12
8
759
367
366
406
99
265
255
247
227
210
205
190
185
188
151
101
88
70
62
56
46
749
474
450
102
308
290
262
256
203
189
119
119
108
95
93
78
86
76
72
53
47
9
1039
767
366
562
497
420
109
108
340
321
295
272
269
267
258
251
237
228
198
189
183
95
72
732
113
332
264
270
248
209
208
177
135
105
103
105
77
78
72
77
64
53
28
29
9
539
431
423
401
352
357
350
303
303
221
210
143
134
87
82
76
52
20
14
8
8
782
753
428
421
122
339
313
282
274
211
146
136
108
87
92
88
85
57
53
44
50
21
13
8
960
492
469
438
420
127
378
347
285
254
220
189
113
99
93
95
92
61
43
12
957
833
134
132
365
299
276
272
123
102
95
66
67
48
23
20
18
17
13
12
7
471
439
416
137
230
224
216
212
194
152
130
113
86
65
53
53
34
28
17
7
6
435
144
143
139
399
379
373
307
264
253
162
135
135
133
116
107
72
42
33
15
19
8
690
468
147
397
363
316
312
291
243
227
210
163
137
120
112
69
47
49
47
43
39
38
19
634
495
466
153
387
340
295
255
248
227
222
188
127
123
122
117
100
106
70
36
24
24
13
599
568
545
344
321
305
292
286
273
269
182
139
131
122
114
85
71
38
29
25
18
604
573
256
209
188
165
155
127
119
108
90
92
79
70
72
53
44
40
16
23
7
167
378
347
325
235
149
130
124
116
85
84
74
52
41
29
29
28
25
19
23
12
17
615
511
345
312
290
275
219
165
142
137
137
132
128
100
88
88
26
18
22
15
625
178
383
288
274
265
267
224
217
194
142
139
129
112
98
68
42
31
20
16
18
9
13
417
318
307
275
272
230
207
172
166
103
90
89
91
77
64
57
54
21
16
18
460
558
188
427
365
352
342
327
308
260
243
136
141
121
121
95
89
89
73
59
65
53
37
37
1400
443
396
359
286
272
209
208
185
183
149
121
119
108
97
95
89
83
35
30
28
20
8
11
391
389
362
319
268
228
210
187
144
126
115
99
88
90
88
88
74
40
37
20
12
7
7
979
928
646
626
538
199
418
366
326
324
309
299
298
288
246
219
207
186
123
38
32
22
18
953
546
423
417
404
404
370
367
287
257
251
197
185
148
105
109
104
82
79
75
38
21
15
11
487
214
212
323
275
198
202
198
177
170
166
157
103
98
84
70
64
57
48
26
23
22
10
605
401
384
261
261
208
201
180
177
176
162
158
117
117
103
72
55
46
36
28
9
9
9
481
453
424
410
389
215
198
187
138
123
122
119
106
99
89
68
56
50
41
36
12
6
7
441
429
353
307
277
159
155
144
144
138
129
119
118
99
93
65
42
37
37
29
8
443
420
420
412
263
225
223
223
204
185
166
129
112
107
102
78
79
68
48
48
31
9
13
13
238
234
234
331
282
178
166
155
146
125
121
110
109
109
99
83
87
49
20
8
660
433
396
333
317
229
226
214
158
151
144
142
130
128
65
56
50
31
23
9
249
377
341
323
287
267
233
212
141
140
132
115
100
99
92
92
85
90
85
81
75
64
11
11
737
686
571
383
288
210
168
165
149
143
118
116
93
88
68
71
67
64
60
50
26
6
10
424
286
239
211
173
154
141
130
135
122
122
123
112
102
98
89
91
65
52
48
29
36
21
1292
830
522
733
479
392
227
178
164
153
135
135
123
120
84
72
40
28
26
20
15
20
15
13
881
781
547
269
455
436
419
403
363
10
7
9
241
195
159
151
139
95
84
77
52
15
18
579
528
441
366
319
310
277
8
12
229
175
163
149
127
122
103
87
68
67
62
57
36
39
6
790
465
357
294
17
13
261
237
211
185
191
168
162
149
127
115
116
107
81
65
31
30
444
348
256
186
173
173
165
120
73
70
65
58
48
35
35
38
30
32
27
9
16
7
8
596
562
474
372
337
247
208
193
184
189
169
165
164
159
133
98
94
97
35
7
764
506
476
34
147
154
126
124
126
126
115
102
86
74
55
55
50
50
45
8
8
917
457
303
276
267
231
169
150
142
111
107
86
79
76
70
73
51
22
19
9
11
8
553
365
307
44
265
213
199
183
168
170
164
165
163
122
120
81
71
58
27
18
25
16
8
10
309
308
496
467
440
426
396
378
52
258
263
229
212
125
125
105
111
95
38
36
37
30
383
317
282
241
209
184
158
157
139
121
116
104
97
57
35
37
30
35
24
25
12
16
6
417
353
60
62
58
52
307
274
276
214
201
189
140
127
98
83
65
49
31
27
25
17
670
467
231
210
172
134
124
126
114
104
77
78
67
67
57
47
45
36
28
22
22
10
14
599
423
68
63
236
233
218
202
196
166
166
155
150
139
119
112
75
75
58
56
52
50
35
846
678
501
490
395
369
325
295
245
232
201
147
134
109
85
58
51
42
27
20
8
485
371
78
284
265
253
225
209
199
151
141
103
90
91
85
62
62
62
31
25
16
9
344
528
445
84
284
238
226
227
200
178
177
176
154
124
121
67
64
59
52
47
46
16
489
434
312
238
174
165
161
157
142
136
122
123
100
100
95
74
74
72
57
16
15
7
9
852
349
554
476
342
342
304
214
195
166
143
134
130
115
100
76
77
68
64
52
46
31
27
617
331
309
277
248
230
191
123
125
107
75
57
57
61
53
49
39
43
35
10
6
442
300
283
262
246
227
201
151
153
135
111
92
85
78
75
58
52
33
34
10
9
9
464
391
338
333
201
177
177
141
138
131
97
94
92
90
78
71
60
39
25
17
16
20
10
560
388
346
342
264
222
200
200
174
126
126
125
95
90
86
88
82
72
68
53
55
16
649
745
382
323
293
278
279
268
268
172
167
169
159
102
95
83
73
66
61
53
26
10
9
375
310
273
260
223
218
202
202
170
130
105
101
96
78
79
76
65
55
41
50
13
10
552
505
127
373
336
304
237
219
221
189
151
100
82
79
72
74
55
35
18
25
14
11
14
578
436
349
281
254
211
149
117
92
73
60
60
45
34
25
23
22
23
10
10
10
10
588
460
325
281
270
259
236
211
211
179
120
93
85
52
28
21
16
15
8
402
367
311
284
220
216
210
213
84
78
70
51
46
40
25
23
638
420
142
347
263
228
221
196
199
175
155
137
132
133
107
75
38
35
31
24
9
647
375
303
287
257
251
234
230
205
170
160
142
125
122
112
100
87
83
50
40
22
19
18
11
410
382
256
236
196
174
147
123
121
113
112
109
84
64
35
27
22
20
17
7
827
502
482
311
298
291
269
265
236
207
204
134
136
132
110
101
101
71
50
52
43
28
25
25
163
411
250
218
200
123
123
115
101
106
77
72
66
59
55
57
55
37
32
25
25
6
684
172
341
259
236
148
143
142
128
128
131
117
63
63
60
50
43
36
28
30
27
518
464
179
247
226
220
185
188
143
137
125
119
116
98
99
88
70
67
58
23
20
13
886
595
563
530
522
326
234
215
210
142
136
141
131
90
84
81
66
46
48
46
40
19
6
569
422
338
319
309
271
262
201
192
158
143
120
95
90
77
68
67
67
65
55
46
53
11
11
499
468
412
388
286
225
206
177
174
164
152
152
151
151
134
109
120
102
83
76
34
8
9
450
414
338
310
295
275
242
180
147
129
81
74
68
64
45
32
14
8
7
6
512
198
331
328
284
244
178
172
102
98
89
54
34
20
26
13
17
11
10
10
8
507
209
457
402
282
286
278
282
258
198
185
114
112
91
85
74
73
53
35
40
22
12
10
635
488
437
240
241
190
172
176
161
153
152
155
144
128
108
100
95
90
56
40
29
29
21
443
287
200
158
146
142
125
116
103
101
97
87
76
75
57
39
34
34
34
34
26
22
20
13
498
224
442
429
417
409
355
296
274
214
198
192
187
135
133
128
121
113
110
113
66
38
32
461
398
393
378
333
320
314
298
213
169
149
129
93
84
53
46
51
38
42
38
36
32
7
9
1450
410
319
311
307
302
301
300
294
200
191
138
116
110
110
94
65
53
49
43
41
41
37
12
8
517
501
510
490
470
460
454
359
213
179
143
107
64
56
61
46
45
35
35
27
28
17
10
524
312
297
287
255
210
202
191
142
119
113
79
58
59
50
45
36
41
40
37
7
963
713
658
398
340
237
223
196
137
135
125
103
84
73
51
31
29
33
27
18
6
6
9
836
696
605
486
430
348
310
260
6
212
130
94
80
57
50
42
27
32
23
16
17
13
510
435
403
378
360
344
295
8
230
199
148
145
147
137
109
88
74
72
72
67
67
60
39
31
32
756
262
411
394
390
307
270
8
12
232
172
143
133
121
121
91
86
67
44
43
16
10
7
10
6
529
399
381
337
16
257
237
221
176
148
146
145
106
60
49
46
41
29
29
21
14
15
11
7
450
409
393
285
286
21
263
207
175
150
139
140
119
112
87
77
54
53
37
1155
405
383
329
329
301
29
186
164
161
148
94
82
72
72
57
54
47
37
22
21
16
13
7
395
31
272
253
236
230
210
189
166
169
149
143
141
99
106
65
66
52
30
26
8
6
509
392
36
223
163
157
146
143
127
122
108
103
98
92
80
69
59
44
23
6
6
10
865
526
364
175
173
170
164
159
143
107
107
99
90
84
83
79
66
39
40
40
36
17
15
16
12
14
837
299
493
49
247
226
218
197
181
175
176
171
137
107
105
71
48
45
41
37
38
33
21
12
6
405
278
256
258
192
189
171
133
128
110
112
97
101
82
46
17
18
11
9
481
435
400
359
327
300
283
272
277
261
178
144
117
112
110
97
79
64
71
69
47
47
46
43
32
31
31
22
22
21
6
314
502
295
272
171
166
144
136
128
127
120
104
103
36
36
27
7
10
765
565
363
366
66
302
289
291
230
225
208
197
194
173
122
111
106
91
75
77
62
57
56
60
32
30
30
17
16
17
17
10
8
9
464
459
450
335
71
272
236
215
163
130
120
70
60
48
40
40
37
36
23
22
6
6
423
298
275
268
275
235
194
144
143
117
108
101
100
81
72
72
57
53
44
44
41
36
34
25
27
24
24
7
1263
642
527
81
321
250
151
143
133
61
57
56
52
48
43
32
25
24
12
10
6
781
503
367
342
280
218
207
205
193
142
128
81
63
39
46
28
13
10
413
301
300
290
256
253
248
197
177
160
131
107
105
89
74
57
59
40
36
34
23
7
633
417
354
98
290
249
238
237
230
214
205
187
184
153
152
114
98
91
61
56
60
51
45
46
45
16
18
11
612
300
239
223
180
187
143
141
144
122
88
71
70
67
59
47
50
49
33
33
409
106
288
174
172
148
130
125
121
102
66
66
71
59
54
49
38
17
15
12
21
22
12
624
390
110
342
316
270
232
166
143
126
60
56
55
51
53
49
40
15
481
427
412
359
280
245
206
209
195
198
187
162
158
149
112
93
65
65
65
45
22
16
9
7
783
712
374
622
405
345
265
181
170
167
152
120
93
91
88
87
81
86
77
66
63
50
50
53
32
23
15
8
609
433
351
353
235
167
125
57
45
42
30
28
23
17
17
17
10
11
895
469
354
325
316
296
273
261
260
180
177
146
114
92
79
77
79
58
42
33
30
17
16
15
412
398
335
260
257
239
209
204
167
163
167
123
85
85
87
61
55
42
27
22
11
7
7
958
883
762
735
448
141
200
202
172
153
140
117
124
112
116
92
73
74
57
47
37
34
33
26
16
573
498
383
264
261
208
178
172
140
104
92
81
89
73
63
52
46
25
21
530
389
362
310
310
302
295
293
283
184
184
128
126
126
117
105
100
94
83
78
78
70
59
44
53
17
775
717
580
298
266
251
221
222
200
161
116
110
105
106
99
98
87
87
85
78
69
65
60
62
58
56
14
9
644
563
544
464
303
203
166
127
110
110
77
80
80
67
33
28
9
9
9
9
10
837
768
546
539
164
366
297
236
124
107
100
83
86
77
64
64
67
49
45
30
38
14
11
775
568
551
174
357
300
300
281
204
202
119
120
114
104
79
73
46
45
33
30
38
27
22
9
891
391
379
311
298
257
243
238
238
237
146
142
142
142
142
119
95
72
56
29
29
20
14
12
7
581
473
404
320
243
233
151
109
108
100
96
85
69
56
50
49
28
17
17
17
9
7
588
186
420
363
337
253
237
218
198
161
136
134
114
79
77
60
60
35
30
529
500
434
406
406
355
325
263
250
245
232
218
197
186
172
151
141
135
133
122
91
68
49
38
38
27
27
30
8
966
502
275
227
201
173
145
136
126
124
106
108
98
92
90
82
81
71
58
47
44
37
24
24
22
12
647
263
233
176
156
151
129
128
130
48
42
27
14
15
6
11
13
645
633
206
444
444
334
261
238
202
201
122
106
97
88
81
70
58
53
34
32
14
11
11
6
608
540
355
285
265
210
171
145
123
115
102
88
62
55
37
21
11
11
7
8
445
412
306
289
241
229
132
121
103
99
101
99
99
88
55
36
36
20
18
570
219
431
356
331
287
254
252
244
236
183
175
172
154
148
137
121
114
104
98
42
42
47
44
37
41
21
7
8
6
406
268
239
183
154
150
119
107
101
101
78
73
73
46
52
38
30
11
7
7
375
352
313
287
254
189
174
158
155
152
98
65
59
52
55
17
9
12
9
8
510
355
331
251
243
165
156
152
137
133
80
79
64
56
52
54
49
44
31
22
19
17
7
380
297
292
272
240
168
132
134
113
105
89
71
69
49
45
35
27
27
27
21
24
8
7
359
361
312
302
295
257
223
186
148
146
137
91
62
54
43
37
31
31
24
27
17
23
18
393
313
312
300
282
260
218
202
180
130
126
118
107
98
98
82
49
48
34
31
28
8
969
515
387
315
298
7
222
216
207
200
198
147
135
94
82
82
76
64
58
42
42
29
24
12
1411
634
358
227
202
193
157
110
106
99
93
69
64
54
47
46
34
28
743
650
530
410
397
387
360
7
233
206
157
145
145
118
100
64
63
52
33
34
34
23
783
620
596
512
403
336
296
8
6
266
237
233
198
191
184
175
162
151
115
93
79
56
44
40
279
498
318
307
281
19
23
25
11
241
236
195
182
181
143
102
84
76
71
67
72
63
49
49
540
349
312
286
14
8
266
243
233
168
128
101
79
62
54
48
50
49
41
38
906
286
354
301
235
219
153
142
107
106
106
83
59
59
55
54
676
575
377
360
351
41
27
26
21
267
231
182
167
113
105
107
111
95
90
88
77
77
69
51
621
297
438
427
414
392
32
18
12
270
256
261
224
202
200
199
173
121
96
96
98
96
91
84
69
64
17
12
207
192
168
153
148
139
121
119
115
90
89
88
1209
739
307
509
54
42
31
26
22
19
200
191
145
140
138
127
106
92
92
86
83
74
66
73
1171
308
50
48
45
32
7
243
227
139
116
113
105
108
97
83
84
68
68
471
472
420
326
49
48
38
29
6
288
243
213
209
183
169
136
136
99
89
85
85
651
606
318
457
407
380
370
36
32
18
15
11
6
283
276
247
166
142
138
107
107
102
1301
427
71
68
56
47
41
39
41
32
14
6
303
224
201
173
170
165
161
162
128
111
498
423
406
78
53
50
49
49
53
43
44
29
21
284
279
233
224
198
159
157
117
114
109
114
98
781
58
53
53
58
26
19
21
21
23
335
259
227
164
122
110
501
420
381
366
74
71
71
58
56
42
33
14
10
10
9
7
333
276
268
268
261
247
238
173
128
128
127
693
436
428
58
40
36
29
34
30
158
154
146
536
399
370
92
84
87
67
62
55
47
41
39
23
15
10
9
10
10
9
270
223
199
190
169
156
144
129
134
653
474
446
96
89
46
40
44
22
19
15
15
10
326
325
330
322
320
195
184
161
155
156
150
123
846
520
483
95
97
82
75
78
49
49
36
39
357
265
265
173
128
127
366
506
503
467
443
81
80
81
79
77
70
62
55
44
27
24
7
361
326
228
182
155
150
135
126
527
94
93
93
82
61
59
59
39
31
31
30
29
14
7
331
224
216
191
187
191
179
158
155
131
606
505
438
403
392
113
95
72
64
64
48
35
33
23
8
367
247
176
165
163
165
149
145
610
586
440
441
118
98
96
71
64
40
39
34
30
18
294
281
165
150
689
112
112
76
69
53
55
55
49
47
45
44
28
21
21
21
6
336
272
194
194
194
171
391
570
128
139
125
111
104
102
104
99
87
73
51
387
221
217
183
174
162
947
649
660
137
130
128
123
112
92
55
55
55
33
25
16
10
7
356
338
328
300
280
187
523
411
116
99
91
73
60
55
52
37
26
25
16
13
10
6
297
284
229
224
206
194
190
161
562
136
119
104
102
96
75
75
70
41
35
19
11
7
370
334
325
252
244
201
192
733
548
488
122
105
81
81
75
70
69
68
61
48
43
22
17
353
286
242
231
179
731
416
606
457
159
131
127
106
75
73
57
51
36
36
30
30
6
418
353
318
236
236
216
202
189
1196
594
500
483
439
431
153
137
109
111
111
94
64
40
17
11
257
259
257
257
249
188
739
521
161
160
158
127
118
118
111
98
99
76
74
67
61
24
10
271
262
217
203
182
548
158
158
140
121
101
103
87
89
78
78
60
66
56
34
24
27
16
7
8
406
396
395
345
336
236
212
187
434
659
171
168
147
126
112
100
73
71
53
51
41
40
37
6
340
333
319
283
225
1120
542
486
156
119
107
101
88
84
78
75
48
33
25
31
10
359
241
533
486
171
172
158
105
105
105
97
93
81
72
60
53
48
42
30
30
15
6
395
388
388
325
272
238
219
218
214
704
508
470
189
162
146
110
88
78
58
56
56
21
19
325
256
236
237
591
192
183
169
169
167
125
122
115
107
91
82
61
56
42
14
7
6
6
371
590
568
549
476
195
176
159
98
81
81
85
72
72
45
45
34
26
8
8
6
314
691
196
175
170
156
149
143
124
116
77
71
73
69
69
64
52
35
35
24
13
13
461
331
323
259
252
234
537
200
190
182
182
161
151
141
132
101
78
79
76
55
50
462
403
375
777
543
509
11
6
221
218
214
137
135
134
66
58
60
41
34
33
33
14
450
405
395
327
324
315
305
308
496
12
9
6
6
214
177
169
151
92
86
65
43
35
28
470
430
325
298
286
286
249
521
11
224
197
183
190
182
169
169
161
150
130
121
121
78
65
56
58
286
259
250
563
558
14
12
215
150
149
140
132
134
111
102
96
75
61
61
60
42
45
38
38
370
276
677
214
215
208
184
174
176
156
146
140
120
97
86
80
53
47
47
44
41
43
7
12
6
461
448
389
357
292
256
826
687
569
558
552
509
223
216
160
142
135
108
101
104
85
85
85
85
497
467
433
386
386
303
273
771
539
228
210
196
196
144
102
90
86
75
7
16
12
7
466
433
381
274
275
262
789
655
34
243
228
201
201
189
176
169
155
150
116
103
95
70
62
58
13
280
752
625
44
243
206
206
194
180
175
159
155
155
136
128
121
118
118
71
67
66
51
7
403
294
289
241
218
196
199
172
172
150
153
124
111
116
99
99
91
79
71
71
40
13
520
393
347
51
260
241
187
138
133
118
94
73
66
42
27
21
22
27
19
9
13
7
445
417
349
315
312
312
652
578
59
56
250
221
197
189
185
174
174
144
146
137
101
90
81
69
71
59
215
177
171
162
156
156
139
118
120
98
96
91
50
32
29
20
23
14
7
8
7
728
75
67
66
278
260
219
202
198
164
153
132
125
111
99
95
91
88
51
32
12
10
9
7
501
460
367
338
276
187
170
166
157
151
137
138
136
101
97
62
59
24
9
496
448
621
281
241
239
198
192
194
166
154
154
152
154
146
130
127
124
119
120
102
70
52
25
23
436
640
617
81
248
252
231
233
222
220
180
172
165
159
146
107
106
75
34
12
428
316
690
95
84
257
229
230
220
219
172
131
130
109
71
80
60
60
57
52
39
38
318
303
299
263
262
186
186
180
175
171
141
136
135
121
57
41
40
44
39
38
35
9
7
359
355
325
95
94
261
259
218
212
185
163
155
148
106
106
41
35
33
18
14
9
7
371
339
108
99
280
249
254
202
196
196
190
181
177
178
171
160
158
86
62
57
51
48
15
7
415
371
365
361
264
265
240
182
165
151
147
128
128
97
78
81
77
68
30
30
30
22
10
500
379
322
282
282
270
244
229
226
206
171
151
102
107
77
67
58
43
24
21
513
367
116
281
199
196
194
160
142
84
77
70
65
53
46
40
38
32
32
32
22
29
19
8
371
351
126
121
246
201
188
194
194
176
146
144
108
106
91
77
65
62
37
35
25
24
19
445
363
131
130
318
301
308
229
214
207
206
203
186
152
148
102
102
85
78
66
64
42
41
19
7
373
140
140
134
140
317
318
306
285
274
267
264
241
211
175
164
141
85
58
55
51
44
44
34
23
549
333
275
252
226
227
170
161
116
119
107
109
91
81
76
58
40
39
27
29
9
6
421
306
303
304
285
229
219
217
201
185
163
159
163
135
122
122
85
74
65
54
31
24
26
541
376
282
262
205
205
184
133
131
116
98
83
68
71
56
58
49
40
30
9
7
160
156
342
314
270
264
246
218
210
198
177
132
121
119
119
81
55
36
19
14
14
19
7
510
413
693
692
164
154
344
309
299
272
178
92
66
57
62
46
44
25
9
8
6
8
542
491
399
778
160
363
324
318
285
280
280
247
187
97
74
53
51
48
46
35
17
13
527
462
345
319
299
252
225
225
210
160
151
124
124
120
106
88
88
93
79
56
36
18
590
584
424
665
382
363
357
334
309
305
300
265
257
247
222
154
138
88
61
48
40
40
539
489
482
426
176
305
286
267
235
230
198
146
138
98
98
95
86
85
67
76
66
47
28
7
419
372
348
314
252
207
170
133
131
127
112
105
70
64
51
49
36
36
21
9
8
441
377
376
315
308
272
268
230
212
180
142
123
101
81
59
50
47
38
27
17
14
10
497
421
200
366
356
250
206
154
159
113
106
94
61
55
43
43
36
26
23
15
6
486
714
380
329
183
164
164
159
143
118
102
85
67
67
64
61
48
46
39
42
28
24
454
807
413
412
290
227
181
163
153
157
150
133
124
93
70
56
62
61
19
524
322
232
232
179
146
119
112
96
91
90
84
69
74
58
58
55
56
54
48
32
21
24
23
12
467
209
429
398
300
284
282
237
221
174
181
160
144
133
135
130
63
59
54
43
24
13
217
225
433
326
308
262
261
183
173
155
157
146
130
119
113
103
66
66
48
47
24
20
17
221
362
312
297
281
280
243
210
187
157
152
137
119
102
92
87
80
73
34
36
29
25
10
