10
9
9
8
10
9
10
9
8
9
7
8
7
7
7
7
8
7
8
6
6
6
10
9
9
9
6
6
10
9
6
9
10
9
9
9
10
10
9
9
10
9
8
7
8
8
7
7
8
8
8
7
9
7
8
8
8
8
10
10
8
7
6
10
6
8
10
10
9
9
9
9
9
9
7
8
9
9
7
8
7
9
7
9
9
7
7
9
8
8
8
8
8
8
8
8
8
7
7
7
7
7
8
9
8
7
7
7
7
7
7
12
6
6
9
7
7
7
9
9
7
7
7
7
7
7
8
6
7
10
10
7
8
7
7
12
7
7
7
6
9
6
9
10
9
9
9
9
9
9
9
9
9
9
10
9
8
9
18
11
10
10
10
10
10
14
7
7
7
7
9
9
9
9
9
7
7
9
7
7
9
19
9
9
9
12
8
8
8
12
8
7
7
7
8
8
7
7
8
8
7
6
8
27
24
14
15
9
9
9
9
12
12
13
10
10
10
9
9
8
8
8
8
8
25
19
22
19
19
18
22
17
17
18
17
17
14
16
13
8
10
8
10
6
6
23
8
8
7
8
8
8
8
9
10
8
8
7
8
6
10
10
9
9
9
8
7
8
9
6
9
8
6
6
9
6
6
7
6
7
8
7
15
6
6
9
12
9
7
10
14
7
6
6
9
6
7
9
6
6
6
6
6
7
6
9
10
10
6
6
9
9
8
7
10
8
10
10
8
8
8
10
10
10
9
9
8
8
10
8
6
8
8
6
8
8
6
8
8
8
9
10
9
9
7
7
7
6
6
10
10
8
7
7
8
8
8
8
7
7
7
7
7
7
7
7
7
9
9
9
9
6
7
7
7
6
7
7
7
9
6
7
10
9
7
7
8
8
9
8
8
7
7
7
7
6
6
7
6
6
13
12
12
6
6
6
9
10
9
6
9
10
9
9
12
9
10
10
10
10
10
10
10
10
9
9
8
9
7
7
6
9
8
7
7
8
9
9
8
9
8
8
8
8
8
8
8
8
8
7
6
6
8
8
10
10
7
8
8
8
7
9
8
9
10
8
8
6
6
9
6
8
9
9
15
15
8
12
8
8
11
10
14
12
8
13
12
11
7
7
7
7
7
8
7
7
7
9
8
8
10
8
13
8
8
8
10
8
6
7
7
7
6
6
6
6
7
6
7
24
18
15
13
13
13
13
15
11
10
9
12
11
11
11
9
11
12
9
13
7
6
6
6
28
18
22
17
14
16
14
8
8
8
8
8
8
8
8
8
8
10
8
8
7
8
6
22
13
13
13
13
13
6
10
10
9
9
10
9
10
10
9
8
8
30
29
25
27
18
18
18
20
18
18
12
12
12
13
12
13
15
15
11
7
8
33
23
23
25
23
20
19
19
18
20
18
19
9
13
9
9
9
12
12
6
14
34
24
10
9
9
7
9
7
9
7
7
7
10
10
9
9
10
9
9
9
9
10
6
6
7
6
6
6
6
6
39
29
7
8
8
9
7
9
10
10
9
7
7
9
10
9
9
9
9
10
10
10
9
6
9
10
10
10
10
13
10
10
10
10
15
8
7
6
10
7
9
10
6
8
9
9
8
6
6
8
10
8
10
8
10
10
10
11
10
10
9
10
12
10
10
7
6
6
8
7
7
7
9
6
7
7
6
15
15
8
8
10
10
10
9
9
10
10
10
10
9
10
9
8
8
6
6
7
7
14
15
15
13
9
8
11
9
8
8
9
7
9
8
12
9
8
9
8
9
9
9
9
7
9
9
8
9
9
9
9
6
6
6
6
8
6
6
7
6
7
6
6
8
6
15
9
9
8
9
9
8
12
11
8
8
8
8
8
8
8
8
7
7
8
14
14
13
13
17
14
10
7
6
6
7
7
7
6
7
6
7
6
12
7
7
6
19
12
10
11
10
8
12
11
12
6
8
6
6
7
6
6
8
6
6
6
7
6
9
9
9
7
6
8
10
8
8
6
10
9
9
9
9
8
8
7
9
6
6
9
6
6
6
9
6
6
6
6
6
6
6
6
6
6
6
9
9
9
10
10
10
9
9
10
7
9
10
10
10
7
7
8
9
7
7
7
7
7
10
9
7
7
7
7
9
9
7
6
6
10
6
7
6
10
7
6
6
10
6
10
7
6
6
6
6
6
8
7
7
9
6
6
10
10
10
7
10
9
10
9
9
9
9
10
10
9
9
6
7
6
7
9
7
6
9
7
7
8
7
14
15
14
15
14
14
7
7
6
6
6
14
13
13
7
7
7
12
7
9
7
14
