9
7
7
7
7
7
9
7
7
7
10
9
10
9
9
8
9
7
6
6
9
6
7
9
9
7
6
7
7
6
9
9
9
9
9
9
9
9
9
9
10
9
9
10
9
7
9
9
8
8
7
7
6
10
10
10
8
10
6
6
10
6
10
6
6
10
10
10
9
9
7
10
6
6
9
9
9
8
6
6
6
6
6
6
6
6
6
6
6
6
6
6
6
9
6
8
8
8
11
13
11
8
8
11
11
8
10
8
8
6
6
6
7
7
6
9
9
7
10
10
9
9
9
8
9
7
7
9
10
9
9
9
9
9
8
9
8
8
8
6
7
7
7
7
7
6
14
8
6
8
8
10
10
10
8
8
8
10
10
10
10
9
8
10
8
8
8
10
10
17
10
12
11
6
6
9
7
7
6
6
9
7
7
10
7
7
7
8
7
10
10
10
7
10
10
8
10
6
6
6
6
6
6
6
15
13
12
12
12
12
7
7
7
7
6
8
7
7
7
9
12
8
7
7
7
6
20
19
14
11
12
14
14
12
6
8
6
9
9
6
7
6
7
9
7
7
6
6
16
17
16
22
14
7
13
9
9
9
8
8
9
8
7
7
9
7
9
10
9
8
6
6
10
7
6
7
6
8
6
6
6
7
10
10
7
7
10
8
7
6
6
10
6
15
11
15
11
11
11
13
13
13
7
7
7
7
7
7
7
7
7
7
7
8
8
6
6
10
6
10
6
8
7
6
6
6
10
10
10
10
10
9
10
8
8
8
6
8
8
6
7
9
6
9
9
10
10
10
10
10
10
10
10
10
10
10
9
8
8
8
8
8
6
7
7
6
7
9
6
14
15
15
15
15
15
14
9
12
10
10
13
13
13
9
11
12
11
8
13
6
20
10
10
10
10
10
10
9
9
9
9
7
9
7
9
9
9
7
7
7
7
6
10
9
8
8
7
7
8
9
9
10
9
9
9
9
9
7
9
7
6
7
6
7
9
10
8
10
10
9
10
10
9
8
8
9
9
9
9
8
6
7
8
10
8
7
10
10
6
6
6
7
6
6
7
6
9
6
6
6
9
6
6
6
6
9
6
6
15
15
15
11
9
9
14
11
13
9
14
8
9
9
9
8
8
8
7
8
9
9
7
16
19
10
13
10
10
10
10
10
10
13
10
10
10
10
8
8
9
7
8
7
15
15
15
9
7
7
14
14
10
9
9
8
9
7
7
6
6
6
6
7
6
6
6
20
19
17
18
17
18
14
19
12
7
11
11
11
11
11
11
9
8
11
9
7
6
6
31
25
25
22
19
23
19
10
10
10
16
13
16
16
16
7
7
9
7
9
9
9
30
29
16
15
10
7
14
10
10
10
10
10
10
9
8
10
10
8
7
7
7
13
7
41
34
15
19
15
19
15
15
12
7
7
9
6
9
12
9
9
8
8
7
7
9
8
14
10
10
8
6
10
7
7
7
7
10
9
9
8
10
10
10
8
8
7
7
10
10
10
9
9
7
10
9
7
9
8
7
7
7
6
9
10
7
8
7
10
10
10
7
7
9
7
7
9
9
6
6
7
8
9
7
8
7
7
8
7
8
8
8
7
7
7
8
8
9
9
6
6
6
6
9
6
6
10
10
6
10
6
9
7
10
9
6
6
10
6
10
6
10
10
7
9
6
6
10
10
10
10
10
9
12
14
15
12
11
15
11
15
14
7
7
7
7
7
7
7
9
9
7
7
7
10
7
7
7
6
8
8
8
7
6
6
6
10
8
6
9
8
8
8
10
10
10
7
8
8
7
10
7
8
8
9
7
10
8
7
10
8
7
15
7
10
8
8
8
8
8
7
7
9
7
7
8
7
7
6
10
10
7
10
10
10
10
7
8
8
10
8
8
8
8
10
8
10
8
10
8
8
8
10
10
10
9
9
8
7
8
8
8
8
8
8
7
7
8
8
7
8
8
8
8
8
6
6
14
10
8
8
7
10
7
10
7
7
7
7
6
7
7
7
7
7
6
7
7
7
6
12
10
12
9
10
9
8
7
6
6
10
9
9
9
6
6
12
10
12
10
10
10
8
8
8
10
10
8
8
10
8
8
8
8
8
8
8
10
8
8
10
8
10
10
9
8
9
8
6
6
9
10
8
9
6
6
6
6
8
6
6
9
7
7
7
7
7
6
6
6
10
6
7
7
10
11
10
10
8
9
10
8
12
14
10
11
8
6
7
8
6
6
6
6
6
6
6
9
7
6
8
8
7
8
7
9
9
10
9
9
9
10
8
6
7
