10
10
10
10
8
9
10
8
9
6
6
10
6
6
10
9
6
6
6
6
6
10
10
15
8
8
15
10
10
10
10
7
7
7
7
7
7
7
8
7
7
7
15
15
14
15
8
9
9
8
8
7
7
8
7
7
9
7
9
9
7
7
8
12
10
6
6
8
6
6
6
6
6
8
8
8
6
8
6
6
9
8
9
8
6
22
18
8
7
10
9
9
9
9
9
9
9
8
8
6
8
8
6
6
7
6
11
10
10
10
10
7
7
7
6
10
6
6
10
10
6
10
7
6
10
9
9
9
9
9
9
8
7
8
9
8
9
8
10
7
9
10
9
10
8
9
6
9
9
6
6
6
6
6
6
9
6
6
6
6
6
15
9
6
8
10
8
10
8
9
8
7
10
8
8
8
8
10
7
8
10
10
9
7
6
6
6
9
9
6
9
10
10
10
10
6
6
10
10
10
6
8
10
10
6
6
6
10
7
6
10
6
10
15
10
6
9
9
7
9
9
9
8
7
7
7
7
6
6
6
7
6
6
10
10
10
6
6
6
6
8
10
8
8
6
9
8
8
8
10
8
10
8
8
10
10
10
10
10
7
6
6
6
6
7
10
10
8
7
10
7
6
6
8
6
8
6
7
6
9
7
7
7
7
7
10
9
8
7
7
6
6
10
10
10
9
7
10
9
10
10
7
9
10
10
6
10
10
12
9
9
9
9
9
7
6
7
6
6
7
6
6
6
14
14
13
10
12
9
12
11
9
9
12
12
12
8
7
7
8
7
6
7
7
7
19
18
19
16
14
14
14
17
16
17
17
17
12
12
10
9
10
9
9
8
8
24
19
16
15
13
10
9
7
7
10
10
10
10
10
10
7
7
7
10
7
10
10
7
29
29
26
20
20
19
17
22
18
12
16
16
12
12
12
12
12
12
12
7
27
25
20
21
15
13
12
10
12
7
10
9
7
10
10
8
7
6
6
6
6
6
36
30
22
20
17
16
12
12
11
14
15
9
9
9
6
9
10
9
9
9
10
10
41
35
35
27
30
27
25
23
14
9
14
8
12
8
15
8
8
8
15
32
10
19
10
10
14
9
9
7
8
6
9
7
9
7
10
10
9
9
8
10
7
7
10
6
7
7
6
6
6
7
6
6
7
7
8
7
7
6
7
24
14
8
14
14
14
12
12
12
12
12
12
23
20
13
13
19
6
6
10
6
6
6
10
10
6
8
6
6
6
17
16
16
42
18
18
18
13
11
15
16
11
6
8
11
9
9
7
7
8
6
6
6
21
22
22
22
30
25
29
20
20
11
11
11
11
14
14
9
9
7
9
7
7
7
28
34
31
23
23
26
19
17
16
21
20
21
19
19
16
17
10
9
6
8
16
6
8
39
26
30
26
28
26
22
23
13
19
15
19
11
9
6
7
7
9
9
9
10
10
9
37
31
33
32
18
16
10
9
9
6
9
9
6
6
9
9
8
10
10
10
12
6
6
41
40
31
27
23
21
13
11
11
20
8
9
9
11
9
9
9
9
10
9
9
9
10
11
45
41
36
34
30
26
29
28
29
26
18
20
9
8
6
6
16
7
6
14
9
6
14
13
10
8
8
6
7
8
6
8
10
6
10
6
10
6
8
6
8
6
7
29
17
18
17
15
13
10
11
13
10
9
7
9
8
10
9
8
8
8
8
8
7
6
6
6
6
8
9
9
8
6
6
8
6
9
8
8
10
8
8
8
8
9
9
8
8
10
9
9
6
6
6
6
6
6
6
6
6
6
6
6
6
6
6
6
6
6
6
7
9
7
8
6
6
6
6
6
6
6
6
11
11
9
9
7
9
9
11
9
8
6
6
6
6
6
6
6
6
6
6
6
6
6
16
16
14
11
14
16
16
10
10
10
11
10
11
11
11
11
11
10
10
9
6
6
6
6
21
21
21
19
19
21
19
21
17
15
15
16
16
6
10
10
8
10
10
10
9
22
26
21
21
10
10
10
10
10
9
10
9
8
9
10
8
8
8
8
8
7
7
7
40
31
33
29
31
29
25
15
16
15
20
13
20
19
20
10
7
11
12
10
9
9
8
8
8
8
8
9
9
9
9
8
9
9
9
8
8
8
6
7
13
14
14
8
13
8
8
8
6
13
10
8
13
6
8
13
6
6
6
6
7
7
7
7
7
8
8
7
7
7
7
7
7
7
7
6
6
7
7
7
7
7
7
23
22
13
12
11
12
12
10
12
8
8
8
12
7
6
6
6
12
10
12
6
9
9
9
9
9
9
9
8
10
9
7
8
9
