9
9
7
7
7
7
10
9
7
7
7
7
9
9
6
9
9
9
7
7
6
9
10
6
8
7
7
7
6
6
9
9
9
9
9
9
9
9
10
10
6
9
9
6
9
9
9
7
6
9
8
6
6
11
14
8
7
6
7
12
8
8
12
6
13
8
7
9
7
10
9
9
7
9
7
9
7
7
6
6
6
9
9
9
9
9
9
9
6
9
9
9
9
9
6
9
9
9
9
6
6
6
6
14
13
14
14
14
9
10
7
10
9
9
7
7
9
7
11
8
8
10
7
6
7
7
6
8
7
7
7
6
7
7
7
7
6
6
8
10
6
8
6
8
8
10
8
10
8
10
7
10
9
10
8
8
6
6
6
6
8
10
15
11
13
11
11
14
7
10
9
7
6
9
8
11
6
6
9
8
6
6
9
10
6
10
10
6
9
9
7
6
6
6
6
6
6
6
6
6
14
15
12
14
7
8
7
9
9
7
7
7
8
7
9
7
7
7
9
11
7
6
6
17
16
19
19
16
12
16
16
9
9
8
7
9
6
7
11
11
6
7
6
6
24
21
17
8
7
13
11
9
9
16
9
9
8
8
11
9
14
9
12
7
7
7
22
9
8
6
10
6
7
10
10
10
8
7
7
6
6
6
6
7
7
8
10
10
10
8
8
7
6
6
6
6
11
11
13
15
7
7
7
7
7
7
7
7
7
7
11
7
10
10
10
8
7
10
8
7
7
7
7
8
16
10
10
8
7
6
7
7
7
6
6
10
10
8
8
10
10
6
10
7
7
7
7
8
7
7
7
7
7
7
9
7
7
7
7
6
6
6
6
12
12
9
10
7
8
6
7
10
8
10
8
6
10
10
10
9
9
8
9
9
10
10
8
7
17
15
13
15
7
7
6
6
7
7
7
7
6
6
7
7
7
7
7
6
7
8
8
9
8
8
8
8
8
7
11
10
9
12
8
8
6
6
7
7
6
6
6
7
9
8
8
9
10
9
10
9
9
11
7
8
8
8
8
8
7
6
7
7
9
7
6
10
8
8
9
9
8
9
8
9
9
8
7
6
6
10
10
10
10
10
10
10
10
10
10
10
8
8
8
7
8
7
7
6
6
10
8
8
13
12
9
9
9
9
9
9
9
7
7
7
7
8
8
8
7
7
7
7
8
6
6
6
6
6
6
7
7
6
20
20
20
14
18
12
9
9
12
9
9
8
9
7
9
8
11
11
6
11
25
25
25
22
19
18
14
19
18
15
12
6
6
6
6
17
16
33
24
24
24
22
24
10
8
8
8
7
8
8
7
8
11
10
8
8
7
7
21
21
16
16
17
21
35
29
29
13
13
15
12
6
7
10
9
12
9
10
10
7
10
26
26
22
21
37
29
21
21
20
17
18
18
9
8
8
7
6
17
11
14
13
6
31
29
31
28
45
42
39
39
26
20
13
22
19
17
20
12
7
10
10
10
8
7
8
8
31
28
28
16
10
8
9
8
8
8
7
7
7
7
7
13
6
7
7
7
6
6
42
48
30
23
30
17
14
14
15
20
20
8
8
8
12
9
9
9
8
8
41
19
25
17
17
22
9
13
6
15
14
14
13
14
13
6
6
9
10
10
7
7
10
6
6
7
6
6
6
7
6
7
7
6
6
6
7
7
6
6
10
9
9
9
8
8
9
11
10
10
6
6
6
6
8
6
6
6
6
8
8
8
7
15
16
13
15
15
8
8
7
8
7
6
11
10
11
8
11
8
13
9
8
6
6
6
13
16
10
7
7
6
10
8
8
8
8
10
7
11
10
8
7
10
7
10
9
8
7
23
22
10
10
10
10
10
6
15
9
10
10
8
8
9
10
8
10
8
10
8
10
10
8
10
8
8
8
8
8
8
7
7
7
7
7
8
7
7
7
7
10
7
7
8
8
8
8
8
8
7
6
8
8
8
8
8
7
8
7
8
7
6
8
8
8
10
10
9
8
8
9
8
8
8
7
8
8
8
8
8
6
8
6
8
8
6
8
18
15
10
10
9
13
12
11
10
12
13
10
8
10
7
13
7
6
6
6
6
6
7
6
18
12
9
9
9
11
9
6
6
9
6
9
9
9
9
9
9
6
9
9
9
10
9
10
10
10
7
9
7
7
9
6
7
9
6
10
10
9
9
9
9
10
9
9
10
9
8
10
10
9
8
8
6
6
6
15
15
14
14
14
13
10
7
7
10
10
10
9
12
7
8
10
6
7
10
9
10
6
8
20
19
10
12
10
10
10
9
12
16
13
8
7
6
6
