8
8
9
9
7
7
7
7
7
6
6
6
10
10
6
7
7
7
7
7
6
7
7
7
6
7
8
9
9
9
7
7
7
7
6
9
6
6
8
6
10
6
10
6
6
7
10
8
7
6
8
10
8
7
10
9
9
9
11
13
14
13
9
8
7
7
7
7
7
7
7
7
7
10
7
10
7
7
8
8
7
8
10
7
10
8
6
12
7
10
10
8
9
7
7
7
7
6
6
7
6
7
9
10
10
7
8
7
10
7
7
10
7
8
7
7
8
8
6
10
9
9
8
9
8
8
8
7
8
6
8
8
7
6
8
8
8
8
8
7
8
6
7
15
14
13
13
13
10
10
9
10
12
9
10
10
10
10
10
10
10
10
10
10
10
10
10
6
7
6
9
10
10
10
10
6
10
10
9
9
9
9
9
9
9
9
9
11
9
6
9
8
6
6
6
8
6
6
7
20
6
6
6
20
20
20
11
9
8
7
7
10
10
10
9
8
11
8
8
7
7
7
11
7
10
9
10
10
10
10
10
10
8
8
10
8
7
7
10
10
10
7
6
7
7
7
15
15
15
15
12
15
11
12
10
10
9
10
10
10
12
11
12
6
8
6
6
6
6
20
20
20
16
15
15
14
17
29
35
25
24
22
9
11
9
7
9
13
9
7
20
21
21
21
18
28
6
6
6
6
7
7
6
6
14
14
14
12
12
9
30
24
24
27
26
6
6
8
10
8
8
8
13
11
10
17
17
17
14
14
35
35
30
40
8
10
13
10
10
6
6
10
16
13
15
19
15
17
14
24
22
19
7
7
7
7
6
7
7
7
7
6
15
10
10
10
13
10
10
11
10
7
9
18
19
23
21
40
42
12
12
12
12
12
11
12
12
12
23
19
15
15
26
23
34
36
6
10
7
10
9
46
17
17
16
15
20
20
25
31
41
41
37
11
12
15
6
6
6
6
10
7
6
10
20
22
21
25
25
26
24
42
20
15
17
17
9
9
8
7
9
8
9
9
10
25
27
27
27
38
6
6
6
25
25
16
21
15
12
9
9
9
7
12
9
6
6
6
6
32
36
43
54
10
10
11
6
7
6
10
10
9
7
7
6
29
21
18
12
12
11
19
37
48
6
6
6
6
6
6
6
6
7
10
9
12
8
6
6
10
6
34
16
22
25
11
11
11
11
11
11
11
11
11
11
12
13
17
11
19
15
30
32
35
30
29
27
21
29
15
10
12
10
12
12
16
12
16
16
21
20
16
16
37
35
7
7
7
7
7
7
7
55
14
16
14
13
17
34
6
6
9
9
9
9
8
6
6
7
7
7
7
6
7
7
6
6
6
10
10
10
9
10
8
10
8
10
8
7
6
8
6
6
6
6
6
10
6
8
7
7
6
6
6
7
9
6
10
8
7
6
6
7
8
8
10
10
9
10
10
9
8
10
8
7
6
7
7
7
7
10
10
8
6
10
8
10
10
10
10
10
9
8
10
8
7
7
10
7
10
9
9
9
9
7
7
7
7
8
7
7
7
7
7
9
7
7
7
7
7
14
12
14
10
8
6
6
12
6
14
13
12
13
14
12
6
6
6
6
6
6
19
17
17
10
11
10
10
10
9
6
6
10
6
8
8
7
7
8
10
10
10
9
8
7
6
6
10
9
6
8
6
6
9
9
7
9
9
8
6
6
6
6
9
9
6
8
8
9
8
14
9
11
9
7
14
11
10
7
7
7
6
6
6
6
6
7
9
7
6
9
9
6
9
6
9
6
9
7
8
9
9
7
6
10
10
10
10
9
9
9
9
9
9
7
8
7
9
8
9
9
6
6
9
9
8
6
8
7
8
6
9
9
8
9
6
10
8
8
8
6
6
6
10
9
9
7
7
7
7
7
7
8
8
8
8
8
7
7
7
7
8
7
7
10
7
7
10
8
7
7
8
10
7
12
12
12
10
10
15
10
12
10
8
7
7
6
6
6
6
6
6
15
10
10
10
10
10
10
10
10
10
10
10
10
10
8
9
10
10
10
10
10
7
10
10
9
9
9
7
9
9
9
9
7
7
7
7
7
7
7
8
7
8
6
9
10
9
6
10
6
6
7
9
8
9
11
8
8
8
8
7
10
8
8
7
8
7
7
7
7
7
7
10
10
10
9
9
10
9
9
9
10
8
9
9
8
10
10
10
10
10
10
10
10
10
6
14
15
15
7
9
9
10
7
7
6
10
10
10
10
10
8
7
8
20
9
9
6
6
6
6
7
15
9
9
7
9
7
7
9
