10
6
8
10
9
9
6
6
6
6
6
6
10
10
6
9
6
10
8
10
10
10
10
15
15
8
8
7
7
7
7
7
10
10
10
8
7
7
7
10
7
7
15
15
14
9
9
10
15
9
12
10
10
10
10
10
9
9
8
8
8
6
8
8
8
10
8
13
11
10
10
10
10
8
8
10
8
8
8
6
10
8
8
8
8
22
19
13
10
8
7
7
7
6
7
7
7
6
6
7
7
7
6
7
7
8
8
8
8
8
10
8
8
10
10
8
6
6
6
8
8
6
6
6
15
15
15
15
13
15
15
10
10
8
8
10
9
11
8
7
8
8
10
11
8
6
9
9
9
6
6
9
6
6
9
6
6
6
6
6
6
6
6
6
10
9
9
9
10
9
9
9
10
8
10
6
10
9
9
9
8
10
8
10
10
10
10
6
6
6
6
6
6
7
6
7
6
6
6
6
6
7
6
7
8
8
9
8
8
8
8
8
8
9
8
7
7
7
10
6
7
6
8
8
9
6
6
6
10
9
9
7
7
10
9
8
7
7
7
7
9
10
10
7
9
9
7
7
6
9
6
10
10
10
10
9
10
9
10
9
9
10
6
10
10
9
10
7
9
7
6
6
6
6
9
6
6
6
8
7
10
10
10
10
10
6
9
7
6
8
6
7
9
9
9
9
9
10
9
8
8
9
10
8
7
7
9
7
9
10
10
10
8
8
8
10
8
8
9
7
10
8
8
8
8
8
8
6
7
7
6
6
6
15
15
13
13
15
13
13
13
8
9
10
9
12
9
11
9
9
8
6
7
6
6
8
20
18
18
15
14
13
11
11
10
10
11
11
11
12
11
11
11
11
10
21
19
15
17
8
15
11
10
10
10
9
6
7
7
6
6
30
30
29
28
28
28
28
28
20
20
20
14
20
12
12
14
14
12
10
11
10
10
28
25
25
23
10
12
11
17
15
15
15
7
8
8
7
10
6
7
7
8
7
36
33
30
30
30
22
16
9
13
13
12
12
6
6
8
6
6
6
6
6
6
6
6
42
42
25
18
18
10
10
11
14
10
10
8
8
8
10
7
7
7
7
7
7
46
40
43
38
35
31
16
16
16
15
15
15
15
15
12
11
11
12
7
7
8
8
8
52
51
48
48
37
45
37
27
27
25
27
25
18
20
20
17
14
13
6
7
6
10
10
8
58
45
35
40
26
26
26
26
25
22
23
22
22
21
22
20
17
12
13
7
9
55
55
53
47
45
45
35
31
30
30
27
26
25
20
16
9
9
10
9
9
9
14
10
7
61
42
40
35
35
31
32
28
25
27
25
14
18
15
6
12
10
10
10
12
10
10
72
65
50
48
47
40
41
37
38
40
34
28
32
22
24
15
10
16
17
9
8
8
9
6
62
50
46
42
38
37
24
27
24
27
19
20
22
22
22
11
11
11
10
11
9
9
7
83
79
81
63
65
58
47
43
46
43
29
34
33
32
33
16
18
7
8
8
6
8
62
56
56
55
55
52
51
41
41
48
33
33
33
32
30
24
20
13
8
9
15
13
11
89
92
81
61
54
54
53
46
31
35
26
28
26
26
27
27
27
10
18
10
9
7
9
82
75
72
44
40
15
15
15
16
10
12
12
7
12
7
6
6
7
7
7
7
6
6
88
54
47
36
36
12
17
12
12
12
12
10
10
10
10
10
10
10
10
10
10
10
10
9
85
59
45
45
50
41
41
25
28
33
17
17
22
24
17
17
16
16
15
14
6
9
10
81
80
77
73
57
46
30
22
27
20
20
21
15
11
19
15
15
9
10
9
79
51
51
36
36
35
32
27
27
26
27
25
25
20
16
20
6
16
6
14
6
109
85
70
44
32
39
32
32
32
31
30
30
30
25
21
21
25
11
21
21
9
8
10
10
74
37
39
37
36
35
35
30
34
28
34
23
24
10
10
15
8
8
6
135
101
67
42
42
42
35
28
21
20
13
20
20
15
20
19
9
10
10
10
10
10
10
6
106
92
71
61
47
45
43
33
32
35
25
20
15
15
15
15
15
11
8
6
6
6
59
54
51
41
23
30
20
19
20
18
15
8
10
8
8
8
10
8
10
10
9
7
7
91
74
55
41
36
26
25
21
20
22
22
15
15
13
8
8
10
10
8
10
10
10
6
7
86
62
51
59
55
54
41
44
48
41
28
30
26
20
18
18
16
9
10
8
7
72
56
45
42
45
35
35
30
26
25
26
21
20
20
17
13
13
12
11
10
12
13
10
114
97
79
72
72
70
45
40
35
31
28
28
23
27
25
25
23
22
20
20
17
17
