9
7
7
7
6
6
7
7
9
8
7
8
7
7
6
8
7
8
8
8
8
8
8
8
6
6
7
7
10
7
7
7
7
7
7
7
7
6
6
8
8
8
8
9
8
7
7
9
8
8
8
6
12
14
12
14
13
9
8
9
9
9
7
8
6
6
6
6
9
8
10
9
7
8
9
18
18
17
9
16
14
10
12
14
14
10
9
6
9
6
9
9
8
8
8
23
23
15
15
16
16
19
6
10
10
10
13
7
13
10
13
13
12
10
10
10
8
11
20
10
9
9
9
8
8
8
8
8
7
8
8
6
7
6
8
8
7
8
8
7
8
10
6
6
10
13
10
11
9
6
6
6
6
6
6
6
6
6
6
6
6
6
6
32
20
11
17
18
18
18
14
7
6
11
7
11
7
6
10
11
11
8
7
11
10
10
10
10
10
10
10
8
8
8
8
8
8
8
8
6
6
6
6
6
6
6
7
7
7
8
7
6
6
8
7
8
6
6
13
14
13
13
13
13
11
9
8
10
10
12
10
9
20
18
19
18
18
17
16
13
13
6
6
8
6
8
8
8
6
6
16
16
25
23
23
21
21
21
19
10
11
10
10
14
13
10
10
13
10
13
6
6
7
22
23
21
20
22
30
28
29
28
28
7
7
7
26
16
16
15
13
10
10
8
13
10
8
8
26
35
6
6
6
6
9
9
9
9
9
9
9
8
31
28
21
18
15
17
15
13
33
38
11
11
11
11
10
9
9
14
14
14
14
13
11
36
37
20
20
19
9
6
9
43
43
16
16
16
23
23
22
23
41
41
41
41
30
34
30
23
28
23
10
12
41
41
43
48
21
24
24
46
46
33
28
15
12
11
18
17
17
9
9
7
48
53
26
26
32
35
35
33
7
7
7
16
23
21
15
12
8
15
14
7
31
31
29
34
37
35
34
34
45
7
7
8
10
8
8
20
29
25
15
17
12
12
57
36
36
35
53
44
45
10
8
8
13
8
8
8
8
8
8
27
27
25
34
34
24
20
23
44
45
46
67
20
18
21
18
10
13
8
10
13
13
13
10
13
31
23
30
6
6
6
6
65
46
46
45
45
71
61
22
26
23
18
14
18
18
18
18
33
35
28
8
11
11
6
73
51
31
31
23
45
41
48
35
37
32
9
9
10
10
6
6
8
6
6
6
83
73
27
37
37
13
15
16
7
7
7
7
10
10
8
8
7
11
7
8
10
7
7
6
90
88
61
38
38
33
33
28
59
49
48
42
45
18
21
14
18
14
17
10
9
6
8
72
89
76
75
33
38
54
54
10
10
10
8
10
10
10
10
28
27
21
16
13
12
15
98
71
47
44
44
38
61
57
15
15
12
15
15
31
26
23
22
18
18
20
19
15
10
10
82
85
57
48
45
60
20
15
20
20
20
34
38
36
22
24
21
20
10
10
10
14
9
103
90
55
53
53
39
34
25
12
19
10
19
13
10
10
9
7
9
7
7
7
7
6
95
52
81
76
74
30
25
30
45
44
33
30
30
25
18
21
25
15
8
12
6
6
100
60
81
56
42
38
38
38
20
30
23
20
20
16
7
10
11
8
10
9
9
11
96
95
35
40
40
54
48
41
7
7
6
6
6
31
34
22
22
25
18
15
12
8
12
73
45
52
10
7
10
10
8
10
12
11
7
8
7
7
39
19
20
21
18
18
109
113
8
6
8
8
6
8
10
10
8
50
57
51
52
36
38
38
26
28
23
86
13
11
14
14
13
15
7
7
7
7
7
7
7
7
59
59
37
40
31
25
27
19
19
18
18
11
13
12
12
12
8
8
10
12
12
12
6
8
6
63
63
26
48
45
44
32
93
117
7
18
23
17
17
17
65
65
68
65
30
30
32
31
30
25
59
60
49
39
39
10
6
7
6
6
9
6
29
28
28
18
22
22
16
18
70
36
32
57
52
49
46
40
13
10
17
9
17
9
6
6
8
8
6
6
34
34
27
75
75
93
63
54
54
47
47
20
17
14
10
10
11
9
13
11
32
87
45
71
64
62
52
58
56
7
6
6
6
18
24
21
19
16
16
16
15
16
16
43
37
31
33
49
59
10
6
21
23
50
44
38
52
9
8
14
10
11
9
11
10
13
7
8
8
8
7
8
8
8
7
28
38
30
37
29
29
24
28
109
99
95
19
16
21
19
15
10
11
7
7
6
6
6
30
31
58
48
102
67
79
20
24
15
15
17
13
11
6
6
9
6
6
9
6
39
44
35
63
57
105
121
76
30
24
29
31
18
11
14
16
16
10
9
8
10
9
