7
7
9
9
8
9
9
9
9
7
7
9
9
8
9
7
7
7
10
7
7
7
14
10
6
6
6
6
6
10
10
7
7
10
6
6
10
8
10
6
7
6
10
7
7
6
7
7
6
9
9
8
10
10
9
9
8
8
8
8
8
8
8
8
8
8
8
10
6
10
6
10
10
8
9
6
10
7
6
10
9
6
8
6
6
16
14
13
14
14
11
11
9
10
6
10
6
8
6
10
9
9
9
10
10
9
6
10
16
21
16
19
20
15
15
10
10
14
14
15
10
10
8
6
6
23
23
23
23
22
20
15
15
8
9
9
8
7
10
8
8
10
8
8
28
10
6
10
10
10
10
6
6
7
6
10
10
7
10
9
8
7
10
8
10
9
6
6
7
7
7
6
6
6
6
6
8
8
7
10
10
10
9
9
8
8
8
8
6
7
8
9
8
6
6
6
10
10
8
10
10
10
10
10
10
10
10
10
10
8
6
7
8
8
8
6
6
6
18
18
17
13
13
15
15
15
15
13
16
15
6
9
7
11
11
6
6
8
10
12
13
12
8
22
25
18
21
20
20
20
18
16
14
14
17
9
9
18
9
7
7
8
9
6
9
7
7
25
23
14
10
9
10
10
10
9
12
10
10
10
9
9
8
8
7
6
8
7
8
6
6
15
15
14
8
8
14
6
9
8
9
9
8
8
7
9
7
9
8
8
9
35
20
20
20
20
19
13
17
17
9
6
6
6
6
6
6
9
6
6
6
6
9
9
24
24
26
23
10
10
8
8
7
10
11
8
14
10
10
8
8
11
7
11
7
7
7
7
7
8
9
9
9
8
9
9
8
8
8
9
8
8
8
7
9
8
8
10
7
6
7
20
14
13
13
13
14
6
9
6
6
12
12
10
7
7
6
10
6
10
6
6
25
14
11
11
11
12
12
8
7
9
8
9
8
8
8
7
7
7
7
8
7
7
7
46
36
24
16
15
15
14
15
14
8
7
6
6
13
12
12
10
12
9
12
12
9
9
27
10
18
8
9
9
9
9
7
7
8
6
6
6
9
9
9
7
6
9
6
6
6
6
6
26
14
13
13
12
12
13
15
9
9
10
10
6
6
6
6
6
6
10
6
6
10
6
6
20
17
16
15
13
10
11
10
8
7
10
10
10
10
10
10
9
10
9
8
7
7
44
35
24
24
22
19
16
16
7
14
7
7
7
7
6
15
8
7
13
15
14
11
6
8
8
8
8
6
6
6
8
8
6
29
27
25
21
25
10
10
10
9
9
9
9
10
6
9
8
9
8
6
9
8
8
6
10
10
10
10
10
10
10
10
10
10
7
10
6
10
8
9
8
8
9
8
10
9
8
8
10
9
8
8
8
9
9
10
8
8
8
8
6
15
7
10
8
7
6
10
8
9
8
8
8
7
6
6
6
9
7
7
9
7
6
6
18
18
11
12
12
15
12
12
11
16
13
11
8
7
7
6
6
8
10
7
6
6
23
18
9
8
8
8
8
10
9
10
9
9
9
9
8
8
8
6
7
8
7
8
8
14
14
19
13
14
13
15
8
10
8
13
10
10
8
6
7
7
7
7
9
8
7
6
6
7
7
7
7
7
7
7
7
6
6
6
7
6
6
12
12
12
10
9
12
9
9
6
7
8
7
7
6
8
8
8
8
8
7
7
17
17
17
17
14
10
10
13
10
10
13
13
11
10
13
8
8
6
7
6
6
22
22
23
22
18
22
22
19
20
22
15
14
15
17
18
11
7
7
10
6
11
6
11
20
9
7
6
9
6
6
9
6
6
9
8
6
6
6
6
6
6
6
6
6
6
6
6
32
32
26
11
11
17
14
7
8
11
11
11
11
11
7
11
7
7
7
6
7
16
16
12
16
8
10
10
8
8
8
8
8
8
8
9
8
8
9
9
9
8
6
6
8
8
38
15
15
15
7
13
9
7
7
7
10
10
9
7
10
10
7
7
7
6
6
6
6
6
40
32
29
22
21
20
18
18
21
12
14
12
16
12
10
9
9
12
7
7
6
6
6
6
31
31
23
20
17
23
13
14
16
14
14
12
12
8
12
12
9
8
6
6
6
6
28
22
17
19
18
17
19
13
17
12
12
11
16
13
11
6
9
8
6
8
6
9
6
10
41
39
35
23
24
23
26
22
18
22
22
18
7
10
9
9
8
8
9
9
7
7
38
36
36
32
32
31
27
26
14
14
14
16
12
12
9
8
9
8
12
9
9
8
43
37
37
36
34
29
26
24
21
14
13
10
14
7
16
10
6
6
6
6
6
