7
7
7
7
9
7
7
9
10
7
7
9
10
9
7
6
6
9
9
9
7
9
9
6
8
6
6
6
10
10
9
9
8
8
8
8
8
8
8
8
8
8
8
6
8
8
6
8
8
8
7
10
10
8
8
8
10
7
7
7
7
7
6
9
6
6
6
10
6
8
6
6
6
10
9
9
9
6
6
6
9
8
6
8
6
6
8
10
10
10
10
10
10
10
10
10
6
10
6
10
6
10
8
6
6
10
6
9
6
8
10
9
9
7
9
8
7
9
7
7
10
7
7
7
7
7
10
8
7
7
7
7
7
6
6
6
6
6
10
8
8
10
8
8
10
10
10
8
8
8
6
10
9
10
6
6
6
6
6
6
6
14
13
13
15
13
9
10
7
7
11
8
11
9
17
10
8
9
8
8
8
8
8
7
6
9
10
8
9
9
8
8
6
6
9
9
9
9
8
9
8
6
9
8
9
9
10
9
8
9
10
9
8
6
8
8
9
9
10
9
11
11
10
9
9
9
8
6
8
9
9
6
8
6
8
9
9
8
6
14
14
10
9
9
9
8
8
8
14
8
8
8
10
9
10
10
9
9
8
8
8
9
10
6
10
10
8
10
7
10
9
6
7
6
6
6
6
6
6
9
9
9
8
8
8
8
9
9
7
7
7
7
7
7
7
7
7
8
7
8
7
7
6
8
8
8
6
6
8
8
8
6
6
8
8
8
8
8
6
9
9
6
6
9
8
6
6
6
6
6
8
9
8
10
6
10
8
8
6
8
6
9
9
9
7
10
10
10
10
10
10
9
9
6
9
10
6
6
8
8
6
9
6
8
7
9
10
9
8
15
14
9
14
10
10
12
10
9
9
12
12
10
9
10
8
7
8
6
7
9
8
7
7
7
7
9
7
7
8
8
8
7
7
8
8
10
7
10
10
8
7
10
10
10
6
6
6
6
6
6
6
6
6
10
10
7
9
8
7
7
7
7
10
9
9
6
9
6
9
9
8
6
6
6
6
10
6
10
6
15
8
9
8
6
9
7
6
6
6
6
9
7
7
10
8
7
10
10
10
9
10
8
7
10
7
7
7
7
7
7
7
7
7
7
12
10
8
6
10
12
6
10
9
10
10
10
9
8
6
6
6
6
6
6
6
6
6
17
17
17
11
15
14
14
14
15
10
9
10
10
10
9
8
9
10
10
8
10
8
9
9
7
7
6
6
6
7
6
9
7
8
6
6
6
6
16
22
14
13
16
16
9
9
10
11
10
10
10
12
10
14
14
10
10
12
8
10
7
24
21
21
19
6
7
6
16
13
29
20
24
9
9
6
9
10
9
8
6
10
8
8
6
8
8
7
31
15
9
9
9
9
9
9
9
9
9
6
9
6
7
6
8
7
6
6
6
9
6
33
14
18
14
18
6
6
7
7
7
7
7
8
8
10
8
13
10
9
10
10
6
8
7
10
7
7
6
7
6
8
8
8
8
9
8
9
8
9
10
10
9
10
10
9
6
9
9
6
9
8
8
9
9
8
9
8
7
6
10
6
6
6
7
10
10
10
10
6
9
10
9
10
9
6
6
10
10
6
10
6
10
10
10
10
10
10
10
8
8
7
7
8
7
8
7
7
8
9
9
8
8
9
9
8
7
9
9
8
8
8
9
8
8
8
9
8
7
12
13
12
9
9
9
8
10
10
10
9
7
7
10
9
9
9
7
6
10
9
9
9
9
10
14
9
9
9
9
9
9
10
10
10
8
7
7
8
8
8
7
7
7
10
7
9
9
8
7
10
15
10
10
10
9
11
9
9
7
10
9
10
10
9
9
15
6
10
10
10
10
9
10
7
9
9
9
9
7
7
9
8
7
7
9
7
10
7
6
7
7
9
7
7
7
9
9
9
9
9
9
9
9
9
9
9
9
9
10
9
9
9
8
10
9
9
9
9
9
8
8
9
9
10
9
7
6
6
14
13
12
14
8
8
7
6
8
11
9
8
8
7
6
7
8
9
8
7
6
8
8
13
13
12
10
10
10
12
9
8
12
10
8
8
8
7
6
6
6
9
9
6
8
8
6
6
6
10
8
9
9
6
6
8
6
6
8
8
6
6
11
8
8
13
8
7
6
7
7
6
6
8
7
6
8
6
9
8
6
9
8
7
7
8
7
7
7
9
8
8
8
8
7
7
6
7
7
7
7
7
13
13
7
6
6
6
6
6
11
10
8
11
9
9
9
11
6
8
8
6
6
9
8
6
9
10
10
10
9
8
9
7
8
6
8
