79
64
55
47
41
38
38
36
27
25
27
25
24
8
9
8
8
17
8
7
7
7
7
85
58
60
34
33
30
30
32
14
13
10
10
10
10
8
6
7
7
10
10
10
10
10
9
10
10
10
9
9
10
9
10
9
6
7
7
7
7
7
7
6
72
43
22
24
25
20
20
15
15
12
15
15
14
15
15
15
12
12
12
12
7
7
11
7
20
20
20
21
20
20
17
17
17
10
8
12
8
8
11
8
8
6
6
50
35
32
25
25
25
25
24
25
24
21
22
22
22
22
22
17
12
17
13
21
21
11
10
68
28
29
26
25
6
13
16
7
10
7
7
7
7
6
6
6
6
6
6
6
6
105
35
35
40
34
35
34
34
35
32
27
27
22
21
12
12
12
12
6
10
11
6
11
50
47
40
36
36
37
37
37
37
37
31
27
32
28
28
25
26
23
24
6
16
11
9
11
45
45
10
14
19
14
7
6
10
9
10
10
10
10
7
10
10
10
10
10
10
76
38
15
15
23
15
15
15
13
15
15
15
9
10
7
9
9
10
9
9
9
9
8
19
20
9
10
15
12
10
10
15
14
10
10
7
9
9
7
7
9
6
7
9
7
57
37
45
31
26
25
25
25
15
12
11
14
12
12
9
6
9
9
9
7
108
53
57
31
41
28
19
20
20
17
17
19
19
14
12
14
12
6
8
8
9
8
9
9
9
6
9
10
47
24
16
19
19
19
10
11
12
10
10
14
14
15
10
13
8
14
15
6
67
50
51
44
39
30
27
25
24
22
22
24
25
22
15
18
14
13
17
7
7
8
7
6
6
34
33
26
29
25
22
23
22
21
20
20
20
25
20
24
9
9
12
7
7
6
92
85
61
47
50
44
43
40
32
32
32
32
29
28
29
22
25
15
12
12
17
20
17
21
9
8
10
10
87
75
42
43
37
32
33
33
30
35
34
34
22
22
22
21
10
15
11
14
10
8
50
47
41
39
6
8
7
8
7
36
35
39
27
30
27
27
20
18
14
13
92
51
51
47
50
40
10
13
12
13
10
11
44
29
31
27
23
20
74
70
50
49
45
45
18
15
9
18
16
15
6
6
6
49
49
32
40
32
28
30
69
64
53
53
23
13
20
7
10
10
9
9
10
9
9
9
9
42
35
33
28
103
84
61
56
16
19
25
9
9
14
14
14
8
14
14
6
6
6
8
6
33
106
91
71
74
25
24
18
17
21
21
18
7
7
11
10
11
7
10
6
8
10
38
45
35
25
10
13
10
11
18
10
10
10
7
7
6
7
6
6
10
45
44
35
9
9
9
8
10
10
9
9
12
9
12
9
6
6
6
8
6
6
6
6
7
65
53
89
75
47
45
40
34
32
35
21
20
25
15
14
16
19
15
11
8
11
8
11
11
92
39
25
26
31
25
18
25
23
20
19
19
8
16
9
16
13
10
15
6
6
6
6
55
48
44
30
32
30
13
11
21
18
21
23
21
21
10
7
10
10
11
11
7
10
7
8
80
34
23
26
6
7
9
6
6
8
6
9
8
6
8
7
6
10
10
10
8
8
8
10
8
9
10
9
8
8
10
10
8
10
8
8
7
7
7
15
13
13
15
13
13
15
15
13
13
6
10
8
13
10
10
10
10
10
10
10
6
6
20
19
11
17
16
15
17
10
8
8
7
10
10
10
11
10
10
7
7
10
8
7
10
10
25
23
20
15
10
10
15
15
10
7
7
10
7
8
7
10
10
10
10
7
10
10
28
29
27
26
25
23
21
20
18
7
8
13
7
10
9
8
10
8
8
6
6
6
6
34
30
30
30
25
20
25
20
9
9
9
10
9
9
11
9
9
9
9
9
8
9
9
9
7
35
33
27
30
17
18
14
14
15
14
15
14
14
12
8
7
6
14
11
14
8
13
40
35
30
27
19
21
19
19
19
10
19
11
10
18
6
7
6
7
7
7
10
10
7
7
49
47
26
24
22
18
15
18
14
10
10
12
12
10
9
12
9
8
9
8
8
20
17
20
19
16
10
10
10
14
10
10
10
10
10
10
7
8
9
10
10
7
7
34
25
21
15
19
15
15
15
19
15
9
8
12
15
10
11
11
9
7
6
6
6
8
40
40
31
30
27
26
27
25
20
20
20
17
15
17
10
10
10
11
10
11
10
28
23
15
10
16
15
7
7
7
9
9
10
10
10
7
10
8
10
9
7
10
51
47
30
24
20
21
10
10
10
14
10
10
10
9
10
9
10
10
9
10
9
8
9
42
29
29
29
26
23
26
26
19
17
15
15
15
15
9
6
10
6
8
10
6
38
34
40
35
31
24
20
20
19
11
11
19
11
13
7
7
6
7
9
8
9
55
39
42
36
29
24
16
18
20
18
18
14
9
8
8
8
16
8
8
8
8
7
8
47
36
43
41
30
35
33
29
29
24
23
23
14
19
16
16
17
21
7
6
9
9
6
55
45
48
34
35
34
29
30
21
19
24
12
11
14
10
9
9
9
8
7
7
72
54
39
40
39
39
40
34
34
35
34
27
24
27
17
16
17
18
16
14
10
8
6
93
70
60
48
45
45
43
40
32
34
23
24
24
15
18
17
16
21
9
14
8
9
9
89
74
59
33
26
29
24
23
23
10
16
10
10
15
7
7
9
9
9
8
6
75
75
55
31
31
25
29
31
29
26
18
23
19
15
12
11
12
15
12
8
7
6
8
103
65
48
36
34
33
32
34
36
25
24
20
18
16
16
14
9
10
9
88
65
43
42
35
32
28
29
27
21
21
22
22
18
16
10
9
8
8
6
8
7
8
95
81
74
72
61
61
56
47
34
30
26
22
21
21
14
10
10
10
13
10
8
101
79
54
54
49
41
38
26
22
27
27
25
26
15
14
18
6
6
6
6
6
9
7
119
57
35
37
33
29
25
23
8
10
9
9
6
10
10
8
6
10
9
6
78
55
40
40
43
34
38
37
20
23
23
16
14
16
11
11
6
9
8
6
6
9
8
9
55
47
48
44
43
38
37
31
31
30
32
30
30
21
16
21
19
18
7
11
7
95
66
35
21
10
10
13
12
10
10
10
10
10
6
9
9
10
9
6
6
6
9
6
111
78
64
70
56
54
49
37
40
40
38
29
27
15
21
21
15
6
14
15
11
14
10
15
10
26
10
18
17
16
20
15
16
8
10
8
8
7
7
7
8
8
9
6
7
7
6
6
87
67
48
38
31
21
21
13
12
10
10
11
10
10
10
8
8
8
8
8
8
29
18
20
18
18
18
15
16
17
16
16
15
15
7
13
13
11
10
10
7
10
14
10
7
6
77
41
35
23
22
22
22
23
21
22
21
22
20
18
16
12
6
6
6
6
10
10
10
10
58
42
31
29
30
28
28
28
25
27
23
20
23
10
10
15
15
14
6
8
8
8
7
49
45
33
33
33
30
28
23
15
21
10
10
10
10
10
10
11
10
10
10
10
8
8
7
8
6
6
12
8
11
6
75
36
36
35
28
21
25
15
15
15
15
16
15
15
11
11
14
13
43
26
27
20
20
20
20
7
10
7
7
7
10
7
7
8
7
7
10
18
18
18
18
16
18
18
46
29
35
34
25
8
8
12
15
15
10
8
12
10
6
8
23
21
21
27
21
60
49
48
30
30
30
30
17
15
20
15
7
7
8
7
13
7
10
45
25
22
22
22
10
15
12
8
13
12
10
10
9
8
8
7
7
6
36
32
71
61
61
60
50
41
17
9
12
12
11
9
9
9
8
8
9
8
10
6
7
51
51
54
45
32
20
28
24
21
21
25
14
17
17
17
14
13
13
17
6
8
6
6
43
68
19
19
10
10
17
13
13
7
8
7
9
8
7
6
10
10
9
7
6
6
6
61
25
15
18
18
15
15
16
12
13
11
11
13
7
9
10
9
8
8
9
10
11
58
73
78
66
60
43
33
27
20
23
17
14
16
8
8
8
8
10
8
7
6
34
25
26
26
30
28
22
22
24
20
15
21
18
13
11
14
15
13
11
11
7
10
10
64
79
70
45
31
33
33
30
29
30
24
16
18
10
10
7
7
7
6
6
6
9
7
6
6
50
44
38
35
35
32
28
23
23
23
23
11
20
10
10
9
6
6
11
11
55
47
40
37
37
34
34
26
26
28
28
20
15
14
16
14
7
6
7
7
6
7
6
6
55
50
43
31
32
31
33
25
27
27
20
19
13
21
19
11
11
9
12
7
10
7
6
6
6
113
46
32
26
18
9
9
9
9
9
9
9
8
10
6
7
8
7
7
6
8
80
55
49
32
29
31
30
17
21
16
14
15
14
14
9
10
10
10
6
9
9
9
8
6
58
48
44
35
27
24
27
19
19
9
9
9
9
14
9
14
9
9
10
9
7
88
77
57
59
53
41
41
33
29
32
27
24
24
20
22
19
20
14
18
15
9
10
6
6
110
64
63
54
46
38
29
28
25
21
22
21
15
14
15
14
11
8
11
7
132
57
45
34
35
32
28
24
20
23
18
16
23
12
12
16
10
12
16
9
9
6
59
59
47
45
41
37
28
25
24
24
23
29
17
14
14
15
14
14
14
9
9
14
14
14
88
81
76
67
52
42
29
29
33
20
23
19
19
19
8
8
8
8
14
8
19
7
6
61
57
51
49
47
47
46
39
39
39
34
35
25
27
24
24
24
10
10
10
10
7
7
7
6
87
62
54
52
36
40
32
33
30
29
29
12
12
12
12
10
7
6
6
6
59
56
55
56
49
49
37
35
41
41
37
35
34
35
34
25
18
20
17
11
13
9
7
7
64
62
50
42
40
40
40
35
28
39
23
27
22
25
22
16
16
7
10
6
7
98
78
65
66
44
44
27
32
32
30
21
27
17
12
12
18
10
101
60
50
52
49
49
35
32
35
29
20
26
9
14
10
9
9
9
6
6
9
6
96
89
87
74
64
65
54
54
47
40
36
31
26
22
30
31
14
10
7
13
10
6
8
128
100
99
80
62
59
59
59
45
39
39
42
42
36
39
27
19
16
13
14
16
126
65
67
64
65
64
58
50
41
33
32
41
30
27
24
24
21
10
17
9
8
10
9
6
52
52
43
43
29
20
15
25
20
7
7
7
10
9
8
7
7
6
7
6
6
6
7
107
107
64
58
54
42
34
41
40
37
34
20
15
15
16
15
7
7
7
6
6
6
6
86
77
59
51
56
47
47
39
39
46
46
42
36
20
11
11
12
8
10
8
8
8
8
81
67
30
28
28
23
21
17
16
9
15
13
13
13
13
7
7
7
6
6
7
89
63
65
60
56
50
52
40
35
34
33
34
30
21
23
27
22
21
20
13
113
95
94
94
74
59
42
32
32
20
25
9
16
10
7
8
8
7
7
7
7
141
114
99
85
82
59
53
32
37
27
28
30
27
24
20
24
16
10
9
6
7
6
103
95
90
87
57
61
42
49
36
41
36
36
30
21
22
18
17
8
10
8
8
8
10
9
171
84
41
42
38
36
38
24
26
34
31
26
27
21
20
21
20
9
10
7
6
14
135
85
77
48
40
46
45
30
32
25
22
15
14
15
13
15
21
18
15
6
6
9
6
162
57
57
50
44
34
29
30
29
16
25
17
25
9
11
10
9
8
8
9
7
8
7
135
124
92
75
51
45
39
37
31
37
34
29
29
14
14
16
15
15
6
13
67
45
19
10
8
8
8
8
8
9
10
7
7
8
8
6
7
7
7
7
7
7
48
46
24
27
25
20
15
23
15
13
14
13
12
13
13
12
9
11
9
12
164
44
36
30
29
31
29
30
20
28
27
20
18
18
18
18
13
17
10
7
10
9
9
7
124
66
65
34
34
25
25
25
33
24
23
22
19
20
21
17
9
13
10
12
10
8
8
7
78
57
39
43
38
30
30
27
28
25
24
24
17
17
17
17
17
10
8
8
10
7
7
12
9
9
9
9
9
8
7
6
6
12
64
32
12
13
14
13
15
6
6
13
16
17
14
13
72
61
49
51
45
48
38
37
26
27
27
24
21
20
17
10
11
7
10
17
19
19
53
45
44
32
30
25
23
26
22
10
9
15
6
6
6
7
9
6
6
9
6
27
26
125
59
45
47
40
34
27
19
11
9
10
10
10
10
10
10
10
9
6
6
6
29
63
45
35
18
16
18
16
16
15
15
15
14
15
9
9
9
11
11
10
10
10
9
10
7
34
32
70
61
52
46
28
28
28
25
31
28
21
21
20
16
14
7
7
126
71
62
61
52
42
45
44
31
29
30
27
28
27
25
25
9
15
10
14
9
6
8
8
41
102
80
78
70
67
68
34
33
32
30
25
15
15
15
14
14
7
7
14
14
9
8
8
7
48
107
60
60
52
52
36
39
35
32
32
19
19
18
12
6
12
12
12
9
6
9
57
94
77
67
57
42
40
40
39
32
34
34
34
24
24
25
23
24
20
13
8
17
6
61
91
72
65
44
40
40
40
40
29
35
29
28
25
25
22
19
19
21
6
8
8
6
61
62
77
57
49
43
38
38
33
30
27
27
17
11
10
17
10
9
15
8
7
6
72
59
58
49
45
36
32
24
29
16
15
16
15
15
15
9
9
8
8
9
8
8
71
95
94
94
90
80
68
61
62
61
48
47
44
44
28
27
27
10
10
10
10
10
73
73
66
65
58
60
56
53
43
40
34
25
26
24
25
16
19
8
8
15
9
76
55
49
47
50
37
24
24
15
13
13
20
6
9
12
6
7
10
7
6
6
81
59
59
58
50
52
42
41
39
31
25
19
20
24
18
18
25
9
8
6
6
133
100
88
81
55
40
31
25
29
30
30
16
15
18
6
9
6
10
11
10
6
6
9
85
72
35
35
38
28
29
35
18
18
19
14
15
13
11
11
7
8
8
8
10
6
6
92
90
90
83
82
74
64
43
42
40
40
23
29
33
21
19
16
21
20
6
7
15
7
109
154
103
106
99
73
40
44
28
24
26
12
19
17
13
17
7
7
6
9
10
6
106
96
74
50
50
27
24
22
11
16
12
14
14
7
6
9
7
8
6
9
9
8
9
85
73
55
38
43
36
17
17
16
13
10
10
14
7
7
7
8
8
8
7
7
114
70
60
54
60
41
33
28
22
26
17
13
13
9
9
9
12
9
7
9
7
7
117
68
73
48
48
37
33
30
27
22
22
17
14
13
12
13
10
10
14
7
7
56
49
39
35
36
27
28
22
22
20
19
19
18
18
8
6
6
9
6
8
9
126
85
58
42
39
37
36
34
34
26
24
20
23
9
13
7
6
8
8
6
6
8
7
6
63
59
48
53
44
46
45
39
27
27
27
22
22
20
11
11
8
7
7
9
6
9
7
112
89
91
54
50
44
44
37
37
29
30
29
23
21
19
14
8
8
12
6
7
73
62
52
43
48
34
26
22
21
15
13
17
13
13
13
8
8
11
7
10
7
145
111
54
40
42
18
20
16
13
13
16
8
9
8
8
8
9
8
9
9
8
6
83
36
43
31
17
21
21
19
15
10
10
10
9
9
10
9
7
6
6
9
6
9
97
67
61
57
50
48
30
28
22
22
26
25
22
18
18
15
15
15
14
11
8
8
8
187
114
108
85
72
63
46
39
31
27
23
23
19
22
14
16
16
15
10
9
9
8
10
94
82
74
66
53
46
47
38
38
36
29
25
26
24
21
21
21
20
13
18
13
15
18
103
73
54
52
43
43
42
42
29
29
26
27
18
9
15
17
17
14
10
8
7
8
8
74
74
64
59
48
42
13
14
14
14
6
9
8
7
8
6
6
6
6
6
6
68
66
61
62
52
48
39
36
35
28
29
33
18
18
18
11
11
12
11
11
12
11
11
11
11
109
65
57
38
25
33
24
24
20
16
13
16
16
16
15
13
8
7
8
8
6
7
164
133
78
58
49
29
37
36
28
21
18
21
18
18
11
7
7
6
8
6
73
72
70
65
55
55
54
45
33
18
17
18
11
15
9
6
6
6
7
10
10
9
99
86
85
83
72
63
62
60
54
53
50
39
38
30
31
31
31
23
18
11
14
14
107
70
65
65
58
44
36
38
36
28
22
27
21
26
25
19
19
10
10
9
6
9
10
10
117
109
105
93
77
73
72
69
63
57
46
41
23
21
21
19
19
17
16
19
10
14
9
7
7
6
7
131
76
54
53
47
46
38
38
36
31
26
30
24
24
20
12
19
11
7
7
9
7
111
103
84
84
74
74
70
62
67
52
51
43
41
41
35
27
27
25
17
8
11
14
19
19
98
78
64
63
60
64
64
56
57
57
56
49
48
41
37
36
30
25
23
6
8
21
131
96
95
87
83
70
69
69
66
61
60
52
58
53
53
41
35
35
30
31
9
8
10
8
8
10
6
8
6
143
106
98
74
74
83
61
58
56
55
42
31
35
14
15
8
9
8
12
8
10
8
8
8
30
159
156
139
123
96
94
66
61
49
13
15
9
9
10
9
8
34
31
188
127
104
76
74
70
68
62
62
66
56
52
45
41
25
24
18
19
14
8
7
9
6
6
41
149
106
103
95
88
81
81
81
65
64
60
57
45
28
38
23
24
22
19
12
11
9
8
7
40
115
106
99
97
93
88
79
75
61
55
57
35
42
28
24
24
28
24
19
11
13
7
6
6
120
100
91
93
84
76
67
65
66
38
47
29
32
25
23
25
22
18
12
10
6
12
9
181
113
104
96
88
72
61
66
44
46
38
35
26
22
24
7
10
8
8
6
6
6
108
94
93
91
81
83
75
79
70
58
47
43
38
39
35
31
37
37
27
26
12
19
21
9
6
67
106
97
84
75
53
53
62
53
48
48
45
32
34
32
24
26
8
7
6
71
147
111
91
84
80
85
60
49
53
49
36
38
39
35
31
18
18
18
7
11
8
8
80
76
130
117
116
96
58
54
51
42
42
27
28
23
21
10
10
10
10
6
6
82
166
150
143
136
130
107
101
68
70
70
66
52
42
33
23
17
18
22
18
13
12
15
15
13
15
214
168
150
148
134
74
74
68
61
61
59
51
51
52
38
34
29
27
23
9
9
233
167
104
104
104
80
74
69
56
45
43
36
39
38
36
25
32
12
14
10
10
10
10
8
8
96
97
186
114
77
78
71
61
38
30
36
27
30
25
13
16
10
10
9
13
10
97
193
181
149
134
71
76
47
43
35
20
18
14
12
12
8
8
8
9
9
9
9
7
7
120
120
89
88
87
75
81
81
64
47
37
35
23
23
19
14
17
14
11
9
9
9
9
183
174
92
89
77
58
48
42
24
19
18
19
19
14
14
14
14
10
7
7
10
10
7
116
180
100
97
58
56
46
35
37
33
30
29
25
24
24
16
19
8
8
12
11
13
7
117
154
141
100
98
89
89
59
59
44
39
29
28
29
24
24
15
13
21
19
10
8
8
10
7
7
164
130
91
92
80
77
73
67
63
45
45
45
40
29
13
15
15
15
13
12
10
6
6
6
126
193
104
49
50
48
45
39
34
31
30
28
31
18
17
17
13
17
17
11
10
8
228
208
155
119
102
102
73
70
53
53
51
44
43
39
39
39
36
25
22
22
22
10
6
6
6
221
150
114
101
85
81
58
58
41
44
37
30
30
32
30
27
25
15
15
17
6
9
6
6
89
80
63
65
65
64
65
63
59
54
54
49
50
39
33
33
35
28
20
20
23
11
9
152
208
85
85
70
64
68
59
51
45
38
21
21
30
15
16
15
15
15
6
9
6
10
260
112
103
68
68
65
64
55
45
45
42
38
37
26
21
15
14
15
15
14
9
9
7
162
106
84
92
78
54
47
50
45
47
43
42
25
20
19
19
10
7
7
126
110
109
88
83
80
74
66
62
36
40
36
31
25
25
25
9
10
10
10
10
21
7
9
58
46
49
48
41
32
30
30
27
15
15
15
15
19
22
7
6
8
14
8
6
6
6
268
158
136
62
50
55
50
43
39
39
32
21
20
20
11
13
15
13
15
8
7
9
8
249
104
112
115
67
63
67
58
60
47
36
44
36
26
20
14
13
13
9
11
7
9
230
133
107
108
61
50
46
44
43
22
29
17
18
18
19
9
16
15
15
10
9
8
8
94
75
77
65
46
28
31
30
23
23
15
18
15
19
17
14
6
8
9
9
6
243
141
127
127
125
109
99
95
56
59
40
35
35
28
29
19
20
20
18
18
10
9
9
8
8
215
179
111
104
97
81
66
71
60
47
33
32
16
22
14
13
7
10
10
10
10
10
10
10
146
137
109
104
106
83
81
62
50
42
49
37
29
34
21
24
19
19
19
11
18
16
6
176
136
134
81
46
42
25
25
32
26
24
20
9
7
9
9
14
8
8
14
6
6
6
6
157
102
75
47
48
45
39
38
30
28
29
25
25
12
13
11
7
10
10
7
10
7
124
91
79
72
49
35
34
34
34
26
25
27
19
17
8
8
6
7
248
129
91
69
71
69
58
39
39
39
39
30
34
30
22
26
13
20
13
12
13
323
200
122
113
95
62
60
61
49
45
44
40
36
43
30
29
28
29
18
18
22
18
14
9
9
8
113
73
68
70
63
50
51
50
44
40
38
40
33
38
32
30
19
21
19
21
14
7
10
14
106
77
73
73
59
54
54
45
32
31
28
24
10
6
18
19
10
14
15
6
6
6
6
6
144
87
77
66
67
59
59
46
43
36
24
32
11
16
15
20
15
8
8
11
8
6
6
131
94
85
64
42
38
29
24
13
12
13
13
16
13
9
6
8
9
8
6
8
8
8
6
6
6
121
99
93
86
70
72
61
44
43
50
38
42
39
25
28
25
25
21
14
13
8
7
8
7
7
8
8
110
98
74
42
39
30
25
23
23
26
20
14
13
19
19
13
13
11
13
12
9
7
7
7
10
6
10
7
6
7
6
84
79
79
75
74
70
69
38
28
21
16
17
22
14
11
7
10
8
7
9
8
7
85
73
43
33
24
29
27
25
7
7
26
17
184
163
107
106
80
73
45
38
39
28
34
8
12
6
28
26
22
25
22
22
25
20
19
18
158
55
46
17
17
17
9
9
9
9
9
7
6
30
26
25
24
180
82
82
77
67
68
64
51
38
43
22
14
16
14
14
6
7
32
78
56
56
48
27
27
27
21
21
21
11
14
9
10
9
9
10
10
10
6
6
37
35
119
110
109
54
48
48
28
22
27
21
19
16
19
13
14
10
8
11
8
6
13
10
42
41
37
32
32
37
34
37
20
26
24
21
24
20
19
13
11
16
52
52
52
51
45
45
193
120
76
76
71
58
61
42
42
32
26
30
30
31
24
11
8
11
6
52
48
47
49
198
167
80
47
47
47
47
47
47
39
38
34
28
30
30
26
25
26
16
7
8
59
52
52
54
233
78
46
42
35
39
37
36
35
30
31
24
23
16
15
14
65
60
60
112
90
76
57
52
39
40
39
35
30
24
11
10
18
13
9
11
8
10
72
71
70
66
134
43
32
26
31
15
13
7
10
10
11
7
11
10
7
10
7
7
6
6
6
67
162
96
67
65
59
49
38
36
36
24
27
26
25
12
9
9
9
7
7
7
82
81
86
66
55
54
54
41
39
40
25
25
17
17
15
14
15
12
12
12
12
7
81
79
220
140
138
126
110
69
61
46
47
46
46
38
22
22
17
17
8
14
10
10
10
183
150
72
74
76
66
72
63
60
50
38
30
27
26
22
22
22
9
9
13
9
91
79
51
46
32
31
29
27
9
10
8
8
8
8
8
7
7
7
96
92
84
79
59
36
19
20
25
13
13
15
13
9
8
10
9
8
6
6
6
102
165
96
82
80
73
51
55
60
52
41
39
41
28
30
30
13
17
16
11
11
7
86
84
80
72
71
73
55
51
51
44
44
45
44
45
29
33
24
19
22
7
14
7
7
115
110
110
90
90
90
78
74
74
60
49
49
51
47
47
38
28
27
18
21
12
7
118
145
83
93
81
66
60
55
55
54
42
33
33
30
30
17
17
12
16
16
7
11
120
178
83
82
60
57
59
57
44
33
28
19
21
9
8
11
9
9
9
9
7
7
105
65
63
62
62
49
43
44
22
26
27
16
12
20
14
10
7
7
6
6
7
7
7
178
127
89
75
70
67
54
61
48
48
43
43
36
37
36
31
31
24
22
26
17
8
9
9
124
113
115
82
72
59
53
51
48
50
41
47
32
32
37
27
22
17
15
20
7
11
10
137
275
134
88
85
80
64
58
58
64
53
57
54
51
42
50
47
41
37
25
8
19
13
145
240
90
83
69
63
59
62
32
34
24
24
21
11
10
10
12
11
8
6
7
6
75
61
52
29
29
24
12
12
13
10
11
10
10
9
9
12
6
7
8
8
9
7
6
144
115
94
92
85
85
73
68
56
56
46
52
49
42
37
40
34
18
16
11
13
9
149
100
97
99
88
79
62
62
55
42
40
40
36
26
27
26
21
20
19
18
18
6
6
13
143
89
71
71
76
67
62
52
32
40
37
44
36
41
32
31
25
25
26
10
8
19
15
225
111
88
76
72
58
51
28
19
16
10
9
8
10
10
8
8
8
6
7
6
7
6
153
100
90
85
64
67
58
53
54
37
40
37
39
36
35
33
29
25
28
13
18
16
9
8
8
98
83
86
79
81
67
58
42
40
36
38
36
35
26
18
19
18
6
10
8
6
13
135
124
98
82
66
59
51
47
44
43
41
37
33
30
33
28
24
24
23
21
6
10
9
6
120
87
78
52
47
47
30
28
31
30
28
23
23
25
26
23
23
16
15
9
8
8
8
174
83
83
58
56
54
56
50
41
40
41
35
33
29
29
28
6
7
7
8
8
10
140
124
109
97
69
62
58
56
53
40
38
40
36
36
36
33
31
17
12
10
90
78
66
61
45
42
40
33
33
20
15
23
21
10
9
8
10
9
9
9
9
9
97
79
77
70
31
28
9
9
10
9
10
9
9
10
9
9
9
6
8
8
6
6
6
176
157
75
74
73
73
59
67
51
38
40
41
27
28
15
14
14
11
14
13
11
14
200
159
157
157
54
51
53
48
48
43
24
24
24
20
16
16
6
12
8
6
10
8
91
79
71
63
43
37
29
29
24
28
24
24
20
18
14
15
15
15
8
8
10
6
7
148
118
113
96
91
90
63
67
55
40
39
34
29
29
33
29
29
23
19
12
7
10
7
6
6
6
137
128
101
101
75
47
39
35
21
12
18
13
15
10
10
10
7
7
9
6
10
11
11
6
6
66
55
49
45
44
39
38
26
30
22
23
25
15
12
12
11
11
16
11
11
10
9
11
7
6
7
7
191
85
63
57
63
50
44
40
35
30
22
20
21
18
9
9
8
11
11
222
117
106
98
83
78
54
54
54
47
38
40
31
27
25
12
10
6
7
7
10
123
118
118
92
83
61
54
55
51
51
44
46
41
30
30
25
19
21
22
19
7
6
6
7
10
7
15
121
120
57
50
46
45
38
291
24
26
24
12
13
166
119
103
101
70
70
70
64
60
55
53
50
40
37
40
8
38
36
40
29
29
16
16
17
27
25
138
88
70
55
45
42
9
10
8
8
10
9
9
7
7
282
46
34
36
37
21
22
25
131
125
74
69
60
50
47
46
13
13
14
8
11
12
12
47
38
42
30
79
70
72
70
65
60
55
18
23
19
11
17
16
17
17
16
15
8
7
35
224
95
95
71
68
57
28
23
16
22
22
21
12
12
10
12
7
56
60
49
51
36
89
65
65
30
27
27
26
15
17
12
8
8
8
12
7
60
57
57
57
149
105
84
72
75
67
67
33
33
28
22
16
8
12
10
9
9
9
6
7
64
62
135
100
74
38
37
30
28
27
17
19
13
14
14
9
9
9
9
9
55
59
151
109
109
94
94
43
43
42
35
23
19
17
18
14
14
17
16
10
9
8
72
72
109
87
49
48
49
44
46
35
40
27
24
19
19
19
21
19
19
17
8
16
11
62
113
113
90
52
52
43
32
28
28
28
27
14
22
20
21
20
22
9
10
8
9
91
178
109
64
49
38
42
34
37
32
31
31
32
21
15
26
10
8
8
182
128
121
63
62
62
53
53
44
47
42
39
40
42
38
38
17
20
20
9
11
10
13
92
77
85
211
102
69
59
57
48
52
44
44
28
25
38
24
21
25
13
17
18
17
12
11
90
262
172
160
74
74
72
64
53
52
57
52
44
36
42
29
30
18
23
9
9
6
18
6
105
264
153
115
65
71
54
51
20
12
10
10
10
9
9
9
10
10
7
9
9
7
104
225
174
74
68
56
34
33
37
30
30
32
29
33
19
17
18
12
8
12
9
8
9
190
185
140
86
78
64
61
40
44
38
21
21
22
20
20
19
13
11
17
94
84
74
72
78
47
48
42
38
41
25
24
25
24
24
12
18
16
14
17
6
6
91
81
79
74
72
69
50
49
48
32
33
27
30
24
23
9
9
10
11
9
6
7
6
150
88
54
51
48
48
37
30
14
14
13
12
10
8
7
7
12
11
6
7
7
6
8
145
98
83
78
58
56
56
40
37
29
19
22
20
16
16
16
16
16
6
9
88
83
76
68
58
58
47
46
45
40
36
24
31
31
24
24
21
21
10
7
6
11
15
141
236
93
75
53
49
42
28
29
20
16
19
19
8
10
10
9
10
9
10
8
10
10
10
167
121
102
96
97
86
80
80
80
56
56
55
52
25
24
21
19
14
13
13
12
93
73
61
57
60
57
47
49
39
35
24
22
19
18
20
8
9
8
15
15
6
110
90
84
73
60
51
35
30
31
30
25
26
26
20
9
10
9
10
8
8
10
8
6
113
105
57
57
67
55
29
28
20
18
20
19
25
9
18
13
9
14
7
7
8
134
74
61
51
51
33
35
33
36
24
31
30
14
14
22
13
12
9
7
13
13
11
127
80
59
59
58
49
49
41
40
40
37
32
19
19
28
17
15
16
16
6
6
6
6
140
145
134
110
98
88
89
79
50
50
44
43
44
33
36
35
24
23
21
22
11
8
7
115
87
70
69
66
55
52
59
26
26
27
10
9
17
16
16
17
9
7
7
7
9
200
73
64
50
44
34
33
19
16
10
10
14
13
14
14
9
8
7
8
8
7
6
8
144
138
66
58
48
51
57
44
37
32
37
26
20
19
15
19
15
16
13
13
9
13
6
109
98
74
50
42
27
29
32
32
21
20
20
17
17
18
18
6
8
6
8
7
6
7
10
124
90
77
79
59
67
52
47
49
47
36
34
36
26
24
25
20
24
21
9
6
11
189
153
119
112
74
70
35
34
34
30
30
24
18
14
17
20
10
6
8
6
6
6
96
82
61
62
60
46
44
35
32
33
20
20
16
7
8
7
9
8
9
9
9
16
9
104
101
71
59
46
51
44
44
44
38
34
34
38
27
29
11
10
16
11
14
7
8
6
10
147
87
72
65
56
56
45
39
30
36
38
19
15
16
21
11
7
11
13
13
14
48
37
24
10
19
16
18
12
9
7
7
7
7
7
7
7
10
8
8
9
9
8
7
119
68
52
18
13
14
12
10
12
12
6
7
6
8
10
6
9
8
10
10
150
58
58
31
38
29
17
16
13
10
10
9
15
10
7
7
7
8
8
7
7
130
95
64
50
55
33
35
23
20
23
18
18
12
12
7
6
7
7
8
7
7
10
90
56
35
30
18
21
25
17
18
17
11
12
15
12
12
15
12
12
9
9
9
8
68
32
27
22
23
17
21
15
17
17
17
10
15
10
8
11
14
7
6
8
8
8
8
66
43
46
37
38
35
30
35
27
27
27
28
27
22
26
22
13
13
13
13
13
13
13
8
9
96
79
59
51
51
51
54
43
42
39
32
32
32
18
18
25
15
14
10
14
18
18
18
175
83
50
50
41
44
37
37
38
32
23
29
23
15
19
11
10
8
14
10
7
15
6
6
6
6
28
24
10
10
10
16
16
15
8
8
9
8
10
10
8
8
6
10
10
7
8
7
10
10
7
74
70
48
33
33
33
25
24
20
19
20
14
11
14
14
16
13
13
14
8
7
7
7
10
10
65
58
47
38
40
38
22
20
29
19
18
19
20
16
21
20
20
18
10
10
17
83
56
41
41
35
27
6
10
6
10
8
9
7
7
6
23
26
25
15
18
109
76
64
62
62
57
62
44
35
29
28
26
15
13
11
12
8
28
27
22
22
25
67
68
65
39
42
41
33
31
15
9
13
13
9
9
9
8
9
6
32
36
21
23
14
14
14
12
8
10
9
10
10
9
8
6
7
6
6
6
38
40
32
35
77
62
47
47
26
29
25
17
19
15
16
16
14
13
10
10
9
11
45
37
35
38
38
68
65
55
33
31
24
28
22
18
20
21
21
20
10
13
17
10
10
50
50
43
92
73
57
53
36
36
29
29
17
15
15
15
10
12
11
12
9
6
7
8
40
37
38
38
38
34
34
34
34
27
31
27
18
15
15
13
13
7
11
7
6
6
79
64
61
45
39
39
32
35
30
27
31
24
23
20
22
22
22
19
20
16
8
9
10
7
6
58
127
118
48
30
29
28
30
17
23
25
15
15
14
13
7
8
7
93
58
49
49
43
35
32
30
27
24
22
21
22
14
17
10
6
7
9
6
6
9
6
7
73
78
79
80
61
61
61
58
52
51
50
46
43
42
38
40
38
36
35
24
27
16
12
13
6
65
63
58
58
58
45
45
45
45
42
42
34
34
28
22
22
17
16
10
9
6
78
125
105
68
60
60
50
48
50
35
33
32
29
27
30
32
24
20
25
9
13
12
83
95
76
73
69
67
69
61
55
50
38
38
37
32
29
26
15
20
15
11
9
88
87
81
73
58
59
56
49
37
37
20
20
20
25
10
10
19
14
7
7
7
7
92
93
227
87
83
83
71
63
65
58
51
45
47
39
24
30
29
19
19
10
6
8
6
115
108
83
84
73
76
70
61
62
30
30
31
29
29
24
15
17
15
17
7
7
7
7
7
111
85
75
52
52
53
29
34
21
20
22
18
12
8
7
9
7
6
9
9
9
9
8
153
125
94
98
86
83
78
64
56
51
47
25
17
21
14
14
14
17
11
11
8
10
10
117
102
99
99
85
68
71
68
60
50
39
31
30
32
23
29
22
22
22
13
15
7
13
96
86
82
82
75
71
71
50
50
43
37
27
27
27
9
10
7
6
7
7
6
6
6
130
109
109
100
90
90
92
79
44
40
32
33
35
37
32
29
18
25
15
11
11
11
7
118
100
93
84
56
49
31
37
34
34
24
31
19
19
16
10
6
12
8
9
9
8
111
103
102
95
76
67
50
42
39
42
34
28
24
21
22
22
10
14
14
13
6
6
7
6
8
128
105
84
82
70
75
69
59
47
47
32
40
40
29
30
26
27
26
20
21
13
13
182
155
115
112
69
64
71
47
43
34
32
31
24
27
21
14
18
6
6
6
8
6
157
132
111
95
65
65
66
60
39
39
39
40
36
36
30
30
23
17
15
21
10
7
6
6
6
181
138
135
121
122
63
44
44
44
41
37
31
37
23
17
16
10
7
10
9
10
130
105
83
80
71
67
61
51
47
49
42
47
46
46
35
41
21
21
16
15
15
15
10
189
145
131
120
106
56
65
55
55
47
51
38
27
24
27
27
26
21
21
21
10
8
8
172
168
151
135
122
100
85
80
69
45
38
34
31
32
25
25
26
26
25
25
8
17
18
22
142
110
91
82
57
48
37
32
28
15
13
13
16
11
13
9
8
6
6
7
6
6
6
163
146
114
103
88
90
69
66
57
59
53
42
35
33
18
27
18
18
18
12
11
150
129
100
104
79
63
56
58
50
37
40
40
40
38
25
23
30
23
23
16
16
14
6
7
7
124
110
105
100
82
69
61
63
51
51
51
46
46
43
43
28
28
28
26
23
21
21
149
50
50
38
35
33
33
33
26
29
26
26
26
19
17
16
17
17
7
7
15
132
130
115
103
97
87
66
61
61
56
56
55
55
38
35
38
28
14
10
7
172
106
78
61
60
50
39
43
43
43
38
29
27
26
26
27
15
10
7
12
7
145
97
99
67
72
65
65
50
39
38
41
32
32
31
22
30
17
13
15
17
14
6
6
6
162
123
119
107
107
71
55
46
37
46
44
43
25
35
31
17
10
10
10
16
6
228
150
142
128
81
77
76
58
51
51
52
41
41
39
39
38
24
22
12
16
8
7
7
181
160
159
112
86
82
61
59
56
47
48
33
33
35
32
30
9
12
10
6
9
9
129
119
86
85
69
68
68
68
61
52
52
22
31
18
9
8
8
14
8
8
7
7
263
194
184
180
154
150
149
91
88
90
73
73
66
57
31
31
31
22
22
19
7
228
187
96
95
95
90
71
64
71
60
48
43
42
36
31
26
25
22
23
22
18
134
135
134
120
117
108
83
76
73
73
67
52
41
36
24
29
24
17
14
22
11
6
7
227
129
111
107
81
82
73
68
52
42
38
32
34
34
18
27
16
11
15
11
11
11
8
10
6
209
170
130
110
93
100
96
86
63
73
57
60
51
50
48
46
39
27
23
15
16
17
16
10
106
68
51
44
42
29
38
9
9
9
9
15
9
6
6
6
9
6
8
6
9
192
163
138
122
121
99
85
81
70
68
68
67
61
56
56
55
49
37
28
26
10
8
7
285
108
98
91
78
77
77
66
61
52
48
47
46
31
31
31
30
23
19
13
7
8
6
183
131
125
97
95
97
96
85
71
62
61
52
44
37
36
36
37
36
18
15
10
9
13
10
166
135
114
108
87
75
64
68
68
59
56
45
42
29
32
26
21
7
7
8
175
137
116
97
88
81
62
45
34
34
27
16
20
21
23
23
7
10
12
12
12
6
182
159
146
112
97
93
81
68
68
59
51
50
39
35
35
29
33
32
25
28
17
19
11
7
127
103
90
56
56
56
46
49
38
35
37
17
23
22
20
22
17
9
10
13
9
9
9
9
124
121
122
105
89
77
70
49
55
48
46
38
38
36
27
27
21
16
14
9
10
12
7
9
11
160
136
119
96
83
87
46
43
28
32
22
9
14
19
12
10
9
7
6
6
9
7
9
7
181
141
117
87
88
71
64
59
70
58
52
49
39
47
37
37
26
25
20
16
11
14
6
6
143
131
75
76
73
66
60
61
49
50
39
44
22
14
14
14
19
19
11
10
11
12
7
304
142
142
130
104
86
65
63
61
58
58
49
48
38
19
19
17
16
6
13
7
7
163
145
103
80
67
60
41
39
46
37
30
24
24
29
23
21
12
12
8
8
114
77
75
78
76
70
69
65
46
45
51
46
34
42
29
29
26
17
14
8
6
360
254
163
127
78
74
73
62
50
39
49
42
34
36
33
32
19
22
22
11
6
9
178
113
91
82
51
46
39
38
35
36
37
36
25
27
24
22
16
20
14
8
227
106
76
74
72
68
59
59
61
44
42
29
29
29
32
30
21
28
21
24
13
21
15
11
221
173
157
146
134
141
119
104
95
48
48
46
26
26
20
10
8
14
9
10
139
101
93
71
54
54
48
51
51
53
42
40
45
31
34
34
32
22
29
23
15
15
8
8
286
136
109
104
95
79
44
37
36
36
36
30
30
25
21
16
22
9
9
7
9
9
9
6
289
138
67
62
62
49
33
39
25
14
12
20
17
17
17
10
10
11
7
6
8
6
6
233
115
118
115
74
76
65
53
53
48
38
44
40
34
19
19
15
8
9
9
8
174
159
126
58
41
43
43
32
40
24
23
20
20
20
20
13
8
8
8
7
7
7
124
116
77
60
47
45
25
25
23
21
18
21
12
17
12
12
15
12
6
12
12
6
197
180
162
133
101
64
52
55
55
53
32
34
37
34
32
30
28
17
17
22
10
121
100
99
88
85
73
77
48
28
29
22
17
17
16
15
10
9
9
7
6
7
134
137
123
55
48
33
27
22
20
14
20
19
9
11
8
7
7
7
6
7
7
238
142
99
98
89
65
65
66
48
45
44
45
38
32
33
37
32
26
25
32
25
12
146
62
50
50
46
43
37
22
22
21
18
17
17
17
16
15
15
17
17
12
10
7
8
8
137
126
78
42
31
35
26
23
26
26
20
17
17
9
8
8
10
6
6
7
8
160
108
61
53
54
52
47
53
47
42
45
47
40
39
31
27
27
22
24
17
14
10
12
13
90
85
80
61
60
61
57
52
52
39
34
33
37
30
30
23
29
29
20
19
23
22
16
7
315
81
66
52
50
49
41
42
42
33
32
27
27
21
21
10
14
8
6
7
8
96
75
75
69
65
56
57
51
47
40
35
37
33
26
26
17
20
17
17
17
17
10
6
223
180
144
82
81
76
67
72
52
47
38
42
41
35
35
23
24
14
18
18
9
9
9
109
104
85
72
73
59
56
52
39
41
34
27
30
25
19
20
10
15
10
9
14
6
6
6
267
161
149
121
102
97
70
62
53
52
54
38
41
39
43
11
9
6
6
7
6
133
107
102
100
95
95
75
63
67
62
55
57
51
46
46
43
33
30
20
14
8
12
8
7
7
99
88
88
77
72
48
51
44
38
38
26
18
20
21
21
16
17
9
9
9
9
9
12
6
201
145
128
118
106
84
76
63
59
58
58
47
50
40
39
40
30
24
23
22
10
10
77
66
54
52
57
56
48
32
30
23
23
19
9
16
13
8
8
8
95
71
63
35
34
28
31
32
32
27
27
26
20
10
9
9
9
9
8
7
120
107
107
100
82
82
72
68
62
67
41
37
32
29
32
23
18
18
15
13
12
14
9
215
89
92
83
87
76
63
44
45
45
42
37
34
30
30
23
23
19
19
16
18
14
7
449
122
101
97
83
51
59
49
43
42
40
42
42
35
33
24
28
23
15
8
200
160
107
92
86
72
71
69
65
62
54
52
51
44
37
35
29
29
25
26
29
24
8
8
174
133
133
122
125
119
111
102
95
84
77
54
56
55
52
43
31
22
20
10
15
10
146
125
105
101
85
82
58
53
50
39
38
39
33
25
13
14
8
8
15
8
7
7
7
188
152
100
85
71
74
79
68
50
53
55
44
44
30
35
35
13
13
12
12
12
8
166
136
78
80
49
49
49
53
47
39
35
40
25
26
17
17
16
10
14
6
160
145
140
124
124
90
81
80
77
69
71
54
43
49
42
46
26
20
15
16
15
11
7
184
122
104
103
84
77
70
64
62
59
45
47
44
43
27
20
24
23
13
9
9
137
136
108
95
76
52
33
41
21
25
17
17
14
11
9
9
14
14
7
8
7
7
290
217
181
175
149
139
106
88
73
68
61
63
63
37
26
27
22
19
18
17
10
6
118
105
100
93
97
97
97
92
84
84
84
42
42
42
31
33
33
24
18
12
6
7
7
84
81
79
67
70
60
58
47
47
46
47
44
36
36
29
24
20
21
10
17
10
177
124
110
96
95
95
75
50
49
42
38
34
34
32
29
34
31
22
15
15
21
8
195
139
116
94
95
89
85
87
71
57
42
38
28
20
10
10
10
11
11
10
10
7
10
7
231
106
112
97
94
65
66
70
51
44
51
42
35
27
15
15
12
15
8
8
7
10
10
107
95
94
75
65
67
64
63
40
36
30
31
18
17
17
19
14
8
7
10
6
10
10
8
183
176
150
129
119
72
69
63
54
58
54
51
46
45
45
45
48
35
25
22
22
19
9
8
155
110
97
104
91
74
59
50
31
37
28
26
24
17
16
18
22
22
14
8
13
6
168
151
114
75
64
67
64
58
55
55
36
37
35
33
35
32
27
23
9
19
14
8
8
119
123
119
116
80
76
69
69
72
72
67
62
44
37
38
38
33
14
13
7
362
194
165
167
113
93
92
81
55
47
42
38
31
23
12
10
12
12
10
8
6
97
94
79
74
72
51
50
55
53
44
44
34
13
7
8
7
7
7
7
7
6
6
244
236
207
159
154
120
84
48
48
48
45
29
22
22
20
20
20
16
15
13
12
11
11
10
150
80
71
50
43
43
27
33
25
25
21
23
16
8
8
11
13
6
6
6
6
7
165
82
69
70
62
65
53
55
41
43
43
32
36
32
31
32
28
26
25
23
12
18
300
176
68
66
67
60
44
54
37
37
31
27
18
18
24
20
21
17
6
6
9
6
206
142
111
104
76
75
58
49
46
42
40
40
40
21
22
22
10
10
9
8
9
8
7
202
109
109
90
96
77
80
47
53
46
40
29
15
15
16
16
7
13
10
12
10
199
164
134
105
85
85
82
56
48
46
49
41
41
31
25
21
15
15
6
10
119
119
85
68
74
64
56
51
50
47
38
38
44
36
36
37
30
25
13
15
8
6
8
252
237
223
193
93
87
89
82
83
74
66
60
61
59
55
52
46
30
30
18
12
147
129
110
111
97
95
90
83
79
67
61
54
49
42
47
35
32
21
25
14
12
11
135
132
83
70
63
45
39
25
30
21
21
17
18
17
17
14
14
8
12
12
8
7
6
6
159
115
105
77
75
75
64
57
51
57
33
29
35
27
22
22
23
19
16
13
10
151
122
132
109
86
80
80
72
71
36
29
33
27
27
22
19
18
14
6
6
12
175
117
99
53
50
34
36
32
33
32
30
30
31
27
27
27
19
14
8
10
10
9
8
6
145
123
113
86
74
80
50
42
36
35
29
32
24
24
22
16
13
12
11
8
8
177
157
159
130
122
91
77
76
71
46
43
42
43
43
30
27
25
26
18
16
8
13
13
10
299
186
146
118
102
100
100
65
53
51
46
42
42
38
42
34
32
29
24
19
21
11
160
150
119
107
101
96
96
88
75
62
56
54
53
52
47
37
37
31
26
23
23
18
18
10
13
174
165
155
145
131
131
104
75
56
50
45
45
42
39
40
33
35
35
9
20
13
7
7
113
97
84
82
75
66
59
60
57
51
44
47
38
36
27
26
27
33
12
10
10
7
7
6
285
169
155
149
126
120
119
80
78
71
68
53
52
49
42
39
43
41
35
28
13
14
11
9
278
9
9
9
9
7
7
211
160
160
127
121
123
99
93
81
75
72
59
57
43
22
17
9
14
9
8
9
9
8
8
8
9
8
114
100
82
70
67
72
66
59
53
24
27
21
21
19
403
19
14
160
98
95
99
95
86
83
84
68
64
58
60
58
35
6
10
10
8
7
424
279
24
19
18
204
185
190
175
176
136
115
90
82
78
52
45
45
33
31
27
29
23
134
131
116
102
87
89
81
82
77
73
70
65
57
42
38
21
20
11
16
29
34
29
232
217
186
146
99
92
84
75
75
70
50
43
47
39
34
25
17
39
219
147
149
131
129
100
83
80
80
74
76
60
49
50
50
29
23
13
10
6
38
102
102
91
88
82
78
61
68
65
45
47
32
36
18
27
11
15
7
9
9
43
43
174
167
161
133
122
117
107
111
101
92
95
89
64
58
54
40
20
23
18
18
7
9
54
54
54
49
205
170
141
121
117
117
92
45
42
42
34
41
37
21
17
10
19
58
53
177
175
173
120
112
98
86
80
72
61
39
33
13
11
14
10
12
14
11
10
380
374
59
56
201
148
144
135
122
106
83
74
74
70
64
55
51
51
37
20
16
12
8
13
63
172
139
129
122
117
84
74
72
61
61
39
36
42
34
34
34
11
10
7
7
364
74
68
68
192
184
183
140
141
137
137
127
122
118
102
74
61
57
51
56
54
18
9
73
73
282
170
152
147
137
132
131
130
118
116
82
79
60
46
44
34
33
23
30
10
10
194
189
160
147
125
121
113
93
91
84
62
60
66
39
39
35
26
19
19
20
24
22
6
89
179
152
141
110
79
72
67
44
42
41
44
40
38
25
28
10
8
8
8
10
6
90
89
87
245
155
138
133
131
132
122
120
103
103
104
74
45
48
47
40
26
24
9
10
6
386
91
243
194
186
180
162
140
134
127
109
87
64
64
50
52
44
35
29
29
18
16
9
7
102
98
191
176
175
172
125
130
104
104
91
75
78
77
63
58
14
10
10
14
10
7
6
183
123
114
89
89
81
54
45
48
34
31
23
23
26
15
18
17
10
10
10
12
14
8
10
108
294
201
199
102
85
79
65
58
58
32
32
32
28
31
22
22
20
14
8
113
291
287
233
217
217
217
200
163
156
134
122
124
106
71
57
44
40
35
25
19
17
7
119
270
235
192
168
163
155
139
145
137
127
111
107
84
65
32
32
33
25
24
22
15
12
7
129
240
206
189
189
185
168
146
144
134
117
110
96
84
35
38
37
30
29
23
17
20
132
197
182
102
105
93
95
76
53
42
39
37
39
29
22
22
13
12
11
15
12
17
301
255
242
222
168
130
111
106
94
72
57
47
27
27
9
9
10
9
9
9
13
7
7
7
401
262
218
181
135
109
107
80
80
66
54
52
52
45
45
44
35
35
12
9
320
292
230
197
110
91
85
74
43
40
37
32
30
18
17
17
19
10
10
8
9
348
272
228
183
132
116
103
90
84
62
55
55
48
45
45
42
33
24
15
14
17
13
14
12
154
300
277
183
114
110
99
69
48
47
38
44
37
45
36
33
33
31
27
22
10
8
236
222
190
187
179
136
115
105
96
82
72
65
64
47
32
29
25
25
23
24
8
9
8
410
182
160
111
101
79
78
49
46
39
39
34
37
39
30
28
10
8
8
7
7
8
8
251
208
141
123
113
75
74
62
63
64
59
51
40
34
34
35
34
22
13
13
9
9
10
231
216
207
142
115
85
88
80
80
67
67
43
40
38
28
35
24
23
18
18
14
16
15
14
10
223
114
102
94
75
73
60
67
59
58
52
48
43
44
40
40
29
29
28
23
7
10
6
272
237
144
144
131
119
105
89
90
59
50
49
48
32
34
33
23
15
10
15
10
13
187
267
231
167
136
92
62
57
53
53
53
54
42
50
50
33
33
29
30
9
10
12
15
317
317
148
118
85
69
73
60
60
58
49
55
42
38
38
37
33
20
10
11
7
10
10
6
6
153
121
113
103
101
92
80
78
74
72
74
63
64
59
41
39
40
33
38
25
18
25
25
18
209
276
150
149
119
114
83
83
82
72
68
57
68
45
44
30
22
27
28
17
11
12
290
242
150
78
75
74
69
55
53
53
50
43
35
32
32
29
22
22
15
14
18
16
9
8
258
211
186
172
112
111
94
93
92
89
78
75
62
57
57
55
53
50
30
26
22
23
13
219
141
126
129
98
94
85
74
63
60
58
54
50
32
30
28
19
19
15
7
7
6
8
224
285
145
135
132
112
88
87
77
56
52
49
36
28
29
20
17
21
10
13
17
249
201
143
142
104
95
96
94
90
68
70
68
64
60
54
46
38
36
35
28
10
6
110
100
84
72
60
61
50
48
50
43
43
43
39
43
39
34
30
32
9
9
244
9
11
217
196
180
159
145
142
119
112
102
82
79
66
52
52
41
38
36
31
21
20
20
394
7
14
12
7
230
188
165
161
138
126
109
88
90
70
63
60
44
36
36
31
25
22
13
9
9
9
164
154
131
132
113
92
85
83
58
62
59
44
35
35
31
27
27
298
17
26
24
15
9
13
14
12
205
149
148
138
117
94
85
80
70
63
54
58
47
52
43
35
306
277
25
19
219
158
122
119
85
88
84
82
75
75
75
75
72
55
37
40
8
306
36
24
24
24
261
163
107
105
95
70
57
12
8
9
12
7
7
7
7
7
40
40
31
27
25
261
214
185
182
162
142
130
115
110
105
85
78
62
56
60
56
49
47
14
38
34
35
36
27
220
204
180
156
122
108
111
109
93
99
70
67
70
19
15
10
6
358
289
42
39
38
34
35
37
148
123
119
95
88
81
79
84
79
72
74
57
23
21
8
14
289
398
316
55
55
47
47
281
190
195
180
179
148
145
130
124
123
100
93
89
29
27
52
48
46
44
155
128
128
104
102
101
97
80
33
32
31
18
21
11
11
11
6
371
58
57
57
49
209
160
140
142
132
122
100
81
81
43
37
25
23
19
11
16
315
311
64
61
59
179
165
113
109
99
101
97
95
97
73
47
41
42
35
21
10
10
10
309
385
68
73
60
207
170
157
157
131
113
104
86
88
92
48
48
55
36
29
26
24
26
15
15
366
72
174
169
149
136
135
121
118
116
114
118
110
46
20
12
10
8
11
9
11
11
9
10
83
77
67
213
179
178
160
160
158
150
120
119
120
107
91
59
35
26
17
17
22
24
14
13
373
81
297
163
155
155
143
131
115
109
98
97
100
62
21
21
20
9
17
15
6
18
87
300
198
153
140
73
67
59
59
35
25
13
22
11
10
10
9
9
9
10
9
6
6
6
202
195
154
145
138
131
122
66
58
54
63
41
33
34
30
31
26
12
10
9
10
8
173
160
150
150
143
127
132
118
111
108
87
87
79
76
73
63
64
44
44
28
17
13
6
99
193
188
173
177
152
137
118
117
78
75
58
59
40
29
29
37
22
19
10
6
6
6
105
99
103
171
170
122
92
93
66
59
52
55
50
46
37
41
28
31
15
23
7
109
275
264
203
197
190
149
102
91
69
59
50
34
30
19
16
12
16
6
114
278
269
180
177
173
127
88
76
74
65
64
43
44
35
34
31
19
17
17
17
8
6
6
119
118
308
237
220
172
165
165
159
138
138
99
46
46
40
41
31
34
23
28
16
16
126
117
274
257
238
230
208
112
98
99
66
66
54
50
47
39
41
41
39
35
25
25
11
130
284
276
186
178
174
173
171
162
166
150
144
74
80
58
68
52
50
51
39
32
30
8
7
137
223
190
190
156
118
116
96
85
80
55
56
46
41
37
35
28
28
26
28
31
12
18
147
139
192
115
111
95
95
81
76
64
60
58
46
36
31
27
26
14
10
10
16
155
225
208
180
129
94
85
82
56
54
52
52
41
45
38
25
19
11
10
13
7
144
346
253
132
120
100
89
70
52
58
46
52
46
37
25
14
16
12
10
10
10
164
153
233
189
176
136
105
95
96
96
78
77
64
64
55
50
38
34
38
24
25
704
171
365
340
305
176
145
128
109
101
87
88
69
56
56
62
29
10
19
9
9
8
8
269
235
230
222
143
145
104
90
87
83
75
43
41
35
33
27
22
16
27
12
14
8
8
168
346
284
259
243
117
81
73
70
66
70
51
50
45
40
44
44
36
25
31
14
13
175
337
263
227
210
108
100
84
78
80
77
62
58
45
45
43
44
37
21
18
18
18
9
8
10
535
484
333
330
255
200
164
167
157
149
83
79
77
66
61
60
44
40
24
28
23
15
13
149
109
103
101
91
75
53
50
45
47
45
41
29
9
20
17
6
7
9
7
364
229
151
118
116
96
92
83
80
60
62
59
38
38
35
27
24
12
7
6
9
278
227
169
151
145
145
114
101
78
65
55
32
21
18
18
10
9
10
11
10
7
8
385
354
150
127
125
124
109
109
92
90
80
76
67
44
48
34
34
35
22
23
15
337
225
130
116
114
88
75
75
77
71
74
66
48
48
40
29
26
29
20
20
17
7
10
220
312
293
289
197
197
130
124
103
53
34
31
32
24
17
17
24
12
9
15
7
6
219
270
253
247
133
126
117
112
111
93
88
82
77
64
63
51
54
42
26
18
7
6
241
184
193
113
102
92
63
56
59
55
54
36
39
26
21
23
22
12
13
11
9
11
11
8
332
306
157
161
103
91
93
72
40
44
38
39
27
29
17
16
16
16
6
6
229
295
283
247
168
122
119
114
66
46
40
40
37
33
27
32
24
24
26
21
19
19
9
310
159
132
71
61
58
49
46
45
27
32
31
26
14
9
10
10
12
10
8
7
160
146
108
106
64
70
64
61
32
32
31
28
23
22
23
14
15
14
14
14
13
6
147
114
93
70
66
64
59
61
58
52
46
51
38
39
35
30
22
20
14
15
9
11
10
8
256
189
174
142
126
119
106
66
50
43
41
39
39
39
32
31
31
28
27
15
15
6
7
8
335
195
152
121
104
98
90
76
77
77
72
53
58
51
21
21
25
18
18
8
7
6
274
224
180
157
149
130
125
103
82
69
54
57
49
49
35
37
37
34
28
12
8
264
263
368
226
206
186
164
130
109
108
102
84
56
56
56
54
31
33
9
8
13
9
10
9
9
166
150
130
105
105
105
84
75
62
61
55
58
52
49
36
22
21
10
13
21
323
14
8
238
204
141
119
121
112
98
90
92
82
87
67
66
64
56
50
41
38
27
33
19
220
201
155
136
136
123
102
102
89
77
76
72
71
68
61
55
53
54
44
45
37
23
20
20
19
20
13
16
18
181
181
177
150
128
86
90
76
74
70
74
74
51
45
37
41
36
390
29
25
23
20
233
181
160
114
96
87
81
81
72
75
72
63
50
37
30
10
15
155
142
110
110
108
96
94
83
84
80
83
80
59
47
41
34
8
8
7
6
6
32
26
206
196
169
110
105
90
91
77
79
75
68
65
65
65
59
64
42
7
9
7
312
314
191
142
129
97
86
86
71
78
78
57
48
45
19
17
16
17
18
16
10
8
437
389
44
44
39
42
43
234
221
153
137
133
102
84
85
76
64
62
54
50
61
32
21
11
347
49
50
54
43
266
194
185
167
162
129
91
82
83
84
67
24
24
8
9
10
8
10
6
6
372
53
46
238
190
156
144
127
123
116
112
112
111
95
93
84
72
66
29
31
13
15
11
9
59
51
309
168
139
139
125
116
104
91
90
77
39
42
44
34
22
29
18
10
13
13
8
330
65
64
69
63
312
223
225
222
196
192
166
144
122
124
105
81
44
39
18
13
13
12
10
66
60
147
126
121
87
87
78
85
57
49
52
44
40
40
26
27
22
13
17
7
7
75
68
70
245
218
154
129
119
119
115
65
54
49
49
37
46
46
45
35
34
34
23
23
10
10
80
71
327
269
237
192
176
169
167
156
139
136
128
97
53
50
48
37
38
28
28
12
14
15
6
84
81
183
165
149
135
64
59
61
50
45
45
45
41
40
37
37
28
27
15
15
11
8
277
175
174
136
107
78
67
61
64
64
48
48
49
50
43
46
43
38
22
26
31
9
99
95
215
159
124
69
56
64
55
55
50
48
48
48
29
36
21
21
15
14
15
14
6
100
152
121
110
84
78
71
70
59
56
43
48
41
30
26
24
13
11
16
10
10
6
98
277
152
152
155
148
130
79
49
46
41
35
25
16
18
16
8
6
14
7
110
230
70
58
58
63
53
51
41
51
40
29
30
21
16
18
9
6
8
8
8
8
9
8
396
136
101
76
81
81
73
68
71
63
58
60
47
45
56
41
25
25
12
13
7
176
166
137
94
80
76
68
73
63
65
68
50
55
56
39
41
35
19
23
14
13
205
179
178
179
171
151
95
85
75
68
71
59
51
50
55
44
44
38
10
17
17
10
443
134
235
176
163
160
88
64
60
56
49
49
49
43
41
46
43
37
23
22
8
13
6
175
163
85
78
82
69
61
54
59
51
33
13
8
9
6
6
8
8
6
6
6
140
130
201
156
152
114
87
70
74
70
39
46
25
33
34
28
16
13
9
9
11
11
9
7
354
279
259
168
98
98
93
88
71
64
65
41
38
35
24
22
23
23
21
19
18
16
8
203
191
106
98
93
76
73
61
61
52
48
48
28
33
30
33
23
21
13
7
242
180
164
134
133
111
81
81
81
68
63
65
54
51
47
47
33
31
26
24
24
16
12
11
12
230
131
134
122
130
118
114
113
108
86
61
62
43
36
40
33
31
29
29
26
22
17
6
6
155
162
384
357
136
84
80
64
68
61
50
45
38
41
38
34
23
29
22
12
14
12
10
8
169
273
144
136
123
123
100
89
67
62
63
55
41
17
20
6
6
9
13
6
168
206
192
191
154
141
128
131
109
102
95
90
67
67
53
53
46
44
38
18
173
146
138
110
100
91
76
58
49
39
38
43
40
41
30
37
22
19
12
9
16
7
176
183
255
215
201
159
159
119
98
99
98
77
59
54
44
49
48
49
14
17
21
21
8
341
207
146
138
107
88
75
63
63
49
53
40
47
47
32
29
32
22
15
13
16
14
9
7
317
246
161
148
115
111
104
93
73
66
66
57
45
40
45
31
20
18
20
22
12
6
9
153
153
147
116
99
93
79
72
71
73
74
69
62
57
39
45
25
24
19
11
10
11
7
16
209
318
163
124
76
74
74
72
67
62
48
33
36
28
21
22
21
21
10
15
8
9
214
264
239
158
153
137
136
106
88
90
88
55
55
46
37
46
33
34
27
30
17
20
12
10
504
253
175
135
113
105
93
74
79
74
72
65
54
57
44
46
32
26
20
21
24
20
11
18
220
331
182
134
105
107
91
80
77
70
69
62
62
52
36
15
7
10
12
10
8
6
135
116
103
78
75
75
61
55
44
45
41
41
31
36
13
7
7
7
7
10
9
9
7
6
301
246
200
115
122
101
87
79
53
47
47
52
41
36
35
34
30
33
20
21
11
14
7
10
265
176
162
161
114
108
80
80
81
80
76
71
59
52
54
41
24
9
14
9
9
9
97
90
85
90
76
75
44
51
34
26
23
17
17
20
14
13
10
6
7
9
7
8
9
6
322
276
142
139
98
86
84
72
65
42
49
34
32
31
27
19
11
12
11
8
243
7
7
7
12
7
10
163
153
54
54
42
33
25
27
21
21
21
17
16
13
13
259
301
6
151
151
78
72
71
59
59
58
43
43
36
41
38
35
28
22
20
18
257
17
7
7
6
6
6
6
179
180
158
145
99
101
91
85
87
61
51
44
36
31
31
25
25
27
12
7
6
6
6
225
166
128
131
115
110
97
90
51
55
44
42
32
32
30
30
30
27
27
11
223
190
166
155
127
127
98
95
92
87
90
81
72
64
60
51
41
37
36
40
35
28
19
21
16
218
151
106
98
102
100
76
77
61
65
59
49
43
43
40
9
16
10
284
319
35
40
42
22
26
21
21
256
178
163
143
130
83
61
60
53
54
11
11
19
306
27
27
31
28
26
27
156
158
138
136
127
88
70
68
56
59
48
50
48
11
9
9
330
50
43
31
186
159
141
126
106
87
93
76
78
61
61
56
54
55
14
6
7
10
49
41
36
36
36
36
256
158
140
134
111
116
79
71
63
63
59
24
33
21
24
16
11
15
317
60
284
145
128
74
65
41
34
24
24
21
21
16
17
18
6
6
6
6
6
48
46
289
265
235
225
121
121
125
89
87
90
85
76
71
72
68
29
29
26
29
9
64
57
51
51
253
216
113
80
81
32
26
29
24
8
7
6
9
12
12
56
274
268
258
228
145
119
91
54
50
32
31
9
9
8
8
8
8
7
8
7
77
62
61
61
97
98
99
87
56
54
41
34
16
22
17
14
14
13
10
6
6
6
66
170
164
148
152
132
135
108
96
88
61
54
51
41
27
27
20
20
17
18
10
8
87
72
193
187
135
111
100
93
65
46
44
44
26
28
22
23
13
12
13
13
81
185
120
116
103
101
61
57
52
51
51
47
41
37
35
31
30
21
15
15
17
8
86
84
217
205
203
157
103
61
36
41
38
23
26
22
17
22
12
6
9
10
105
98
86
169
162
126
112
111
111
69
57
47
45
37
38
37
37
30
33
31
15
17
17
17
457
93
195
147
116
76
68
66
58
52
52
44
43
43
27
33
25
17
10
9
20
19
13
6
150
129
122
118
81
79
74
64
58
51
50
50
47
45
38
37
38
24
14
22
14
102
330
286
150
123
79
56
62
60
55
55
47
42
30
32
30
26
11
11
6
6
169
169
132
131
81
62
60
59
57
57
58
48
48
53
48
36
35
37
35
14
17
15
10
6
9
199
141
133
96
94
89
88
76
64
63
62
62
52
42
42
42
33
36
16
22
9
9
135
225
167
159
99
81
79
70
67
45
27
21
16
15
14
12
12
9
12
9
7
133
336
151
150
101
83
77
75
66
62
47
26
17
17
19
15
16
14
14
126
126
188
162
147
111
102
101
97
83
80
78
73
66
58
60
55
36
36
25
22
241
233
222
167
168
85
72
62
61
60
46
31
36
30
29
24
24
24
27
18
12
9
245
161
158
130
97
101
80
82
77
78
68
61
57
47
35
35
38
34
32
29
30
27
16
14
15
320
243
226
174
124
93
82
82
70
67
60
56
44
39
37
37
34
35
34
20
22
10
148
146
170
131
100
98
91
91
75
77
77
53
39
40
41
41
39
34
37
14
17
10
9
425
234
187
106
102
82
58
62
51
53
47
46
33
29
28
31
21
19
10
10
7
6
10
10
161
314
202
139
131
118
110
108
77
66
59
52
52
37
35
23
27
30
27
19
17
11
15
335
154
122
115
106
102
97
68
57
60
38
30
15
20
16
10
9
8
8
9
10
7
179
182
149
119
91
75
76
65
62
62
49
35
30
32
15
15
8
6
10
8
171
287
161
150
123
122
113
100
72
54
64
51
41
30
18
21
12
13
12
7
271
214
167
129
81
74
72
66
56
57
47
45
35
39
31
22
25
24
18
12
8
194
197
311
271
176
171
172
110
68
68
62
48
52
36
37
30
18
12
11
6
7
7
7
240
227
147
138
127
122
88
82
76
65
63
64
57
45
28
22
21
13
16
12
12
12
196
215
91
86
72
72
70
60
55
52
46
46
40
40
40
30
25
14
15
11
10
6
9
197
282
278
250
239
147
127
101
83
50
48
55
45
45
32
23
19
16
8
7
7
12
14
6
413
352
97
97
97
68
70
62
57
48
50
25
27
22
25
22
20
21
20
7
6
185
160
158
135
111
106
97
86
70
65
60
55
52
37
26
25
27
21
20
11
9
11
235
156
122
95
78
80
85
72
70
64
60
50
57
57
36
34
32
31
29
27
345
277
249
192
125
93
93
79
69
50
40
30
29
29
34
34
23
21
9
9
268
177
173
149
117
114
99
63
55
46
47
41
42
36
36
28
22
19
14
12
15
10
7
10
8
229
226
206
210
182
158
148
155
124
113
95
88
82
85
50
52
49
45
39
33
24
31
24
9
8
232
388
327
142
130
95
86
81
70
71
57
54
51
27
15
17
17
11
13
7
220
177
132
114
94
72
67
55
51
48
43
34
41
37
30
19
24
20
7
8
8
8
207
137
135
117
102
96
83
87
75
75
65
65
64
64
61
59
52
48
46
46
38
29
22
9
262
157
124
127
95
69
69
70
66
67
53
51
51
51
26
29
26
21
18
18
19
14
9
10
249
193
160
101
87
77
77
70
58
56
49
43
48
37
34
27
22
22
22
16
9
10
8
8
9
257
206
149
119
115
102
80
82
81
80
80
75
46
42
32
38
25
27
13
10
9
9
7
6
213
205
170
172
154
148
138
123
123
123
92
88
82
66
66
55
42
41
32
33
32
26
24
15
164
144
136
115
87
86
86
71
71
59
49
50
49
57
55
49
37
32
21
20
20
19
15
7
7
271
247
202
173
110
103
95
89
78
76
68
64
54
54
46
42
39
13
9
18
13
14
292
176
154
129
125
117
104
111
102
77
77
77
63
48
47
44
34
39
27
23
25
20
7
10
246
159
116
105
107
105
100
93
97
86
78
52
47
30
25
13
12
13
8
8
9
238
204
179
138
139
128
120
117
112
110
110
93
93
78
73
75
75
55
55
26
23
18
13
7
169
171
92
84
88
88
85
88
62
58
49
56
42
44
38
27
15
10
8
10
343
192
192
164
153
120
103
79
83
76
67
53
51
47
43
20
25
15
9
9
7
12
6
276
205
143
124
120
108
106
69
48
45
38
33
17
22
11
14
16
181
155
142
117
107
100
82
77
64
47
37
33
30
33
27
25
14
13
7
6
9
6
6
239
144
131
124
80
76
65
42
43
39
32
20
16
14
12
15
6
6
9
11
7
6
359
152
148
152
140
140
134
125
121
110
88
84
65
66
56
50
40
34
34
23
21
11
16
7
276
159
128
102
93
81
71
70
70
60
62
52
48
28
27
22
16
21
16
14
7
7
8
154
133
131
109
94
76
67
58
50
53
33
27
27
26
26
21
6
6
6
6
331
224
218
192
192
155
124
103
99
89
78
48
50
46
42
36
34
20
13
9
10
376
207
174
157
111
108
86
78
83
65
52
52
40
41
41
36
36
35
31
24
16
15
6
8
183
70
57
62
47
41
41
36
29
27
21
17
20
17
20
10
12
13
6
7
7
9
239
227
195
153
144
133
119
115
73
63
56
46
47
37
37
39
31
26
24
21
166
162
148
138
134
119
108
107
88
70
52
40
28
20
8
8
8
9
339
181
154
106
105
88
75
75
72
72
71
60
57
57
54
56
49
51
12
9
6
6
253
207
203
177
159
144
93
90
76
68
68
62
41
47
41
38
39
33
22
15
19
7
11
7
189
167
167
134
135
115
90
93
85
72
66
55
52
31
32
24
21
22
12
12
6
11
6
312
235
154
142
146
122
107
102
81
72
52
58
47
47
35
29
29
22
18
22
7
8
251
183
143
130
89
87
76
76
70
69
64
56
48
38
29
22
22
22
23
20
16
167
141
121
113
94
94
88
88
73
73
67
67
61
56
55
46
46
44
39
34
20
17
13
17
7
269
212
210
212
193
193
157
109
99
90
87
56
54
53
44
32
33
25
22
10
10
7
8
287
253
185
171
102
106
104
101
86
82
77
68
68
63
63
55
55
57
44
30
15
15
12
193
179
150
135
128
130
132
125
117
115
89
64
61
62
56
54
47
47
29
31
24
9
20
16
265
184
167
154
106
97
89
77
76
66
64
64
41
40
37
35
37
31
22
9
9
9
6
323
248
155
138
111
106
106
78
78
64
63
20
24
17
15
13
14
7
7
7
7
8
6
6
235
142
140
142
112
99
77
76
73
67
68
58
50
56
43
41
42
28
23
9
9
8
7
160
156
137
107
102
88
81
72
62
61
60
48
40
40
37
36
24
24
17
16
13
8
353
193
172
116
116
86
79
74
60
66
60
57
37
29
29
20
18
18
13
6
6
6
170
119
114
113
103
85
71
62
62
53
51
33
33
27
23
18
17
13
9
12
11
329
308
200
181
158
110
109
103
105
89
92
76
76
63
55
36
33
31
18
17
9
12
212
208
177
183
163
149
149
115
108
106
99
87
67
50
54
57
45
42
21
13
6
8
162
152
155
97
86
81
47
41
28
35
33
26
22
20
16
11
14
7
7
7
7
6
7
7
258
150
113
109
104
103
85
70
74
13
13
12
12
12
12
9
11
11
9
7
7
7
298
270
226
220
219
216
208
198
164
167
165
152
152
152
146
118
108
95
69
48
38
36
16
10
239
156
149
128
121
113
101
104
87
80
72
57
59
38
43
37
31
28
21
16
14
15
330
233
197
195
188
179
156
147
100
96
92
62
62
58
61
61
58
46
27
27
26
25
23
420
362
281
138
113
105
101
90
75
70
67
58
48
33
33
32
26
29
26
22
15
352
203
151
141
137
127
94
92
88
82
69
68
48
46
40
37
24
26
30
14
10
7
9
500
256
251
204
176
174
155
116
112
102
61
53
46
45
42
37
36
23
8
9
6
6
442
280
279
199
158
161
127
128
93
61
61
53
51
48
48
47
32
24
20
18
11
11
6
388
179
110
110
97
90
86
78
78
52
52
46
46
35
21
16
16
6
11
8
385
310
249
244
184
186
150
149
101
68
68
54
31
29
23
21
21
17
7
7
9
268
268
172
141
128
131
133
121
104
93
83
77
71
71
63
62
59
51
53
45
39
35
13
308
306
201
190
122
109
106
102
101
93
86
82
68
67
62
61
60
46
27
29
24
22
14
330
201
188
177
171
167
154
111
107
98
85
84
76
67
61
64
32
29
27
6
10
10
10
10
308
287
294
243
232
232
166
112
108
95
78
78
74
56
43
44
40
36
14
15
13
8
339
247
220
186
124
113
103
100
97
95
91
90
83
45
45
46
46
40
37
25
20
20
11
9
207
201
191
186
187
172
145
127
122
105
87
81
79
53
49
21
6
10
6
9
7
6
635
487
382
249
239
210
189
189
179
113
112
110
105
89
92
63
51
19
26
23
23
336
284
176
170
167
149
152
152
139
128
118
91
93
61
56
35
35
36
26
29
19
510
293
216
176
175
156
141
123
125
123
101
101
78
65
58
49
28
10
7
18
7
11
306
236
232
213
191
181
141
104
98
90
84
81
54
45
45
45
34
38
24
11
370
170
168
154
131
120
120
122
113
109
106
94
91
93
81
78
61
43
44
31
18
9
7
6
245
172
142
147
128
110
107
94
80
70
64
51
59
48
48
40
36
40
29
14
18
10
10
293
254
219
214
219
180
148
131
123
125
123
95
86
76
41
26
29
26
25
20
18
18
6
262
261
232
174
162
148
143
127
123
122
103
96
87
87
79
25
25
24
9
16
17
16
511
231
143
133
132
103
103
92
86
91
79
68
63
54
42
30
34
27
22
9
14
8
8
7
197
172
175
167
164
158
150
146
104
103
80
42
43
53
35
30
30
27
14
9
8
8
8
9
6
609
542
252
242
223
198
170
160
153
139
128
121
112
110
106
100
62
46
34
26
30
14
10
208
167
120
126
127
115
116
109
89
74
67
67
69
47
38
37
36
24
19
19
22
23
19
12
357
249
231
212
184
163
152
152
137
132
112
71
50
41
28
21
22
7
14
17
11
427
407
360
252
227
199
196
192
178
172
128
121
104
94
82
90
55
54
52
46
34
37
39
25
10
253
201
172
171
163
126
108
66
74
60
60
57
46
46
44
42
28
17
11
12
9
9
373
273
259
254
167
130
127
114
72
78
65
63
43
39
37
36
26
32
15
18
15
6
224
182
173
167
136
117
100
72
68
68
54
49
49
41
41
30
25
15
8
9
11
9
7
257
197
196
151
140
140
124
128
100
93
73
59
43
41
28
30
28
10
7
8
7
10
340
245
183
148
124
116
87
90
77
75
59
57
28
25
19
19
15
8
9
8
8
10
6
336
206
207
203
181
153
109
94
85
71
75
76
76
64
64
64
58
51
39
30
24
20
17
13
11
332
298
252
210
137
123
69
69
72
73
67
54
55
35
29
22
20
19
14
9
9
8
231
225
214
201
191
178
144
141
134
117
114
114
72
54
48
41
26
15
20
15
10
9
213
173
153
152
149
131
131
100
93
86
81
79
74
74
70
70
50
45
39
26
29
19
15
6
360
213
195
112
84
73
72
55
58
57
50
54
50
49
50
46
38
34
30
27
6
8
9
429
303
223
186
176
159
134
120
101
100
78
71
55
45
39
30
17
15
10
10
8
10
278
243
228
212
209
155
141
124
109
108
89
85
85
53
47
52
44
25
27
30
18
15
10
480
264
216
195
167
154
93
90
91
70
65
65
50
52
49
30
28
38
26
26
20
20
613
468
393
365
261
231
221
178
124
118
78
74
62
53
47
49
43
26
26
10
329
209
200
183
130
116
98
101
92
82
75
76
63
55
59
37
46
31
34
31
22
14
7
338
307
188
121
114
106
90
87
84
69
66
38
35
35
35
18
20
22
12
10
7
12
315
276
251
219
189
151
138
107
89
89
79
85
63
59
55
46
24
24
29
21
14
9
400
339
152
147
124
115
106
98
86
86
77
70
54
54
40
45
44
21
9
12
8
283
252
248
190
175
174
128
117
89
71
59
57
56
33
35
19
19
19
13
10
384
251
247
250
240
162
152
100
95
84
76
74
62
59
42
28
24
17
8
13
8
8
6
225
144
130
130
124
110
110
110
99
103
89
60
49
36
27
19
13
20
20
10
10
6
260
256
225
224
218
163
138
113
107
97
97
90
86
83
58
54
55
44
41
34
16
14
12
11
330
281
210
192
149
154
147
132
74
37
32
32
32
20
20
21
16
16
16
8
10
10
347
262
236
228
211
208
152
104
95
79
67
59
48
52
26
25
21
21
14
9
316
245
153
119
117
83
73
73
72
64
64
57
53
49
46
20
21
17
14
9
10
7
321
264
207
182
152
150
137
130
105
104
85
73
60
48
43
31
31
18
18
20
17
18
239
194
185
143
129
109
93
91
63
57
52
41
41
36
36
30
28
23
22
19
8
8
8
8
6
9
6
127
125
124
114
98
88
88
88
79
64
72
64
57
41
36
22
19
22
25
13
8
9
8
6
6
6
8
6
6
196
197
170
152
150
139
130
122
115
69
64
51
46
46
40
40
672
318
19
13
7
254
224
158
142
126
127
115
114
111
72
55
51
51
52
30
20
22
21
19
285
19
18
16
17
18
16
203
178
181
160
148
130
120
122
113
100
99
59
56
26
28
26
11
364
328
317
22
18
18
270
236
208
146
124
115
67
61
61
55
53
45
47
45
48
48
8
15
338
286
33
27
21
26
264
141
89
89
83
81
66
58
61
60
53
48
9
19
6
6
291
32
29
27
220
197
193
170
170
157
149
126
110
93
83
76
74
74
70
52
26
24
22
10
6
322
39
41
38
36
248
175
104
99
82
76
71
63
62
46
46
45
46
24
29
14
10
46
46
49
42
36
232
193
160
125
104
97
69
67
58
51
15
15
15
51
42
44
43
46
258
219
202
177
127
106
109
96
59
56
39
21
20
8
15
12
6
453
56
51
47
46
278
226
166
135
67
70
74
61
61
45
31
25
17
17
11
10
560
363
312
259
245
240
204
174
160
112
99
88
82
79
45
39
30
27
26
66
66
60
316
281
225
219
208
113
108
93
87
54
45
44
44
39
39
35
35
24
9
8
10
67
67
62
63
66
205
185
153
140
97
79
75
61
45
41
26
13
10
10
10
74
74
72
327
218
168
172
157
140
127
95
102
84
92
90
57
45
30
9
9
11
11
336
77
75
270
248
220
143
100
105
86
84
55
59
54
37
41
23
23
23
27
15
14
8
8
562
282
261
151
134
112
117
108
103
91
90
68
43
44
48
41
26
28
19
10
11
377
283
225
201
165
149
149
118
69
66
57
61
52
55
46
39
39
36
33
33
26
20
11
515
461
93
90
238
193
192
157
144
137
125
77
72
52
49
38
31
29
29
31
10
10
7
424
95
281
235
227
220
178
159
140
140
127
118
75
75
51
43
43
40
41
35
15
8
6
224
224
201
200
153
135
122
122
110
96
94
75
64
61
61
52
49
50
39
13
17
15
8
7
366
108
167
167
163
150
149
137
128
115
86
85
73
66
49
41
40
36
17
16
21
12
9
437
113
250
197
190
173
169
158
132
127
121
71
66
65
59
30
21
23
17
15
14
9
6
400
150
125
126
128
94
90
91
78
69
61
61
48
45
33
26
22
20
13
15
7
7
127
116
302
165
145
132
102
100
99
51
51
39
36
27
27
25
22
18
15
11
126
128
126
299
121
120
106
97
74
74
65
43
43
29
28
23
17
17
17
7
8
8
7
133
131
315
267
200
158
154
115
111
112
86
85
78
75
69
68
61
57
48
40
37
27
19
141
100
102
100
89
92
83
80
80
68
58
53
46
43
42
39
36
13
18
15
13
9
578
507
302
227
186
172
168
86
85
67
67
56
58
58
47
48
42
42
41
30
15
14
8
7
6
426
143
246
226
198
93
84
84
79
77
64
63
44
45
41
40
37
33
27
25
23
10
9
154
150
185
174
144
125
69
68
71
68
68
57
57
61
54
45
32
30
28
28
24
9
9
392
354
143
134
96
100
100
81
87
75
62
53
49
30
27
31
20
14
13
6
11
6
6
6
169
166
168
162
407
126
114
101
83
79
78
67
64
65
58
59
38
42
31
25
11
11
11
16
168
316
234
145
116
114
106
83
76
83
72
59
46
45
30
23
23
13
16
8
8
6
6
176
290
289
181
151
124
124
124
120
116
77
64
57
50
47
36
22
13
13
12
10
172
366
290
155
155
136
116
116
93
76
43
32
34
26
16
16
15
15
14
13
9
11
8
6
182
225
221
113
107
113
91
80
80
77
71
69
62
38
38
28
31
22
20
21
14
14
16
6
186
315
160
133
104
94
92
83
83
81
68
67
50
50
46
43
35
35
25
21
15
9
7
7
306
247
165
138
95
95
88
84
67
63
63
48
30
24
22
20
14
14
10
10
10
9
6
7
293
163
151
143
130
113
94
87
73
67
64
53
46
36
38
35
26
24
15
15
16
17
8
196
175
139
118
90
73
69
59
58
47
40
40
40
34
37
31
30
24
21
18
11
13
12
9
211
364
296
143
129
108
103
107
87
78
63
48
42
39
40
39
36
27
25
16
11
295
245
237
155
114
106
90
88
77
68
66
56
52
56
50
47
41
40
29
28
27
27
26
6
618
260
177
133
123
122
76
73
56
57
55
46
46
39
38
39
37
32
29
31
29
26
8
224
249
174
159
158
151
138
127
97
86
78
76
63
54
53
48
42
44
44
30
22
31
391
204
170
170
139
128
66
67
59
55
46
46
41
35
30
18
19
8
6
6
6
300
194
148
119
102
89
86
72
64
61
52
48
50
41
32
28
27
14
23
7
6
307
142
126
115
83
77
69
59
54
52
52
51
48
36
28
28
32
22
27
11
12
13
8
238
293
174
158
148
145
109
109
84
71
71
58
51
34
38
37
24
21
21
18
16
302
290
215
183
176
167
137
127
116
96
87
87
79
77
38
32
24
19
17
11
16
14
9
9
254
9
207
205
191
168
168
157
132
121
84
74
69
48
44
44
46
42
33
30
27
13
269
10
7
239
203
201
172
120
120
120
118
101
95
86
80
71
42
39
35
31
18
21
21
19
329
210
210
131
125
119
116
100
100
84
83
76
73
57
54
53
52
52
27
9
266
267
261
256
259
244
221
200
163
107
102
82
83
48
49
43
46
37
34
28
7
11
7
326
177
174
151
147
139
133
114
116
110
110
106
101
50
43
32
21
12
9
9
237
230
236
133
132
105
100
55
51
38
19
16
17
14
10
11
6
6
9
6
6
9
33
34
264
248
179
154
157
137
110
103
67
56
54
43
28
28
24
24
16
16
16
11
11
6
288
326
43
44
203
141
125
109
107
104
87
65
61
48
48
47
24
24
20
19
11
8
318
44
49
236
235
208
163
133
130
98
88
87
86
69
61
59
53
38
38
26
26
26
16
10
336
56
54
51
192
187
162
132
126
126
111
109
76
75
43
36
31
26
17
15
13
61
241
218
218
207
163
125
116
100
80
79
74
66
63
66
49
41
39
34
15
12
13
8
7
6
58
56
261
209
178
145
129
121
99
89
87
78
71
53
54
47
25
31
9
7
6
6
69
242
228
227
153
144
134
126
120
90
90
73
76
54
49
45
45
46
40
33
28
23
11
12
510
74
222
155
135
126
104
92
86
78
81
78
61
59
57
36
27
16
16
11
71
222
225
224
198
160
143
131
99
96
68
64
34
33
33
32
33
22
22
11
20
6
8
459
370
84
277
159
149
141
108
101
101
98
88
91
76
74
73
67
64
56
45
25
14
509
341
92
208
153
151
126
127
109
106
96
66
60
54
56
56
43
24
26
30
12
239
238
198
175
157
111
102
104
98
85
79
74
70
71
70
69
54
36
17
23
314
174
174
164
160
124
123
116
107
103
90
84
80
66
53
40
40
9
16
8
9
9
386
96
252
252
241
244
237
216
188
166
132
123
88
81
79
79
67
44
43
45
21
8
8
312
255
218
180
164
163
117
113
100
85
84
84
68
50
51
40
31
31
18
14
18
18
10
9
356
211
195
188
166
134
129
123
103
91
85
84
64
55
51
37
25
23
23
14
14
10
8
113
332
184
144
136
108
104
104
96
71
62
54
49
46
47
29
29
36
25
29
22
19
7
6
389
287
219
175
158
141
133
113
107
109
66
39
44
41
33
24
24
23
16
7
9
10
10
278
234
228
228
194
177
163
146
120
121
116
114
92
83
88
72
82
71
70
52
49
49
39
137
134
321
233
212
208
200
188
158
153
119
119
114
106
92
78
76
74
61
64
37
33
26
20
536
291
275
239
228
179
147
149
120
122
115
111
101
106
106
81
39
15
8
8
493
202
198
134
123
121
116
116
107
98
92
86
70
56
44
36
36
6
6
6
8
281
187
154
153
134
110
116
102
91
86
52
58
49
18
21
17
10
11
11
9
9
7
9
275
226
224
211
113
97
108
96
90
84
58
49
43
27
22
23
10
14
7
6
7
6
154
283
275
180
166
134
131
126
100
94
87
62
51
35
45
32
28
22
11
12
415
197
153
140
141
125
118
106
106
99
92
74
73
73
52
52
60
61
37
50
32
24
19
10
420
163
354
290
275
231
152
149
104
97
80
79
89
69
70
68
30
30
27
22
10
15
9
174
333
234
232
196
191
165
154
128
128
92
78
75
42
27
21
25
16
20
6
179
395
365
292
287
200
161
156
122
116
120
110
109
91
54
43
40
34
32
30
22
20
25
15
10
382
265
193
173
170
169
129
111
114
93
84
72
56
44
42
41
44
36
30
24
18
14
8
273
254
213
196
181
172
161
156
110
92
89
88
63
67
60
58
51
51
55
41
35
39
35
403
271
218
214
171
155
161
152
153
137
136
125
104
103
103
86
57
34
13
7
9
8
412
347
270
202
188
140
126
116
99
95
82
68
65
39
38
23
22
20
20
13
14
6
327
193
189
179
159
163
149
114
97
91
79
75
67
72
64
56
48
28
33
18
19
6
6
344
292
229
199
186
186
170
118
103
90
60
48
40
44
33
35
38
33
32
22
17
14
7
296
223
218
167
114
86
83
75
79
66
55
60
45
36
29
16
22
12
14
10
10
6
8
6
214
299
257
244
237
204
192
173
161
139
110
90
65
59
52
59
55
43
22
17
19
11
7
246
195
185
166
152
107
97
86
87
84
84
77
76
76
65
65
55
56
63
43
22
16
14
389
369
244
156
115
116
75
62
60
43
39
38
34
31
27
23
9
9
8
7
321
291
288
217
176
146
116
103
94
89
86
66
65
65
70
73
55
55
32
26
18
9
13
6
247
230
215
151
142
128
105
94
85
75
72
60
63
43
36
31
31
19
29
18
16
11
6
256
223
171
117
113
106
83
66
75
65
59
46
42
42
23
18
18
17
16
18
7
10
10
241
293
232
203
190
161
152
152
141
121
81
65
64
51
47
40
39
22
23
16
15
6
8
329
311
237
213
202
164
169
150
125
123
58
56
56
56
54
54
46
46
24
17
17
15
15
10
6
9
7
6
243
200
169
148
139
131
123
109
90
73
66
57
49
27
29
22
15
10
447
328
289
14
14
8
8
247
206
205
191
88
85
67
60
54
54
43
29
23
20
294
288
19
16
13
16
10
8
10
10
9
243
223
168
130
127
115
74
67
63
38
34
32
37
34
509
334
17
18
17
201
174
138
114
107
105
86
93
79
74
66
64
59
51
48
32
31
9
317
29
26
28
180
182
154
141
131
102
76
60
58
69
49
38
36
35
39
11
9
7
6
298
28
245
248
146
130
130
123
98
86
84
78
66
61
45
44
14
9
9
9
8
690
311
36
32
30
135
113
103
87
81
64
68
66
63
61
57
55
40
19
13
16
9
633
446
38
35
38
38
38
35
35
268
173
172
140
134
135
104
105
102
94
88
84
73
68
51
293
46
46
253
145
93
89
83
78
76
73
56
51
31
31
26
19
19
9
8
8
6
311
53
48
45
46
45
284
266
246
239
191
177
164
147
100
86
78
13
13
7
313
50
50
45
251
164
145
114
99
34
32
27
21
29
18
12
16
13
10
9
10
9
276
209
174
110
96
104
91
74
46
31
27
37
34
31
23
19
15
14
14
11
8
60
60
222
219
216
190
188
117
113
98
82
82
76
51
46
33
28
28
20
19
20
13
13
6
505
443
71
299
278
134
122
118
97
98
90
60
47
37
44
33
33
25
18
14
14
11
13
73
73
70
278
221
148
130
127
113
108
108
106
108
65
49
43
38
30
29
23
23
14
18
17
7
355
81
78
70
323
276
275
185
180
132
128
93
61
59
61
52
43
40
37
28
28
28
25
21
346
89
316
238
205
193
194
150
137
135
132
118
123
98
66
58
48
40
26
29
27
9
13
87
80
80
286
149
114
114
109
74
64
62
38
35
38
38
25
18
26
10
6
9
8
917
96
85
163
151
141
143
128
115
60
54
43
36
38
29
27
23
10
10
10
6
6
10
104
97
97
339
263
243
152
148
126
115
90
90
60
50
55
48
28
22
20
16
15
20
10
98
258
138
133
127
73
71
59
59
59
48
47
32
20
9
9
9
7
6
9
6
9
114
105
105
349
216
185
160
98
91
84
58
32
19
18
17
10
11
9
9
7
354
341
283
165
148
102
102
70
63
44
53
52
43
33
30
24
19
19
17
12
12
381
115
284
153
103
109
94
77
64
63
61
55
42
47
40
35
35
20
18
17
17
17
18
14
8
126
121
123
115
338
332
210
171
153
142
147
138
108
106
82
73
73
26
22
16
7
12
6
6
10
134
125
288
198
163
158
145
116
120
104
94
89
80
80
54
45
34
27
9
6
170
168
161
163
162
118
125
114
92
96
72
72
50
43
49
36
33
32
16
11
9
348
234
210
114
82
69
71
68
62
56
48
44
41
37
38
36
25
25
21
18
13
7
12
140
303
254
242
168
160
132
122
100
93
93
74
56
49
45
46
49
45
12
17
17
238
181
167
163
131
121
113
105
105
94
74
78
78
65
51
48
47
41
30
17
20
9
6
283
166
122
119
83
68
43
43
33
28
33
33
25
23
11
11
6
8
7
7
164
154
151
324
254
177
123
108
103
101
98
89
89
88
71
51
45
32
19
11
11
13
591
302
209
198
178
141
128
124
122
81
68
66
62
62
62
39
41
32
28
16
17
18
7
9
352
230
160
147
149
134
127
120
86
86
71
55
44
33
42
28
22
21
14
10
7
446
171
170
289
240
227
188
139
129
120
116
103
78
76
63
65
60
32
25
26
20
25
6
175
287
270
193
161
130
115
106
107
104
87
30
31
32
29
25
24
24
24
15
9
16
6
180
178
366
199
166
139
135
133
126
120
100
94
86
82
66
57
35
14
14
20
20
6
9
246
218
153
153
133
119
119
108
106
106
85
71
66
42
42
41
41
39
19
19
27
10
10
17
7
306
226
217
154
150
139
122
104
96
92
67
50
52
39
26
13
9
9
7
9
7
201
183
141
129
127
120
118
74
80
73
79
71
67
49
49
49
44
38
32
29
31
9
567
261
193
153
139
133
129
121
112
103
90
75
65
61
52
52
48
46
45
41
30
22
22
6
8
489
379
200
165
125
104
99
91
63
61
50
48
38
23
15
9
8
6
6
6
205
149
119
100
82
39
39
32
35
32
28
28
20
20
18
13
15
11
7
9
7
7
7
212
401
328
199
201
119
109
114
98
98
78
71
67
53
51
33
37
21
23
22
20
28
8
8
477
269
239
238
188
160
157
119
113
110
97
84
82
74
69
42
24
24
21
20
17
19
11
231
198
185
178
145
141
111
85
88
81
61
61
67
31
33
29
24
25
25
21
21
12
232
226
279
250
215
190
183
176
176
133
116
105
94
79
79
59
55
40
38
35
32
26
27
8
354
203
137
131
121
116
118
85
84
82
60
60
55
53
41
36
32
28
9
9
7
6
7
203
173
156
137
108
108
90
74
66
45
44
43
41
40
39
33
21
22
12
12
10
9
387
376
213
200
163
152
146
109
106
100
101
79
68
77
51
48
27
35
22
11
15
6
8
345
307
127
127
108
99
83
58
59
52
50
32
35
27
24
21
10
10
10
10
265
299
164
141
141
132
115
104
104
104
80
70
59
55
48
52
49
44
27
27
23
20
20
16
8
388
213
193
163
161
138
127
119
108
94
101
88
85
73
58
53
28
27
14
20
11
7
7
322
219
194
192
185
170
126
123
128
114
88
83
83
69
69
59
45
56
42
33
28
23
25
18
9
230
173
98
80
77
74
70
56
50
38
40
40
40
32
30
18
22
13
8
10
8
8
6
6
284
277
308
264
221
196
159
103
80
78
77
75
72
74
55
52
44
39
25
25
15
13
15
6
549
363
224
157
132
131
126
116
95
80
56
52
57
58
50
33
32
18
18
20
14
6
188
185
164
163
156
130
116
103
99
92
93
89
85
82
53
48
50
39
37
16
18
21
8
395
223
192
192
186
137
139
121
94
94
90
90
90
67
56
50
42
36
30
26
18
9
6
263
248
152
147
101
73
69
64
55
58
55
34
31
31
21
21
10
7
7
7
7
232
203
168
156
118
86
83
82
77
62
63
39
36
31
34
16
16
12
9
8
8
8
8
330
289
273
265
230
152
109
105
105
106
85
92
79
77
77
68
65
56
55
57
39
21
17
679
463
400
239
210
200
188
191
174
104
103
82
74
50
44
41
23
22
15
8
8
7
8
447
277
279
221
218
214
169
167
156
89
92
80
80
78
67
61
67
60
60
47
27
17
17
14
10
320
452
240
134
127
124
120
103
92
83
83
37
33
32
29
25
17
7
7
8
8
325
258
211
177
92
73
73
56
55
48
37
39
37
37
34
37
26
30
14
11
11
7
270
214
179
163
110
92
90
90
68
70
45
32
33
28
27
23
19
17
19
12
15
11
6
6
335
277
238
237
191
187
142
139
132
107
97
95
90
58
47
40
33
31
26
24
22
11
11
302
222
195
190
189
189
147
137
107
93
92
78
79
52
48
35
38
29
28
17
14
8
11
9
231
192
149
106
90
86
84
65
44
40
34
34
36
22
23
21
8
9
13
8
8
250
228
172
110
96
96
84
84
68
76
72
62
55
49
52
48
45
43
36
36
27
26
12
209
209
140
129
121
107
73
70
67
64
58
44
42
43
33
29
29
22
24
11
11
10
328
173
164
140
78
72
62
63
58
56
51
51
48
42
36
28
28
18
16
16
10
10
8
11
10
216
199
160
129
125
110
104
95
88
85
77
77
77
64
68
53
44
46
39
22
14
16
11
6
156
147
130
108
82
82
68
65
59
52
55
37
39
25
21
22
18
10
16
11
9
9
9
583
428
400
229
179
174
155
135
113
106
89
64
63
60
26
23
21
15
21
9
7
9
6
375
366
366
333
187
137
114
103
95
78
79
65
62
35
21
14
12
9
10
9
9
9
603
172
157
136
119
103
99
99
97
84
80
83
59
61
50
42
40
35
19
17
14
369
262
259
148
129
102
90
95
64
55
59
56
44
39
39
41
37
23
22
17
7
7
17
14
256
230
213
140
114
110
98
84
77
72
74
77
64
52
45
44
43
43
32
26
8
382
386
369
278
275
259
223
230
186
163
128
112
96
86
86
74
76
69
34
6
6
6
6
192
169
158
150
149
114
103
92
92
79
79
60
68
45
51
28
27
14
8
8
11
6
6
200
187
161
141
128
125
125
112
112
92
76
74
60
51
56
47
47
38
24
16
11
6
6
415
160
135
129
130
127
91
89
82
70
56
55
42
44
29
31
18
18
15
16
11
11
10
225
123
115
113
111
111
106
75
76
52
52
33
31
28
28
24
23
22
22
17
9
9
7
311
266
222
188
173
156
140
139
114
101
94
76
54
51
39
34
37
30
28
27
25
7
308
248
230
202
153
116
118
85
64
64
43
47
36
34
17
13
10
13
11
9
9
403
379
312
165
154
132
106
90
95
77
66
57
49
41
43
43
26
21
15
18
18
9
9
240
227
200
158
135
131
135
81
79
55
48
46
44
40
41
34
33
29
21
10
15
10
8
337
260
190
181
157
119
100
97
75
46
44
29
31
25
25
21
23
24
15
15
9
11
6
351
210
201
139
134
124
111
98
72
50
52
51
33
31
30
29
14
12
9
6
10
6
347
185
167
131
103
89
85
71
76
72
61
56
56
57
50
50
51
42
38
33
22
10
11
303
282
217
174
148
127
89
67
68
61
55
53
49
42
34
34
35
13
8
314
265
204
176
154
118
116
114
106
69
68
65
50
46
46
41
34
30
25
21
25
21
21
612
260
222
198
163
157
133
99
94
96
79
59
55
53
49
46
45
44
34
29
32
12
13
209
205
189
170
164
164
129
130
77
66
51
43
38
43
23
22
25
15
15
8
8
7
393
269
243
210
175
176
158
125
109
92
86
80
75
76
73
61
55
42
41
36
19
22
17
6
447
333
291
251
233
197
178
160
125
119
106
89
86
85
60
59
54
48
33
34
260
255
7
188
140
131
117
99
94
94
53
58
52
51
40
30
32
22
20
11
8
522
12
10
10
9
214
176
145
127
128
104
99
99
82
75
71
57
45
38
31
27
16
23
21
13
253
14
14
14
9
9
7
7
224
182
152
104
96
78
70
57
55
42
43
21
305
22
6
6
9
9
12
14
14
241
192
168
160
135
137
136
104
79
61
55
42
26
23
6
21
19
19
11
19
244
165
140
118
119
93
93
88
79
78
66
66
60
43
39
8
29
22
22
197
124
124
115
101
95
85
83
77
70
70
64
55
57
56
33
12
14
12
10
266
35
209
166
134
131
131
122
89
79
73
65
70
53
55
53
53
48
17
18
16
9
192
152
142
126
109
104
89
87
85
58
61
54
61
9
13
10
6
6
7
8
9
8
9
296
275
36
208
204
204
111
107
108
100
83
72
69
60
62
50
19
19
25
21
25
11
9
