10
8
8
10
7
10
8
10
8
8
8
10
10
8
10
6
7
6
9
9
9
9
8
7
9
9
9
8
10
7
7
7
7
7
10
9
10
9
7
6
7
7
14
14
13
14
14
9
11
9
9
9
9
12
9
9
6
9
9
6
8
6
6
9
9
6
8
9
9
8
6
20
19
10
10
10
10
10
14
14
10
9
9
9
9
9
9
9
9
7
7
9
7
10
7
6
6
8
7
11
9
7
22
24
16
8
8
10
9
10
7
10
10
9
8
6
6
6
7
6
6
6
6
7
6
6
7
7
9
9
9
9
11
9
8
8
7
10
9
11
10
7
7
6
7
6
6
6
6
19
18
14
17
17
14
8
8
8
8
7
8
8
8
7
6
6
6
10
11
8
10
9
25
25
17
22
13
11
10
10
9
9
17
9
8
9
8
9
8
8
9
9
9
8
9
7
7
7
7
8
7
9
9
8
8
9
9
7
7
7
13
14
12
14
7
6
6
9
9
7
7
9
9
7
7
9
9
7
9
9
11
6
18
12
12
14
14
7
10
10
7
10
10
10
9
9
7
7
9
7
7
7
7
17
16
19
15
12
12
12
12
8
6
8
9
7
6
9
6
7
8
6
7
8
21
27
24
27
24
17
19
20
17
8
13
9
8
8
10
14
6
7
7
7
6
6
7
6
33
24
20
13
19
16
15
14
10
10
10
10
10
10
10
9
8
8
8
6
6
6
7
6
27
24
18
18
15
16
13
13
13
9
6
7
6
6
12
9
9
9
6
11
6
6
11
44
32
34
23
28
23
21
22
20
22
22
12
14
10
16
14
11
10
8
6
10
10
10
10
44
30
15
19
17
11
12
15
14
12
10
7
7
7
10
7
9
6
7
7
10
44
20
17
17
8
10
10
10
10
8
8
8
8
8
10
12
8
8
14
7
7
7
37
37
33
29
25
22
15
15
14
15
8
9
8
9
6
9
6
8
8
9
9
37
31
20
21
8
9
9
8
9
7
13
10
10
9
16
8
9
8
14
9
6
7
7
19
6
6
8
8
6
9
9
8
9
11
9
9
8
8
8
8
10
8
6
6
18
9
7
7
10
10
10
8
8
8
7
6
7
6
7
6
6
7
8
10
7
7
10
10
10
10
6
9
8
8
8
8
8
8
8
8
8
8
8
8
8
8
8
8
8
8
7
8
8
6
8
6
8
8
6
8
10
8
8
10
6
8
6
8
6
6
6
10
10
9
9
10
10
10
8
8
9
7
8
6
9
9
7
7
9
9
7
9
8
9
9
7
8
8
9
10
10
10
9
6
6
7
6
6
6
9
8
8
9
9
10
8
8
7
7
7
9
7
9
6
6
14
12
11
6
8
10
9
8
9
6
6
9
7
10
7
6
8
8
6
6
9
8
9
9
8
8
9
7
7
7
7
7
7
7
8
7
7
7
6
6
7
6
6
8
13
14
14
12
13
12
11
9
13
7
6
6
9
6
7
9
6
6
7
7
7
7
17
15
17
11
12
11
10
10
13
10
10
10
11
10
14
6
9
6
9
25
25
22
23
22
22
15
16
8
8
8
8
11
11
11
8
14
7
7
7
14
7
7
22
12
19
16
13
12
10
10
10
10
10
10
10
10
10
10
10
9
10
6
6
10
34
21
15
15
15
10
15
8
6
8
6
9
6
9
8
6
6
9
6
6
9
29
31
29
26
22
17
20
11
11
10
10
10
13
10
10
9
9
9
9
9
9
28
31
25
20
24
16
16
19
15
16
15
10
7
10
9
9
7
14
10
41
36
30
25
12
8
7
8
8
8
9
8
8
7
7
6
6
6
6
6
7
6
52
43
39
30
26
26
19
15
14
13
12
12
13
14
13
14
13
9
6
6
9
8
30
19
25
25
24
17
19
18
18
9
17
11
9
9
6
6
6
8
7
6
7
6
6
41
24
24
34
22
22
23
23
23
23
23
14
13
10
8
11
11
10
6
6
6
6
61
39
26
11
10
10
9
6
9
8
9
7
9
9
9
9
9
9
9
6
6
6
44
37
33
24
24
23
24
23
21
22
15
15
14
14
13
10
8
7
10
11
9
10
10
7
49
49
38
38
32
25
27
27
26
20
20
19
19
19
19
15
16
16
16
15
14
12
6
6
8
25
22
24
24
24
19
8
8
13
12
13
8
7
6
8
8
8
6
8
6
6
8
72
46
41
37
37
31
29
29
29
25
26
26
25
18
7
9
8
7
7
7
7
6
7
69
53
40
36
29
30
21
18
27
21
26
21
12
18
14
7
10
10
9
9
10
8
