9
9
8
9
9
9
9
9
10
9
9
7
7
7
7
7
7
7
8
7
7
7
14
6
6
9
10
10
6
6
10
10
10
10
7
10
10
10
10
10
10
10
7
8
7
6
6
7
7
6
6
10
6
6
6
6
6
15
15
13
12
11
11
11
11
10
11
10
9
11
8
8
6
6
6
6
6
6
14
13
6
6
8
9
6
6
10
6
6
6
6
11
6
10
10
10
9
7
21
19
15
10
9
10
9
9
9
9
8
9
9
9
9
8
8
7
8
8
8
14
13
9
9
10
9
8
10
6
10
10
8
9
9
9
8
8
7
6
7
6
6
6
6
6
7
7
7
7
7
7
7
10
7
6
8
9
9
7
7
7
7
6
6
6
9
10
8
7
6
10
10
10
8
6
9
10
7
7
9
6
6
6
6
6
10
6
9
9
6
10
6
10
6
9
9
10
9
10
9
8
8
8
8
8
6
8
8
8
8
6
6
6
8
8
8
8
6
7
6
14
13
15
11
11
13
11
11
13
11
11
13
11
9
9
9
10
8
7
7
9
10
7
7
9
7
9
7
9
10
11
7
7
19
18
18
18
18
15
14
14
15
8
8
8
11
8
8
9
8
10
8
9
8
10
23
6
6
6
6
6
6
6
6
8
15
15
13
26
24
6
9
8
10
13
11
10
9
9
8
9
10
10
6
13
10
6
8
6
6
19
20
18
35
11
9
9
9
7
9
9
9
7
9
9
10
8
8
10
8
8
8
10
10
10
10
10
10
9
10
9
10
9
9
10
6
7
7
9
7
7
6
7
6
6
15
15
15
15
7
10
7
11
7
7
11
7
7
6
7
14
7
14
8
7
7
9
9
9
9
9
9
6
9
7
8
9
9
9
9
9
7
7
7
9
7
6
6
6
10
7
10
7
6
7
6
6
6
9
7
10
6
9
6
6
6
6
9
7
7
10
10
6
9
10
7
7
6
6
7
6
6
7
6
7
10
9
9
12
9
10
10
10
9
9
7
9
10
10
8
10
7
6
6
10
9
9
9
9
7
7
9
9
9
7
6
6
9
9
7
10
10
9
6
6
6
6
14
11
14
6
10
10
9
7
9
11
7
10
10
10
9
9
10
10
9
9
10
7
10
10
9
9
8
8
8
8
6
7
6
8
6
6
8
8
7
8
6
7
6
8
6
8
8
22
19
13
6
9
9
11
9
8
8
7
7
7
9
8
8
7
7
7
7
6
7
7
6
8
7
9
9
6
6
9
8
6
6
10
8
10
8
6
6
8
8
8
6
7
10
10
10
10
7
7
7
7
8
7
7
7
7
7
7
8
8
7
7
6
7
7
9
8
7
6
7
9
9
9
8
8
10
10
10
8
8
8
8
8
8
8
8
6
8
8
8
15
8
7
7
6
9
6
9
8
8
9
6
10
6
6
10
10
9
9
9
9
8
9
8
8
8
7
8
6
9
9
9
8
8
8
8
9
10
9
8
9
7
8
10
6
7
6
6
10
9
9
9
9
8
8
8
8
7
8
6
9
9
8
8
9
8
6
9
8
8
8
8
10
6
9
9
6
6
9
7
9
6
6
8
9
6
10
7
6
9
7
7
10
7
7
7
6
6
9
10
9
7
6
6
6
15
12
15
12
13
12
14
14
9
7
7
7
9
7
7
9
7
6
6
6
9
6
7
10
20
20
17
20
18
20
12
15
14
12
12
10
7
7
6
8
7
7
7
7
7
24
13
17
17
17
13
13
16
8
8
10
6
6
6
6
7
6
12
6
6
10
7
7
7
6
7
9
9
9
9
9
6
6
7
6
8
6
6
6
9
6
6
6
6
6
6
8
9
10
10
8
8
8
8
7
7
10
9
8
7
7
7
6
6
6
13
8
7
7
7
7
7
7
7
7
9
6
8
6
6
6
8
6
8
7
7
10
10
10
8
8
8
8
7
6
7
7
10
8
10
10
10
7
10
10
10
10
10
8
10
8
10
7
7
7
10
8
6
10
8
15
8
13
8
8
6
8
8
7
8
6
6
6
6
8
8
6
8
6
6
16
13
16
13
20
8
13
13
8
8
8
13
8
8
13
10
8
6
6
6
6
8
8
6
18
16
14
9
9
9
9
8
9
9
9
8
9
9
7
9
6
9
8
8
9
9
9
9
8
8
7
7
6
6
7
7
10
9
10
9
10
8
10
8
7
10
10
10
9
8
7
7
9
9
7
9
9
7
9
9
8
7
9
8
7
7
7
6
7
6
6
10
10
10
9
6
6
10
10
10
6
6
10
6
6
