9
6
10
9
10
9
10
8
6
9
10
6
9
9
10
8
8
8
9
6
6
6
6
6
10
6
9
7
7
7
7
7
8
7
7
7
7
7
6
9
7
9
10
10
10
10
9
9
6
6
6
9
6
9
6
9
9
6
6
10
10
10
10
10
10
10
10
10
10
10
10
10
10
7
10
10
10
10
10
10
8
10
10
16
15
10
15
10
10
10
15
10
10
10
10
10
8
9
6
6
6
6
6
6
10
10
10
20
10
10
10
10
10
10
15
10
10
8
8
10
10
10
10
8
10
10
6
6
16
15
15
13
13
13
13
13
15
6
11
11
11
13
10
10
11
11
6
6
9
11
20
20
18
20
18
18
20
16
11
11
11
17
15
6
6
6
6
6
6
8
7
6
30
35
25
25
24
23
21
21
21
20
11
9
9
10
9
9
9
9
8
8
8
30
30
30
21
15
16
15
16
16
14
9
11
7
12
6
10
9
7
12
7
11
7
9
35
35
19
19
13
10
9
9
10
10
9
10
9
9
10
9
7
7
6
8
7
7
6
38
38
38
26
27
25
16
15
14
15
15
8
8
8
13
12
11
6
6
6
6
6
38
36
28
19
15
13
13
17
11
11
11
11
11
11
10
9
9
9
9
6
8
6
50
47
27
28
28
24
24
21
23
21
15
14
7
13
7
13
10
13
7
7
7
7
55
55
42
39
32
29
30
29
29
29
19
19
16
12
14
8
11
8
8
12
60
36
37
34
34
30
28
32
32
33
25
23
20
17
11
10
17
16
13
16
8
6
8
42
39
37
38
29
31
28
22
15
21
14
20
18
7
6
13
9
7
10
13
9
7
70
66
53
35
32
24
21
23
23
14
16
14
15
18
12
18
8
9
10
7
8
6
10
58
49
49
43
39
41
37
37
35
35
31
30
28
16
23
21
9
12
9
12
6
6
66
64
55
24
28
24
20
17
13
11
20
20
11
9
7
7
7
8
8
9
8
7
6
6
80
68
59
57
51
51
43
48
38
33
38
33
30
25
16
14
14
13
10
9
9
9
9
11
9
60
61
50
43
39
38
35
29
17
21
19
17
15
8
7
8
7
7
8
7
7
6
6
6
60
26
35
24
24
23
24
15
20
13
11
13
13
10
8
10
10
10
10
9
11
8
9
9
10
10
98
74
71
64
53
53
48
44
40
27
19
18
18
17
17
18
13
16
15
13
12
69
63
52
39
24
30
22
23
21
21
20
19
20
20
8
9
9
9
8
8
7
16
20
15
15
19
34
28
27
27
26
25
13
13
15
13
8
11
8
8
8
6
8
21
21
21
90
54
55
49
43
46
44
39
33
39
31
32
32
20
18
13
16
16
6
8
28
29
86
77
56
47
44
38
35
25
24
25
25
23
23
21
6
6
6
6
12
10
30
32
121
53
49
49
42
39
28
28
28
25
27
11
14
10
6
10
8
10
10
10
7
37
35
108
69
61
57
55
56
48
45
43
34
33
27
32
16
25
17
9
10
12
9
15
43
41
72
50
50
50
38
38
37
37
37
22
25
30
9
13
14
11
10
7
9
9
9
8
64
33
24
16
19
14
14
19
19
6
12
9
8
14
8
6
6
6
6
54
56
52
98
77
73
60
49
48
48
47
43
24
24
30
30
19
24
24
24
11
9
11
7
60
103
68
68
68
67
53
50
42
29
29
26
27
29
28
26
24
15
16
12
7
6
6
62
86
72
45
34
40
34
39
30
18
18
12
13
8
7
13
8
6
8
6
15
8
6
6
69
89
84
62
58
39
38
36
34
26
34
22
23
23
22
20
12
8
11
8
8
83
67
50
31
39
34
31
28
31
30
31
22
21
22
14
13
14
14
13
16
10
7
12
77
78
68
49
49
36
20
18
10
10
10
10
8
9
8
8
8
8
8
10
8
6
6
7
152
102
90
63
64
66
54
51
54
50
49
49
26
24
23
23
23
15
15
13
13
13
11
7
140
78
80
77
66
67
59
55
54
52
29
23
28
28
20
20
20
18
9
9
9
9
6
85
83
70
51
36
34
34
32
33
23
21
14
14
8
10
11
8
11
7
10
10
99
130
88
76
80
85
74
58
56
47
44
39
39
38
38
30
30
30
28
18
26
15
98
58
58
46
52
46
35
35
35
33
27
30
28
21
10
10
15
11
10
10
6
8
7
92
85
72
62
49
40
15
12
13
10
13
12
13
10
8
10
8
9
9
9
9
8
9
110
118
92
84
84
84
79
68
57
53
53
41
37
25
13
15
13
15
13
11
9
9
