6
7
10
9
7
7
7
9
6
7
6
6
9
6
7
7
7
6
6
9
8
9
8
10
6
6
6
13
6
6
6
6
6
8
6
9
8
6
9
6
7
6
6
9
6
6
10
9
9
12
10
8
8
8
6
8
9
8
8
10
7
10
10
9
9
10
9
8
6
6
6
6
9
8
9
10
8
8
8
8
8
6
6
8
7
7
7
7
6
8
8
8
8
8
8
6
6
15
15
14
13
13
13
13
12
13
11
13
12
12
13
13
10
10
10
6
10
8
19
17
9
8
8
10
8
10
10
9
9
10
9
7
7
7
7
7
6
7
7
7
7
7
13
13
13
15
15
12
12
12
8
7
7
7
7
6
6
7
7
7
6
7
7
7
7
17
12
12
17
17
15
17
17
10
10
10
10
10
12
10
10
10
7
7
7
7
6
7
7
32
25
23
23
22
20
15
16
17
15
15
15
14
14
12
12
11
14
13
12
8
9
7
30
28
20
20
15
16
16
18
19
14
13
10
10
10
10
12
9
10
9
12
10
7
9
45
34
28
25
25
20
22
18
15
8
8
8
8
8
15
9
6
6
6
6
6
6
6
38
34
30
26
27
27
25
19
13
23
20
10
11
11
10
10
7
7
10
7
7
7
42
30
12
15
15
12
15
15
15
10
8
10
7
8
7
7
6
7
7
10
8
8
50
47
40
23
32
27
17
21
20
17
17
17
12
15
12
12
11
11
10
8
8
8
6
63
45
37
31
37
17
17
9
9
9
9
9
9
9
9
9
9
9
9
8
8
8
7
8
50
30
21
14
14
14
14
14
14
14
14
14
15
6
6
6
7
11
6
6
6
52
35
25
30
19
10
18
11
8
8
10
8
8
8
7
6
6
10
8
8
8
8
8
9
70
44
41
31
24
24
24
24
15
16
16
22
16
16
13
11
13
13
13
13
10
10
6
40
29
29
29
29
21
21
25
24
26
27
18
16
16
17
18
11
10
11
11
32
26
25
23
25
23
10
9
8
10
8
8
7
15
7
7
6
8
8
10
16
7
35
28
10
10
14
24
17
12
9
9
9
9
7
9
7
9
6
9
6
6
7
9
6
6
42
14
17
14
12
14
14
8
6
7
10
7
8
8
8
8
8
8
8
7
6
6
23
19
13
11
13
12
12
13
7
8
6
6
6
6
6
11
11
8
8
6
6
6
6
6
22
22
17
18
18
20
18
18
18
17
11
13
14
11
11
11
7
7
7
7
11
7
7
6
27
26
29
29
29
16
18
16
21
14
14
13
12
12
10
10
8
8
11
8
8
34
28
23
21
17
17
17
16
16
16
15
17
16
11
6
9
9
9
8
13
9
8
12
6
36
31
26
22
22
18
20
18
21
18
20
13
14
11
13
7
7
6
6
6
8
6
6
36
29
27
27
26
26
23
22
22
19
18
15
15
11
10
11
6
9
9
6
9
9
49
36
36
31
28
20
21
23
14
14
16
16
14
17
8
9
9
6
6
6
6
6
46
46
43
39
37
38
36
33
29
25
21
11
10
7
7
8
8
8
8
7
7
59
40
33
24
26
18
24
24
16
12
13
13
9
7
12
11
9
8
7
7
7
7
8
51
51
47
38
31
29
23
19
20
18
18
12
12
12
12
8
8
8
10
10
8
8
10
69
51
50
43
47
36
25
25
24
25
23
25
22
22
10
15
15
8
8
8
15
13
43
42
41
34
29
27
24
24
22
20
6
9
10
10
6
10
9
10
6
6
6
9
9
6
73
60
25
30
25
15
14
11
10
6
6
6
6
7
8
11
11
10
6
9
10
6
61
63
51
51
40
41
40
38
32
23
30
16
19
11
16
15
6
9
11
9
45
43
30
30
21
26
24
16
18
11
12
14
14
10
10
10
10
10
7
6
10
7
8
61
59
49
50
47
35
29
21
21
17
15
8
7
7
7
7
7
7
7
7
7
7
86
66
55
54
39
45
31
29
27
28
26
26
22
24
23
12
14
12
12
12
10
7
7
7
85
60
43
36
31
36
26
30
26
22
17
21
17
17
14
16
9
9
9
9
7
9
7
9
63
55
41
44
36
31
36
28
26
30
22
22
22
22
22
19
14
16
14
12
14
10
10
112
68
62
64
55
55
59
40
35
27
19
24
19
17
16
12
10
11
10
14
7
14
7
84
75
54
56
45
42
33
32
32
32
32
24
31
28
22
22
10
6
9
9
10
9
106
59
51
51
45
37
35
35
34
29
27
26
28
29
25
29
23
9
8
6
6
6
9
15
