10
10
10
10
10
9
10
10
8
7
7
7
10
9
8
7
7
6
10
6
7
10
15
12
14
10
15
15
10
7
8
6
8
6
6
8
8
8
8
8
7
8
6
7
8
17
19
15
18
12
10
14
12
13
10
10
10
8
10
9
6
6
10
10
25
22
22
25
19
18
16
15
18
18
17
18
10
15
10
9
7
15
9
10
7
7
7
30
21
20
15
14
20
12
15
12
12
10
10
8
10
10
10
8
10
8
8
8
8
17
13
15
6
6
6
6
6
8
16
15
6
6
6
6
6
6
6
6
6
6
6
40
40
24
22
13
13
18
13
6
11
11
10
11
10
10
11
10
8
8
7
38
16
10
10
16
15
11
11
7
7
7
7
7
6
7
8
7
7
7
6
7
15
18
10
10
10
13
9
9
12
13
10
6
6
8
7
6
7
8
6
7
7
6
6
46
37
26
20
18
16
9
11
8
12
14
9
9
7
7
8
7
7
8
7
8
7
7
30
23
20
19
19
22
14
15
13
16
14
18
12
13
8
12
8
7
6
6
6
7
6
8
65
25
24
20
19
20
17
17
18
17
13
17
12
11
9
13
9
7
7
7
7
13
12
7
7
38
33
24
28
22
22
22
22
17
16
16
12
9
10
9
7
10
10
6
6
7
7
45
27
28
27
23
21
23
12
15
9
9
9
9
12
9
9
9
9
9
8
7
7
8
34
32
32
22
17
17
20
16
14
14
17
17
7
8
12
9
9
8
7
7
7
7
7
10
9
9
9
10
8
8
7
7
8
23
25
24
25
22
19
19
18
17
13
17
17
12
14
14
15
15
10
13
9
8
8
9
8
9
8
8
8
8
43
30
24
22
6
6
8
18
17
17
15
13
13
13
14
37
29
22
22
9
9
7
6
6
8
11
8
8
6
6
6
24
24
23
23
25
24
23
19
19
21
39
28
14
14
15
14
14
11
10
10
9
9
9
30
30
28
28
24
28
23
23
23
43
42
39
33
21
20
21
17
14
15
15
7
7
7
35
34
33
28
28
63
56
48
47
48
40
22
25
15
12
12
19
15
12
9
8
10
10
9
39
34
37
33
33
61
49
42
29
29
26
25
24
18
24
24
17
24
24
22
10
8
44
44
44
39
42
38
75
50
33
30
30
29
29
22
22
22
8
7
7
12
10
7
48
44
44
43
43
71
34
34
35
35
20
25
24
6
6
11
6
6
6
9
17
54
49
51
77
70
64
64
58
42
46
40
40
29
31
14
17
7
9
7
7
7
7
55
53
53
62
47
37
44
33
27
14
14
12
12
8
9
6
12
10
9
8
7
7
63
59
92
77
74
51
50
51
49
48
47
33
35
26
24
27
19
19
11
17
15
11
68
64
63
92
85
79
74
57
58
52
45
40
40
35
31
16
16
9
9
6
11
6
6
6
73
69
68
83
64
59
55
45
50
38
34
29
27
22
20
27
15
16
13
13
11
11
6
6
6
79
78
94
92
66
65
64
60
57
43
32
35
29
26
20
16
16
6
11
6
9
69
66
37
40
39
32
31
23
25
24
19
21
12
14
12
13
10
9
6
7
7
89
83
76
74
52
46
46
42
42
31
31
25
18
19
21
15
10
13
7
7
12
7
7
81
80
79
49
47
45
46
31
31
26
31
26
23
18
10
12
10
7
10
12
12
11
7
98
93
62
54
52
52
54
46
40
37
39
36
36
31
36
25
17
23
15
17
9
103
107
86
83
61
57
49
41
41
45
39
37
31
25
23
28
22
22
22
17
13
8
8
8
125
122
65
50
50
50
43
43
46
46
46
34
37
28
29
26
19
9
9
10
6
6
6
82
69
55
56
55
55
44
45
39
39
46
32
30
32
32
32
18
18
25
16
6
6
61
47
43
37
37
37
23
32
28
14
19
21
11
10
9
9
10
7
8
101
80
79
71
65
63
58
54
45
41
42
37
29
34
19
15
7
9
10
9
12
12
7
14
84
82
66
52
53
43
42
40
38
38
30
31
21
21
21
14
11
11
10
8
6
8
119
80
54
52
46
43
44
43
36
21
12
15
11
10
10
10
9
10
10
10
117
102
51
43
29
27
21
17
17
15
14
13
15
15
6
7
6
9
9
9
9
7
6
6
145
113
80
81
62
57
39
29
34
23
18
11
12
14
14
10
6
6
6
86
81
67
67
51
41
40
37
27
26
30
25
24
24
16
22
15
16
8
8
12
10
8
8
8
117
74
72
64
51
49
48
41
33
33
30
30
21
20
18
21
20
21
12
8
11
13
13
