74
58
47
52
47
28
30
28
21
23
28
28
28
14
20
12
12
20
19
7
7
10
7
10
102
57
58
57
52
47
40
38
33
35
33
28
31
33
25
24
10
12
10
10
7
6
83
43
38
38
37
22
29
30
29
14
8
10
10
10
7
9
12
10
10
6
50
45
41
39
29
35
34
20
25
17
11
11
15
12
17
15
14
8
8
6
8
8
11
10
67
58
54
54
43
22
25
22
30
25
30
22
21
22
17
19
19
10
15
74
72
59
59
39
27
30
32
21
25
13
18
10
15
13
13
16
15
9
7
7
7
9
7
7
88
56
35
27
32
15
10
10
10
10
10
10
14
15
10
10
9
9
9
9
7
10
10
133
93
49
40
39
35
25
25
23
25
16
19
8
13
13
9
10
13
13
15
6
41
28
24
20
18
14
13
9
9
9
9
10
9
9
9
9
6
8
8
8
8
7
73
46
44
38
25
25
27
18
22
23
23
14
18
13
9
9
9
9
9
9
9
9
8
164
46
34
30
31
30
23
29
22
23
23
14
18
17
10
10
9
9
9
11
8
8
6
113
55
40
28
32
31
28
25
24
25
28
24
19
23
23
14
14
14
14
15
15
17
13
11
10
107
72
75
62
45
56
42
31
31
24
28
27
23
20
19
19
23
20
8
6
18
17
8
62
44
36
33
33
29
29
33
24
24
24
16
11
7
22
20
7
7
6
6
54
43
47
48
41
40
33
27
16
27
18
23
12
12
10
10
7
10
9
10
8
9
10
7
139
60
57
55
49
44
47
46
43
34
38
20
17
17
13
10
10
10
15
15
13
15
15
7
9
6
6
114
70
52
51
45
40
39
22
35
18
14
17
10
9
10
8
8
8
8
10
9
8
6
8
6
8
9
8
10
11
8
7
6
75
44
42
25
15
13
13
13
13
13
13
10
12
9
7
10
7
7
14
7
7
16
7
6
50
29
24
20
18
20
19
19
16
16
18
16
14
18
19
18
10
10
9
9
7
9
9
9
64
23
23
21
21
6
6
6
6
7
6
22
14
14
28
12
12
11
11
8
9
8
8
8
8
8
8
8
8
8
6
8
7
8
8
8
22
15
15
13
13
12
10
9
10
9
8
8
8
10
10
10
10
10
10
8
6
7
6
8
24
23
24
24
25
24
79
38
39
21
21
21
16
18
18
18
15
14
13
7
13
11
7
29
29
57
43
24
21
19
20
18
20
19
20
12
12
12
12
12
12
9
8
9
7
8
7
122
80
62
29
28
31
28
28
27
25
25
23
17
14
10
7
7
7
14
7
6
6
39
39
53
33
30
28
26
26
22
21
22
20
15
12
10
11
11
9
7
7
7
41
33
35
27
27
19
24
15
13
14
15
13
12
12
11
13
12
11
10
10
10
85
25
18
20
18
17
17
11
9
10
9
9
9
9
8
9
6
6
6
55
52
54
54
43
43
34
34
34
34
27
24
23
25
25
24
21
14
14
16
16
14
9
11
64
60
53
42
35
27
27
16
18
25
10
14
16
9
14
9
9
9
8
9
9
6
64
96
60
59
61
58
58
43
34
34
24
31
21
21
21
21
7
9
14
12
7
9
69
67
61
60
53
52
48
39
40
37
37
38
38
29
29
32
31
19
19
19
18
6
6
9
100
68
65
44
43
42
43
41
35
34
29
24
22
20
19
16
22
10
9
9
7
11
10
7
51
49
48
47
42
39
31
36
24
19
8
14
14
9
20
19
8
8
7
7
78
67
57
60
60
55
54
52
39
39
41
21
19
13
13
20
19
7
11
9
6
12
138
79
64
58
51
46
40
46
46
44
46
19
29
24
18
14
11
12
11
11
9
9
7
6
88
61
49
23
29
14
9
9
11
10
8
8
9
8
8
8
9
8
8
8
8
9
7
99
127
94
70
67
61
50
54
48
44
40
34
25
18
16
15
19
13
14
14
13
95
85
77
71
72
53
27
25
33
22
19
20
20
22
19
19
18
9
8
17
15
8
11
9
110
106
76
54
53
33
31
27
23
24
23
24
23
14
14
10
10
6
9
10
10
7
9
6
57
44
38
43
34
32
29
33
33
28
18
16
19
19
19
8
8
14
15
7
9
15
8
89
60
35
34
33
23
23
22
20
28
12
12
19
7
7
6
7
8
10
7
6
11
100
81
69
47
41
42
39
39
38
25
21
17
21
25
18
12
7
6
9
9
16
10
9
9
16
99
50
52
53
46
44
44
44
33
36
23
14
14
19
14
17
10
9
9
8
9
6
150
115
29
35
23
25
14
14
14
8
8
9
9
8
9
9
9
9
9
9
9
8
7
59
54
56
41
50
18
20
14
14
10
8
10
8
9
9
8
13
10
10
6
6
7
7
112
101
84
31
27
23
26
23
24
19
19
19
13
14
15
9
10
10
9
13
13
13
6
6
117
76
66
54
53
59
49
25
23
24
24
22
19
18
17
14
18
14
14
8
8
6
6
7
71
48
34
34
30
29
23
23
26
23
20
20
20
12
14
16
9
6
8
9
6
8
9
6
47
49
34
40
39
40
40
33
31
33
30
25
21
18
22
21
14
8
8
6
8
8
8
92
43
38
39
39
34
35
34
32
29
27
27
22
22
26
27
16
7
10
10
8
6
6
72
46
44
39
35
34
37
34
35
27
29
15
9
6
11
10
9
8
10
8
64
54
42
36
38
31
29
27
23
20
17
20
23
18
10
13
12
11
11
13
8
10
6
83
58
47
37
42
40
33
31
33
28
22
28
25
18
22
10
11
9
9
6
6
9
117
58
39
35
33
30
20
20
23
20
15
20
16
13
9
7
7
9
13
9
15
6
6
6
104
96
71
56
46
38
35
36
32
25
25
20
21
20
17
18
17
19
19
13
6
164
88
69
57
49
41
25
26
25
26
25
25
25
24
15
13
12
16
7
9
7
9
9
56
45
35
30
30
23
29
20
18
9
10
10
9
9
9
9
9
6
6
7
7
79
84
47
46
40
40
35
34
27
15
15
14
14
9
8
11
11
10
10
10
6
79
73
60
58
41
40
33
37
32
30
19
21
14
13
15
9
13
7
11
46
31
35
25
27
19
9
9
14
8
9
8
8
8
8
9
9
8
8
6
7
6
7
6
6
6
94
61
60
54
40
30
30
24
25
21
19
21
14
14
14
10
11
10
11
11
10
8
10
8
10
59
56
47
40
39
28
31
28
24
27
26
26
18
16
17
19
15
19
16
6
8
13
109
81
65
64
40
36
34
34
24
24
24
23
23
20
24
21
11
8
6
6
114
109
96
77
54
56
47
45
38
40
28
28
29
28
24
24
26
26
26
18
15
23
17
102
88
75
70
60
60
44
43
37
32
30
33
29
7
6
7
6
33
33
31
31
28
30
66
65
58
55
46
39
34
37
10
10
10
6
6
8
7
6
10
39
30
124
87
60
44
42
40
16
11
15
11
15
10
7
7
10
9
7
44
40
123
79
52
48
49
49
48
45
46
21
21
20
20
14
11
10
10
10
11
11
6
45
122
90
74
57
54
49
50
26
26
25
17
17
17
17
11
7
8
7
8
7
7
50
113
113
84
71
59
54
54
30
32
30
28
30
28
25
22
20
17
16
15
12
10
56
56
40
128
101
73
68
36
35
35
36
27
28
17
21
9
11
9
7
8
9
7
52
47
95
81
72
68
40
40
36
32
34
34
30
23
22
15
8
8
9
8
7
7
7
65
141
83
74
74
70
71
41
40
43
37
37
39
39
34
37
22
20
24
18
58
63
66
123
119
75
50
52
42
45
44
39
40
36
36
32
25
27
26
19
17
17
8
112
55
51
55
50
48
30
30
23
23
23
16
16
16
17
8
10
9
10
9
7
7
7
80
199
165
138
136
112
51
48
28
28
21
14
14
14
14
18
12
12
12
12
11
89
70
223
89
67
65
59
57
43
39
41
37
24
24
17
11
11
15
9
10
8
7
8
8
170
124
106
95
62
56
45
45
38
37
28
22
22
22
22
21
19
16
13
14
10
7
156
107
113
75
73
69
61
61
66
65
49
33
29
30
26
27
25
18
9
6
93
107
104
105
58
48
40
41
28
27
19
24
24
15
9
8
7
6
8
8
7
6
8
8
141
134
117
85
85
87
79
63
61
39
37
37
37
35
31
33
33
29
13
12
13
12
10
171
118
75
74
76
67
61
58
51
48
42
35
33
18
25
14
18
7
7
10
9
8
169
156
96
89
54
56
49
48
45
36
39
38
32
23
21
23
23
21
12
12
13
11
102
209
195
132
100
101
94
85
85
74
28
26
19
20
16
10
9
9
10
8
8
9
7
121
210
100
91
59
59
64
59
48
44
25
23
25
24
17
18
15
9
13
9
9
9
134
104
101
92
93
85
78
82
82
69
71
62
63
60
55
59
36
20
19
14
10
8
7
7
119
155
142
93
90
95
77
68
65
64
54
43
50
36
33
33
33
14
14
19
8
8
8
176
156
121
87
74
72
71
69
69
49
47
35
29
24
19
20
16
14
6
10
8
11
10
147
179
179
107
111
85
85
84
91
79
53
49
48
44
44
41
41
34
37
30
29
24
22
23
84
86
71
70
55
34
34
33
34
24
24
27
21
23
15
14
7
11
7
9
12
7
12
6
135
128
109
96
93
90
89
79
78
79
50
47
39
34
28
26
18
23
21
14
8
8
8
131
116
111
108
92
85
68
74
67
66
44
36
28
22
22
13
9
9
6
7
142
128
106
99
97
95
76
78
82
72
63
63
54
57
49
49
31
28
25
14
6
9
151
139
127
118
100
68
62
54
49
50
43
27
27
27
26
12
14
8
8
8
9
9
155
129
123
123
107
102
95
90
61
63
59
53
38
34
32
14
19
13
13
13
13
12
9
135
132
81
70
76
72
72
64
64
55
46
37
40
37
32
36
20
18
18
7
192
147
117
93
85
86
74
73
62
61
61
63
53
34
40
29
22
23
22
19
12
10
7
162
122
83
74
65
63
47
43
39
43
28
28
28
28
23
21
23
23
11
9
14
134
133
110
103
93
68
58
65
50
42
32
33
28
22
15
14
8
9
10
10
9
9
148
130
113
108
84
84
84
73
78
49
53
44
47
47
47
25
37
29
23
15
7
179
153
138
124
114
112
103
85
89
60
49
39
20
29
27
18
13
13
12
188
135
94
67
70
63
61
58
66
51
43
43
25
26
22
24
24
10
10
18
6
7
7
191
123
132
113
103
93
91
81
75
76
71
53
30
37
35
28
23
12
11
15
7
7
221
234
161
131
116
110
60
59
44
55
53
45
28
28
27
23
17
17
13
13
13
6
157
104
98
77
72
56
56
52
40
27
26
25
22
19
17
9
10
10
9
9
9
203
116
113
92
83
63
46
45
52
45
44
42
44
24
27
22
16
19
16
18
10
9
10
6
127
123
121
118
73
54
47
42
42
42
42
35
32
29
28
29
27
15
10
11
10
9
9
9
9
259
140
128
99
95
86
55
54
54
37
37
31
34
32
24
18
15
16
14
14
14
9
7
9
8
209
154
143
122
104
96
86
60
67
45
45
41
39
38
31
23
28
24
20
14
12
10
14
225
148
128
94
88
77
77
52
44
38
39
39
25
17
19
23
17
6
255
18
203
174
96
93
93
63
52
45
40
44
37
31
36
33
37
30
10
12
7
11
261
23
23
24
23
192
188
123
125
76
80
67
57
49
54
43
34
35
29
17
7
7
29
188
107
70
65
54
50
45
34
16
11
16
15
12
9
7
8
34
34
34
224
178
158
108
89
64
63
62
56
54
45
45
44
39
16
22
10
9
8
8
39
38
37
159
149
138
128
96
89
83
78
65
67
60
59
51
32
20
20
14
11
9
11
206
124
118
94
94
81
86
66
54
47
37
39
36
24
21
25
20
18
11
14
16
14
14
8
50
169
82
82
78
72
71
63
61
69
60
59
36
32
35
25
25
16
10
10
9
8
8
54
147
151
131
129
112
90
84
75
65
65
59
57
64
47
37
42
42
34
18
13
18
304
58
241
174
173
109
95
84
70
70
64
62
41
36
35
23
23
11
9
9
9
9
6
6
232
216
161
144
141
133
93
93
84
75
60
32
32
14
10
10
9
8
8
8
69
68
189
189
171
152
146
105
101
87
89
79
58
50
43
35
30
28
21
15
16
9
117
113
106
99
95
79
63
50
39
44
31
33
33
30
20
21
20
12
11
11
6
6
8
7
204
199
191
84
68
67
62
40
29
34
29
33
24
23
26
23
19
12
13
10
8
10
84
86
164
139
127
96
89
73
77
70
70
64
64
58
40
17
15
15
11
10
7
8
225
162
139
133
132
95
65
68
67
48
44
38
36
26
22
20
15
8
9
9
7
214
200
82
65
37
25
20
17
18
12
9
9
6
6
6
6
6
10
6
6
6
218
196
182
174
154
116
104
87
56
55
47
38
33
31
30
34
28
28
23
16
18
11
13
104
197
182
116
90
90
82
84
74
74
54
60
56
51
51
51
50
48
30
30
29
24
7
109
253
145
138
131
119
114
97
66
52
42
42
32
32
34
27
29
21
9
9
9
10
9
189
177
158
105
107
85
78
53
51
58
46
40
38
31
24
25
18
9
17
9
149
130
89
89
87
80
73
73
67
50
42
45
37
38
30
19
19
15
7
7
8
250
149
104
95
88
74
72
71
55
51
50
48
38
30
28
19
23
18
7
7
7
7
7
203
203
140
139
134
120
105
109
79
66
73
60
55
48
49
41
41
41
29
23
24
23
12
7
133
144
127
120
106
97
81
75
65
68
63
54
51
38
31
37
29
20
13
11
13
306
216
93
93
65
60
51
51
35
36
22
12
12
13
12
18
9
6
6
7
166
157
164
125
127
118
94
86
70
71
69
68
56
48
56
47
42
39
35
27
12
147
145
192
138
135
106
92
82
77
74
53
29
13
10
6
7
8
7
198
174
165
99
91
81
77
74
73
73
66
68
61
46
48
47
21
22
18
20
13
12
12
9
209
170
118
93
82
71
70
70
63
66
59
49
38
32
38
25
28
17
17
17
14
7
160
270
212
122
97
84
76
65
61
65
56
40
37
33
20
19
11
9
8
7
10
10
8
181
158
152
130
115
113
102
102
95
94
69
56
40
35
31
27
28
22
22
19
12
10
7
6
188
144
131
122
116
111
105
102
82
86
77
63
54
57
54
47
45
42
35
32
32
22
21
21
15
178
167
136
106
105
98
94
82
81
67
70
62
52
45
37
34
25
25
20
22
16
16
6
398
154
137
128
103
105
88
95
87
67
63
52
42
39
27
23
23
8
6
10
11
9
354
309
209
177
153
126
118
101
51
48
44
36
35
26
12
20
23
15
14
7
7
7
77
74
64
42
42
48
39
37
31
31
31
16
23
23
21
23
12
15
7
6
6
6
176
155
132
125
93
89
57
52
46
26
28
26
18
17
17
17
17
17
14
9
7
7
6
10
9
178
151
143
138
116
116
109
77
66
57
59
45
43
27
31
24
16
19
20
14
11
7
220
218
195
188
155
150
129
82
68
57
48
52
48
47
21
11
12
12
11
12
11
6
6
269
184
173
133
106
87
72
69
62
61
59
55
57
51
41
35
32
26
27
23
24
11
9
269
224
199
157
145
99
92
92
77
69
63
65
65
56
30
31
29
28
29
29
22
22
16
11
11
336
181
158
157
150
110
79
77
71
61
51
51
42
34
27
12
11
10
6
7
6
6
272
249
163
160
132
102
95
90
79
76
68
66
66
48
42
28
20
27
15
12
11
11
10
284
141
139
123
115
114
114
92
92
76
75
71
51
37
26
16
16
16
16
15
7
10
15
220
214
163
158
151
149
134
130
98
95
98
86
79
82
58
49
42
21
26
21
8
15
7
6
194
168
156
89
87
85
81
63
57
54
46
33
26
26
25
25
25
13
15
19
15
23
11
8
9
9
183
177
129
123
95
94
92
70
57
59
55
46
44
41
35
31
32
31
31
31
15
9
288
10
242
165
137
134
137
112
109
72
71
57
46
29
32
21
23
21
6
10
6
9
426
15
163
106
84
74
64
45
46
28
33
19
23
9
9
8
8
6
6
8
8
24
24
213
179
176
164
144
107
107
82
82
82
70
61
59
46
45
31
24
8
6
29
189
124
112
106
96
90
89
84
87
79
72
72
61
58
61
53
40
24
21
18
18
13
15
30
166
163
117
111
98
80
78
77
60
26
24
22
23
18
20
9
8
13
7
7
7
36
39
162
149
120
98
99
88
76
60
60
46
29
31
21
21
18
13
18
12
12
226
167
145
105
96
94
87
65
62
56
51
52
40
40
40
34
32
33
26
28
20
9
8
9
248
175
128
116
110
92
86
75
74
71
71
71
53
45
34
31
23
23
14
17
9
8
11
10
327
51
212
187
131
123
110
112
103
96
70
72
58
61
43
32
28
35
25
19
22
13
9
9
59
59
56
191
182
136
120
114
102
87
77
70
49
55
41
39
12
8
9
14
18
7
64
64
231
151
143
113
86
64
59
51
50
46
46
45
35
32
26
26
25
13
11
8
320
69
233
198
182
174
156
152
149
76
75
58
59
50
45
41
42
33
28
28
15
9
73
271
237
234
161
151
152
133
126
111
97
79
56
48
48
36
29
29
16
10
8
6
202
138
85
74
69
61
54
58
50
43
38
28
28
29
15
15
15
15
9
8
8
375
346
84
84
280
225
172
167
143
125
110
100
58
58
57
57
46
32
20
24
10
11
132
115
111
84
77
73
71
49
48
34
35
25
29
29
19
22
17
12
9
9
11
271
263
237
202
192
160
98
83
62
58
53
53
56
41
36
24
24
23
20
9
11
256
228
198
197
178
182
136
111
91
83
85
71
68
67
57
48
57
33
24
8
8
11
354
330
203
187
155
128
111
94
100
63
53
54
49
49
34
34
31
30
29
24
9
6
261
208
167
152
148
113
105
91
70
69
68
67
57
58
53
51
45
49
23
34
18
6
286
157
153
136
122
110
106
104
89
85
83
82
72
67
62
47
45
40
31
23
26
9
9
119
119
278
271
214
198
197
142
142
128
88
74
52
52
47
45
48
46
19
19
18
21
10
11
191
179
131
113
109
86
73
79
60
64
57
54
54
50
51
47
26
23
24
24
14
7
7
369
376
242
189
145
142
134
106
79
79
62
59
59
55
52
31
22
28
16
12
6
8
131
134
288
232
221
177
178
124
123
93
82
68
70
60
47
21
18
16
15
11
7
15
173
161
161
135
116
113
110
98
88
87
70
41
40
38
29
26
22
23
23
12
12
8
377
263
239
176
169
134
130
119
112
118
108
106
92
74
76
68
64
43
43
27
28
27
9
309
206
167
133
123
128
117
111
92
96
90
72
53
47
39
35
32
34
22
30
21
15
18
7
7
311
233
208
178
150
136
126
122
118
114
97
80
41
27
27
27
12
10
12
12
10
158
159
168
143
140
127
89
89
63
43
42
39
31
32
20
18
17
10
15
9
168
153
148
131
131
123
100
105
79
69
66
61
59
54
49
40
29
33
33
22
15
13
7
169
211
191
191
177
158
150
134
105
103
92
73
68
71
56
42
39
35
22
22
13
18
10
10
170
394
297
216
189
149
141
136
104
104
94
83
57
55
41
40
39
35
28
15
10
10
9
171
138
109
106
86
81
81
65
63
52
48
51
51
43
41
36
30
22
25
14
10
166
168
129
110
89
93
86
74
68
68
67
56
56
49
51
42
30
33
23
17
19
11
187
211
180
163
132
113
102
62
59
58
49
50
40
40
40
34
35
25
21
22
11
20
249
207
195
180
108
103
63
61
63
56
56
45
50
35
34
29
28
27
25
22
25
14
13
204
167
158
123
99
84
83
83
66
61
50
45
40
40
31
30
20
19
7
6
16
10
264
252
231
200
178
149
140
117
113
113
113
88
74
76
54
47
37
23
23
26
25
19
8
10
184
173
170
156
131
118
111
90
60
65
60
49
45
45
42
33
28
20
26
8
8
8
8
8
264
187
149
147
100
87
80
81
65
57
64
57
49
49
48
48
36
45
45
33
22
13
16
382
241
234
174
155
155
139
130
121
92
80
69
55
52
54
50
50
40
34
21
18
17
8
8
8
259
256
189
192
154
151
139
99
105
89
60
61
59
43
45
32
39
26
23
26
18
11
13
200
138
128
115
102
101
96
94
92
93
85
80
31
20
18
11
8
14
11
10
9
14
176
154
141
121
118
107
90
85
80
75
70
69
67
56
65
53
53
51
38
23
6
319
7
6
6
8
6
6
227
148
141
125
125
92
90
80
41
38
27
19
18
19
11
10
244
9
192
170
117
97
83
77
56
43
43
31
31
31
24
15
7
7
6
8
8
477
342
238
223
140
114
110
110
107
99
100
86
90
84
85
71
79
66
57
51
44
39
38
8
24
228
209
189
134
119
97
90
87
88
89
81
73
73
45
43
35
34
27
18
13
8
192
186
186
187
133
129
125
96
78
69
67
58
58
50
38
38
33
23
17
16
10
7
32
32
34
195
191
150
116
112
115
104
99
100
95
85
59
54
49
48
26
24
11
9
456
237
237
202
174
139
110
112
104
105
103
91
90
91
64
40
27
7
14
13
274
394
303
43
223
204
173
174
144
132
120
120
89
64
49
53
38
22
6
363
46
219
194
182
129
115
100
91
69
68
61
60
52
58
52
43
43
37
32
13
9
51
256
153
151
141
137
135
134
116
96
83
86
43
37
42
41
43
31
20
10
14
9
9
56
56
215
162
153
140
114
116
111
111
97
80
83
61
42
37
42
23
19
11
14
10
10
62
62
244
242
180
177
163
145
132
135
127
116
96
83
72
73
53
58
26
15
11
176
146
138
138
136
140
135
96
94
96
98
84
79
59
58
58
58
50
21
8
402
69
286
154
137
111
106
94
89
83
76
57
56
53
49
42
34
26
17
14
8
12
309
359
273
211
211
184
149
145
94
81
68
72
66
56
34
40
39
34
30
27
19
17
8
336
81
277
275
223
197
153
147
141
141
116
104
108
92
52
52
46
33
27
24
18
17
86
255
200
191
170
155
121
121
118
116
104
108
55
49
41
33
38
27
18
18
23
9
7
8
324
88
91
268
210
207
151
123
111
88
83
83
77
72
69
69
45
43
41
34
16
16
12
96
229
165
148
128
100
88
68
59
59
48
42
37
33
32
17
15
10
17
10
7
417
99
318
203
203
155
146
136
119
92
91
87
93
82
72
56
55
46
38
38
27
33
22
8
7
109
265
251
229
204
182
171
158
119
117
98
92
84
71
69
71
64
63
60
60
58
47
34
515
113
246
221
195
146
139
90
83
80
74
78
74
69
69
52
40
38
30
14
11
330
258
216
202
192
182
183
170
161
151
134
128
112
101
94
79
79
68
25
10
20
19
16
434
120
173
143
141
141
136
100
67
73
67
72
50
44
26
25
21
23
8
7
402
238
150
146
112
110
95
78
72
71
52
63
51
45
43
38
47
35
22
18
13
9
262
220
196
159
153
123
103
85
81
77
60
67
50
52
38
40
39
38
32
15
7
7
7
317
312
250
205
183
173
144
115
109
106
105
82
82
61
65
43
41
31
37
20
28
18
19
12
9
141
300
274
149
138
112
93
89
81
84
62
54
47
52
23
23
19
24
7
7
7
8
7
7
147
283
201
151
125
123
98
92
89
89
83
77
59
30
34
33
23
20
15
7
10
6
7
469
224
206
205
164
143
76
73
58
59
61
47
56
20
25
19
17
17
16
15
10
8
6
411
378
304
242
208
210
188
146
146
140
102
97
82
48
47
40
47
38
33
25
22
12
8
8
250
230
189
132
133
119
107
69
61
48
44
38
27
27
27
14
13
8
6
7
7
7
249
232
221
201
173
152
138
135
126
125
103
103
71
68
54
38
30
32
28
13
8
176
163
108
91
57
63
63
58
53
47
47
40
37
28
23
14
17
14
14
10
8
8
13
10
343
254
191
145
122
128
111
77
77
60
53
47
35
35
35
35
23
13
9
8
440
275
195
172
161
127
110
94
82
55
57
47
47
47
45
42
36
34
29
18
15
14
7
186
191
144
98
87
78
88
64
68
60
53
52
52
52
52
38
29
28
29
23
21
20
305
183
176
175
68
73
57
57
57
57
47
43
38
43
34
28
25
26
24
22
6
9
9
352
265
250
191
159
104
103
62
60
57
54
54
41
41
39
42
29
22
26
28
11
11
9
304
168
158
159
101
84
67
67
56
57
48
53
41
43
35
35
35
35
26
29
9
7
274
275
127
126
77
74
62
54
58
49
52
51
48
40
34
16
19
10
10
8
10
8
8
224
193
166
142
103
77
77
76
70
54
47
45
37
37
25
36
21
23
23
13
13
7
12
433
273
220
84
77
75
73
72
63
61
61
50
35
31
23
21
22
21
20
18
10
6
241
167
146
85
83
80
77
67
73
58
63
55
54
39
25
18
18
21
13
15
12
15
15
9
233
212
193
149
145
103
97
95
85
85
85
81
78
69
72
60
40
41
34
32
30
244
215
186
175
141
102
99
97
92
83
65
63
36
35
33
33
21
7
8
10
7
258
161
107
70
63
69
51
45
44
44
40
36
17
21
17
17
12
10
8
6
6
8
346
323
273
9
8
6
147
135
118
117
106
100
80
60
51
51
47
47
39
34
31
31
17
314
10
11
10
8
9
232
183
130
115
98
79
79
59
52
44
28
30
19
20
16
17
266
16
14
13
14
158
112
90
76
65
59
55
55
57
53
41
40
32
35
22
23
23
10
20
18
18
162
112
112
108
86
82
75
73
64
62
59
53
47
48
37
32
32
28
27
264
350
330
309
25
24
138
137
106
98
93
69
69
64
63
56
49
30
32
8
7
13
31
30
33
25
252
205
142
142
118
122
96
94
99
85
80
85
76
72
71
70
61
57
39
7
7
432
399
286
276
38
38
264
130
127
123
123
89
81
75
73
65
62
59
41
41
40
17
11
499
36
39
262
178
142
132
128
127
119
118
102
104
90
86
82
74
77
46
46
27
10
10
48
44
42
186
165
155
152
150
128
118
115
117
79
81
69
59
31
17
15
9
6
6
392
340
306
47
177
169
168
168
138
129
132
110
92
83
67
70
60
63
56
22
14
20
14
424
55
192
178
174
146
137
128
125
100
96
93
95
88
79
63
60
39
42
19
16
12
12
58
251
239
221
214
148
115
101
99
78
68
40
38
37
30
31
26
21
23
23
16
7
7
6
321
285
283
170
153
153
135
135
135
105
95
94
87
71
46
37
35
22
14
9
7
11
318
74
71
69
264
192
182
158
158
145
140
97
79
76
75
43
31
31
27
12
12
16
6
72
73
206
196
175
150
117
117
113
108
101
101
81
62
47
54
44
39
21
21
10
7
12
375
81
77
281
235
208
193
163
158
131
131
116
109
86
41
41
14
12
10
8
6
6
463
328
312
188
180
131
126
124
55
35
15
14
11
10
12
11
11
8
8
9
8
417
280
234
203
198
184
178
160
131
117
112
102
96
96
77
68
67
51
36
20
6
459
368
99
298
268
223
165
157
137
135
128
121
111
110
67
59
66
46
27
25
23
17
15
439
98
97
207
188
126
71
61
46
42
39
39
32
29
29
24
22
22
17
10
8
8
102
102
333
165
139
139
131
73
68
52
51
46
42
42
51
28
19
21
15
11
15
7
446
358
318
223
222
205
203
202
172
178
147
140
131
71
58
60
52
39
36
36
32
32
32
17
119
112
217
201
200
197
155
141
135
102
97
92
92
65
72
63
52
52
45
43
11
9
10
388
362
351
308
248
132
126
107
84
70
77
50
34
20
14
22
6
6
6
6
125
204
204
200
189
183
173
137
130
103
95
95
86
64
55
54
53
50
41
32
29
28
6
127
271
248
225
170
109
100
91
78
87
67
66
66
61
61
52
46
38
25
23
16
7
136
136
248
229
226
199
148
105
96
96
68
64
60
57
55
57
45
23
19
22
9
10
10
6
137
339
253
172
166
160
157
152
130
132
110
86
71
70
66
62
62
46
44
47
48
36
24
18
11
250
186
179
181
129
133
109
103
96
74
71
62
52
53
29
20
19
14
12
6
7
6
148
188
176
163
132
137
114
108
104
82
82
70
72
64
64
61
70
48
49
33
36
28
23
17
6
533
404
301
283
247
233
181
168
137
139
134
134
126
97
77
67
63
43
41
30
22
165
157
361
148
137
121
121
108
94
81
82
72
62
44
32
35
24
29
13
13
17
170
243
173
173
152
135
126
97
94
91
91
90
88
79
82
73
43
53
29
29
32
293
267
267
257
208
197
200
187
142
119
104
96
93
92
89
77
58
65
51
44
428
177
266
263
253
253
245
246
206
151
140
104
105
97
69
69
44
28
19
24
24
18
8
6
192
186
141
134
112
110
105
100
88
67
57
55
47
33
33
10
9
9
9
10
6
7
6
7
185
278
221
179
173
162
142
131
117
109
51
52
52
45
38
35
29
19
20
14
11
230
198
121
112
110
102
97
84
92
76
62
54
43
50
33
34
21
19
19
13
11
7
6
303
241
166
143
125
119
82
82
70
72
56
48
34
23
21
16
8
7
11
6
9
8
9
6
296
266
241
172
161
137
116
95
54
44
31
27
27
17
13
15
14
9
9
6
233
146
142
91
92
83
58
49
54
49
41
41
36
38
34
32
32
32
30
19
15
9
9
6
214
207
260
248
243
191
158
140
136
120
118
96
84
79
40
37
27
25
20
19
16
14
10
11
215
339
245
221
197
187
145
122
98
69
76
76
46
52
42
42
21
21
21
12
15
7
6
402
181
181
138
128
69
64
54
48
49
45
44
32
28
28
29
22
22
9
9
7
294
220
186
183
157
156
155
152
148
145
99
97
96
92
45
43
43
9
10
240
237
160
150
137
140
103
73
81
65
59
59
55
50
45
46
42
38
36
29
23
24
10
316
281
276
255
123
110
106
97
55
52
48
47
42
44
44
41
37
26
25
27
27
15
286
274
212
201
147
77
77
67
58
60
51
36
25
21
20
18
9
9
9
6
6
388
206
182
177
170
155
106
89
94
79
73
72
67
65
62
59
58
46
45
43
39
39
14
276
238
174
168
107
93
80
78
54
52
51
51
50
42
44
38
35
28
21
19
16
17
6
6
398
231
175
155
143
104
92
94
70
59
59
54
37
39
44
23
24
18
16
22
7
9
287
286
282
275
7
217
186
188
167
156
132
121
93
93
72
66
61
54
54
24
25
21
10
11
7
9
134
106
94
79
74
65
50
50
50
45
45
37
37
26
21
18
15
20
19
12
265
249
136
137
131
97
84
72
71
62
64
50
34
31
24
22
11
12
7
459
287
22
24
22
223
207
206
200
182
167
104
79
75
55
44
38
36
36
36
9
17
7
27
30
22
22
158
110
108
109
105
97
85
84
60
49
41
41
19
8
7
355
31
29
213
92
89
82
76
68
72
65
56
35
35
19
14
10
7
6
7
36
33
254
197
197
156
131
118
107
110
70
60
60
62
51
46
46
40
45
20
19
45
44
39
37
226
163
126
101
99
95
86
82
81
75
63
57
51
49
29
26
24
6
14
397
47
49
50
44
44
186
172
128
108
85
78
69
62
57
60
37
32
42
28
9
18
8
7
306
48
232
133
135
126
125
122
119
87
91
85
82
61
55
56
34
32
33
29
12
348
52
249
172
150
133
132
119
107
110
94
92
90
90
66
51
49
20
28
12
8
7
369
57
276
247
245
201
144
135
121
110
107
84
79
65
48
43
43
24
10
9
10
67
206
189
181
137
130
131
130
122
109
102
100
70
51
50
52
47
42
38
29
15
13
7
10
72
74
70
67
138
94
100
92
86
81
81
53
49
52
28
28
22
22
17
8
10
78
72
303
183
169
166
139
136
110
101
94
69
64
54
47
39
39
41
34
23
15
13
330
564
80
80
215
184
182
176
162
162
152
149
125
127
117
72
65
67
32
32
13
227
183
163
150
132
125
96
80
72
30
31
30
30
28
26
24
21
19
14
11
8
9
10
273
146
126
114
109
110
95
100
77
69
60
49
40
40
37
37
30
24
24
19
18
12
7
396
92
306
257
217
179
170
154
139
119
111
107
100
74
49
39
35
24
24
20
10
462
291
174
135
111
105
105
105
77
76
62
63
62
50
45
44
36
29
24
23
18
18
18
6
6
927
110
231
182
169
160
149
121
85
68
53
55
52
50
49
46
36
34
28
26
11
10
7
467
107
109
311
192
166
157
149
134
90
87
66
55
55
39
33
36
25
20
17
14
14
12
369
265
236
206
177
152
137
109
104
73
73
65
67
51
55
51
46
30
22
19
21
16
17
9
303
301
289
242
200
139
125
99
67
65
58
54
51
51
54
53
35
35
26
15
15
12
9
9
184
166
148
140
132
103
102
104
89
75
73
68
68
68
61
40
40
31
25
27
7
10
134
127
130
221
216
166
142
122
103
80
68
59
59
55
48
45
32
31
22
21
9
6
428
402
217
176
178
170
157
151
121
98
64
53
28
28
27
19
16
14
16
11
8
6
6
6
6
141
255
221
220
215
204
163
156
124
127
119
118
112
102
94
85
85
51
52
44
39
18
7
142
264
225
217
204
201
192
150
150
107
90
81
76
75
50
50
40
26
21
18
21
16
217
174
166
155
93
79
79
76
65
65
68
65
59
55
30
31
26
27
26
14
8
9
6
405
159
152
367
274
276
207
192
191
174
171
149
145
120
103
101
100
93
90
84
84
57
48
47
12
466
302
187
165
104
88
86
86
84
61
57
61
49
33
33
38
31
22
21
18
15
16
7
418
611
376
351
247
206
189
187
170
170
157
109
91
90
59
45
17
9
10
8
6
6
167
231
217
165
156
154
134
115
110
99
97
96
99
96
89
85
81
78
72
50
44
34
26
28
706
509
476
232
228
189
162
152
133
119
113
103
90
93
90
81
80
81
64
63
23
17
27
16
366
203
164
133
125
124
121
122
124
115
109
104
102
82
72
56
53
40
10
13
8
11
10
594
182
291
253
247
227
167
149
133
132
129
123
114
96
87
86
78
70
58
28
15
187
282
207
177
181
176
147
124
118
112
114
108
101
97
105
91
78
65
46
37
9
17
17
7
197
337
310
216
213
204
174
178
168
158
131
123
110
97
80
72
59
51
53
34
6
9
6
6
317
260
255
190
173
145
129
115
115
95
94
41
56
30
21
21
11
11
13
10
169
155
150
152
153
134
123
77
69
78
72
63
63
61
38
35
34
18
10
15
215
207
274
234
187
187
154
139
134
114
111
97
68
50
51
39
37
27
13
8
8
404
299
250
196
186
184
160
156
155
146
144
140
133
130
107
110
95
93
76
55
26
11
217
336
207
148
149
146
132
120
117
109
60
54
41
40
30
23
21
18
15
15
10
9
6
7
227
333
328
241
204
161
159
143
133
122
113
97
86
86
65
46
37
38
30
27
21
18
8
8
325
314
235
175
159
108
105
91
97
86
86
73
69
63
61
55
28
19
17
16
13
7
317
297
218
185
179
170
171
129
103
93
93
93
90
78
78
70
73
45
39
24
15
17
12
244
194
184
168
162
158
155
141
113
111
80
80
75
70
60
51
54
37
27
20
20
20
17
264
193
157
151
150
133
115
88
86
84
85
74
41
40
38
38
38
34
22
22
21
565
295
294
9
7
17
154
108
108
90
78
71
58
58
57
45
36
33
30
28
30
25
302
18
12
8
7
6
183
160
128
122
88
65
57
49
44
37
35
35
27
26
265
276
24
26
15
9
198
184
175
165
113
88
74
73
56
62
55
47
40
40
28
14
17
15
16
238
191
191
153
108
120
104
84
66
52
45
48
45
48
43
45
42
37
13
8
28
222
214
206
199
151
151
143
128
109
91
91
71
68
55
50
50
39
17
9
9
7
39
24
25
24
227
204
210
165
159
156
148
138
133
104
80
77
59
57
52
23
14
507
413
230
224
209
190
161
155
139
125
135
119
99
77
81
73
74
62
62
51
24
7
9
7
289
309
44
36
258
235
214
187
126
114
104
106
102
97
68
71
68
54
24
11
8
8
42
41
248
240
240
230
195
194
192
182
178
146
104
70
69
70
63
34
36
29
29
11
351
330
306
224
176
135
130
116
97
91
78
82
77
73
74
71
72
65
30
24
30
6
7
61
58
229
196
178
171
158
156
129
87
83
77
67
76
75
48
41
39
21
19
15
814
302
68
54
55
291
209
200
186
132
100
49
44
48
40
25
17
6
485
260
245
202
129
112
105
92
90
53
45
49
42
26
23
23
21
22
22
22
10
492
322
81
64
232
204
158
157
155
126
112
111
106
98
92
82
63
36
26
21
12
7
8
8
377
70
243
224
213
201
197
151
147
125
109
96
97
59
59
61
41
19
16
10
6
7
77
240
220
189
172
144
151
133
109
73
69
72
46
53
57
44
41
35
13
9
9
412
309
247
186
127
107
105
97
69
43
49
46
42
40
24
31
23
11
17
9
10
6
90
84
230
210
191
175
154
147
137
133
121
115
112
79
79
79
38
9
9
89
258
239
201
187
175
168
162
145
129
129
118
84
39
30
31
24
27
14
14
9
10
95
95
307
260
192
157
151
156
122
122
89
68
77
61
64
42
46
21
25
16
17
9
700
116
340
295
278
265
208
193
189
183
164
153
148
128
124
97
70
63
59
37
25
24
21
10
510
384
274
233
211
186
174
166
149
148
99
102
84
61
58
56
47
48
42
35
29
29
25
9
361
289
267
170
149
137
93
72
65
69
57
47
47
42
34
33
14
11
11
9
430
238
199
159
145
145
145
141
104
108
97
79
80
68
64
62
52
55
52
40
14
16
405
119
299
197
197
163
154
117
83
81
76
64
59
62
57
50
57
41
34
30
8
125
364
362
304
251
188
184
158
152
112
87
87
83
64
62
62
50
37
28
15
15
429
138
210
178
173
101
112
91
90
90
89
82
75
62
60
56
38
38
32
31
8
16
9
6
547
134
347
327
303
196
112
96
84
86
72
66
66
45
28
36
36
6
7
10
139
376
305
204
203
167
166
111
101
102
99
80
75
71
71
70
64
8
9
7
10
490
402
145
321
207
189
172
143
141
114
101
88
65
59
59
58
44
46
22
13
567
302
195
186
146
137
112
111
109
103
106
99
92
84
68
43
51
51
37
35
18
10
160
155
155
154
392
298
215
194
188
174
114
75
76
72
69
62
67
56
34
34
23
9
9
6
222
210
205
193
158
149
149
123
119
120
97
97
89
78
56
61
39
39
34
23
23
13
360
164
129
123
86
85
81
85
72
74
41
46
33
27
25
31
18
16
6
356
278
254
233
197
157
131
123
91
90
72
71
43
19
18
18
16
6
9
9
9
6
710
182
313
255
258
206
205
139
128
114
117
112
105
93
43
48
35
41
25
29
27
182
413
415
263
157
121
123
103
110
78
82
70
31
25
21
26
14
13
8
8
439
225
217
205
155
151
145
138
140
61
64
56
57
29
31
31
24
21
13
14
13
11
7
521
197
365
336
328
227
186
144
94
100
93
71
66
66
61
64
41
41
41
25
19
17
6
505
326
266
168
174
153
133
138
73
61
55
43
38
41
36
28
23
25
19
16
12
11
213
357
352
316
250
171
159
153
112
98
67
66
51
46
46
41
47
28
17
27
17
15
12
10
8
205
384
368
295
238
238
199
168
157
146
99
89
62
33
34
34
31
31
21
19
13
13
858
220
209
236
208
115
119
84
76
65
56
39
38
36
26
22
18
10
10
13
10
7
547
215
423
417
410
158
116
88
90
82
64
61
50
54
48
38
32
29
23
18
12
9
11
11
616
443
271
182
174
167
170
163
150
130
101
55
59
53
48
48
36
34
30
23
26
27
14
12
465
425
176
162
162
121
118
102
76
71
68
58
54
48
41
41
39
39
33
20
14
8
353
226
207
203
182
181
179
106
104
94
87
86
69
58
56
56
42
31
26
15
10
9
7
7
561
449
425
328
325
306
274
268
194
184
177
101
86
88
56
45
37
38
36
29
15
14
8
6
6
270
234
238
171
156
119
117
114
113
106
91
89
64
41
35
20
24
19
9
12
11
10
10
275
227
175
138
123
104
112
91
92
72
71
46
52
35
30
32
15
15
16
660
179
157
110
86
83
78
64
60
50
57
51
39
44
37
25
25
26
19
23
21
19
308
171
130
106
101
102
84
69
72
70
69
65
52
49
35
34
26
21
6
13
269
322
202
106
93
88
88
81
77
77
68
71
61
49
47
47
34
14
10
10
7
272
319
297
282
259
218
208
167
166
139
116
101
65
64
49
44
41
23
33
22
17
182
147
121
105
108
98
98
84
86
82
64
50
53
42
36
28
34
28
10
18
6
440
335
308
201
159
121
99
89
76
75
75
55
50
50
54
44
46
33
11
22
13
7
7
7
6
6
242
193
185
147
126
118
104
88
88
76
74
64
52
51
30
24
25
8
8
12
570
474
339
10
13
8
7
123
93
86
65
72
59
60
43
54
54
43
51
35
24
442
16
7
12
9
6
6
200
197
186
134
126
107
104
89
67
48
48
43
32
294
23
23
18
11
17
12
11
11
10
258
229
121
116
111
78
75
61
45
47
8
8
8
6
25
22
22
13
280
267
255
207
166
128
108
112
101
100
76
78
71
41
45
28
13
13
11
10
454
345
27
18
294
242
144
113
111
85
85
76
55
59
52
18
15
11
9
6
6
6
6
349
347
33
27
29
29
32
26
284
263
161
159
157
127
127
118
118
97
90
75
64
64
56
11
342
37
31
300
266
191
181
161
122
106
79
48
43
28
28
26
21
18
14
18
18
6
395
373
363
42
42
34
223
177
156
148
132
94
99
97
89
84
68
27
15
17
8
9
8
379
346
342
45
268
251
171
172
125
105
100
77
67
57
61
53
38
35
31
17
16
7
7
7
11
49
45
43
45
44
196
130
101
58
43
43
31
28
21
26
26
27
20
19
16
12
9
9
514
50
306
224
155
150
122
108
101
91
75
41
24
12
10
10
10
9
57
53
53
175
168
169
157
109
110
98
96
91
45
43
29
28
22
15
15
15
15
15
14
58
61
173
167
157
129
121
103
103
81
77
73
58
50
42
48
36
33
20
20
14
19
65
216
196
178
165
134
116
63
55
50
53
52
46
40
32
25
25
14
12
9
9
83
72
72
71
71
317
163
126
109
106
83
61
33
30
30
29
13
14
6
6
6
6
189
140
110
114
104
90
96
73
64
57
39
44
46
40
39
38
21
17
11
9
11
9
444
87
214
180
97
93
77
71
67
62
52
53
55
44
40
40
39
10
14
14
10
10
7
6
9
95
92
242
236
196
139
122
98
68
67
46
49
45
45
44
41
30
28
21
21
21
17
6
99
97
226
208
154
133
88
88
86
64
54
50
31
31
28
26
28
26
24
18
379
104
96
184
165
130
93
88
77
68
62
64
55
55
49
54
33
16
17
12
109
98
336
186
113
81
73
71
62
49
47
39
39
42
41
36
36
36
32
26
29
12
103
216
135
87
87
79
74
53
52
41
41
39
41
34
29
27
24
24
25
17
17
15
114
111
153
108
105
101
92
81
79
70
72
70
55
49
46
48
44
39
27
22
24
21
16
9
302
189
171
166
128
113
97
75
53
51
31
32
31
27
23
23
23
17
14
14
143
118
107
101
93
93
86
88
90
82
80
79
65
49
41
39
32
29
28
26
16
12
6
6
608
135
136
284
278
261
190
149
140
115
102
68
66
54
59
47
37
39
33
33
33
22
8
138
208
188
186
173
151
128
125
110
92
92
90
78
75
66
66
59
52
51
51
25
20
142
142
142
168
159
99
99
95
95
95
95
79
77
78
73
72
69
65
62
48
15
11
10
253
138
138
114
114
100
93
94
69
72
71
72
68
48
48
44
41
48
39
23
20
9
15
152
417
354
227
190
166
177
132
130
118
108
104
88
63
53
56
49
37
37
21
21
9
10
163
382
251
219
123
107
68
70
62
62
43
40
33
29
30
29
19
21
10
8
15
168
160
170
137
121
114
109
94
96
98
62
39
41
36
32
15
15
9
8
9
8
7
295
217
120
107
98
98
98
82
89
82
82
72
76
68
59
59
46
31
31
24
13
12
13
8
163
147
139
103
77
77
76
62
64
60
46
41
41
41
24
22
22
17
13
13
12
9
7
359
253
187
132
129
106
78
69
69
69
50
47
46
46
51
27
26
26
22
15
18
15
173
156
157
127
110
110
104
104
98
92
87
91
87
69
55
37
35
31
30
28
177
174
156
154
141
139
108
100
87
81
79
77
63
57
37
37
25
22
21
24
12
8
192
194
183
264
269
172
145
123
121
114
107
102
93
61
66
56
38
18
10
10
9
201
434
285
172
122
117
112
111
110
102
100
91
65
59
61
56
44
22
16
16
14
6
497
398
239
231
183
162
166
154
141
131
105
96
94
78
76
71
55
46
21
21
21
21
13
386
265
198
159
159
136
127
120
112
92
76
59
55
53
51
47
42
36
25
17
18
15
9
444
225
218
10
9
175
162
124
117
116
104
91
94
76
59
61
56
43
33
26
21
221
456
14
9
9
8
158
155
148
146
131
109
109
86
64
67
66
63
61
57
55
47
28
18
217
216
258
21
15
205
175
153
150
117
104
103
81
63
57
40
40
33
33
30
10
231
264
25
25
20
24
19
181
180
179
169
149
141
96
89
86
64
61
62
57
45
45
31
28
325
285
242
29
33
28
29
25
25
23
220
198
168
163
154
143
117
82
70
51
40
36
40
38
14
270
266
34
217
212
189
176
177
152
141
132
131
106
95
87
78
62
69
45
44
41
43
21
280
40
40
35
217
202
195
189
174
170
171
153
147
147
134
139
101
60
44
19
16
45
39
178
176
169
161
148
141
132
99
104
93
92
88
88
84
74
64
57
53
11
8
437
44
44
42
230
206
199
187
153
121
113
101
97
87
87
82
63
54
54
27
8
8
6
8
252
267
55
54
53
51
49
48
246
188
184
166
169
162
131
96
95
87
75
65
68
63
20
31
10
257
341
312
280
282
60
60
60
250
214
191
185
167
141
130
113
89
68
44
36
15
10
8
264
64
59
258
234
173
170
170
143
140
137
120
125
111
69
54
15
20
17
13
7
10
70
69
229
225
178
173
139
136
129
121
116
113
109
83
52
45
32
33
25
10
18
18
7
287
74
73
69
239
233
209
206
180
156
152
128
124
109
109
103
83
14
9
9
6
79
235
201
159
166
151
123
123
107
112
108
86
66
70
30
28
19
11
8
7
87
262
261
247
224
216
214
209
161
117
106
96
98
48
42
41
43
38
28
17
16
12
11
11
90
85
224
201
168
145
150
138
103
100
100
72
66
48
40
31
28
24
23
18
9
14
8
297
89
278
261
250
228
184
170
164
145
138
138
123
67
33
29
29
26
14
14
8
9
13
500
316
100
100
95
268
255
207
188
143
143
134
139
119
116
110
77
80
69
56
48
37
37
505
321
107
104
201
183
176
168
175
160
135
126
121
78
55
55
44
43
45
36
24
21
19
8
345
218
217
197
159
149
94
60
48
46
49
41
41
37
38
36
28
29
29
17
9
14
9
6
374
114
115
249
211
167
164
152
128
125
119
70
49
41
34
29
23
23
11
8
371
119
115
244
241
203
168
133
132
78
73
57
51
48
46
40
39
30
30
18
14
11
14
10
120
296
280
234
175
149
138
129
83
75
68
73
60
59
59
53
53
51
39
39
35
27
18
10
6
130
129
125
129
124
169
109
105
64
61
61
58
58
56
56
56
42
44
42
32
32
24
11
8
6
501
130
238
213
201
178
178
173
165
113
107
93
90
66
63
54
45
37
19
16
7
333
331
297
294
247
168
105
92
88
88
75
71
44
37
38
21
18
11
7
6
140
192
191
193
155
149
135
127
128
103
103
103
76
68
63
68
47
42
36
29
35
150
140
304
198
105
81
81
81
76
68
69
69
49
43
43
34
31
30
8
374
146
344
245
236
199
198
159
124
112
110
98
94
86
83
49
36
33
34
33
31
30
25
353
549
162
159
291
271
267
127
115
112
112
108
92
86
79
74
78
54
54
51
53
38
30
33
456
160
346
319
256
243
236
220
209
93
83
44
43
39
23
18
10
7
7
6
7
7
378
207
200
185
183
150
144
137
118
118
110
108
89
61
63
49
48
37
26
19
17
11
9
175
368
306
306
262
140
137
123
112
113
91
89
85
69
66
63
56
48
41
42
34
33
33
20
174
175
356
323
320
318
287
274
274
231
201
191
143
94
85
74
76
73
58
27
29
16
17
9
9
179
327
312
292
263
158
137
103
90
90
95
92
79
70
69
62
64
30
26
18
9
8
8
184
320
286
262
222
165
165
145
137
120
116
116
108
91
86
84
68
51
54
46
47
28
372
350
214
205
182
157
126
126
103
96
97
89
76
73
65
59
22
23
23
24
14
14
12
7
8
406
194
242
165
150
141
140
126
118
112
102
96
98
91
93
89
80
42
28
13
13
14
7
195
382
292
237
191
170
163
139
136
131
119
107
102
98
62
70
63
43
30
31
18
7
204
205
344
326
307
230
165
137
128
109
108
106
77
71
46
39
38
37
11
6
214
210
381
202
167
151
153
134
134
134
106
60
47
32
16
16
10
9
10
10
11
7
6
219
397
329
290
209
208
185
168
166
157
124
124
113
113
110
61
65
46
29
23
14
14
429
224
220
383
365
166
156
152
152
139
126
109
98
61
46
47
38
38
31
15
15
392
218
197
157
140
133
131
129
124
114
97
87
73
71
37
39
33
25
21
20
16
11
231
382
271
245
223
183
161
147
133
119
115
116
107
93
87
82
88
78
58
30
21
21
13
13
371
364
351
251
250
174
144
134
87
87
85
61
54
46
34
34
30
22
26
8
10
7
717
437
266
256
6
8
214
210
200
185
174
145
139
138
112
102
102
81
72
62
54
54
43
32
14
443
356
338
302
16
17
233
225
188
176
164
159
159
142
134
115
101
83
64
62
56
19
19
450
321
294
266
17
16
8
6
218
210
210
186
174
169
155
108
56
52
58
50
48
41
29
35
468
437
19
8
215
188
181
174
165
142
144
109
105
103
101
89
70
54
55
33
40
27
30
29
17
19
24
7
9
245
213
158
146
144
143
108
106
101
81
59
52
39
45
7
383
364
306
303
242
187
161
163
150
136
125
111
109
97
91
94
66
68
58
37
40
7
334
40
28
23
19
201
201
180
156
133
123
120
110
88
80
78
66
57
56
49
14
14
14
7
6
473
331
300
45
39
25
211
199
194
174
150
109
107
92
71
62
67
66
50
19
22
11
50
34
233
223
219
204
197
130
126
109
102
97
84
73
58
62
53
9
417
324
43
35
245
154
119
106
103
97
96
94
81
72
72
61
10
10
14
10
9
371
365
356
47
40
226
201
188
168
142
148
137
119
114
108
86
86
81
75
15
15
14
60
48
277
178
129
119
124
114
117
112
101
79
69
67
38
27
21
18
15
13
6
304
339
57
56
263
233
215
183
152
138
133
118
100
87
73
73
41
35
28
24
19
14
8
365
72
75
76
55
55
248
238
241
238
219
189
184
119
104
92
84
79
29
9
6
10
345
75
67
67
57
241
225
156
156
143
109
105
97
89
55
56
43
35
26
29
16
6
10
368
357
340
85
71
301
273
214
214
181
148
114
61
52
40
40
23
26
25
17
10
6
456
90
90
275
273
176
172
166
166
166
154
138
138
128
116
111
106
94
64
40
16
14
78
257
240
224
167
159
143
131
124
121
120
121
121
70
50
50
49
45
25
20
14
14
96
95
287
283
269
263
190
180
176
148
110
107
51
51
42
41
34
24
22
15
12
8
384
91
99
271
258
231
230
190
169
153
154
143
114
108
78
71
60
60
59
39
40
28
21
17
375
110
93
283
192
151
157
136
114
83
77
60
56
48
47
46
45
45
22
21
10
10
658
109
94
254
243
205
195
167
144
132
135
73
70
55
57
52
51
44
39
31
27
25
7
7
353
406
363
106
106
100
235
202
196
169
164
150
149
146
125
93
70
57
44
46
31
32
8
402
122
111
322
244
163
154
101
86
85
81
79
74
52
49
29
29
25
25
13
22
558
131
223
214
194
192
178
174
155
155
138
134
133
103
99
65
49
48
27
15
8
8
365
403
135
114
307
272
211
211
197
182
86
85
76
70
64
46
33
24
24
26
19
7
8
456
126
126
310
302
272
222
222
214
202
166
111
99
94
85
81
77
66
56
53
20
12
8
392
128
282
270
261
247
252
240
221
207
162
112
61
56
34
35
6
6
6
378
151
136
130
316
259
249
181
188
153
111
100
61
65
60
30
22
22
17
13
7
316
264
217
175
128
110
92
81
78
75
71
71
66
32
33
18
18
8
8
11
13
550
188
186
180
175
137
131
101
86
78
72
76
67
62
44
39
28
23
16
11
9
399
148
340
314
274
258
245
212
203
191
137
126
106
107
107
99
62
44
26
20
24
14
15
14
547
150
324
283
217
174
145
123
123
123
118
114
112
105
86
91
81
68
67
43
23
21
13
462
161
161
304
145
136
130
116
109
100
82
64
65
64
55
55
47
53
43
37
30
7
544
178
175
174
161
390
243
234
218
206
151
145
135
130
131
115
111
96
68
65
59
31
24
420
332
213
146
140
140
136
133
122
122
115
101
82
70
65
63
48
36
40
14
15
6
471
356
332
232
196
164
155
139
132
120
87
68
69
62
58
53
41
25
27
19
457
192
193
195
395
315
277
224
199
161
162
140
131
125
117
75
51
46
46
23
9
8
8
462
443
285
238
227
173
174
144
135
129
126
118
118
98
78
39
43
29
22
18
25
12
6
13
554
191
381
305
287
272
222
221
209
111
90
89
84
53
49
37
37
15
15
6
6
6
6
207
193
243
187
160
160
152
118
118
116
91
89
68
57
57
40
32
23
14
13
12
11
10
10
658
195
252
245
153
150
128
126
121
107
87
70
65
50
47
27
27
21
19
16
17
8
8
7
485
352
346
288
237
185
138
99
83
83
70
58
39
32
24
21
13
8
12
7
6
769
460
211
408
234
196
179
163
160
154
141
129
104
81
76
51
55
35
31
26
26
24
25
6
307
246
190
190
180
184
171
167
156
146
119
127
120
115
108
80
53
31
25
22
6
10
10
10
474
232
319
287
279
251
206
176
156
125
110
90
86
65
60
60
21
23
15
6
7
6
369
289
261
194
193
190
175
138
129
96
89
77
70
58
59
43
41
39
24
15
21
12
649
289
275
182
158
142
108
100
70
70
75
77
70
67
55
48
46
46
38
30
26
16
14
709
536
328
326
309
196
196
90
97
80
69
60
51
42
20
22
20
6
12
537
395
281
260
210
179
140
104
93
80
70
79
72
61
56
41
43
42
26
29
26
7
9
8
373
331
308
203
172
164
140
133
93
90
66
41
31
31
26
27
25
20
11
10
10
499
327
270
181
175
140
113
115
103
71
71
66
57
58
46
42
42
31
22
21
17
16
14
15
250
360
356
322
314
286
199
155
150
145
129
121
95
93
79
74
46
32
24
22
21
21
21
624
262
306
292
224
172
109
119
76
76
74
55
48
46
40
41
37
28
7
12
12
7
7
344
254
222
204
143
138
129
131
102
82
81
61
69
51
50
42
34
32
29
28
27
9
281
271
265
425
380
342
288
173
177
138
117
110
89
74
61
47
45
36
17
18
14
17
13
354
10
10
14
6
6
166
141
140
132
120
108
108
103
96
91
75
61
41
33
40
38
23
21
428
324
317
12
250
245
206
172
155
96
65
49
46
38
29
36
32
25
25
26
19
330
303
13
15
16
16
256
251
250
236
216
189
162
93
85
72
64
69
60
54
32
7
6
285
410
29
26
282
276
247
239
202
185
177
133
118
72
67
61
48
56
48
45
13
15
14
9
588
34
26
26
26
236
222
148
140
127
116
111
105
103
91
87
82
75
61
60
50
8
6
439
415
362
39
204
200
190
189
140
121
115
90
95
77
77
69
47
14
11
9
9
539
489
130
120
115
90
87
71
70
67
71
57
51
9
10
16
9
10
8
9
491
465
401
47
46
213
203
197
135
135
115
91
95
31
30
29
31
15
22
13
6
513
379
283
246
227
200
144
136
134
136
111
97
86
65
62
62
61
62
39
40
40
38
51
300
290
188
167
141
130
135
120
106
105
100
104
86
86
45
33
32
23
19
10
6
6
599
52
305
237
220
146
146
141
100
92
94
91
82
79
72
50
50
15
6
10
11
737
498
482
399
61
271
265
196
170
149
146
137
100
96
82
54
44
45
40
16
16
17
383
70
66
305
224
154
142
126
121
112
112
112
80
79
59
59
44
19
9
6
6
480
393
79
79
76
71
71
314
295
270
234
206
155
121
116
106
59
23
22
14
9
9
9
442
77
81
76
314
239
213
203
204
179
161
124
111
107
100
69
51
48
40
40
28
19
22
7
731
375
82
254
249
218
207
171
153
96
73
75
74
55
53
36
21
15
21
19
14
10
539
86
176
163
135
122
68
72
74
59
59
51
46
32
32
32
29
25
18
9
9
9
6
6
451
85
325
302
288
275
258
200
187
161
147
146
105
85
71
63
34
27
32
23
13
17
11
395
387
94
326
278
277
227
154
151
131
110
71
69
65
69
54
61
43
42
39
29
16
16
400
265
245
217
186
185
161
136
73
59
57
56
45
33
34
33
24
25
21
19
6
8
8
271
220
194
194
160
152
140
121
78
79
65
46
36
37
37
32
29
29
26
28
14
13
112
111
345
326
267
233
199
196
171
161
127
127
101
74
43
44
40
37
34
12
13
12
7
609
441
438
416
124
110
316
271
185
145
110
105
104
90
71
59
50
24
31
8
8
8
267
209
211
157
157
148
136
91
63
60
61
52
52
53
44
44
41
39
29
22
22
8
7
685
550
369
261
219
163
164
110
70
69
49
49
48
48
42
44
22
18
15
14
13
340
240
191
164
125
105
103
99
94
71
69
71
63
51
33
33
26
29
19
14
12
13
8
6
141
136
136
370
249
245
230
212
124
109
109
88
91
79
68
59
56
34
31
25
24
26
23
23
21
518
442
149
140
218
181
127
115
85
85
64
63
49
49
57
32
36
18
23
23
9
7
6
432
432
234
207
137
130
111
90
86
77
69
69
50
47
47
33
35
33
27
10
153
158
151
146
410
298
291
258
167
124
103
103
106
91
74
67
56
43
33
28
11
221
214
149
144
136
136
122
104
88
76
74
69
60
61
48
51
42
34
23
21
21
15
11
363
306
275
205
107
83
83
79
79
68
54
48
49
50
44
25
12
15
10
10
9
9
10
578
473
166
242
225
220
202
181
138
138
131
121
121
89
93
64
65
55
53
48
22
15
10
178
179
370
311
188
185
140
130
127
135
127
114
106
91
79
87
87
79
45
40
39
37
11
16
349
339
274
253
229
149
148
128
126
120
109
100
98
81
63
63
63
41
28
35
23
24
21
10
588
181
282
251
238
200
197
175
146
121
82
73
80
65
65
63
57
44
40
33
30
13
6
263
240
212
210
202
199
180
165
133
74
70
69
60
58
38
35
24
21
20
20
6
400
347
245
237
185
146
120
99
99
90
79
81
68
62
63
56
55
47
25
16
7
9
599
201
317
305
261
161
152
154
151
143
143
138
128
83
62
64
47
47
47
54
30
21
23
9
485
201
363
348
261
236
187
176
166
145
144
140
76
67
49
50
47
36
36
28
31
35
22
7
636
259
182
164
144
136
126
121
113
94
90
89
75
69
69
41
23
12
8
7
7
211
379
276
203
199
170
167
112
109
99
101
77
78
81
58
60
46
46
38
27
18
12
9
304
295
262
167
103
89
81
74
73
65
64
32
17
18
11
16
7
7
7
7
6
6
664
221
336
306
144
128
127
110
107
83
84
70
55
55
48
46
41
23
14
9
420
311
234
220
214
208
199
160
115
114
115
113
89
71
53
49
51
42
42
46
27
16
9
501
223
197
194
188
122
123
129
96
58
58
53
47
33
32
33
32
26
14
10
16
14
18
7
672
291
293
257
159
156
122
86
85
80
61
51
42
45
30
34
27
25
15
20
12
15
13
7
429
276
257
256
213
170
164
159
131
117
109
103
104
90
88
66
42
29
31
10
259
8
6
179
150
142
97
80
92
74
65
61
55
50
46
36
27
33
29
14
14
251
320
272
12
9
7
216
202
169
147
147
134
122
117
103
103
74
76
71
49
35
25
21
570
309
18
21
6
8
6
12
12
240
186
183
176
157
138
130
105
106
90
83
62
57
33
25
269
370
11
14
14
7
7
8
6
8
8
8
148
135
127
128
123
109
64
63
58
34
30
34
297
290
23
18
16
174
129
113
113
82
71
73
56
43
35
36
37
8
8
8
7
6
279
276
271
331
309
29
20
21
158
151
126
87
86
89
72
65
54
54
46
46
12
16
8
6
35
39
38
25
21
23
267
163
161
110
92
85
77
77
74
74
62
53
53
17
16
16
7
637
289
45
43
48
31
33
28
179
149
149
144
145
96
87
64
23
16
12
15
10
16
9
638
488
419
371
35
241
204
184
171
154
121
86
69
71
62
59
57
54
27
27
25
10
634
49
56
44
275
213
199
179
159
154
155
138
135
93
92
89
60
64
30
27
20
20
12
12
16
554
63
49
42
228
219
144
123
123
112
100
98
97
82
69
31
27
19
18
14
9
14
301
398
378
61
54
46
48
260
206
169
146
110
101
77
74
42
41
41
22
18
6
65
57
56
59
59
296
271
239
226
208
172
155
146
140
104
83
51
43
21
20
15
20
11
7
7
560
387
357
331
73
294
180
173
169
167
136
130
112
101
94
87
50
42
42
29
27
20
15
15
7
550
453
447
333
310
278
239
224
201
191
175
143
120
130
117
116
117
57
36
41
37
30
20
390
89
77
208
196
122
119
104
98
93
66
56
52
55
45
35
39
12
21
12
19
6
471
72
192
170
148
151
130
114
102
99
98
68
69
67
31
11
10
14
7
10
7
8
6
6
447
415
96
81
87
80
78
301
269
166
158
165
154
129
120
73
74
70
70
58
23
11
748
92
89
81
164
170
163
130
130
136
124
129
129
125
126
105
64
67
56
45
44
16
320
224
219
215
175
161
157
157
117
119
109
82
54
43
32
29
27
17
17
17
9
15
17
8
9
639
347
408
402
394
110
250
248
220
210
166
171
150
156
147
138
86
67
50
44
39
34
22
585
111
98
178
171
163
155
124
92
96
80
69
56
56
43
32
33
32
27
27
23
10
118
101
330
252
190
190
96
90
57
45
41
37
37
36
36
29
24
10
14
8
8
8
7
470
447
396
110
227
225
196
190
188
177
132
100
84
65
64
51
47
36
37
18
21
12
8
114
321
310
289
218
175
157
138
105
97
100
82
80
66
51
43
38
23
16
13
10
6
135
136
364
298
238
227
196
187
191
140
115
107
106
92
69
59
59
59
60
47
47
27
23
23
8
296
265
262
186
179
164
159
152
117
97
97
81
68
56
44
28
11
402
140
128
315
304
210
187
122
123
112
95
99
97
66
62
39
33
32
10
21
21
11
8
9
399
308
237
193
188
175
176
161
127
124
117
95
57
38
37
32
15
23
13
10
10
6
151
157
138
351
170
167
112
96
96
72
72
71
62
62
55
55
43
43
33
38
11
143
263
244
216
216
165
118
117
119
101
104
84
77
80
69
53
48
42
40
26
16
13
15
7
455
341
235
201
142
129
126
118
102
90
90
85
81
45
30
41
36
28
29
22
18
16
7
627
163
154
314
311
298
265
233
193
177
174
174
126
122
122
112
97
91
86
63
46
34
28
17
7
703
508
242
216
149
145
104
100
95
82
38
37
28
22
25
13
8
8
8
12
7
6
455
305
232
214
207
192
185
121
107
116
104
100
96
68
68
51
39
33
30
22
12
14
8
11
757
536
476
174
270
219
161
152
124
105
92
81
73
73
49
43
30
27
29
17
6
8
11
514
186
173
334
285
260
227
199
140
119
114
114
106
106
86
80
78
78
72
46
22
23
23
11
6
519
178
335
251
172
150
92
88
81
71
71
64
51
32
39
28
27
27
25
27
9
6
7
184
313
237
224
166
170
150
120
104
88
88
80
63
56
50
51
50
44
44
40
32
32
28
12
7
349
268
231
232
217
186
129
122
113
77
50
37
37
37
26
21
22
23
16
6
6
12
6
10
425
281
266
255
177
171
130
118
101
98
91
87
76
76
61
59
57
42
38
26
30
27
11
213
198
353
273
252
253
230
191
137
127
127
108
116
109
103
97
96
85
71
48
47
8
11
239
187
132
132
113
116
100
85
85
76
70
60
52
54
50
52
52
41
25
18
7
215
315
288
237
182
154
146
149
145
108
81
78
64
69
69
58
56
50
46
26
28
17
19
482
421
318
260
249
234
188
150
148
146
142
108
112
96
106
94
90
74
70
38
23
21
20
11
11
393
320
185
179
164
151
123
106
91
79
68
61
46
47
10
10
10
10
10
10
10
469
431
365
301
286
259
248
218
216
210
176
133
87
87
89
79
72
68
65
58
45
27
17
15
8
230
368
279
203
165
162
153
138
132
133
96
77
74
77
52
53
32
32
26
20
20
10
9
6
619
265
230
167
170
143
137
130
106
82
87
63
64
41
37
37
35
30
13
8
11
8
7
320
316
227
169
134
131
100
85
87
78
76
60
62
62
40
30
21
19
13
16
13
12
297
299
225
180
176
140
116
99
93
83
83
81
72
68
68
53
37
35
35
30
18
18
14
16
284
243
215
194
177
177
153
123
121
113
98
97
79
72
52
46
46
38
33
10
10
8
414
351
230
202
158
133
130
114
102
51
30
28
28
28
24
24
13
14
10
10
9
455
331
312
280
187
180
175
127
123
107
80
68
60
60
50
39
39
33
28
19
24
20
19
8
391
204
143
142
112
103
101
57
55
49
33
38
33
38
34
23
24
24
21
16
11
14
281
394
375
6
6
6
136
124
120
117
86
76
55
43
28
24
19
15
15
11
13
8
8
8
518
330
294
298
8
8
13
266
217
212
153
148
146
132
82
70
65
56
25
23
20
18
13
316
259
212
191
154
151
127
120
86
82
63
58
53
45
38
39
35
38
29
18
25
23
8
18
229
188
165
162
138
144
91
93
76
75
75
48
43
48
40
31
31
29
11
9
10
269
226
230
209
213
174
113
96
82
70
71
67
63
66
59
63
40
38
38
35
28
33
18
17
291
412
31
246
226
201
150
91
85
85
78
54
53
50
44
41
43
43
43
35
6
8
33
255
196
171
147
136
122
96
96
79
73
65
46
26
18
15
10
9
11
8
11
7
38
41
240
236
199
179
152
101
90
86
84
71
62
63
57
51
43
49
28
16
9
10
10
12
448
48
269
176
160
133
126
115
93
83
69
64
56
39
36
37
35
23
19
21
11
10
11
49
256
210
193
181
177
107
105
94
94
93
73
64
56
55
41
39
26
28
16
22
15
8
7
362
339
54
58
296
273
250
217
194
199
193
110
93
79
58
22
25
21
21
21
11
9
347
246
228
165
161
115
115
109
98
98
98
98
41
45
45
38
50
26
23
15
14
6
406
321
215
184
120
120
113
103
103
76
68
70
68
56
56
55
45
45
43
19
10
9
7
454
73
274
236
201
191
160
111
108
108
104
64
61
63
50
51
51
27
27
15
15
13
73
250
187
176
174
103
86
85
68
51
49
48
47
38
41
29
33
30
25
20
15
20
9
12
78
296
212
168
141
128
124
121
118
103
73
58
37
29
34
31
16
16
10
6
6
463
80
282
214
173
159
126
123
109
90
88
76
68
62
59
60
41
26
19
7
7
252
226
226
202
182
151
145
128
104
103
68
60
62
54
53
38
29
24
12
9
6
6
95
351
215
195
173
160
118
118
103
86
68
61
58
52
35
20
13
14
8
8
393
288
220
212
120
91
90
81
81
73
63
56
60
44
45
45
40
19
16
9
13
10
522
328
218
217
206
193
143
121
108
88
71
62
55
50
49
44
38
37
30
30
27
18
559
108
105
361
211
189
130
129
120
89
88
67
64
49
35
36
36
37
29
26
28
6
9
251
202
186
174
170
139
109
93
84
85
81
81
64
60
31
31
25
10
8
8
7
6
221
177
181
137
130
111
111
100
86
71
62
54
59
46
37
39
39
35
13
13
13
13
7
7
6
696
261
213
133
116
101
98
70
69
55
41
18
18
12
12
10
10
10
11
10
7
8
326
236
173
173
153
150
153
124
100
103
87
75
78
74
55
49
23
20
19
21
15
10
10
6
471
356
211
173
159
148
138
92
65
63
49
48
48
51
34
31
24
22
24
20
15
20
9
8
269
252
175
151
151
114
109
88
85
61
58
49
37
33
32
31
16
14
6
6
6
10
281
276
189
175
162
125
117
106
96
91
70
54
39
41
30
25
24
22
11
11
562
281
242
174
170
141
130
116
102
94
84
75
66
60
61
56
43
35
35
35
27
22
12
8
158
260
159
121
121
118
116
99
87
71
66
53
61
48
47
46
45
35
28
17
9
10
10
11
366
304
271
254
184
168
163
133
130
130
117
109
104
69
71
75
54
49
45
41
40
10
164
277
235
220
213
134
105
109
110
99
81
67
58
56
50
37
19
19
8
10
8
9
168
190
140
120
112
92
85
66
66
55
55
32
36
34
25
22
22
19
18
13
8
12
276
212
156
155
120
104
96
94
68
74
68
68
67
61
55
41
35
24
23
18
12
175
253
256
197
174
138
114
77
73
71
53
42
36
17
18
16
18
11
15
15
15
6
183
279
193
153
132
106
79
78
74
70
68
62
58
28
23
20
20
18
10
10
8
7
6
8
184
156
149
130
123
123
106
79
69
68
46
51
40
28
30
32
26
32
22
25
16
8
6
13
198
233
226
188
134
106
88
82
80
64
67
62
51
31
34
33
23
15
11
11
11
6
583
180
164
163
90
80
84
48
52
38
35
33
28
7
7
9
16
16
10
6
7
442
439
376
349
323
189
169
169
149
139
131
96
90
83
81
48
50
39
38
27
20
9
248
221
127
129
127
123
119
119
103
90
86
76
65
54
36
26
17
26
10
10
642
514
213
313
303
276
191
136
111
111
95
93
91
93
75
45
39
33
31
24
24
7
12
215
231
165
165
155
139
139
129
113
113
96
81
72
72
52
40
35
23
17
20
6
191
191
191
180
180
109
104
95
91
86
60
48
26
28
30
25
22
17
13
11
11
303
163
155
149
146
121
106
103
102
91
66
61
60
32
33
30
24
16
17
6
8
7
8
7
379
308
228
205
205
190
149
134
128
127
120
120
111
113
101
97
87
70
63
51
39
38
38
7
195
197
185
149
139
125
120
113
111
83
78
71
59
49
43
41
40
37
30
23
29
26
8
389
187
182
164
141
138
136
134
109
107
101
83
84
74
73
38
33
21
13
8
8
10
10
220
166
149
135
135
130
132
114
112
111
85
85
79
73
73
66
70
72
46
34
22
13
9
406
277
168
153
130
100
93
95
81
81
76
30
30
23
14
17
10
9
9
14
11
6
6
237
145
145
140
125
96
55
60
38
38
32
25
23
26
24
16
17
6
10
10
10
10
224
186
158
156
151
150
150
148
127
119
100
74
74
81
51
43
19
19
18
17
15
395
316
248
234
185
155
154
136
122
74
73
56
46
45
42
33
27
27
21
20
15
20
7
10
196
166
151
147
151
105
78
66
58
52
49
43
34
28
26
25
25
10
9
11
13
9
8
8
377
198
169
162
159
128
118
115
87
87
66
45
40
45
43
36
31
30
22
26
21
15
17
477
276
101
89
89
81
77
82
74
67
68
64
50
39
41
25
15
18
19
14
10
7
6
275
208
182
152
133
128
130
125
113
90
72
52
46
41
32
32
28
18
9
9
6
446
261
239
188
130
130
88
71
73
54
48
45
46
46
37
39
29
20
14
12
9
10
8
250
240
128
110
100
84
71
70
72
59
53
52
50
50
28
33
25
16
15
15
6
7
14
589
308
329
319
255
159
150
133
86
84
71
56
55
42
31
31
31
26
22
24
16
18
10
204
147
145
133
99
92
96
99
97
88
63
52
52
47
50
50
47
38
35
25
7
7
318
194
146
146
143
124
124
119
83
85
72
68
52
53
46
44
43
32
32
12
11
9
381
283
254
148
140
142
134
106
108
98
76
60
42
37
25
31
30
31
14
13
10
7
8
8
7
513
383
223
160
150
148
143
102
97
87
83
82
78
63
50
40
37
29
26
27
12
8
10
299
223
139
107
100
101
102
93
86
87
58
63
47
43
24
22
20
13
10
9
9
10
10
6
264
256
227
189
170
163
88
74
73
67
45
31
28
25
20
15
15
15
8
7
7
7
7
293
280
259
227
157
129
126
107
82
81
81
71
59
35
35
35
28
25
18
12
6
7
156
148
138
118
115
89
75
64
62
43
45
43
34
33
30
25
22
20
13
13
11
12
6
387
269
153
141
138
125
79
76
72
75
67
47
38
38
33
30
16
16
16
16
15
9
15
248
241
184
148
132
107
107
107
105
88
79
77
74
72
50
45
43
34
35
30
33
34
21
22
7
312
196
178
122
82
85
77
66
67
52
45
44
43
40
38
32
32
25
12
14
14
9
9
227
234
195
137
121
116
107
103
82
71
37
33
32
18
23
24
15
14
7
7
10
10
255
218
219
191
161
134
122
112
92
86
82
81
68
67
66
65
55
50
48
40
29
23
24
7
413
259
191
164
112
107
72
71
74
62
59
55
54
54
53
43
44
27
29
33
14
10
313
256
130
80
70
68
65
59
63
52
41
45
44
32
22
24
16
9
8
8
7
7
8
8
7
235
207
161
128
116
98
98
85
79
77
73
64
65
63
50
44
37
37
34
27
17
6
128
123
101
101
96
101
82
80
72
68
57
57
42
39
42
36
35
24
25
25
22
12
10
294
173
173
95
92
75
68
61
62
62
58
37
40
39
30
29
23
18
17
16
17
10
6
12
391
355
256
179
171
168
167
163
85
85
80
78
65
65
47
38
23
22
11
6
6
6
6
243
234
193
182
164
142
120
101
93
83
77
58
57
47
43
44
31
24
24
11
7
261
147
116
100
98
94
76
75
52
42
37
29
20
18
16
10
8
8
8
11
8
6
294
229
165
159
137
112
103
95
95
90
94
76
67
67
50
53
50
46
44
41
38
30
18
21
16
227
142
108
99
89
90
87
80
83
72
78
48
47
47
43
41
42
41
39
33
39
26
20
239
178
157
120
115
91
92
78
74
71
70
62
57
44
44
36
31
24
27
17
386
193
184
163
125
118
115
102
97
82
68
67
55
40
41
48
36
27
26
22
7
271
167
114
114
104
101
86
80
80
61
59
47
47
45
41
41
33
30
29
27
24
20
13
9
337
269
255
178
177
151
127
107
92
89
84
77
72
59
59
35
34
18
29
8
6
6
8
338
287
269
254
210
211
187
187
167
157
140
133
123
97
97
90
89
72
64
40
39
15
17
18
215
201
173
172
144
139
129
120
97
92
82
50
46
45
46
42
43
33
34
14
8
10
10
11
555
205
180
162
152
140
120
120
107
108
104
87
87
76
72
56
50
52
46
23
27
28
6
6
159
153
154
143
130
128
112
95
95
86
82
66
60
58
56
54
53
33
33
28
22
11
413
386
293
228
199
150
131
130
111
107
89
84
63
60
59
43
42
39
27
23
23
6
13
10
277
258
226
149
145
122
110
110
94
87
80
76
72
65
63
54
47
44
34
34
28
18
10
13
10
329
208
195
171
163
160
160
158
127
115
109
98
100
70
64
60
60
43
45
47
28
435
287
175
163
160
158
156
148
146
118
112
107
102
95
81
75
74
65
53
50
48
30
34
24
17
288
236
179
175
168
165
106
91
80
80
75
78
59
53
52
51
35
33
25
25
9
13
8
383
342
323
316
261
241
178
175
158
157
149
155
154
136
100
100
99
86
80
76
58
56
11
11
23
241
215
180
171
165
163
147
141
124
106
105
101
68
66
68
57
53
46
46
36
43
35
257
185
177
170
168
165
152
152
135
122
110
98
73
64
66
57
54
57
51
51
40
28
28
24
7
611
257
165
150
141
132
127
126
103
80
82
82
79
74
73
73
63
50
39
25
19
12
6
7
289
226
147
147
137
107
87
84
60
58
53
45
49
45
32
31
22
14
15
13
9
11
11
322
301
167
161
167
160
153
149
136
109
101
91
92
88
81
79
73
68
50
18
15
15
239
208
178
158
152
141
126
126
115
115
109
104
82
78
78
71
71
40
16
16
8
325
298
242
226
177
170
151
120
118
93
72
65
64
46
34
32
14
15
15
15
11
8
8
8
8
158
153
151
103
95
89
83
81
81
80
51
51
37
33
26
24
26
14
10
8
7
7
7
378
339
230
145
141
136
136
129
113
113
105
86
60
54
36
33
24
25
25
18
7
6
8
485
302
248
241
163
118
114
90
87
80
30
23
22
23
18
20
18
15
13
14
550
316
309
228
215
197
189
144
143
123
103
102
93
85
50
50
45
28
25
25
17
12
245
235
215
154
158
150
140
134
135
116
83
71
63
58
58
49
53
46
44
30
27
27
21
10
288
238
223
157
130
106
108
99
95
55
53
51
43
41
38
33
35
30
30
24
11
10
12
8
7
395
302
238
227
225
156
156
139
138
87
57
56
54
46
40
40
33
33
25
17
15
10
12
260
250
231
187
143
129
118
105
105
86
79
79
66
59
62
55
51
41
37
25
23
345
320
287
255
237
234
210
189
183
187
153
110
83
84
71
67
56
50
43
28
38
6
11
8
11
363
305
203
198
196
176
175
170
148
132
109
87
95
85
77
74
57
56
48
48
30
13
7
232
225
220
151
148
133
122
101
93
86
86
76
70
60
56
55
42
42
43
25
19
19
6
464
336
255
143
120
111
93
79
81
83
76
60
41
35
26
24
22
28
21
15
6
6
6
7
280
275
229
179
160
142
135
130
111
93
95
90
74
74
71
71
64
51
55
47
34
28
18
11
363
247
205
195
181
155
143
133
109
100
96
89
72
73
72
70
50
45
33
38
31
13
269
240
213
211
195
195
174
166
143
113
99
102
99
84
78
72
73
64
55
30
32
11
11
287
256
237
202
190
106
102
78
71
65
64
56
53
37
37
31
25
16
16
16
7
7
7
414
335
288
276
254
208
204
188
175
160
158
131
93
93
83
46
43
36
36
32
21
14
10
205
163
150
153
148
118
123
117
89
92
79
73
61
45
42
29
29
29
27
26
26
25
9
216
188
181
177
177
138
129
127
91
74
57
46
48
31
31
24
20
19
16
8
9
290
270
262
190
178
165
162
111
108
97
82
75
75
51
53
47
45
38
37
27
18
18
10
474
355
275
268
204
167
143
143
128
105
101
96
90
81
61
61
58
50
34
23
23
282
203
137
121
97
92
92
78
72
65
61
58
56
58
46
47
39
45
32
28
31
29
10
9
357
325
262
234
214
164
156
152
129
116
102
98
96
97
90
79
51
51
19
23
21
9
6
317
305
213
164
144
147
136
135
120
76
73
68
65
56
52
47
44
45
42
30
24
19
13
10
378
340
249
223
222
170
140
136
127
123
80
76
64
62
65
61
60
52
46
29
10
6
6
9
387
346
265
244
232
213
203
190
152
146
143
138
111
92
91
66
51
48
44
36
26
463
187
163
143
140
135
121
110
99
88
72
71
64
62
53
49
45
41
20
24
13
20
11
415
287
233
205
186
186
185
161
145
141
138
123
122
106
89
93
67
35
35
39
36
28
19
11
521
448
332
316
238
228
218
160
151
145
100
81
66
59
52
33
30
30
19
21
19
12
12
370
232
220
215
153
149
148
132
113
109
108
87
75
60
64
64
54
56
54
41
27
24
26
19
160
155
144
136
138
116
106
94
98
92
82
75
73
65
63
31
26
22
7
595
322
263
243
171
169
160
146
141
133
132
126
98
103
80
70
55
55
55
54
45
7
12
579
248
204
166
120
123
117
103
108
92
90
83
72
66
51
44
41
32
36
18
16
8
11
11
272
8
7
7
7
7
8
192
175
150
105
97
77
76
64
37
41
31
17
17
16
15
10
9
295
242
7
214
196
186
157
126
118
113
95
85
85
81
81
56
57
49
49
44
21
22
21
17
402
12
11
219
193
185
180
163
162
151
137
127
125
116
116
107
99
90
76
49
33
27
19
316
268
258
18
7
6
193
184
166
167
157
132
121
108
103
103
93
91
81
70
59
48
32
24
313
28
27
19
225
205
191
188
165
143
143
119
124
100
92
78
84
66
57
39
41
32
290
247
25
196
196
161
159
142
141
131
124
122
105
109
96
69
69
62
57
40
40
40
35
7
38
29
28
19
224
180
145
129
86
84
63
66
62
44
43
7
7
7
12
12
7
7
308
42
35
34
26
20
23
245
233
233
216
203
202
196
180
171
132
113
89
65
44
12
512
48
42
250
225
165
131
131
131
116
110
106
96
77
77
63
62
50
49
19
22
10
7
335
50
47
37
36
226
162
161
159
151
109
105
109
89
62
62
60
55
27
27
27
22
12
12
447
340
309
285
57
48
43
41
259
231
181
175
163
147
145
115
113
108
94
94
96
87
19
17
467
308
297
60
57
259
236
148
147
114
101
99
97
92
68
27
24
22
22
10
8
10
306
278
58
62
245
156
155
116
120
84
94
79
75
37
42
22
22
13
15
9
10
9
319
283
72
50
233
215
198
192
174
155
148
149
130
128
109
97
101
78
75
74
42
40
42
400
397
77
71
61
220
208
179
178
148
129
124
82
52
47
37
37
23
25
23
29
25
9
7
75
227
183
184
181
175
163
162
153
127
103
92
47
43
25
8
8
7
6
8
83
87
82
67
252
177
169
156
129
134
126
107
94
63
57
49
42
44
45
36
12
7
386
333
83
76
252
232
203
191
191
172
165
157
139
131
129
110
95
67
53
52
35
35
25
397
97
81
299
241
196
141
122
106
100
72
67
72
59
45
34
26
19
17
6
384
313
100
93
83
80
236
240
220
200
194
166
110
72
45
26
18
17
23
6
88
309
309
295
225
223
221
217
180
135
117
116
110
109
82
72
67
60
52
40
35
29
18
14
417
321
113
107
90
94
282
255
228
201
156
133
126
76
56
61
45
56
38
22
24
12
11
328
305
306
278
227
224
216
186
182
126
122
73
65
59
41
43
32
32
38
28
358
118
122
108
104
103
282
246
214
210
161
152
149
143
132
94
64
42
42
32
36
15
8
7
127
111
292
184
157
160
162
141
73
64
56
57
60
60
22
17
17
17
14
7
114
116
308
301
256
231
205
180
188
150
148
142
140
76
67
65
64
57
46
32
37
31
14
497
422
325
325
246
183
140
67
69
62
63
59
57
48
39
24
23
23
19
13
10
10
8
370
305
203
150
107
90
74
48
46
37
40
31
24
19
22
14
10
10
10
8
10
136
321
255
235
228
195
194
178
165
161
76
73
58
51
51
43
41
46
32
17
18
13
12
586
137
134
290
270
168
154
122
126
112
112
96
83
72
73
67
63
46
44
39
25
17
14
152
151
252
224
196
163
127
123
89
68
52
50
43
24
23
22
21
17
10
13
9
8
7
282
278
270
250
232
231
197
192
182
168
108
104
87
82
68
58
35
30
28
28
27
15
7
168
238
206
206
135
124
110
76
74
57
54
53
40
40
32
27
18
9
8
9
444
168
211
206
179
181
120
114
83
76
61
57
40
44
34
34
29
25
25
24
7
10
177
158
277
253
125
120
101
101
88
86
62
54
52
45
34
37
28
21
26
14
15
10
9
343
255
240
246
227
208
201
146
126
115
102
95
71
64
48
44
32
34
35
25
23
17
15
7
180
373
294
289
266
256
234
195
195
134
116
111
69
60
63
52
44
39
22
28
9
9
9
6
696
349
331
300
292
147
117
114
109
106
88
81
68
58
57
57
44
44
44
18
25
25
15
17
8
520
433
193
199
202
167
150
139
122
108
96
84
74
65
58
54
30
23
19
14
10
10
7
518
348
218
228
204
157
145
120
111
75
70
60
59
49
42
24
25
21
23
12
7
6
7
6
7
192
219
221
217
162
150
143
103
84
78
78
75
71
72
69
69
59
49
55
40
33
32
20
7
7
559
197
322
293
293
292
173
160
119
107
98
89
77
62
51
47
37
26
17
16
13
7
6
10
439
386
333
256
177
172
140
97
90
71
74
62
58
50
48
48
39
22
17
17
10
14
6
6
552
533
533
217
417
320
137
144
134
109
103
100
79
48
44
38
37
24
10
12
8
222
285
264
197
169
138
122
100
100
93
84
60
49
44
42
32
29
35
29
16
17
6
499
279
266
200
164
152
119
102
103
100
94
82
80
75
65
37
30
21
12
12
9
9
9
226
398
353
253
192
184
180
148
136
119
118
118
114
107
108
81
72
57
57
52
50
48
36
18
492
391
244
167
148
122
127
113
108
93
67
64
61
61
62
57
52
36
19
11
6
10
530
233
382
7
175
160
132
111
104
88
88
88
49
40
36
24
24
16
18
18
15
12
7
11
577
236
438
381
299
254
10
219
188
188
185
154
148
125
125
56
52
49
38
38
35
28
26
14
10
232
219
199
171
168
143
123
119
98
107
92
73
58
41
34
26
30
28
662
503
400
272
268
22
18
14
222
184
106
77
75
64
62
52
39
33
25
30
14
6
251
457
357
340
311
290
285
25
23
19
20
119
98
92
92
56
56
42
37
13
555
401
381
278
198
192
159
152
152
140
140
140
137
97
94
72
69
61
58
58
32
11
8
10
10
261
387
35
33
33
187
180
164
112
105
102
99
94
85
61
50
48
29
15
8
7
388
312
292
38
34
38
204
207
195
184
168
155
148
121
102
96
81
61
25
20
12
549
44
43
41
173
149
152
152
113
110
109
100
103
89
77
73
69
60
60
52
26
18
20
384
382
322
247
168
145
133
130
127
102
89
75
69
65
53
22
17
15
17
19
8
8
559
354
57
52
245
179
170
168
168
154
154
149
132
123
107
103
94
86
77
68
67
62
46
35
25
408
384
60
272
196
175
170
169
168
79
79
67
66
62
47
45
25
20
8
8
8
6
63
65
217
194
173
160
148
140
138
140
129
124
124
109
104
104
72
67
58
45
35
30
8
371
314
217
216
199
198
153
147
143
137
133
128
117
117
106
112
100
101
60
56
51
44
36
31
563
228
168
139
122
117
114
105
97
103
103
77
55
53
52
36
34
23
12
9
7
583
501
328
324
82
247
214
189
170
157
123
101
96
73
61
57
39
39
38
31
28
15
21
408
367
332
84
87
253
233
213
207
157
152
143
111
103
101
88
75
71
57
57
57
50
88
89
297
247
240
228
229
217
218
189
166
142
132
134
71
76
62
49
47
9
8
8
266
248
239
189
165
154
147
139
139
120
120
73
46
48
43
41
39
43
21
14
22
26
9
342
409
381
347
98
102
94
256
222
158
158
144
141
110
87
89
73
65
70
52
40
33
33
11
576
420
349
310
234
166
120
115
96
98
86
82
74
70
56
57
53
23
13
10
109
322
294
246
228
222
214
207
174
174
152
150
135
129
128
125
99
90
76
61
32
11
113
109
312
261
225
219
222
214
173
161
162
122
93
87
76
43
38
33
32
29
20
7
6
392
114
276
276
235
215
184
177
172
164
145
139
136
127
97
79
71
39
37
29
11
11
650
548
123
123
123
300
283
219
208
189
186
177
147
115
113
103
100
90
86
85
90
60
6
128
261
193
160
149
145
118
107
105
103
87
83
78
41
25
16
19
498
134
345
286
193
165
143
128
116
107
79
78
54
52
53
40
26
25
24
21
16
16
138
135
315
298
244
204
182
170
158
148
121
121
125
91
61
59
39
48
34
21
9
16
6
479
342
269
260
240
222
220
173
139
123
122
114
109
105
92
91
78
68
36
35
31
24
21
702
492
144
325
294
256
214
182
136
122
116
120
101
102
44
36
36
26
31
8
10
6
477
357
296
277
170
147
140
135
115
106
103
106
97
92
96
71
45
19
15
6
7
386
316
291
230
224
227
202
202
190
167
167
150
137
135
99
91
46
41
35
26
25
21
20
454
165
163
323
269
212
207
209
194
184
146
135
131
91
66
62
49
51
23
16
511
298
283
269
210
199
174
160
143
131
121
81
73
61
42
21
23
21
21
20
13
669
420
174
171
322
285
270
243
211
205
204
204
190
152
140
136
126
42
39
32
38
26
8
471
174
354
309
282
281
245
237
199
173
165
160
157
152
127
102
98
97
66
56
37
9
237
232
213
204
192
174
133
128
118
103
86
84
80
52
49
26
26
17
14
18
8
393
319
248
234
231
226
222
184
177
171
171
143
91
93
76
76
76
48
47
16
12
12
15
9
570
507
357
324
305
302
214
185
179
143
138
132
118
85
85
24
24
18
14
9
261
259
234
231
177
159
95
54
50
49
33
27
26
19
14
15
14
17
17
8
6
8
6
770
467
203
402
349
305
299
278
242
233
193
186
177
153
145
95
48
45
31
26
17
16
11
10
209
427
337
304
292
257
226
218
176
169
101
86
91
90
75
63
53
30
27
23
11
8
214
378
314
233
180
174
126
124
104
75
72
64
48
44
34
29
24
21
17
9
7
8
6
410
352
332
283
270
252
239
236
235
200
178
166
153
122
105
101
84
41
26
21
22
24
6
821
695
549
357
327
310
304
126
111
95
91
101
95
91
90
82
85
65
75
52
49
34
14
9
397
347
340
205
160
139
120
116
111
111
106
102
87
59
54
56
54
44
48
36
10
10
6
593
560
479
351
331
278
276
205
196
146
134
121
114
54
54
41
36
33
24
15
15
418
265
262
259
233
215
195
191
146
126
121
104
100
91
54
53
46
46
41
32
19
10
6
321
198
185
109
100
81
72
69
70
66
64
60
60
62
58
58
51
51
46
37
36
16
504
248
412
381
306
6
227
222
211
145
141
132
122
114
82
76
65
48
40
16
9
249
365
342
310
10
6
10
241
192
131
124
105
84
76
66
59
56
56
41
33
21
12
302
286
15
249
203
171
171
108
83
84
68
62
60
51
54
49
48
49
33
18
17
378
342
281
16
259
224
218
208
150
137
120
113
95
83
79
82
73
56
42
45
41
22
11
308
136
136
121
121
110
103
93
82
75
72
71
61
41
36
31
11
18
10
9
9
9
270
333
327
26
256
233
199
184
166
151
126
102
94
86
76
66
63
57
25
12
6
6
381
374
296
35
239
221
177
170
152
150
144
136
134
112
99
81
82
63
46
30
398
223
218
149
150
149
132
121
117
118
104
104
104
104
96
74
74
69
67
51
14
10
419
237
230
189
171
156
141
104
98
92
91
88
84
74
71
47
10
15
16
10
308
47
49
47
273
236
211
169
153
154
153
143
144
116
112
96
78
41
14
650
512
303
55
275
275
218
209
167
164
140
117
112
106
101
92
82
58
58
39
25
26
27
303
484
447
295
214
201
161
138
115
118
111
102
99
94
94
63
63
55
46
41
33
11
18
16
417
62
304
271
273
229
240
196
189
176
175
174
160
165
131
112
108
99
39
41
32
27
10
7
347
296
293
266
272
216
187
181
156
148
116
119
99
86
65
54
54
8
9
9
11
9
6
316
394
335
297
263
186
135
126
121
118
112
114
111
104
52
40
20
19
7
7
7
7
574
380
372
332
80
303
290
258
234
206
158
139
137
123
119
114
96
87
64
64
61
24
19
7
411
352
85
194
196
188
187
169
147
136
131
122
124
69
69
55
57
50
20
17
13
11
553
249
236
214
131
128
120
121
117
115
112
77
85
52
55
32
29
22
10
16
10
7
339
392
95
95
216
204
187
167
159
157
138
138
123
120
120
76
68
66
42
36
27
25
7
347
263
254
196
196
164
140
136
136
125
119
117
103
95
80
42
27
20
11
7
567
562
450
436
104
101
255
240
135
122
120
122
120
58
43
25
18
16
14
6
8
8
476
385
110
241
241
234
220
208
206
148
137
136
113
105
105
92
83
57
48
46
9
8
604
396
210
193
181
173
168
149
147
143
140
121
99
84
45
33
18
9
8
9
8
7
322
253
184
177
176
166
167
166
159
148
135
106
111
93
76
64
67
69
56
54
28
12
8
620
366
377
125
351
189
190
191
182
171
162
147
135
135
129
118
101
69
67
64
58
55
52
507
130
356
323
256
206
194
188
181
166
158
141
74
77
68
67
60
58
57
50
46
44
22
10
9
435
409
350
343
308
220
207
201
182
172
151
116
115
111
72
50
48
55
41
37
29
14
8
727
630
507
404
333
328
266
249
197
183
171
154
124
116
118
96
102
61
39
21
8
145
308
258
235
217
182
162
112
95
89
94
82
65
51
42
44
38
37
28
24
543
484
346
296
261
255
208
201
176
100
105
94
88
77
67
43
43
29
20
15
26
26
23
395
366
287
246
232
213
206
201
185
170
162
157
145
120
126
119
99
90
77
56
56
19
840
407
211
203
183
175
163
136
105
102
95
96
92
92
80
86
72
59
54
39
36
6
6
579
500
380
150
146
114
110
109
101
93
74
71
75
64
57
61
59
31
35
19
6
9
399
361
336
309
281
272
266
241
235
216
211
209
201
193
135
114
105
82
63
51
15
6
6
519
449
406
386
331
222
218
214
197
178
156
156
125
112
110
101
95
80
81
84
68
37
9
9
270
217
216
210
199
166
160
153
122
117
112
100
88
60
38
37
18
25
14
10
10
10
10
8
608
467
311
294
247
214
169
169
160
127
122
119
97
87
73
68
65
66
58
42
30
30
8
366
346
257
241
231
227
224
174
163
138
128
124
117
99
86
83
86
78
78
63
47
27
20
20
399
362
246
242
231
212
201
188
179
179
125
111
111
101
85
83
62
37
38
25
20
8
7
464
396
367
251
251
229
228
215
195
149
136
135
136
130
127
94
88
77
47
36
10
13
9
415
263
233
212
212
190
172
135
132
125
103
98
42
39
35
33
33
24
28
18
14
7
7
549
207
440
401
372
339
332
246
114
103
87
49
44
40
38
35
19
18
13
17
11
15
210
428
430
400
311
266
265
246
222
164
156
145
142
139
111
97
98
92
92
69
60
52
41
44
10
269
260
257
254
245
162
156
148
126
71
68
54
46
48
45
33
33
32
29
8
602
463
209
198
195
187
157
157
118
113
91
79
63
47
47
29
29
20
10
7
455
308
299
283
266
260
194
154
147
127
122
107
101
106
76
61
64
58
53
36
25
23
8
6
478
346
309
307
286
238
217
185
177
170
147
137
115
79
72
73
63
48
44
37
20
24
13
11
671
418
309
302
296
286
235
225
190
170
149
150
146
123
85
77
57
63
53
25
21
13
14
242
441
347
286
221
218
200
203
173
138
127
111
82
79
77
73
70
60
58
22
22
10
461
361
319
292
232
233
182
176
156
147
143
138
95
92
85
63
63
63
45
27
6
500
641
406
360
352
333
321
306
294
236
202
190
157
128
98
74
68
44
8
8
8
615
424
381
318
306
180
180
172
156
122
105
99
94
90
73
73
72
70
57
57
55
39
13
752
474
428
299
295
255
236
202
166
157
153
109
93
78
72
68
61
56
46
35
18
7
433
246
242
239
212
202
154
153
127
121
117
101
83
79
75
56
47
44
35
37
23
7
7
6
273
442
353
321
262
169
152
132
132
119
109
107
103
98
88
86
82
84
57
50
48
49
28
12
10
439
309
305
291
8
258
229
229
125
115
117
114
114
65
58
33
33
27
19
19
15
14
8
427
416
375
310
10
11
271
238
173
141
122
113
108
98
98
97
91
60
61
47
44
27
14
592
329
317
12
12
266
252
218
214
193
129
120
103
103
103
103
100
99
72
64
67
43
30
10
714
295
325
215
196
178
176
175
161
152
152
130
110
97
90
80
90
70
48
48
32
35
32
29
10
600
327
315
307
238
188
188
135
134
128
109
95
78
77
53
52
10
6
7
6
8
490
440
374
348
333
30
286
289
249
193
182
159
150
150
137
94
85
88
34
18
8
7
6
595
475
409
392
347
337
242
240
230
200
191
174
133
123
111
106
95
63
65
51
50
17
13
11
508
393
382
36
36
253
254
218
160
148
141
140
137
97
86
57
30
30
23
22
18
8
7
8
317
293
212
198
148
146
143
143
97
90
73
77
73
60
62
57
36
36
28
23
20
12
13
382
364
50
301
253
228
217
181
157
150
128
108
90
67
59
33
28
18
6
9
6
357
55
260
256
207
180
164
125
119
114
104
95
94
83
67
69
58
36
31
16
9
330
461
413
363
305
288
218
208
180
180
160
145
137
118
43
36
36
29
21
16
12
14
10
366
233
236
223
221
172
153
117
110
105
92
86
79
75
73
46
46
41
34
37
21
6
67
67
73
327
312
238
207
189
170
158
127
82
78
65
51
53
46
26
28
75
320
282
261
242
227
204
189
184
133
92
92
93
87
52
47
41
39
33
29
26
29
13
496
412
330
192
168
168
168
137
134
132
129
116
92
57
48
30
25
21
21
11
6
86
307
239
211
194
190
164
146
147
141
113
113
116
103
99
95
63
52
39
38
28
35
