9
9
7
8
7
9
7
10
9
7
9
9
8
9
7
9
7
7
7
9
7
7
10
7
7
7
6
10
7
6
7
7
7
7
10
6
6
6
6
7
10
8
7
7
12
10
10
12
7
10
6
10
10
7
9
10
7
7
6
10
10
10
10
10
7
8
6
24
16
20
20
11
12
13
15
15
8
8
7
8
9
8
7
8
7
6
7
6
20
19
20
18
11
13
12
13
12
14
12
11
8
7
7
8
8
7
10
7
27
30
25
21
25
16
17
18
17
18
20
18
16
18
10
12
7
13
6
7
6
27
29
22
21
25
13
10
7
10
7
10
9
17
13
10
7
10
7
7
7
35
12
15
6
7
7
8
9
8
6
8
8
9
12
10
7
10
10
9
9
9
9
9
8
8
10
8
7
6
6
6
6
6
6
6
6
14
14
13
15
9
10
9
11
9
9
9
9
9
8
8
8
7
9
9
6
9
17
15
15
14
14
14
14
14
12
14
14
14
13
12
11
13
14
7
8
6
9
9
19
18
19
17
18
16
9
6
9
9
9
8
11
8
6
6
8
7
6
6
6
6
6
6
6
30
24
26
23
23
24
23
11
20
11
10
10
9
8
8
6
10
9
10
10
6
11
6
29
29
29
29
19
19
26
18
18
24
14
11
15
14
14
11
8
10
6
10
9
6
10
11
33
24
22
28
19
19
20
18
15
8
8
15
8
15
8
8
8
7
6
7
38
24
16
13
13
13
13
7
7
7
6
10
7
12
7
10
11
10
6
6
6
6
6
41
36
30
25
18
18
24
15
15
17
15
12
15
16
11
11
11
9
8
11
10
11
10
11
10
26
17
22
22
10
10
15
9
10
9
9
8
7
6
9
8
6
6
8
6
6
9
42
31
28
22
27
23
22
20
17
14
11
14
10
10
13
10
10
14
7
10
10
58
27
22
25
17
17
19
8
8
8
7
12
8
10
13
9
9
6
6
6
6
6
6
64
50
45
25
20
24
12
13
12
13
14
11
10
10
10
10
9
6
6
6
6
6
6
48
37
41
33
29
16
16
14
17
11
10
11
10
10
10
8
8
11
10
10
7
9
10
7
6
71
59
38
30
22
23
25
27
23
21
21
21
19
16
12
14
15
8
6
8
8
8
6
9
80
51
46
39
36
36
28
28
35
28
25
23
26
20
19
9
9
8
8
13
9
6
42
40
36
40
31
31
30
26
14
11
15
13
7
7
10
7
7
7
7
7
7
7
31
28
23
9
9
12
8
15
10
9
8
9
13
8
10
8
8
6
8
8
6
43
36
35
35
27
23
21
13
10
7
10
8
13
13
9
13
7
7
7
7
7
7
7
50
46
31
30
22
25
13
14
18
18
12
10
12
8
12
7
9
7
12
12
7
6
6
6
34
28
23
23
18
18
18
23
17
15
17
10
10
10
10
6
10
10
10
10
10
11
8
55
56
56
37
28
25
24
19
19
18
18
18
22
9
14
7
16
15
13
11
15
6
6
111
70
43
38
33
27
21
18
21
21
10
10
10
10
10
10
10
6
6
9
7
6
59
26
15
15
15
15
15
11
10
11
10
10
11
13
10
14
8
8
9
8
7
8
10
35
30
30
26
30
20
20
20
20
20
19
16
19
16
16
9
9
6
6
14
14
6
13
8
85
52
43
43
42
25
25
25
25
25
21
22
21
24
21
21
24
18
18
11
8
16
10
10
10
10
10
10
10
10
10
61
47
30
28
19
23
15
6
6
7
10
6
15
15
15
18
66
65
51
35
35
30
24
24
24
11
9
9
8
7
7
7
7
20
20
20
20
20
39
34
16
16
15
15
12
10
8
12
12
12
10
6
6
6
6
6
25
55
45
45
45
30
25
18
13
15
17
11
10
11
9
10
6
6
6
8
6
8
7
6
30
73
47
43
24
20
22
19
19
16
13
16
11
11
10
13
10
8
12
7
7
37
35
35
101
78
52
35
30
21
21
20
20
18
18
21
15
18
11
9
10
6
12
11
8
11
43
40
36
32
32
29
32
25
21
23
20
11
10
15
16
14
14
7
7
9
9
8
9
9
99
38
45
37
34
37
37
37
31
30
28
31
26
26
13
9
9
14
9
9
8
8
8
6
93
70
67
61
50
38
42
36
21
17
14
14
14
19
17
19
14
13
6
11
8
6
58
47
41
36
35
25
32
31
28
21
19
15
13
13
10
15
14
9
9
7
6
9
9
6
60
80
63
54
52
46
42
43
36
35
31
31
27
24
23
16
18
16
14
13
8
6
