10
10
10
10
10
10
10
10
10
9
7
9
7
9
9
6
9
10
7
8
9
9
15
15
10
9
8
8
9
7
10
8
8
7
7
8
10
9
9
9
7
7
6
6
6
6
6
6
15
10
10
8
10
7
7
7
8
10
7
7
8
10
7
10
8
8
10
7
10
8
10
10
10
15
10
10
10
10
10
6
10
10
10
8
10
9
7
6
7
8
9
6
7
6
6
8
8
8
8
8
8
8
8
8
8
6
8
7
10
10
10
7
7
10
7
10
7
7
10
10
7
10
7
6
6
6
8
8
8
8
8
8
8
8
8
7
7
10
6
6
7
6
6
7
7
6
6
6
6
13
6
9
9
9
6
9
8
6
9
8
6
8
7
7
10
7
9
7
8
10
10
10
7
7
10
9
9
9
9
8
9
7
7
8
10
9
9
9
8
7
9
14
10
10
10
10
14
10
9
15
14
10
12
7
7
6
8
7
6
8
8
6
7
7
8
9
7
7
10
7
10
9
7
8
7
7
10
8
8
7
7
10
10
10
10
6
10
10
7
7
10
10
9
7
6
6
6
10
6
10
8
8
7
10
10
10
10
10
10
10
10
10
10
10
10
10
10
8
8
8
8
7
8
8
10
8
9
9
9
8
10
10
9
10
9
9
8
6
6
6
13
10
6
6
6
9
6
6
14
6
9
6
9
6
9
9
6
9
7
6
9
8
8
9
8
6
10
10
9
9
9
9
9
9
9
10
10
9
9
8
8
7
8
8
6
7
8
8
6
6
9
9
9
6
9
6
6
9
9
8
9
8
7
9
10
9
8
9
8
8
10
10
10
6
8
10
7
10
8
6
6
6
10
10
10
10
10
8
8
8
8
8
8
7
8
7
6
9
9
9
9
9
8
9
8
8
8
8
6
7
8
6
8
6
6
8
8
7
6
8
6
6
8
8
8
8
8
8
10
8
8
10
10
9
9
9
8
6
6
6
7
6
6
7
6
14
13
9
6
9
9
9
7
8
12
7
6
7
12
6
6
9
6
6
6
6
6
9
10
10
13
9
9
9
9
9
8
6
9
9
9
9
9
9
9
10
9
8
10
10
6
6
6
14
14
14
8
6
6
6
9
7
7
7
6
6
6
8
8
8
8
10
8
11
19
18
19
19
19
19
10
10
13
10
9
9
8
6
6
6
8
10
9
8
10
24
17
19
17
15
18
13
10
14
10
15
14
10
7
10
10
7
10
6
10
10
10
10
30
29
20
20
18
18
16
17
15
15
20
9
15
8
14
8
15
15
8
15
8
9
15
29
24
25
25
23
20
9
9
9
9
8
9
10
10
7
8
8
8
7
8
8
39
33
14
14
10
7
10
10
7
7
10
8
10
6
10
10
7
6
10
9
7
7
6
7
6
9
9
10
10
6
8
8
6
6
8
9
6
9
9
9
9
9
9
8
9
9
8
6
6
6
6
6
6
6
6
6
10
6
8
10
8
7
8
7
7
8
6
8
10
10
7
10
10
7
7
7
10
7
7
6
6
6
10
6
6
6
6
6
6
6
6
6
15
15
12
12
15
6
6
7
9
8
6
7
9
8
8
9
6
10
16
10
10
9
10
9
9
9
8
7
6
10
10
10
7
6
7
6
6
6
6
7
7
6
7
6
6
6
6
6
7
6
10
9
8
6
8
8
9
8
10
9
9
9
9
9
9
6
6
6
7
7
6
8
7
6
8
8
6
7
7
6
9
7
8
10
10
11
13
9
7
8
7
10
7
6
10
10
9
6
6
6
6
6
6
6
6
6
9
6
6
9
7
9
9
7
10
9
7
10
10
9
10
9
9
8
8
8
8
7
7
6
6
7
6
7
6
7
6
6
7
7
9
6
8
8
10
10
9
7
6
9
10
10
10
10
10
10
10
10
10
10
7
8
8
10
8
7
7
8
7
7
10
7
9
7
15
9
9
12
7
9
14
9
10
9
10
9
12
12
10
10
10
10
9
9
9
9
6
6
7
7
6
9
8
9
9
7
7
9
8
9
8
9
9
8
7
7
6
10
10
9
9
9
9
9
9
6
6
6
6
6
6
6
6
9
9
10
8
8
10
9
10
9
9
9
6
6
6
6
9
6
9
9
6
6
6
6
10
10
6
7
6
8
8
7
8
8
8
8
8
8
7
7
9
9
8
9
10
9
8
9
9
10
8
9
8
9
9
8
9
7
10
9
10
9
9
9
6
10
6
10
6
6
6
6
9
9
9
10
8
8
8
8
8
8
8
8
6
8
9
8
6
6
6
6
