69
50
41
34
28
23
23
21
9
9
9
9
6
8
6
6
6
8
6
6
6
93
69
69
61
46
46
43
39
43
37
29
31
26
26
25
19
14
13
11
11
10
11
6
6
100
60
51
49
48
39
33
36
25
21
30
24
16
16
10
9
10
10
6
6
6
75
56
39
40
24
24
21
20
19
13
15
15
15
15
15
9
7
11
10
8
126
92
78
54
53
39
25
22
18
21
20
19
19
11
10
12
10
16
7
9
7
6
145
123
79
52
57
59
36
26
30
28
27
26
22
24
14
15
16
16
8
10
8
12
10
120
59
51
32
32
29
30
21
23
19
13
14
13
15
17
10
8
7
10
8
10
10
105
95
44
35
33
35
24
28
25
26
18
10
15
10
7
7
9
6
7
7
7
96
59
42
31
22
22
22
24
27
23
12
12
8
11
11
10
12
9
11
7
6
60
54
53
35
36
25
20
20
24
20
18
15
16
15
16
6
6
10
6
6
56
50
50
50
43
38
37
33
22
25
22
21
20
20
18
21
10
15
6
6
54
51
42
37
35
27
25
23
26
10
13
10
16
13
22
9
9
8
9
9
10
10
6
86
60
42
18
17
14
13
12
12
12
10
11
8
7
8
8
10
7
7
7
7
7
8
7
71
65
56
48
48
34
36
36
36
20
32
21
18
18
18
17
12
13
10
7
7
10
130
26
30
31
26
26
24
23
22
23
17
21
17
15
15
14
9
9
9
14
6
6
6
6
75
74
70
48
51
50
47
30
22
23
22
17
14
17
16
20
11
7
11
9
8
10
63
60
52
50
50
38
46
33
33
32
27
27
27
22
16
19
19
6
13
13
10
6
6
6
81
56
41
40
40
32
21
29
27
19
15
8
9
11
11
11
10
6
6
6
6
6
6
65
45
41
26
32
20
22
13
15
16
13
13
16
15
16
16
15
14
6
7
6
10
13
10
7
90
66
51
42
37
34
24
28
21
21
11
10
9
10
10
9
9
8
7
7
124
53
39
41
42
29
26
36
25
26
21
16
13
10
10
10
10
10
10
12
10
10
9
8
10
59
31
38
31
20
20
21
20
19
15
15
15
9
15
14
10
13
13
9
9
7
8
6
70
57
52
45
36
31
26
23
25
25
23
20
21
22
22
18
20
16
13
8
12
9
9
8
100
38
41
41
41
30
29
30
25
25
25
18
25
23
14
14
15
11
9
7
7
6
10
13
46
35
30
32
30
27
24
24
23
18
22
12
10
14
10
17
8
8
9
9
6
9
8
57
46
40
38
38
37
29
31
29
24
26
23
19
22
19
15
15
15
13
14
6
6
6
9
78
66
48
45
45
43
33
30
33
28
30
20
20
27
20
18
18
16
18
15
11
14
9
6
58
60
50
50
47
45
38
37
37
35
36
35
25
32
24
21
23
16
16
6
9
9
93
94
87
55
55
55
54
50
44
40
41
28
29
28
22
25
25
21
22
21
13
10
15
15
87
71
60
59
50
45
44
35
16
6
8
9
10
8
9
9
10
10
6
6
20
19
20
103
63
39
39
26
31
31
21
14
14
13
11
14
14
10
6
11
11
7
7
6
11
21
21
25
25
25
25
25
21
25
65
54
51
41
43
19
20
16
11
11
11
7
6
75
58
48
46
44
39
36
31
24
25
16
12
9
9
9
9
9
9
9
9
9
8
7
9
9
31
35
34
32
35
35
31
75
63
53
53
51
26
30
20
22
21
14
14
18
16
14
14
7
35
39
40
67
58
59
44
56
46
25
19
19
19
16
19
17
16
18
18
19
9
9
9
6
41
45
90
74
56
39
30
30
36
24
19
15
19
23
24
14
14
8
7
8
14
8
46
106
95
95
92
69
61
61
45
35
29
22
13
13
12
10
6
8
8
8
6
50
100
95
73
74
46
46
40
34
34
34
33
29
31
19
11
11
7
6
13
6
49
47
39
39
38
29
24
22
29
18
18
13
7
9
7
7
6
11
9
6
66
60
56
56
44
28
27
21
20
8
8
14
10
8
7
7
7
7
6
7
7
8
70
61
61
56
58
61
49
45
45
40
28
25
25
28
17
14
13
13
8
10
10
13
7
95
48
43
43
31
30
18
24
13
16
10
10
12
12
10
10
10
6
6
6
6
9
80
125
120
74
71
66
62
54
38
23
22
21
15
15
15
17
15
13
15
9
9
118
86
76
64
64
45
37
28
32
25
26
27
20
20
20
22
21
20
16
8
16
8
86
110
69
64
45
46
37
41
31
26
21
18
14
8
6
9
7
6
8
10
13
7
6
13
74
73
65
52
50
33
32
30
26
9
9
15
16
7
9
9
8
9
9
9
6
6
6
140
114
63
58
43
43
42
35
35
26
16
21
14
14
14
14
14
14
7
9
12
10
7
167
150
60
48
43
40
29
25
18
19
19
18
16
10
10
10
6
10
6
11
6
6
74
63
55
45
24
26
24
20
17
17
11
15
7
8
8
10
9
10
10
8
10
6
6
144
142
59
58
53
44
39
48
36
29
29
27
26
25
25
22
20
17
22
16
16
13
13
13
12
112
79
55
34
34
29
30
25
27
21
18
17
14
10
12
9
8
7
6
7
6
170
90
49
37
39
34
37
33
32
32
23
22
17
14
14
14
9
11
12
9
7
87
66
58
44
41
41
34
29
22
19
22
22
19
13
13
16
16
13
6
78
84
78
75
60
50
49
42
36
32
27
24
9
9
9
9
8
11
9
9
7
6
7
7
94
87
68
75
54
54
49
38
29
23
14
14
14
13
19
14
8
12
8
8
8
8
7
6
7
52
47
34
25
33
32
21
17
14
15
12
14
9
10
9
9
9
9
9
9
6
9
90
71
64
64
61
57
57
42
39
24
24
24
24
18
19
19
18
14
14
15
14
14
14
10
90
90
69
75
69
69
66
62
65
53
51
39
35
24
21
10
19
10
10
7
6
8
171
89
83
83
72
74
60
58
53
34
34
29
32
25
24
15
20
15
15
10
11
10
10
72
65
61
54
44
49
37
35
21
15
12
17
10
16
16
6
8
10
8
6
6
6
6
6
132
105
99
77
53
39
36
17
25
11
11
14
10
11
8
11
11
10
6
6
6
135
118
118
110
100
106
67
55
61
39
41
25
26
16
17
16
15
15
12
11
7
6
67
59
52
45
46
35
40
26
22
21
22
21
13
12
12
10
9
10
8
10
9
83
82
55
57
49
35
28
28
17
17
17
17
10
10
10
15
10
7
6
10
10
137
97
77
62
58
54
55
54
54
55
45
40
30
30
31
23
23
22
23
15
20
15
13
125
87
36
32
28
31
24
25
20
20
16
20
16
20
17
10
9
14
6
6
6
6
98
79
84
72
66
65
55
51
42
42
41
40
33
35
32
25
14
14
14
7
7
7
7
117
106
103
100
69
60
48
46
38
36
38
34
34
30
30
30
19
24
24
19
22
19
16
16
121
84
65
58
53
53
53
42
43
46
30
21
19
19
8
15
14
13
10
8
8
8
8
7
70
76
68
51
40
40
38
29
32
22
26
25
15
17
7
7
7
7
9
10
10
12
6
134
132
107
99
89
85
84
84
61
61
56
52
45
40
27
18
18
15
17
15
9
9
168
131
126
108
80
72
71
68
65
50
50
50
39
35
32
32
28
23
23
22
14
13
14
6
119
85
94
78
75
73
72
55
36
30
25
25
19
18
17
15
16
16
14
15
15
8
9
124
107
83
76
76
67
61
60
57
52
47
46
40
27
30
27
24
24
21
20
9
17
8
81
40
42
33
38
37
29
23
13
13
16
18
10
10
10
7
6
11
6
144
86
86
75
65
59
55
37
36
34
33
32
34
28
31
28
31
23
9
10
9
10
139
136
95
92
75
75
69
67
57
48
55
39
41
39
35
37
32
21
20
20
9
8
9
13
129
124
119
107
87
80
78
66
60
58
53
42
37
40
28
34
27
26
24
18
19
19
13
9
77
65
67
60
64
60
65
47
38
32
30
26
25
18
18
14
10
10
9
14
10
6
129
98
90
86
79
63
54
54
56
53
38
43
36
35
35
26
23
29
16
22
14
9
6
113
90
89
81
59
57
46
43
51
41
39
28
23
28
14
15
11
10
9
7
6
6
6
6
154
64
60
60
48
45
45
41
26
16
15
15
11
7
11
7
10
11
8
7
7
7
7
178
180
121
105
97
91
69
65
67
65
54
44
36
29
23
16
16
15
12
8
7
8
115
110
94
83
80
68
70
51
56
39
24
21
17
17
15
15
13
12
6
10
7
6
6
115
97
88
48
49
45
34
34
20
18
14
11
10
10
12
10
9
9
6
9
10
9
6
156
136
136
127
120
66
65
46
40
39
31
27
30
23
27
24
25
18
15
15
9
116
94
89
90
78
81
63
58
56
49
36
36
37
30
30
30
22
21
10
19
8
126
107
94
55
42
43
40
40
40
37
35
25
24
16
15
13
10
10
8
9
7
7
13
174
124
123
124
114
92
68
55
50
46
46
42
43
42
37
38
42
30
31
31
31
30
9
182
143
126
84
59
59
62
55
51
45
40
34
29
15
17
15
9
13
6
7
120
124
103
93
91
85
85
73
59
59
52
41
20
27
27
18
19
6
7
7
9
10
194
175
139
123
85
70
68
69
62
61
42
39
41
33
30
19
20
15
14
12
15
16
8
8
115
106
100
80
70
66
62
46
50
37
37
36
36
30
28
14
17
17
13
13
10
9
181
178
158
149
108
89
65
55
51
47
33
30
31
22
21
19
9
10
9
9
6
8
7
7
113
105
93
90
84
84
68
70
65
54
59
40
37
39
38
30
23
19
19
13
10
7
140
95
103
96
89
89
81
75
75
65
62
45
45
53
39
44
44
32
20
18
9
6
11
135
107
94
82
77
77
50
50
48
50
44
35
36
33
23
17
17
10
15
10
14
6
6
144
116
113
99
93
87
91
71
63
54
42
34
29
25
27
19
19
15
22
10
10
6
15
233
133
100
59
51
44
33
43
35
43
31
30
29
20
27
12
11
10
9
9
9
8
10
6
130
119
101
90
78
65
63
52
38
34
34
36
25
18
20
15
9
9
11
9
7
6
9
157
131
119
110
98
102
87
80
64
40
37
40
25
17
20
19
14
14
11
7
14
11
11
164
148
124
119
102
62
53
41
42
29
35
35
24
21
11
12
12
8
8
6
8
10
145
118
91
73
53
47
34
33
31
29
29
29
15
18
7
14
13
10
10
9
6
6
180
172
158
156
106
96
80
59
54
52
35
31
34
23
28
16
18
19
6
10
8
154
134
125
84
81
66
70
61
50
46
36
34
27
32
27
23
24
25
24
13
12
10
231
199
94
74
65
67
57
50
44
39
34
29
29
19
17
15
10
15
10
10
10
8
8
120
109
94
80
64
53
55
52
48
49
40
42
37
41
34
34
24
13
21
7
9
188
112
76
72
58
58
49
46
13
10
14
12
14
10
10
9
9
10
12
9
9
8
73
77
72
70
50
54
40
36
32
32
33
31
25
17
14
15
13
9
9
9
9
12
13
9
114
88
88
84
82
80
75
65
75
63
46
49
39
27
30
32
30
24
19
17
19
10
10
156
110
69
61
53
49
44
45
46
35
35
40
19
15
15
9
15
9
11
10
7
6
6
6
89
78
51
30
30
30
20
27
15
13
11
11
10
9
9
11
7
6
7
7
6
9
116
99
54
52
52
43
25
29
32
22
19
16
16
14
15
16
15
10
12
10
10
6
10
102
72
77
44
34
37
19
15
15
17
19
10
10
9
10
9
10
8
8
10
10
213
140
53
49
42
34
25
25
20
20
20
16
20
20
15
7
7
7
6
6
8
7
112
89
67
58
54
52
48
25
25
25
20
25
23
20
20
20
19
17
10
10
6
110
100
76
55
45
37
37
35
34
32
25
30
30
26
29
30
23
25
21
17
12
9
9
12
220
123
122
122
99
64
59
42
47
45
41
36
35
33
25
17
14
10
10
10
10
10
7
10
128
82
77
75
69
64
61
47
45
35
39
35
33
35
35
22
17
10
10
15
10
10
10
88
80
80
69
69
49
45
45
45
39
28
26
24
23
26
27
13
6
9
13
9
15
79
65
55
56
50
48
44
36
29
29
25
18
14
9
9
9
9
8
8
6
6
6
8
149
97
97
97
84
79
79
49
48
47
38
30
30
25
25
21
19
14
15
14
14
14
6
6
85
74
69
61
55
53
53
50
44
31
35
28
24
30
29
11
18
16
11
11
6
8
8
8
8
140
115
80
80
65
58
51
41
40
35
35
26
21
23
18
21
8
15
8
9
8
13
6
228
184
120
75
74
72
64
55
45
41
40
29
29
28
28
28
16
21
19
15
9
9
18
9
195
97
90
66
45
45
50
45
26
26
23
21
8
8
7
7
7
6
14
95
79
52
52
39
36
29
31
26
31
12
11
12
12
12
12
9
7
11
11
9
9
9
26
24
117
114
89
85
80
72
70
71
65
64
60
28
17
18
17
14
12
12
10
10
6
29
24
123
105
90
69
65
65
60
58
36
38
22
15
17
8
10
10
6
7
7
35
38
31
91
57
54
13
19
20
16
9
9
12
9
9
10
9
8
7
8
7
40
75
66
70
59
59
56
58
43
33
32
25
29
24
23
24
21
20
20
14
14
9
7
8
255
215
127
100
99
80
64
64
66
63
50
48
38
25
19
19
18
18
18
14
17
14
12
7
9
53
214
142
125
104
83
80
69
58
57
43
41
30
27
24
23
21
19
15
15
9
14
10
9
7
51
58
160
120
120
115
108
74
74
74
58
47
44
46
46
29
24
24
22
24
20
13
8
7
61
135
103
88
76
66
53
48
34
31
25
27
27
10
13
13
13
8
8
8
179
120
94
56
58
57
53
52
34
34
34
24
20
20
16
19
10
8
8
13
13
13
9
6
6
73
105
100
81
81
74
59
61
51
51
50
41
38
29
23
18
18
18
10
7
6
184
139
131
133
121
99
94
91
67
64
60
49
47
48
48
46
40
24
19
15
7
7
9
191
186
121
110
112
99
65
50
53
49
47
44
39
24
17
16
21
10
9
8
8
8
120
78
77
74
66
59
50
53
49
37
28
22
26
26
26
17
16
14
11
9
6
93
94
93
82
59
49
43
33
36
38
38
27
22
19
22
22
14
10
6
8
6
143
134
130
88
73
63
53
40
36
35
36
24
19
23
19
22
18
18
15
11
14
6
11
99
166
119
104
106
74
70
65
55
53
50
46
40
34
27
27
20
19
12
11
8
8
6
165
143
117
92
77
78
72
64
54
37
30
23
14
10
10
11
10
10
7
10
7
7
104
210
149
103
103
84
84
79
78
74
47
48
39
34
21
17
15
18
10
15
10
7
334
177
150
118
96
99
95
91
84
80
68
47
43
39
23
27
21
14
10
6
6
6
174
91
87
85
73
64
68
58
54
49
52
40
32
28
28
20
15
14
10
11
10
7
7
168
164
144
109
90
78
62
54
49
48
37
36
38
36
36
33
24
30
16
13
7
8
8
165
141
121
105
102
92
89
77
54
53
38
25
25
25
21
20
19
17
13
17
13
13
9
10
153
115
109
110
98
99
83
84
77
67
63
58
58
40
26
24
22
22
18
17
15
14
8
140
240
95
97
80
45
45
48
40
27
29
27
27
24
29
15
16
18
13
8
8
12
138
145
189
164
125
109
84
73
65
49
42
36
32
28
25
28
23
12
12
15
10
9
10
9
156
119
85
74
74
58
62
58
37
30
30
29
33
28
23
20
22
21
14
13
15
8
7
8
166
124
119
114
91
84
79
71
66
46
35
38
38
29
33
24
19
20
20
20
10
10
10
113
102
96
69
68
52
47
49
40
38
31
30
27
30
20
24
19
13
10
8
9
145
134
123
88
85
73
56
43
33
32
22
23
16
15
13
13
12
10
9
8
8
7
199
186
107
93
81
78
76
77
71
65
57
53
19
18
15
14
15
10
13
14
14
9
7
6
178
130
105
103
87
81
80
80
69
53
47
42
48
47
35
25
20
22
20
21
17
19
15
10
6
161
154
153
88
67
67
67
63
60
53
58
58
50
38
35
22
22
13
15
10
8
8
8
150
111
113
108
101
97
84
68
74
68
58
63
52
49
32
30
33
30
31
24
12
9
9
9
138
102
102
106
95
92
90
85
92
79
77
47
47
45
47
48
38
34
34
25
14
16
12
12
12
169
129
118
95
84
69
59
60
55
43
44
40
40
26
35
20
23
20
23
21
12
9
6
262
159
148
120
78
78
58
58
40
34
32
24
24
15
14
12
11
10
9
9
6
9
197
179
172
169
150
96
94
83
69
55
56
57
53
49
50
27
19
20
19
17
18
14
6
231
193
163
144
133
93
68
62
59
58
55
52
52
49
35
28
27
28
24
25
19
281
6
109
93
93
93
85
86
70
68
49
46
52
52
39
39
35
29
28
28
22
19
15
8
11
189
170
152
148
131
120
107
93
82
68
69
65
56
55
37
37
34
32
32
20
25
8
14
16
206
133
115
95
89
88
81
75
80
72
59
56
38
37
37
34
25
26
28
6
8
146
128
124
104
80
79
79
78
74
74
44
41
42
37
36
37
30
35
7
10
7
7
9
7
330
265
158
141
109
93
72
59
53
53
59
48
47
41
41
36
35
38
26
12
12
9
6
248
30
28
168
148
129
95
100
95
64
55
54
53
53
53
52
48
40
19
12
13
17
35
229
222
131
123
113
105
106
93
69
63
54
50
43
36
36
33
17
16
7
7
9
269
38
41
40
40
178
100
98
98
81
57
59
56
55
50
41
38
24
9
9
9
9
46
195
195
161
138
138
112
110
108
100
95
99
97
80
69
64
55
58
32
43
25
14
19
14
11
301
50
51
234
130
115
110
109
107
103
84
84
73
66
61
53
40
19
19
10
13
285
56
224
202
191
146
125
121
115
118
113
110
89
70
66
42
36
29
29
21
11
7
61
61
178
159
143
135
127
119
114
112
105
94
87
62
51
41
46
40
29
28
26
17
15
66
66
203
166
130
91
93
88
84
80
52
52
47
37
39
34
34
25
34
20
22
15
6
71
224
163
158
140
123
122
111
104
98
94
91
87
51
46
30
25
22
16
6
8
9
8
296
76
208
143
132
125
102
101
98
90
56
57
56
49
44
33
33
30
20
13
9
6
6
198
181
177
142
139
137
104
103
93
67
66
60
49
43
38
32
29
34
24
10
11
8
7
83
83
268
236
212
155
134
110
102
72
66
54
40
40
13
13
19
16
10
9
13
9
6
241
148
114
114
113
112
80
75
76
66
45
42
27
28
33
27
18
13
13
7
7
234
163
158
155
155
153
150
129
123
111
50
50
33
28
23
20
21
17
17
16
15
6
12
15
101
168
155
154
124
124
115
87
81
66
55
52
54
37
38
31
25
23
21
17
17
239
228
179
172
163
150
135
124
121
92
74
59
57
54
53
36
33
30
33
30
26
8
15
215
198
184
170
159
144
98
102
79
70
69
38
34
35
36
31
31
34
11
9
14
14
6
285
212
169
151
142
126
116
96
97
84
78
70
70
65
62
50
43
36
25
14
20
7
8
10
120
255
185
147
137
138
130
89
83
75
57
48
51
51
48
46
37
23
14
14
8
13
6
244
180
179
151
147
112
121
110
106
98
78
71
53
56
50
51
42
42
34
13
13
7
7
7
130
248
205
197
177
158
152
143
110
90
95
84
64
69
66
54
47
40
35
14
13
6
6
135
135
162
159
115
90
72
71
63
66
57
58
52
55
52
23
18
19
19
15
11
11
6
6
140
228
194
165
126
109
86
64
62
32
32
24
24
23
23
22
16
8
9
10
9
10
303
130
114
98
81
73
76
70
70
65
69
66
65
56
54
38
37
30
29
29
17
24
8
266
255
247
220
209
197
182
140
119
105
103
100
75
60
53
43
43
42
44
39
34
21
29
6
7
384
166
141
129
115
98
94
83
79
76
48
43
34
27
34
23
23
8
10
8
8
13
323
299
194
184
177
140
119
112
107
82
71
66
42
43
44
30
25
23
22
13
18
8
8
298
266
258
187
174
178
134
120
121
117
105
90
87
88
82
74
74
61
53
35
20
20
9
7
8
157
146
136
125
125
122
74
46
42
23
23
30
21
18
18
12
9
8
10
8
10
8
162
141
134
127
95
92
64
51
54
36
33
28
26
34
26
21
15
8
6
135
114
104
107
90
97
90
60
41
45
41
33
28
19
10
15
15
10
8
7
7
7
186
284
154
140
116
116
107
95
68
47
54
33
32
32
23
23
18
19
15
12
8
134
123
118
113
101
96
100
73
60
45
43
30
25
24
20
17
18
11
10
13
10
7
9
272
270
225
214
150
120
120
116
98
84
67
71
41
34
34
38
28
22
23
14
14
15
11
7
199
288
254
177
136
123
117
93
79
62
55
48
48
43
35
28
27
19
8
6
6
6
155
154
143
143
120
77
53
43
44
47
45
42
36
40
25
25
25
25
22
22
13
17
8
8
270
257
138
120
113
93
78
65
54
40
40
37
34
29
17
16
22
10
13
11
10
7
10
289
270
184
140
84
84
61
53
42
35
34
35
35
32
32
32
23
20
21
6
8
9
6
282
278
148
146
130
114
100
88
66
64
55
55
46
46
39
38
25
23
23
21
17
11
8
6
283
97
73
73
64
56
60
63
51
45
45
47
44
45
44
31
30
16
22
18
22
13
13
254
102
98
93
77
70
63
60
53
49
36
20
20
18
11
15
8
7
8
8
10
10
302
269
173
161
129
96
92
70
58
58
53
46
47
44
47
38
30
21
11
15
15
13
7
7
7
287
171
146
150
120
119
83
63
60
57
52
30
30
26
20
20
18
18
12
15
12
14
10
290
91
93
85
68
62
64
64
48
42
33
34
35
33
31
25
31
23
23
25
19
13
269
144
133
122
90
70
70
67
67
62
62
53
38
36
32
36
30
30
22
23
22
413
273
108
101
100
93
84
71
67
61
58
43
35
36
35
27
30
15
18
11
15
12
8
7
234
154
136
107
87
86
80
79
79
77
68
57
42
32
15
19
10
12
10
10
10
347
7
8
9
157
134
113
100
85
85
84
70
68
62
53
45
48
40
37
37
14
15
14
13
10
10
215
89
89
87
81
64
67
60
60
50
45
30
22
20
6
6
19
16
132
114
118
96
92
64
57
55
55
44
30
31
26
13
11
10
8
6
7
6
23
23
20
190
139
128
115
118
106
97
97
92
88
96
70
70
60
55
40
35
31
30
7
375
308
32
154
113
113
90
75
75
67
63
49
54
45
35
35
17
17
15
10
10
10
355
29
37
160
116
62
43
45
26
27
26
7
12
7
7
7
7
7
7
143
124
118
112
114
112
98
98
92
68
55
64
59
53
50
31
27
25
25
17
20
9
40
217
123
120
110
81
78
78
69
53
38
36
30
22
25
17
14
14
7
7
7
144
125
125
102
65
74
65
58
56
40
40
40
38
38
16
22
22
12
9
6
53
202
179
104
100
100
66
62
58
45
40
40
40
40
33
21
17
14
17
14
11
10
303
173
154
141
138
134
135
121
96
89
89
71
67
50
50
40
40
33
32
37
25
16
16
237
150
142
117
98
98
90
84
76
67
51
50
50
34
37
26
29
17
9
7
9
7
7
64
68
72
163
144
115
110
105
78
78
78
61
55
50
39
32
34
22
22
25
22
26
8
73
160
142
118
118
98
83
77
47
53
47
20
27
20
21
15
8
8
6
211
180
152
132
129
125
123
120
94
71
65
52
50
45
36
35
31
25
22
12
10
10
10
423
78
252
208
156
118
112
96
95
99
90
72
72
61
37
37
37
25
21
23
18
6
88
251
180
162
131
117
105
77
58
44
42
30
32
30
16
14
10
8
8
8
7
6
233
183
179
172
110
100
103
97
61
67
61
54
57
40
43
41
37
33
31
16
19
6
13
172
167
160
129
109
105
90
87
62
56
52
52
50
41
36
38
30
31
31
26
22
24
16
103
146
140
134
113
120
86
74
57
50
43
32
36
26
26
24
13
13
16
6
216
185
170
101
101
101
99
79
75
54
49
52
45
40
40
20
18
26
21
15
10
10
117
301
189
161
150
144
125
123
120
100
100
87
87
87
71
59
54
50
48
45
33
40
21
20
115
268
180
172
132
127
92
82
65
60
64
64
60
62
55
28
29
28
20
20
7
13
6
304
248
199
150
151
130
113
96
87
71
76
67
60
51
40
34
25
14
18
8
6
235
224
197
188
165
155
121
120
116
97
82
70
70
72
66
63
44
38
24
22
23
9
11
307
210
165
150
123
120
99
80
61
61
46
36
41
39
43
36
43
27
27
10
8
10
7
305
225
185
177
175
131
109
96
82
71
59
59
48
45
30
35
19
7
7
7
7
7
142
206
203
186
180
172
150
148
118
117
97
91
96
79
78
82
72
71
76
57
51
37
23
13
15
248
243
228
165
102
84
87
86
83
80
58
37
47
44
37
20
20
10
10
10
10
8
7
8
216
195
182
128
119
107
93
85
55
47
46
40
36
35
27
16
15
15
15
13
13
10
10
155
125
122
115
111
105
86
71
76
71
59
50
39
37
27
21
23
20
14
18
18
7
7
163
226
156
118
97
95
73
55
46
37
26
25
25
25
21
10
12
12
9
6
6
213
185
189
174
101
91
60
51
49
48
45
30
19
11
11
8
8
11
8
8
8
9
8
374
304
227
210
198
131
120
83
81
54
58
45
22
25
16
16
13
13
12
11
255
252
88
96
88
70
61
65
41
40
35
38
35
25
27
29
26
24
20
9
8
8
257
147
96
75
66
46
46
45
39
43
41
43
36
36
29
30
24
21
18
8
13
9
13
8
305
264
236
239
215
159
142
120
111
111
98
91
96
55
57
51
50
50
48
44
39
34
31
28
25
230
216
147
114
85
65
70
55
51
44
31
28
23
18
19
18
20
16
8
9
8
7
6
478
215
145
137
77
61
61
60
59
58
47
51
41
36
16
15
19
19
11
7
8
166
149
141
88
66
66
65
60
51
50
43
38
34
41
21
22
21
17
8
17
6
6
208
271
201
126
88
85
71
76
70
66
65
51
49
46
33
31
22
11
18
11
10
10
10
7
7
181
170
157
155
145
136
102
94
88
75
65
57
56
56
54
36
36
23
19
16
9
12
12
8
214
301
206
202
150
147
121
99
97
90
81
85
78
69
67
64
49
21
17
13
8
9
248
205
156
122
118
103
106
86
92
85
76
69
67
58
58
49
42
39
26
18
18
15
15
186
182
162
165
156
154
138
97
91
92
71
74
71
59
45
36
23
16
20
18
6
7
6
487
283
240
173
150
115
114
93
89
68
64
51
35
35
32
29
21
19
14
12
16
7
315
100
85
90
87
77
72
76
68
68
57
47
39
17
17
16
8
6
6
6
6
6
410
272
206
200
193
139
122
105
103
95
89
83
82
75
45
35
21
23
19
12
10
9
222
212
177
143
99
86
69
58
53
51
34
40
38
38
38
28
22
26
22
15
16
16
9
349
328
174
156
154
106
104
100
80
70
68
56
50
49
38
31
31
20
21
21
15
7
176
101
98
96
96
79
81
67
64
60
57
48
51
37
32
27
27
26
14
20
14
9
6
256
173
146
126
126
125
125
125
123
116
106
98
86
84
64
62
59
51
33
31
21
15
421
196
159
148
142
91
77
74
65
58
46
46
46
46
36
36
24
18
18
15
9
10
15
217
154
98
96
87
76
69
58
51
53
41
41
35
24
22
24
21
18
8
6
7
239
223
202
138
126
121
121
117
118
115
105
91
73
73
70
56
52
34
27
27
19
7
12
236
152
126
110
108
87
82
74
63
52
51
50
39
41
34
33
30
24
18
18
14
11
8
213
168
106
91
80
68
73
57
57
55
56
56
50
44
37
25
10
10
12
9
7
9
201
139
124
123
123
111
92
61
55
49
49
47
33
29
37
37
22
26
24
15
15
12
10
10
7
256
252
160
144
129
104
99
94
88
76
45
37
27
33
27
31
26
19
20
19
17
19
6
7
10
266
184
116
105
89
88
75
71
65
51
59
42
29
38
25
28
20
15
241
197
187
114
110
108
108
111
104
103
94
69
64
58
63
56
55
52
35
15
13
330
152
117
115
115
112
109
54
39
34
34
35
38
34
8
8
7
8
7
6
6
8
6
224
201
118
103
80
76
67
65
53
49
40
39
39
40
28
30
20
27
11
11
6
399
180
155
139
129
133
114
109
102
80
79
67
70
40
39
41
24
21
18
9
302
266
151
129
123
113
96
59
49
53
49
40
25
25
35
21
20
21
16
9
6
266
182
176
174
160
118
107
100
90
83
68
53
42
24
24
23
15
9
13
8
6
6
388
181
181
163
168
139
134
129
85
78
69
69
63
45
35
36
33
31
26
26
22
23
266
269
139
132
123
121
108
102
79
62
57
49
38
34
31
20
19
16
17
16
10
7
7
253
188
124
126
122
75
69
65
49
51
41
39
34
21
17
12
12
8
12
8
7
8
127
102
100
77
73
67
65
46
45
44
41
26
20
23
17
25
17
17
16
17
9
10
136
94
83
80
55
53
53
49
51
32
31
19
15
22
15
19
10
10
10
10
6
6
232
232
166
141
131
131
118
96
71
67
64
57
49
50
38
41
39
27
25
15
18
20
6
7
219
206
187
138
130
109
61
61
59
56
39
38
39
37
20
10
12
6
7
6
385
216
153
134
128
101
88
68
66
59
61
59
61
39
37
24
15
13
11
10
13
7
7
352
250
186
139
121
70
60
59
51
56
51
35
35
30
22
23
17
6
6
12
6
6
149
105
105
95
78
76
76
69
56
61
52
50
47
43
34
31
29
17
15
17
226
89
69
74
67
62
52
40
36
32
28
26
26
22
17
9
10
9
9
9
167
161
139
114
115
88
86
86
86
80
66
57
57
35
38
31
33
23
21
9
8
190
143
134
105
95
80
71
62
55
55
50
53
41
39
38
38
29
26
19
15
12
9
9
147
136
124
120
96
55
48
37
31
34
26
15
23
18
14
12
12
10
10
12
8
366
103
101
94
80
62
64
65
56
56
42
33
30
33
24
24
15
17
10
9
14
8
8
10
235
215
212
142
112
105
101
70
75
65
61
56
55
41
38
24
23
24
15
13
8
253
236
214
210
152
102
84
84
75
59
49
45
45
40
34
25
27
26
24
10
233
201
144
121
118
75
66
51
44
46
50
37
43
23
24
11
14
9
9
6
297
291
196
159
155
124
123
116
105
105
95
94
85
80
68
69
61
56
55
34
16
19
12
9
149
145
120
92
87
77
67
61
58
60
44
21
24
18
18
9
8
9
6
9
6
6
163
133
104
102
76
78
63
55
49
40
40
26
30
30
23
24
22
21
11
8
8
9
8
9
8
212
165
117
109
110
91
81
83
72
64
54
54
51
49
46
43
29
26
18
12
16
227
179
168
98
88
73
66
67
68
55
48
50
43
43
36
35
33
17
15
9
9
6
315
221
110
95
95
95
81
68
64
65
38
38
37
37
23
23
9
6
10
10
10
7
200
96
96
96
86
85
69
73
68
67
61
60
56
46
49
48
47
28
29
25
31
25
25
15
7
147
111
71
70
63
65
63
48
36
44
36
23
30
30
20
12
12
7
10
7
7
267
162
157
140
79
60
51
41
38
27
18
15
15
11
11
8
11
9
9
8
8
8
335
159
159
111
114
107
101
100
84
56
49
46
46
44
41
31
30
20
20
17
14
13
7
166
135
126
89
61
51
47
40
25
34
25
25
25
24
21
19
18
18
18
14
17
9
10
9
191
178
164
164
140
140
138
105
91
68
68
56
58
40
50
50
30
23
17
15
15
10
10
309
243
120
118
99
102
97
98
97
76
80
69
61
58
59
45
49
45
31
22
22
10
6
182
133
67
65
50
33
35
27
27
27
24
24
20
13
10
10
10
7
6
7
7
6
213
186
171
165
89
82
83
74
65
55
54
41
41
34
12
18
16
8
12
10
10
10
9
9
8
238
131
118
103
94
86
86
86
86
75
65
43
46
44
44
37
23
23
17
22
17
14
12
11
151
119
92
93
83
89
81
71
56
65
55
40
26
26
18
17
14
12
15
9
12
9
12
8
147
100
70
57
54
53
50
45
33
23
17
16
10
10
9
10
6
6
6
6
6
7
6
6
156
133
106
102
96
81
79
75
75
74
58
60
52
38
35
34
32
23
24
15
7
290
11
8
8
11
171
115
57
41
41
38
40
28
28
29
27
27
26
18
19
18
13
16
192
182
174
162
95
63
60
47
42
42
35
34
33
32
24
28
23
21
16
16
6
303
268
18
18
18
18
167
100
77
76
67
67
65
47
43
47
42
36
24
13
12
10
26
121
111
72
60
56
52
52
52
42
44
46
42
41
38
36
34
31
12
17
14
8
12
28
31
28
86
90
86
63
75
60
53
55
53
46
39
42
36
6
13
13
8
10
16
295
33
33
36
180
158
119
115
105
97
92
80
62
60
60
58
53
52
45
26
32
12
9
38
162
145
141
120
107
93
87
65
63
60
55
52
41
27
30
17
20
25
22
17
12
14
46
43
151
141
133
92
68
63
63
62
62
59
48
46
42
35
35
21
32
26
13
10
9
9
233
165
129
112
107
97
83
72
63
56
56
53
53
42
47
44
27
35
17
21
7
7
174
160
144
130
115
111
102
78
73
72
72
40
39
23
26
12
16
7
7
7
8
61
140
113
93
93
77
72
73
73
63
50
47
30
32
30
17
17
22
12
14
10
6
6
193
161
151
135
122
110
98
83
82
78
74
71
59
56
55
46
42
42
39
23
28
11
19
9
68
126
97
94
88
80
71
61
47
44
42
39
29
26
25
17
8
10
8
14
8
76
73
72
215
208
128
98
91
92
60
42
26
27
29
13
14
12
10
7
6
8
8
81
173
160
133
133
97
93
83
69
50
56
37
44
32
23
19
18
18
18
11
13
8
82
255
147
138
118
118
95
98
86
82
61
57
52
56
46
43
36
25
23
23
16
9
8
9
169
131
121
108
104
71
60
47
28
32
16
23
25
19
17
14
11
14
10
10
10
7
6
205
175
135
114
100
101
76
66
56
46
47
47
41
35
33
23
16
19
10
10
8
6
6
6
196
101
70
74
64
44
24
23
15
15
15
15
12
17
10
10
10
10
10
106
209
158
152
132
123
68
43
36
29
20
20
15
15
16
15
15
16
12
7
6
6
9
6
191
157
130
127
100
67
43
34
30
29
20
11
14
15
14
15
14
17
8
6
8
10
128
122
82
67
58
45
35
39
30
25
26
19
16
11
10
7
15
12
7
7
7
7
208
176
124
72
57
40
44
30
30
21
27
18
16
14
20
8
9
9
10
8
7
6
232
202
172
158
141
83
83
76
77
63
65
49
58
54
46
40
40
33
29
25
17
10
11
6
169
139
104
87
88
85
77
45
45
40
34
34
22
30
20
13
12
12
8
9
197
112
99
88
59
55
36
42
27
25
20
10
16
10
10
9
8
7
7
8
7
7
8
7
153
130
130
120
105
60
50
42
39
28
25
25
21
17
12
10
10
10
13
7
7
162
146
135
83
83
71
76
64
60
55
45
41
37
30
33
20
18
17
17
15
17
12
6
8
202
183
153
118
83
54
51
57
47
46
42
41
39
36
27
25
27
22
9
10
12
11
10
6
155
334
106
82
75
70
65
60
47
44
42
37
33
25
24
22
19
23
10
6
207
147
128
117
103
96
84
84
80
80
48
43
43
40
38
27
26
21
20
15
12
15
12
7
163
289
218
75
69
66
61
34
33
32
28
20
7
15
11
8
7
6
6
7
7
161
124
93
89
89
71
63
62
55
57
46
21
25
20
9
12
11
10
12
400
187
108
86
74
64
51
42
42
40
42
36
31
25
17
10
10
10
10
8
8
126
91
72
61
49
45
47
43
32
32
32
31
27
13
15
12
9
8
13
10
10
105
101
98
96
70
68
57
57
54
54
53
52
48
32
31
23
26
23
22
26
20
22
15
187
178
99
79
54
41
46
41
32
37
32
32
37
32
31
27
24
20
23
14
6
9
248
200
198
87
67
59
52
59
42
31
32
25
28
28
15
11
10
10
11
8
8
8
8
201
124
89
91
83
70
67
63
63
52
46
43
39
33
33
35
33
27
27
22
15
15
8
176
142
94
79
68
68
51
45
42
42
41
38
32
32
29
30
28
20
18
18
6
125
122
98
99
82
76
70
73
60
52
37
30
32
23
25
23
23
16
13
9
10
8
10
159
135
112
96
96
96
82
82
82
78
67
66
60
61
50
38
34
30
28
28
17
27
7
12
247
223
177
116
116
76
60
61
54
52
50
40
44
39
33
33
33
30
23
11
8
6
7
6
154
109
106
100
64
63
45
40
44
38
24
16
20
13
8
11
10
12
6
6
6
6
6
140
128
113
97
81
77
80
67
71
69
64
53
45
31
36
21
18
17
7
12
6
92
87
90
92
70
57
48
48
45
38
39
23
21
20
15
12
15
9
9
9
8
173
102
77
74
69
73
65
55
55
55
53
53
49
39
29
37
26
20
22
21
20
14
176
169
168
153
124
96
75
61
60
58
60
58
53
44
31
28
26
25
26
21
18
18
20
6
8
6
6
9
200
119
112
92
97
87
87
70
72
63
41
33
33
23
24
23
22
14
18
9
8
8
7
6
6
6
6
147
142
132
124
110
96
85
70
44
29
32
23
18
23
18
19
16
12
8
8
137
120
120
114
94
87
80
79
84
75
69
72
52
28
28
21
23
21
19
24
17
16
12
10
159
147
124
107
104
81
66
66
57
60
42
40
34
28
24
24
340
25
23
15
9
9
9
13
181
85
85
88
85
83
76
50
43
45
9
8
8
8
285
31
29
34
26
18
182
147
143
122
115
112
97
97
98
100
90
90
90
81
52
49
38
13
297
36
34
32
31
23
150
142
110
113
104
98
93
93
79
79
57
52
48
52
49
39
12
8
44
38
31
30
152
126
117
87
91
76
59
53
44
23
17
17
17
17
10
15
13
9
7
46
48
43
35
32
36
242
165
155
76
71
62
58
61
58
57
24
18
21
20
10
11
51
46
46
249
162
150
138
130
114
98
78
72
63
27
33
27
16
15
15
13
7
12
8
12
59
47
196
169
147
83
81
77
77
38
37
38
33
30
28
19
21
18
11
17
8
8
7
9
56
56
56
45
44
201
172
165
160
142
142
127
122
123
66
73
43
40
33
35
25
24
22
8
66
53
53
53
123
100
77
43
42
32
31
19
13
11
6
10
10
9
8
66
67
54
148
125
102
98
95
95
47
50
53
43
45
35
15
22
22
15
10
12
10
8
8
75
79
72
206
133
124
110
108
50
50
52
45
41
33
9
9
9
7
7
8
7
8
224
140
128
120
98
46
45
42
39
40
38
37
32
33
12
8
6
6
9
9
89
157
143
139
116
111
99
44
31
25
26
20
20
20
17
15
11
14
6
8
7
89
88
94
86
80
218
214
136
122
65
52
39
43
35
30
22
18
16
17
19
20
7
99
87
79
223
203
153
104
72
70
61
58
53
40
35
35
35
27
27
16
16
19
18
7
92
178
126
83
60
58
52
42
45
35
32
28
28
27
22
20
18
18
10
9
13
9
7
262
154
134
124
123
111
72
57
51
51
50
39
37
37
34
32
34
34
25
18
15
18
98
196
93
85
75
72
72
52
31
33
28
29
20
16
11
9
9
13
11
11
92
76
57
49
48
47
47
47
43
45
36
35
28
27
20
20
18
18
9
8
9
7
7
7
116
116
187
190
150
78
56
55
55
57
52
53
41
41
30
23
23
21
19
16
12
12
122
262
157
155
153
133
86
67
52
51
53
46
34
32
31
30
26
22
19
7
6
6
6
249
155
103
100
96
94
88
82
70
75
48
48
43
33
26
24
8
18
8
6
6
136
193
95
77
67
52
48
53
54
44
43
48
40
38
38
29
32
32
29
28
22
23
9
7
245
188
117
88
86
82
49
49
45
43
47
43
41
43
43
37
36
34
30
17
17
17
10
16
173
176
103
91
79
77
63
50
48
48
48
42
41
43
41
38
28
26
29
16
18
21
11
111
96
95
82
80
82
76
75
68
50
46
48
42
43
29
22
21
24
18
10
11
11
142
97
78
60
60
60
58
46
33
43
31
25
21
15
17
14
13
10
6
10
6
152
239
167
95
94
78
78
66
61
56
56
52
36
36
20
29
25
20
18
11
8
6
223
149
110
91
86
74
74
66
61
58
57
43
36
35
35
25
33
23
18
16
7
8
6
171
147
143
124
119
112
115
103
89
79
83
71
67
51
58
31
29
29
13
17
15
13
9
6
335
122
110
107
88
81
78
75
71
72
67
66
53
51
36
34
30
28
18
22
18
18
21
13
170
340
202
155
126
114
112
101
93
85
82
78
46
35
33
31
18
19
11
6
161
129
119
125
120
114
108
94
97
91
73
76
61
36
28
25
27
27
21
19
7
8
238
232
165
125
111
102
93
78
77
64
52
43
37
33
37
30
30
9
10
8
15
11
192
170
168
161
164
161
135
127
116
114
96
94
54
41
37
32
32
28
26
21
9
221
162
130
119
100
101
63
53
51
40
41
39
31
26
22
18
12
13
10
8
6
284
230
137
133
118
108
101
102
97
86
66
65
47
34
31
31
23
30
25
21
19
12
7
222
155
147
131
128
118
120
112
88
86
78
78
52
48
44
48
37
41
26
18
16
16
9
6
200
181
160
144
135
135
133
124
120
97
71
65
46
43
46
29
18
17
7
14
9
9
9
9
214
248
238
148
139
123
117
112
113
103
91
80
61
62
57
43
36
28
26
22
17
8
7
177
162
143
138
135
122
122
106
76
64
65
49
39
27
28
29
17
17
17
17
10
16
7
8
213
189
180
175
137
122
118
100
81
56
43
46
37
30
24
24
15
13
8
8
12
10
8
167
160
160
140
136
96
51
43
51
48
34
38
27
19
25
17
10
7
7
7
9
9
268
217
224
160
137
137
112
91
84
85
78
82
82
56
39
34
32
23
15
18
20
14
14
7
267
151
146
142
139
100
98
85
76
67
63
61
59
45
39
37
31
21
27
13
10
6
8
8
163
158
101
107
96
100
91
53
39
33
31
27
30
30
22
15
11
12
17
7
6
7
9
230
213
175
124
114
101
97
91
73
61
58
52
39
39
31
30
27
15
12
12
9
7
256
212
121
102
101
102
96
96
86
84
82
76
68
67
63
54
59
43
50
23
6
443
161
146
138
109
107
87
87
62
64
57
50
51
48
43
30
9
9
9
9
9
191
111
108
91
86
72
72
77
62
56
61
45
37
33
30
27
13
14
13
13
13
14
10
10
10
7
152
119
93
82
71
57
50
53
45
44
40
29
29
21
20
17
17
19
300
15
15
15
6
8
8
9
8
208
181
181
174
150
146
135
87
88
77
67
52
45
34
284
350
20
20
20
11
10
141
125
121
105
61
67
59
57
46
51
40
24
28
8
25
25
18
224
183
167
146
117
93
78
75
57
37
32
34
28
12
6
9
6
6
6
6
6
31
27
20
21
222
192
169
151
143
87
66
60
58
46
49
38
15
8
11
11
8
7
35
35
34
29
28
26
221
148
107
94
72
75
70
51
45
44
37
24
25
16
16
13
12
40
31
123
123
113
104
104
88
86
77
73
65
50
30
25
29
21
7
14
7
15
45
45
45
35
128
80
62
35
23
26
16
21
12
8
8
7
7
6
6
11
7
6
40
236
228
152
128
112
101
98
86
67
59
34
34
38
38
35
38
28
24
22
13
9
11
55
45
45
239
136
119
119
94
81
67
43
33
36
22
30
17
9
11
6
9
6
56
110
101
50
41
41
30
35
27
14
14
7
7
7
7
6
6
7
61
55
55
91
46
46
43
27
27
22
22
22
21
15
12
11
9
9
8
70
60
60
248
175
153
107
73
53
55
51
37
45
35
31
24
16
16
16
16
11
14
7
123
104
103
57
64
57
56
50
50
37
40
37
35
29
29
22
25
25
22
21
7
6
6
8
78
123
88
61
65
49
40
30
30
27
27
27
20
18
18
12
11
12
12
13
8
75
283
133
111
104
66
60
60
50
41
32
35
28
26
20
17
11
14
13
14
12
8
7
90
224
116
96
71
57
53
52
46
37
37
31
25
19
9
6
10
8
8
10
91
170
140
76
59
57
49
51
41
40
34
37
36
27
33
27
21
23
23
18
19
14
14
10
7
90
229
124
110
79
47
48
48
47
47
47
47
39
28
23
19
9
9
9
7
7
7
105
336
250
179
137
122
114
89
84
76
65
53
52
49
36
34
20
21
14
20
10
7
6
7
7
110
100
100
134
118
91
77
72
60
60
57
56
49
27
28
25
26
21
17
8
9
9
9
7
139
131
120
119
97
93
69
71
55
54
52
45
40
35
30
30
20
19
20
18
21
14
14
14
14
150
66
64
58
52
48
25
20
12
11
16
6
8
8
8
6
6
6
6
6
6
100
79
79
72
71
57
56
62
51
53
53
40
40
29
24
24
26
20
18
23
21
14
9
189
159
138
96
94
79
73
70
75
58
59
49
49
45
36
39
30
26
26
11
11
7
216
156
117
102
83
86
85
82
82
82
70
63
56
58
50
42
35
34
37
21
24
9
20
21
10
130
188
130
101
93
86
70
66
68
59
55
42
45
40
40
36
34
33
10
21
23
10
6
406
136
179
171
107
95
95
83
73
68
61
46
38
36
36
42
31
33
13
8
6
10
7
144
159
125
90
82
69
65
54
56
49
48
40
38
27
18
17
7
14
9
7
6
14
6
6
192
192
172
136
118
109
106
101
96
96
88
67
58
43
43
44
40
22
21
21
21
17
19
12
10
125
88
69
59
58
46
49
44
44
37
17
16
16
15
15
8
8
8
10
8
7
7
7
169
125
97
99
90
81
70
63
53
54
48
32
27
21
13
12
6
6
10
7
6
6
145
98
85
63
67
59
59
41
36
36
40
38
31
27
20
24
26
18
18
12
9
9
146
123
121
105
91
101
80
69
59
46
43
39
37
34
31
27
30
22
24
19
16
16
14
8
145
110
107
96
89
86
79
79
79
70
68
48
47
42
40
35
28
20
7
12
12
7
7
178
385
152
148
114
114
111
92
62
53
54
53
51
47
40
41
21
12
21
20
12
10
6
6
6
190
137
108
106
105
89
73
75
60
46
44
38
38
37
32
27
24
24
18
8
10
6
7
7
156
149
121
121
97
84
81
61
63
59
50
42
43
23
28
23
12
7
13
13
6
130
100
93
90
89
67
64
65
41
42
40
41
40
40
41
35
33
27
24
24
17
18
8
150
121
98
95
71
61
26
29
27
26
29
17
23
11
10
10
12
16
10
10
6
6
258
157
115
97
91
66
66
66
58
51
46
34
31
28
15
20
18
8
7
11
11
7
7
6
205
130
103
99
95
71
69
39
40
33
31
33
33
20
21
25
20
21
13
13
10
351
291
109
105
68
52
52
41
32
29
18
12
12
16
17
17
9
11
7
6
11
225
123
123
81
80
75
72
66
69
37
30
10
13
15
16
16
11
9
6
6
6
7
461
136
130
97
86
81
76
78
78
71
57
67
60
62
51
41
22
25
27
22
21
21
14
8
268
168
106
103
80
60
51
41
33
28
26
27
22
14
16
14
14
7
8
8
7
276
221
198
121
124
80
81
79
83
61
45
47
45
41
36
32
18
14
14
9
14
8
6
161
160
135
100
95
92
77
69
58
61
58
50
42
40
39
40
24
19
25
19
15
18
11
19
17
176
143
114
113
83
78
71
77
55
57
55
51
42
38
24
18
21
20
8
9
9
274
164
125
76
60
53
56
58
57
56
34
31
26
24
28
17
13
6
8
8
8
9
8
8
8
207
165
128
114
81
84
85
70
64
53
51
49
41
42
39
32
10
10
13
13
19
10
14
13
13
6
7
86
71
77
62
61
62
62
57
56
44
46
39
37
39
31
20
18
15
13
10
10
8
8
9
11
10
10
10
7
7
8
8
158
128
120
94
82
67
44
20
20
268
18
18
18
14
16
18
15
15
14
8
171
142
92
73
76
62
56
47
30
25
25
25
26
13
18
9
9
128
107
99
85
81
73
69
66
57
53
30
30
8
8
8
8
7
7
8
7
34
26
23
15
14
191
192
155
88
77
72
64
35
35
10
9
10
10
8
13
12
13
8
8
40
38
28
30
28
19
23
236
111
98
82
40
18
13
9
9
9
7
8
7
8
38
43
41
38
33
34
24
33
33
224
104
99
89
90
83
24
15
18
14
18
13
11
7
7
45
45
49
39
38
148
105
23
29
27
21
17
17
9
10
9
9
9
9
9
9
9
45
34
246
244
109
97
97
76
55
30
25
22
21
14
18
13
11
14
11
9
6
6
59
59
47
39
137
122
35
30
33
23
23
19
19
12
11
12
8
10
12
8
6
59
171
136
133
121
85
34
33
34
24
21
19
24
18
17
14
8
10
7
6
10
10
10
11
60
172
141
127
125
95
70
47
39
37
36
35
29
32
25
29
26
27
25
17
21
9
14
7
166
126
50
43
43
37
34
34
32
27
26
21
20
21
7
12
12
11
10
8
12
10
73
68
147
121
58
50
49
52
50
51
49
39
34
32
25
25
20
12
12
15
9
6
7
75
73
64
268
89
85
63
54
50
52
53
44
44
40
43
33
37
28
18
16
24
9
11
71
105
90
59
57
55
44
44
44
41
41
42
42
33
34
31
30
35
28
13
9
6
94
94
84
139
114
105
73
68
60
57
46
17
19
18
9
9
7
7
7
6
7
7
74
78
77
70
68
67
52
43
22
20
16
14
13
19
13
13
10
10
9
7
6
101
95
84
114
78
73
67
68
50
45
40
24
24
21
15
14
13
13
8
7
8
11
12
101
82
78
71
72
58
58
49
42
31
34
33
36
29
25
29
18
20
20
13
11
6
8
115
115
70
52
52
50
47
41
44
40
36
20
20
20
10
11
11
10
11
11
8
8
72
65
65
52
52
39
38
36
24
16
13
13
15
16
13
10
10
10
8
8
10
8
7
94
87
83
73
64
44
34
30
32
28
13
7
7
7
7
7
7
7
7
7
118
113
118
99
73
69
50
51
49
41
35
37
30
20
18
12
12
12
13
9
9
9
115
108
105
54
43
46
42
22
18
18
13
13
14
10
9
9
9
10
9
8
8
7
98
86
52
47
30
22
23
15
19
14
14
13
13
12
10
13
13
9
7
7
216
118
118
101
78
65
66
65
46
38
33
28
24
20
24
20
20
19
19
17
18
12
9
9
117
119
81
57
57
33
32
29
24
23
24
22
23
19
17
10
10
9
10
9
9
9
8
107
76
74
50
50
43
38
42
33
31
34
28
28
15
19
17
9
9
9
8
8
8
159
199
86
76
64
55
55
56
48
48
43
39
38
33
31
33
31
32
29
27
14
8
13
13
12
124
85
73
74
67
60
58
53
47
44
40
40
36
34
32
34
25
25
29
24
25
13
18
13
135
118
79
72
58
48
48
44
44
45
42
34
22
18
22
21
18
9
9
9
8
293
237
207
77
68
65
65
54
48
47
42
42
44
36
41
40
35
29
23
21
21
11
169
149
100
104
99
83
75
62
59
55
52
49
40
34
33
26
19
15
15
12
6
179
209
147
118
95
80
67
64
60
59
45
20
24
31
23
15
10
10
10
9
10
10
10
7
173
133
109
109
109
79
80
62
60
50
54
48
38
18
23
22
22
17
15
18
16
15
6
176
160
154
127
106
85
77
75
73
69
67
67
63
49
41
34
23
20
9
9
9
7
7
130
107
95
78
73
69
64
59
27
12
12
6
8
6
8
6
6
6
6
6
184
174
147
140
134
110
95
78
78
72
69
59
55
44
40
35
40
33
27
14
11
9
141
92
77
60
56
50
49
39
32
26
30
24
22
14
14
15
10
10
10
10
8
7
8
9
110
97
82
79
54
43
39
35
34
29
21
19
15
10
11
12
11
14
11
8
8
8
139
131
110
103
95
94
87
74
71
66
50
48
44
34
31
32
26
26
24
20
16
19
165
157
156
100
92
77
64
62
39
37
29
29
25
21
21
14
14
16
14
14
10
9
9
161
120
102
103
98
84
83
58
36
36
34
34
30
30
22
19
9
8
8
6
9
9
6
141
130
123
94
93
83
83
70
63
63
53
49
41
43
39
39
34
25
15
14
8
10
9
7
154
155
100
94
93
86
75
54
49
48
43
39
39
39
30
19
20
19
10
10
6
14
9
7
140
124
93
95
77
64
54
54
53
51
45
35
34
34
33
24
15
17
15
16
6
128
123
111
114
110
109
109
95
84
82
69
70
58
54
54
50
49
40
40
38
35
29
6
6
346
137
124
119
80
80
77
69
59
59
54
41
44
48
34
26
25
11
11
8
24
27
88
69
68
64
60
60
59
56
51
50
19
13
10
10
16
6
9
7
9
9
6
34
29
138
119
108
99
74
69
65
64
62
54
47
35
25
21
24
21
15
15
14
12
9
9
14
40
39
116
116
102
95
86
92
88
41
26
29
29
30
20
19
10
11
8
9
7
6
38
232
168
107
108
100
96
81
79
79
72
60
58
47
25
24
24
18
13
10
10
8
7
9
47
140
138
115
112
87
86
81
80
59
50
51
39
40
37
39
29
25
19
23
18
6
7
6
55
204
193
164
139
105
105
97
89
83
81
75
64
44
41
23
20
20
18
11
6
6
6
57
59
157
88
60
60
51
46
33
39
39
31
29
26
26
11
10
8
8
10
10
7
10
56
59
188
117
101
95
95
95
91
71
65
51
38
38
37
38
28
32
22
21
16
17
6
67
179
174
125
120
116
107
85
76
70
50
49
49
27
24
21
22
25
20
19
20
17
10
11
151
127
130
117
104
84
80
63
48
48
43
43
25
26
19
17
16
9
7
7
178
158
129
124
119
90
69
67
60
52
52
53
48
36
37
31
34
14
14
117
114
104
71
57
57
41
44
42
36
30
26
26
29
29
30
20
19
9
7
228
111
99
90
70
63
63
56
57
58
47
46
46
38
38
37
37
35
31
16
16
9
8
9
9
230
231
198
194
192
153
144
137
138
125
119
95
96
95
82
78
74
52
51
40
24
24
24
95
94
203
142
138
121
101
83
80
73
70
56
54
48
46
43
32
34
28
29
29
21
7
17
14
102
255
188
170
144
139
139
125
91
91
85
73
68
68
61
55
39
11
20
14
7
6
6
6
204
172
151
149
144
140
123
110
96
92
79
78
62
58
53
46
44
32
24
28
11
7
8
7
209
157
153
141
115
115
89
84
84
77
66
66
57
49
49
49
43
34
32
28
7
6
350
214
178
164
125
93
88
81
64
54
49
33
37
21
19
17
10
10
10
7
6
9
8
124
209
159
94
93
82
76
71
74
64
59
54
43
46
38
40
40
19
17
17
14
130
103
95
59
55
60
52
49
52
41
28
25
20
20
19
19
19
10
7
10
9
171
135
121
91
87
86
85
82
57
54
49
49
29
32
27
25
19
24
10
11
8
6
265
165
153
119
114
96
91
90
77
74
60
41
41
41
40
28
28
26
15
21
16
6
139
265
114
111
104
80
73
58
45
39
40
42
35
22
21
11
9
9
9
9
9
9
141
260
136
90
84
85
81
63
50
53
43
47
39
43
39
39
29
15
9
7
7
8
7
213
184
161
144
144
141
125
107
105
96
94
89
68
56
53
49
35
35
36
25
23
19
10
12
157
223
195
130
78
78
77
69
69
57
51
44
37
28
24
26
22
18
15
16
6
13
11
195
122
94
91
87
57
45
29
35
24
29
22
22
13
7
6
6
6
7
6
6
269
267
248
200
200
179
121
114
101
73
71
71
62
61
58
55
46
42
43
34
34
28
24
11
16
201
175
138
94
68
69
68
64
58
50
41
35
33
29
16
22
11
14
7
11
7
10
267
240
226
167
136
130
120
109
102
74
72
69
66
67
55
36
27
21
21
15
12
6
7
247
172
164
161
153
120
114
102
88
86
88
84
74
70
39
42
31
26
21
21
8
9
8
8
189
232
164
137
131
117
91
87
87
85
81
54
54
45
36
27
29
18
22
13
195
293
260
224
169
138
101
93
84
79
67
63
67
59
58
52
52
43
29
13
7
15
244
201
157
152
128
84
64
67
48
41
37
39
36
26
34
23
23
23
20
8
7
241
216
166
170
156
134
126
105
100
69
63
49
53
28
28
12
14
14
14
8
7
7
268
227
213
133
90
90
89
86
78
82
74
82
74
67
67
58
51
39
33
19
9
6
10
254
228
200
180
165
150
144
134
128
112
109
69
69
51
50
38
25
35
35
31
28
24
22
8
309
181
170
142
119
121
117
109
96
87
83
82
58
49
47
43
43
43
30
33
30
16
10
7
181
154
147
114
93
89
82
71
67
64
59
50
50
48
34
30
27
21
29
29
10
9
7
269
249
187
175
171
165
166
151
129
109
111
87
84
78
66
69
53
53
35
39
24
32
17
9
265
261
218
176
163
157
149
115
77
71
67
28
19
11
10
9
9
9
8
6
7
7
8
282
176
159
63
63
63
57
49
14
13
10
10
10
10
13
10
10
9
9
9
9
8
7
9
201
199
179
158
146
128
103
99
89
96
72
70
58
59
62
47
38
21
24
15
14
15
284
13
14
138
114
86
73
73
73
67
59
53
49
52
29
29
24
24
20
20
19
19
16
7
8
241
207
179
177
131
126
126
83
78
64
64
49
51
48
35
39
29
24
22
20
14
21
12
8
10
216
194
173
159
150
114
98
97
87
83
80
39
39
44
34
34
19
10
7
6
10
8
233
199
172
169
163
158
102
103
90
88
73
61
58
43
44
43
39
35
364
319
33
20
9
193
192
159
125
113
111
86
83
80
79
54
54
54
49
44
40
40
9
366
27
39
31
20
24
23
19
193
164
164
139
121
112
109
91
54
49
49
45
48
11
7
10
35
214
179
160
133
103
89
89
88
79
74
83
66
67
59
64
51
13
10
10
6
6
33
25
166
151
149
143
122
120
105
81
81
78
71
59
59
56
58
55
15
18
16
8
11
11
329
47
35
184
144
134
100
106
99
91
70
67
64
60
60
60
17
16
17
7
7
9
7
52
46
37
236
221
187
176
125
120
104
74
79
69
69
68
61
60
21
22
21
12
10
6
7
293
51
234
189
157
109
93
74
72
70
70
33
28
21
19
13
8
10
9
8
63
59
57
54
47
208
190
169
92
79
78
75
77
75
29
18
24
16
16
17
13
10
153
135
138
123
117
95
101
89
84
84
40
31
22
25
22
18
17
8
8
9
8
6
7
436
370
60
249
196
146
128
126
109
101
87
84
47
41
28
32
27
17
13
11
7
6
7
8
84
62
214
143
142
134
129
110
110
90
56
47
47
46
39
35
35
32
24
18
269
134
119
115
110
109
95
92
55
51
42
29
29
33
23
22
24
21
9
15
6
6
6
87
72
218
188
184
139
109
109
99
34
29
22
26
22
16
13
20
9
9
8
9
11
304
285
158
107
105
72
59
56
54
52
52
43
39
32
32
25
30
32
22
19
291
210
61
51
48
44
38
35
35
21
14
19
21
7
10
11
11
11
6
6
101
186
121
71
64
55
57
56
52
44
44
36
19
9
8
10
11
9
10
7
6
6
92
209
140
137
120
81
81
62
62
48
45
37
35
35
38
34
23
18
20
12
14
14
8
107
100
157
140
84
75
65
58
55
44
40
36
26
20
17
13
14
13
9
9
116
105
347
154
140
130
129
86
77
77
62
62
34
34
24
24
21
21
18
14
10
14
104
244
204
188
143
94
73
69
62
60
55
44
45
46
33
30
24
25
27
19
10
11
121
183
95
67
67
61
54
60
59
50
41
40
33
28
27
29
28
28
28
20
10
6
6
130
127
105
102
87
83
77
72
69
60
46
44
41
36
29
27
25
25
15
6
6
6
136
329
196
148
106
92
84
80
61
53
39
42
40
34
34
23
28
25
15
11
8
8
414
115
87
75
72
72
71
55
48
50
46
39
35
25
24
13
13
12
11
12
12
9
8
6
8
107
99
102
90
88
74
75
60
58
57
44
49
48
30
30
28
19
17
17
7
8
12
6
148
197
198
107
99
57
53
53
53
34
40
35
23
26
23
22
22
12
10
144
185
174
129
100
97
97
96
87
90
90
74
68
58
58
59
54
33
16
16
12
9
174
141
124
102
90
89
69
67
61
55
45
45
41
33
23
24
16
12
15
13
10
9
6
6
166
152
160
183
114
101
97
89
84
76
70
69
45
43
38
38
37
34
28
24
17
9
8
7
6
343
187
150
132
124
119
110
110
77
69
69
55
55
50
50
43
32
36
21
21
21
17
10
8
6
191
189
146
147
132
90
83
82
80
55
52
46
47
36
35
22
25
26
22
19
18
16
115
104
88
91
89
79
75
79
74
64
68
53
49
43
41
38
32
29
21
194
204
160
132
127
70
65
58
59
47
44
41
44
39
26
22
23
12
11
21
13
11
21
6
6
192
166
154
126
125
105
99
93
89
78
70
63
62
58
49
44
42
31
26
9
13
9
13
7
138
137
106
99
94
90
80
68
64
55
56
48
45
45
37
36
35
29
31
17
21
367
219
181
113
106
103
95
76
73
72
53
46
40
35
19
22
12
12
10
11
10
6
6
220
148
100
78
59
60
52
47
47
45
46
44
31
41
24
27
26
22
23
21
17
16
15
14
6
200
364
265
254
153
147
136
109
76
76
65
66
61
54
51
50
51
42
29
26
19
14
12
6
502
186
134
141
124
110
111
107
88
74
71
62
55
51
50
51
27
26
31
24
21
21
18
195
149
135
126
102
93
80
76
72
44
22
26
26
10
20
14
8
9
6
8
8
412
178
165
132
109
107
109
101
97
91
67
66
66
42
37
41
38
14
14
6
291
153
146
134
129
116
91
58
57
46
34
32
21
31
18
16
16
18
13
11
11
7
9
179
178
144
107
107
86
68
71
61
57
58
56
35
35
23
22
17
6
8
6
6
15
6
6
155
155
144
113
112
100
95
89
89
80
75
63
59
50
50
46
43
32
28
29
26
10
264
262
205
186
160
149
152
118
114
86
86
86
68
57
52
51
33
34
12
15
15
15
9
8
8
198
135
135
127
119
111
90
76
67
60
52
39
35
34
31
30
16
13
10
8
6
309
202
168
161
150
148
140
114
114
106
106
71
67
65
65
37
25
18
12
13
13
10
186
169
167
111
106
105
101
72
63
59
60
51
49
41
35
27
27
21
17
17
12
7
7
6
171
138
134
133
119
112
88
88
76
67
66
53
48
47
47
35
33
23
21
23
17
12
7
6
6
223
183
146
129
120
115
112
108
111
94
82
82
86
59
56
49
43
32
28
12
18
150
147
142
129
126
126
108
85
85
83
58
63
58
56
50
54
39
29
29
17
16
7
164
146
147
130
122
99
70
70
72
69
68
63
63
60
47
50
46
34
34
26
17
10
11
10
197
165
158
157
157
127
106
101
95
81
80
74
65
52
54
52
51
26
16
7
12
174
170
142
100
100
76
61
65
49
56
46
31
30
27
28
21
20
15
12
8
248
167
136
101
95
83
84
78
78
62
61
47
47
34
27
29
32
25
22
10
11
10
11
9
332
243
215
166
136
112
110
85
71
64
63
57
55
52
52
53
41
42
38
32
25
15
15
115
89
85
85
75
69
58
57
51
49
37
41
34
30
20
13
10
9
8
8
8
6
213
150
122
96
92
90
73
47
48
51
50
48
48
47
45
32
32
26
15
24
200
191
173
156
156
138
126
117
118
93
75
71
67
68
56
45
33
24
20
20
15
20
20
375
182
176
141
118
109
106
105
86
84
82
78
76
78
72
61
57
50
45
46
35
34
24
349
176
166
142
135
113
81
80
77
77
63
66
57
61
57
47
50
40
44
17
233
203
206
184
177
141
134
119
119
112
105
88
82
71
64
61
45
38
27
23
23
14
6
198
199
189
153
141
124
102
97
88
77
74
63
65
65
64
62
51
53
38
28
23
26
9
8
241
209
194
150
135
120
119
92
77
69
65
55
51
54
29
29
33
14
10
7
6
6
323
196
185
145
134
130
132
128
115
107
94
92
83
67
70
67
67
48
21
19
11
6
6
204
196
176
160
152
138
131
126
116
107
90
87
75
58
52
20
23
16
16
6
6
258
250
211
209
138
134
122
125
126
119
108
102
80
72
43
35
34
26
25
27
20
10
8
303
232
232
229
202
198
141
143
130
117
113
104
90
90
80
53
41
16
22
21
21
8
216
206
167
122
106
103
101
102
96
80
48
36
31
30
18
14
14
14
9
8
6
7
221
165
140
136
128
123
93
92
85
84
67
67
53
44
36
31
22
16
17
19
9
7
6
253
227
161
142
139
137
129
127
119
100
102
64
58
54
49
42
31
28
28
21
24
19
17
11
241
224
224
218
204
169
147
117
103
90
85
85
41
29
36
28
22
19
19
7
9
341
242
192
152
125
102
93
82
78
73
52
55
33
29
29
23
23
6
10
314
202
161
150
123
117
98
94
76
80
69
59
62
56
55
56
41
39
35
25
17
7
301
290
247
206
198
195
166
148
125
124
103
100
67
65
61
56
44
37
33
34
24
9
226
203
188
179
142
129
123
118
117
105
102
83
67
68
49
48
44
39
35
10
10
205
188
137
137
130
113
110
110
89
79
75
71
70
51
49
43
34
36
34
18
20
11
273
194
168
136
75
65
59
59
59
54
49
39
23
20
21
17
16
6
8
9
7
157
150
128
94
84
79
81
80
76
76
64
57
59
59
56
34
44
35
31
30
27
27
270
207
201
186
159
105
94
82
73
69
63
57
54
50
36
24
24
26
26
17
266
251
246
186
155
152
100
94
97
91
91
86
81
64
60
50
38
38
21
16
13
9
359
266
242
236
211
205
168
138
106
92
89
86
77
72
44
39
34
34
26
14
9
417
308
241
193
190
166
132
128
102
105
78
71
60
62
48
50
48
32
32
31
325
226
203
198
171
145
153
112
89
84
84
78
81
67
52
53
53
53
52
38
10
6
317
255
216
202
197
186
177
137
111
91
55
54
48
49
51
24
32
29
15
14
19
14
20
9
6
287
286
246
237
231
183
154
143
133
140
131
116
116
116
94
85
54
57
55
46
47
25
16
9
349
236
196
185
143
121
111
99
96
82
66
61
51
50
56
21
22
20
6
189
137
135
134
126
117
119
116
104
72
70
66
53
48
37
39
32
25
11
7
7
9
6
292
246
210
199
186
168
129
106
97
90
66
71
32
32
31
32
25
25
20
16
11
373
354
276
261
127
123
112
109
105
49
54
44
39
39
42
36
26
14
17
17
9
12
7
9
6
291
245
227
227
217
205
178
149
139
124
122
119
111
84
87
65
57
59
22
19
9
7
7
269
169
153
150
146
136
129
124
109
105
92
90
89
91
77
76
59
70
25
30
27
22
10
285
269
267
215
159
135
131
123
115
101
96
58
55
51
30
29
31
31
29
15
12
8
8
8
366
349
270
7
7
9
212
206
200
187
183
165
143
129
119
115
103
71
68
41
40
31
9
9
410
6
225
151
155
144
134
125
108
109
111
104
92
96
69
61
61
49
44
45
28
20
321
270
19
10
162
154
153
142
134
129
107
79
72
64
65
55
56
42
39
31
29
33
25
19
9
373
24
17
242
220
153
149
140
121
117
108
109
71
71
71
64
65
52
49
47
32
27
26
390
316
299
26
27
215
211
152
148
142
145
91
98
79
74
76
76
40
35
33
29
8
8
31
257
244
220
208
181
126
125
105
111
81
72
69
57
55
55
52
40
13
16
8
11
382
31
252
235
194
168
159
154
149
135
133
97
95
94
53
52
42
29
28
29
16
16
8
314
293
36
257
205
190
177
166
140
136
133
121
99
97
64
67
53
57
44
48
23
436
46
261
192
183
185
136
114
77
69
62
55
57
37
37
26
19
13
10
10
8
324
51
253
152
98
86
54
62
44
30
31
22
14
10
10
10
10
10
10
6
6
10
8
57
52
232
212
182
179
181
151
119
106
95
91
91
75
66
41
38
33
34
30
18
13
13
10
61
64
62
216
161
151
114
94
85
72
41
41
41
37
33
35
20
16
19
10
9
9
9
422
265
216
188
170
154
134
120
97
89
79
45
34
31
29
25
25
6
11
501
350
295
197
166
104
101
82
80
77
76
62
59
54
54
45
35
33
31
30
19
8
226
189
172
161
115
111
85
60
54
43
50
48
38
35
35
31
28
26
26
24
14
14
195
162
136
99
90
70
63
50
53
57
38
33
29
19
26
20
16
9
6
6
6
6
371
86
81
328
202
190
186
179
139
105
97
65
53
49
50
49
48
45
41
40
34
35
9
434
346
249
171
131
109
106
75
73
62
48
43
39
36
30
28
16
16
10
9
10
92
97
251
228
224
122
115
103
76
76
59
50
48
46
36
36
41
23
17
16
16
382
102
321
237
151
151
112
118
113
85
91
93
81
56
50
51
53
51
49
39
24
24
19
11
451
102
100
332
325
263
238
159
69
63
55
54
31
42
29
27
31
17
14
6
327
320
162
93
70
59
58
59
49
36
36
34
34
31
30
21
9
12
6
453
211
160
155
109
105
83
79
80
75
74
65
43
41
41
39
35
30
25
24
24
21
18
11
339
258
234
214
171
154
124
80
80
80
59
44
40
36
30
29
21
26
20
10
10
10
6
259
245
161
170
154
87
85
83
74
74
73
66
44
44
42
34
25
21
15
15
11
6
404
369
295
244
226
149
138
142
97
89
71
68
68
51
49
49
48
49
41
26
20
20
278
281
162
147
115
108
108
98
95
91
88
84
61
59
53
44
36
31
26
25
31
25
25
435
340
221
192
105
99
99
88
86
66
64
62
62
41
49
30
30
30
28
29
26
28
28
13
7
279
202
157
155
113
112
110
105
99
95
94
83
64
64
54
41
35
35
34
7
6
493
301
277
180
106
108
96
69
62
61
43
46
40
40
34
31
28
22
22
19
19
8
11
11
386
333
215
187
143
150
108
99
81
79
79
74
66
64
61
41
43
23
16
8
10
381
214
179
154
133
125
123
113
109
104
86
81
69
69
69
57
50
50
49
44
32
40
387
372
280
256
248
225
196
150
135
118
113
109
103
84
74
74
74
67
55
53
35
30
26
26
6
513
169
292
261
151
131
121
119
60
42
35
31
31
19
23
23
26
10
6
10
9
9
325
257
211
140
135
136
131
119
101
94
90
89
88
90
84
77
48
47
38
22
21
16
14
13
380
244
143
136
129
106
76
70
68
62
56
56
46
35
26
26
21
20
19
13
10
9
8
433
305
283
249
135
126
111
77
74
66
51
26
24
25
19
18
9
8
7
439
372
317
171
150
146
139
128
109
107
91
37
36
36
29
30
23
16
18
16
13
15
210
158
149
132
117
114
106
106
104
101
94
91
85
85
81
56
44
41
32
34
28
29
15
634
319
294
252
217
160
143
126
120
109
109
94
62
40
23
24
23
26
447
366
268
188
165
158
118
121
120
114
114
101
95
94
87
87
52
46
38
33
22
25
6
18
652
417
356
348
306
189
170
161
159
156
150
106
71
51
56
38
39
39
36
33
19
10
502
313
227
170
168
168
163
153
105
105
105
99
80
62
62
61
32
24
26
28
10
9
13
13
394
381
193
175
170
160
123
102
98
66
77
61
59
53
46
46
37
43
37
20
17
17
454
259
210
205
143
143
129
99
103
64
58
55
53
51
42
33
25
36
19
22
16
6
6
14
384
327
328
267
222
183
170
116
118
106
92
65
63
63
56
56
53
30
28
24
21
18
19
11
8
509
367
218
214
151
146
140
130
125
97
96
90
82
68
64
53
35
30
32
25
16
15
372
298
278
272
8
14
18
203
205
200
193
190
156
136
130
102
97
73
66
65
63
48
53
49
18
8
7
6
6
212
209
185
141
119
114
115
92
88
89
78
78
60
45
36
35
246
11
13
13
10
199
169
156
146
107
89
83
83
83
83
78
74
63
61
47
45
47
462
29
23
7
221
174
159
136
131
113
96
101
92
96
93
93
81
72
55
63
45
45
42
35
778
411
319
38
27
21
246
222
184
169
150
149
138
126
130
113
102
101
97
83
50
9
623
363
33
28
25
25
17
255
229
167
126
123
126
118
106
106
106
104
94
78
85
62
59
14
268
364
45
45
31
240
216
191
189
176
144
128
117
105
96
58
59
60
14
14
6
10
45
38
26
27
193
176
171
144
133
128
116
101
101
103
98
74
69
26
24
11
15
6
6
6
280
381
357
325
50
51
43
42
41
40
37
253
202
143
137
111
103
77
74
69
29
20
7
6
6
309
53
43
250
236
206
204
153
147
129
111
96
85
85
65
29
29
16
16
20
10
13
12
9
404
42
45
239
211
209
205
201
199
163
159
117
88
84
80
79
37
35
34
25
25
20
21
7
343
67
63
73
58
55
185
181
176
136
128
115
113
116
103
85
85
44
35
31
22
8
312
74
61
55
157
150
141
134
119
115
100
97
95
90
91
84
49
35
27
25
23
26
6
307
520
77
68
60
64
191
174
128
111
50
45
41
34
36
41
36
28
11
7
6
432
85
71
67
260
250
234
227
198
176
147
125
107
59
50
34
18
21
16
13
8
78
78
198
172
156
148
141
138
113
115
105
96
54
47
40
34
12
7
7
7
7
345
226
210
191
189
177
146
148
137
114
110
65
62
47
30
26
18
12
12
10
6
9
6
599
85
298
289
244
171
172
123
74
56
53
34
23
23
17
17
17
14
11
9
7
8
8
419
242
214
173
156
150
150
152
121
120
121
116
73
25
21
22
13
7
6
8
8
6
91
89
206
173
124
80
76
71
60
41
53
33
33
27
27
23
10
12
7
6
7
7
99
95
100
257
230
230
214
196
173
166
140
138
80
65
32
34
36
36
29
29
15
15
18
13
479
108
271
246
145
155
156
135
78
70
59
40
34
34
21
23
20
20
14
15
8
11
118
331
301
288
240
148
81
76
64
48
56
50
46
48
48
46
42
27
9
7
469
387
118
305
273
244
223
216
188
155
145
145
85
82
57
43
41
39
37
38
24
20
21
8
417
119
279
262
202
102
87
52
46
49
42
33
27
26
27
10
8
8
10
7
7
414
384
120
259
198
191
182
156
145
71
67
65
50
37
20
15
18
10
7
424
323
287
281
210
193
106
106
101
82
76
71
71
68
57
29
24
20
18
14
11
10
6
136
267
264
201
188
165
111
86
89
76
61
58
59
58
57
50
47
45
42
32
31
25
20
23
20
137
340
108
92
80
75
78
69
64
62
62
62
58
51
55
49
49
39
46
28
25
13
20
148
146
137
188
176
175
179
174
91
87
79
68
60
60
56
59
55
52
44
38
40
34
407
160
360
210
189
139
134
130
90
82
73
65
47
55
43
47
45
35
35
32
31
10
155
158
236
228
185
185
131
114
93
87
71
59
61
60
48
45
45
37
20
16
314
265
145
137
98
96
90
90
86
75
70
67
67
66
65
53
51
42
41
23
23
20
20
169
238
223
225
130
88
87
80
78
65
55
46
41
28
13
23
8
10
7
272
249
196
140
127
116
107
102
92
87
80
80
76
65
58
51
48
43
37
32
35
28
6
168
280
205
201
146
150
150
96
92
82
71
70
68
57
57
50
42
44
37
36
23
12
6
190
266
169
160
118
91
89
87
90
79
73
73
49
55
41
33
19
16
14
11
286
242
209
117
107
102
100
96
82
82
75
73
66
65
48
48
22
16
16
15
10
9
9
187
175
170
131
128
122
122
113
107
97
78
73
71
71
61
64
55
56
52
47
41
28
24
19
14
203
381
281
248
141
133
124
121
117
110
105
105
88
79
64
46
40
32
19
19
7
273
243
180
176
126
123
103
87
82
78
60
58
62
60
34
31
26
24
24
12
7
6
200
198
333
331
307
306
292
284
274
178
121
120
115
87
82
78
82
65
67
61
59
31
29
225
205
199
136
132
127
98
100
92
87
88
83
73
56
48
55
55
34
22
21
21
12
12
379
288
281
154
150
141
143
128
73
61
69
49
41
41
44
23
26
15
18
16
8
8
223
223
288
162
158
152
135
136
113
107
89
87
83
83
74
76
66
44
31
22
11
15
381
354
331
259
151
143
138
106
102
91
63
62
56
59
53
49
49
38
26
6
20
386
210
123
117
113
92
92
88
64
60
41
27
30
31
25
9
9
9
7
8
414
340
255
216
211
201
187
175
175
170
164
153
150
117
116
66
41
28
25
25
22
369
299
258
229
209
178
172
172
103
97
77
77
85
74
62
51
47
47
31
18
6
583
373
279
7
7
193
183
177
155
151
142
111
71
57
57
50
52
9
9
7
313
6
8
222
188
155
140
135
132
113
111
108
103
87
76
57
58
53
41
31
29
25
29
23
256
9
10
214
171
170
148
140
143
116
113
84
73
72
56
42
18
22
21
17
17
8
8
7
261
253
20
15
16
14
15
13
197
183
143
68
65
62
57
33
23
27
7
6
7
13
333
296
27
26
18
18
236
194
185
160
152
145
111
96
87
77
44
38
38
27
17
9
278
472
30
26
25
25
215
176
160
162
154
152
144
148
139
131
128
114
99
70
65
34
7
9
30
31
29
28
30
264
255
240
221
184
165
131
106
99
99
76
73
68
65
54
48
27
7
279
492
369
346
36
35
205
170
172
161
149
141
139
134
91
77
66
71
53
42
47
27
19
366
305
233
217
210
191
143
130
111
111
96
91
82
75
62
62
56
58
47
6
10
9
10
330
45
153
155
150
123
122
121
114
112
97
67
58
57
63
38
38
9
9
10
7
6
55
55
50
48
48
244
213
202
153
133
126
121
119
119
92
72
66
66
68
58
34
30
17
20
7
54
53
161
145
129
111
101
97
79
64
52
47
38
32
34
33
26
21
20
19
16
425
67
58
253
246
187
182
182
142
150
134
129
98
78
67
51
24
24
10
14
6
7
8
64
63
248
246
224
207
181
170
148
147
134
122
117
86
72
55
34
26
21
14
13
10
7
6
384
304
295
241
215
205
178
153
94
94
77
55
51
55
53
40
21
10
8
10
8
6
384
291
286
216
208
210
164
126
106
99
41
43
45
40
32
31
23
22
18
10
9
6
325
80
78
80
209
206
151
156
141
136
116
102
66
45
40
37
37
41
34
34
18
14
323
409
83
259
215
193
154
109
101
97
69
72
63
52
55
48
41
35
33
27
428
300
249
241
225
201
152
148
107
108
78
54
53
55
47
44
41
46
44
36
32
28
8
18
95
323
241
230
225
164
157
142
142
124
104
92
93
72
82
63
60
55
35
28
24
6
100
317
171
152
124
116
117
77
77
70
65
57
38
38
38
38
27
15
15
9
9
8
8
110
103
330
181
165
128
114
97
75
70
70
60
55
56
47
41
35
34
23
8
6
6
111
270
270
213
213
185
181
156
128
102
70
64
55
58
55
58
46
38
21
18
18
9
7
9
118
280
274
255
218
184
174
160
161
148
122
105
107
81
58
53
50
24
23
12
15
9
6
189
170
162
127
116
105
87
85
83
59
58
35
34
31
29
19
21
14
8
10
9
7
9
335
277
271
173
143
132
92
89
84
79
72
67
63
55
61
54
36
28
25
21
19
15
11
130
343
321
257
241
225
206
205
190
186
95
86
76
72
70
61
41
31
27
30
27
6
276
238
223
183
177
153
106
112
80
77
74
43
44
32
35
29
22
25
8
8
6
629
140
258
233
208
200
152
85
79
73
66
55
58
49
41
48
39
31
9
11
8
7
7
414
157
156
109
96
90
93
75
63
53
44
44
41
41
39
34
17
14
15
9
8
442
148
305
295
170
159
125
109
100
92
89
76
68
58
23
28
18
17
14
17
16
10
10
474
158
391
328
288
281
260
237
231
234
228
226
216
212
147
148
106
97
73
68
41
31
22
162
268
263
243
182
182
182
178
142
111
61
68
54
56
57
31
23
24
15
20
16
9
15
171
163
323
271
221
173
134
121
118
113
112
107
107
103
76
55
35
30
29
8
8
7
171
170
382
350
297
221
204
167
151
136
123
118
108
85
81
78
64
57
43
39
39
17
579
313
265
232
192
167
167
120
117
117
90
86
76
80
83
75
70
46
45
45
18
15
11
554
184
310
210
146
143
122
91
83
76
48
42
29
23
20
20
20
9
11
6
8
450
185
345
236
220
167
148
135
123
107
96
94
96
96
84
79
74
48
28
26
10
321
298
212
197
158
154
153
135
123
108
84
84
80
61
63
54
53
52
40
33
35
21
8
6
7
975
202
215
172
159
152
137
133
110
87
59
44
42
38
35
23
10
11
8
303
253
197
183
165
148
140
101
103
103
97
96
80
76
56
55
60
49
20
13
6
6
267
175
147
120
114
113
104
72
73
69
67
56
54
39
36
31
27
22
21
13
14
11
11
8
11
286
225
174
166
158
151
142
119
111
86
79
62
41
26
27
21
19
19
20
21
20
15
10
406
316
233
171
174
163
163
154
78
69
70
60
58
55
48
41
31
28
28
25
23
15
6
382
184
149
134
138
129
128
128
120
119
119
84
71
53
37
38
28
25
26
20
20
13
12
11
9
301
270
159
126
121
105
96
93
86
74
66
66
51
43
43
41
38
11
14
10
9
359
360
287
248
238
194
168
168
166
131
129
127
126
103
101
110
99
100
93
87
73
71
70
12
430
377
200
152
149
94
84
89
89
87
77
78
57
51
48
48
41
32
30
14
17
15
15
6
395
395
217
204
182
180
111
116
104
101
68
65
59
53
53
51
46
46
29
26
29
17
10
6
351
316
187
175
148
117
118
121
107
93
83
87
76
67
58
55
36
31
25
16
16
11
625
206
167
119
120
119
120
104
105
101
95
83
66
61
63
59
58
56
48
36
32
30
16
508
393
203
203
195
144
128
131
124
124
116
81
83
80
77
73
63
61
55
37
26
14
10
293
281
272
202
202
198
156
140
100
94
94
83
73
60
49
44
45
45
34
36
19
19
10
9
268
348
341
334
317
162
142
126
90
72
63
56
58
56
54
54
54
45
44
35
12
273
412
402
346
331
312
277
200
188
157
145
134
113
86
81
81
65
55
49
44
28
22
22
409
333
332
206
211
184
143
105
104
88
88
88
69
61
64
59
59
45
45
33
32
26
8
250
225
191
174
151
144
129
111
113
106
93
91
63
63
63
59
56
50
38
32
25
27
28
346
244
219
179
149
139
118
100
98
98
84
79
76
74
70
65
57
61
34
21
7
8
8
366
244
240
238
230
228
228
157
151
142
145
106
110
99
76
75
70
70
72
41
13
12
20
9
9
403
351
189
138
138
129
138
127
127
109
105
84
71
65
60
46
53
17
17
9
9
406
342
236
161
134
129
129
129
113
106
101
98
89
91
87
86
83
76
52
44
47
13
9
7
387
376
323
288
247
185
160
119
115
111
108
99
96
96
95
96
91
90
84
82
75
35
31
24
461
225
207
173
153
144
144
123
123
118
102
93
81
65
55
41
32
19
7
7
7
484
250
214
214
185
181
164
155
106
97
67
48
51
45
15
12
12
381
371
253
204
182
167
133
122
107
105
99
98
101
79
78
86
68
67
69
60
28
18
14
17
281
186
174
157
140
131
131
114
111
108
96
84
83
65
53
40
38
38
22
22
19
339
193
158
143
143
92
88
85
84
80
60
53
53
49
44
37
27
32
24
24
14
7
8
8
197
184
161
141
124
124
114
106
106
87
87
60
52
52
52
54
48
37
37
27
12
10
416
407
290
278
213
150
130
131
122
100
95
85
88
80
46
54
42
37
37
37
34
34
15
194
162
153
131
127
126
102
95
62
65
40
29
31
35
26
29
22
9
9
246
237
203
198
193
182
178
169
160
158
132
120
77
54
47
47
44
36
31
31
27
19
12
743
524
377
347
294
222
198
204
187
126
102
72
40
37
39
33
32
34
30
30
19
15
10
8
729
324
278
233
192
166
159
151
149
137
119
118
80
79
60
57
57
29
22
15
15
9
264
259
211
173
175
154
135
117
115
99
82
73
78
73
72
48
46
48
44
42
9
333
326
266
183
172
154
93
89
60
45
39
43
30
28
30
28
30
25
19
8
8
6
501
313
286
237
218
188
181
164
120
97
97
95
80
72
69
65
56
53
40
27
10
10
12
6
372
329
274
165
154
154
150
139
131
102
77
77
70
64
61
53
35
33
17
16
11
7
332
246
191
193
167
166
153
144
134
99
104
77
82
64
60
58
42
30
23
19
16
16
13
624
291
261
258
217
199
192
179
161
137
96
84
68
67
67
54
55
51
55
26
21
20
21
15
343
321
245
229
221
204
203
181
166
169
160
126
122
112
97
93
89
52
51
39
34
30
26
19
582
357
301
294
200
196
168
149
81
81
77
55
52
35
30
30
21
9
9
9
6
6
403
362
254
254
232
177
135
143
127
124
119
102
89
89
88
58
46
39
34
20
7
7
7
9
353
279
255
224
218
196
195
192
167
107
95
91
77
85
75
65
63
46
38
38
24
25
19
9
491
450
316
261
260
236
225
215
210
204
116
82
84
82
78
53
26
29
24
22
13
14
205
150
117
117
105
101
103
87
89
93
80
75
73
69
72
65
55
47
36
27
14
8
6
10
6
592
294
231
225
227
211
197
176
180
156
145
144
134
127
122
109
101
85
88
42
25
29
24
15
380
286
273
252
236
219
189
127
111
107
84
73
65
59
41
45
29
29
29
24
22
20
6
269
245
242
190
152
131
96
98
90
87
88
65
60
41
41
14
16
9
10
7
7
7
432
331
280
157
124
121
116
101
79
69
56
64
55
50
48
39
39
39
32
30
17
15
17
11
827
344
291
258
255
204
192
146
126
102
82
76
55
34
33
30
28
20
14
16
13
358
358
346
299
210
184
180
152
157
147
115
103
94
79
73
68
65
52
44
36
21
21
17
246
187
178
174
157
132
120
91
69
66
64
53
51
54
30
8
8
8
11
6
6
323
301
239
231
190
179
177
163
141
117
109
93
95
79
69
70
38
36
31
16
13
11
10
592
280
267
169
150
146
120
99
71
71
37
35
27
21
18
21
16
16
12
14
6
7
9
333
334
252
240
218
201
200
172
155
148
128
119
81
79
79
79
69
58
49
42
41
15
302
163
156
127
124
109
107
86
90
84
74
61
49
44
31
26
21
20
19
16
13
182
181
161
157
132
123
116
100
82
82
82
66
58
65
57
55
52
47
33
31
14
9
9
287
9
238
237
217
177
168
123
114
102
101
103
95
94
93
87
84
71
61
56
24
14
279
269
7
7
226
180
175
180
128
105
99
94
76
66
46
46
41
42
38
27
29
31
18
19
16
359
12
10
16
10
7
242
236
197
197
192
155
94
82
83
72
70
66
51
45
40
308
17
15
20
10
188
188
190
182
171
135
133
128
111
94
88
77
67
51
26
465
304
20
182
178
174
143
112
104
92
90
83
82
80
75
73
68
58
56
56
30
6
499
332
30
211
196
185
167
167
146
140
128
120
85
66
63
41
14
7
9
7
7
7
6
670
455
414
335
38
33
37
36
35
35
21
256
260
253
151
145
134
131
103
91
59
54
50
14
328
41
35
32
35
201
198
195
124
120
119
113
99
95
97
73
73
55
54
21
10
549
387
46
40
270
272
161
150
130
124
100
81
78
69
58
53
29
29
28
21
15
15
21
426
391
321
316
35
290
277
217
211
195
168
165
151
141
146
115
105
101
101
81
62
34
11
6
318
317
50
40
229
207
181
169
166
149
144
137
127
106
91
86
83
62
60
39
31
31
13
8
312
48
260
127
110
107
108
107
96
93
96
75
68
68
41
30
21
18
21
16
15
15
13
6
9
412
409
51
55
222
197
175
174
160
158
154
154
114
98
96
89
49
41
35
26
11
7
393
360
73
267
240
202
122
101
101
83
51
46
49
49
31
26
27
26
16
6
8
70
70
287
285
233
163
125
108
106
106
94
84
80
84
51
40
32
28
28
11
9
9
427
387
85
308
282
279
248
232
191
162
116
128
116
127
114
85
57
57
41
39
22
22
22
470
452
349
218
200
176
173
164
152
146
151
141
107
66
43
40
40
41
40
38
19
7
6
6
317
292
257
206
200
198
184
169
158
141
124
69
66
60
57
60
49
46
44
24
24
10
8
465
424
90
272
178
120
123
119
120
100
74
71
71
65
59
50
50
31
37
31
17
21
21
9
615
536
372
88
179
171
136
132
108
109
56
49
43
38
42
24
21
9
9
7
7
481
105
305
282
282
241
142
136
135
122
124
118
89
75
63
60
61
40
20
10
9
9
556
441
95
327
267
245
226
199
195
191
189
169
162
141
135
121
79
77
66
67
66
54
722
380
277
250
170
166
151
142
136
99
99
76
77
76
61
61
70
39
29
19
17
9
320
277
225
227
151
134
104
90
62
54
51
29
34
24
12
12
10
9
10
9
438
113
113
110
120
325
303
297
260
234
211
214
195
182
157
86
81
59
60
58
40
46
30
28
23
453
351
209
189
182
168
166
160
114
114
111
106
85
66
51
51
43
45
34
25
20
16
411
123
312
298
252
214
119
93
88
88
84
70
61
26
20
13
8
9
8
7
6
6
6
476
145
128
382
372
231
214
212
121
119
100
98
97
83
82
67
54
54
49
45
35
32
26
26
407
396
307
272
257
106
100
88
89
78
71
67
62
49
49
47
39
30
23
24
19
17
13
412
148
311
283
248
222
209
181
164
108
103
95
93
86
54
52
21
9
17
382
249
239
186
181
134
125
125
113
108
100
99
89
77
76
59
48
29
27
15
12
8
6
255
227
191
184
136
130
116
104
102
98
102
93
93
82
81
68
55
55
51
43
34
32
11
166
166
223
223
228
201
202
172
177
144
121
99
98
99
91
83
71
69
67
60
55
24
20
468
284
221
201
192
150
150
131
105
96
79
77
74
72
62
61
56
48
48
39
25
16
16
516
464
316
199
205
203
142
145
130
111
117
96
70
70
77
65
61
53
46
26
21
14
13
627
502
241
235
216
199
164
126
105
110
101
101
84
75
78
52
48
48
20
9
6
9
505
188
173
173
372
284
264
242
150
119
106
92
87
83
87
75
70
57
44
36
38
14
25
305
272
155
134
134
132
126
123
114
94
76
43
39
36
18
14
16
9
9
9
10
10
8
406
285
265
250
145
139
120
120
87
78
78
62
52
14
15
8
13
8
8
8
465
189
231
231
226
213
182
158
130
85
78
78
83
74
74
46
39
37
19
19
13
10
7
584
260
175
160
154
149
113
119
95
94
95
83
58
54
51
30
24
16
11
8
6
318
243
241
175
152
152
142
108
111
111
102
88
81
70
69
67
66
56
59
23
12
380
266
264
246
220
148
149
124
123
110
107
105
89
87
86
80
66
58
61
39
35
26
6
253
203
178
175
166
144
146
124
105
94
76
45
43
44
39
39
27
19
19
21
22
15
6
464
297
249
210
181
178
178
171
171
168
161
128
115
97
93
84
80
65
49
36
37
32
18
10
512
219
446
186
163
148
133
116
104
101
101
95
86
79
76
62
54
55
56
50
50
37
17
324
261
254
196
193
177
156
153
120
117
113
86
86
91
76
55
54
35
39
30
25
9
271
184
183
135
116
108
98
89
81
69
53
53
54
47
35
31
35
25
22
9
9
7
640
234
426
347
348
311
265
266
171
163
123
112
96
91
88
91
69
69
58
60
55
51
28
25
22
555
245
316
231
226
159
158
148
140
124
74
61
57
56
54
49
43
40
41
11
13
10
410
292
211
204
197
189
147
147
133
127
127
111
76
75
74
62
45
50
32
14
7
6
10
365
350
274
241
216
186
177
181
164
145
138
137
134
128
106
106
101
86
79
79
71
51
235
226
207
190
172
150
150
139
132
137
105
85
78
76
75
60
45
31
22
18
275
487
255
249
193
174
174
148
148
138
135
125
121
116
70
49
27
20
10
9
413
340
322
297
196
192
166
160
118
100
94
82
62
62
57
35
23
32
29
6
6
6
429
348
312
226
219
214
215
201
182
178
178
143
121
116
100
90
76
70
47
47
32
15
12
12
8
365
335
246
231
238
209
180
159
126
114
104
99
63
61
58
45
35
35
40
30
14
9
6
7
285
340
299
255
233
229
191
181
168
155
147
108
99
96
101
101
90
80
67
30
22
15
14
248
221
160
154
115
120
106
106
90
86
85
85
82
75
64
63
56
54
35
29
24
11
10
220
221
202
165
143
141
120
90
84
59
50
52
36
39
34
32
34
32
26
17
10
13
6
401
360
341
312
310
286
281
209
196
191
181
179
141
145
129
100
77
73
68
47
39
32
33
21
9
612
581
535
254
243
228
221
202
159
121
117
114
102
97
97
86
69
70
51
26
27
10
10
428
295
291
194
164
161
135
125
125
96
78
72
68
53
39
23
7
7
7
7
7
6
626
415
351
296
211
206
199
194
191
166
144
108
107
80
80
62
59
47
44
20
326
390
230
193
180
170
160
138
134
105
94
85
82
57
34
26
33
23
20
13
8
9
9
8
315
335
306
266
234
234
197
198
179
149
136
120
110
99
62
64
64
43
21
22
25
26
14
522
291
261
190
191
165
148
148
128
115
69
67
60
62
50
52
39
20
25
19
6
11
11
6
501
371
284
276
231
188
154
150
90
66
69
56
36
24
25
24
23
16
11
8
6
413
350
324
218
202
170
164
140
105
90
77
54
47
41
29
35
22
29
21
283
276
235
232
207
159
146
130
82
82
68
41
34
33
27
27
27
26
21
10
276
259
246
234
229
215
175
173
166
145
122
87
80
84
67
70
68
41
32
24
16
6
8
417
385
252
220
156
155
147
120
100
95
77
73
61
50
50
36
31
24
11
10
14
7
7
7
323
243
160
165
157
155
149
145
142
144
105
107
112
89
87
80
60
56
49
12
15
6
262
238
188
152
120
125
101
101
94
92
86
78
66
66
41
46
38
28
24
27
9
11
12
9
354
308
248
242
228
230
195
180
84
79
62
52
34
25
10
10
12
10
7
389
323
282
254
205
199
193
184
139
92
72
68
63
39
42
25
15
12
407
287
275
263
175
145
135
93
93
93
86
81
75
68
56
42
38
38
38
38
32
30
23
17
388
547
438
275
225
226
185
122
98
90
66
47
37
32
29
31
29
15
7
7
6
8
6
290
214
215
214
204
185
156
156
152
152
134
123
79
72
68
66
64
66
45
37
30
11
479
274
266
177
167
140
147
145
132
115
123
112
92
96
96
47
45
42
37
32
23
15
17
637
201
197
200
157
126
81
71
62
57
48
42
42
43
26
24
20
21
22
16
15
12
10
10
316
236
234
206
197
196
151
136
131
118
106
100
101
99
81
63
55
43
27
20
17
6
418
614
420
398
391
256
144
142
130
108
100
99
88
71
62
29
29
23
14
13
22
13
7
197
187
168
125
120
116
104
91
82
70
70
57
28
18
16
11
7
6
8
800
303
177
121
102
107
100
100
96
96
92
96
79
60
60
48
30
32
17
8
8
602
407
376
303
279
279
229
226
157
157
119
112
80
73
63
55
38
38
36
28
36
22
24
9
724
524
356
337
219
185
176
182
160
159
155
156
137
111
106
101
65
43
40
31
14
18
8
351
344
325
314
260
174
141
130
111
102
100
79
75
75
72
62
63
63
58
58
51
45
42
27
12
282
174
154
152
141
135
129
121
105
92
92
87
92
77
59
52
42
35
25
24
14
12
274
269
261
245
197
171
162
121
126
95
71
73
76
74
66
67
64
57
51
40
8
7
6
10
347
347
329
329
308
281
250
251
224
193
179
147
137
114
90
88
72
64
27
9
10
14
247
219
201
144
121
113
97
95
80
76
74
68
67
56
52
46
33
32
6
6
6
11
533
421
356
311
245
209
175
100
91
87
63
57
63
44
48
37
25
25
25
8
9
531
325
283
265
212
204
133
138
112
115
105
103
102
88
81
60
55
60
43
46
42
9
421
278
200
191
188
180
146
142
116
90
67
66
48
47
37
34
37
32
32
27
10
7
16
275
239
197
188
172
151
148
148
140
118
112
102
94
91
82
59
49
45
41
25
25
28
9
972
334
252
207
200
186
177
162
153
136
127
120
123
120
107
101
71
56
40
20
14
11
9
538
394
259
245
236
220
215
158
148
101
87
88
75
69
59
50
26
31
28
33
6
6
610
290
203
171
152
128
112
112
102
88
91
87
85
58
62
57
33
34
11
605
584
412
281
177
163
166
159
140
135
122
87
69
67
63
50
45
35
38
38
16
12
10
591
550
241
237
201
171
122
119
97
68
60
17
21
21
15
15
10
13
707
494
454
242
216
199
173
160
147
142
95
97
84
70
61
32
36
42
26
21
13
11
10
10
375
238
227
216
216
176
174
150
147
147
133
130
129
102
91
60
49
41
31
23
23
21
18
26
398
279
224
227
186
152
127
127
110
106
83
91
79
62
55
49
36
16
14
13
12
10
6
6
6
399
365
297
257
233
160
158
144
141
91
60
54
51
52
26
20
26
8
8
6
6
