10
9
9
9
9
9
8
8
10
10
7
10
10
10
10
9
9
6
6
7
6
6
10
9
9
9
9
9
10
10
9
10
9
9
10
7
7
7
8
7
7
8
7
7
9
7
14
14
14
15
15
15
11
12
7
12
9
7
9
12
9
9
8
7
7
7
7
7
6
7
20
20
20
20
14
13
13
19
7
11
9
6
6
6
6
6
7
9
12
6
6
6
8
25
25
18
18
22
11
12
11
10
11
8
8
7
8
9
10
8
7
6
6
7
7
7
30
16
13
13
12
14
8
12
9
10
10
7
7
10
7
10
8
7
12
8
9
6
6
32
20
27
21
13
12
12
15
7
10
10
10
10
10
8
10
10
8
7
10
10
26
23
24
20
20
15
15
15
13
13
8
7
7
8
8
7
7
7
7
7
8
7
7
44
38
39
19
13
13
13
12
13
12
9
9
12
7
7
7
9
6
9
7
9
6
6
9
25
14
17
17
12
11
10
10
10
14
7
7
9
6
7
7
7
7
7
7
7
7
6
38
33
35
37
37
31
30
22
19
22
15
17
17
19
10
12
10
11
12
6
8
9
6
38
28
28
24
20
16
15
17
9
12
9
10
9
10
10
9
8
7
6
8
7
49
9
7
11
9
7
7
11
10
9
10
32
26
25
24
15
15
18
18
12
13
9
10
12
12
16
16
12
8
8
8
9
45
38
36
32
32
26
25
29
21
20
20
17
17
14
14
20
19
15
14
9
10
6
6
9
10
10
8
42
32
32
27
28
23
25
24
22
6
24
26
19
18
54
44
47
39
44
34
29
8
10
8
8
10
6
9
10
10
8
8
10
67
27
27
25
23
18
40
42
44
39
33
32
15
15
16
12
9
9
16
13
9
6
8
8
25
26
24
24
49
54
37
38
14
17
8
7
7
7
10
8
13
14
9
6
9
26
33
62
55
50
48
42
13
10
10
10
14
18
10
8
10
10
8
6
10
10
8
35
38
39
59
49
30
28
27
19
15
17
13
15
9
7
7
13
9
9
6
7
36
43
39
73
54
57
54
52
20
23
22
26
15
14
20
15
14
20
17
13
17
12
9
49
54
48
41
41
34
40
30
29
10
10
10
10
10
10
10
10
10
8
7
52
53
39
33
27
25
15
15
15
15
15
7
8
8
10
8
7
6
10
8
8
6
39
43
28
28
20
20
20
23
20
24
20
17
15
11
9
15
13
12
11
6
6
81
33
32
25
24
16
17
15
20
14
14
18
6
11
6
6
7
10
12
6
9
11
10
6
6
58
35
34
20
25
18
11
10
9
9
10
9
9
16
8
8
6
7
6
7
8
79
7
7
7
7
8
10
7
7
8
7
6
7
7
7
7
7
6
27
15
14
11
11
12
12
13
13
16
15
13
10
9
12
12
12
12
12
8
9
11
25
18
7
6
6
7
7
17
19
20
18
20
16
13
17
13
45
36
24
25
23
12
10
10
11
7
7
7
7
25
22
19
21
45
17
15
18
16
12
17
9
9
8
9
8
9
8
6
6
10
6
6
31
29
27
27
33
22
14
13
11
11
6
7
9
10
7
7
6
6
11
8
6
10
28
26
28
26
16
18
18
16
13
10
10
16
16
8
6
6
8
8
6
8
7
6
41
55
41
43
32
30
21
15
15
21
16
17
16
12
13
7
6
7
6
45
42
37
35
32
18
18
17
8
13
8
8
12
9
8
6
6
7
7
6
7
6
6
47
61
6
40
42
33
31
21
21
20
12
13
13
17
12
11
11
11
6
11
7
7
48
10
10
10
10
10
10
10
10
10
10
9
47
38
36
36
17
16
16
13
11
72
15
15
9
9
10
9
9
9
32
28
22
17
6
9
9
9
9
6
6
8
59
20
14
15
14
14
49
38
28
33
33
27
22
14
14
7
6
10
10
63
25
26
25
25
20
20
43
42
43
32
32
31
17
16
16
14
7
8
6
6
6
72
30
25
24
24
46
37
36
34
34
21
13
9
13
10
10
10
10
6
7
8
7
81
92
83
81
35
34
36
30
51
42
41
42
37
36
29
26
25
24
14
17
11
14
9
10
94
72
57
47
31
33
31
34
32
27
20
20
23
15
15
10
10
8
8
9
8
9
7
44
81
77
61
38
33
32
25
22
20
19
14
13
9
12
10
8
8
12
9
10
9
49
82
73
68
58
56
44
37
33
28
27
27
27
26
20
23
25
20
20
19
13
14
17
6
55
56
49
49
54
71
62
35
32
31
31
25
24
24
24
22
22
15
13
13
11
9
9
9
9
