8
8
9
8
8
7
7
7
7
7
9
9
8
10
8
8
7
6
6
7
6
12
12
15
15
14
14
12
10
10
8
10
10
11
10
10
10
10
8
10
8
10
10
11
10
17
19
20
8
10
17
9
9
8
8
9
9
9
6
6
6
6
6
6
6
6
6
6
7
9
8
6
7
9
6
6
6
10
10
10
10
10
10
10
10
10
6
6
6
6
6
6
10
7
6
6
7
8
9
6
15
15
15
10
9
13
9
10
8
7
7
7
7
12
12
14
12
11
7
7
7
7
7
20
12
6
12
6
10
10
8
8
6
7
7
7
10
10
10
10
12
10
10
7
6
7
23
11
11
15
15
9
9
9
10
7
7
9
10
9
9
9
9
10
10
9
10
24
16
15
14
14
7
7
7
7
7
12
10
10
8
8
7
7
7
7
6
8
6
6
10
9
7
9
6
9
6
6
6
9
6
7
6
7
6
6
6
7
7
7
7
7
7
7
7
7
7
7
6
7
6
7
7
6
6
7
7
7
6
9
9
8
8
9
9
9
9
10
10
9
10
10
9
9
9
9
9
9
10
6
6
14
10
9
8
6
9
9
9
6
6
8
6
12
8
6
6
6
6
10
7
6
6
6
6
13
9
8
8
9
7
7
7
7
7
7
8
7
7
7
7
7
7
7
7
7
7
7
13
8
8
13
12
12
9
9
8
12
9
8
8
8
8
8
6
8
6
6
8
18
17
17
17
7
7
6
11
13
10
10
10
13
10
7
7
10
7
7
7
7
7
7
16
13
7
7
6
6
8
6
10
9
8
7
8
8
8
8
7
7
8
7
8
7
7
8
6
23
10
10
10
10
9
12
7
7
8
7
7
7
7
8
7
7
7
7
7
22
16
15
18
9
12
9
9
9
9
9
9
12
8
12
7
12
9
12
9
9
7
6
7
17
9
6
10
8
10
7
7
7
10
10
9
10
9
10
7
10
7
10
10
10
10
7
15
12
10
10
10
10
11
15
10
10
7
10
10
10
10
10
10
10
6
6
6
9
8
6
6
6
8
6
6
9
8
6
6
10
8
8
9
8
8
6
11
9
6
9
9
6
9
6
6
6
6
6
7
6
10
6
6
9
6
6
6
6
10
10
8
8
8
8
8
8
6
6
6
6
8
8
8
8
8
8
8
8
7
8
15
15
13
13
12
12
13
10
10
10
10
10
7
10
10
10
10
7
8
10
10
10
10
20
18
18
18
17
12
13
10
15
15
10
15
7
7
7
8
7
7
7
8
6
7
7
8
26
24
23
21
23
15
13
20
20
10
12
10
10
10
10
10
10
8
6
8
10
6
32
15
17
15
16
16
18
17
15
17
11
10
15
10
10
10
13
10
8
7
6
10
34
33
29
30
26
30
21
23
20
8
8
7
7
20
16
14
15
20
7
16
7
7
7
7
25
8
7
6
6
8
9
9
10
6
8
6
6
6
6
6
6
6
6
6
6
6
13
11
12
14
14
14
8
8
8
11
9
7
8
6
7
7
7
8
8
8
7
30
17
19
16
19
13
13
16
15
10
10
12
7
7
13
10
10
8
13
13
6
6
6
6
38
27
23
21
24
19
18
18
18
21
21
17
17
17
18
15
18
8
7
7
8
7
8
6
29
26
26
22
12
9
9
9
7
7
7
7
9
7
7
7
7
6
7
7
7
31
30
30
29
24
17
12
8
8
9
8
10
8
12
11
8
8
10
8
12
11
7
7
65
36
31
32
19
19
19
19
22
16
17
16
13
17
16
15
7
12
6
44
12
10
15
9
9
9
9
9
9
9
9
9
9
9
9
9
8
7
8
8
8
46
22
25
14
20
17
7
9
6
13
6
6
8
6
8
11
6
9
53
42
34
30
28
19
25
25
22
14
15
18
9
13
9
11
13
17
7
9
9
8
7
45
27
24
24
16
16
14
14
10
9
6
6
6
6
13
6
6
11
10
6
6
12
42
10
10
10
14
11
10
10
10
10
10
7
10
10
10
9
7
10
7
10
9
7
10
43
34
24
29
22
15
16
12
12
10
15
10
15
9
9
8
6
6
10
10
10
15
15
15
15
9
8
6
9
9
9
9
8
8
8
8
7
8
8
8
7
9
8
9
8
8
8
8
10
13
13
10
9
10
9
9
9
9
9
9
9
9
8
9
10
9
7
7
7
6
7
30
19
18
18
14
15
15
9
10
9
12
9
8
9
9
9
9
10
10
9
9
6
6
6
23
23
20
20
19
19
19
19
19
14
16
7
9
6
11
13
11
7
7
7
6
6
6
