0
0
0
0
623.796
623.796
623.796
623.796
623.796
747.76
747.76
747.76
747.76
747.76
766.974
766.974
766.974
766.974
766.974
767.206
767.206
767.206
767.206
767.206
722.318
722.318
722.318
722.318
722.318
778.169
778.169
778.169
778.169
778.169
787.059
787.059
787.059
787.059
787.059
768.353
768.353
768.353
768.353
768.353
792.934
792.934
792.934
792.934
792.934
794.784
794.784
794.784
794.784
794.784
795.582
795.582
795.582
795.582
795.582
785.879
785.879
785.879
785.879
785.879
794.95
794.95
794.95
794.95
794.95
787.677
787.677
787.677
787.677
787.677
783.859
783.859
783.859
783.859
783.859
794.37
794.37
794.37
794.37
794.37
788.542
788.542
788.542
788.542
788.542
780.447
780.447
780.447
780.447
780.447
785.518
785.518
785.518
785.518
785.518
795.848
795.848
795.848
795.848
795.848
795.64
795.64
795.64
795.64
795.64
796.288
796.288
796.288
796.288
796.288
796.132
796.132
796.132
796.132
796.132
795.472
795.472
795.472
795.472
795.472
793.513
793.513
793.513
793.513
793.513
798.156
798.156
798.156
798.156
798.156
792.737
792.737
792.737
792.737
792.737
796.767
796.767
796.767
796.767
796.767
792.566
792.566
792.566
792.566
792.566
784.217
784.217
784.217
784.217
784.217
794.606
794.606
794.606
794.606
794.606
795.056
795.056
795.056
795.056
795.056
789.148
789.148
789.148
789.148
789.148
796.047
796.047
796.047
796.047
796.047
794.676
794.676
794.676
794.676
794.676
787.52
787.52
787.52
787.52
787.52
794.484
794.484
794.484
794.484
794.484
795.452
795.452
795.452
795.452
795.452
794.288
794.288
794.288
794.288
794.288
797.436
797.436
797.436
797.436
797.436
794.893
794.893
794.893
794.893
794.893
794.787
794.787
794.787
794.787
794.787
797.464
797.464
797.464
797.464
797.464
795.208
795.208
795.208
795.208
795.208
792.378
792.378
792.378
792.378
792.378
798.278
798.278
798.278
798.278
798.278
796.921
796.921
796.921
796.921
796.921
794.747
794.747
794.747
794.747
794.747
794.317
794.317
794.317
794.317
794.317
791.035
791.035
791.035
791.035
791.035
788.38
788.38
788.38
788.38
788.38
797.756
797.756
797.756
797.756
797.756
794.364
794.364
794.364
794.364
794.364
790.667
790.667
790.667
790.667
790.667
795.279
795.279
795.279
795.279
795.279
788.114
788.114
788.114
788.114
788.114
784.979
784.979
784.979
784.979
784.979
795.314
795.314
795.314
795.314
795.314
794.386
794.386
794.386
794.386
794.386
790.131
790.131
790.131
790.131
790.131
792.5
792.5
792.5
792.5
792.5
797.416
797.416
797.416
797.416
797.416
792.952
792.952
792.952
792.952
792.952
791.041
791.041
791.041
791.041
791.041
793.081
793.081
793.081
793.081
793.081
791.784
791.784
791.784
791.784
791.784
797.061
797.061
797.061
797.061
797.061
793.322
793.322
793.322
793.322
793.322
787.985
787.985
787.985
787.985
787.985
797.408
797.408
797.408
797.408
797.408
794.553
794.553
794.553
794.553
794.553
794.836
794.836
794.836
794.836
794.836
796.841
796.841
796.841
796.841
796.841
795.68
795.68
795.68
795.68
795.68
789.856
789.856
789.856
789.856
789.856
794.16
794.16
794.16
794.16
794.16
797.709
797.709
797.709
797.709
797.709
795.71
795.71
795.71
795.71
795.71
798.868
798.868
798.868
798.868
798.868
797.393
797.393
797.393
797.393
797.393
794.204
794.204
794.204
794.204
794.204
797.647
797.647
797.647
797.647
797.647
794.608
794.608
794.608
794.608
794.608
789.573
789.573
789.573
789.573
789.573
794.302
794.302
794.302
794.302
794.302
792.792
792.792
792.792
792.792
792.792
793.213
793.213
793.213
793.213
793.213
792.468
792.468
792.468
792.468
792.468
796.093
796.093
796.093
796.093
796.093
794.168
794.168
794.168
794.168
794.168
796.117
796.117
796.117
796.117
796.117
798.322
798.322
798.322
798.322
798.322
795.51
795.51
795.51
795.51
795.51
797.142
797.142
797.142
797.142
797.142
794.596
794.596
794.596
794.596
794.596
791.92
791.92
791.92
791.92
791.92
796.95
796.95
796.95
796.95
796.95
794.998
794.998
794.998
794.998
794.998
791.021
791.021
791.021
791.021
791.021
798.67
798.67
798.67
798.67
798.67
796.334
796.334
796.334
796.334
796.334
794.664
794.664
794.664
794.664
794.664
795.016
795.016
795.016
795.016
795.016
797.823
797.823
797.823
797.823
797.823
793.044
793.044
793.044
793.044
793.044
798.367
798.367
798.367
798.367
798.367
797.358
797.358
797.358
797.358
797.358
796.463
796.463
796.463
796.463
796.463
796.62
796.62
796.62
796.62
796.62
793.78
793.78
793.78
793.78
793.78
791.006
791.006
791.006
791.006
791.006
791.866
791.866
791.866
791.866
791.866
798.492
798.492
798.492
798.492
798.492
797.949
797.949
797.949
797.949
797.949
796.258
796.258
796.258
796.258
796.258
794.033
794.033
794.033
794.033
794.033
791.612
791.612
791.612
791.612
791.612
798.039
798.039
798.039
798.039
798.039
798.103
798.103
798.103
798.103
798.103
796.806
796.806
796.806
796.806
796.806
795.593
795.593
795.593
795.593
795.593
793.911
793.911
793.911
793.911
793.911
792.197
792.197
792.197
792.197
792.197
797.94
797.94
797.94
797.94
797.94
796.663
796.663
796.663
796.663
796.663
795.91
795.91
795.91
795.91
795.91
797.748
797.748
797.748
797.748
797.748
795.337
795.337
795.337
795.337
795.337
793.901
793.901
793.901
793.901
793.901
795.215
795.215
795.215
795.215
795.215
798.231
798.231
798.231
798.231
798.231
796.703
796.703
796.703
796.703
796.703
796.173
796.173
796.173
796.173
796.173
798.855
798.855
798.855
798.855
798.855
798.34
798.34
798.34
798.34
798.34
796.985
796.985
796.985
796.985
796.985
796.433
796.433
796.433
796.433
796.433
794.344
794.344
794.344
794.344
794.344
798.014
798.014
798.014
798.014
798.014
796.725
796.725
796.725
796.725
796.725
795.824
795.824
795.824
795.824
795.824
793.531
793.531
793.531
793.531
793.531
798.41
798.41
798.41
798.41
798.41
795.899
795.899
795.899
795.899
795.899
793.086
793.086
793.086
793.086
793.086
798.968
798.968
798.968
798.968
798.968
796.057
796.057
796.057
796.057
796.057
798.414
798.414
798.414
798.414
798.414
797.318
797.318
797.318
797.318
797.318
796.111
796.111
796.111
796.111
796.111
798.283
798.283
798.283
798.283
798.283
796.712
796.712
796.712
796.712
796.712
795.428
795.428
795.428
795.428
795.428
798.166
798.166
798.166
798.166
798.166
797.28
797.28
797.28
797.28
797.28
796.766
796.766
796.766
796.766
796.766
795.788
795.788
795.788
795.788
795.788
795.361
795.361
795.361
795.361
795.361
794.867
794.867
794.867
794.867
794.867
793.431
793.431
793.431
793.431
793.431
798.681
798.681
798.681
798.681
798.681
797.166
797.166
797.166
797.166
797.166
798.968
798.968
798.968
798.968
798.968
797.256
797.256
797.256
797.256
797.256
795.359
795.359
795.359
795.359
795.359
798.998
798.998
798.998
798.998
798.998
797.173
797.173
797.173
797.173
797.173
796.889
796.889
796.889
796.889
796.889
795.281
795.281
795.281
795.281
795.281
797.978
797.978
797.978
797.978
797.978
797.401
797.401
797.401
797.401
797.401
796.491
796.491
796.491
796.491
796.491
798.124
798.124
798.124
798.124
798.124
797.927
797.927
797.927
797.927
797.927
798.498
798.498
798.498
798.498
798.498
797.642
797.642
797.642
797.642
797.642
796.458
796.458
796.458
796.458
796.458
795.002
795.002
795.002
795.002
795.002
797.718
797.718
797.718
797.718
797.718
798.039
798.039
798.039
798.039
798.039
797.586
797.586
797.586
797.586
797.586
797.113
797.113
797.113
797.113
797.113
796.481
796.481
796.481
796.481
796.481
798.873
798.873
798.873
798.873
798.873
797.913
797.913
797.913
797.913
797.913
797.149
797.149
797.149
797.149
797.149
796.865
796.865
796.865
796.865
796.865
798.75
798.75
798.75
798.75
798.75
797.728
797.728
797.728
797.728
797.728
796.183
796.183
796.183
796.183
796.183
798.875
798.875
798.875
798.875
798.875
797.856
797.856
797.856
797.856
797.856
798.451
798.451
798.451
798.451
798.451
797.906
797.906
797.906
797.906
797.906
796.456
796.456
796.456
796.456
796.456
796.997
796.997
796.997
796.997
796.997
798.959
798.959
798.959
798.959
798.959
798.256
798.256
798.256
798.256
798.256
798.998
798.998
798.998
798.998
798.998
798.469
798.469
798.469
798.469
798.469
797.93
797.93
797.93
797.93
797.93
795.611
795.611
795.611
795.611
795.611
798.711
798.711
798.711
798.711
798.711
798.052
798.052
798.052
798.052
798.052
798.48
798.48
798.48
798.48
798.48
796.904
796.904
796.904
796.904
796.904
797.086
797.086
797.086
797.086
797.086
798.367
798.367
798.367
798.367
798.367
797.59
797.59
797.59
797.59
797.59
796.809
796.809
796.809
796.809
796.809
797.103
797.103
797.103
797.103
797.103
798.305
798.305
798.305
798.305
798.305
798.114
798.114
798.114
798.114
798.114
797.699
797.699
797.699
797.699
797.699
797.615
797.615
797.615
797.615
797.615
797.053
797.053
797.053
797.053
797.053
796.54
796.54
796.54
796.54
796.54
798.124
798.124
798.124
798.124
798.124
796.81
796.81
796.81
796.81
796.81
795.389
795.389
795.389
795.389
795.389
798.076
798.076
798.076
798.076
798.076
797.328
797.328
797.328
797.328
797.328
797.275
797.275
797.275
797.275
797.275
798.852
798.852
798.852
798.852
798.852
798.203
798.203
798.203
798.203
798.203
798.017
798.017
798.017
798.017
798.017
798.239
798.239
798.239
798.239
798.239
798.098
798.098
798.098
798.098
798.098
797.868
797.868
797.868
797.868
797.868
798.164
798.164
798.164
798.164
798.164
796.607
796.607
796.607
796.607
796.607
796.896
796.896
796.896
796.896
796.896
797.74
797.74
797.74
797.74
797.74
796.434
796.434
796.434
796.434
796.434
798.406
798.406
798.406
798.406
798.406
797.579
797.579
797.579
797.579
797.579
797.187
797.187
797.187
797.187
797.187
797.095
797.095
797.095
797.095
797.095
798.844
798.844
798.844
798.844
798.844
798.693
798.693
798.693
798.693
798.693
798.473
798.473
798.473
798.473
798.473
798.604
798.604
798.604
798.604
798.604
796.337
796.337
796.337
796.337
796.337
795.632
795.632
795.632
795.632
795.632
798.911
798.911
798.911
798.911
798.911
798.902
798.902
798.902
798.902
798.902
797.413
797.413
797.413
797.413
797.413
798.859
798.859
798.859
798.859
798.859
797.3
797.3
797.3
797.3
797.3
798
798
798
798
798
797.924
797.924
797.924
797.924
797.924
797.945
797.945
797.945
797.945
797.945
798.968
798.968
798.968
798.968
798.968
798.193
798.193
798.193
798.193
798.193
797.422
797.422
797.422
797.422
797.422
796.654
796.654
796.654
796.654
796.654
798.687
798.687
798.687
798.687
798.687
798.169
798.169
798.169
798.169
798.169
797.47
797.47
797.47
797.47
797.47
798.954
798.954
798.954
798.954
798.954
798.357
798.357
798.357
798.357
798.357
798.986
798.986
798.986
798.986
798.986
798.532
798.532
798.532
798.532
798.532
798.167
798.167
798.167
798.167
798.167
798.052
798.052
798.052
798.052
798.052
798.734
798.734
798.734
798.734
798.734
798.435
798.435
798.435
798.435
798.435
797.934
797.934
797.934
797.934
797.934
798.375
798.375
798.375
798.375
798.375
797.842
797.842
797.842
797.842
797.842
797.96
797.96
797.96
797.96
797.96
797.284
797.284
797.284
797.284
797.284
797.629
797.629
797.629
797.629
797.629
797.221
797.221
797.221
797.221
797.221
798.843
798.843
798.843
798.843
798.843
798.255
798.255
798.255
798.255
798.255
798.367
798.367
798.367
798.367
798.367
798.674
798.674
798.674
798.674
798.674
798.641
798.641
798.641
798.641
798.641
797.49
797.49
797.49
797.49
797.49
798.466
798.466
798.466
798.466
798.466
798.959
798.959
798.959
798.959
798.959
798.126
798.126
798.126
798.126
798.126
798.996
798.996
798.996
798.996
798.996
798.408
798.408
798.408
798.408
798.408
798.499
798.499
798.499
798.499
798.499
798.308
798.308
798.308
798.308
798.308
798.419
798.419
798.419
798.419
798.419
797.771
797.771
797.771
797.771
797.771
798.999
798.999
798.999
798.999
798.999
798.36
798.36
798.36
798.36
798.36
797.258
797.258
797.258
797.258
797.258
798.117
798.117
798.117
798.117
798.117
797.695
797.695
797.695
797.695
797.695
797.748
797.748
797.748
797.748
797.748
798.969
798.969
798.969
798.969
798.969
798.81
798.81
798.81
798.81
798.81
798.674
798.674
798.674
798.674
798.674
798.928
798.928
798.928
798.928
798.928
798.303
798.303
798.303
798.303
798.303
798.23
798.23
798.23
798.23
798.23
797.973
797.973
797.973
797.973
797.973
797.752
797.752
797.752
797.752
797.752
796.489
796.489
796.489
796.489
796.489
798.749
798.749
798.749
798.749
798.749
798.176
798.176
798.176
798.176
798.176
798.5
798.5
798.5
798.5
798.5
798.372
798.372
798.372
798.372
798.372
798.203
798.203
798.203
798.203
798.203
799
799
799
799
799
798.521
798.521
798.521
798.521
798.521
798.746
798.746
798.746
798.746
798.746
799
799
799
799
799
798.498
798.498
798.498
798.498
798.498
798.011
798.011
798.011
798.011
798.011
798.968
798.968
798.968
798.968
798.968
798.867
798.867
798.867
798.867
798.867
798.832
798.832
798.832
798.832
798.832
798.865
798.865
798.865
798.865
798.865
797.946
797.946
797.946
797.946
797.946
798.414
798.414
798.414
798.414
798.414
798.998
798.998
798.998
798.998
798.998
798.99
798.99
798.99
798.99
798.99
798.933
798.933
798.933
798.933
798.933
798.654
798.654
798.654
798.654
798.654
798.418
798.418
798.418
798.418
798.418
798.951
798.951
798.951
798.951
798.951
798.983
798.983
798.983
798.983
798.983
798.233
798.233
798.233
798.233
798.233
798.228
798.228
798.228
798.228
798.228
797.147
797.147
797.147
797.147
797.147
798.937
798.937
798.937
798.937
798.937
798.25
798.25
798.25
798.25
798.25
797.985
797.985
797.985
797.985
797.985
799
799
799
799
799
798.937
798.937
798.937
798.937
798.937
798.992
798.992
798.992
798.992
798.992
798.984
798.984
798.984
798.984
798.984
798.147
798.147
798.147
798.147
798.147
798.095
798.095
798.095
798.095
798.095
799
799
799
799
799
797.999
797.999
797.999
797.999
797.999
798.732
798.732
798.732
798.732
798.732
796.947
796.947
796.947
796.947
796.947
797.939
797.939
797.939
797.939
797.939
798.128
798.128
798.128
798.128
798.128
798.999
798.999
798.999
798.999
798.999
798.113
798.113
798.113
798.113
798.113
798.982
798.982
798.982
798.982
798.982
798.984
798.984
798.984
798.984
798.984
798.728
798.728
798.728
798.728
798.728
798.391
798.391
798.391
798.391
798.391
799
799
799
799
799
798.678
798.678
798.678
798.678
798.678
797.296
797.296
797.296
797.296
797.296
798.75
798.75
798.75
798.75
798.75
797.687
797.687
797.687
797.687
797.687
798.249
798.249
798.249
798.249
798.249
798.716
798.716
798.716
798.716
798.716
798.456
798.456
798.456
798.456
798.456
797.933
797.933
797.933
797.933
797.933
796.738
796.738
796.738
796.738
796.738
796.356
796.356
796.356
796.356
796.356
798.354
798.354
798.354
798.354
798.354
799
799
799
799
799
798.542
798.542
798.542
798.542
798.542
798.965
798.965
798.965
798.965
798.965
798.418
798.418
798.418
798.418
798.418
797.474
797.474
797.474
797.474
797.474
798.404
798.404
798.404
798.404
798.404
798.052
798.052
798.052
798.052
798.052
797.347
797.347
797.347
797.347
797.347
798.969
798.969
798.969
798.969
798.969
798.702
798.702
798.702
798.702
798.702
798.405
798.405
798.405
798.405
798.405
798.734
798.734
798.734
798.734
798.734
798.652
798.652
798.652
798.652
798.652
798.274
798.274
798.274
798.274
798.274
798.976
798.976
798.976
798.976
798.976
798.464
798.464
798.464
798.464
798.464
798.302
798.302
798.302
798.302
798.302
799
799
799
799
799
798.913
798.913
798.913
798.913
798.913
798.364
798.364
798.364
798.364
798.364
798.106
798.106
798.106
798.106
798.106
798.499
798.499
798.499
798.499
798.499
798.491
798.491
798.491
798.491
798.491
798.825
798.825
798.825
798.825
798.825
798.875
798.875
798.875
798.875
798.875
797.374
797.374
797.374
797.374
797.374
798.171
798.171
798.171
798.171
798.171
798.124
798.124
798.124
798.124
798.124
797.763
797.763
797.763
797.763
797.763
797.753
797.753
797.753
797.753
797.753
799
799
799
799
799
798.5
798.5
798.5
798.5
798.5
797.175
797.175
797.175
797.175
797.175
799
799
799
799
799
798.875
798.875
798.875
798.875
798.875
798.897
798.897
798.897
798.897
798.897
798.995
798.995
798.995
798.995
798.995
798.482
798.482
798.482
798.482
798.482
799
799
799
799
799
798.933
798.933
798.933
798.933
798.933
798.166
798.166
798.166
798.166
798.166
797.939
797.939
797.939
797.939
797.939
798.867
798.867
798.867
798.867
798.867
798.426
798.426
798.426
798.426
798.426
798.969
798.969
798.969
798.969
798.969
798.24
798.24
798.24
798.24
798.24
798.197
798.197
798.197
798.197
798.197
798.038
798.038
798.038
798.038
798.038
798.984
798.984
798.984
798.984
798.984
798.951
798.951
798.951
798.951
798.951
798.2
798.2
798.2
798.2
798.2
798.996
798.996
798.996
798.996
798.996
798.932
798.932
798.932
798.932
798.932
797.331
797.331
797.331
797.331
797.331
799
799
799
799
799
798.988
798.988
798.988
798.988
798.988
798.983
798.983
798.983
798.983
798.983
798.326
798.326
798.326
798.326
798.326
798.253
798.253
798.253
798.253
798.253
797.907
797.907
797.907
797.907
797.907
798.967
798.967
798.967
798.967
798.967
798.389
798.389
798.389
798.389
798.389
798.996
798.996
798.996
798.996
798.996
798.979
798.979
798.979
798.979
798.979
798.307
798.307
798.307
798.307
798.307
799
799
799
799
799
798.494
798.494
798.494
798.494
798.494
798.382
798.382
798.382
798.382
798.382
798.602
798.602
798.602
798.602
798.602
799
799
799
799
799
798.883
798.883
798.883
798.883
798.883
798.135
798.135
798.135
798.135
798.135
798.494
798.494
798.494
798.494
798.494
797.972
797.972
797.972
797.972
797.972
798.454
798.454
798.454
798.454
798.454
798.999
798.999
798.999
798.999
798.999
798.249
798.249
798.249
798.249
798.249
799
799
799
799
799
798.622
798.622
798.622
798.622
798.622
797.522
797.522
797.522
797.522
797.522
798.672
798.672
798.672
798.672
798.672
797.988
797.988
797.988
797.988
797.988
797.885
797.885
797.885
797.885
797.885
798.995
798.995
798.995
798.995
798.995
798.463
798.463
798.463
798.463
798.463
797.345
797.345
797.345
797.345
797.345
799
799
799
799
799
798.992
798.992
798.992
798.992
798.992
798.459
798.459
798.459
798.459
798.459
798.291
798.291
798.291
798.291
798.291
798.992
798.992
798.992
798.992
798.992
798.489
798.489
798.489
798.489
798.489
798.915
798.915
798.915
798.915
798.915
799
799
799
799
799
798.741
798.741
798.741
798.741
798.741
798.657
798.657
798.657
798.657
798.657
798.968
798.968
798.968
798.968
798.968
798.862
798.862
798.862
798.862
798.862
798.5
798.5
798.5
798.5
798.5
798.965
798.965
798.965
798.965
798.965
797.978
797.978
797.978
797.978
797.978
798.235
798.235
798.235
798.235
798.235
799
799
799
799
799
798.997
798.997
798.997
798.997
798.997
799
799
799
799
799
798.64
798.64
798.64
798.64
798.64
798.696
798.696
798.696
798.696
798.696
798.669
798.669
798.669
798.669
798.669
798.998
798.998
798.998
798.998
798.998
798.854
798.854
798.854
798.854
798.854
799
799
799
799
799
797.998
797.998
797.998
797.998
797.998
797.643
797.643
797.643
797.643
797.643
798.718
798.718
798.718
798.718
798.718
798.148
798.148
798.148
798.148
798.148
797.575
797.575
797.575
797.575
797.575
798.961
798.961
798.961
798.961
798.961
798.921
798.921
798.921
798.921
798.921
798.135
798.135
798.135
798.135
798.135
797.61
797.61
797.61
797.61
797.61
799
799
799
799
799
798.906
798.906
798.906
798.906
798.906
799
799
799
799
799
798.902
798.902
798.902
798.902
798.902
798.589
798.589
798.589
798.589
798.589
798.75
798.75
798.75
798.75
798.75
798.622
798.622
798.622
798.622
798.622
798.561
798.561
798.561
798.561
798.561
799
799
799
799
799
799
799
799
799
799
798.365
798.365
798.365
798.365
798.365
799
799
799
799
799
798.991
798.991
798.991
798.991
798.991
798.849
798.849
798.849
798.849
798.849
799
799
799
799
799
798.996
798.996
798.996
798.996
798.996
798.21
798.21
798.21
798.21
798.21
797.332
797.332
797.332
797.332
797.332
798.797
798.797
798.797
798.797
798.797
797.93
797.93
797.93
797.93
797.93
799
799
799
799
799
798.687
798.687
798.687
798.687
798.687
798.458
798.458
798.458
798.458
798.458
799
799
799
799
799
798.238
798.238
798.238
798.238
798.238
797.919
797.919
797.919
797.919
797.919
798.968
798.968
798.968
798.968
798.968
798.203
798.203
798.203
798.203
798.203
798.113
798.113
798.113
798.113
798.113
798.11
798.11
798.11
798.11
798.11
799
799
799
799
799
798.873
798.873
798.873
798.873
798.873
798.969
798.969
798.969
798.969
798.969
798.734
798.734
798.734
798.734
798.734
798.008
798.008
798.008
798.008
798.008
797.388
797.388
797.388
797.388
797.388
799
799
799
799
799
798.246
798.246
798.246
798.246
798.246
799
799
799
799
799
798.615
798.615
798.615
798.615
798.615
798.297
798.297
798.297
798.297
798.297
797.476
797.476
797.476
797.476
797.476
799
799
799
799
799
798.687
798.687
798.687
798.687
798.687
799
799
799
799
799
798.609
798.609
798.609
798.609
798.609
798.648
798.648
798.648
798.648
798.648
799
799
799
799
799
798.992
798.992
798.992
798.992
798.992
798.497
798.497
798.497
798.497
798.497
798.305
798.305
798.305
798.305
798.305
798.858
798.858
798.858
798.858
798.858
798.957
798.957
798.957
798.957
798.957
799
799
799
799
799
798.492
798.492
798.492
798.492
798.492
797.696
797.696
797.696
797.696
797.696
797.331
797.331
797.331
797.331
797.331
798.937
798.937
798.937
798.937
798.937
798.293
798.293
798.293
798.293
798.293
797.752
797.752
797.752
797.752
797.752
798.746
798.746
798.746
798.746
798.746
797.986
797.986
797.986
797.986
797.986
799
799
799
799
799
799
799
799
799
799
798.678
798.678
798.678
798.678
798.678
798.702
798.702
798.702
798.702
798.702
799
799
799
799
799
798.77
798.77
798.77
798.77
798.77
798.75
798.75
798.75
798.75
798.75
798.742
798.742
798.742
798.742
798.742
798.827
798.827
798.827
798.827
798.827
798.875
798.875
798.875
798.875
798.875
798.426
798.426
798.426
798.426
798.426
798.425
798.425
798.425
798.425
798.425
798.998
798.998
798.998
798.998
798.998
798.435
798.435
798.435
798.435
798.435
798.269
798.269
798.269
798.269
798.269
799
799
799
799
799
798.906
798.906
798.906
798.906
798.906
797.995
797.995
797.995
797.995
797.995
797.989
797.989
797.989
797.989
797.989
798.969
798.969
798.969
798.969
798.969
798.687
798.687
798.687
798.687
798.687
798.195
798.195
798.195
798.195
798.195
798.951
798.951
798.951
798.951
798.951
798.972
798.972
798.972
798.972
798.972
798.57
798.57
798.57
798.57
798.57
799
799
799
799
799
798.982
798.982
798.982
798.982
798.982
798.857
798.857
798.857
798.857
798.857
798.5
798.5
798.5
798.5
798.5
798.492
798.492
798.492
798.492
798.492
798.984
798.984
798.984
798.984
798.984
798.956
798.956
798.956
798.956
798.956
798.36
798.36
798.36
798.36
798.36
798.175
798.175
798.175
798.175
798.175
798.875
798.875
798.875
798.875
798.875
798.926
798.926
798.926
798.926
798.926
798.928
798.928
798.928
798.928
798.928
798.969
798.969
798.969
798.969
798.969
798.867
798.867
798.867
798.867
798.867
798.756
798.756
798.756
798.756
798.756
798.938
798.938
798.938
798.938
798.938
798.968
798.968
798.968
798.968
798.968
798.136
798.136
798.136
798.136
798.136
799
799
799
799
799
798.811
798.811
798.811
798.811
798.811
798.992
798.992
798.992
798.992
798.992
798.617
798.617
798.617
798.617
798.617
798.468
798.468
798.468
798.468
798.468
797.851
797.851
797.851
797.851
797.851
799
799
799
799
799
798.984
798.984
798.984
798.984
798.984
798.999
798.999
798.999
798.999
798.999
798.994
798.994
798.994
798.994
798.994
798.947
798.947
798.947
798.947
798.947
798.369
798.369
798.369
798.369
798.369
799
799
799
799
799
798.996
798.996
798.996
798.996
798.996
798.75
798.75
798.75
798.75
798.75
798.686
798.686
798.686
798.686
798.686
798.295
798.295
798.295
798.295
798.295
799
799
799
799
799
798.5
798.5
798.5
798.5
798.5
798.989
798.989
798.989
798.989
798.989
799
799
799
799
799
798.498
798.498
798.498
798.498
798.498
798.249
798.249
798.249
798.249
798.249
799
799
799
799
799
798.999
798.999
798.999
798.999
798.999
798.847
798.847
798.847
798.847
798.847
798.702
798.702
798.702
798.702
798.702
798.996
798.996
798.996
798.996
798.996
798.492
798.492
798.492
798.492
798.492
798.358
798.358
798.358
798.358
798.358
798.984
798.984
798.984
798.984
798.984
797.977
797.977
797.977
797.977
797.977
797.733
797.733
797.733
797.733
797.733
798.996
798.996
798.996
798.996
798.996
798.992
798.992
798.992
798.992
798.992
798.683
798.683
798.683
798.683
798.683
799
799
799
799
799
798.5
798.5
798.5
798.5
798.5
799
799
799
799
799
798.969
798.969
798.969
798.969
798.969
798.996
798.996
798.996
798.996
798.996
798.337
798.337
798.337
798.337
798.337
798.5
798.5
798.5
798.5
798.5
798.371
798.371
798.371
798.371
798.371
799
799
799
799
799
798.371
798.371
798.371
798.371
798.371
798.112
798.112
798.112
798.112
798.112
797.601
797.601
797.601
797.601
797.601
799
799
799
799
799
799
799
799
799
799
798.811
798.811
798.811
798.811
798.811
798.992
798.992
798.992
798.992
798.992
798.49
798.49
798.49
798.49
798.49
798.972
798.972
798.972
798.972
798.972
798.867
798.867
798.867
798.867
798.867
798.805
798.805
798.805
798.805
798.805
799
799
799
799
799
798.027
798.027
798.027
798.027
798.027
797.745
797.745
797.745
797.745
797.745
797.724
797.724
797.724
797.724
797.724
798.984
798.984
798.984
798.984
798.984
798.727
798.727
798.727
798.727
798.727
798.856
798.856
798.856
798.856
798.856
798.25
798.25
798.25
798.25
798.25
798.375
798.375
798.375
798.375
798.375
798.992
798.992
798.992
798.992
798.992
798.998
798.998
798.998
798.998
798.998
798.868
798.868
798.868
798.868
798.868
798.969
798.969
798.969
798.969
798.969
798.983
798.983
798.983
798.983
798.983
798.967
798.967
798.967
798.967
798.967
799
799
799
799
799
798.562
798.562
798.562
798.562
798.562
798.514
798.514
798.514
798.514
798.514
798.711
798.711
798.711
798.711
798.711
798.75
798.75
798.75
798.75
798.75
798.715
798.715
798.715
798.715
798.715
799
799
799
799
799
799
799
799
799
799
798.806
798.806
798.806
798.806
798.806
798.455
798.455
798.455
798.455
798.455
799
799
799
799
799
799
799
799
799
799
798.203
798.203
798.203
798.203
798.203
799
799
799
799
799
797.996
797.996
797.996
797.996
797.996
797.371
797.371
797.371
797.371
797.371
798.875
798.875
798.875
798.875
798.875
798.867
798.867
798.867
798.867
798.867
799
799
799
799
799
799
799
799
799
799
798.491
798.491
798.491
798.491
798.491
798.132
798.132
798.132
798.132
798.132
798.984
798.984
798.984
798.984
798.984
798.969
798.969
798.969
798.969
798.969
798.414
798.414
798.414
798.414
798.414
798.996
798.996
798.996
798.996
798.996
798.25
798.25
798.25
798.25
798.25
798.75
798.75
798.75
798.75
798.75
798.5
798.5
798.5
798.5
798.5
798.335
798.335
798.335
798.335
798.335
799
799
799
799
799
798.967
798.967
798.967
798.967
798.967
798.931
798.931
798.931
798.931
798.931
799
799
799
799
799
798.75
798.75
798.75
798.75
798.75
798.749
798.749
798.749
798.749
798.749
798.624
798.624
798.624
798.624
798.624
799
799
799
799
799
798.652
798.652
798.652
798.652
798.652
798.648
798.648
798.648
798.648
798.648
799
799
799
799
799
798.996
798.996
798.996
798.996
798.996
798.994
798.994
798.994
798.994
798.994
799
799
799
799
799
798.992
798.992
798.992
798.992
798.992
798.996
798.996
798.996
798.996
798.996
798.969
798.969
798.969
798.969
798.969
798.466
798.466
798.466
798.466
798.466
798.875
798.875
798.875
798.875
798.875
798.75
798.75
798.75
798.75
798.75
798.797
798.797
798.797
798.797
798.797
797.976
797.976
797.976
797.976
797.976
798.969
798.969
798.969
798.969
798.969
798.781
798.781
798.781
798.781
798.781
798.797
798.797
798.797
798.797
798.797
799
799
799
799
799
798.992
798.992
798.992
798.992
798.992
798.884
798.884
798.884
798.884
798.884
799
799
799
799
799
799
799
799
799
799
798.719
798.719
798.719
798.719
798.719
798.996
798.996
798.996
798.996
798.996
798.994
798.994
798.994
798.994
798.994
798.303
798.303
798.303
798.303
798.303
799
799
799
799
799
798.708
798.708
798.708
798.708
798.708
799
799
799
799
799
798.5
798.5
798.5
798.5
798.5
797.968
797.968
797.968
797.968
797.968
798.75
798.75
798.75
798.75
798.75
798.874
798.874
798.874
798.874
798.874
798.373
798.373
798.373
798.373
798.373
796.997
796.997
796.997
796.997
796.997
798.999
798.999
798.999
798.999
798.999
798.794
798.794
798.794
798.794
798.794
799
799
799
799
799
798.937
798.937
798.937
798.937
798.937
798.982
798.982
798.982
798.982
798.982
798.482
798.482
798.482
798.482
798.482
799
799
799
799
799
798.992
798.992
798.992
798.992
798.992
798.873
798.873
798.873
798.873
798.873
798.933
798.933
798.933
798.933
798.933
798.494
798.494
798.494
798.494
798.494
798.338
798.338
798.338
798.338
798.338
799
799
799
799
799
798.375
798.375
798.375
798.375
798.375
799
799
799
799
799
799
799
799
799
799
798.991
798.991
798.991
798.991
798.991
798.914
798.914
798.914
798.914
798.914
799
799
799
799
799
798.469
798.469
798.469
798.469
798.469
799
799
799
799
799
798.741
798.741
798.741
798.741
798.741
797.866
797.866
797.866
797.866
797.866
798.484
798.484
798.484
798.484
798.484
798.403
798.403
798.403
798.403
798.403
798.738
798.738
798.738
798.738
798.738
798.42
798.42
798.42
798.42
798.42
799
799
799
799
799
798.968
798.968
798.968
798.968
798.968
798.304
798.304
798.304
798.304
798.304
798.875
798.875
798.875
798.875
798.875
798.969
798.969
798.969
798.969
798.969
798.828
798.828
798.828
798.828
798.828
799
799
799
799
799
798.989
798.989
798.989
798.989
798.989
799
799
799
799
799
798.625
798.625
798.625
798.625
798.625
798.107
798.107
798.107
798.107
798.107
799
799
799
799
799
799
799
799
799
799
799
799
799
799
799
798.962
798.962
798.962
798.962
798.962
799
799
799
799
799
798.998
798.998
798.998
798.998
798.998
799
799
799
799
799
798.937
798.937
798.937
798.937
798.937
798.743
798.743
798.743
798.743
798.743
798.938
798.938
798.938
798.938
798.938
798.98
798.98
798.98
798.98
798.98
798.861
798.861
798.861
798.861
798.861
798.332
798.332
798.332
798.332
798.332
799
799
799
799
799
798.75
798.75
798.75
798.75
798.75
799
799
799
799
799
798.498
798.498
798.498
798.498
798.498
798.498
798.498
798.498
798.498
798.498
799
799
799
799
799
799
799
799
799
799
798.217
798.217
798.217
798.217
798.217
799
799
799
799
799
799
799
799
799
799
798.906
798.906
798.906
798.906
798.906
798.811
798.811
798.811
798.811
798.811
799
799
799
799
799
799
799
799
799
799
798.999
798.999
798.999
798.999
798.999
799
799
799
799
799
798.484
798.484
798.484
798.484
798.484
799
799
799
799
799
798.75
798.75
798.75
798.75
798.75
798.602
798.602
798.602
798.602
798.602
798.937
798.937
798.937
798.937
798.937
798.433
798.433
798.433
798.433
798.433
798.117
798.117
798.117
798.117
798.117
798.304
798.304
798.304
798.304
798.304
799
799
799
799
799
798.969
798.969
798.969
798.969
798.969
798.906
798.906
798.906
798.906
798.906
799
799
799
799
799
798.858
798.858
798.858
798.858
798.858
798.586
798.586
798.586
798.586
798.586
799
799
799
799
799
798.749
798.749
798.749
798.749
798.749
798.937
798.937
798.937
798.937
798.937
798.873
798.873
798.873
798.873
798.873
798.615
798.615
798.615
798.615
798.615
798.875
798.875
798.875
798.875
798.875
798.937
798.937
798.937
798.937
798.937
798.842
798.842
798.842
798.842
798.842
798.684
798.684
798.684
798.684
798.684
799
799
799
799
799
799
799
799
799
799
799
799
799
799
799
798.488
798.488
798.488
798.488
798.488
798.874
798.874
798.874
798.874
798.874
798.984
798.984
798.984
798.984
798.984
798.977
798.977
798.977
798.977
798.977
798.987
798.987
798.987
798.987
798.987
798.392
798.392
798.392
798.392
798.392
798.996
798.996
798.996
798.996
798.996
798.372
798.372
798.372
798.372
798.372
798.486
798.486
798.486
798.486
798.486
799
799
799
799
799
798.5
798.5
798.5
798.5
798.5
798.5
798.5
798.5
798.5
798.5
798.938
798.938
798.938
798.938
798.938
798.984
798.984
798.984
798.984
798.984
798.938
798.938
798.938
798.938
798.938
798.789
798.789
798.789
798.789
798.789
798.792
798.792
798.792
798.792
798.792
799
799
799
799
799
798.623
798.623
798.623
798.623
798.623
798.571
798.571
798.571
798.571
798.571
799
799
799
799
799
798.75
798.75
798.75
798.75
798.75
798.736
798.736
798.736
798.736
798.736
798.469
798.469
798.469
798.469
798.469
798.404
798.404
798.404
798.404
798.404
798.265
798.265
798.265
798.265
798.265
798.777
798.777
798.777
798.777
798.777
799
799
799
799
799
798.5
798.5
798.5
798.5
798.5
798.75
798.75
798.75
798.75
798.75
798.75
798.75
798.75
798.75
798.75
798.75
798.75
798.75
798.75
798.75
798.172
798.172
798.172
798.172
798.172
799
799
799
799
799
799
799
799
799
799
798.961
798.961
798.961
798.961
798.961
799
799
799
799
799
798.949
798.949
798.949
798.949
798.949
798.921
798.921
798.921
798.921
798.921
799
799
799
799
799
798.967
798.967
798.967
798.967
798.967
799
799
799
799
799
799
799
799
799
799
798.99
798.99
798.99
798.99
798.99
798.513
798.513
798.513
798.513
798.513
799
799
799
799
799
798.437
798.437
798.437
798.437
798.437
799
799
799
799
799
799
799
799
799
799
799
799
799
799
799
798.99
798.99
798.99
798.99
798.99
799
799
799
799
799
798.75
798.75
798.75
798.75
798.75
798.961
798.961
798.961
798.961
798.961
798.965
798.965
798.965
798.965
798.965
798.873
798.873
798.873
798.873
798.873
799
799
799
799
799
798.945
798.945
798.945
798.945
798.945
798.976
798.976
798.976
798.976
798.976
799
799
799
799
799
799
799
799
799
799
798.749
798.749
798.749
798.749
798.749
798.85
798.85
798.85
798.85
798.85
799
799
799
799
799
799
799
799
799
799
797.596
797.596
797.596
797.596
797.596
798.992
798.992
798.992
798.992
798.992
798.96
798.96
798.96
798.96
798.96
798.793
798.793
798.793
798.793
798.793
799
799
799
799
799
799
799
799
799
799
799
799
799
799
799
799
799
799
799
799
798.5
798.5
798.5
798.5
798.5
798.497
798.497
798.497
798.497
798.497
798.998
798.998
798.998
798.998
798.998
798.978
798.978
798.978
798.978
798.978
798.957
798.957
798.957
798.957
798.957
799
799
799
799
799
799
799
799
799
799
798.975
798.975
798.975
798.975
798.975
799
799
799
799
799
799
799
799
799
799
798.992
798.992
798.992
798.992
798.992
799
799
799
799
799
799
799
799
799
799
799
799
799
799
799
798.5
798.5
798.5
798.5
798.5
798.5
798.5
798.5
798.5
798.5
798.96
798.96
798.96
798.96
798.96
798.998
798.998
798.998
798.998
798.998
798.988
798.988
798.988
798.988
798.988
799
799
799
799
799
798.968
798.968
798.968
798.968
798.968
798.93
798.93
798.93
798.93
798.93
798.31
798.31
798.31
798.31
798.31
799
799
799
799
799
799
799
799
799
799
798.998
798.998
798.998
798.998
798.998
798.998
798.998
798.998
798.998
798.998
798.996
798.996
798.996
798.996
798.996
799
799
799
799
799
798.997
798.997
798.997
798.997
798.997
798.713
798.713
798.713
798.713
798.713
798.465
798.465
798.465
798.465
798.465
799
799
799
799
799
798.5
798.5
798.5
798.5
798.5
798.062
798.062
798.062
798.062
798.062
799
799
799
799
799
798.984
798.984
798.984
798.984
798.984
798.937
798.937
798.937
798.937
798.937
799
799
799
799
799
799
799
799
799
799
798.999
798.999
798.999
798.999
798.999
799
799
799
799
799
799
799
799
799
799
798.998
798.998
798.998
798.998
798.998
798.998
798.998
798.998
798.998
798.998
798.998
798.998
798.998
798.998
798.998
798.481
798.481
798.481
798.481
798.481
799
799
799
799
799
798.969
798.969
798.969
798.969
798.969
798.968
798.968
798.968
798.968
798.968
799
799
799
799
799
798.998
798.998
798.998
798.998
798.998
798.933
798.933
798.933
798.933
798.933
798.998
798.998
798.998
798.998
798.998
798.999
798.999
798.999
798.999
798.999
799
799
799
799
799
798.75
798.75
798.75
798.75
798.75
798.25
798.25
798.25
798.25
798.25
798.992
798.992
798.992
798.992
798.992
799
799
799
799
799
798.867
798.867
798.867
798.867
798.867
798.865
798.865
798.865
798.865
798.865
799
799
799
799
799
798.5
798.5
798.5
798.5
798.5
798.234
798.234
798.234
798.234
798.234
799
799
799
799
799
799
799
799
799
799
799
799
799
799
799
799
799
799
799
799
798.992
798.992
798.992
798.992
798.992
799
799
799
799
799
799
799
799
799
799
798.467
798.467
798.467
798.467
798.467
798.497
798.497
798.497
798.497
798.497
799
799
799
799
799
798.999
798.999
798.999
798.999
798.999
799
799
799
799
799
799
799
799
799
799
798.995
798.995
798.995
798.995
798.995
798.995
798.995
798.995
798.995
798.995
799
799
799
799
799
799
799
799
799
799
798.875
798.875
798.875
798.875
798.875
798.75
798.75
798.75
798.75
798.75
798.75
798.75
798.75
798.75
798.75
798.745
798.745
798.745
798.745
798.745
799
799
799
799
799
798.969
798.969
798.969
798.969
798.969
799
799
799
799
799
798.5
798.5
798.5
798.5
798.5
798.82
798.82
798.82
798.82
798.82
799
799
799
799
799
798.999
798.999
798.999
798.999
798.999
798.991
798.991
798.991
798.991
798.991
798.495
798.495
798.495
798.495
798.495
799
799
799
799
799
798.998
798.998
798.998
798.998
798.998
799
799
799
799
799
799
799
799
799
799
799
799
799
799
799
0
