0
0
0
0
240.563
240.563
240.563
240.563
240.563
422.695
422.695
422.695
422.695
422.695
625.742
625.742
625.742
625.742
625.742
362.813
362.813
362.813
362.813
362.813
575.75
575.75
575.75
575.75
575.75
455.094
455.094
455.094
455.094
455.094
532.039
532.039
532.039
532.039
532.039
432.352
432.352
432.352
432.352
432.352
687.027
687.027
687.027
687.027
687.027
610.771
610.771
610.771
610.771
610.771
568.813
568.813
568.813
568.813
568.813
421.092
421.092
421.092
421.092
421.092
409.375
409.375
409.375
409.375
409.375
670.719
670.719
670.719
670.719
670.719
491.82
491.82
491.82
491.82
491.82
415.162
415.162
415.162
415.162
415.162
685.5
685.5
685.5
685.5
685.5
435.5
435.5
435.5
435.5
435.5
476.833
476.833
476.833
476.833
476.833
387.637
387.637
387.637
387.637
387.637
539.719
539.719
539.719
539.719
539.719
628
628
628
628
628
345.731
345.731
345.731
345.731
345.731
384
384
384
384
384
637
637
637
637
637
488.027
488.027
488.027
488.027
488.027
498.404
498.404
498.404
498.404
498.404
437.245
437.245
437.245
437.245
437.245
554.688
554.688
554.688
554.688
554.688
518.986
518.986
518.986
518.986
518.986
652.688
652.688
652.688
652.688
652.688
369.752
369.752
369.752
369.752
369.752
438.027
438.027
438.027
438.027
438.027
570.161
570.161
570.161
570.161
570.161
485.375
485.375
485.375
485.375
485.375
475.016
475.016
475.016
475.016
475.016
565.824
565.824
565.824
565.824
565.824
583.266
583.266
583.266
583.266
583.266
484.188
484.188
484.188
484.188
484.188
529.398
529.398
529.398
529.398
529.398
460.28
460.28
460.28
460.28
460.28
533.563
533.563
533.563
533.563
533.563
662.789
662.789
662.789
662.789
662.789
471.5
471.5
471.5
471.5
471.5
528.306
528.112
528.112
528.112
528.112
675.156
675.156
675.156
675.156
675.156
583.106
583.106
583.106
583.106
583.106
568.109
568.109
568.109
568.109
568.109
594.195
594.195
594.195
594.195
594.195
254
254
254
254
254
405.219
405.219
405.219
405.219
405.219
742.494
742.494
742.494
742.494
742.494
444.707
444.707
444.707
444.707
444.707
596.283
596.283
596.283
596.283
596.283
634.625
634.625
634.625
634.625
634.625
423.884
423.884
423.884
423.884
423.884
690.344
690.344
690.344
690.344
690.344
506.455
506.455
506.455
506.455
506.455
485.992
485.992
485.992
485.992
485.992
544.375
544.375
544.375
544.375
544.375
625.686
625.686
625.686
625.686
625.686
158.5
158.5
158.5
158.5
158.5
270.718
270.718
270.718
270.718
270.718
387.73
387.73
387.73
387.73
387.73
198
198
198
198
198
494.619
494.619
494.619
494.619
494.619
176.568
176.568
176.568
176.568
176.568
464.915
523.079
523.079
523.079
523.079
657.078
657.078
657.078
657.078
657.078
402.881
402.881
402.881
402.881
402.881
618.381
618.381
618.381
618.381
618.381
414.684
414.684
414.684
414.684
414.684
420.094
420.094
420.094
420.094
420.094
594.813
594.813
594.813
594.813
594.813
510.018
510.018
510.018
510.018
510.018
361.531
361.531
361.531
361.531
361.531
451
451
451
451
451
531.313
531.313
531.313
531.313
531.313
661.862
661.862
661.862
661.862
661.862
328.25
328.25
328.25
328.25
328.25
766.25
766.25
766.25
766.25
766.25
304.671
304.671
304.671
304.671
304.671
493.366
493.366
493.366
493.366
493.366
403.078
403.074
403.074
403.074
403.074
300.063
300.063
300.063
300.063
300.063
350.258
350.258
350.258
350.258
350.258
224.43
224.43
224.43
224.43
224.43
385.313
385.313
385.313
385.313
385.313
602.805
602.805
602.805
602.805
602.805
389.07
389.07
389.07
389.07
389.07
577.125
577.125
577.125
577.125
577.125
734.6
734.6
734.6
734.6
734.6
489.063
489.063
489.063
489.063
489.063
365.781
365.781
365.781
365.781
365.781
493.281
493.281
493.281
493.281
493.281
616.893
616.893
616.893
616.893
616.893
526.595
526.595
526.595
526.595
526.595
473.5
473.5
473.5
473.5
473.5
305.313
305.313
305.313
305.313
305.313
299.886
299.886
299.886
299.886
299.886
697.219
697.219
697.219
697.219
697.219
616
616
616
616
616
539.906
539.906
539.906
539.906
539.906
524.563
524.563
524.563
524.563
524.563
643.375
643.375
643.375
643.375
643.375
727.828
727.828
727.828
727.828
727.828
472.941
472.941
472.941
472.941
472.941
234.936
234.936
234.936
234.936
234.936
307.475
307.475
307.475
307.475
307.475
388.188
388.188
388.188
388.188
388.188
550.48
550.48
550.48
550.48
550.48
305.723
305.723
305.723
305.723
305.723
390.898
390.898
390.898
390.898
390.898
506.398
506.398
506.398
506.398
506.398
510.578
510.578
510.578
510.578
510.578
607.52
607.52
607.52
607.52
607.52
669
669
669
669
669
366.086
366.086
366.086
366.086
366.086
608.639
608.639
608.639
608.639
608.639
503.5
503.5
503.5
503.5
503.5
453.441
453.441
453.441
453.441
453.441
621.25
621.25
621.25
621.25
621.25
508.848
508.848
508.848
508.848
508.848
624.791
624.791
624.791
624.791
624.791
457.875
457.875
457.875
457.875
457.875
509.824
509.824
509.824
509.824
509.824
229.072
229.072
229.072
229.072
229.072
370.719
370.719
370.719
370.719
370.719
375.172
375.172
375.172
375.172
375.172
639.188
639.188
639.188
639.188
639.188
599.406
599.406
599.406
599.406
599.406
531.129
531.129
531.129
531.129
531.129
516.738
516.738
516.738
516.738
516.738
452.5
452.5
452.5
452.5
452.5
540.188
540.188
540.188
540.188
540.188
327.599
327.599
327.599
327.599
327.599
686.574
686.574
686.574
686.574
686.574
529.575
529.575
529.575
529.575
529.575
267.625
267.625
267.625
267.625
267.625
564.313
564.313
564.313
564.313
564.313
675.815
675.815
675.815
675.815
675.815
422.5
422.5
422.5
422.5
422.5
547.52
547.52
547.52
547.52
547.52
692
692
692
692
692
702.855
702.855
702.855
702.855
702.855
409.266
409.266
409.266
409.266
409.266
270.719
270.719
270.719
270.719
270.719
485.887
485.887
485.887
485.887
485.887
462.719
462.719
462.719
462.719
462.719
453.742
453.742
453.742
453.742
453.742
350.75
350.75
350.75
350.75
350.75
532.824
532.824
532.824
532.824
532.824
452.875
452.875
452.875
452.875
452.875
426.813
426.813
426.813
426.813
426.813
634.84
634.84
634.84
634.84
634.84
457.5
457.5
457.5
457.5
457.5
631.374
631.374
631.374
631.374
631.374
314.123
314.123
314.123
314.123
314.123
641.378
641.378
641.378
641.378
641.378
406.5
406.5
406.5
406.5
406.5
212.641
212.641
212.641
212.641
212.641
213
213
213
213
213
348.027
348.027
348.027
348.027
348.027
450.353
450.353
450.353
450.353
450.353
639.25
639.25
639.25
639.25
639.25
655.375
655.375
655.375
655.375
655.375
392.359
392.359
392.359
392.359
392.359
655.335
655.335
655.335
655.335
655.335
637.156
637.156
637.156
637.156
637.156
499.313
499.313
499.313
499.313
499.313
432.991
432.991
432.991
432.991
432.991
548.375
548.375
548.375
548.375
548.375
617.863
617.863
617.863
617.863
617.863
547.805
547.805
547.805
547.805
547.805
619.945
619.945
619.945
619.945
619.945
423.532
423.532
423.532
423.532
423.532
575.313
575.313
575.313
575.313
575.313
658.131
658.131
658.131
658.131
658.131
528.316
528.316
528.316
528.316
528.316
318.336
318.336
318.336
318.336
318.336
666.129
666.129
666.129
666.129
666.129
512.069
512.069
512.069
512.069
512.069
499.328
499.328
499.328
499.328
499.328
593.781
593.781
593.781
593.781
593.781
623.21
623.21
623.21
623.21
623.21
615.625
615.625
615.625
615.625
615.625
415.039
415.039
414.641
414.641
414.641
619.75
619.75
619.75
619.75
619.75
519.313
519.313
519.313
519.313
519.313
555.57
555.57
555.57
555.57
555.57
722.998
722.998
722.998
722.998
722.998
592.875
592.875
592.875
592.875
592.875
335.359
335.359
335.359
335.359
335.359
633
633
633
633
633
397.813
397.813
397.813
397.813
397.813
220.176
220.176
220.176
220.176
220.176
591.5
591.5
591.5
591.5
591.5
559
559
559
559
559
339.313
339.313
339.313
339.313
339.313
548.788
548.788
548.788
548.788
548.788
543
543
543
543
543
538.125
538.125
538.125
538.125
538.125
551.023
551.023
551.023
551.023
551.023
661.103
661.103
661.103
661.103
661.103
645.063
645.063
645.063
645.063
645.063
207.711
207.711
207.711
207.711
207.711
553.875
553.875
553.875
553.875
553.875
605.703
605.703
605.703
605.703
605.703
562.609
562.609
562.609
562.609
562.609
654.039
654.039
654.039
654.039
654.039
187.996
187.996
187.996
187.996
187.996
451.743
451.743
451.743
451.743
451.743
566.5
566.5
566.5
566.5
605.75
704
704
704
704
704
702.063
702.063
702.063
702.063
702.063
466.547
466.547
466.547
466.547
466.547
485.75
485.75
485.75
485.75
485.75
503.531
503.531
503.531
503.531
503.531
591.656
591.656
591.656
591.656
591.656
530.298
530.298
530.298
530.298
530.298
722.109
722.109
722.109
722.109
722.109
610.414
610.414
610.414
610.414
610.414
484.533
484.533
484.533
484.533
484.533
381.516
381.516
381.516
381.516
381.516
421.07
421.07
421.07
421.07
421.07
463.575
463.575
463.575
463.575
463.575
429.176
429.176
429.176
429.176
429.176
585.238
585.238
585.238
585.238
585.238
547.832
547.832
547.832
547.832
547.832
308.016
308.016
308.016
308.016
308.016
575.875
575.875
575.875
575.875
575.875
567.375
567.375
567.375
567.375
567.375
657.32
657.32
657.32
657.32
657.32
649.427
649.427
649.427
649.427
649.427
599.188
599.188
599.188
599.188
599.188
717.938
717.938
717.938
717.938
717.938
612.301
612.301
612.301
612.301
612.301
565.82
565.82
565.82
565.82
565.82
426.75
426.75
426.75
426.75
426.75
385.125
385.125
385.125
385.125
385.125
365.992
365.992
365.992
365.992
365.992
700.438
700.438
700.438
700.438
700.438
461.305
461.305
461.305
461.305
461.305
585.016
585.016
585.016
585.016
585.016
632.154
632.154
632.154
632.154
632.154
589.908
589.908
589.908
589.908
589.908
595.973
595.973
595.973
595.973
595.973
712
712
712
712
712
668.859
668.859
668.859
668.859
668.859
610.742
610.742
610.742
610.742
610.742
603.029
603.029
603.029
603.029
603.029
482.102
482.102
482.102
482.102
482.102
316
316
316
316
316
414.492
414.492
414.492
414.492
414.492
303.844
303.844
303.844
303.844
303.844
619.229
619.229
619.229
619.229
619.229
425.973
425.973
425.973
425.973
425.973
506.079
506.079
506.079
506.079
506.079
485.25
485.25
485.25
485.25
485.25
547.062
547.062
547.062
547.062
547.062
566.5
566.5
566.5
566.5
566.5
682.409
682.409
682.409
682.409
682.409
490.144
490.144
490.144
490.144
490.144
620.736
620.736
620.736
620.736
620.736
519.938
519.938
519.938
519.938
519.938
429.125
429.125
429.125
429.125
429.125
619.125
619.125
619.125
619.125
619.125
545.875
545.875
545.875
545.875
545.875
446.849
446.849
446.849
446.849
446.849
590.523
590.523
590.523
590.523
590.523
564.35
564.35
564.35
564.35
564.35
504.219
504.219
504.219
504.219
504.219
450.125
450.125
450.125
450.125
450.125
461.422
461.422
461.422
461.422
461.422
286.227
286.227
286.227
286.227
286.227
708.113
708.113
708.113
708.113
708.113
651.438
651.438
651.438
651.438
651.438
520.688
520.688
520.688
520.688
520.688
474.906
474.906
474.906
474.906
474.906
330.547
330.547
330.547
330.547
330.547
528.781
528.781
528.781
528.781
528.781
243.937
243.937
243.937
243.937
243.937
590.908
590.908
590.908
590.908
590.908
484.125
484.125
484.125
484.125
484.125
491.023
491.023
491.023
491.023
491.023
614.906
614.906
614.906
614.906
614.906
704.969
704.969
704.969
704.969
704.969
501.508
501.508
501.508
501.508
501.508
420.194
420.194
420.194
420.194
420.194
530.75
530.75
530.75
530.75
530.75
275.875
275.875
275.875
275.875
275.875
638.697
638.697
638.697
638.697
638.697
231.311
231.311
231.311
231.311
231.311
590.5
590.5
590.5
590.5
590.5
310.5
310.5
310.5
310.5
310.5
459.176
459.176
459.176
459.176
459.176
668.845
668.845
668.845
668.845
668.845
395.132
395.132
395.132
395.132
395.132
617.214
617.214
617.214
617.214
617.214
629.925
629.925
629.925
629.925
629.925
412.25
412.25
412.25
412.25
412.25
633.524
633.524
633.524
633.524
633.524
587.617
587.617
587.617
587.617
587.617
533.309
533.309
533.309
533.309
533.309
497.25
497.25
497.25
497.25
497.25
522.094
522.094
522.094
522.094
522.094
414.394
414.394
414.394
414.394
414.394
505.938
505.938
505.938
505.938
505.938
463.375
463.375
463.375
463.375
463.375
615.402
615.402
615.402
615.402
615.402
671.014
671.014
671.014
671.014
671.014
596.228
596.228
596.228
596.228
596.228
667.469
667.469
667.469
667.469
667.469
710.188
710.188
710.188
710.188
710.188
601.25
601.25
601.25
601.25
601.25
644.523
644.523
644.523
644.523
644.523
309.059
309.059
309.059
309.059
309.059
681.035
681.035
681.035
681.035
681.035
571.563
571.563
571.563
571.563
571.563
413.33
413.33
413.33
413.33
413.33
567.782
567.782
567.782
567.782
567.782
582.785
582.785
582.785
582.785
582.785
584.048
584.048
584.048
584.048
584.048
209.041
209.041
209.041
209.041
209.041
646.767
646.767
646.767
646.767
646.767
456.133
456.133
456.133
456.133
456.133
714.719
714.719
714.719
714.719
714.719
684.313
684.313
684.313
684.313
684.313
580.375
580.375
580.375
580.375
580.375
518.18
518.18
518.18
518.18
518.18
379.031
379.031
379.031
379.031
379.031
358.332
358.332
358.332
358.332
358.332
497.936
497.936
497.936
497.936
497.936
606.191
606.191
606.191
606.191
606.191
521.125
521.125
521.125
521.125
521.125
604.25
604.25
604.25
604.25
604.25
702.375
702.375
702.375
702.375
702.375
284.322
284.322
284.322
284.322
284.322
590.111
590.111
590.111
590.111
590.111
573.867
573.867
573.867
573.867
573.867
520.625
520.625
520.625
520.625
520.625
309.508
309.508
309.508
309.508
309.508
413.137
413.137
413.137
413.137
413.137
418.063
418.063
418.063
418.063
418.063
591.25
591.25
591.25
591.25
591.25
487.5
487.5
487.5
487.5
487.5
406.359
406.359
406.359
406.359
406.359
492.859
492.859
492.859
492.859
492.859
394.5
394.5
394.5
394.5
394.5
711.344
711.344
711.344
711.344
711.344
454.665
454.665
454.665
454.665
454.665
475
475
475
475
475
479
479
479
479
479
619.813
619.813
619.813
619.813
619.813
672.956
672.956
672.956
672.956
672.956
481.557
481.557
481.557
481.557
481.557
529.578
529.578
529.578
529.578
529.578
702.82
702.82
702.82
702.82
702.82
297.5
297.5
297.5
297.5
297.5
510.16
510.16
510.16
510.16
510.16
295.074
295.074
295.074
295.074
295.074
599.813
599.813
599.813
599.813
599.813
471.813
471.813
471.813
471.813
471.813
367.411
367.411
367.411
367.411
367.411
517.66
517.66
517.66
517.66
517.66
476.064
476.064
476.064
476.064
476.064
444.453
444.453
444.453
444.453
444.453
692.827
692.827
692.827
692.827
692.827
322
322
322
322
322
538.386
538.386
538.386
538.386
538.386
716.531
716.531
716.531
716.531
716.531
621.707
621.707
621.707
621.707
621.707
404.338
404.338
404.338
404.338
404.338
722.688
722.688
722.688
722.688
722.688
496.391
496.391
496.391
496.391
496.391
457.125
457.125
457.125
457.125
457.125
639.865
639.865
639.865
639.865
639.865
496.9
496.9
496.9
496.9
496.9
587.729
587.729
587.729
587.729
587.729
422.899
422.899
422.899
422.899
422.899
383.047
383.047
383.047
383.047
383.047
236.75
236.75
236.75
236.75
236.75
548.269
548.269
548.269
548.269
548.269
386.033
386.033
386.033
386.033
386.033
443.641
443.641
443.641
443.641
443.641
653.905
653.905
653.905
653.905
653.905
509.75
509.75
509.75
509.75
509.75
265
265
265
265
265
607.16
607.16
607.16
607.16
607.16
539.521
539.521
539.521
539.521
539.521
687.052
687.052
687.052
687.052
687.052
587.758
587.758
587.758
587.758
587.758
424.382
424.382
424.382
424.382
424.382
234.41
234.41
234.41
234.41
234.41
458.5
458.5
458.5
458.5
458.5
489.066
489.066
489.066
489.066
489.066
486.611
486.611
486.611
486.611
486.611
478.813
478.813
478.813
478.813
478.813
444.375
444.375
444.375
444.375
444.375
283.75
283.75
283.75
283.75
283.75
573.281
573.281
573.281
573.281
573.281
546.616
546.616
546.616
546.616
546.616
545.559
545.559
545.559
545.559
545.559
644.063
644.063
644.063
644.063
644.063
614.468
614.468
614.468
614.468
614.468
412.101
412.101
412.101
412.101
412.101
690.328
690.328
690.328
690.328
690.328
501.375
501.375
501.375
501.375
501.375
577.254
577.254
577.254
577.254
577.254
553.922
553.922
553.922
553.922
553.922
662.731
662.731
662.731
662.731
662.731
456
456
456
456
456
371.103
371.103
371.103
371.103
371.103
579
579
579
579
579
413.75
413.75
413.75
413.75
413.75
519
519
519
519
519
695.906
695.906
695.906
695.906
695.906
319.968
319.968
319.968
319.968
319.968
260.5
260.5
260.5
260.5
260.5
296.25
296.25
296.25
296.25
296.25
538.625
538.625
538.625
538.625
538.625
710.5
710.5
710.5
710.5
710.5
540.765
540.765
540.765
540.765
540.765
416.316
416.316
416.316
416.316
416.316
657.25
657.25
657.25
657.25
657.25
584.685
584.685
584.685
584.685
584.685
574.188
557.5
557.5
557.5
557.5
462.609
462.609
462.609
462.609
462.609
397.722
397.722
397.722
397.722
397.722
414.434
414.434
414.434
414.434
414.434
527.625
527.625
527.625
527.625
527.625
565.57
565.57
565.57
565.57
565.57
379.555
379.555
379.555
379.555
379.555
613.031
613.031
613.031
613.031
613.031
600.861
600.861
600.861
600.861
600.861
564.781
564.781
564.781
564.781
564.781
587.188
587.188
587.188
587.188
587.188
682.752
682.752
682.752
682.752
682.752
705.191
705.191
705.205
705.205
705.205
466.256
466.256
466.256
466.256
466.256
235
235
235
235
235
405.289
405.289
405.289
405.289
405.289
516.144
516.144
516.144
516.144
516.144
396.641
396.641
396.641
396.641
396.641
461.928
461.928
461.928
461.928
461.928
499.922
499.922
499.922
499.922
499.922
535.941
535.941
535.941
535.941
535.941
518.206
518.206
518.206
518.206
518.206
610
610
610
610
610
742.718
742.718
742.718
742.718
742.718
284.5
284.5
284.5
284.5
284.5
559.984
559.984
559.984
559.984
559.984
543.205
543.205
543.205
543.205
543.205
577.5
577.5
577.5
577.5
577.5
553.75
553.75
553.75
553.75
553.75
730
730
730
730
730
583.656
583.656
583.656
583.656
583.656
564.508
564.508
564.508
564.508
564.508
244.193
244.193
244.193
244.193
244.193
473.919
473.919
473.919
473.919
473.919
393.639
393.639
393.639
393.639
393.639
559.375
559.375
559.375
559.375
559.375
272.563
272.563
272.563
272.563
272.563
541.867
541.867
541.867
541.867
541.867
490.484
490.484
490.484
490.484
490.484
352.465
352.465
352.465
352.465
352.465
498.781
498.781
498.781
498.781
498.781
452.956
452.956
452.956
452.956
452.956
605.094
605.094
605.094
605.094
605.094
654.042
654.042
654.042
654.042
654.042
545.869
545.869
545.869
545.869
545.869
579.75
579.75
579.75
579.75
579.75
249
249
249
249
249
539.375
539.375
539.375
539.375
539.375
416.16
416.16
416.16
416.16
416.16
580.5
580.5
580.5
580.5
580.5
492.43
492.43
492.43
492.43
492.43
567.333
567.333
567.333
567.333
567.333
211.875
211.875
211.875
211.875
211.875
691.58
691.58
691.58
691.58
691.58
329.688
329.688
329.688
329.688
329.688
566.6
566.6
566.6
566.6
566.6
503.313
503.313
503.313
503.313
503.313
455.188
455.188
455.188
455.188
455.188
512.5
512.5
512.5
512.5
512.5
476.404
476.404
476.404
476.404
476.404
721.753
721.753
721.753
721.753
721.753
502.273
502.273
502.273
502.273
502.273
542.266
542.266
542.266
542.266
542.266
482.781
482.781
482.781
482.781
482.781
316.094
316.094
316.094
316.094
316.094
399.836
399.836
399.836
399.836
399.836
612.26
612.26
612.26
612.26
612.26
264.553
264.553
264.553
264.553
264.553
333.125
333.125
333.125
333.125
333.125
426.625
426.625
426.625
426.625
426.625
545.273
545.273
545.273
545.273
545.273
624.742
624.742
624.742
624.742
624.742
395.375
395.375
395.375
395.375
395.375
436.735
436.735
436.735
436.735
436.735
509.625
509.625
509.625
509.625
509.625
230
230
230
230
230
549.521
549.521
549.521
549.521
549.521
504.158
504.158
504.158
504.158
504.158
496.797
496.797
496.797
496.797
496.797
120.979
120.979
120.979
120.979
120.979
360.266
360.266
360.266
360.266
360.266
649.791
649.791
649.791
649.791
649.791
569.25
569.25
569.25
569.25
569.25
379.5
379.5
379.5
379.5
379.5
765.75
765.75
765.75
765.75
765.75
626.422
626.422
626.422
626.422
626.422
675.512
675.512
675.512
675.512
675.512
678.289
678.289
678.289
678.289
678.289
622.47
622.47
622.47
622.47
622.47
759.389
759.389
759.389
759.389
759.389
700.23
700.23
700.23
700.23
700.23
634.351
634.351
634.351
634.351
634.351
555.979
555.979
555.979
555.979
555.979
461.914
461.914
461.914
461.914
461.914
695.072
695.072
695.072
695.072
695.072
423.188
423.188
423.188
423.188
423.188
607
607
607
607
607
612.579
612.579
612.579
612.579
612.579
560.959
560.959
560.959
560.959
560.959
485.566
485.566
485.566
485.566
485.566
535
535
535
535
535
718
718
718
718
718
593.132
593.132
593.132
593.132
593.132
700.25
700.25
700.25
700.25
700.25
341.375
341.375
341.375
341.375
341.375
538.648
538.648
538.648
538.648
538.648
557.205
557.205
557.205
557.205
557.205
271.355
271.355
271.355
271.355
271.355
397.25
397.25
397.25
397.25
397.25
478.703
478.703
478.703
478.703
478.703
682.563
682.563
682.563
682.563
682.563
476.915
476.915
476.915
476.915
476.915
573.883
573.883
573.883
573.883
573.883
664.375
664.375
664.375
664.375
664.375
496.324
496.324
496.324
496.324
496.324
611.387
611.387
611.387
611.387
611.387
559.822
560.063
560.063
560.063
560.063
696.098
696.098
696.098
696.098
696.098
361.852
361.852
361.852
361.852
361.852
550.875
550.875
550.875
550.875
550.875
461.324
461.324
461.324
461.324
461.324
165.75
165.75
165.75
165.75
165.75
471.832
471.832
471.832
471.832
471.832
0
0
0
0
0
506
506
506
506
506
511.573
511.573
511.573
511.573
511.573
449.563
449.563
449.563
449.563
449.563
434.06
434.06
434.06
434.06
434.06
529.213
529.213
529.213
529.213
529.213
518.734
518.734
518.734
518.734
518.734
573.634
573.634
573.634
573.634
573.634
496.906
496.906
496.906
496.906
496.906
380.876
380.876
380.876
380.876
380.876
623.625
623.625
623.625
623.625
623.625
610.177
610.177
610.177
610.177
610.177
343.328
343.328
343.328
343.328
343.328
613.626
613.626
613.626
613.626
613.626
350.693
350.693
350.693
350.693
350.693
414.438
414.438
414.438
414.438
414.438
418.5
418.5
418.5
418.5
418.5
465.398
465.398
465.398
465.398
465.398
605.545
605.545
605.545
605.545
605.545
644.344
644.344
644.344
644.344
644.344
527.098
527.098
527.098
527.098
527.098
539.625
539.625
539.625
539.625
539.625
465
465
465
465
465
349.75
349.75
349.75
349.75
349.75
487.25
487.25
487.25
487.25
487.25
338.75
338.75
338.75
338.75
338.75
413.539
413.539
413.539
413.539
413.539
558.18
558.18
558.18
558.18
558.18
607.176
607.176
607.176
607.176
607.176
552
552
552
552
552
754
754
754
754
754
567.718
567.718
567.718
567.718
567.718
483.125
483.125
483.125
483.125
483.125
225
225
225
225
225
285.949
285.949
285.949
285.949
285.949
580.337
580.337
580.337
580.337
580.337
507.142
507.142
507.142
507.142
507.142
401.375
401.375
401.375
401.375
401.375
341.313
341.313
341.313
341.313
341.313
602.281
602.281
602.281
602.281
602.281
685.75
685.75
685.75
685.75
685.75
304.619
304.619
304.619
304.619
304.619
555.442
555.442
555.442
555.442
555.442
606.797
606.797
606.797
606.797
606.797
239.811
239.811
239.811
239.811
239.811
405.5
405.5
405.5
405.5
405.5
390.758
390.758
390.758
390.758
390.758
634
634
634
634
634
456.047
456.047
456.047
456.047
456.047
679.188
679.188
679.188
679.188
679.188
383.075
383.075
383.075
383.075
383.075
377.984
377.984
377.984
377.984
377.984
604.386
604.386
604.386
604.386
604.386
458.742
458.742
458.742
458.742
458.742
418.156
418.156
418.156
418.156
461.813
466.156
466.156
466.156
466.156
466.156
694.674
694.674
694.674
694.674
694.674
200.366
200.366
200.366
200.366
200.366
334.539
334.539
334.539
334.539
334.539
647.011
647.011
647.011
647.011
647.011
141.824
141.824
141.824
141.824
141.824
476.881
476.881
476.881
476.881
476.881
413.5
413.5
413.5
413.5
413.5
648.5
648.5
648.5
648.5
648.5
730
730
730
730
730
528.5
528.5
528.5
528.5
528.5
377.891
377.891
377.891
377.891
377.891
497.199
497.199
497.199
497.199
497.199
216
216
216
216
216
562.055
562.055
562.055
562.055
562.055
676.375
676.375
676.375
676.375
676.375
612.407
612.407
612.407
612.407
612.407
216.969
216.969
216.969
216.969
216.969
370.561
370.561
370.561
370.561
370.561
452.16
452.16
452.16
452.16
452.16
524.625
524.625
524.625
524.625
524.625
656.063
656.063
656.063
656.063
656.063
619.672
619.672
619.672
619.672
619.672
426.686
426.686
426.686
426.686
426.686
269.101
269.101
269.101
269.101
269.101
371.775
371.775
371.775
371.775
371.775
518.17
518.17
518.17
518.17
518.17
202.499
202.499
202.499
202.499
202.499
714.75
714.75
714.75
714.75
714.75
0
0
0
0
0
469.364
469.364
469.364
469.364
469.364
397.047
397.047
397.047
397.047
397.047
736.5
736.5
736.5
736.5
736.5
602.156
602.156
602.156
602.156
602.156
536.875
536.875
536.875
536.875
536.875
343.625
343.625
343.625
343.625
343.625
706.781
706.781
706.781
706.781
706.781
437.25
437.25
437.25
437.25
437.25
497.125
497.125
497.125
497.125
497.125
606.163
606.163
606.163
606.163
606.163
550.688
550.688
550.688
550.688
550.688
540.462
540.462
540.462
540.462
540.462
606.251
606.251
606.251
606.251
606.251
476.08
476.08
476.08
476.08
476.08
730.5
730.5
730.5
730.5
730.5
621.844
621.844
621.844
621.844
621.844
539.101
539.101
539.101
539.101
539.101
358.875
358.875
358.875
358.875
358.875
234.875
234.875
234.875
234.875
234.875
653
653
653
653
653
600.172
600.172
600.172
600.172
600.172
561.875
561.875
561.875
561.875
561.875
548.188
548.188
548.188
548.188
548.188
259.141
259.141
259.141
259.141
259.141
251.395
251.395
251.395
251.395
251.395
561.063
561.063
561.063
561.063
561.063
478.296
478.296
478.296
478.296
478.296
530
530
530
530
530
453.641
453.641
453.641
453.641
453.641
632.648
632.648
632.648
632.648
632.648
209.216
209.216
209.216
209.216
209.216
357.938
357.938
357.938
357.938
357.938
533
533
533
533
533
501
501
501
501
501
417.375
417.375
417.375
417.375
417.375
673.758
673.758
673.758
673.758
673.758
427
427
427
427
427
243.844
243.844
243.844
243.844
243.844
638.902
638.902
638.902
638.902
638.902
196.384
196.384
196.384
196.384
196.384
498.461
498.461
498.461
498.461
498.461
661.5
661.5
661.5
661.5
661.5
356.328
356.328
356.328
356.328
356.328
419.109
419.109
419.109
419.109
419.109
686.029
686.029
686.029
686.029
686.029
543.934
543.934
543.934
543.934
543.934
579.563
579.563
579.563
579.563
579.563
343.621
343.621
343.621
343.621
343.621
500.357
500.357
500.357
500.357
500.357
480.383
480.383
480.383
480.383
480.383
547.415
547.415
547.415
547.415
547.415
514.781
514.781
514.781
514.781
514.781
552.201
552.201
552.201
552.201
552.201
694.813
694.813
694.813
694.813
694.813
550.063
550.063
550.063
550.063
550.063
679.438
679.438
679.438
679.438
679.438
482.984
482.984
482.984
482.984
482.984
380.938
380.938
380.938
380.938
380.938
381.002
381.002
381.002
381.002
381.002
524.438
524.438
524.438
524.438
524.438
727.578
727.578
727.578
727.578
727.578
465.094
465.094
465.094
465.094
465.094
350.5
350.5
350.5
350.5
350.5
567.71
567.71
567.71
567.71
567.71
384.297
384.297
384.297
384.297
384.297
390.813
390.813
390.813
390.813
390.813
694.125
694.125
694.125
694.125
694.125
623.438
623.438
623.438
623.438
623.438
556.875
556.875
556.875
556.875
556.875
537
537
537
537
537
335.5
335.5
335.5
335.5
335.5
385.077
385.077
385.077
385.077
385.077
288.85
288.85
288.85
288.85
288.85
544.125
544.125
544.125
544.125
544.125
686.414
686.414
686.414
686.414
686.414
719.266
719.266
719.266
719.266
719.266
522.313
522.313
522.313
522.313
522.313
608.703
608.703
608.703
608.703
608.703
354.5
354.5
354.5
354.5
354.5
402.805
402.805
402.805
402.805
402.805
740.438
740.438
740.438
740.438
740.438
570.5
570.5
570.5
570.5
570.5
468.938
468.938
468.938
468.938
468.938
632.906
632.906
632.906
632.906
632.906
615.52
615.52
615.52
615.52
615.52
451.5
451.5
451.5
451.5
451.5
537.75
537.75
537.75
537.75
537.75
128
128
128
128
128
638.125
638.125
638.125
638.125
638.125
487.848
487.848
487.848
487.848
487.848
541.883
541.883
541.883
541.883
541.883
196.359
196.359
196.359
196.359
196.359
446.047
446.047
446.047
446.047
446.047
427.077
427.077
427.077
427.077
427.077
665.413
665.413
665.413
665.413
665.413
292.75
292.75
292.75
292.75
292.75
700.157
700.157
700.157
700.157
700.157
578.5
578.5
578.5
578.5
578.5
400.375
400.375
400.375
400.375
400.375
411.969
411.969
411.969
411.969
411.969
490
490
490
490
490
271.754
271.754
271.754
271.754
271.754
605.225
605.225
605.225
605.225
605.225
605.143
605.143
605.143
605.143
605.143
315.563
285.625
285.625
285.625
285.625
660.234
660.234
660.234
660.234
660.234
616.5
616.5
616.5
616.5
616.5
416.801
416.801
416.801
416.801
416.801
567.625
567.625
567.625
567.625
567.625
560.5
560.5
560.5
560.5
560.5
607.359
607.359
607.359
607.359
607.359
429.188
429.188
429.188
429.188
429.188
516.381
516.381
516.381
516.381
516.381
405.5
405.5
405.5
405.5
405.5
417.391
417.391
417.391
417.391
417.391
439.798
439.798
439.798
439.798
439.798
650
650
650
650
650
452.875
452.875
452.875
452.875
452.875
535.179
535.179
535.179
535.179
535.179
533.189
533.189
533.189
533.189
533.189
478.219
478.219
478.219
478.219
478.219
376.937
376.937
376.937
376.937
376.937
539.58
539.58
539.58
539.58
539.58
409.141
409.141
409.141
409.141
409.141
515.639
515.639
515.639
515.639
515.639
512.277
512.277
512.277
512.277
512.277
655.842
655.842
655.842
655.842
655.842
699.953
699.953
699.953
699.953
699.953
497.281
497.281
497.281
497.281
497.281
671.375
671.375
671.375
671.375
671.375
718.844
718.844
718.844
718.844
718.844
583.875
583.875
583.875
583.875
583.875
477.094
477.094
477.094
477.094
477.094
699.46
699.46
699.46
699.46
699.46
525.063
525.063
525.063
525.063
525.063
731.25
731.25
731.25
731.25
731.25
433.406
433.406
433.406
433.406
433.406
638.531
638.531
638.531
638.531
638.531
455.337
455.337
455.337
455.337
455.337
332.094
332.094
332.094
332.094
332.094
697.727
697.727
697.727
697.727
697.727
274.125
274.125
274.125
274.125
274.125
443.125
443.125
443.125
443.125
443.125
398.5
398.5
398.5
398.5
398.5
500.051
500.051
500.051
500.051
500.051
574.219
574.219
574.219
574.219
574.219
415.688
415.688
415.688
415.688
415.688
433.69
433.69
433.69
433.69
433.69
600.25
600.25
600.25
600.25
600.25
675.563
675.563
675.563
675.563
675.563
431.563
431.563
431.563
431.563
431.563
653.172
653.172
653.172
653.172
653.172
564.634
564.634
564.634
564.634
564.634
476.789
476.789
476.789
476.789
476.789
477.965
477.965
477.965
477.965
477.965
432.146
432.146
432.146
432.146
432.146
504.191
504.191
504.191
504.191
504.191
662.766
662.766
662.766
662.766
662.766
523.209
523.209
523.209
523.209
523.209
471.75
471.75
471.75
471.75
471.75
591.277
591.277
591.277
591.277
591.277
419.672
419.672
419.672
419.672
419.672
540.797
540.797
540.797
540.797
540.797
607.061
607.061
607.061
607.061
607.061
428.234
428.234
428.234
428.234
428.234
386.669
386.669
386.669
386.669
386.669
313.467
313.467
313.467
313.467
313.467
684.516
684.516
684.516
684.516
684.516
517.413
517.413
517.413
517.413
517.413
514.496
514.496
514.496
514.496
514.496
598.067
598.067
598.067
598.067
598.067
753.821
753.821
753.821
753.821
753.821
494.296
494.296
494.296
494.296
494.296
451.164
451.164
451.164
451.164
451.164
464.314
464.314
464.314
464.314
464.314
416.313
416.313
416.313
416.313
416.313
573.266
573.266
573.266
573.266
573.266
220.525
220.525
220.525
220.525
220.525
377.563
377.563
377.563
377.563
377.563
467.145
467.145
467.145
467.145
467.145
522.547
522.547
522.547
522.547
522.547
715.875
715.875
715.875
715.875
715.875
456.211
456.211
456.211
456.211
456.211
620.458
620.458
620.458
620.458
620.458
643.543
643.543
643.543
643.543
643.543
529.949
529.949
529.949
529.949
529.949
487.688
487.688
487.688
487.688
487.688
540.738
540.738
540.738
540.738
540.738
429.684
429.684
429.684
429.684
429.684
431.063
431.063
431.063
431.063
431.063
606.5
606.5
606.5
606.5
606.5
221.625
221.625
221.625
221.625
221.625
651.813
651.813
651.813
651.813
651.813
535.438
535.438
535.438
535.438
535.438
259.938
259.938
259.938
259.938
259.938
581.305
581.305
581.305
581.305
581.305
694.523
694.523
694.523
694.523
694.523
420.06
420.06
420.06
420.06
420.06
525.064
525.064
525.064
525.064
525.064
711.003
711.003
711.003
711.003
711.003
518.563
518.563
518.563
518.563
518.563
537.75
537.75
537.75
537.75
537.75
615
615
615
615
615
638.906
638.906
638.906
638.906
638.906
640.131
640.131
640.131
640.131
640.131
465.375
465.375
465.375
465.375
465.375
366.719
366.719
366.719
366.719
366.719
507.839
507.839
507.839
507.839
507.839
301.57
301.57
301.57
301.57
301.57
643.5
643.5
643.5
643.5
643.5
73
73
73
73
73
651.203
651.203
651.203
651.203
651.203
626.122
626.122
626.122
626.122
626.122
486.288
486.288
486.288
486.288
486.288
610.143
610.143
610.143
610.143
610.143
526.297
526.297
526.297
526.297
526.297
403.875
403.875
403.875
403.875
403.875
477.512
477.512
477.512
477.512
477.512
327.531
327.531
327.531
327.531
327.531
585.5
585.5
585.5
585.5
585.5
665.563
665.563
665.563
665.563
665.563
512.586
512.586
512.586
512.586
512.586
704.672
704.672
704.672
704.672
704.672
572.869
572.869
572.869
572.869
572.869
541.262
541.262
541.262
541.262
541.262
751.25
751.25
751.25
751.25
751.25
760.325
760.325
760.325
760.325
760.325
483.122
483.122
483.122
483.122
483.122
471.861
471.861
471.861
471.861
471.861
499.498
499.498
499.498
499.498
499.498
359.988
359.988
359.988
359.988
359.988
643.433
643.433
643.433
643.433
643.433
676.805
676.805
676.805
676.805
676.805
549.93
549.93
549.93
549.93
549.93
483.5
483.5
483.5
483.5
483.5
566.02
566.02
566.02
566.02
566.02
532.887
532.887
532.887
532.887
532.887
172.113
172.113
172.113
172.113
172.113
564
564
564
564
564
480.438
480.438
480.438
480.438
480.438
449.375
449.375
449.375
449.375
449.375
622.146
622.146
622.146
622.146
622.146
582.796
582.796
582.796
582.796
582.796
392.25
392.25
392.25
392.25
392.25
377.904
377.904
377.904
377.904
377.904
273.013
273.013
273.013
273.013
273.013
675.094
675.094
675.094
675.094
675.094
658.75
658.75
658.75
658.75
658.75
604.301
604.301
604.301
604.301
604.301
601.253
601.253
601.253
601.253
601.253
576.25
576.25
576.25
576.25
576.25
539.5
539.5
539.5
539.5
539.5
510
510
510
510
510
526.688
526.688
526.688
526.688
526.688
466.813
466.813
466.813
466.813
466.813
433.73
433.73
433.73
433.73
433.73
367.375
367.375
367.375
367.375
367.375
426.66
426.66
426.66
426.66
426.66
387.563
387.563
387.563
387.563
387.563
659.117
659.117
659.117
659.117
659.117
385.939
385.939
385.939
385.939
385.939
513.213
513.213
513.213
513.213
513.213
602.25
602.25
602.25
602.25
602.25
497.592
497.592
497.592
497.592
497.592
361
361
361
361
361
524.375
524.375
524.375
524.375
524.375
326.133
326.133
326.133
326.133
326.133
529.736
529.736
529.736
529.736
529.736
692.477
692.477
692.477
692.477
692.477
692.887
692.887
692.887
692.887
692.887
520.5
520.5
520.5
520.5
520.5
542.984
542.984
542.984
542.984
542.984
361.25
361.25
361.25
361.25
361.25
618.672
618.672
618.672
618.672
618.672
472.636
472.636
472.636
472.636
472.636
593.75
593.75
593.75
593.75
593.75
521.75
521.75
521.75
521.75
521.75
594.5
594.5
594.5
594.5
594.5
753.41
753.41
753.41
753.41
753.41
550.886
550.886
550.886
550.886
550.886
577.672
577.672
577.672
577.672
577.672
512.219
512.219
512.219
512.219
512.219
550.893
550.893
550.893
550.893
550.893
631.625
631.625
631.625
631.625
631.625
538.822
538.822
538.822
538.822
538.822
402.395
402.395
402.395
402.395
402.395
523.387
523.387
523.387
523.387
523.387
413.793
413.793
413.793
413.793
413.793
450.547
450.547
450.547
450.547
450.547
301.813
301.813
301.813
301.813
301.813
598.25
598.25
598.25
598.25
598.25
584.083
584.083
584.083
584.083
584.083
713.662
713.662
713.662
713.662
713.662
414.554
414.554
414.554
414.554
414.554
689.395
689.395
689.395
689.395
689.395
646.045
646.045
659.34
659.34
659.34
173.102
173.102
173.102
173.102
173.102
321.789
321.789
321.789
321.789
321.789
378.5
378.5
378.5
378.5
378.5
569.496
569.496
569.496
569.496
569.496
240.281
240.281
240.281
240.281
240.281
691.181
691.181
691.181
691.181
691.181
334.096
334.096
334.096
334.096
334.096
525.521
525.521
525.521
525.521
525.521
445.771
445.771
445.771
445.771
445.771
527.828
527.828
527.828
527.828
527.828
613.98
613.98
613.98
613.98
613.98
434.807
434.807
434.807
434.807
434.807
606.406
606.406
606.406
606.406
606.406
502.609
502.609
502.609
502.609
513.344
334.711
334.711
334.711
334.711
334.711
501.813
501.813
501.813
501.813
501.813
596.004
596.004
596.004
596.004
596.004
612.426
612.426
612.426
612.426
612.426
393.25
393.25
393.25
393.25
393.25
386
386
386
386
386
592
592
592
592
592
325.586
325.586
325.586
325.586
325.586
540.036
540.036
540.036
540.036
540.036
727.997
727.997
727.997
727.997
727.997
564.906
564.906
564.906
564.906
564.906
506.125
506.125
506.125
506.125
506.125
640
640
640
640
640
498.25
498.25
498.25
498.25
498.25
339.256
339.256
339.256
339.256
339.256
326.508
326.508
326.508
326.508
326.508
577.914
577.914
577.914
577.914
577.914
616.969
616.969
616.969
616.969
616.969
504.125
504.125
504.125
504.125
504.125
672.891
672.891
672.891
672.891
672.891
584.75
584.75
584.75
584.75
584.75
660.969
660.969
660.969
660.969
660.969
595.417
595.417
595.417
595.417
595.417
673.547
673.547
673.547
673.547
673.547
332.736
332.736
332.736
332.736
332.736
660.204
660.204
660.204
660.204
660.204
606.172
606.172
606.172
606.172
606.172
183.703
183.703
183.703
183.703
183.703
503.998
503.998
503.998
503.998
503.998
422.559
422.559
422.559
422.559
422.559
484.51
484.51
484.51
484.51
484.51
616.266
616.266
616.266
616.266
616.266
283.764
283.764
283.764
283.764
283.764
444.185
444.185
444.185
444.185
444.185
394.766
394.766
394.766
394.766
394.766
635.437
635.437
635.437
635.437
635.437
464.813
464.813
464.813
464.813
464.813
420.172
420.172
420.172
420.172
420.172
433.188
433.188
433.188
433.188
433.188
713.5
713.5
713.5
713.5
713.5
602.281
602.281
602.281
602.281
602.281
459.422
459.422
459.422
459.422
459.422
580.813
580.813
580.813
580.813
580.813
197.365
197.365
197.365
197.365
197.365
542.097
542.097
542.097
542.097
542.097
462.354
462.354
462.354
462.354
462.354
443.519
443.519
443.519
443.519
443.519
557.219
557.219
557.219
557.219
557.219
647.105
647.105
647.105
647.105
647.105
435.156
435.156
435.156
435.156
435.156
669.773
669.773
669.773
669.773
669.773
340.18
340.18
340.18
340.18
340.18
437.555
437.555
437.555
437.555
437.555
531.219
531.219
531.219
531.219
531.219
358.375
358.375
358.375
358.375
358.375
455.008
455.008
455.008
455.008
455.008
0
