0
0
0
0
364.516
364.516
364.516
364.516
364.516
549.208
549.208
549.208
549.208
549.208
553.477
553.477
553.477
553.477
553.477
752.913
752.913
752.913
752.913
752.913
693.803
693.803
693.803
693.803
693.803
485.221
485.221
485.221
485.221
485.221
616.309
616.309
616.309
616.309
616.309
674.874
674.874
674.874
674.874
674.874
562.483
562.483
562.483
562.483
562.483
701.446
701.446
701.446
701.446
701.446
526.125
526.125
526.125
526.125
526.125
743.944
743.944
743.944
743.944
743.944
773.037
773.037
773.037
773.037
773.037
771.318
771.318
771.318
771.318
771.318
771.309
771.309
771.309
771.309
771.309
780.485
780.485
780.485
780.485
780.485
779.225
779.225
779.225
779.225
779.225
748.938
748.938
748.938
748.938
748.938
792.335
792.335
792.335
792.335
792.335
780.659
780.659
780.659
780.659
780.659
775.212
775.212
775.212
775.212
775.212
773.51
773.51
773.51
773.51
773.51
769.922
769.922
769.922
769.922
769.922
756.777
756.777
756.777
756.777
756.777
753.181
753.181
753.181
753.181
753.181
784.967
784.967
784.967
784.967
784.967
726.811
726.811
726.811
726.811
726.811
753.435
753.435
753.435
753.435
753.435
738.925
738.925
738.925
738.925
738.925
762.233
762.233
762.233
762.233
762.233
701.991
701.991
701.991
701.991
701.991
788.415
788.415
788.415
788.415
788.415
767.617
767.617
767.617
767.617
767.617
782.156
782.156
782.156
782.156
782.156
779.178
779.178
779.178
779.178
779.178
732.555
732.555
732.562
732.562
732.562
706.083
706.083
706.083
706.083
706.083
351.315
351.315
351.315
351.315
354.317
599.564
599.564
599.564
599.564
599.564
582.679
582.679
582.679
582.679
582.679
733.841
733.841
733.841
733.841
733.841
743.117
743.117
743.117
743.117
743.117
388.56
388.56
388.56
388.56
388.56
714.344
714.344
714.344
714.344
714.344
315.507
315.507
315.507
394.514
394.514
747.893
747.893
747.893
747.893
747.893
714.426
714.426
714.426
714.426
714.426
510.055
510.055
510.055
510.055
510.055
757.469
757.469
757.469
757.469
757.469
580.014
580.014
580.014
580.014
580.014
697.642
697.642
697.642
697.642
697.642
763.465
763.465
763.465
763.465
763.465
703.817
703.817
703.817
703.817
703.817
768.958
768.958
768.958
768.958
768.958
435.403
435.403
435.403
435.403
435.403
556.237
556.237
556.237
556.237
556.237
428.914
428.914
428.914
428.914
428.914
493.433
493.433
493.433
493.433
493.433
643.192
643.192
643.192
643.192
643.192
748.696
748.696
748.696
748.696
748.696
535.309
535.309
535.309
535.309
535.309
686.135
686.135
686.135
686.135
686.135
753.579
753.579
753.579
753.579
753.579
555.719
555.719
555.719
555.719
555.719
758.337
758.337
758.337
758.337
758.337
532.938
532.938
532.938
532.938
532.938
611.191
611.191
611.191
611.191
611.191
399.988
399.988
399.988
399.988
399.988
553.828
553.828
553.828
553.828
553.828
532.625
532.625
532.625
532.625
532.625
524.67
524.67
524.67
524.67
524.67
783.552
783.552
783.552
783.552
783.552
608.449
608.449
608.449
608.449
608.449
663.617
663.617
663.617
663.617
663.617
434.216
434.216
434.216
434.216
434.216
736.106
736.106
736.106
736.106
736.106
691.445
691.445
691.445
691.445
691.445
620.38
620.38
620.38
620.38
620.38
456.021
456.021
456.021
456.021
456.021
621.257
621.257
621.257
621.257
621.257
467.829
467.829
467.829
467.829
467.829
736.277
736.277
736.277
736.277
736.277
542.31
542.31
542.31
542.31
542.31
576.165
576.165
576.165
576.165
576.165
612.5
612.5
612.5
612.5
612.5
299.225
299.225
299.225
299.225
299.225
688.344
688.344
688.344
688.344
688.344
669.966
669.966
669.966
669.966
669.966
533.46
533.46
533.46
533.46
533.46
643.927
643.927
643.927
643.927
643.927
715.433
715.433
715.433
715.433
715.433
548.148
548.148
548.148
548.148
548.148
406.71
406.71
406.71
406.71
406.71
720.744
720.744
720.744
720.744
720.744
408.654
408.654
408.654
408.654
408.654
775.552
775.552
775.552
775.552
775.552
781.543
781.543
781.543
781.543
781.543
743.375
743.375
743.375
743.375
743.375
632.431
632.431
632.431
632.431
632.431
717.658
717.658
717.658
717.658
717.658
325.345
325.345
325.345
325.345
325.345
547.57
547.57
547.57
547.57
547.57
526.166
526.166
526.166
526.166
526.166
351.625
351.625
351.625
351.625
351.625
774.553
774.553
774.553
774.553
774.553
677.586
677.586
677.586
677.586
677.586
784.738
784.738
784.738
784.738
784.738
740.477
740.477
740.477
740.477
740.477
588.063
588.063
588.063
588.063
588.063
763.769
763.769
763.769
763.769
763.769
747.232
747.232
747.232
747.232
747.232
772.076
772.076
772.076
772.076
772.076
763.422
763.422
763.422
763.422
763.422
740.621
740.621
740.621
740.621
740.621
743.556
743.556
743.556
743.556
743.556
789.013
789.013
789.013
789.013
789.013
782.894
782.894
782.894
782.894
782.894
595.842
595.842
595.842
595.842
595.842
579.056
579.056
579.056
579.056
579.056
490.715
490.715
490.715
490.715
490.715
536.073
536.073
536.073
536.073
536.073
779.208
779.208
779.208
779.208
779.208
744.834
744.834
744.834
744.834
744.834
605.669
605.669
605.669
605.669
605.669
433.787
433.787
433.787
433.787
433.787
562.981
562.981
562.981
562.981
562.981
637.283
637.283
637.283
637.283
637.283
748.045
748.045
748.045
748.045
748.045
781.289
781.289
781.289
781.289
781.289
762.998
762.998
762.998
762.998
762.998
784.169
784.169
784.169
784.169
784.169
774.561
774.561
774.561
774.561
774.561
768.521
768.521
768.521
768.521
768.521
791.234
791.234
791.234
791.234
791.234
781.91
781.91
781.91
781.91
781.91
785.316
785.316
785.316
785.316
785.316
788.332
788.332
788.332
788.332
788.332
785.178
785.178
785.178
785.178
785.178
782.952
782.952
782.952
782.952
782.952
781.64
781.64
781.64
781.64
781.64
787.843
787.843
787.843
787.843
787.843
788.372
788.372
788.372
788.372
788.372
788.866
788.866
788.866
788.866
788.866
767.929
767.929
767.929
767.929
767.929
786.772
786.772
786.772
786.772
786.772
759.209
759.209
759.209
759.209
759.209
760.314
760.314
760.314
760.314
760.314
780.214
780.214
780.214
780.214
780.214
759.687
759.687
759.687
759.687
759.687
758.891
758.891
758.891
758.891
758.891
746.529
746.529
746.529
746.529
746.529
775.084
775.084
775.084
775.084
775.084
756.174
756.174
756.174
756.174
756.174
721.646
721.646
721.646
721.646
721.646
751.114
751.114
751.114
751.114
751.114
398.221
398.221
398.221
398.221
398.221
727.977
727.977
727.977
727.977
727.977
739.774
739.774
739.774
739.774
739.774
789.48
789.48
789.48
789.48
789.48
751.915
751.915
751.915
751.915
751.915
776.626
776.626
776.626
776.626
776.626
739.595
739.595
739.595
739.595
739.595
778.399
778.399
778.399
778.399
778.399
776.158
776.158
776.158
776.158
776.158
757.777
757.777
757.777
757.777
757.777
786.007
786.007
786.007
786.007
786.007
742.422
742.422
742.422
742.422
742.422
747.854
747.854
747.854
747.854
747.854
640.626
640.626
640.626
640.626
640.626
454.024
454.024
454.024
454.024
454.024
608.479
608.479
608.479
608.479
608.479
696.711
696.711
696.711
696.711
696.711
572.416
572.416
572.416
572.416
572.416
674.753
674.753
674.753
674.753
674.753
542.408
542.408
542.408
542.408
542.408
434.185
434.185
434.185
434.185
434.185
316.75
316.75
316.75
316.75
316.75
747.802
747.802
747.802
747.802
747.802
429.679
429.679
429.679
429.679
429.679
443.375
443.375
443.375
443.375
443.375
518.292
518.292
518.292
518.292
518.292
449.111
449.111
449.111
449.111
449.111
767.834
767.834
767.834
767.834
767.834
726.349
726.349
726.349
726.349
726.349
458.866
458.866
458.866
458.866
458.866
781.207
781.207
781.207
781.207
781.207
769.325
769.325
769.325
769.325
769.325
777.572
777.572
777.572
777.572
777.572
760.175
760.175
760.175
760.175
760.175
770.368
770.368
770.368
770.368
770.368
780.566
780.566
780.566
780.566
780.566
747.418
747.418
747.418
747.418
747.418
764.902
764.902
764.902
764.902
764.902
698.201
698.201
698.201
698.201
698.201
625.658
625.658
625.658
625.658
625.658
626.097
626.097
626.097
626.097
626.097
340.624
340.624
340.624
340.624
340.624
342.354
342.354
342.354
342.354
342.354
585.998
585.998
585.998
585.998
585.998
536.236
536.236
536.236
536.236
536.236
753.441
753.441
753.441
753.441
753.441
465.324
465.324
465.324
465.324
465.324
630.199
630.199
630.199
630.199
630.199
617.589
617.589
617.589
617.589
617.589
759.366
759.366
759.366
759.366
759.366
771.678
771.678
771.678
771.678
771.678
617.894
617.894
617.894
617.894
617.894
559.968
559.968
559.968
559.968
559.968
524.73
524.73
524.73
524.73
524.73
563.703
563.703
563.703
563.703
563.703
786.306
786.306
786.306
786.306
786.306
253.475
253.475
253.475
253.475
253.475
362.979
362.979
362.979
362.979
362.979
358.063
358.063
358.063
358.063
358.063
674.032
674.032
674.032
674.032
674.032
596.227
596.227
596.227
596.227
596.227
478.648
478.648
478.648
478.648
478.648
593.753
593.753
593.753
593.753
593.753
600.563
600.563
600.563
600.563
600.563
677.873
677.873
677.873
677.873
677.873
451.146
451.146
451.146
451.146
451.146
783.1
783.1
783.1
783.1
783.1
792.593
792.593
792.593
792.593
792.593
773.824
773.824
773.824
773.824
773.824
787.932
787.932
787.932
787.932
787.932
787.011
787.011
787.011
787.011
787.011
775.943
775.943
775.943
775.943
775.943
772.091
772.091
772.091
772.091
772.091
774.021
774.021
774.021
774.021
774.021
766.383
766.383
766.383
766.383
766.383
779.813
779.813
779.813
779.813
779.813
787.301
787.301
787.301
787.301
787.301
773.837
773.837
773.837
773.837
773.837
777.657
777.657
777.657
777.657
777.657
792.652
792.652
792.652
792.652
792.652
777.973
777.973
777.973
777.973
777.973
786.126
786.126
786.126
786.126
786.126
788.084
788.084
788.084
788.084
788.084
792.222
792.222
792.222
792.222
792.222
795.395
795.395
795.395
795.395
795.395
782.772
782.772
782.772
782.772
782.772
796.952
796.952
796.952
796.952
796.952
792.329
792.329
792.329
792.329
792.329
784.864
784.864
784.864
784.864
784.864
777.676
777.676
777.676
777.676
777.676
777.863
777.863
777.863
777.863
777.863
762.505
762.505
762.505
762.505
762.505
752.42
752.42
752.42
752.42
752.42
737.581
737.581
737.581
737.581
737.581
747.29
747.29
747.29
747.29
747.29
778.744
778.744
778.744
778.744
778.744
744.524
744.524
744.524
744.524
744.524
789.046
789.046
789.046
789.046
789.046
779.235
779.235
779.235
779.235
779.235
788.917
788.917
788.917
788.917
788.917
784.018
784.018
784.018
784.018
784.018
773.39
773.39
773.39
773.39
773.39
766.325
766.325
766.325
766.325
766.325
787.599
787.599
787.599
787.599
787.599
764.491
764.491
764.491
764.491
764.491
749.102
749.102
749.102
749.102
749.102
769.797
769.797
769.797
769.797
769.797
765.274
765.274
765.274
765.274
765.274
292.44
292.44
292.44
292.44
292.44
603.598
603.598
603.598
603.598
603.598
503.452
503.452
503.452
503.452
503.452
774.356
774.356
774.356
774.356
774.356
782.722
782.722
782.722
782.722
782.722
792.676
792.676
792.676
792.676
792.676
745.442
745.442
745.442
745.442
745.442
663.495
663.495
663.481
663.481
663.481
350.912
350.912
350.912
350.912
350.912
290.254
290.254
290.254
290.254
290.254
345.917
345.917
345.917
345.917
345.917
680.486
680.486
680.486
680.486
680.486
686.373
686.373
686.373
686.373
686.373
717.412
717.412
717.412
717.412
717.412
654.19
654.19
654.19
654.19
654.19
546.631
546.631
546.631
546.631
546.631
279.533
279.533
279.533
279.533
279.533
702.568
702.568
702.568
702.568
702.568
663.768
663.768
663.768
663.768
663.768
571.272
571.272
571.272
571.272
571.272
724.907
724.907
724.907
724.907
724.907
583
583
583
583
583
662.54
662.54
662.54
662.54
662.54
578.936
578.936
578.936
578.936
578.936
686.012
686.012
686.012
686.012
686.012
749.402
749.402
749.402
749.402
749.402
683.668
683.668
683.668
683.668
683.668
657.067
657.067
657.067
657.067
657.067
773.807
773.807
773.807
773.807
773.807
777.175
777.175
777.175
777.175
777.175
784.059
784.059
784.059
784.059
784.059
784.375
784.375
784.375
784.375
784.375
766.581
766.581
766.581
766.581
766.581
758.637
758.637
758.637
758.637
758.637
673.606
673.606
673.606
673.606
673.606
443.308
443.308
443.308
443.308
443.308
741
741
741
741
741
714.981
714.981
714.981
714.981
714.981
416.732
416.732
416.732
416.732
416.732
623.341
623.341
623.341
623.341
623.341
492.942
492.942
492.942
492.942
492.942
242.114
242.114
242.114
242.114
242.114
624.666
624.666
624.666
624.666
624.666
467.895
467.895
467.895
467.895
467.895
357.405
357.405
357.405
357.405
357.405
540.711
540.711
540.711
540.711
540.711
461.197
461.197
461.197
461.197
461.197
546.546
546.546
546.546
546.546
546.546
501.188
501.188
501.188
501.188
501.188
781.105
781.105
781.105
781.105
781.105
586.529
586.529
586.529
586.529
586.529
303.123
303.123
303.123
303.123
303.123
471.527
471.527
471.527
471.527
471.527
571.91
571.91
571.91
571.91
571.91
436.973
436.973
436.973
436.973
436.973
444.353
444.353
444.353
444.353
444.353
694.387
694.387
694.387
694.387
694.387
489.588
489.588
489.588
489.588
489.588
415.922
415.922
415.922
415.922
415.922
442.38
442.38
442.38
442.38
442.38
779.068
779.068
779.068
779.068
779.068
767.884
767.884
767.884
767.884
767.884
675.89
675.89
675.89
675.89
675.89
708.661
708.661
708.661
708.661
708.661
617.889
617.889
617.889
617.889
617.889
329.697
329.697
329.697
329.697
329.697
645.881
645.881
645.881
645.881
645.881
602
602
602
602
602
670.459
670.459
670.459
670.459
670.459
344.071
344.071
344.071
344.071
344.071
391.797
391.797
391.797
391.797
391.797
615.984
615.984
615.984
615.984
615.984
634.983
634.983
634.983
634.983
634.983
607.461
607.461
607.461
607.461
607.461
585.641
585.641
585.641
585.641
585.641
652.673
652.673
652.673
652.673
652.673
777.428
777.428
777.428
777.428
777.428
773.137
773.137
773.137
773.137
773.137
747.675
747.675
747.675
747.675
747.675
692.359
692.359
692.359
692.359
692.359
784.269
784.269
784.269
784.269
784.269
775.503
775.503
775.503
775.503
775.503
793.317
793.317
793.317
793.317
793.317
788.602
788.602
788.602
788.602
788.602
779.666
779.666
779.666
779.666
779.666
790.811
790.811
790.811
790.811
790.811
791.535
791.535
791.535
791.535
791.535
791.166
791.166
791.166
791.166
791.166
795.713
795.713
795.713
795.713
795.713
791.689
791.689
791.689
791.689
791.689
785.118
785.118
785.118
785.118
785.118
780.19
780.19
780.19
780.19
780.19
783.881
783.881
783.881
783.881
783.881
790.779
790.779
790.779
790.779
790.779
775.761
775.761
775.761
775.761
775.761
779.103
779.103
779.103
779.103
779.103
783.97
783.97
783.97
783.97
783.97
782.899
782.899
782.899
782.899
782.899
787.391
787.391
787.391
787.391
787.391
784.928
784.928
784.928
784.928
784.928
777.357
777.357
777.357
777.357
777.357
789.201
789.201
789.201
789.201
789.201
791.377
791.377
791.377
791.377
791.377
779.04
779.04
779.04
779.04
779.04
771.288
771.288
771.288
771.288
771.288
775.994
776.613
776.613
776.613
776.613
788.138
788.138
788.138
788.138
788.138
791.18
791.18
791.18
791.18
791.18
783.849
783.849
783.849
783.849
783.849
792.013
792.013
792.013
792.013
792.013
790.591
790.591
790.591
790.591
790.591
781.275
781.275
781.275
781.275
781.275
780.144
780.144
780.144
780.144
780.144
784.624
784.624
784.624
784.624
784.624
769.583
769.583
769.583
769.583
769.583
781.728
781.728
781.728
781.728
781.728
794.713
794.713
794.713
794.713
794.713
780.224
780.224
780.224
780.224
780.224
775.042
775.042
775.042
775.042
775.042
791.597
791.597
791.597
791.597
791.597
780.87
780.87
780.87
780.87
780.87
769.717
769.717
769.717
769.717
769.717
782.082
782.082
782.082
782.082
782.082
778.966
778.966
778.966
778.966
778.966
778.627
778.627
778.627
778.627
778.627
782.484
782.484
782.484
782.484
782.484
776.73
776.73
776.73
776.73
776.73
772.068
772.068
772.068
772.068
772.068
795.097
795.097
795.097
795.097
795.097
790.171
790.171
790.171
790.171
790.171
789.687
789.687
789.687
789.687
789.687
782.911
782.911
782.911
782.911
782.911
779.641
779.641
779.641
779.641
779.641
797.685
797.685
797.685
797.685
797.685
782.823
782.823
782.823
782.823
782.823
781.68
781.68
781.68
781.68
781.68
776.298
776.298
776.298
776.298
776.298
797.29
797.29
797.29
797.29
797.29
796.976
796.976
796.976
796.976
796.976
792.387
792.387
792.387
792.387
792.387
790.892
790.892
790.892
790.892
790.892
786.927
786.927
786.927
786.927
786.927
792.468
792.468
792.468
792.468
792.468
791.873
791.873
791.873
791.873
791.873
788.783
788.783
788.783
788.783
788.783
788.874
788.874
788.874
788.874
788.874
790.609
790.609
790.609
790.609
790.609
791.581
791.581
791.581
791.581
791.581
785.58
785.58
785.58
785.58
785.58
791.928
791.928
791.928
791.928
791.928
783.596
783.596
783.596
783.596
783.596
792.894
792.894
792.894
792.894
792.894
793.118
793.118
793.118
793.118
793.118
786.554
786.554
786.554
786.554
786.554
796.587
796.587
796.587
796.587
796.587
794.059
794.059
794.059
794.059
794.059
781.968
781.968
781.968
781.968
781.968
791.68
791.68
791.68
791.68
791.68
792.858
792.858
792.858
792.858
792.858
792.545
792.545
792.545
792.545
792.545
789.83
789.83
789.83
789.83
789.83
786.649
786.649
786.649
786.649
786.649
779.998
779.998
779.998
779.998
779.998
789.128
789.128
789.128
789.128
789.128
792.199
792.199
792.199
792.199
792.199
783.635
783.635
783.635
783.635
783.635
794.921
794.921
794.921
794.921
794.921
789.36
789.36
789.36
789.36
789.36
784.552
784.552
784.552
784.552
784.552
771.538
771.538
771.538
771.538
771.538
791.749
791.749
791.749
791.749
791.749
785.178
785.178
785.178
785.178
785.178
795.268
795.268
795.268
795.268
795.268
786.92
786.92
786.92
786.92
786.92
784.81
784.81
784.81
784.81
784.81
789.13
789.13
789.13
789.13
789.13
789.15
789.15
789.15
789.15
789.15
789.602
789.602
789.602
789.602
789.602
786.246
786.246
786.246
786.246
786.246
766.181
766.181
766.181
766.181
766.181
759.692
759.692
759.692
759.692
759.692
796.01
796.01
796.01
796.01
796.01
786.393
786.393
786.443
786.443
786.443
772.521
772.521
772.521
772.521
772.521
770.156
770.156
770.156
770.156
770.156
480.954
480.954
480.954
480.954
480.954
749.503
749.503
749.503
749.503
749.503
705.208
705.208
705.208
705.208
705.208
551.857
551.857
551.857
551.857
551.857
763.153
763.153
763.153
763.153
763.153
722.398
722.398
722.398
722.398
722.398
755.42
755.42
755.42
755.42
755.42
722.696
722.696
722.696
722.696
722.696
773.798
773.798
773.798
773.798
773.798
775.165
775.165
775.165
775.165
775.165
777.425
777.425
777.425
777.425
777.425
753.85
753.85
753.85
753.85
753.85
747.44
747.44
747.44
747.44
747.44
728.754
728.754
728.754
728.754
728.754
714.877
714.877
714.877
714.877
714.877
737.98
737.98
737.98
737.98
737.98
754.124
754.124
754.124
754.124
754.124
748.813
748.813
748.813
748.813
748.813
213.76
213.76
213.76
213.76
213.76
519.576
519.576
519.576
519.576
519.576
533.713
533.713
533.713
533.713
533.713
643.625
643.625
643.625
643.625
643.625
679.114
679.114
679.114
679.114
679.114
730.216
730.216
730.216
730.216
730.216
730.287
730.287
730.287
730.287
730.287
719.854
719.854
719.854
719.854
719.854
739.195
739.195
739.195
739.195
739.195
742.976
742.976
742.976
742.976
742.976
718.518
718.518
718.518
718.518
718.518
751.836
751.836
751.836
751.836
751.836
373.326
373.326
373.326
373.326
373.326
493.562
490.248
490.248
490.248
490.248
782.271
782.271
782.271
782.271
782.271
707.378
707.378
707.378
707.378
707.378
762.737
762.737
762.737
762.737
762.737
718.383
718.383
718.383
718.383
718.383
742.191
742.219
742.219
742.219
742.219
676.427
676.427
676.427
676.427
676.427
755.707
755.707
755.707
755.707
755.707
764.764
764.764
764.764
764.764
764.764
707.74
707.74
707.74
707.74
707.74
662.038
662.038
662.038
662.038
662.038
785.83
785.83
785.83
785.83
785.83
731.475
731.475
731.475
731.475
731.475
552.95
552.95
552.95
552.95
552.95
791.894
791.894
791.894
791.894
791.894
749.723
749.723
749.723
749.723
749.723
729.198
729.198
729.198
729.198
729.198
769.937
769.937
769.937
769.937
769.937
653.921
653.921
653.921
653.921
653.921
666.227
666.227
666.227
666.227
666.227
440.21
440.21
440.21
440.21
440.21
544.015
544.015
544.015
544.015
544.015
612.958
612.958
612.958
612.958
612.958
788.182
788.182
788.182
788.182
788.182
744.589
744.589
744.589
744.589
744.589
385.454
385.454
385.454
385.454
385.454
547.239
547.239
547.239
547.239
547.239
706.076
706.076
706.076
706.076
706.076
378.379
378.379
378.379
378.379
378.379
724.576
724.576
724.576
724.576
724.576
763.253
763.253
763.253
763.253
763.253
764.447
764.447
764.447
764.447
764.447
445.954
445.954
445.954
445.954
445.954
690.709
690.709
690.709
690.709
690.709
469.623
469.623
469.623
469.623
469.623
693.026
693.026
693.026
693.026
693.026
707.915
707.915
707.915
707.915
707.915
782.226
782.226
782.226
782.226
782.226
771.666
771.666
771.666
771.666
771.666
746.371
746.371
746.371
746.371
746.371
730.384
730.384
730.384
730.384
730.384
731.163
731.163
731.163
731.163
731.163
715.05
715.05
715.05
715.05
715.05
689.911
689.911
689.911
689.911
689.911
627.723
627.723
627.723
627.723
627.723
499.896
499.896
499.896
499.896
499.896
410.617
410.617
410.617
410.617
410.617
664.443
664.443
664.443
664.443
664.443
583.075
583.075
583.075
583.075
583.075
459.311
459.311
459.311
459.311
459.311
591.798
591.798
591.798
591.798
591.798
579.8
579.8
579.8
579.8
579.8
297.476
297.476
297.476
297.476
297.476
573.847
573.847
573.847
573.847
573.847
492.406
492.406
492.406
492.406
492.406
613.834
613.834
613.834
613.834
613.834
437.133
437.133
437.133
437.133
437.133
380.641
380.641
380.641
380.641
380.641
768.754
768.754
768.754
768.754
768.754
737.425
737.425
737.425
737.425
737.425
770.963
770.963
770.963
770.963
770.963
766.535
766.535
766.535
766.535
766.535
766.098
766.098
766.098
766.098
766.098
742.723
742.723
742.723
742.723
742.723
760.205
760.205
760.205
760.205
760.205
772.294
772.294
772.294
772.294
772.294
715.688
715.688
715.688
715.688
715.688
732.423
732.423
732.423
732.423
732.423
588.08
588.08
588.08
588.08
588.08
637.068
637.068
637.068
637.068
637.068
512.602
512.602
512.602
512.602
512.602
309.807
309.807
309.807
309.807
309.807
504.618
504.618
504.618
504.618
504.618
680.606
680.606
680.606
680.606
680.606
714.857
714.857
714.857
714.857
714.857
731.786
731.786
731.786
731.786
731.786
710.704
710.704
710.704
710.704
710.704
636.16
636.16
636.16
636.16
636.16
759.657
759.657
759.657
759.657
759.657
596.266
596.266
596.266
596.266
596.266
530.997
530.997
530.997
530.997
530.997
616.305
616.305
616.305
616.305
616.305
761.699
761.699
761.699
761.699
761.699
597.972
597.972
597.972
597.972
597.972
309.312
309.312
309.312
309.312
309.312
759.151
759.151
759.151
759.151
759.151
736.082
736.082
736.082
736.082
736.082
671.966
671.966
671.966
671.966
671.966
677.815
677.815
677.815
677.815
677.815
756.104
756.104
756.104
756.104
756.104
753.397
753.397
753.397
753.397
753.397
780.521
780.521
780.521
780.521
780.521
716.712
716.712
716.712
716.712
716.712
701.664
702.516
702.516
702.516
702.516
758.181
758.181
758.181
758.181
758.181
670.76
670.76
670.76
670.76
670.76
720.323
720.323
720.323
720.323
720.323
731.966
731.966
731.966
731.966
731.966
752.402
752.402
752.402
752.402
752.402
791.928
791.928
791.928
791.928
791.928
779.054
779.054
779.054
779.054
779.054
737.225
737.225
737.225
737.225
737.225
766.557
766.557
766.557
766.557
766.557
724.837
724.837
724.837
724.837
724.837
784.005
784.005
784.005
784.005
784.005
766.217
766.217
766.217
766.217
766.217
346.158
346.158
346.158
346.158
346.158
644.863
644.863
644.863
644.863
644.863
631.118
631.118
631.118
631.118
631.118
770.995
770.995
770.995
770.995
770.995
734.686
734.686
734.686
734.686
734.686
676.452
676.452
676.452
676.452
676.452
521.38
521.38
521.38
521.38
521.38
771.176
771.176
771.176
771.176
771.176
764.128
764.128
764.128
764.128
764.128
666.734
666.734
666.734
666.734
666.734
346.949
346.949
346.949
346.949
346.949
663.847
663.847
663.847
663.847
663.847
755.641
755.641
755.641
755.641
755.641
619.544
619.544
619.544
619.544
619.544
747.976
747.976
747.976
747.976
747.976
586.168
586.168
586.168
586.168
586.168
701.083
701.083
701.083
701.083
701.083
560.913
560.913
560.913
560.913
560.913
691.57
691.57
691.57
691.57
691.57
452.956
452.956
452.956
452.956
452.956
732.534
732.534
732.534
732.534
732.534
585.989
585.989
585.989
585.989
585.989
773.58
773.58
773.58
773.58
773.58
742.325
742.325
742.325
742.325
742.325
792.233
792.233
792.233
792.233
792.233
788.029
788.029
788.029
788.029
788.029
764.222
764.222
764.194
764.194
764.194
782.895
782.895
782.895
782.895
782.895
764.328
764.328
764.328
764.328
764.328
730.977
730.977
730.977
730.977
730.977
759.836
759.836
759.836
759.836
759.836
788.458
788.458
788.458
788.458
788.458
784.461
784.461
784.461
784.461
784.461
780.784
780.784
780.784
780.784
780.784
789.993
789.993
789.993
789.993
789.993
787.968
787.968
787.968
787.968
787.968
795.603
795.603
795.603
795.603
795.603
779.726
779.726
779.726
779.726
779.726
776.452
776.452
776.452
776.452
776.452
764.569
764.569
764.569
764.569
764.569
780.948
780.948
780.948
780.948
780.948
787.984
787.984
787.984
787.984
787.984
776.635
776.635
776.635
776.635
776.635
786.756
786.756
786.756
786.756
786.756
741.749
741.749
741.749
741.749
741.749
744.419
744.419
744.419
744.419
744.419
771.663
771.663
771.663
771.663
771.663
763.794
763.794
763.794
763.794
763.794
754.788
754.788
754.788
754.788
754.788
785.769
785.769
785.769
785.769
785.769
768.818
768.818
768.818
768.818
768.818
792.534
792.534
792.534
792.534
792.534
770.773
770.773
770.773
770.773
770.773
743.273
743.273
743.273
743.273
743.273
773.702
773.702
773.702
773.702
773.702
767.09
767.09
767.09
767.09
767.09
726.942
726.942
726.942
726.942
726.942
657.486
657.486
657.486
657.486
657.486
744.671
744.671
744.671
744.671
744.671
657.843
657.843
657.843
657.843
657.843
556.539
556.539
556.539
556.539
556.539
573.785
573.785
573.785
573.785
573.785
667.303
667.303
667.303
667.303
667.303
393.756
393.756
393.756
393.756
393.756
396.82
396.82
396.82
396.82
396.82
584.133
584.133
584.133
584.133
584.133
538.997
538.997
538.997
538.997
538.997
379.31
379.31
379.31
379.31
379.31
702.117
702.117
702.117
702.117
702.117
719.461
717.422
717.422
717.422
717.422
623.702
623.702
623.702
623.702
623.702
624.088
624.088
624.088
624.088
624.088
202.871
202.871
202.871
202.871
202.871
451.032
451.032
451.032
451.032
451.032
427.007
427.007
427.007
427.007
427.007
457.32
457.32
457.32
457.32
457.32
417.34
417.34
417.34
417.34
417.34
509.997
509.997
509.997
509.997
509.997
735.877
735.877
735.877
735.877
735.877
604.312
604.312
604.312
604.312
604.312
559.359
559.359
559.359
559.359
559.359
232.991
232.991
232.991
232.991
232.991
772.559
772.559
772.559
772.559
772.559
733.95
733.95
733.95
733.95
733.95
491.659
491.659
491.659
491.659
491.659
476.675
476.675
476.675
476.675
476.675
722.143
722.143
722.143
722.143
722.143
489.651
489.651
489.651
489.651
489.651
562.255
562.255
562.255
562.255
562.255
680.41
680.41
680.41
680.41
680.41
789.466
789.466
789.466
789.466
789.466
779.533
779.533
779.533
779.533
779.533
778.843
778.843
778.843
778.843
778.843
762.688
762.688
762.688
762.688
762.688
751.926
751.926
751.926
751.926
751.926
767.787
767.787
767.787
767.787
767.787
750.677
750.677
750.677
750.677
750.677
674.538
674.538
674.538
674.538
674.538
552.781
552.781
552.781
552.781
552.781
706.783
706.783
706.783
706.783
706.783
302.594
302.594
301.953
301.953
301.953
686.022
686.022
686.022
686.022
686.022
774.707
774.707
774.707
774.707
774.707
767.747
767.747
767.747
767.747
767.747
699.198
699.198
699.198
699.198
699.198
767.806
767.806
767.806
767.806
767.806
727.455
727.455
727.455
727.455
727.455
463.846
463.846
463.846
463.846
463.846
576.229
576.229
576.229
576.229
576.229
642.835
642.835
642.835
642.835
642.835
695.992
695.992
695.992
695.992
695.992
424.227
424.227
424.227
424.227
424.227
188.984
188.984
188.984
188.984
188.984
726.96
726.96
726.96
726.96
726.96
470.873
470.873
470.873
470.873
470.873
562.421
562.421
562.421
562.421
562.421
630.147
630.147
630.147
630.147
630.147
427.942
427.942
427.942
427.942
427.942
740.343
740.343
740.343
740.343
740.343
723.195
723.195
723.195
723.195
723.195
714.566
714.566
714.566
714.566
714.566
693.927
693.927
693.927
693.927
693.927
554.602
554.602
554.602
554.602
554.602
295.32
295.32
295.32
295.32
295.32
345.831
345.831
345.831
345.831
345.831
531.839
531.839
531.839
531.839
531.839
598.22
598.22
598.22
598.22
598.22
432.582
432.582
432.582
432.582
432.582
329.788
329.788
329.788
329.788
329.788
559.562
559.562
559.562
559.562
559.562
709.812
709.812
709.812
709.812
709.812
705.465
705.465
705.465
705.465
705.465
585.427
585.427
585.427
585.427
585.427
685.134
685.134
685.134
685.134
685.134
373.828
373.828
373.828
373.828
373.828
786.032
786.032
786.032
786.032
786.032
790.537
790.537
790.537
790.537
790.537
763.814
763.814
763.814
763.814
763.814
558.903
558.903
558.903
558.903
558.903
763.731
763.731
763.731
763.731
763.731
724.241
724.241
724.241
724.241
724.241
682.884
682.884
682.884
682.884
682.884
317.321
317.321
317.321
317.321
317.321
542.246
542.246
542.246
542.246
542.246
716.4
716.4
716.4
716.4
716.4
577.121
577.121
577.121
577.121
577.121
708.249
708.249
708.249
708.249
708.249
510.632
510.632
510.632
510.632
510.632
310.539
310.539
310.539
310.539
310.539
731.691
731.691
731.691
731.691
731.691
755.378
755.378
755.378
755.378
755.378
763.581
763.581
763.581
763.581
763.581
741.582
741.582
741.582
741.582
741.582
702.469
702.469
702.469
702.469
702.469
670.934
670.934
670.934
670.934
670.934
687.631
687.631
687.631
687.631
687.631
686.129
686.129
686.129
686.129
686.129
771.268
771.268
771.268
771.268
771.268
626.041
626.041
626.041
626.041
626.041
767.11
767.11
767.11
767.11
767.11
228.538
228.538
228.538
228.538
228.538
519.43
519.43
519.43
519.43
519.43
449.635
449.635
449.635
449.635
449.635
749.618
749.618
749.618
749.618
749.618
752.716
752.716
752.716
752.716
752.716
782.777
782.777
782.777
782.777
782.777
745.122
745.122
745.122
745.122
745.122
572.513
572.513
572.513
572.513
572.513
443.105
443.105
443.105
443.105
443.105
482.092
482.092
482.092
482.092
482.092
547.012
547.012
547.012
547.012
547.012
615.684
615.684
615.684
615.684
615.684
792.193
792.193
792.193
792.193
792.193
730.395
730.395
730.395
730.395
730.395
527.531
527.531
527.531
527.531
527.531
725.432
725.432
725.432
725.432
725.432
711.528
711.528
711.528
711.528
711.528
549.021
549.021
549.015
549.015
549.015
381.162
381.162
381.162
381.162
381.162
752.078
752.078
752.078
752.078
752.078
709.635
709.635
709.635
709.635
709.635
616.389
616.389
616.389
616.389
616.389
718.037
718.037
718.037
718.037
718.037
694.995
694.995
694.995
694.995
694.995
582.438
582.438
582.438
582.438
582.438
565.789
565.789
565.789
565.789
565.789
511.999
511.999
511.999
511.999
511.999
648.457
648.461
648.461
648.461
648.461
628.94
628.94
628.94
628.94
628.94
516.294
516.294
516.294
516.294
516.294
697.751
697.751
697.751
697.751
697.751
603.81
603.81
603.81
603.81
603.81
780.666
780.666
780.666
780.666
780.666
782.7
782.7
782.7
782.7
782.7
768.161
768.161
768.161
768.161
768.161
743.411
743.432
743.432
743.432
743.432
763.351
763.351
763.351
763.351
763.351
762.747
762.747
762.747
762.747
762.747
768.299
768.299
768.299
768.299
768.299
741.442
741.442
741.442
741.442
741.442
731.603
731.603
731.603
731.603
731.603
684.08
684.08
684.08
684.08
684.08
771.066
771.066
771.066
771.066
771.066
783.927
783.927
783.927
783.927
783.927
778.318
778.318
778.318
778.318
778.318
789.95
789.95
789.95
789.95
789.95
781.962
781.962
781.962
781.962
781.962
760.872
760.872
760.872
760.872
760.872
771.632
771.632
771.632
771.632
771.632
758.324
758.324
758.324
758.324
758.324
730.847
730.847
730.847
730.847
730.847
705.487
705.487
705.487
705.487
705.487
747.192
747.192
747.192
747.192
747.192
708.369
708.369
708.369
708.369
708.369
783.941
783.941
783.941
783.941
783.941
694.301
694.301
694.301
694.301
694.301
725.41
725.41
725.41
725.41
725.41
603.272
603.272
603.272
603.272
603.272
252.433
252.433
252.433
252.433
252.433
506.843
506.843
506.843
506.843
506.843
524.139
524.139
524.139
524.139
524.139
762.062
762.062
762.062
762.062
762.062
639.274
639.274
639.274
639.274
639.274
772.91
772.91
772.91
772.91
772.91
714.476
714.476
714.476
714.476
714.476
752.573
752.573
752.573
752.573
752.573
711.191
711.191
711.191
711.191
711.191
582.669
582.669
582.669
582.669
582.669
463.932
463.932
463.932
463.932
463.932
757.715
757.715
757.715
757.715
757.715
728.053
728.053
728.053
728.053
728.053
739.794
739.794
739.794
739.794
739.794
653.142
653.142
653.142
653.142
653.142
476.049
476.049
476.049
476.049
476.049
554.276
554.276
554.276
554.276
554.276
654.875
654.875
654.875
654.875
654.875
746.502
746.502
746.502
746.502
746.502
675.866
675.866
675.866
675.866
675.866
411.118
411.118
411.118
411.118
411.118
672.457
672.457
672.457
672.457
672.457
751.402
751.402
751.402
751.402
751.402
738.342
738.342
738.342
738.342
738.342
330.132
330.132
330.132
330.132
330.132
612.045
612.045
612.045
612.045
612.045
753.051
753.051
753.051
753.051
753.051
526.906
526.906
526.906
526.906
526.906
638.317
638.317
638.317
638.317
638.317
412.677
412.677
412.677
412.677
412.677
642.625
642.625
642.625
642.625
642.625
541.951
541.951
541.951
541.951
541.951
356.713
356.713
356.713
356.713
356.713
765.894
765.894
765.894
765.894
765.894
764.525
764.525
764.525
764.525
764.525
748.333
748.333
748.333
748.333
748.333
582.064
582.064
582.064
582.064
582.064
442.207
442.207
442.207
442.207
442.207
786.128
786.128
786.128
786.128
786.128
756.451
756.451
756.451
756.451
756.451
771.592
771.592
771.592
771.592
771.592
761.085
761.085
761.085
761.085
761.085
756.425
756.425
756.425
756.425
756.425
743.114
743.114
743.114
743.114
743.114
769.159
769.159
769.159
769.159
769.159
772.862
772.862
772.862
772.862
772.862
759.786
759.786
759.786
759.786
759.786
703.108
703.108
703.108
703.108
703.108
497.677
497.677
497.677
497.677
497.677
648.159
648.159
648.159
648.159
648.159
362.668
362.668
362.668
362.668
362.668
653.829
653.829
653.829
653.829
653.829
357.777
357.777
357.777
357.777
357.777
521.066
521.066
521.066
521.066
521.066
687.887
687.887
687.887
687.887
687.887
749.644
749.644
749.644
749.644
749.644
743.11
743.11
743.11
743.11
743.11
730.385
730.385
730.385
730.385
730.385
722.222
722.222
722.222
722.222
722.222
734.171
734.171
734.171
734.171
734.171
600.845
600.845
600.845
600.845
600.845
523.542
523.542
523.542
523.542
523.542
694.32
694.32
694.32
694.32
694.32
565.292
565.292
565.292
565.292
565.292
353.72
353.72
353.72
353.72
353.72
665.257
665.257
665.257
665.257
665.257
377.627
377.627
377.627
377.627
377.627
536.994
536.994
536.994
536.994
536.994
572.591
572.591
572.591
572.591
572.591
735.351
735.351
735.351
735.351
735.351
614.699
614.699
614.699
614.699
614.699
656.896
656.896
656.896
656.896
656.896
683.781
683.781
683.781
683.781
683.781
360.445
360.445
360.445
360.445
360.445
781.713
781.713
781.713
781.713
781.713
760.169
760.169
760.169
760.169
760.169
774.946
774.946
774.946
774.946
774.946
777.468
777.468
777.468
777.468
777.468
761.083
761.083
761.083
761.083
761.083
735.636
735.636
735.636
735.636
735.636
785.384
785.384
785.384
785.384
785.384
779.113
779.113
779.113
779.113
779.113
763.013
763.013
763.013
763.013
763.013
747.46
747.46
747.46
747.46
747.46
750.475
750.475
750.475
750.475
750.475
786.305
786.305
786.305
786.305
786.305
748.831
748.831
748.831
748.831
748.831
537.39
537.39
537.39
537.39
537.39
245.883
245.883
244.203
244.203
244.203
528.964
528.964
528.964
528.964
528.964
652.084
652.084
652.084
652.084
652.084
464.015
464.015
464.015
464.015
464.015
670.5
670.5
670.5
670.5
670.5
543.043
543.043
543.043
543.043
543.043
347.085
347.085
347.085
347.085
347.085
581.739
581.739
581.739
581.739
581.739
544.622
544.622
544.622
544.622
544.622
220.42
220.42
220.42
220.42
220.42
740.442
740.442
740.442
740.442
740.442
758.593
758.593
760.811
760.811
760.811
755.619
755.619
755.619
755.619
755.619
788.982
788.982
788.982
788.982
788.982
748.41
748.41
748.41
748.41
748.41
790.184
790.184
790.184
790.184
790.184
787.662
787.662
787.662
787.662
787.662
771.953
771.953
771.953
771.953
771.953
778.165
778.165
778.165
778.165
778.165
738.1
738.1
738.1
738.1
738.1
469.739
469.739
469.739
469.739
469.739
350.103
350.103
350.103
350.103
350.103
582.67
582.67
582.67
582.67
582.67
679.942
679.942
679.942
679.942
679.942
773.61
773.61
773.61
773.61
773.61
508.061
508.061
508.061
508.061
508.061
385.487
385.487
385.487
385.487
385.487
625.313
625.313
625.313
625.313
625.313
565.624
565.624
565.624
565.624
565.624
649.591
649.591
649.591
649.591
649.591
744.004
744.004
744.004
744.004
744.004
770.646
770.646
770.646
770.646
770.646
749.979
749.979
749.979
749.979
749.979
609.722
609.722
609.722
609.722
609.722
586.068
586.068
586.084
586.084
586.084
771.303
771.303
771.303
771.303
771.303
430.673
430.673
430.673
430.673
430.673
708.326
708.326
708.326
708.326
708.326
539.414
539.414
539.414
539.414
539.414
477.088
477.088
477.088
477.088
477.088
444.824
444.824
444.824
444.824
444.824
497.405
497.405
497.405
497.405
497.405
677.938
677.938
677.938
677.938
677.938
646.248
646.248
646.248
646.248
646.248
718.157
718.157
718.157
718.157
718.157
564.614
564.759
564.759
564.759
564.759
681.707
681.707
681.707
681.707
681.707
493.465
493.465
493.465
493.465
493.465
501.936
501.936
501.936
501.936
501.936
429.781
429.781
429.781
429.781
429.781
746.767
746.767
746.767
746.767
746.767
716.241
716.241
716.241
716.241
716.241
780.599
780.599
780.599
780.599
780.599
778.865
778.865
778.865
778.865
778.865
731.666
731.666
731.666
731.666
731.666
601.74
601.74
601.74
601.74
601.74
728.109
728.109
728.109
728.109
728.109
723.133
724.015
724.015
724.015
724.015
742.776
742.776
742.776
742.776
742.776
643.604
643.604
643.604
643.604
643.604
738.47
738.47
738.47
738.47
738.47
510.711
510.711
510.711
510.711
510.711
555.967
555.967
555.967
555.967
555.967
531.848
531.848
531.848
531.848
531.848
518.5
518.5
518.5
518.5
518.5
436.689
436.689
436.689
436.689
436.689
220.352
220.352
220.352
220.352
220.352
697.342
697.342
697.342
697.342
697.342
323.09
323.09
323.09
323.09
323.09
673.209
673.209
673.209
673.209
673.209
534.52
534.52
534.52
534.52
534.52
714.762
714.762
714.762
714.762
714.762
715.493
715.493
715.493
715.493
715.493
731.085
731.085
731.085
731.085
731.085
382.519
382.519
382.519
382.519
382.519
375.483
375.483
375.483
375.483
375.483
732.78
732.78
732.78
732.78
732.78
728.124
728.124
728.124
728.124
728.124
761.329
761.329
761.329
761.329
761.329
738.815
738.815
738.815
738.815
738.815
745.554
745.554
745.554
745.554
745.554
677.149
677.149
677.149
677.149
677.149
705.869
705.869
705.869
705.869
705.869
593.026
593.026
593.026
593.026
593.026
372.873
372.873
372.873
372.873
372.873
373.318
373.318
373.318
373.318
373.318
720.668
720.668
720.668
720.668
720.668
450.206
450.206
450.206
450.206
450.206
602.344
602.344
602.344
602.344
602.344
753.67
753.67
753.67
753.67
753.67
782.091
782.091
782.091
782.091
782.091
765.329
765.329
765.329
765.329
765.329
736.261
736.261
736.261
736.261
736.261
769.082
769.082
769.082
769.082
769.082
745.122
745.122
745.122
745.122
745.122
713.843
713.843
713.843
713.843
713.843
676.783
676.783
676.783
676.783
676.783
659.183
659.183
659.183
659.183
659.183
690.061
690.061
690.061
690.061
690.061
759.555
759.555
759.555
759.555
759.555
348.673
348.673
348.673
348.673
348.673
352.341
352.341
352.341
352.341
352.341
447.199
447.199
447.199
447.199
447.199
305.109
305.109
305.109
305.109
305.109
555.977
555.977
555.977
555.977
555.977
739.872
739.872
739.872
739.872
739.872
764.372
764.372
764.372
764.372
764.372
712.106
712.106
712.106
712.106
712.106
380.656
380.656
380.656
380.656
380.656
0
