0
0
0
0
629.009
629.009
629.009
629.009
629.009
723.366
723.366
723.366
723.366
723.366
692.867
692.867
692.867
692.867
692.867
645.354
645.354
645.354
645.354
645.354
492.481
492.481
492.481
492.481
492.481
764.917
764.917
764.917
764.917
764.917
613.368
613.368
613.368
613.368
613.368
541.109
541.109
541.109
541.109
541.109
446.311
446.311
446.311
446.311
446.311
326.269
326.269
326.269
326.269
326.269
468.04
468.04
468.04
468.04
468.04
715.281
715.281
715.281
715.281
715.281
363.65
363.65
363.65
363.65
363.65
565.813
565.813
565.813
565.813
565.813
493.457
493.457
493.457
493.457
493.457
455.868
455.868
455.868
455.868
455.868
558.059
558.059
558.059
558.059
558.059
425.305
425.305
425.305
425.305
425.305
768.931
768.931
768.931
768.931
768.931
779.791
779.791
779.791
779.791
779.791
788.839
788.839
788.839
788.839
788.839
782.218
782.218
782.218
782.218
782.218
793.697
793.697
793.697
793.697
793.697
787.168
787.168
787.168
787.168
787.168
790.446
790.446
790.446
790.446
790.446
783.465
783.465
783.465
783.465
783.465
786.356
786.356
786.356
786.356
786.356
781.56
781.56
781.56
781.56
781.56
794.183
794.183
794.183
794.183
794.183
793.625
793.625
793.625
793.625
793.625
787.429
787.429
787.429
787.429
787.429
791.769
791.769
791.769
791.769
791.769
790.275
790.275
790.275
790.275
790.275
782.54
782.54
782.54
782.54
782.54
790.993
790.993
790.993
790.993
790.993
779.367
779.367
779.367
779.367
779.367
784.687
784.687
784.687
784.687
784.687
789.221
789.221
789.221
789.221
789.221
797.983
797.983
797.983
797.983
797.983
792.504
792.504
792.504
792.504
792.504
788.05
788.05
788.05
788.05
788.05
797.528
797.528
797.528
797.528
797.528
794.546
794.546
794.546
794.546
794.546
797.256
797.256
797.256
797.256
797.256
788.587
788.587
788.587
788.587
788.587
786.895
786.895
786.895
786.895
786.895
784.555
784.555
784.555
784.555
784.555
791.874
791.874
791.874
791.874
791.874
791.044
791.044
791.044
791.044
791.044
797.346
797.346
797.346
797.346
797.346
791.545
791.545
791.545
791.545
791.545
790.578
790.578
790.578
790.578
790.578
783.554
783.554
783.554
783.554
783.554
795.276
795.276
795.276
795.276
795.276
794.577
794.577
794.577
794.577
794.577
790.685
790.685
790.685
790.685
790.685
790.791
790.791
790.791
790.791
790.791
789.587
789.587
789.587
789.587
789.587
783.008
783.008
783.008
783.008
783.008
792.984
792.984
792.984
792.984
792.984
788.533
788.533
788.533
788.533
788.533
790.554
790.554
790.554
790.554
790.554
782.558
782.558
782.558
782.558
782.558
786.61
786.61
786.61
786.61
786.61
789.599
789.599
789.599
789.599
789.599
786.342
786.342
786.342
786.342
786.342
783.81
783.81
783.81
783.81
783.81
783.633
783.633
783.633
783.633
783.633
789.558
789.558
789.558
789.558
789.558
788.858
788.858
788.858
788.858
788.858
786.765
786.765
786.765
786.765
786.765
791.925
791.925
791.925
791.925
791.925
786.945
786.945
786.945
786.945
786.945
796.397
796.397
796.397
796.397
796.397
785.425
785.425
785.425
785.425
785.425
783.924
783.924
783.924
783.924
783.924
794.814
794.814
794.814
794.814
794.814
788.871
788.871
788.871
788.871
788.871
796.805
796.805
796.805
796.805
796.805
791.08
791.08
791.08
791.08
791.08
795.091
795.091
795.091
795.091
795.091
792.722
792.722
792.722
792.722
792.722
793.867
793.867
793.867
793.867
793.867
793.573
793.573
793.573
793.573
793.573
782.156
782.156
782.156
782.156
782.156
791.393
791.393
791.393
791.393
791.393
791.845
791.845
791.845
791.845
791.845
784.449
784.449
784.449
784.449
784.449
792.465
792.465
792.465
792.465
792.465
795.688
795.688
795.688
795.688
795.688
793.255
793.255
793.255
793.255
793.255
792.852
792.852
792.852
792.852
792.852
797.867
797.867
797.867
797.867
797.867
793.915
793.915
793.915
793.915
793.915
791.74
791.74
791.74
791.74
791.74
797.939
797.939
797.939
797.939
797.939
793.236
793.236
793.236
793.236
793.236
796.333
796.333
796.333
796.333
796.333
789.547
789.547
789.547
789.547
789.547
788.934
788.934
788.934
788.934
788.934
793.589
793.589
793.589
793.589
793.589
789.132
789.132
789.132
789.132
789.132
789.04
789.04
789.04
789.04
789.04
783.888
783.888
783.888
783.888
783.888
797.955
797.955
797.955
797.955
797.955
794.906
794.906
794.906
794.906
794.906
797.977
797.977
797.977
797.977
797.977
794.648
794.648
794.648
794.648
794.648
793.804
793.804
793.804
793.804
793.804
797.208
797.208
797.208
797.208
797.208
796.568
796.568
796.568
796.568
796.568
792.084
792.084
792.084
792.084
792.084
792.062
792.062
792.062
792.062
792.062
797.895
797.895
797.895
797.895
797.895
795.495
795.495
795.495
795.495
795.495
797.609
797.609
797.609
797.609
797.609
795.769
795.769
795.769
795.769
795.769
793.713
793.713
793.713
793.713
793.713
790.029
790.029
790.029
790.029
790.029
797.084
797.084
797.084
797.084
797.084
796.518
796.518
796.518
796.518
796.518
797.576
797.576
797.576
797.576
797.576
793.118
793.118
793.118
793.118
793.118
793.161
793.161
793.161
793.161
793.161
788.563
788.563
788.563
788.563
788.563
795.592
795.592
795.592
795.592
795.592
795.713
795.713
795.713
795.713
795.713
793.454
793.454
793.454
793.454
793.454
796.016
796.016
796.016
796.016
796.016
794.32
794.32
794.32
794.32
794.32
793.481
793.481
793.481
793.481
793.481
798.172
798.172
798.172
798.172
798.172
797.024
797.024
797.024
797.024
797.024
794.314
794.314
794.314
794.314
794.314
797.901
797.901
797.901
797.901
797.901
796.214
796.214
796.214
796.214
796.214
789.137
789.137
789.137
789.137
789.137
794.7
794.7
794.7
794.7
794.7
792.766
792.766
792.766
792.766
792.766
798.897
798.897
798.897
798.897
798.897
796.411
796.411
796.411
796.411
796.411
795.963
795.963
795.963
795.963
795.963
793.294
793.294
793.294
793.294
793.294
795.941
795.941
795.941
795.941
795.941
797.496
797.496
797.496
797.496
797.496
797.553
797.553
797.553
797.553
797.553
795.945
795.945
795.945
795.945
795.945
795.289
795.289
795.289
795.289
795.289
798.953
798.953
798.953
798.953
798.953
796.895
796.895
796.895
796.895
796.895
795.82
795.82
795.82
795.82
795.82
794.637
794.637
794.637
794.637
794.637
797.183
797.183
797.183
797.183
797.183
790.949
790.949
790.949
790.949
790.949
792.552
792.552
792.552
792.552
792.552
798.125
798.125
798.125
798.125
798.125
794.808
794.808
794.808
794.808
794.808
798.681
798.681
798.681
798.681
798.681
797.909
797.909
797.909
797.909
797.909
796.451
796.451
796.451
796.451
796.451
797.91
797.91
797.91
797.91
797.91
797.126
797.126
797.126
797.126
797.126
797.227
797.227
797.227
797.227
797.227
795.102
795.102
795.102
795.102
795.102
798.974
798.974
798.974
798.974
798.974
798.46
798.46
798.46
798.46
798.46
797.784
797.784
797.784
797.784
797.784
796.886
796.886
796.886
796.886
796.886
795.15
795.15
795.15
795.15
795.15
792.717
792.717
792.717
792.717
792.717
797.948
797.948
797.948
797.948
797.948
796.502
796.502
796.502
796.502
796.502
797.692
797.692
797.692
797.692
797.692
797.322
797.322
797.322
797.322
797.322
796.361
796.361
796.361
796.361
796.361
798.635
798.635
798.635
798.635
798.635
797.286
797.286
797.286
797.286
797.286
796.307
796.307
796.307
796.307
796.307
795.49
795.49
795.49
795.49
795.49
798.849
798.849
798.849
798.849
798.849
797.217
797.217
797.217
797.217
797.217
795.003
795.003
795.003
795.003
795.003
797.869
797.869
797.869
797.869
797.869
797.526
797.526
797.526
797.526
797.526
795.156
795.156
795.156
795.156
795.156
798.961
798.961
798.961
798.961
798.961
798.015
798.015
798.015
798.015
798.015
797.56
797.56
797.56
797.56
797.56
796.822
796.822
796.822
796.822
796.822
796.176
796.176
796.176
796.176
796.176
794.927
794.927
794.927
794.927
794.927
798.752
798.752
798.752
798.752
798.752
797.693
797.693
797.693
797.693
797.693
798.483
798.483
798.483
798.483
798.483
797.044
797.044
797.044
797.044
797.044
795.29
795.29
795.29
795.29
795.29
793.582
793.582
793.582
793.582
793.582
798.949
798.949
798.949
798.949
798.949
798.052
798.052
798.052
798.052
798.052
797.443
797.443
797.443
797.443
797.443
796.599
796.599
796.599
796.599
796.599
795.436
795.436
795.436
795.436
795.436
791.822
791.822
791.822
791.822
791.822
798.945
798.945
798.945
798.945
798.945
797.866
797.866
797.866
797.866
797.866
798.038
798.038
798.038
798.038
798.038
798.25
798.25
798.25
798.25
798.25
794.064
794.064
794.064
794.064
794.064
798.717
798.717
798.717
798.717
798.717
798.318
798.318
798.318
798.318
798.318
797.271
797.271
797.271
797.271
797.271
795.657
795.657
795.657
795.657
795.657
798.695
798.695
798.695
798.695
798.695
798.039
798.039
798.039
798.039
798.039
798.476
798.476
798.476
798.476
798.476
798.898
798.898
798.898
798.898
798.898
797.678
797.678
797.678
797.678
797.678
796.737
796.737
796.737
796.737
796.737
797.638
797.638
797.638
797.638
797.638
795.489
795.489
795.489
795.489
795.489
798.82
798.82
798.82
798.82
798.82
797.43
797.43
797.43
797.43
797.43
796.552
796.552
796.552
796.552
796.552
794.856
794.856
794.856
794.856
794.856
798.089
798.089
798.089
798.089
798.089
796.964
796.964
796.964
796.964
796.964
796.564
796.564
796.564
796.564
796.564
798.651
798.651
798.651
798.651
798.651
796.598
796.598
796.598
796.598
796.598
796.333
796.333
796.333
796.333
796.333
796.919
796.919
796.919
796.919
796.919
796.468
796.468
796.468
796.468
796.468
798.665
798.665
798.665
798.665
798.665
798.138
798.138
798.138
798.138
798.138
796.714
796.714
796.714
796.714
796.714
796.015
796.015
796.015
796.015
796.015
797.717
797.717
797.717
797.717
797.717
796.867
796.867
796.867
796.867
796.867
798.686
798.686
798.686
798.686
798.686
798.038
798.038
798.038
798.038
798.038
795.659
795.659
795.659
795.659
795.659
796.418
796.418
796.418
796.418
796.418
797.865
797.865
797.865
797.865
797.865
797.24
797.24
797.24
797.24
797.24
796.666
796.666
796.666
796.666
796.666
798.345
798.345
798.345
798.345
798.345
798.449
798.449
798.449
798.449
798.449
798.951
798.951
798.951
798.951
798.951
798.632
798.632
798.632
798.632
798.632
797.225
797.225
797.225
797.225
797.225
796.189
796.189
796.189
796.189
796.189
797.87
797.87
797.87
797.87
797.87
797.909
797.909
797.909
797.909
797.909
798.566
798.566
798.566
798.566
798.566
797.879
797.879
797.879
797.879
797.879
796.912
796.912
796.912
796.912
796.912
797.654
797.654
797.654
797.654
797.654
798.812
798.812
798.812
798.812
798.812
798.113
798.113
798.113
798.113
798.113
798.365
798.365
798.365
798.365
798.365
797.435
797.435
797.435
797.435
797.435
796.422
796.422
796.422
796.422
796.422
795.221
795.221
795.221
795.221
795.221
798.625
798.625
798.625
798.625
798.625
797.933
797.933
797.933
797.933
797.933
797.157
797.157
797.157
797.157
797.157
798.998
798.998
798.998
798.998
798.998
798.397
798.397
798.397
798.397
798.397
798.427
798.427
798.427
798.427
798.427
797.646
797.646
797.646
797.646
797.646
796.263
796.263
796.263
796.263
796.263
794.621
794.621
794.621
794.621
794.621
798.954
798.954
798.954
798.954
798.954
798.327
798.327
798.327
798.327
798.327
798.996
798.996
798.996
798.996
798.996
798.737
798.737
798.737
798.737
798.737
797.586
797.586
797.586
797.586
797.586
798.968
798.968
798.968
798.968
798.968
798.205
798.205
798.205
798.205
798.205
795.499
795.499
795.499
795.499
795.499
795.829
795.829
795.829
795.829
795.829
797.867
797.867
797.867
797.867
797.867
797.225
797.225
797.225
797.225
797.225
797.749
797.749
797.749
797.749
797.749
797.05
797.05
797.05
797.05
797.05
796.597
796.597
796.597
796.597
796.597
797.545
797.545
797.545
797.545
797.545
795.555
795.555
795.555
795.555
795.555
794.765
794.765
794.765
794.765
794.765
798.693
798.693
798.693
798.693
798.693
797.515
797.515
797.515
797.515
797.515
796.958
796.958
796.958
796.958
796.958
797.25
797.25
797.25
797.25
797.25
796.391
796.391
796.391
796.391
796.391
794.325
794.325
794.325
794.325
794.325
798.943
798.943
798.943
798.943
798.943
798.728
798.728
798.728
798.728
798.728
797.549
797.549
797.549
797.549
797.549
797.606
797.606
797.606
797.606
797.606
796.987
796.987
796.987
796.987
796.987
796.442
796.442
796.442
796.442
796.442
796.58
796.58
796.58
796.58
796.58
798.898
798.898
798.898
798.898
798.898
797.877
797.877
797.877
797.877
797.877
794.85
794.85
794.85
794.85
794.85
798.235
798.235
798.235
798.235
798.235
793.021
793.021
793.021
793.021
793.021
795.856
795.856
795.856
795.856
795.856
798.448
798.448
798.448
798.448
798.448
797.932
797.932
797.932
797.932
797.932
795.192
795.192
795.192
795.192
795.192
797.539
797.539
797.539
797.539
797.539
798.366
798.366
798.366
798.366
798.366
797.412
797.412
797.412
797.412
797.412
798.326
798.326
798.326
798.326
798.326
796.993
796.993
796.993
796.993
796.993
795.032
795.032
795.032
795.032
795.032
798.9
798.9
798.9
798.9
798.9
797.059
797.059
797.059
797.059
797.059
796.07
796.07
796.07
796.07
796.07
798.476
798.476
798.476
798.476
798.476
797.4
797.4
797.4
797.4
797.4
798.449
798.449
798.449
798.449
798.449
797.258
797.258
797.258
797.258
797.258
797.351
797.351
797.351
797.351
797.351
798.936
798.936
798.936
798.936
798.936
797.37
797.37
797.37
797.37
797.37
797.137
797.137
797.137
797.137
797.137
795.824
795.824
795.824
795.824
795.824
798.529
798.529
798.529
798.529
798.529
798.092
798.092
798.092
798.092
798.092
798.484
798.484
798.484
798.484
798.484
798.042
798.042
798.042
798.042
798.042
796.671
796.671
796.671
796.671
796.671
796.366
796.366
796.366
796.366
796.366
798.426
798.426
798.426
798.426
798.426
797.105
797.105
797.105
797.105
797.105
798.841
798.841
798.841
798.841
798.841
798.202
798.202
798.202
798.202
798.202
796.721
796.721
796.721
796.721
796.721
798.875
798.875
798.875
798.875
798.875
797.365
797.365
797.365
797.365
797.365
797.171
797.171
797.171
797.171
797.171
796.611
796.611
796.611
796.611
796.611
798.687
798.687
798.687
798.687
798.687
798.054
798.054
798.054
798.054
798.054
797.1
797.1
797.1
797.1
797.1
798.922
798.922
798.922
798.922
798.922
798.484
798.484
798.484
798.484
798.484
798.498
798.498
798.498
798.498
798.498
798.085
798.085
798.085
798.085
798.085
797.254
797.254
797.254
797.254
797.254
797.222
797.222
797.222
797.222
797.222
799
799
799
799
799
798.676
798.676
798.676
798.676
798.676
797.976
797.976
797.976
797.976
797.976
798.276
798.276
798.276
798.276
798.276
797.998
797.998
797.998
797.998
797.998
798.779
798.779
798.779
798.779
798.779
798.867
798.867
798.867
798.867
798.867
797.963
797.963
797.963
797.963
797.963
798.389
798.389
798.389
798.389
798.389
797.924
797.924
797.924
797.924
797.924
796.281
796.281
796.281
796.281
796.281
795.831
795.831
795.831
795.831
795.831
798.436
798.436
798.436
798.436
798.436
797.302
797.302
797.302
797.302
797.302
797.26
797.26
797.26
797.26
797.26
798.65
798.65
798.65
798.65
798.65
796.635
796.635
796.635
796.635
796.635
796.006
796.006
796.006
796.006
796.006
798.677
798.677
798.677
798.677
798.677
798.259
798.259
798.259
798.259
798.259
797.238
797.238
797.238
797.238
797.238
798.274
798.274
798.274
798.274
798.274
797.313
797.313
797.313
797.313
797.313
798.958
798.958
798.958
798.958
798.958
798.942
798.942
798.942
798.942
798.942
798.846
798.846
798.846
798.846
798.846
798.253
798.253
798.253
798.253
798.253
798.5
798.5
798.5
798.5
798.5
798.159
798.159
798.159
798.159
798.159
798.874
798.874
798.874
798.874
798.874
798.606
798.606
798.606
798.606
798.606
797.632
797.632
797.632
797.632
797.632
796.852
796.852
796.852
796.852
796.852
798.766
798.766
798.766
798.766
798.766
798.679
798.679
798.679
798.679
798.679
797.973
797.973
797.973
797.973
797.973
798.842
798.842
798.842
798.842
798.842
798.685
798.685
798.685
798.685
798.685
798.59
798.59
798.59
798.59
798.59
798.392
798.392
798.392
798.392
798.392
797.661
797.661
797.661
797.661
797.661
798.348
798.348
798.348
798.348
798.348
797.379
797.379
797.379
797.379
797.379
796.922
796.922
796.922
796.922
796.922
798.851
798.851
798.851
798.851
798.851
797.889
797.889
797.889
797.889
797.889
797.612
797.612
797.612
797.612
797.612
796.537
796.537
796.537
796.537
796.537
798.867
798.867
798.867
798.867
798.867
798.31
798.31
798.31
798.31
798.31
798.048
798.048
798.048
798.048
798.048
798.695
798.695
798.695
798.695
798.695
797.678
797.678
797.678
797.678
797.678
798.934
798.934
798.934
798.934
798.934
797.808
797.808
797.808
797.808
797.808
796.982
796.982
796.982
796.982
796.982
798.304
798.304
798.304
798.304
798.304
797.803
797.803
797.803
797.803
797.803
797.254
797.254
797.254
797.254
797.254
796.982
796.982
796.982
796.982
796.982
798.937
798.937
798.937
798.937
798.937
798.957
798.957
798.957
798.957
798.957
798.102
798.102
798.102
798.102
798.102
798.977
798.977
798.977
798.977
798.977
798.07
798.07
798.07
798.07
798.07
797.689
797.689
797.689
797.689
797.689
798.694
798.694
798.694
798.694
798.694
798.6
798.6
798.6
798.6
798.6
798.676
798.676
798.676
798.676
798.676
798.773
798.773
798.773
798.773
798.773
798.597
798.597
798.597
798.597
798.597
797.686
797.686
797.686
797.686
797.686
798.973
798.973
798.973
798.973
798.973
798.33
798.33
798.33
798.33
798.33
797.746
797.746
797.746
797.746
797.746
798.496
798.496
798.496
798.496
798.496
798.062
798.062
798.062
798.062
798.062
797.955
797.955
797.955
797.955
797.955
798.858
798.858
798.858
798.858
798.858
798.847
798.847
798.847
798.847
798.847
798.966
798.966
798.966
798.966
798.966
798.868
798.868
798.868
798.868
798.868
797.985
797.985
797.985
797.985
797.985
798.85
798.85
798.85
798.85
798.85
797.847
797.847
797.847
797.847
797.847
798.014
798.014
798.014
798.014
798.014
797.893
797.893
797.893
797.893
797.893
798.99
798.99
798.99
798.99
798.99
798.49
798.49
798.49
798.49
798.49
798.812
798.812
798.812
798.812
798.812
798.444
798.444
798.444
798.444
798.444
798.065
798.065
798.065
798.065
798.065
797.312
797.312
797.312
797.312
797.312
799
799
799
799
799
798.417
798.417
798.417
798.417
798.417
798.995
798.995
798.995
798.995
798.995
798.384
798.384
798.384
798.384
798.384
798.363
798.363
798.363
798.363
798.363
798.346
798.346
798.346
798.346
798.346
798.615
798.615
798.615
798.615
798.615
797.849
797.849
797.849
797.849
797.849
797.349
797.349
797.349
797.349
797.349
798.492
798.492
798.492
798.492
798.492
797.867
797.867
797.867
797.867
797.867
797.765
797.765
797.765
797.765
797.765
798.984
798.984
798.984
798.984
798.984
798.638
798.638
798.638
798.638
798.638
798.153
798.153
798.153
798.153
798.153
798.99
798.99
798.99
798.99
798.99
798.875
798.875
798.875
798.875
798.875
798.106
798.106
798.106
798.106
798.106
798.994
798.994
798.994
798.994
798.994
798.941
798.941
798.941
798.941
798.941
798.434
798.434
798.434
798.434
798.434
798.57
798.57
798.57
798.57
798.57
798.686
798.686
798.686
798.686
798.686
798.996
798.996
798.996
798.996
798.996
798.998
798.998
798.998
798.998
798.998
798.419
798.419
798.419
798.419
798.419
798.484
798.484
798.484
798.484
798.484
798.366
798.366
798.366
798.366
798.366
798.271
798.271
798.271
798.271
798.271
799
799
799
799
799
798.717
798.717
798.717
798.717
798.717
798.188
798.188
798.188
798.188
798.188
797.626
797.626
797.626
797.626
797.626
798.998
798.998
798.998
798.998
798.998
797.999
797.999
797.999
797.999
797.999
797.871
797.871
797.871
797.871
797.871
798.999
798.999
798.999
798.999
798.999
798.482
798.482
798.482
798.482
798.482
798.302
798.302
798.302
798.302
798.302
798.984
798.984
798.984
798.984
798.984
798.972
798.972
798.972
798.972
798.972
798
798
798
798
798
797.669
797.669
797.669
797.669
797.669
797.137
797.137
797.137
797.137
797.137
796.972
796.972
796.972
796.972
796.972
798.996
798.996
798.996
798.996
798.996
798.483
798.483
798.483
798.483
798.483
798.998
798.998
798.998
798.998
798.998
797.622
797.622
797.622
797.622
797.622
797.361
797.361
797.361
797.361
797.361
796.852
796.852
796.852
796.852
796.852
799
799
799
799
799
798.582
798.582
798.582
798.582
798.582
798.331
798.331
798.331
798.331
798.331
798.922
798.922
798.922
798.922
798.922
798.992
798.992
798.992
798.992
798.992
799
799
799
799
799
798.499
798.499
798.499
798.499
798.499
797.812
797.812
797.812
797.812
797.812
797.142
797.142
797.142
797.142
797.142
798.867
798.867
798.867
798.867
798.867
798.932
798.932
798.932
798.932
798.932
798.403
798.403
798.403
798.403
798.403
798.999
798.999
798.999
798.999
798.999
798.468
798.468
798.468
798.468
798.468
798.212
798.212
798.212
798.212
798.212
798.498
798.498
798.498
798.498
798.498
797.764
797.764
797.764
797.764
797.764
797.295
797.295
797.295
797.295
797.295
798.996
798.996
798.996
798.996
798.996
798.841
798.841
798.841
798.841
798.841
798.074
798.074
798.074
798.074
798.074
799
799
799
799
799
798.996
798.996
798.996
798.996
798.996
798.12
798.12
798.12
798.12
798.12
799
799
799
799
799
798.486
798.486
798.486
798.486
798.486
798.276
798.276
798.276
798.276
798.276
799
799
799
799
799
798.962
798.962
798.962
798.962
798.962
798.324
798.324
798.324
798.324
798.324
798.99
798.99
798.99
798.99
798.99
798.427
798.427
798.427
798.427
798.427
797.64
797.64
797.64
797.64
797.64
798.648
798.648
798.648
798.648
798.648
798.222
798.222
798.222
798.222
798.222
797.3
797.3
797.3
797.3
797.3
798.875
798.875
798.875
798.875
798.875
798.456
798.456
798.456
798.456
798.456
798.998
798.998
798.998
798.998
798.998
798.057
798.057
798.057
798.057
798.057
797.308
797.308
797.308
797.308
797.308
796.877
796.877
796.877
796.877
796.877
799
799
799
799
799
797.7
797.7
797.7
797.7
797.7
797.697
797.697
797.697
797.697
797.697
798.5
798.5
798.5
798.5
798.5
798.234
798.234
798.234
798.234
798.234
797.789
797.789
797.789
797.789
797.789
798.875
798.875
798.875
798.875
798.875
798.311
798.311
798.311
798.311
798.311
797.557
797.557
797.557
797.557
797.557
798.996
798.996
798.996
798.996
798.996
798.994
798.994
798.994
798.994
798.994
798.968
798.968
798.968
798.968
798.968
798.964
798.964
798.964
798.964
798.964
798.681
798.681
798.681
798.681
798.681
798.669
798.669
798.669
798.669
798.669
798.812
798.812
798.812
798.812
798.812
798.731
798.731
798.731
798.731
798.731
798.726
798.726
798.726
798.726
798.726
798.813
798.813
798.813
798.813
798.813
798.64
798.64
798.64
798.64
798.64
798.387
798.387
798.387
798.387
798.387
798.998
798.998
798.998
798.998
798.998
798.213
798.213
798.213
798.213
798.213
798.865
798.865
798.865
798.865
798.865
798.784
798.784
798.784
798.784
798.784
798.641
798.641
798.641
798.641
798.641
797.94
797.94
797.94
797.94
797.94
798.875
798.875
798.875
798.875
798.875
798.622
798.622
798.622
798.622
798.622
798.042
798.042
798.042
798.042
798.042
799
799
799
799
799
798.748
798.748
798.748
798.748
798.748
799
799
799
799
799
797.604
797.604
797.604
797.604
797.604
796.684
796.684
796.684
796.684
796.684
798.5
798.5
798.5
798.5
798.5
798.107
798.107
798.107
798.107
798.107
797.743
797.743
797.743
797.743
797.743
797.065
797.065
797.065
797.065
797.065
798.875
798.875
798.875
798.875
798.875
798.624
798.624
798.624
798.624
798.624
798.953
798.953
798.953
798.953
798.953
798.984
798.984
798.984
798.984
798.984
798.436
798.436
798.436
798.436
798.436
797.672
797.672
797.672
797.672
797.672
799
799
799
799
799
798.359
798.359
798.359
798.359
798.359
799
799
799
799
799
797.983
797.983
797.983
797.983
797.983
798.59
798.59
798.59
798.59
798.59
798.999
798.999
798.999
798.999
798.999
798.123
798.123
798.123
798.123
798.123
797.857
797.857
797.857
797.857
797.857
797.421
797.421
797.421
797.421
797.421
798.74
798.74
798.74
798.74
798.74
798.244
798.244
798.244
798.244
798.244
797.741
797.741
797.741
797.741
797.741
798.996
798.996
798.996
798.996
798.996
798.371
798.371
798.371
798.371
798.371
799
799
799
799
799
798.496
798.496
798.496
798.496
798.496
798.339
798.339
798.339
798.339
798.339
799
799
799
799
799
798.74
798.74
798.74
798.74
798.74
798.684
798.684
798.684
798.684
798.684
798.746
798.746
798.746
798.746
798.746
798.276
798.276
798.276
798.276
798.276
797.807
797.807
797.807
797.807
797.807
797.622
797.622
797.622
797.622
797.622
798.654
798.654
798.654
798.654
798.654
797.869
797.869
797.869
797.869
797.869
797.349
797.349
797.349
797.349
797.349
798.969
798.969
798.969
798.969
798.969
797.935
797.935
797.935
797.935
797.935
798.969
798.969
798.969
798.969
798.969
798.917
798.917
798.917
798.917
798.917
798.231
798.231
798.231
798.231
798.231
797.642
797.642
797.642
797.642
797.642
798.93
798.93
798.93
798.93
798.93
798.932
798.932
798.932
798.932
798.932
799
799
799
799
799
798.763
798.763
798.763
798.763
798.763
798.505
798.505
798.505
798.505
798.505
797.545
797.545
797.545
797.545
797.545
798.812
798.812
798.812
798.812
798.812
798.746
798.746
798.746
798.746
798.746
798.953
798.953
798.953
798.953
798.953
798.328
798.328
798.328
798.328
798.328
798.232
798.232
798.232
798.232
798.232
797.914
797.914
797.914
797.914
797.914
798.984
798.984
798.984
798.984
798.984
798.976
798.976
798.976
798.976
798.976
798.969
798.969
798.969
798.969
798.969
798.916
798.916
798.916
798.916
798.916
798.574
798.574
798.574
798.574
798.574
798.75
798.75
798.75
798.75
798.75
798.75
798.75
798.75
798.75
798.75
798.718
798.718
798.718
798.718
798.718
798.933
798.933
798.933
798.933
798.933
798.947
798.947
798.947
798.947
798.947
798.42
798.42
798.42
798.42
798.42
797.515
797.515
797.515
797.515
797.515
798.873
798.873
798.873
798.873
798.873
798.872
798.872
798.872
798.872
798.872
798.6
798.6
798.6
798.6
798.6
798.968
798.968
798.968
798.968
798.968
798.978
798.978
798.978
798.978
798.978
799
799
799
799
799
797.836
797.836
797.836
797.836
797.836
797.277
797.277
797.277
797.277
797.277
797.863
797.863
797.863
797.863
797.863
799
799
799
799
799
796.623
796.623
796.623
796.623
796.623
796.743
796.743
796.743
796.743
796.743
798.871
798.871
798.871
798.871
798.871
798.995
798.995
798.995
798.995
798.995
798.995
798.995
798.995
798.995
798.995
798.429
798.429
798.429
798.429
798.429
798.308
798.308
798.308
798.308
798.308
798.951
798.951
798.951
798.951
798.951
798.976
798.976
798.976
798.976
798.976
798.48
798.48
798.48
798.48
798.48
798.204
798.204
798.204
798.204
798.204
799
799
799
799
799
798.867
798.867
798.867
798.867
798.867
798.998
798.998
798.998
798.998
798.998
798.865
798.865
798.865
798.865
798.865
798.4
798.4
798.4
798.4
798.4
798.999
798.999
798.999
798.999
798.999
798.434
798.434
798.434
798.434
798.434
798.133
798.133
798.133
798.133
798.133
799
799
799
799
799
798.25
798.25
798.25
798.25
798.25
798.576
798.576
798.576
798.576
798.576
797.952
797.952
797.952
797.952
797.952
799
799
799
799
799
798.999
798.999
798.999
798.999
798.999
798.492
798.492
798.492
798.492
798.492
799
799
799
799
799
798.343
798.343
798.343
798.343
798.343
798.319
798.319
798.319
798.319
798.319
799
799
799
799
799
798.498
798.498
798.498
798.498
798.498
798.241
798.241
798.241
798.241
798.241
798.5
798.5
798.5
798.5
798.5
798.205
798.205
798.205
798.205
798.205
798.676
798.676
798.676
798.676
798.676
798.651
798.651
798.651
798.651
798.651
798.233
798.233
798.233
798.233
798.233
797.726
797.726
797.726
797.726
797.726
798.998
798.998
798.998
798.998
798.998
798.464
798.464
798.464
798.464
798.464
798.875
798.875
798.875
798.875
798.875
798.859
798.859
798.859
798.859
798.859
797.833
797.833
797.833
797.833
797.833
797.752
797.752
797.752
797.752
797.752
798.975
798.975
798.975
798.975
798.975
798.843
798.843
798.843
798.843
798.843
798.843
798.843
798.843
798.843
798.843
798.437
798.437
798.437
798.437
798.437
798.672
798.672
798.672
798.672
798.672
798.462
798.462
798.462
798.462
798.462
798.938
798.938
798.938
798.938
798.938
798.874
798.874
798.874
798.874
798.874
798.937
798.937
798.937
798.937
798.937
798.937
798.937
798.937
798.937
798.937
798.963
798.963
798.963
798.963
798.963
798.813
798.813
798.813
798.813
798.813
798.99
798.99
798.99
798.99
798.99
798.998
798.998
798.998
798.998
798.998
799
799
799
799
799
798.875
798.875
798.875
798.875
798.875
797.665
797.665
797.665
797.665
797.665
797.804
797.804
797.804
797.804
797.804
798.873
798.873
798.873
798.873
798.873
798.77
798.77
798.77
798.77
798.77
798.934
798.934
798.934
798.934
798.934
798.992
798.992
798.992
798.992
798.992
798.69
798.69
798.69
798.69
798.69
799
799
799
799
799
798.594
798.594
798.594
798.594
798.594
798.617
798.617
798.617
798.617
798.617
799
799
799
799
799
798.968
798.968
798.968
798.968
798.968
798.965
798.965
798.965
798.965
798.965
798.75
798.75
798.75
798.75
798.75
798.543
798.543
798.543
798.543
798.543
797.595
797.595
797.595
797.595
797.595
797.767
797.767
797.767
797.767
797.767
799
799
799
799
799
798.716
798.716
798.716
798.716
798.716
798.177
798.177
798.177
798.177
798.177
799
799
799
799
799
798.929
798.929
798.929
798.929
798.929
799
799
799
799
799
798.999
798.999
798.999
798.999
798.999
798.995
798.995
798.995
798.995
798.995
798.484
798.484
798.484
798.484
798.484
798.469
798.469
798.469
798.469
798.469
797.718
797.718
797.718
797.718
797.718
799
799
799
799
799
798.7
798.7
798.7
798.7
798.7
798.537
798.537
798.537
798.537
798.537
798.529
798.529
798.529
798.529
798.529
799
799
799
799
799
798.5
798.5
798.5
798.5
798.5
798.992
798.992
798.992
798.992
798.992
798.859
798.859
798.859
798.859
798.859
798.427
798.427
798.427
798.427
798.427
798.294
798.294
798.294
798.294
798.294
798.984
798.984
798.984
798.984
798.984
798.937
798.937
798.937
798.937
798.937
798.937
798.937
798.937
798.937
798.937
798.373
798.373
798.373
798.373
798.373
798.731
798.731
798.731
798.731
798.731
798.661
798.661
798.661
798.661
798.661
799
799
799
799
799
798.624
798.624
798.624
798.624
798.624
798.113
798.113
798.113
798.113
798.113
798.998
798.998
798.998
798.998
798.998
798.812
798.812
798.812
798.812
798.812
798.404
798.404
798.404
798.404
798.404
798.68
798.68
798.68
798.68
798.68
798.617
798.617
798.617
798.617
798.617
798.606
798.606
798.606
798.606
798.606
798.938
798.938
798.938
798.938
798.938
798.387
798.387
798.387
798.387
798.387
799
799
799
799
799
799
799
799
799
799
798.996
798.996
798.996
798.996
798.996
798.412
798.412
798.412
798.412
798.412
799
799
799
799
799
798.449
798.449
798.449
798.449
798.449
798.699
798.699
798.699
798.699
798.699
798.992
798.992
798.992
798.992
798.992
798.984
798.984
798.984
798.984
798.984
798.499
798.499
798.499
798.499
798.499
798.37
798.37
798.37
798.37
798.37
798.364
798.364
798.364
798.364
798.364
797.766
797.766
797.766
797.766
797.766
799
799
799
799
799
798.995
798.995
798.995
798.995
798.995
799
799
799
799
799
798.81
798.81
798.81
798.81
798.81
798.587
798.587
798.587
798.587
798.587
798.996
798.996
798.996
798.996
798.996
798.672
798.672
798.672
798.672
798.672
798.656
798.656
798.656
798.656
798.656
798.369
798.369
798.369
798.369
798.369
798.859
798.859
798.859
798.859
798.859
798.828
798.828
798.828
798.828
798.828
798.824
798.824
798.824
798.824
798.824
798.875
798.875
798.875
798.875
798.875
798.496
798.496
798.496
798.496
798.496
799
799
799
799
799
798.738
798.738
798.738
798.738
798.738
798.718
798.718
798.718
798.718
798.718
798.969
798.969
798.969
798.969
798.969
798.718
798.718
798.718
798.718
798.718
798.046
798.046
798.046
798.046
798.046
797.432
797.432
797.432
797.432
797.432
799
799
799
799
799
798.5
798.5
798.5
798.5
798.5
798.265
798.265
798.265
798.265
798.265
798.75
798.75
798.75
798.75
798.75
798.249
798.249
798.249
798.249
798.249
798.75
798.75
798.75
798.75
798.75
798.75
798.75
798.75
798.75
798.75
798.742
798.742
798.742
798.742
798.742
798.466
798.466
798.466
798.466
798.466
799
799
799
799
799
798.874
798.874
798.874
798.874
798.874
798.82
798.82
798.82
798.82
798.82
799
799
799
799
799
798.922
798.922
798.922
798.922
798.922
799
799
799
799
799
798.803
798.803
798.803
798.803
798.803
798.608
798.608
798.608
798.608
798.608
799
799
799
799
799
798.968
798.968
798.968
798.968
798.968
798.818
798.818
798.818
798.818
798.818
798.298
798.298
798.298
798.298
798.298
799
799
799
799
799
799
799
799
799
799
798.938
798.938
798.938
798.938
798.938
798.935
798.935
798.935
798.935
798.935
798.903
798.903
798.903
798.903
798.903
798.652
798.652
798.652
798.652
798.652
798.999
798.999
798.999
798.999
798.999
798.999
798.999
798.999
798.999
798.999
799
799
799
799
799
798.625
798.625
798.625
798.625
798.625
798.248
798.248
798.248
798.248
798.248
798.747
798.747
798.747
798.747
798.747
799
799
799
799
799
798.717
798.717
798.717
798.717
798.717
798.417
798.417
798.417
798.417
798.417
798.982
798.982
798.982
798.982
798.982
798.98
798.98
798.98
798.98
798.98
798.984
798.984
798.984
798.984
798.984
798.945
798.945
798.945
798.945
798.945
798.934
798.934
798.934
798.934
798.934
798.881
798.881
798.881
798.881
798.881
799
799
799
799
799
798.242
798.242
798.242
798.242
798.242
799
799
799
799
799
798.998
798.998
798.998
798.998
798.998
798.968
798.968
798.968
798.968
798.968
798.875
798.875
798.875
798.875
798.875
798.823
798.823
798.823
798.823
798.823
798.844
798.844
798.844
798.844
798.844
798.484
798.484
798.484
798.484
798.484
798.459
798.459
798.459
798.459
798.459
798.332
798.332
798.332
798.332
798.332
798.574
798.574
798.574
798.574
798.574
799
799
799
799
799
799
799
799
799
799
799
799
799
799
799
798.249
798.249
798.249
798.249
798.249
798.247
798.247
798.247
798.247
798.247
799
799
799
799
799
798.374
798.374
798.374
798.374
798.374
798.209
798.209
798.209
798.209
798.209
797.928
797.928
797.928
797.928
797.928
798.992
798.992
798.992
798.992
798.992
798.994
798.994
798.994
798.994
798.994
798.897
798.897
798.897
798.897
798.897
799
799
799
799
799
798.973
798.973
798.973
798.973
798.973
798.75
798.75
798.75
798.75
798.75
799
799
799
799
799
798.999
798.999
798.999
798.999
798.999
798.826
798.826
798.826
798.826
798.826
799
799
799
799
799
799
799
799
799
799
798.84
798.84
798.84
798.84
798.84
799
799
799
799
799
798.25
798.25
798.25
798.25
798.25
797.935
797.935
797.935
797.935
797.935
799
799
799
799
799
798.469
798.469
798.469
798.469
798.469
798.5
798.5
798.5
798.5
798.5
798.996
798.996
798.996
798.996
798.996
798.976
798.976
798.976
798.976
798.976
798.6
798.6
798.6
798.6
798.6
799
799
799
799
799
798.904
798.904
798.904
798.904
798.904
798.489
798.489
798.489
798.489
798.489
799
799
799
799
799
798.999
798.999
798.999
798.999
798.999
798.48
798.48
798.48
798.48
798.48
799
799
799
799
799
798.734
798.734
798.734
798.734
798.734
798.999
798.999
798.999
798.999
798.999
798.864
798.864
798.864
798.864
798.864
798.6
798.6
798.6
798.6
798.6
799
799
799
799
799
798.997
798.997
798.997
798.997
798.997
798.705
798.705
798.705
798.705
798.705
798.727
798.727
798.727
798.727
798.727
799
799
799
799
799
798.977
798.977
798.977
798.977
798.977
798.75
798.75
798.75
798.75
798.75
798.5
798.5
798.5
798.5
798.5
798.746
798.746
798.746
798.746
798.746
799
799
799
799
799
799
799
799
799
799
798.797
798.797
798.797
798.797
798.797
799
799
799
799
799
798.749
798.749
798.749
798.749
798.749
798.71
798.71
798.71
798.71
798.71
798.318
798.318
798.318
798.318
798.318
799
799
799
799
799
798.999
798.999
798.999
798.999
798.999
798.998
798.998
798.998
798.998
798.998
798.5
798.5
798.5
798.5
798.5
798.482
798.482
798.482
798.482
798.482
798.778
798.778
798.778
798.778
798.778
799
799
799
799
799
799
799
799
799
799
798.984
798.984
798.984
798.984
798.984
798.75
798.75
798.75
798.75
798.75
799
799
799
799
799
799
799
799
799
799
799
799
799
799
799
798.994
798.994
798.994
798.994
798.994
798.871
798.871
798.871
798.871
798.871
798.924
798.924
798.924
798.924
798.924
798.985
798.985
798.985
798.985
798.985
799
799
799
799
799
798.25
798.25
798.25
798.25
798.25
798.202
798.202
798.202
798.202
798.202
798.992
798.992
798.992
798.992
798.992
798.863
798.863
798.863
798.863
798.863
798.953
798.953
798.953
798.953
798.953
799
799
799
799
799
798.875
798.875
798.875
798.875
798.875
798.746
798.746
798.746
798.746
798.746
798.542
798.542
798.542
798.542
798.542
799
799
799
799
799
798.984
798.984
798.984
798.984
798.984
799
799
799
799
799
798.875
798.875
798.875
798.875
798.875
798.343
798.343
798.343
798.343
798.343
798.15
798.15
798.15
798.15
798.15
799
799
799
799
799
798.992
798.992
798.992
798.992
798.992
798.5
798.5
798.5
798.5
798.5
798.5
798.5
798.5
798.5
798.5
798.463
798.463
798.463
798.463
798.463
798.141
798.141
798.141
798.141
798.141
799
799
799
799
799
798.938
798.938
798.938
798.938
798.938
798.998
798.998
798.998
798.998
798.998
798.995
798.995
798.995
798.995
798.995
798.999
798.999
798.999
798.999
798.999
798.806
798.806
798.806
798.806
798.806
799
799
799
799
799
798.75
798.75
798.75
798.75
798.75
799
799
799
799
799
799
799
799
799
799
798.961
798.961
798.961
798.961
798.961
798.759
798.759
798.759
798.759
798.759
798.875
798.875
798.875
798.875
798.875
798.375
798.375
798.375
798.375
798.375
799
799
799
799
799
798.875
798.875
798.875
798.875
798.875
798.859
798.859
798.859
798.859
798.859
798.934
798.934
798.934
798.934
798.934
799
799
799
799
799
798.992
798.992
798.992
798.992
798.992
799
799
799
799
799
798.437
798.437
798.437
798.437
798.437
797.986
797.986
797.986
797.986
797.986
797.744
797.744
797.744
797.744
797.744
799
799
799
799
799
798.999
798.999
798.999
798.999
798.999
799
799
799
799
799
798.983
798.983
798.983
798.983
798.983
798.9
798.9
798.9
798.9
798.9
798.815
798.815
798.815
798.815
798.815
798.999
798.999
798.999
798.999
798.999
798.999
798.999
798.999
798.999
798.999
798.369
798.369
798.369
798.369
798.369
799
799
799
799
799
798.997
798.997
798.997
798.997
798.997
798.999
798.999
798.999
798.999
798.999
799
799
799
799
799
798.999
798.999
798.999
798.999
798.999
799
799
799
799
799
798.969
798.969
798.969
798.969
798.969
798.875
798.875
798.875
798.875
798.875
798.459
798.459
798.459
798.459
798.459
798.969
798.969
798.969
798.969
798.969
798.492
798.492
798.492
798.492
798.492
797.933
797.933
797.933
797.933
797.933
798.5
798.5
798.5
798.5
798.5
798.343
798.343
798.343
798.343
798.343
799
799
799
799
799
798.966
798.966
798.966
798.966
798.966
798.592
798.592
798.592
798.592
798.592
0
