0
0
0
0
632.7
632.7
632.7
632.7
632.7
748.438
748.438
748.438
748.438
748.438
764.211
764.211
764.211
764.211
764.211
768.459
768.459
768.459
768.459
768.459
779.335
779.335
779.335
779.335
779.335
789.581
789.581
789.581
789.581
789.581
778.674
778.674
778.674
778.674
778.674
784.334
784.334
784.334
784.334
784.334
787.755
787.755
787.755
787.755
787.755
795.743
795.743
795.743
795.743
795.743
793.877
793.877
793.877
793.877
793.877
791.963
791.963
791.963
791.963
791.963
784.703
784.703
784.703
784.703
784.703
794.725
794.725
794.725
794.725
794.725
791.708
791.708
791.708
791.708
791.708
784.974
784.974
784.974
784.974
784.974
798.191
798.191
798.191
798.191
798.191
796.762
796.762
796.762
796.762
796.762
793.122
793.122
793.122
793.122
793.122
796.261
796.261
796.261
796.261
796.261
797.827
797.827
797.827
797.827
797.827
797.568
797.568
797.568
797.568
797.568
796.407
796.407
796.407
796.407
796.407
793.61
793.61
793.61
793.61
793.61
793.491
793.491
793.491
793.491
793.491
797.864
797.864
797.864
797.864
797.864
796.38
796.38
796.38
796.38
796.38
797.922
797.922
797.922
797.922
797.922
795.445
795.445
795.445
795.445
795.445
796.541
796.541
796.541
796.541
796.541
793.28
793.28
793.28
793.28
793.28
797.803
797.803
797.803
797.803
797.803
798.011
798.011
798.011
798.011
798.011
796.211
796.211
796.211
796.211
796.211
798.649
798.649
798.649
798.649
798.649
797.222
797.222
797.222
797.222
797.222
796.719
796.719
796.719
796.719
796.719
798.388
798.388
798.388
798.388
798.388
796.608
796.608
796.608
796.608
796.608
795.366
795.366
795.366
795.366
795.366
797.55
797.55
797.55
797.55
797.55
794.24
794.24
794.24
794.24
794.24
797.567
797.567
797.567
797.567
797.567
796.634
796.634
796.634
796.634
796.634
794.873
794.873
794.873
794.873
794.873
797.797
797.797
797.797
797.797
797.797
797.291
797.291
797.291
797.291
797.291
796.913
796.913
796.913
796.913
796.913
798.356
798.356
798.356
798.356
798.356
797.323
797.323
797.323
797.323
797.323
796.358
796.358
796.358
796.358
796.358
798.869
798.869
798.869
798.869
798.869
798.502
798.502
798.502
798.502
798.502
797.403
797.403
797.403
797.403
797.403
798.074
798.074
798.074
798.074
798.074
795.972
795.972
795.972
795.972
795.972
796.007
796.007
796.007
796.007
796.007
796.761
796.761
796.761
796.761
796.761
798.643
798.643
798.643
798.643
798.643
798.394
798.394
798.394
798.394
798.394
796.72
796.72
796.72
796.72
796.72
798.51
798.51
798.51
798.51
798.51
797.607
797.607
797.607
797.607
797.607
795.761
795.761
795.761
795.761
795.761
798.745
798.745
798.745
798.745
798.745
797.507
797.507
797.507
797.507
797.507
798.535
798.535
798.535
798.535
798.535
797.88
797.88
797.88
797.88
797.88
796.695
796.695
796.695
796.695
796.695
798.995
798.995
798.995
798.995
798.995
797.995
797.995
797.995
797.995
797.995
796.961
796.961
796.961
796.961
796.961
796.633
796.633
796.633
796.633
796.633
798.841
798.841
798.841
798.841
798.841
797.559
797.559
797.559
797.559
797.559
796.6
796.6
796.6
796.6
796.6
798.941
798.941
798.941
798.941
798.941
795.463
795.463
795.463
795.463
795.463
798.664
798.664
798.664
798.664
798.664
797.907
797.907
797.907
797.907
797.907
796.903
796.903
796.903
796.903
796.903
798.562
798.562
798.562
798.562
798.562
798.674
798.674
798.674
798.674
798.674
798.332
798.332
798.332
798.332
798.332
797.998
797.998
797.998
797.998
797.998
798.358
798.358
798.358
798.358
798.358
797.189
797.189
797.189
797.189
797.189
798.5
798.5
798.5
798.5
798.5
797.189
797.189
797.189
797.189
797.189
796.205
796.205
796.205
796.205
796.205
795.506
795.506
795.506
795.506
795.506
799
799
799
799
799
798.413
798.413
798.413
798.413
798.413
798.215
798.215
798.215
798.215
798.215
798.101
798.101
798.101
798.101
798.101
796.921
796.921
796.921
796.921
796.921
796.09
796.09
796.09
796.09
796.09
797.966
797.966
797.966
797.966
797.966
797.52
797.52
797.52
797.52
797.52
799
799
799
799
799
798.734
798.734
798.734
798.734
798.734
798.068
798.068
798.068
798.068
798.068
798.039
798.039
798.039
798.039
798.039
799
799
799
799
799
798.122
798.122
798.122
798.122
798.122
798.844
798.844
798.844
798.844
798.844
798.655
798.655
798.655
798.655
798.655
798.214
798.214
798.214
798.214
798.214
798.5
798.5
798.5
798.5
798.5
798.434
798.434
798.434
798.434
798.434
798.413
798.413
798.413
798.413
798.413
797.952
797.952
797.952
797.952
797.952
798.102
798.102
798.102
798.102
798.102
797.05
797.05
797.05
797.05
797.05
798.75
798.75
798.75
798.75
798.75
798.734
798.734
798.734
798.734
798.734
797.722
797.722
797.722
797.722
797.722
798.875
798.875
798.875
798.875
798.875
798.135
798.135
798.135
798.135
798.135
798.256
798.256
798.256
798.256
798.256
798.965
798.965
798.965
798.965
798.965
798.112
798.112
798.112
798.112
798.112
798.171
798.171
798.171
798.171
798.171
798.05
798.05
798.05
798.05
798.05
799
799
799
799
799
798.945
798.945
798.945
798.945
798.945
798.869
798.869
798.869
798.869
798.869
799
799
799
799
799
798.917
798.917
798.917
798.917
798.917
798.669
798.669
798.669
798.669
798.669
798.375
798.375
798.375
798.375
798.375
798.489
798.489
798.489
798.489
798.489
798.161
798.161
798.161
798.161
798.161
798.218
798.218
798.218
798.218
798.218
797.999
797.999
797.999
797.999
797.999
797.415
797.415
797.415
797.415
797.415
798.5
798.5
798.5
798.5
798.5
797.692
797.692
797.692
797.692
797.692
797
797
797
797
797
798.718
798.718
798.718
798.718
798.718
798.731
798.731
798.731
798.731
798.731
798.113
798.113
798.113
798.113
798.113
797.578
797.578
797.578
797.578
797.578
797.566
797.566
797.566
797.566
797.566
796.58
796.58
796.58
796.58
796.58
798.991
798.991
798.991
798.991
798.991
798.135
798.135
798.135
798.135
798.135
798.937
798.937
798.937
798.937
798.937
798.78
798.78
798.78
798.78
798.78
798.732
798.732
798.732
798.732
798.732
797.525
797.525
797.525
797.525
797.525
798.988
798.988
798.988
798.988
798.988
798.884
798.884
798.884
798.884
798.884
798.738
798.738
798.738
798.738
798.738
798
798
798
798
798
797.933
797.933
797.933
797.933
797.933
798.147
798.147
798.147
798.147
798.147
798.875
798.875
798.875
798.875
798.875
798.998
798.998
798.998
798.998
798.998
798.409
798.409
798.409
798.409
798.409
798.987
798.987
798.987
798.987
798.987
798.954
798.954
798.954
798.954
798.954
798.695
798.695
798.695
798.695
798.695
799
799
799
799
799
798.433
798.433
798.433
798.433
798.433
798.288
798.288
798.288
798.288
798.288
798.5
798.5
798.5
798.5
798.5
797.969
797.969
797.969
797.969
797.969
798.937
798.937
798.937
798.937
798.937
798.262
798.262
798.262
798.262
798.262
798.197
798.197
798.197
798.197
798.197
797.386
797.386
797.386
797.386
797.386
799
799
799
799
799
799
799
799
799
799
798.998
798.998
798.998
798.998
798.998
798.996
798.996
798.996
798.996
798.996
798.467
798.467
798.467
798.467
798.467
798.5
798.5
798.5
798.5
798.5
798.984
798.984
798.984
798.984
798.984
798.361
798.361
798.361
798.361
798.361
798.875
798.875
798.875
798.875
798.875
798.719
798.719
798.719
798.719
798.719
798.699
798.699
798.699
798.699
798.699
798.376
798.376
798.376
798.376
798.376
798.937
798.937
798.937
798.937
798.937
798.933
798.933
798.933
798.933
798.933
798.749
798.749
798.749
798.749
798.749
798.721
798.721
798.721
798.721
798.721
798.719
798.719
798.719
798.719
798.719
797.955
797.955
797.955
797.955
797.955
799
799
799
799
799
798.5
798.5
798.5
798.5
798.5
799
799
799
799
799
798.872
798.872
798.872
798.872
798.872
798.097
798.097
798.097
798.097
798.097
798.532
798.532
798.532
798.532
798.532
798.969
798.969
798.969
798.969
798.969
798.9
798.9
798.9
798.9
798.9
798.872
798.872
798.872
798.872
798.872
798.742
798.742
798.742
798.742
798.742
798.87
798.87
798.87
798.87
798.87
798.969
798.969
798.969
798.969
798.969
798.98
798.98
798.98
798.98
798.98
798.952
798.952
798.952
798.952
798.952
798.897
798.897
798.897
798.897
798.897
799
799
799
799
799
798.966
798.966
798.966
798.966
798.966
798.747
798.747
798.747
798.747
798.747
798.938
798.938
798.938
798.938
798.938
798.859
798.859
798.859
798.859
798.859
799
799
799
799
799
798.937
798.937
798.937
798.937
798.937
798.245
798.245
798.245
798.245
798.245
799
799
799
799
799
798.969
798.969
798.969
798.969
798.969
798.963
798.963
798.963
798.963
798.963
799
799
799
799
799
798.982
798.982
798.982
798.982
798.982
798.996
798.996
798.996
798.996
798.996
799
799
799
799
799
798.734
798.734
798.734
798.734
798.734
798.711
798.711
798.711
798.711
798.711
798.584
798.584
798.584
798.584
798.584
798.75
798.75
798.75
798.75
798.75
798.719
798.719
798.719
798.719
798.719
798.437
798.437
798.437
798.437
798.437
798.991
798.991
798.991
798.991
798.991
798.996
798.996
798.996
798.996
798.996
798.498
798.498
798.498
798.498
798.498
798.938
798.938
798.938
798.938
798.938
798.965
798.965
798.965
798.965
798.965
798.896
798.896
798.896
798.896
798.896
799
799
799
799
799
798.717
798.717
798.717
798.717
798.717
798.75
798.75
798.75
798.75
798.75
798.687
798.687
798.687
798.687
798.687
798.68
798.68
798.68
798.68
798.68
799
799
799
799
799
799
799
799
799
799
798.972
798.972
798.972
798.972
798.972
799
799
799
799
799
798.998
798.998
798.998
798.998
798.998
798.498
798.498
798.498
798.498
798.498
798.687
798.687
798.687
798.687
798.687
798.249
798.249
798.249
798.249
798.249
797.937
797.937
797.937
797.937
797.937
799
799
799
799
799
799
799
799
799
799
798.75
798.75
798.75
798.75
798.75
798.809
798.809
798.809
798.809
798.809
799
799
799
799
799
798.484
798.484
798.484
798.484
798.484
798.419
798.419
798.419
798.419
798.419
799
799
799
799
799
799
799
799
799
799
798.982
798.982
798.982
798.982
798.982
798.969
798.969
798.969
798.969
798.969
798.953
798.953
798.953
798.953
798.953
798.984
798.984
798.984
798.984
798.984
799
799
799
799
799
799
799
799
799
799
798.858
798.858
798.858
798.858
798.858
799
799
799
799
799
798.483
798.483
798.483
798.483
798.483
798.48
798.48
798.48
798.48
798.48
799
799
799
799
799
798.959
798.959
798.959
798.959
798.959
799
799
799
799
799
799
799
799
799
799
798.969
798.969
798.969
798.969
798.969
798.496
798.496
798.496
798.496
798.496
798.488
798.488
798.488
798.488
798.488
798.487
798.487
798.487
798.487
798.487
799
799
799
799
799
798.75
798.75
798.75
798.75
798.75
798.734
798.734
798.734
798.734
798.734
798.968
798.968
798.968
798.968
798.968
799
799
799
799
799
798.469
798.469
798.469
798.469
798.469
799
799
799
799
799
798.969
798.969
798.969
798.969
798.969
798.98
798.98
798.98
798.98
798.98
798.49
798.49
798.49
798.49
798.49
799
799
799
799
799
799
799
799
799
799
798.859
798.859
798.859
798.859
798.859
798.992
798.992
798.992
798.992
798.992
798.965
798.965
798.965
798.965
798.965
798.965
798.965
798.965
798.965
798.965
799
799
799
799
799
799
799
799
799
799
799
799
799
799
799
799
799
799
799
799
799
799
799
799
799
798.938
798.938
798.938
798.938
798.938
798.969
798.969
798.969
798.969
798.969
798.969
798.969
798.969
798.969
798.969
799
799
799
799
799
798.969
798.969
798.969
798.969
798.969
798.968
798.968
798.968
798.968
798.968
798.959
798.959
798.959
798.959
798.959
799
799
799
799
799
799
799
799
799
799
798.969
798.969
798.969
798.969
798.969
799
799
799
799
799
799
799
799
799
799
799
799
799
799
799
799
799
799
799
799
798.999
798.999
798.999
798.999
798.999
798.969
798.969
798.969
798.969
798.969
798.969
798.969
798.969
798.969
798.969
798.711
798.711
798.711
798.711
798.711
798.336
798.336
798.336
798.336
798.336
799
799
799
799
799
798.492
798.492
798.492
798.492
798.492
798.244
798.244
798.244
798.244
798.244
799
799
799
799
799
799
799
799
799
799
799
799
799
799
799
799
799
799
799
799
798.734
798.734
798.734
798.734
798.734
798.234
798.234
798.234
798.234
798.234
799
799
799
799
799
799
799
799
799
799
799
799
799
799
799
799
799
799
799
799
799
799
799
799
799
799
799
799
799
799
799
799
799
799
799
798.93
798.93
798.93
798.93
798.93
798.694
798.694
798.694
798.694
798.694
799
799
799
799
799
799
799
799
799
799
798.99
798.99
798.99
798.99
798.99
799
799
799
799
799
799
799
799
799
799
798.99
798.99
798.99
798.99
798.99
799
799
799
799
799
798.969
798.969
798.969
798.969
798.969
798.969
798.969
798.969
798.969
798.969
799
799
799
799
799
798.937
798.937
798.937
798.937
798.937
799
799
799
799
799
799
799
799
799
799
798.701
798.701
798.701
798.701
798.701
799
799
799
799
799
799
799
799
799
799
798.851
798.851
798.851
798.851
798.851
799
799
799
799
799
798.984
798.984
798.984
798.984
798.984
798.982
798.982
798.982
798.982
798.982
798.443
798.443
798.443
798.443
798.443
799
799
799
799
799
799
799
799
799
799
799
799
799
799
799
798.984
798.984
798.984
798.984
798.984
798.867
798.867
798.867
798.867
798.867
798.771
798.771
798.771
798.771
798.771
799
799
799
799
799
798.969
798.969
798.969
798.969
798.969
798.969
798.969
798.969
798.969
798.969
799
799
799
799
799
798.992
798.992
798.992
798.992
798.992
798.715
798.715
798.715
798.715
798.715
799
799
799
799
799
799
799
799
799
799
799
799
799
799
799
799
799
799
799
799
798.75
798.75
798.75
798.75
798.75
798.734
798.734
798.734
798.734
798.734
799
799
799
799
799
799
799
799
799
799
798.499
798.499
798.499
798.499
798.499
799
799
799
799
799
799
799
799
799
799
799
799
799
799
799
799
799
799
799
799
799
799
799
799
799
799
799
799
799
799
799
799
799
799
799
799
799
799
799
799
799
799
799
799
799
799
799
799
799
799
799
799
799
799
799
799
799
799
799
799
799
799
799
799
799
798.999
798.999
798.999
798.999
798.999
799
799
799
799
799
799
799
799
799
799
798.99
798.99
798.99
798.99
798.99
798.934
798.934
798.934
798.934
798.934
799
799
799
799
799
798.875
798.875
798.875
798.875
798.875
798.313
798.313
798.313
798.313
798.313
799
799
799
799
799
799
799
799
799
799
799
799
799
799
799
799
799
799
799
799
799
799
799
799
799
799
799
799
799
799
798.938
798.938
798.938
798.938
798.938
798.922
798.922
798.922
798.922
798.922
799
799
799
799
799
799
799
799
799
799
799
799
799
799
799
798.998
798.998
798.998
798.998
798.998
799
799
799
799
799
798.5
798.5
798.5
798.5
798.5
798.5
798.5
798.5
798.5
798.5
799
799
799
799
799
799
799
799
799
799
799
799
799
799
799
799
799
799
799
799
799
799
799
799
799
798.996
798.996
798.996
798.996
798.996
799
799
799
799
799
799
799
799
799
799
799
799
799
799
799
799
799
799
799
799
799
799
799
799
799
799
799
799
799
799
799
799
799
799
799
798.998
798.998
798.998
798.998
798.998
798.968
798.968
798.968
798.968
798.968
799
799
799
799
799
799
799
799
799
799
799
799
799
799
799
799
799
799
799
799
798.875
798.875
798.875
798.875
798.875
798.875
798.875
798.875
798.875
798.875
799
799
799
799
799
799
799
799
799
799
798.996
798.996
798.996
798.996
798.996
798.998
798.998
798.998
798.998
798.998
798.994
798.994
798.994
798.994
798.994
798.872
798.872
798.872
798.872
798.872
799
799
799
799
799
799
799
799
799
799
799
799
799
799
799
799
799
799
799
799
799
799
799
799
799
799
799
799
799
799
799
799
799
799
799
799
799
799
799
799
798.867
798.867
798.867
798.867
798.867
799
799
799
799
799
799
799
799
799
799
798.75
798.75
798.75
798.75
798.75
799
799
799
799
799
799
799
799
799
799
798.75
798.75
798.75
798.75
798.75
798.749
798.749
798.749
798.749
798.749
798.75
798.75
798.75
798.75
798.75
799
799
799
799
799
799
799
799
799
799
799
799
799
799
799
799
799
799
799
799
799
799
799
799
799
799
799
799
799
799
798.984
798.984
798.984
798.984
798.984
799
799
799
799
799
799
799
799
799
799
799
799
799
799
799
798.938
798.938
798.938
798.938
798.938
799
799
799
799
799
799
799
799
799
799
799
799
799
799
799
798.969
798.969
798.969
798.969
798.969
798.968
798.968
798.968
798.968
798.968
799
799
799
799
799
799
799
799
799
799
798.996
798.996
798.996
798.996
798.996
799
799
799
799
799
799
799
799
799
799
799
799
799
799
799
799
799
799
799
799
799
799
799
799
799
799
799
799
799
799
799
799
799
799
799
798.938
798.938
798.938
798.938
798.938
799
799
799
799
799
799
799
799
799
799
798.875
798.875
798.875
798.875
798.875
798.248
798.248
798.248
798.248
798.248
798.938
798.938
798.938
798.938
798.938
798.938
798.938
798.938
798.938
798.938
799
799
799
799
799
799
799
799
799
799
799
799
799
799
799
799
799
799
799
799
799
799
799
799
799
798.492
798.492
798.492
798.492
798.492
799
799
799
799
799
799
799
799
799
799
799
799
799
799
799
799
799
799
799
799
799
799
799
799
799
798.844
798.844
798.844
798.844
798.844
799
799
799
799
799
799
799
799
799
799
798.75
798.75
798.75
798.75
798.75
799
799
799
799
799
799
799
799
799
799
798.5
798.5
798.5
798.5
798.5
799
799
799
799
799
799
799
799
799
799
799
799
799
799
799
799
799
799
799
799
799
799
799
799
799
799
799
799
799
799
798.929
798.929
798.929
798.929
798.929
799
799
799
799
799
799
799
799
799
799
799
799
799
799
799
799
799
799
799
799
799
799
799
799
799
799
799
799
799
799
799
799
799
799
799
798.982
798.982
798.982
798.982
798.982
798.859
798.859
798.859
798.859
798.859
799
799
799
799
799
799
799
799
799
799
799
799
799
799
799
799
799
799
799
799
798.992
798.992
798.992
798.992
798.992
799
799
799
799
799
799
799
799
799
799
799
799
799
799
799
799
799
799
799
799
798.992
798.992
798.992
798.992
798.992
798.994
798.994
798.994
798.994
798.994
798.994
798.994
798.994
798.994
798.994
799
799
799
799
799
799
799
799
799
799
799
799
799
799
799
799
799
799
799
799
799
799
799
799
799
799
799
799
799
799
799
799
799
799
799
799
799
799
799
799
798.5
798.5
798.5
798.5
798.5
799
799
799
799
799
799
799
799
799
799
799
799
799
799
799
799
799
799
799
799
799
799
799
799
799
798.969
798.969
798.969
798.969
798.969
799
799
799
799
799
799
799
799
799
799
799
799
799
799
799
799
799
799
799
799
799
799
799
799
799
799
799
799
799
799
799
799
799
799
799
799
799
799
799
799
799
799
799
799
799
799
799
799
799
799
798.999
798.999
798.999
798.999
798.999
799
799
799
799
799
799
799
799
799
799
799
799
799
799
799
799
799
799
799
799
799
799
799
799
799
799
799
799
799
799
799
799
799
799
799
799
799
799
799
799
799
799
799
799
799
799
799
799
799
799
799
799
799
799
799
799
799
799
799
799
799
799
799
799
799
799
799
799
799
799
799
799
799
799
799
799
799
799
799
799
799
799
799
799
799
799
799
799
799
799
798.875
798.875
798.875
798.875
798.875
799
799
799
799
799
799
799
799
799
799
799
799
799
799
799
799
799
799
799
799
799
799
799
799
799
799
799
799
799
799
799
799
799
799
799
799
799
799
799
799
799
799
799
799
799
799
799
799
799
799
799
799
799
799
799
799
799
799
799
799
799
799
799
799
799
799
799
799
799
799
799
799
799
799
799
799
799
799
799
799
799
799
799
799
799
799
799
799
799
799
799
799
799
799
799
799
799
799
799
799
799
799
799
799
799
799
799
799
799
799
799
799
799
799
799
799
799
799
799
799
799
799
799
799
799
799
799
799
799
799
799
799
799
799
799
799
799
799
799
799
799
799
799
799
799
799
799
799
799
799
799
799
799
799
799
799
799
799
799
799
799
799
799
799
799
799
799
799
799
799
799
799
799
799
799
799
799
799
799
799
799
799
799
799
799
799
799
799
799
799
798.875
798.875
798.875
798.875
798.875
799
799
799
799
799
799
799
799
799
799
799
799
799
799
799
799
799
799
799
799
799
799
799
799
799
799
799
799
799
799
799
799
799
799
799
799
799
799
799
799
799
799
799
799
799
799
799
799
799
799
799
799
799
799
799
799
799
799
799
799
799
799
799
799
799
799
799
799
799
799
799
799
799
799
799
799
799
799
799
799
799
799
799
799
799
799
799
799
799
799
799
799
799
799
799
798.938
798.938
798.938
798.938
798.938
799
799
799
799
799
799
799
799
799
799
799
799
799
799
799
798.984
798.984
798.984
798.984
798.984
799
799
799
799
799
799
799
799
799
799
799
799
799
799
799
799
799
799
799
799
799
799
799
799
799
799
799
799
799
799
799
799
799
799
799
799
799
799
799
799
799
799
799
799
799
799
799
799
799
799
799
799
799
799
799
799
799
799
799
799
799
799
799
799
799
799
799
799
799
799
799
799
799
799
799
799
799
799
799
799
799
799
799
799
799
799
799
799
799
799
799
799
799
799
799
799
799
799
799
799
799
799
799
799
799
799
799
799
799
799
799
799
799
799
799
799
799
799
799
799
799
799
799
799
799
799
799
799
799
799
799
799
799
799
799
799
799
799
799
799
798.996
798.996
798.996
798.996
798.996
799
799
799
799
799
799
799
799
799
799
799
799
799
799
799
799
799
799
799
799
799
799
799
799
799
799
799
799
799
799
799
799
799
799
799
799
799
799
799
799
799
799
799
799
799
799
799
799
799
799
799
799
799
799
799
799
799
799
799
799
799
799
799
799
799
799
799
799
799
799
799
799
799
799
799
799
799
799
799
799
799
799
799
799
799
799
799
799
799
799
799
799
799
799
799
799
799
799
799
799
799
799
799
799
799
799
799
799
799
799
799
799
799
799
799
799
799
799
799
799
799
799
799
799
799
799
799
799
799
799
799
799
799
799
799
799
799
799
799
799
799
799
799
799
799
799
799
799
799
799
799
799
799
799
799
799
799
799
799
799
799
799
799
799
799
799
799
799
799
799
799
799
799
799
799
799
799
799
799
799
799
799
799
799
799
799
799
799
799
799
799
799
799
799
799
799
799
799
799
799
799
799
799
799
799
799
799
799
799
799
799
799
799
799
799
799
799
799
799
799
799
799
799
799
799
799
799
799
799
799
799
799
799
799
799
799
799
799
799
799
799
799
799
799
799
799
799
799
799
799
799
799
799
799
799
799
799
799
799
799
799
799
799
799
799
799
799
799
799
799
799
799
799
799
799
799
799
799
799
799
798.992
798.992
798.992
798.992
798.992
799
799
799
799
799
799
799
799
799
799
799
799
799
799
799
799
799
799
799
799
799
799
799
799
799
799
799
799
799
799
799
799
799
799
799
799
799
799
799
799
799
799
799
799
799
799
799
799
799
799
799
799
799
799
799
799
799
799
799
799
799
799
799
799
799
799
799
799
799
799
799
799
799
799
799
799
799
799
799
799
799
799
799
799
799
799
799
799
799
799
799
799
799
799
799
799
799
799
799
799
799
799
799
799
799
799
799
799
799
799
799
799
799
799
799
799
799
799
799
799
799
799
799
799
799
799
799
799
799
799
799
799
799
799
799
799
799
799
799
799
799
799
799
799
799
799
799
799
799
799
799
799
799
799
799
799
799
799
799
799
799
799
799
799
799
799
799
799
799
799
799
799
799
799
799
799
799
799
799
799
799
799
799
799
799
799
799
799
799
799
799
799
799
799
799
799
799
799
799
799
799
799
799
799
799
799
799
799
799
799
799
799
799
799
799
799
799
799
799
799
799
799
799
799
799
799
799
799
799
799
799
799
799
799
799
799
799
799
799
799
799
799
799
799
799
799
799
799
799
799
799
799
799
799
799
799
799
799
799
799
799
799
799
799
799
799
799
799
799
799
799
799
799
799
799
799
799
799
799
799
799
799
799
799
799
799
799
799
799
799
799
799
799
799
799
799
799
799
799
799
799
799
799
799
799
799
799
799
799
799
799
799
799
799
799
799
799
799
799
799
799
799
799
799
799
799
799
799
799
799
799
799
799
799
799
799
799
799
799
799
799
799
799
799
799
799
799
799
799
799
799
799
799
799
799
799
799
799
799
799
799
799
799
799
799
799
799
799
799
799
798.938
798.938
798.938
798.938
798.938
798.938
798.938
798.938
798.938
798.938
799
799
799
799
799
799
799
799
799
799
799
799
799
799
799
799
799
799
799
799
799
799
799
799
799
799
799
799
799
799
799
799
799
799
799
799
799
799
799
799
799
799
799
799
799
799
799
799
799
799
799
799
799
799
799
799
799
799
799
799
799
799
799
799
799
799
799
799
799
799
799
799
799
799
799
799
799
799
799
799
799
799
799
799
799
799
799
799
799
799
799
799
799
799
799
799
799
799
799
799
799
799
799
799
799
799
799
799
799
799
799
799
799
799
799
799
799
799
799
799
799
799
799
799
799
799
799
799
799
799
799
799
799
799
799
799
799
799
799
799
799
799
799
799
799
799
799
799
799
799
799
799
799
799
799
799
799
799
799
799
799
799
799
799
799
799
799
799
799
799
799
799
799
799
799
799
799
799
799
799
799
799
799
799
799
799
799
799
799
799
799
799
799
799
799
799
799
799
799
799
799
799
799
799
799
799
799
799
799
799
799
799
799
799
799
799
799
799
799
799
799
799
799
799
799
799
799
799
799
799
799
799
799
799
799
799
799
799
799
799
799
799
799
799
799
799
799
799
799
799
799
799
799
799
799
799
799
799
799
799
799
799
799
799
799
799
799
799
799
799
799
799
799
799
799
799
799
799
799
799
799
799
799
799
799
799
799
799
799
799
799
799
799
799
799
799
799
799
799
799
799
799
799
799
799
799
799
799
799
799
799
799
799
799
799
799
799
799
799
799
799
799
799
799
799
799
799
799
799
799
799
799
799
799
799
799
799
799
799
799
799
799
799
799
799
799
799
799
799
799
799
799
799
799
799
799
799
799
799
799
799
799
799
799
799
799
799
799
799
799
799
799
799
799
799
799
799
799
799
799
799
799
799
799
799
799
799
799
799
799
799
799
799
799
799
799
799
799
799
799
799
799
799
799
799
799
799
799
799
799
799
799
799
799
799
799
799
799
799
799
799
799
799
799
799
799
799
799
799
799
799
799
799
799
799
799
799
799
799
799
799
799
799
799
799
799
799
799
799
799
799
799
799
799
799
799
799
799
799
799
799
799
799
799
799
799
799
799
799
799
799
799
799
799
799
799
799
799
799
799
799
799
799
799
799
799
799
799
799
799
799
799
799
799
799
799
799
799
799
799
799
799
799
799
799
799
799
799
799
799
799
799
799
799
799
799
799
799
799
799
799
799
799
799
799
799
799
799
799
799
799
799
799
799
799
799
799
799
799
799
799
799
799
799
799
799
799
799
799
799
799
799
799
799
799
799
799
799
799
799
799
799
799
799
799
799
799
799
799
799
799
799
799
799
799
799
799
799
799
799
799
799
799
799
799
799
799
799
799
799
799
799
799
799
799
799
799
799
799
799
799
799
799
799
799
799
799
799
799
799
798.938
798.938
798.938
798.938
798.938
799
799
799
799
799
799
799
799
799
799
799
799
799
799
799
799
799
799
799
799
799
799
799
799
799
799
799
799
799
799
799
799
799
799
799
799
799
799
799
799
799
799
799
799
799
799
799
799
799
799
799
799
799
799
799
799
799
799
799
799
799
799
799
799
799
799
799
799
799
799
799
799
799
799
799
799
799
799
799
799
799
799
799
799
799
799
799
799
799
799
799
799
799
799
799
799
799
799
799
799
799
799
799
799
799
799
799
799
799
799
799
799
799
799
799
799
799
799
799
799
799
799
799
799
799
799
799
799
799
799
799
799
799
799
799
799
799
799
799
799
799
799
799
799
799
799
799
799
799
799
799
799
799
799
799
799
799
799
799
799
799
799
799
799
799
799
799
799
799
799
799
799
799
799
799
799
799
799
799
799
799
799
799
799
799
799
799
799
799
799
799
799
799
799
799
799
799
799
799
799
799
799
799
799
799
799
799
799
799
799
799
799
799
799
799
799
799
799
799
799
799
799
799
799
799
799
799
799
799
799
799
799
799
799
799
799
799
799
799
799
799
799
799
799
799
799
799
799
799
799
799
799
799
799
799
799
799
799
799
799
799
799
799
799
799
799
799
799
799
799
799
799
799
799
799
799
799
799
799
799
799
799
799
799
799
799
799
799
799
799
799
799
799
799
799
799
799
799
799
799
799
799
799
799
799
799
799
799
799
799
799
799
799
799
799
799
799
799
799
799
799
799
799
799
799
799
799
799
799
799
799
799
799
799
799
799
799
799
799
799
799
799
799
799
799
799
799
799
799
799
799
799
799
799
799
799
799
799
799
799
799
799
799
799
799
799
799
799
799
799
799
799
799
799
799
0
