0
0
0
0
408.759
408.759
408.631
408.631
408.631
634.688
634.688
634.688
634.688
634.688
736.969
736.969
736.969
736.969
736.969
502.438
502.438
502.438
502.438
502.438
757.372
757.372
757.372
757.372
757.372
565.453
565.453
565.453
565.453
565.453
715.922
715.922
715.922
715.922
715.922
597.197
597.197
597.197
597.197
597.197
493.457
493.457
493.457
493.457
493.457
527.688
527.688
527.688
527.688
527.688
738.69
738.69
738.69
738.69
738.69
594.356
594.356
594.356
594.356
594.356
333.281
333.281
333.281
333.281
333.281
267.008
267.008
267.008
267.008
267.008
588.924
588.924
588.924
588.924
588.924
485.625
485.625
485.625
485.625
485.625
675.102
675.102
675.102
675.102
675.102
566.443
566.443
566.443
566.443
566.443
197.506
197.506
197.506
197.506
197.506
593.036
593.036
593.036
593.036
593.036
473.438
473.438
473.438
473.438
473.438
328.371
328.371
328.371
328.371
328.371
561.447
561.447
561.447
561.447
561.447
446.107
446.107
446.107
446.107
446.107
624.39
624.39
624.39
624.39
624.39
684.123
684.123
684.123
684.123
684.123
682.768
682.768
682.768
682.768
682.768
526.366
526.366
526.366
526.366
526.366
522.918
522.918
522.918
522.918
522.918
466.294
466.294
466.294
466.294
466.294
524.228
524.228
524.228
524.228
524.228
304.888
304.888
304.888
304.888
304.888
393.563
393.563
393.563
393.563
393.563
745.844
745.844
745.844
745.844
745.844
565.708
565.708
565.708
565.708
565.708
355.386
355.386
355.386
355.386
355.386
348.625
348.625
348.625
348.625
348.625
296.965
296.965
296.965
296.965
296.965
328.685
328.685
328.685
328.685
328.685
533.739
533.739
533.739
533.739
533.739
522.511
522.511
522.511
522.511
522.511
378.938
378.938
378.938
378.938
378.938
655.561
655.561
655.561
655.561
655.561
729.351
729.351
729.351
729.351
729.351
344.753
344.753
344.753
344.753
344.753
439.921
439.921
439.921
439.921
439.921
576.156
576.156
576.156
576.156
576.156
559.861
559.861
559.861
559.861
559.861
594.751
594.751
594.751
594.751
594.751
743.977
743.977
743.977
743.977
743.977
764.165
764.165
764.165
764.165
764.165
499.867
499.867
499.867
499.867
499.867
635.906
635.906
635.906
635.906
635.906
610.926
610.926
610.926
610.926
610.926
573.677
573.677
573.677
573.677
573.677
625.792
625.792
625.792
625.792
625.792
583.25
583.25
583.25
583.25
583.25
698.423
698.423
698.423
698.423
698.423
534.836
534.836
534.836
534.836
534.836
369.714
369.714
369.714
369.714
369.714
658.188
658.188
658.188
658.188
658.188
531.547
531.547
531.547
531.547
531.547
486.776
486.776
486.776
486.776
486.776
326.082
326.082
326.082
326.082
326.082
404.12
404.12
404.12
404.12
404.12
588.274
588.274
588.274
588.274
588.274
525.453
525.453
525.453
525.453
525.453
467.247
467.247
467.247
467.247
467.247
277.976
277.976
277.976
277.976
277.976
599.479
599.479
599.479
599.479
599.479
601.875
601.875
601.875
601.875
601.875
332.438
332.438
332.438
332.438
332.438
336.117
336.117
336.117
336.117
336.117
429.583
429.583
429.583
429.583
429.583
502.238
502.238
502.238
502.238
502.238
350.469
350.469
350.469
350.469
350.469
625.25
625.25
625.25
625.25
625.25
375.547
375.547
375.547
375.547
375.547
508.627
508.627
508.627
508.627
508.627
575.625
575.625
575.625
575.625
575.625
540.906
540.906
540.906
540.906
540.906
413.793
413.793
413.793
413.793
413.793
394.226
394.226
394.226
394.226
394.226
684.151
684.151
684.151
684.151
684.151
591.74
591.74
591.74
591.74
591.74
547.852
547.852
547.852
547.852
547.852
564.5
564.5
564.5
564.5
564.5
529.758
529.758
529.758
529.758
529.758
330.324
330.324
330.324
330.324
330.324
157.5
157.5
157.5
157.5
157.5
590.938
590.938
590.938
590.938
590.938
605.322
605.322
605.322
605.322
605.322
665.188
665.188
665.188
665.188
665.188
596.922
596.922
596.922
596.922
596.922
642.047
642.047
642.047
642.047
642.047
511.043
511.043
511.043
511.043
511.043
549.007
549.007
549.007
549.007
549.007
366.15
366.15
366.15
366.15
366.15
384.986
384.986
384.986
384.986
384.986
571.573
571.573
571.573
571.573
571.573
577.045
577.045
577.045
577.045
577.045
408.469
408.469
408.469
408.469
408.469
274.469
274.469
274.469
274.469
274.469
650.899
650.899
650.899
650.899
650.899
502.944
502.944
502.944
502.944
502.944
534.999
534.999
534.999
534.999
534.999
564.635
564.635
564.635
564.635
564.635
593.294
593.294
593.294
593.294
593.294
460.69
460.69
460.69
460.69
460.69
545.435
545.435
545.435
545.435
545.435
360.775
360.775
360.775
360.775
360.775
359.348
359.348
359.348
359.348
359.348
632.25
632.25
632.25
632.25
632.25
657.676
657.676
657.676
657.676
657.676
647.309
647.309
647.309
647.309
647.309
414.813
414.813
414.813
414.813
414.813
566.064
566.064
566.064
566.064
566.064
605.029
605.029
605.029
605.029
605.029
641.813
641.813
641.813
641.813
641.813
672.294
672.294
672.294
672.294
672.294
625.219
625.219
625.219
625.219
625.219
720.638
720.638
720.638
720.638
720.638
519.316
519.316
519.316
519.316
519.316
343.536
343.536
343.536
343.536
343.536
654.25
654.25
654.25
654.25
654.25
738.391
738.391
738.391
738.391
738.391
411.003
411.003
411.003
411.003
411.003
697.607
697.607
697.607
697.607
697.607
641.173
641.173
641.173
641.173
641.173
397.006
397.006
397.006
397.006
397.006
468.828
468.828
468.828
468.828
468.828
502.688
502.688
502.688
502.688
502.688
371.571
371.571
371.571
371.571
371.571
519.743
519.743
519.743
519.743
519.743
606.438
606.438
606.438
606.438
606.438
376.438
376.438
376.438
376.438
376.438
576.827
576.827
576.827
576.827
576.827
277.5
277.5
277.5
277.5
277.5
418.5
505
505
505
505
411.29
411.29
411.29
411.29
411.29
788.132
788.132
788.132
788.132
788.132
577.025
577.025
577.025
577.025
577.025
561.172
561.172
561.172
561.172
561.172
565.183
565.183
565.183
565.183
565.183
361.529
361.529
361.529
361.529
361.529
625.125
625.125
625.125
625.125
625.125
584.731
584.731
584.731
584.731
584.731
393.602
393.602
393.602
393.602
393.602
658.565
658.565
658.565
658.565
658.565
771.343
771.343
771.343
771.343
771.343
503.751
503.751
503.751
503.751
503.751
303.999
303.999
303.999
303.999
303.999
693.39
693.39
693.39
693.39
693.39
597.734
597.734
597.734
597.734
597.734
479.18
479.18
479.18
479.18
479.18
568.743
568.743
568.743
568.743
568.743
588.33
588.33
588.33
588.33
588.33
628.758
628.758
628.758
628.758
628.758
607.809
607.809
607.809
607.809
607.809
507
507
507
507
507
489.781
489.781
489.781
489.781
489.781
530.596
530.596
530.596
530.596
530.596
739.073
739.071
739.071
739.071
739.071
574.531
574.531
574.531
574.531
574.531
402.466
402.466
402.466
402.466
402.466
448.897
448.897
448.897
448.897
448.897
386.302
386.302
386.302
386.302
386.302
407.26
407.26
407.26
407.26
407.26
493.469
493.469
493.469
493.469
493.469
579.473
579.473
579.473
579.473
579.473
273.396
273.396
273.396
358.293
358.293
464.25
464.25
464.25
464.25
464.25
475.683
475.683
475.683
475.683
475.683
357.618
357.618
357.618
357.618
431.737
556.352
556.352
556.352
556.352
556.352
505.84
505.813
505.813
505.813
505.813
315.649
315.649
315.649
315.649
315.649
644.815
644.815
644.815
644.815
644.815
547.402
547.402
547.402
547.402
547.402
643.53
643.53
643.53
643.53
643.53
675.78
675.78
675.78
675.78
675.78
638.185
638.185
638.185
638.185
638.185
627.203
627.203
627.203
627.203
627.203
717.008
717.008
717.008
717.008
717.008
413.794
413.794
413.794
413.794
413.794
506.25
506.25
506.25
506.25
506.25
728.241
728.241
728.241
728.241
728.241
694.436
694.436
694.436
694.436
694.436
719.562
719.562
719.562
719.562
719.562
503.062
503.062
503.062
503.062
503.062
582.008
582.008
582.008
582.008
582.008
545.516
545.516
545.516
545.516
545.516
767.59
767.59
767.59
767.59
767.59
439.43
439.43
439.43
439.43
439.43
417.946
417.946
417.946
417.946
417.946
698.207
698.207
698.207
698.207
698.207
501.194
501.194
501.194
501.194
501.194
443.688
443.688
443.688
443.688
443.688
468.938
468.938
468.938
468.938
468.938
693.782
693.782
693.782
693.782
693.782
521.5
521.5
521.5
521.5
521.5
516.936
516.936
516.936
516.936
516.936
436.612
436.612
436.612
436.612
436.612
335.602
335.602
335.602
335.602
335.602
554.764
554.764
554.764
554.764
554.764
700.603
700.603
700.603
700.603
700.603
529.358
529.358
529.358
529.358
529.358
444.244
444.244
444.244
444.244
444.244
380.931
380.931
380.931
380.931
380.931
688.902
688.902
688.902
688.902
688.902
470.546
470.546
470.546
470.546
470.546
601.451
601.451
601.451
601.451
601.451
519.5
519.5
519.5
519.5
519.5
523.055
523.055
523.055
523.055
523.055
552
552
552
552
552
504.492
504.492
504.492
504.492
504.492
546.691
546.691
546.691
546.691
546.691
471.268
471.268
471.268
471.268
471.268
597.484
597.484
597.484
597.484
597.484
670.359
670.359
670.359
670.359
670.359
425.792
425.792
425.792
425.792
425.792
627.472
627.472
627.472
627.472
627.472
626.68
626.68
626.68
626.68
626.68
341.12
341.12
341.12
341.12
341.12
523
523
523
523
523
650.167
650.167
650.167
650.167
650.167
583.906
583.906
583.906
583.906
583.906
293.275
293.275
293.275
293.275
293.275
231.695
231.695
231.695
231.695
231.695
709.404
709.404
709.404
709.404
709.404
382.882
382.882
382.882
382.882
382.882
621.493
621.493
621.493
621.493
621.493
634.141
634.141
634.141
634.141
634.141
416.207
416.207
416.207
416.207
416.207
480.507
480.507
480.507
480.507
480.507
542.462
542.462
542.462
542.462
542.462
395.058
395.058
395.058
395.058
395.058
541.146
541.146
541.146
541.146
541.146
670.922
670.922
670.922
670.922
670.922
456.07
456.07
456.07
456.07
456.07
647.799
647.799
647.799
647.799
647.799
122.541
122.541
122.541
122.541
122.541
407.9
407.9
407.9
407.9
407.9
604.875
604.875
604.875
604.875
604.875
770.991
770.991
770.991
770.991
770.991
469.149
469.149
469.149
469.149
469.149
678.191
678.191
678.191
678.191
678.191
224.438
224.438
224.438
224.438
224.438
386.5
386.5
386.5
386.5
386.5
530.5
530.5
530.5
530.5
530.5
86.0938
86.0938
86.0938
86.0938
86.0938
437.625
437.625
437.625
437.625
437.625
732.845
732.845
732.845
732.845
732.845
653.61
653.61
653.61
653.61
653.61
613.25
613.25
613.25
613.25
613.25
476.559
476.559
476.559
476.559
476.559
711.859
711.859
711.859
711.859
711.859
611.196
611.196
611.196
611.196
611.196
375.531
375.531
375.531
375.531
375.531
559.391
559.391
559.391
559.391
559.391
576.055
576.055
576.055
576.055
576.055
435.758
435.758
435.758
435.758
435.758
475.766
475.766
475.766
475.766
475.766
608.318
608.318
608.318
608.318
608.318
413.188
413.188
413.188
413.188
413.188
554.422
554.422
554.422
554.422
554.422
549.5
549.5
549.5
549.5
549.5
675.922
675.922
675.922
675.922
675.922
561.369
561.369
561.369
561.369
561.369
172.291
172.291
172.291
172.291
172.291
665.938
665.938
665.938
665.938
665.938
518.969
518.969
518.969
518.969
518.969
593.306
593.306
593.306
593.306
593.306
593.164
594.453
594.453
594.453
594.453
357.984
357.984
357.984
357.984
357.984
292.607
292.607
292.607
292.607
292.607
283.65
283.65
283.65
283.65
283.65
434.186
434.186
434.186
434.186
434.186
575.469
575.469
575.469
575.469
575.469
542.671
542.671
542.671
542.671
542.671
639.444
639.444
639.444
639.444
639.444
402.813
402.813
402.813
402.813
402.813
314.278
314.278
314.278
314.278
314.278
602.832
602.832
602.832
602.832
602.832
406.555
406.555
406.555
406.555
406.555
353.127
353.127
353.127
353.127
353.127
688.017
688.017
688.017
688.017
688.017
596.82
596.82
596.82
596.82
596.82
624.827
624.827
624.827
624.827
624.827
457.213
457.213
457.213
457.213
457.213
608.695
608.695
608.695
608.695
608.695
414.742
414.742
414.742
414.742
414.742
331.383
331.383
331.383
331.383
331.383
583.325
583.325
583.325
583.325
583.325
454.834
454.834
454.834
454.834
454.834
356.305
356.305
356.305
356.305
356.305
501.75
501.75
501.75
501.75
501.75
679.228
679.228
679.228
679.228
679.228
497.535
497.535
497.535
497.535
497.535
630.208
630.208
630.208
630.208
630.208
565.887
565.887
565.887
565.887
565.887
437.75
437.75
437.75
437.75
437.75
362.08
362.08
362.08
362.08
362.08
696.649
696.649
696.649
696.649
696.649
525.313
525.313
525.313
525.313
525.313
550.391
550.391
550.391
550.391
550.391
459.653
459.653
459.653
459.653
459.653
713.119
713.119
713.119
713.119
713.119
611.18
611.18
611.18
611.18
611.18
490.648
490.648
490.648
490.648
490.648
432.711
432.711
432.711
432.711
432.711
612.203
612.203
612.203
612.203
612.203
693.5
693.5
693.5
693.5
693.5
661.125
661.125
661.125
661.125
661.125
672.601
672.601
672.601
672.601
672.601
658.469
658.469
658.469
658.469
658.469
658.688
658.688
658.688
658.688
658.688
577
577
577
577
577
320.332
320.332
320.332
320.332
320.332
525.022
525.022
525.022
525.022
525.022
600.572
600.572
600.572
600.572
600.572
544.254
544.254
544.254
544.254
544.254
689.752
689.752
689.752
689.752
689.752
172.511
172.511
172.511
172.511
172.511
470.063
470.063
470.063
470.063
470.063
417.914
417.914
417.914
417.914
417.914
524.703
524.703
524.703
524.703
524.703
562.345
562.345
562.345
562.345
562.345
677.483
677.483
677.483
677.483
677.483
657.051
657.051
657.051
657.051
657.051
501
501
501
501
501
417.674
417.674
417.674
417.674
417.674
523.563
523.563
523.563
523.563
523.563
695.706
695.706
695.706
695.706
695.706
545.75
545.75
545.75
545.75
545.75
489.336
489.336
489.336
489.336
489.336
731.184
731.184
731.184
731.184
731.184
332.578
332.578
332.578
332.578
332.578
721
721
721
721
721
653.805
653.805
653.805
653.805
653.805
780.279
780.279
780.279
780.279
780.279
667.065
666.911
666.911
666.911
666.911
559.119
559.119
559.119
559.119
559.119
537
537
537
537
537
655.209
655.209
655.209
655.209
655.209
616
616
616
616
616
289.25
289.25
289.25
289.25
289.25
697.25
697.25
697.25
697.25
697.25
469.5
469.5
469.5
469.5
469.5
568.094
568.094
568.094
568.094
568.094
539.264
539.264
539.264
539.264
539.264
694.104
694.104
694.104
694.104
694.104
454.711
454.711
454.711
454.711
454.711
395.125
395.125
395.125
395.125
395.125
519.328
519.328
519.328
519.328
519.328
542.375
542.375
542.375
542.375
542.375
528.625
528.625
528.625
528.625
528.625
514.589
514.589
514.589
514.589
514.589
293.094
293.094
293.094
293.094
293.094
749.801
749.801
749.801
749.801
749.801
726.899
726.899
726.899
726.899
726.899
518.315
518.315
518.315
518.315
518.315
629.335
629.335
629.335
629.335
629.335
293.328
293.328
293.328
293.328
293.328
636.158
636.158
636.158
636.158
636.158
719.5
719.5
719.5
719.5
719.5
601.156
601.156
601.156
601.156
601.156
389.416
389.416
389.416
389.416
389.416
427.211
427.211
427.211
427.211
427.211
543.322
543.322
543.322
543.322
543.322
648.647
648.647
648.647
648.647
648.647
542.412
542.412
542.412
542.412
542.412
338.55
338.55
338.55
338.55
338.55
511.374
511.374
511.374
511.374
511.374
525.765
525.765
525.765
525.765
525.765
627.774
627.774
627.774
627.774
627.774
532.781
532.781
532.781
532.781
532.781
365.541
365.541
365.541
365.541
365.541
627.564
627.564
627.564
627.564
627.564
621.432
621.432
621.432
621.432
621.432
491.521
491.521
491.521
491.521
491.521
409.277
409.277
409.277
409.277
409.277
540.75
540.75
540.75
540.75
540.75
469.75
469.75
469.75
469.75
469.75
576.742
576.742
576.742
576.742
576.742
538.215
538.215
538.215
538.215
538.215
453.227
453.227
453.227
453.227
453.227
601.125
601.125
601.125
601.125
601.125
383.273
383.273
383.273
383.273
383.273
334.841
334.841
334.841
334.841
334.841
421.188
421.188
421.188
421.188
421.188
712.353
712.353
712.353
712.353
712.353
646.846
646.846
646.846
646.846
646.846
504.258
504.258
504.258
504.258
504.258
642.392
642.392
642.392
642.392
642.392
663.475
663.475
663.475
663.475
663.475
427.125
427.125
427.125
427.125
427.125
607.875
607.875
607.875
607.875
607.875
548.34
548.34
548.34
548.34
548.34
667.393
667.393
667.393
667.393
667.393
446.039
446.039
446.039
446.039
446.039
465.531
465.531
465.531
465.531
465.531
561.394
561.394
561.394
561.394
561.394
477.882
477.882
477.882
477.882
477.882
619.992
619.992
619.992
619.992
619.992
651.396
651.396
651.396
651.396
651.396
585.063
585.063
585.063
585.063
585.063
623.263
623.263
623.263
623.263
623.263
567.445
567.445
567.445
567.445
567.445
641.182
641.182
641.182
641.182
641.182
274.559
274.559
274.559
274.559
274.559
641.173
641.173
641.173
641.173
641.173
527.969
527.969
527.969
527.969
527.969
639.079
639.079
639.079
639.079
639.079
451.689
451.689
451.689
451.689
451.689
442.887
442.887
442.887
442.887
442.887
755.981
755.981
755.981
755.981
755.981
419.086
419.086
419.086
419.086
419.086
603.424
603.424
603.424
603.424
603.424
300.008
300.008
300.008
300.008
300.008
412.844
412.844
412.844
412.844
412.844
549.015
549.015
549.015
549.015
549.015
511.481
511.481
511.481
511.481
511.481
336.75
336.75
336.75
336.75
336.75
571.43
571.43
571.43
571.43
571.43
660.854
660.854
660.854
660.854
660.854
696.156
696.156
696.156
696.156
696.156
590.655
590.655
590.655
590.655
590.655
412.037
412.037
412.037
412.037
412.037
609.762
609.762
609.762
609.762
609.762
587.873
587.873
587.873
587.873
587.873
434.505
434.505
434.505
434.505
434.505
465.838
465.838
465.838
465.838
465.838
652
652
652
652
652
657.875
657.875
657.875
657.875
657.875
460.834
460.834
460.834
460.834
460.834
732.569
732.569
732.569
732.569
732.569
652.215
652.215
652.215
652.215
652.215
300.588
300.588
300.588
300.588
300.588
539.234
539.234
539.234
539.234
539.234
536.198
536.198
536.198
536.198
536.198
714.104
714.104
714.104
714.104
714.104
745.909
745.909
745.909
745.909
745.909
440.116
440.116
440.116
440.116
440.116
554.33
554.33
554.33
554.33
554.33
498.529
498.529
498.529
498.529
498.529
507.619
507.619
507.619
507.619
507.619
522.704
522.704
522.704
522.704
522.704
477.205
477.205
477.205
477.205
477.205
114.646
114.646
114.646
114.646
114.646
573.438
573.438
573.438
573.438
573.438
552.354
552.354
552.354
552.354
552.354
517.686
517.686
517.685
517.685
517.685
522.995
522.995
522.995
522.995
522.995
744.211
744.211
744.211
744.211
744.211
505.625
505.625
505.625
505.625
505.625
683.816
683.816
683.816
683.816
683.816
343.363
343.363
343.363
343.363
343.363
597.609
597.609
597.609
597.609
597.609
543.289
543.289
543.289
543.289
543.289
668.869
668.869
668.869
668.869
668.869
549.852
549.852
549.852
549.852
549.852
403.781
403.781
403.781
403.781
403.781
496.121
496.121
496.121
496.121
496.121
723.131
723.131
723.131
723.131
723.131
548.635
548.635
548.635
548.635
548.635
538.596
538.596
538.596
538.596
538.596
539.473
539.473
539.473
539.473
539.473
592.236
592.236
592.236
592.236
592.236
358.023
358.023
358.023
358.023
358.023
532.375
532.375
532.375
532.375
532.375
451.877
451.877
451.877
451.877
451.877
472.68
472.68
472.68
472.68
472.68
486.489
496.29
496.29
496.29
496.29
361.5
361.5
361.5
361.5
361.5
300.525
300.525
300.525
300.525
300.525
660.344
660.344
660.344
660.344
660.344
544.172
544.172
544.172
544.172
544.172
486.969
486.969
486.969
486.969
486.969
683.715
683.715
683.715
683.715
683.715
666.703
666.703
666.703
666.703
666.703
617.887
617.887
617.887
617.887
617.887
663.277
663.277
663.277
663.277
663.277
364.5
364.5
364.5
364.5
364.5
707.595
707.595
707.595
707.595
707.595
336.901
336.901
336.901
336.901
336.901
571.676
571.676
571.676
571.676
571.676
554.563
554.563
554.563
554.563
554.563
654.847
654.847
654.847
654.847
654.847
537.531
537.531
537.531
537.531
537.531
450.75
450.75
450.75
450.75
450.75
516.75
516.75
516.75
516.75
516.75
599.583
599.583
599.583
599.583
599.583
685.438
685.438
685.438
685.438
685.438
651
651
651
651
651
525.473
525.473
525.473
525.473
525.473
531.258
531.258
531.258
531.258
531.258
547.154
547.154
547.154
547.154
547.154
517.05
517.05
517.05
517.05
517.05
658.342
658.342
658.342
658.342
658.342
520.037
520.037
520.037
520.037
520.037
438.436
438.436
438.436
438.436
438.436
568.162
568.162
568.162
568.162
568.162
686.781
686.781
686.781
686.781
686.781
648.188
648.188
648.188
648.188
648.188
560.406
560.406
560.406
560.406
560.406
582.916
582.916
582.916
582.916
582.916
582.002
582.002
582.002
582.002
582.002
525.199
525.199
525.199
525.199
525.199
603.25
603.25
603.25
603.25
603.25
555
555
555
555
555
381.362
381.362
381.362
381.362
381.362
431.466
431.466
431.466
431.466
431.466
442.039
442.039
442.039
442.039
442.039
427.141
427.141
427.141
427.141
427.141
712.344
712.344
712.344
712.344
712.344
590.703
590.703
590.703
590.703
590.703
502.155
502.155
502.155
502.155
502.155
505.65
505.65
505.65
505.65
505.65
463.066
463.066
463.066
463.066
463.066
509.328
509.328
509.328
509.328
509.328
752.917
752.917
752.917
752.917
752.917
444.996
444.996
444.996
444.996
444.996
672.75
672.75
672.75
672.75
672.75
594.745
594.745
594.745
594.745
594.745
676.06
676.06
676.06
676.06
676.06
520.348
520.348
520.348
520.348
520.348
635.99
635.99
635.99
635.99
635.99
703.601
703.601
703.601
703.601
703.601
635.906
635.906
635.906
635.906
635.906
635.296
635.296
635.296
635.296
635.296
643.498
643.498
643.498
643.498
643.498
670.425
670.425
670.425
670.425
670.425
416.148
416.148
416.148
416.148
416.148
490.156
490.156
490.156
490.156
490.156
505.891
505.891
505.891
505.891
505.891
636.63
636.63
636.63
636.63
636.63
352.822
352.822
352.822
352.822
352.822
528.156
528.156
528.156
528.156
528.156
665.078
665.078
665.078
665.078
665.078
584.54
584.54
584.54
584.54
584.54
494.195
494.195
494.195
494.195
494.195
413.617
413.617
413.617
413.617
413.617
464.547
464.547
464.547
464.547
464.547
244.205
244.205
244.205
244.205
244.205
570.93
570.93
570.93
570.93
570.93
585.298
585.298
585.298
585.298
585.298
618.575
618.575
618.575
618.575
618.575
511.969
511.969
511.969
511.969
511.969
558.471
558.471
558.471
558.471
558.471
575.098
575.098
575.098
575.098
575.098
421.25
421.25
421.25
421.25
421.25
664.875
664.875
664.875
664.875
664.875
410.053
410.053
410.053
410.053
410.053
603.57
603.57
603.57
603.57
603.57
644.549
644.549
644.549
644.549
644.549
316.969
316.969
316.969
316.969
316.969
433.785
433.785
433.785
433.785
433.785
450.125
450.125
450.125
450.125
450.125
588.94
588.94
588.94
588.94
588.94
597.906
597.906
597.906
597.906
597.906
433.516
433.516
433.516
433.516
433.516
623
623
623
623
623
668.493
668.493
668.493
668.493
668.493
608.594
608.594
608.594
608.594
608.594
577.752
577.752
577.752
577.752
577.752
440.777
440.777
440.777
440.777
440.777
467.892
467.892
467.892
467.892
467.892
392.95
392.95
392.95
392.95
392.95
302.828
302.828
302.828
302.828
302.828
582.976
582.976
582.976
582.976
582.976
616.796
616.796
616.796
616.796
616.796
649.499
649.499
649.499
649.499
649.499
305
305
305
305
305
312.766
312.766
312.766
312.766
312.766
623.385
623.385
623.385
623.385
623.385
401.938
401.938
401.938
401.938
401.938
400.344
400.344
400.344
400.344
400.344
360.215
360.215
360.215
360.215
360.215
228.41
228.41
228.41
228.41
228.41
501.195
501.195
501.195
501.195
501.195
260.531
260.531
260.531
260.531
260.531
501.625
501.625
501.625
501.625
501.625
547.25
547.25
547.25
547.25
547.25
542.625
542.625
542.625
542.625
542.625
203.516
203.516
203.516
203.516
203.516
333.984
333.984
333.984
333.984
333.984
446.652
446.652
446.652
446.652
446.652
485.565
485.565
485.565
485.565
485.565
505.473
505.473
505.473
505.473
505.473
614.773
614.773
614.773
614.773
614.773
574.574
574.574
574.574
574.574
574.574
693.387
693.387
693.387
693.387
693.387
436.943
436.943
436.943
436.943
436.943
473.438
473.438
473.438
473.438
473.438
722.965
722.965
722.965
722.965
722.965
512.537
512.537
512.537
512.537
512.537
763.587
763.587
763.587
763.587
763.587
378.499
378.499
378.499
378.499
378.499
658.457
658.457
658.457
658.457
658.457
451.059
451.059
451.059
451.059
451.059
779.17
779.17
779.17
779.17
779.17
650.755
650.755
650.755
650.755
650.755
403.438
403.438
403.438
403.438
403.438
393.883
393.883
393.883
393.883
393.883
478.423
478.423
478.423
478.423
478.423
687.628
687.628
687.628
687.628
687.628
647.188
647.188
647.188
647.188
647.188
619
619
619
619
619
406.827
406.827
406.827
406.827
406.827
564.273
564.273
564.273
564.273
564.273
386.393
386.393
386.393
386.393
386.393
367.449
367.449
367.449
367.449
367.449
244.806
244.806
244.806
244.806
244.806
347.719
347.719
347.719
347.719
347.719
569.201
569.201
569.201
569.201
569.201
320.986
320.986
320.986
320.986
320.986
537.264
537.264
537.264
537.264
537.264
498.848
498.848
498.848
498.848
498.848
537.879
537.879
537.879
537.879
537.879
728.553
728.553
728.553
728.553
728.553
636.573
636.573
636.573
636.573
636.573
636.778
636.778
636.778
636.778
636.778
320.5
320.5
320.5
320.5
320.5
616.479
616.479
616.479
616.479
651.458
665.5
665.5
665.5
665.5
665.5
560
560
560
560
560
284.476
284.476
284.476
284.476
284.476
388.313
388.313
388.313
388.313
388.313
748.125
748.125
748.125
748.125
748.125
367.708
367.708
367.708
367.708
367.708
561.818
561.818
561.818
561.818
561.818
753.175
753.175
753.175
753.175
753.175
635.209
635.209
635.209
635.209
635.209
615.887
615.887
615.887
615.887
615.887
629.923
629.923
629.923
629.923
629.923
521.105
521.105
521.105
521.105
521.105
543.844
543.844
543.844
543.844
543.844
604.588
604.588
604.588
604.588
604.588
332.645
332.645
332.645
332.645
332.645
265.968
265.968
265.968
265.968
265.968
335.121
335.121
335.121
335.121
335.121
626.027
626.027
626.027
626.027
626.027
708.85
708.85
708.85
708.85
708.85
546.174
546.174
546.174
546.174
546.174
264.262
264.262
264.262
264.262
264.262
503.791
503.791
503.791
503.791
503.791
740.172
740.172
740.172
740.172
740.172
301.563
301.563
301.563
301.563
301.563
598.051
598.051
598.051
598.051
598.051
660.43
660.43
660.43
660.43
660.43
446.961
446.961
446.961
446.961
446.961
737.704
737.704
737.704
737.704
737.704
417.395
417.395
417.395
417.395
417.395
551.238
551.238
551.238
551.238
551.238
570.289
570.289
570.289
570.289
570.289
499.25
499.25
499.25
499.25
499.25
598.332
598.332
598.332
598.332
598.332
519.704
519.704
519.704
519.704
519.704
740.715
740.715
740.715
740.715
740.715
406.125
406.125
406.125
406.125
406.125
615.16
615.16
615.16
615.16
615.16
751.5
751.5
751.5
751.5
751.5
459.859
459.859
459.859
459.859
459.859
637.219
637.219
637.219
637.219
637.219
507.543
507.543
507.543
507.543
507.543
281.344
279.719
279.719
279.719
279.719
399.439
399.439
399.439
399.439
399.439
478.608
478.608
478.608
478.608
478.608
687.104
687.104
687.104
687.104
687.104
475.192
475.192
475.192
475.192
475.192
378.938
378.938
378.938
378.938
378.938
730.642
730.642
730.642
730.642
730.642
780.485
780.485
780.845
780.845
780.845
536.884
536.884
536.884
536.884
536.884
487.483
487.483
487.483
487.483
487.483
658.743
658.743
658.743
658.743
658.743
540.891
540.891
540.891
540.891
540.891
498.599
498.599
498.599
498.599
498.599
647.035
647.035
647.035
647.035
647.035
615.018
615.018
615.018
615.018
615.018
368.819
368.819
368.819
368.819
368.819
667.828
667.828
667.828
667.828
667.828
586.775
586.775
586.775
586.775
586.775
407.625
407.625
407.625
407.625
407.625
432.7
432.7
432.7
432.7
432.7
521.352
521.352
521.352
521.352
521.352
596.786
596.786
596.786
596.786
596.786
322.906
322.906
322.906
322.906
322.906
246.5
246.5
246.5
246.5
246.5
618.987
618.987
618.987
618.987
618.987
571.49
571.49
571.49
571.49
571.49
574.125
574.125
574.125
574.125
574.125
539.248
539.248
539.248
539.248
539.248
519.375
519.375
519.375
519.375
519.375
508.094
508.094
508.094
508.094
508.094
450.469
450.469
450.469
450.469
450.469
660.159
660.159
660.159
660.159
660.159
253.397
253.397
253.397
253.397
253.397
580.632
580.632
580.632
580.632
580.632
444.947
444.947
444.947
444.947
444.947
429.475
429.475
429.475
429.475
429.475
462.66
462.66
462.66
462.66
462.66
509.399
509.399
509.399
509.399
509.399
449.957
449.957
449.957
449.957
449.957
355.562
355.562
355.562
355.562
355.562
438.037
438.037
438.037
438.037
438.037
612.771
612.771
612.771
612.771
612.771
655.094
655.094
655.094
655.094
655.094
460.574
460.574
460.574
460.574
460.574
481.476
481.476
481.476
481.476
481.476
539.105
539.105
539.105
539.105
539.105
360
360
360
360
360
369.125
369.125
369.125
369.125
369.125
465.476
465.476
465.476
465.476
465.476
432.813
432.813
432.813
432.813
432.813
700.906
700.906
700.906
700.906
700.906
529.654
529.654
529.654
529.654
529.654
444
444
444
444
444
490.822
490.822
490.822
490.822
490.822
594.688
594.688
594.688
594.688
594.688
671.445
671.445
671.445
671.445
671.445
638.214
638.214
638.214
638.214
638.214
390.895
390.895
390.895
390.895
390.895
710.205
710.205
710.205
710.205
710.205
284.063
284.063
284.063
284.063
284.063
623.649
623.649
623.649
623.649
623.649
735
735
735
735
735
550.34
550.34
550.34
550.34
550.34
416.735
416.735
416.735
416.735
416.735
537.18
537.18
537.18
537.18
537.18
470.697
470.697
470.697
470.697
470.697
431.775
431.775
431.775
431.775
431.775
653.104
653.104
653.104
653.104
653.104
605.264
605.264
605.264
605.264
605.264
510.361
510.361
510.361
510.361
510.361
657.284
657.284
657.284
657.284
657.284
594.883
594.883
594.883
594.883
594.883
633.066
633.066
633.066
633.066
633.066
229.789
229.789
229.789
229.789
229.789
716.993
716.993
716.993
716.993
716.993
304.188
304.188
304.188
304.188
304.188
388.203
388.203
388.203
388.203
388.203
412.347
412.347
412.347
412.347
412.347
566.336
566.336
566.336
566.336
566.336
626.609
626.609
626.609
626.609
626.609
576.625
576.625
576.625
576.625
576.625
486.553
486.553
486.553
486.553
486.553
618.57
618.57
618.57
618.57
618.57
290
290
290
290
290
685.175
685.175
685.175
685.175
685.175
573.895
573.895
573.895
573.895
573.895
603.365
603.365
603.365
603.365
603.365
574.497
574.497
574.497
574.497
574.497
728.984
728.984
728.984
728.984
728.984
505.382
505.382
505.382
505.382
505.382
473.438
473.438
473.438
473.438
473.438
401.06
401.06
401.06
401.06
401.06
482.736
482.736
482.736
482.736
482.736
324.947
324.947
324.947
324.947
324.947
597.913
597.913
597.913
597.913
597.913
432.031
432.031
432.031
432.031
432.031
657.934
657.934
657.934
657.934
657.934
373.737
373.737
373.737
373.737
373.737
331.5
331.5
331.5
331.5
331.5
569.484
569.484
569.484
569.484
569.484
624.73
624.73
624.73
624.73
624.73
675.808
675.808
675.808
675.808
675.808
463.639
463.639
463.639
463.639
463.639
582.223
582.223
582.223
582.223
582.223
470.291
470.291
470.291
470.291
470.291
656.813
656.813
656.813
656.813
656.813
368.881
368.881
368.881
368.881
368.881
553.547
553.547
553.547
553.547
553.547
287.186
287.186
287.186
287.186
287.186
685.808
685.808
685.808
685.808
685.808
539.961
539.961
539.961
539.961
539.961
576.688
576.688
576.688
576.688
576.688
554.335
554.335
554.335
554.335
554.335
563.5
563.5
563.5
563.5
563.5
668.521
668.521
668.521
668.521
668.521
138.509
138.509
138.509
138.509
138.509
535.28
535.28
535.28
535.28
535.28
499.125
499.125
499.125
499.125
499.125
587.525
587.525
587.525
587.525
587.525
756.841
756.841
756.841
756.841
756.841
286.439
286.439
286.439
286.439
286.439
650.945
650.945
650.945
650.945
650.945
598.263
598.263
598.263
598.263
598.263
463.47
463.47
463.47
463.47
463.47
530.504
530.504
530.504
530.504
530.504
607.892
607.892
607.892
607.892
607.892
673.438
673.438
673.438
673.438
673.438
414.513
414.513
414.513
414.513
414.513
582.27
582.27
582.27
582.27
582.27
567.158
567.158
567.158
567.158
567.158
599.902
599.902
599.902
599.902
599.902
508.109
508.109
508.109
508.109
508.109
585.68
585.68
585.68
585.68
585.68
515.068
515.068
515.068
515.068
515.068
688
688
688
688
688
662.125
662.125
662.125
662.125
662.125
458.926
458.926
458.926
458.926
458.926
561.906
561.906
553.063
553.063
553.063
687.82
687.82
687.82
687.82
687.82
616.86
616.86
616.86
616.86
616.86
738.138
738.138
738.138
738.138
738.138
533.274
533.274
533.274
533.274
533.274
355.273
355.273
355.273
355.273
355.273
705.117
705.117
705.117
705.117
705.117
387.902
387.902
387.902
387.902
387.902
672.181
672.181
672.181
672.181
672.181
616.719
616.719
616.719
616.719
616.719
566.378
566.378
566.378
566.378
566.378
399.259
399.259
399.259
399.259
399.259
604.999
604.999
604.999
604.999
604.999
288.594
288.594
288.594
288.594
288.594
465.791
465.791
465.791
465.791
465.791
575.52
575.52
575.52
575.52
575.52
440.603
440.603
440.603
440.603
440.603
451.75
451.75
451.75
451.75
451.75
442.094
442.094
442.094
442.094
442.094
628.641
628.641
628.641
628.641
628.641
575.73
575.73
575.73
575.73
575.73
577.836
577.836
577.836
577.836
577.836
644
644
644
644
644
574.563
574.563
574.563
574.563
574.563
427.035
427.035
427.035
427.035
427.035
406.873
406.873
406.873
406.873
406.873
507.546
507.546
507.546
507.546
507.546
697.553
697.553
697.553
697.553
697.553
644.09
644.09
644.09
644.09
644.09
587.25
587.25
587.25
587.25
587.25
356.543
356.543
356.543
356.543
356.543
519.477
519.477
519.477
519.477
519.477
519.439
519.439
519.439
519.439
519.439
618.695
618.695
618.695
618.695
618.695
587.989
587.989
587.989
587.989
587.989
311.75
311.75
311.75
311.75
311.75
522.287
522.287
522.287
522.287
522.287
322.82
322.82
322.82
322.82
322.82
568.383
568.383
568.383
568.383
568.383
584.297
584.297
584.297
584.297
584.297
353.088
353.088
353.088
353.088
353.088
290.311
290.311
290.311
290.311
290.311
513.996
513.996
513.996
513.996
513.996
630
630
630
630
630
401.563
401.563
401.563
401.563
401.563
583.024
583.024
583.024
583.024
583.024
440.781
440.781
440.781
440.781
440.781
686.375
686.375
686.375
686.375
686.375
474.658
474.658
474.658
474.658
474.658
492.423
492.423
492.423
492.423
492.423
516.727
516.727
516.727
516.727
516.727
478.938
478.938
478.938
478.938
478.938
313.456
313.456
313.456
313.456
313.456
712.039
712.039
712.039
712.039
712.039
453.406
453.406
453.406
453.406
453.406
549.002
549.002
549.002
549.002
549.002
382.742
382.742
382.742
382.742
382.742
564.94
564.94
564.94
564.94
564.94
687.809
687.809
687.809
687.809
687.809
483.883
483.883
483.883
483.883
483.883
637.063
637.063
637.063
637.063
637.063
550.25
550.25
550.25
550.25
550.25
564.01
564.01
564.01
564.01
564.01
557.113
557.113
557.113
557.113
557.113
541.75
541.75
541.75
541.75
541.75
681.644
681.644
681.644
681.644
681.644
683.125
683.125
683.125
683.125
683.125
316.908
316.908
316.908
316.908
316.908
565.125
565.125
565.125
565.125
565.125
517.781
517.781
517.781
517.781
517.781
452.266
452.266
452.266
452.266
452.266
636.503
636.503
636.503
636.503
636.503
513.801
513.801
513.801
513.801
513.801
539.375
539.375
539.375
539.375
539.375
684.28
684.28
684.28
684.28
684.28
555.852
555.852
555.852
555.852
555.852
575.41
575.41
575.41
575.41
575.41
492.939
492.939
492.939
492.939
492.939
644.75
644.75
644.75
644.75
644.75
695.938
695.938
695.938
695.938
695.938
646.485
646.485
646.485
646.485
646.485
682.612
682.612
682.612
682.612
682.612
421.573
421.573
421.573
421.573
421.573
495.695
495.695
495.695
495.695
495.695
442.512
442.512
442.512
442.512
442.512
418.543
418.543
418.542
418.542
418.542
699.901
699.901
699.901
699.901
699.901
424.412
424.412
424.412
424.412
424.412
243.633
243.633
243.633
243.633
243.633
705.656
705.656
705.656
705.656
705.656
307.832
307.964
307.964
307.964
307.964
261.265
261.265
261.265
261.265
261.265
731.063
731.063
731.063
731.063
731.063
572.25
572.25
572.25
572.25
572.25
457.115
457.115
457.115
457.115
457.115
485.68
485.68
485.68
485.68
485.68
463.028
463.028
463.028
463.028
463.028
364.459
364.459
364.459
364.459
364.459
447.016
447.016
447.016
447.016
447.016
410.645
410.645
410.645
410.645
410.645
300.258
300.258
300.258
300.258
300.258
494.688
494.688
494.688
494.688
494.688
613.851
613.851
613.851
613.851
613.851
529.553
529.553
529.553
529.553
529.553
558.938
558.938
558.938
558.938
558.938
640.914
640.914
640.914
640.914
640.914
412.801
412.801
412.801
412.801
412.801
664.531
664.531
664.531
664.531
675.875
688.5
688.5
688.5
688.5
688.5
517.238
517.238
517.238
517.238
517.238
585.25
585.25
585.25
585.25
585.25
361.463
361.463
361.463
361.463
361.463
402.781
402.781
402.781
402.781
402.781
628.598
628.598
628.598
628.598
628.598
274.675
274.675
274.675
274.675
274.675
330.239
330.239
330.239
330.239
330.239
708.192
708.192
708.192
708.192
708.192
534.164
534.164
534.164
534.164
534.164
468.024
468.024
468.024
468.024
468.024
576.375
576.375
576.375
576.375
576.375
548.889
548.889
548.889
548.889
548.889
328.813
328.813
328.813
328.813
328.813
420.512
420.512
420.512
420.512
420.512
595.222
595.222
595.222
595.222
595.222
635.27
635.27
635.27
635.27
635.27
528.918
528.918
528.918
528.918
528.918
566.375
566.375
566.375
566.375
566.375
397.031
397.031
397.031
397.031
397.031
437.965
437.965
437.965
437.965
437.965
634.755
634.755
634.755
634.755
634.755
346.109
346.109
346.109
346.109
346.109
758.756
758.756
758.756
758.756
758.756
423.706
423.706
423.706
423.706
423.706
616.06
616.06
616.06
616.06
616.06
646.5
646.5
646.5
646.5
646.5
406.328
406.328
406.328
406.328
406.328
435.516
435.516
435.516
435.516
435.516
441.027
441.027
441.027
441.027
441.027
547.891
547.891
547.891
547.891
547.891
371.39
371.39
371.39
371.39
371.39
403.219
403.219
403.219
403.219
403.219
324.09
324.09
324.09
324.09
324.09
579.947
579.947
579.947
579.947
579.947
290.687
290.687
290.687
290.687
290.687
628.688
628.688
628.688
628.688
628.688
569.592
569.592
569.592
569.592
569.592
518.63
518.63
518.63
518.63
518.63
521.375
521.375
521.375
521.375
521.375
701.875
701.875
701.875
701.875
701.875
459.03
459.03
459.03
459.03
459.03
701.867
701.867
701.867
701.867
701.867
704.146
704.146
704.146
704.146
704.146
735.607
735.607
735.607
735.607
735.607
672.899
672.899
672.899
672.899
672.899
476.543
476.543
476.543
476.543
476.543
357.315
357.315
357.315
357.315
357.315
599.063
599.063
599.063
599.063
599.063
539.125
539.125
539.125
539.125
539.125
702.06
702.06
702.06
702.06
702.06
583.746
583.746
583.746
583.746
583.746
576.875
576.875
576.875
576.875
576.875
523.627
523.627
523.627
523.627
523.627
452.188
452.188
452.188
452.188
452.188
701.824
701.824
701.824
701.824
701.824
656.653
656.653
656.653
656.653
656.653
479.5
479.5
479.5
479.5
479.5
314.836
314.836
314.836
314.836
314.836
237.5
237.5
237.5
237.5
237.5
424.546
424.546
424.546
424.546
424.546
412.293
412.293
412.293
412.293
412.293
440.863
440.863
440.863
440.863
440.863
618.04
618.04
618.04
618.04
618.04
571.891
571.891
571.891
571.891
571.891
656.382
656.382
656.382
656.382
656.382
675.219
675.219
675.219
675.219
675.219
577.453
577.453
577.453
577.453
577.453
577.869
577.869
577.869
577.869
577.869
620.371
620.371
620.371
620.371
620.371
548.951
548.951
548.951
548.951
548.951
343.328
343.328
343.328
343.328
343.328
494.194
494.194
494.194
494.194
494.194
361.539
361.539
361.539
361.539
361.539
496.691
496.691
496.691
496.691
496.691
458.391
458.391
458.391
458.391
458.391
204.246
204.246
204.246
204.246
204.246
606.21
606.21
606.21
606.21
606.21
539.524
539.524
539.524
539.524
539.524
217.529
217.529
217.529
217.529
217.529
601.554
601.554
601.554
601.554
601.554
495.917
495.917
495.917
495.917
495.917
379.618
379.618
379.618
379.618
379.618
678.255
678.255
678.255
678.255
678.255
360.5
360.5
360.5
360.5
360.5
630.441
630.441
630.441
630.441
630.441
359.299
359.299
359.299
359.299
359.299
666.75
666.75
666.75
666.75
666.75
262.868
262.868
262.868
262.868
262.868
0
