0
0
0
0
710.72
710.72
710.72
710.72
710.72
763.146
763.146
763.146
763.146
763.146
688.28
688.28
688.28
688.28
688.28
769.487
769.487
769.487
769.487
769.487
774.408
774.408
774.408
774.408
774.408
772.49
772.49
772.49
772.49
772.49
788.39
788.39
788.39
788.39
788.39
791.506
791.506
791.506
791.506
791.506
776.936
776.936
776.936
776.936
776.936
781.694
781.694
781.694
781.694
781.694
788.541
788.541
788.541
788.541
788.541
780.709
780.709
780.709
780.709
780.709
779.593
779.593
779.593
779.593
779.593
783.152
783.152
783.152
783.152
783.152
778.39
778.39
778.39
778.39
778.39
785.3
785.3
785.3
785.3
785.3
774.906
774.906
774.906
774.906
774.906
776.362
776.362
776.362
776.362
776.362
787.668
787.668
787.668
787.668
787.668
787.445
787.445
787.445
787.445
787.445
782.38
782.38
782.38
782.38
782.38
791.208
791.208
791.208
791.208
791.208
784.052
784.052
784.052
784.052
784.052
795.631
795.631
795.631
795.631
795.631
791.742
791.742
791.742
791.742
791.742
792.833
792.833
792.833
792.833
792.833
789.429
789.429
789.429
789.429
789.429
784.713
784.713
784.713
784.713
784.713
782.361
782.361
782.361
782.361
782.361
784.486
784.486
784.486
784.486
784.486
797.777
797.777
797.777
797.777
797.777
794.889
794.889
794.889
794.889
794.889
791.354
791.354
791.354
791.354
791.354
796.385
796.385
796.385
796.385
796.385
793.669
793.669
793.669
793.669
793.669
791.47
791.47
791.47
791.47
791.47
798.25
798.25
798.25
798.25
798.25
794.234
794.234
794.234
794.234
794.234
789.913
789.913
789.913
789.913
789.913
786.77
786.77
786.77
786.77
786.77
783.502
783.502
783.502
783.502
783.502
792.994
792.994
792.994
792.994
792.994
796.11
796.11
796.11
796.11
796.11
788.296
788.296
788.296
788.296
788.296
793.299
793.299
793.299
793.299
793.299
789.638
789.638
789.638
789.638
789.638
796.174
796.174
796.174
796.174
796.174
792.85
792.85
792.85
792.85
792.85
798.252
798.252
798.252
798.252
798.252
795.069
795.069
795.069
795.069
795.069
789.715
789.715
789.715
789.715
789.715
794.53
794.53
794.53
794.53
794.53
791.838
791.838
791.838
791.838
791.838
786.706
786.706
786.706
786.706
786.706
795.999
795.999
795.999
795.999
795.999
793.361
793.361
793.361
793.361
793.361
792.501
792.501
792.501
792.501
792.501
796.353
796.353
796.353
796.353
796.353
794.482
794.482
794.482
794.482
794.482
791.679
791.679
791.679
791.679
791.679
795.569
795.569
795.569
795.569
795.569
794.53
794.53
794.53
794.53
794.53
792.897
792.897
792.897
792.897
792.897
797.331
797.331
797.331
797.331
797.331
793.849
793.849
793.849
793.849
793.849
793.218
793.218
793.218
793.218
793.218
794.649
794.649
794.649
794.649
794.649
793.612
793.612
793.612
793.612
793.612
790.356
790.356
790.356
790.356
790.356
797.068
797.068
797.068
797.068
797.068
794.579
794.579
794.579
794.579
794.579
793.596
793.596
793.596
793.596
793.596
793.055
793.055
793.055
793.055
793.055
793.068
793.068
793.068
793.068
793.068
791.349
791.349
791.349
791.349
791.349
797.06
797.06
797.06
797.06
797.06
796.658
796.658
796.658
796.658
796.658
794.034
794.034
794.034
794.034
794.034
797.667
797.667
797.667
797.667
797.667
797.363
797.363
797.363
797.363
797.363
793.814
793.814
793.814
793.814
793.814
788.711
788.711
788.711
788.711
788.711
789.667
789.667
789.667
789.667
789.667
782.231
782.231
782.231
782.231
782.231
798.502
798.502
798.502
798.502
798.502
796.601
796.601
796.601
796.601
796.601
795.59
795.59
795.59
795.59
795.59
795.575
795.575
795.575
795.575
795.575
796.85
796.85
796.85
796.85
796.85
797.209
797.209
797.209
797.209
797.209
797.752
797.752
797.752
797.752
797.752
797.97
797.97
797.97
797.97
797.97
795.715
795.715
795.715
795.715
795.715
796.444
796.444
796.444
796.444
796.444
794.898
794.898
794.898
794.898
794.898
791.886
791.886
791.886
791.886
791.886
798.153
798.153
798.153
798.153
798.153
796.75
796.75
796.75
796.75
796.75
794.525
794.525
794.525
794.525
794.525
798.553
798.553
798.553
798.553
798.553
797.023
797.023
797.023
797.023
797.023
793.219
793.219
793.219
793.219
793.219
794.213
794.213
794.213
794.213
794.213
791.453
791.453
791.453
791.453
791.453
789.543
789.543
789.543
789.543
789.543
797.932
797.932
797.932
797.932
797.932
798.313
798.313
798.313
798.313
798.313
797.181
797.181
797.181
797.181
797.181
797.351
797.351
797.351
797.351
797.351
796.095
796.095
796.095
796.095
796.095
794.618
794.618
794.618
794.618
794.618
796.82
796.82
796.82
796.82
796.82
797.148
797.148
797.148
797.148
797.148
795.007
795.007
795.007
795.007
795.007
798.046
798.046
798.046
798.046
798.046
794.785
794.785
794.785
794.785
794.785
792.026
792.026
792.026
792.026
792.026
798.163
798.163
798.163
798.163
798.163
797.544
797.544
797.544
797.544
797.544
796.094
796.094
796.094
796.094
796.094
796.618
796.618
796.618
796.618
796.618
795.007
795.007
795.007
795.007
795.007
793.501
793.501
793.501
793.501
793.501
798.144
798.144
798.144
798.144
798.144
797.426
797.426
797.426
797.426
797.426
795.302
795.302
795.302
795.302
795.302
797.036
797.036
797.036
797.036
797.036
795.74
795.74
795.74
795.74
795.74
795.04
795.04
795.04
795.04
795.04
797.754
797.754
797.754
797.754
797.754
796.447
796.447
796.447
796.447
796.447
796.182
796.182
796.182
796.182
796.182
797.475
797.475
797.475
797.475
797.475
795.547
795.547
795.547
795.547
795.547
793.923
793.923
793.923
793.923
793.923
796.433
796.433
796.433
796.433
796.433
795.934
795.934
795.934
795.934
795.934
795.279
795.279
795.279
795.279
795.279
798.552
798.552
798.552
798.552
798.552
797.815
797.815
797.815
797.815
797.815
796.681
796.681
796.681
796.681
796.681
797.716
797.716
797.716
797.716
797.716
797.249
797.249
797.249
797.249
797.249
795.899
795.899
795.899
795.899
795.899
797.865
797.865
797.865
797.865
797.865
797.8
797.8
797.8
797.8
797.8
796.76
796.76
796.76
796.76
796.76
797.101
797.101
797.101
797.101
797.101
794.727
794.727
794.727
794.727
794.727
796.237
796.237
796.237
796.237
796.237
798.659
798.659
798.659
798.659
798.659
797.633
797.633
797.633
797.633
797.633
797.779
797.779
797.779
797.779
797.779
798.158
798.158
798.158
798.158
798.158
797.386
797.386
797.386
797.386
797.386
795.883
795.883
795.883
795.883
795.883
798.999
798.999
798.999
798.999
798.999
797.031
797.031
797.031
797.031
797.031
796.316
796.316
796.316
796.316
796.316
798.625
798.625
798.625
798.625
798.625
796.932
796.932
796.932
796.932
796.932
796.377
796.377
796.377
796.377
796.377
798.749
798.749
798.749
798.749
798.749
798.681
798.681
798.681
798.681
798.681
797.937
797.937
797.937
797.937
797.937
797.336
797.336
797.336
797.336
797.336
797.637
797.637
797.637
797.637
797.637
797.083
797.083
797.083
797.083
797.083
798.488
798.488
798.488
798.488
798.488
797.941
797.941
797.941
797.941
797.941
796.558
796.558
796.558
796.558
796.558
798.686
798.686
798.686
798.686
798.686
797.828
797.828
797.828
797.828
797.828
797.313
797.313
797.313
797.313
797.313
798.295
798.295
798.295
798.295
798.295
797.482
797.482
797.482
797.482
797.482
794.943
794.943
794.943
794.943
794.943
797.883
797.883
797.883
797.883
797.883
798.215
798.215
798.215
798.215
798.215
798.233
798.233
798.233
798.233
798.233
798.725
798.725
798.725
798.725
798.725
798.807
798.807
798.807
798.807
798.807
797.353
797.353
797.353
797.353
797.353
797.936
797.936
797.936
797.936
797.936
796.376
796.376
796.376
796.376
796.376
797.051
797.051
797.051
797.051
797.051
798.39
798.39
798.39
798.39
798.39
797.482
797.482
797.482
797.482
797.482
797.498
797.498
797.498
797.498
797.498
798.432
798.432
798.432
798.432
798.432
796.011
796.011
796.011
796.011
796.011
795.592
795.592
795.592
795.592
795.592
798.626
798.626
798.626
798.626
798.626
797.248
797.248
797.248
797.248
797.248
796.625
796.625
796.625
796.625
796.625
798.072
798.072
798.072
798.072
798.072
797.471
797.471
797.471
797.471
797.471
797.046
797.046
797.046
797.046
797.046
798.743
798.743
798.743
798.743
798.743
798.609
798.609
798.609
798.609
798.609
796.588
796.588
796.588
796.588
796.588
798.943
798.943
798.943
798.943
798.943
797.666
797.666
797.666
797.666
797.666
796.048
796.048
796.048
796.048
796.048
798.75
798.75
798.75
798.75
798.75
797.801
797.801
797.801
797.801
797.801
796.461
796.461
796.461
796.461
796.461
798.855
798.855
798.855
798.855
798.855
798.074
798.074
798.074
798.074
798.074
797.497
797.497
797.497
797.497
797.497
798.515
798.515
798.515
798.515
798.515
797.221
797.221
797.221
797.221
797.221
797.282
797.282
797.282
797.282
797.282
798.951
798.951
798.951
798.951
798.951
798.725
798.725
798.725
798.725
798.725
797.784
797.784
797.784
797.784
797.784
798.62
798.62
798.62
798.62
798.62
797.451
797.451
797.451
797.451
797.451
795.872
795.872
795.872
795.872
795.872
798.479
798.479
798.479
798.479
798.479
798.161
798.161
798.161
798.161
798.161
797.644
797.644
797.644
797.644
797.644
798.444
798.444
798.444
798.444
798.444
797.469
797.469
797.469
797.469
797.469
796.908
796.908
796.908
796.908
796.908
798.851
798.851
798.851
798.851
798.851
797.792
797.792
797.792
797.792
797.792
796.489
796.489
796.489
796.489
796.489
798.687
798.687
798.687
798.687
798.687
798.224
798.224
798.224
798.224
798.224
797.039
797.039
797.039
797.039
797.039
797.36
797.36
797.36
797.36
797.36
798.254
798.254
798.254
798.254
798.254
797.205
797.205
797.205
797.205
797.205
796.027
796.027
796.027
796.027
796.027
795.759
795.759
795.759
795.759
795.759
797.164
797.164
797.164
797.164
797.164
798.966
798.966
798.966
798.966
798.966
796.897
796.897
796.897
796.897
796.897
797.215
797.215
797.215
797.215
797.215
798.319
798.319
798.319
798.319
798.319
797.92
797.92
797.92
797.92
797.92
797.31
797.31
797.31
797.31
797.31
798.937
798.937
798.937
798.937
798.937
797.198
797.198
797.198
797.198
797.198
796.949
796.949
796.949
796.949
796.949
798.735
798.735
798.735
798.735
798.735
797.585
797.585
797.585
797.585
797.585
796.62
796.62
796.62
796.62
796.62
798.675
798.675
798.675
798.675
798.675
798.06
798.06
798.06
798.06
798.06
797.445
797.445
797.445
797.445
797.445
798.921
798.921
798.921
798.921
798.921
798.196
798.196
798.196
798.196
798.196
796.809
796.809
796.809
796.809
796.809
798.643
798.643
798.643
798.643
798.643
798.592
798.592
798.592
798.592
798.592
798.094
798.094
798.094
798.094
798.094
798.472
798.472
798.472
798.472
798.472
798.514
798.514
798.514
798.514
798.514
797.716
797.716
797.716
797.716
797.716
798.373
798.373
798.373
798.373
798.373
797.984
797.984
797.984
797.984
797.984
797.251
797.251
797.251
797.251
797.251
798.121
798.121
798.121
798.121
798.121
798.093
798.093
798.093
798.093
798.093
797.245
797.245
797.245
797.245
797.245
798.972
798.972
798.972
798.972
798.972
797.624
797.624
797.624
797.624
797.624
796.896
796.896
796.896
796.896
796.896
799
799
799
799
799
797.932
797.932
797.932
797.932
797.932
796.162
796.162
796.162
796.162
796.162
798.681
798.681
798.681
798.681
798.681
797.058
797.058
797.058
797.058
797.058
796.681
796.681
796.681
796.681
796.681
798.99
798.99
798.99
798.99
798.99
798.892
798.892
798.892
798.892
798.892
798.417
798.417
798.417
798.417
798.417
798.67
798.67
798.67
798.67
798.67
797.925
797.925
797.925
797.925
797.925
797.096
797.096
797.096
797.096
797.096
798.652
798.652
798.652
798.652
798.652
798.376
798.376
798.376
798.376
798.376
797.75
797.75
797.75
797.75
797.75
798.961
798.961
798.961
798.961
798.961
797.837
797.837
797.837
797.837
797.837
798.186
798.186
798.186
798.186
798.186
798.487
798.487
798.487
798.487
798.487
798.089
798.089
798.089
798.089
798.089
798.12
798.12
798.12
798.12
798.12
798.691
798.691
798.691
798.691
798.691
797.096
797.096
797.096
797.096
797.096
797.711
797.711
797.711
797.711
797.711
798.121
798.121
798.121
798.121
798.121
797.365
797.365
797.365
797.365
797.365
795.261
795.261
795.261
795.261
795.261
798.484
798.484
798.484
798.484
798.484
797.717
797.717
797.717
797.717
797.717
797.886
797.886
797.886
797.886
797.886
798.466
798.466
798.466
798.466
798.466
798.148
798.148
798.148
798.148
798.148
797.953
797.953
797.953
797.953
797.953
798.948
798.948
798.948
798.948
798.948
797.451
797.451
797.451
797.451
797.451
797.1
797.1
797.1
797.1
797.1
798.73
798.73
798.73
798.73
798.73
798.137
798.137
798.137
798.137
798.137
797.424
797.424
797.424
797.424
797.424
798.987
798.987
798.987
798.987
798.987
798.924
798.924
798.924
798.924
798.924
798.39
798.39
798.39
798.39
798.39
798.57
798.57
798.57
798.57
798.57
797.921
797.921
797.921
797.921
797.921
796.605
796.605
796.605
796.605
796.605
798.996
798.996
798.996
798.996
798.996
798.689
798.689
798.689
798.689
798.689
797.339
797.339
797.339
797.339
797.339
799
799
799
799
799
798.77
798.77
798.77
798.77
798.77
797.471
797.471
797.471
797.471
797.471
798.375
798.375
798.375
798.375
798.375
798.465
798.465
798.465
798.465
798.465
798.223
798.223
798.223
798.223
798.223
798.5
798.5
798.5
798.5
798.5
797.941
797.941
797.941
797.941
797.941
798.179
798.179
798.179
798.179
798.179
796.874
796.874
796.874
796.874
796.874
796.856
796.856
796.856
796.856
796.856
796.388
796.388
796.388
796.388
796.388
798.123
798.123
798.123
798.123
798.123
796.947
796.947
796.947
796.947
796.947
797.771
797.771
797.771
797.771
797.771
798.967
798.967
798.967
798.967
798.967
798.389
798.389
798.389
798.389
798.389
797.775
797.775
797.775
797.775
797.775
798.992
798.992
798.992
798.992
798.992
798.614
798.614
798.614
798.614
798.614
798.311
798.311
798.311
798.311
798.311
797.999
797.999
797.999
797.999
797.999
797.958
797.958
797.958
797.958
797.958
796.972
796.972
796.972
796.972
796.972
798.24
798.24
798.24
798.24
798.24
797.794
797.794
797.794
797.794
797.794
797.703
797.703
797.703
797.703
797.703
798.992
798.992
798.992
798.992
798.992
798.443
798.443
798.443
798.443
798.443
797.932
797.932
797.932
797.932
797.932
798.747
798.747
798.747
798.747
798.747
797.371
797.371
797.371
797.371
797.371
797.149
797.149
797.149
797.149
797.149
797.984
797.984
797.984
797.984
797.984
796.804
796.804
796.804
796.804
796.804
795.612
795.612
795.612
795.612
795.612
798.961
798.961
798.961
798.961
798.961
798.888
798.888
798.888
798.888
798.888
798.598
798.598
798.598
798.598
798.598
799
799
799
799
799
798.163
798.163
798.163
798.163
798.163
798.589
798.589
798.589
798.589
798.589
799
799
799
799
799
798.375
798.375
798.375
798.375
798.375
797.739
797.739
797.739
797.739
797.739
798.932
798.932
798.932
798.932
798.932
798.921
798.921
798.921
798.921
798.921
798.46
798.46
798.46
798.46
798.46
798.75
798.75
798.75
798.75
798.75
798.339
798.339
798.339
798.339
798.339
798.208
798.208
798.208
798.208
798.208
797.812
797.812
797.812
797.812
797.812
797.365
797.365
797.365
797.365
797.365
796.371
796.371
796.371
796.371
796.371
798.496
798.496
798.496
798.496
798.496
797.779
797.779
797.779
797.779
797.779
797.183
797.183
797.183
797.183
797.183
798.613
798.613
798.613
798.613
798.613
797.639
797.639
797.639
797.639
797.639
797.656
797.656
797.656
797.656
797.656
798.998
798.998
798.998
798.998
798.998
798.729
798.729
798.729
798.729
798.729
798.241
798.241
798.241
798.241
798.241
798.998
798.998
798.998
798.998
798.998
798.178
798.178
798.178
798.178
798.178
797.955
797.955
797.955
797.955
797.955
798.969
798.969
798.969
798.969
798.969
798.881
798.881
798.881
798.881
798.881
798.149
798.149
798.149
798.149
798.149
797.98
797.98
797.98
797.98
797.98
797.478
797.478
797.478
797.478
797.478
796.969
796.969
796.969
796.969
796.969
798.584
798.584
798.584
798.584
798.584
798.759
798.759
798.759
798.759
798.759
797.688
797.688
797.688
797.688
797.688
798.727
798.727
798.727
798.727
798.727
798.843
798.843
798.843
798.843
798.843
797.978
797.978
797.978
797.978
797.978
798.341
798.341
798.341
798.341
798.341
797.96
797.96
797.96
797.96
797.96
797.123
797.123
797.123
797.123
797.123
798.998
798.998
798.998
798.998
798.998
798.117
798.117
798.117
798.117
798.117
797.27
797.27
797.27
797.27
797.27
798.969
798.969
798.969
798.969
798.969
798.402
798.402
798.402
798.402
798.402
797.201
797.201
797.201
797.201
797.201
798.858
798.858
798.858
798.858
798.858
798.333
798.333
798.333
798.333
798.333
797.522
797.522
797.522
797.522
797.522
798.625
798.625
798.625
798.625
798.625
797.996
797.996
797.996
797.996
797.996
797.729
797.729
797.729
797.729
797.729
798.997
798.997
798.997
798.997
798.997
798.265
798.265
798.265
798.265
798.265
797.466
797.466
797.466
797.466
797.466
798.499
798.499
798.499
798.499
798.499
798.748
798.748
798.748
798.748
798.748
797.926
797.926
797.926
797.926
797.926
798.968
798.968
798.968
798.968
798.968
798.738
798.738
798.738
798.738
798.738
798.713
798.713
798.713
798.713
798.713
798.873
798.873
798.873
798.873
798.873
798.675
798.675
798.675
798.675
798.675
798.761
798.761
798.761
798.761
798.761
798.688
798.688
798.688
798.688
798.688
798.405
798.405
798.405
798.405
798.405
798.228
798.228
798.228
798.228
798.228
798.936
798.936
798.936
798.936
798.936
798.405
798.405
798.405
798.405
798.405
797.307
797.307
797.307
797.307
797.307
798.859
798.859
798.859
798.859
798.859
798.703
798.703
798.703
798.703
798.703
798.63
798.63
798.63
798.63
798.63
798.75
798.75
798.75
798.75
798.75
797.966
797.966
797.966
797.966
797.966
797.389
797.389
797.389
797.389
797.389
798.867
798.867
798.867
798.867
798.867
798.49
798.49
798.49
798.49
798.49
798.189
798.189
798.189
798.189
798.189
798.497
798.497
798.497
798.497
798.497
798.123
798.123
798.123
798.123
798.123
797.843
797.843
797.843
797.843
797.843
798.5
798.5
798.5
798.5
798.5
797.958
797.958
797.958
797.958
797.958
798.018
798.018
798.018
798.018
798.018
797.992
797.992
797.992
797.992
797.992
797.232
797.232
797.232
797.232
797.232
797.255
797.255
797.255
797.255
797.255
798.867
798.867
798.867
798.867
798.867
798.341
798.341
798.341
798.341
798.341
797.933
797.933
797.933
797.933
797.933
798.969
798.969
798.969
798.969
798.969
798.656
798.656
798.656
798.656
798.656
797.435
797.435
797.435
797.435
797.435
798.998
798.998
798.998
798.998
798.998
798.335
798.335
798.335
798.335
798.335
796.977
796.977
796.977
796.977
796.977
798.999
798.999
798.999
798.999
798.999
798.37
798.37
798.37
798.37
798.37
798.09
798.09
798.09
798.09
798.09
798.936
798.936
798.936
798.936
798.936
797.975
797.975
797.975
797.975
797.975
797.382
797.382
797.382
797.382
797.382
798.499
798.499
798.499
798.499
798.499
797.624
797.624
797.624
797.624
797.624
797.733
797.733
797.733
797.733
797.733
798.742
798.742
798.742
798.742
798.742
798.057
798.057
798.057
798.057
798.057
797.855
797.855
797.855
797.855
797.855
798.746
798.746
798.746
798.746
798.746
798.49
798.49
798.49
798.49
798.49
797.615
797.615
797.615
797.615
797.615
798.999
798.999
798.999
798.999
798.999
798.433
798.433
798.433
798.433
798.433
798.408
798.408
798.408
798.408
798.408
798.99
798.99
798.99
798.99
798.99
798.338
798.338
798.338
798.338
798.338
797.884
797.884
797.884
797.884
797.884
799
799
799
799
799
798.588
798.588
798.588
798.588
798.588
798.653
798.653
798.653
798.653
798.653
798.687
798.687
798.687
798.687
798.687
798.397
798.397
798.397
798.397
798.397
798.22
798.22
798.22
798.22
798.22
799
799
799
799
799
798.574
798.574
798.574
798.574
798.574
797.648
797.648
797.648
797.648
797.648
798.717
798.717
798.717
798.717
798.717
798.279
798.279
798.279
798.279
798.279
798.235
798.235
798.235
798.235
798.235
798
798
798
798
798
798.96
798.96
798.96
798.96
798.96
798.749
798.749
798.749
798.749
798.749
799
799
799
799
799
798.917
798.917
798.917
798.917
798.917
797.977
797.977
797.977
797.977
797.977
798.965
798.965
798.965
798.965
798.965
798.431
798.431
798.431
798.431
798.431
798.409
798.409
798.409
798.409
798.409
799
799
799
799
799
798.835
798.835
798.835
798.835
798.835
798.615
798.615
798.615
798.615
798.615
798.624
798.624
798.624
798.624
798.624
798.369
798.369
798.369
798.369
798.369
798.412
798.412
798.412
798.412
798.412
798.984
798.984
798.984
798.984
798.984
798.263
798.263
798.263
798.263
798.263
798.247
798.247
798.247
798.247
798.247
798.734
798.734
798.734
798.734
798.734
798.929
798.929
798.929
798.929
798.929
798.347
798.347
798.347
798.347
798.347
798.966
798.966
798.966
798.966
798.966
798.958
798.958
798.958
798.958
798.958
798.661
798.661
798.661
798.661
798.661
798.998
798.998
798.998
798.998
798.998
798.716
798.716
798.716
798.716
798.716
798.645
798.645
798.645
798.645
798.645
798.741
798.741
798.741
798.741
798.741
798.245
798.245
798.245
798.245
798.245
797.415
797.415
797.415
797.415
797.415
798.873
798.873
798.873
798.873
798.873
798.369
798.369
798.369
798.369
798.369
798.332
798.332
798.332
798.332
798.332
798.342
798.342
798.342
798.342
798.342
798.17
798.17
798.17
798.17
798.17
798.571
798.571
798.571
798.571
798.571
798.991
798.991
798.991
798.991
798.991
798.712
798.712
798.712
798.712
798.712
798.699
798.699
798.699
798.699
798.699
799
799
799
799
799
797.78
797.78
797.78
797.78
797.78
796.776
796.776
796.776
796.776
796.776
799
799
799
799
799
797.592
797.592
797.592
797.592
797.592
796.599
796.599
796.599
796.599
796.599
798.871
798.871
798.871
798.871
798.871
798.964
798.964
798.964
798.964
798.964
798.452
798.452
798.452
798.452
798.452
799
799
799
799
799
798.343
798.343
798.343
798.343
798.343
797.735
797.735
797.735
797.735
797.735
798.976
798.976
798.976
798.976
798.976
798.474
798.474
798.474
798.474
798.474
798.297
798.297
798.297
798.297
798.297
799
799
799
799
799
798.777
798.777
798.777
798.777
798.777
798.764
798.764
798.764
798.764
798.764
798.981
798.981
798.981
798.981
798.981
798.914
798.914
798.914
798.914
798.914
798.668
798.668
798.668
798.668
798.668
798.871
798.871
798.871
798.871
798.871
798.353
798.353
798.353
798.353
798.353
798.841
798.841
798.841
798.841
798.841
799
799
799
799
799
797.859
797.859
797.859
797.859
797.859
797.526
797.526
797.526
797.526
797.526
798.75
798.75
798.75
798.75
798.75
798.061
798.061
798.061
798.061
798.061
797.775
797.775
797.775
797.775
797.775
799
799
799
799
799
798.983
798.983
798.983
798.983
798.983
798.487
798.487
798.487
798.487
798.487
799
799
799
799
799
798.624
798.624
798.624
798.624
798.624
798.319
798.319
798.319
798.319
798.319
799
799
799
799
799
798.491
798.491
798.491
798.491
798.491
798.239
798.239
798.239
798.239
798.239
798.483
798.483
798.483
798.483
798.483
798.239
798.239
798.239
798.239
798.239
796.842
796.842
796.842
796.842
796.842
798.813
798.813
798.813
798.813
798.813
798.738
798.738
798.738
798.738
798.738
798.163
798.163
798.163
798.163
798.163
798.999
798.999
798.999
798.999
798.999
798.465
798.465
798.465
798.465
798.465
797.995
797.995
797.995
797.995
797.995
798.99
798.99
798.99
798.99
798.99
798.584
798.584
798.584
798.584
798.584
798.316
798.316
798.316
798.316
798.316
798.842
798.842
798.842
798.842
798.842
798.902
798.902
798.902
798.902
798.902
798.695
798.695
798.695
798.695
798.695
799
799
799
799
799
798.873
798.873
798.873
798.873
798.873
798.738
798.738
798.738
798.738
798.738
798.969
798.969
798.969
798.969
798.969
798.5
798.5
798.5
798.5
798.5
798.48
798.48
798.48
798.48
798.48
799
799
799
799
799
799
799
799
799
799
798.978
798.978
798.978
798.978
798.978
799
799
799
799
799
798.964
798.964
798.964
798.964
798.964
798.977
798.977
798.977
798.977
798.977
799
799
799
799
799
798.906
798.906
798.906
798.906
798.906
798.796
798.796
798.796
798.796
798.796
798.937
798.937
798.937
798.937
798.937
798.374
798.374
798.374
798.374
798.374
797.891
797.891
797.891
797.891
797.891
798.938
798.938
798.938
798.938
798.938
798.933
798.933
798.933
798.933
798.933
798.611
798.611
798.611
798.611
798.611
799
799
799
799
799
798.844
798.844
798.844
798.844
798.844
798.593
798.593
798.593
798.593
798.593
798.938
798.938
798.938
798.938
798.938
798.968
798.968
798.968
798.968
798.968
798.684
798.684
798.684
798.684
798.684
799
799
799
799
799
798.862
798.862
798.862
798.862
798.862
798.599
798.599
798.599
798.599
798.599
798.469
798.469
798.469
798.469
798.469
798
798
798
798
798
797.713
797.713
797.713
797.713
797.713
799
799
799
799
799
798.937
798.937
798.937
798.937
798.937
798.812
798.812
798.812
798.812
798.812
798.997
798.997
798.997
798.997
798.997
798.999
798.999
798.999
798.999
798.999
798.996
798.996
798.996
798.996
798.996
799
799
799
799
799
798.75
798.75
798.75
798.75
798.75
798.491
798.491
798.491
798.491
798.491
799
799
799
799
799
798.714
798.714
798.714
798.714
798.714
798.581
798.581
798.581
798.581
798.581
799
799
799
799
799
798.875
798.875
798.875
798.875
798.875
798.41
798.41
798.41
798.41
798.41
798.933
798.933
798.933
798.933
798.933
798.371
798.371
798.371
798.371
798.371
798.238
798.238
798.238
798.238
798.238
799
799
799
799
799
798.998
798.998
798.998
798.998
798.998
798.904
798.904
798.904
798.904
798.904
798.906
798.906
798.906
798.906
798.906
798.906
798.906
798.906
798.906
798.906
798.905
798.905
798.905
798.905
798.905
798.999
798.999
798.999
798.999
798.999
798.742
798.742
798.742
798.742
798.742
798.604
798.604
798.604
798.604
798.604
799
799
799
799
799
798.875
798.875
798.875
798.875
798.875
798.773
798.773
798.773
798.773
798.773
798.687
798.687
798.687
798.687
798.687
798.495
798.495
798.495
798.495
798.495
798.455
798.455
798.455
798.455
798.455
798.938
798.938
798.938
798.938
798.938
798.687
798.687
798.687
798.687
798.687
798.654
798.654
798.654
798.654
798.654
798.937
798.937
798.937
798.937
798.937
798.983
798.983
798.983
798.983
798.983
798.397
798.397
798.397
798.397
798.397
799
799
799
799
799
799
799
799
799
799
798.996
798.996
798.996
798.996
798.996
798.484
798.484
798.484
798.484
798.484
797.976
797.976
797.976
797.976
797.976
797.675
797.675
797.675
797.675
797.675
798.992
798.992
798.992
798.992
798.992
798.984
798.984
798.984
798.984
798.984
798.474
798.474
798.474
798.474
798.474
798.998
798.998
798.998
798.998
798.998
798.06
798.06
798.06
798.06
798.06
797.798
797.798
797.798
797.798
797.798
799
799
799
799
799
798.461
798.461
798.461
798.461
798.461
798.336
798.336
798.336
798.336
798.336
798.999
798.999
798.999
798.999
798.999
798.675
798.675
798.675
798.675
798.675
798.577
798.577
798.577
798.577
798.577
799
799
799
799
799
798.531
798.531
798.531
798.531
798.531
798.273
798.273
798.273
798.273
798.273
798.719
798.719
798.719
798.719
798.719
798.793
798.793
798.793
798.793
798.793
798.761
798.761
798.761
798.761
798.761
799
799
799
799
799
798.805
798.805
798.805
798.805
798.805
798.599
798.599
798.599
798.599
798.599
799
799
799
799
799
798.748
798.748
798.748
798.748
798.748
798.709
798.709
798.709
798.709
798.709
798.969
798.969
798.969
798.969
798.969
798.807
798.807
798.807
798.807
798.807
798.263
798.263
798.263
798.263
798.263
799
799
799
799
799
798.75
798.75
798.75
798.75
798.75
798.24
798.24
798.24
798.24
798.24
798.5
798.5
798.5
798.5
798.5
798.25
798.25
798.25
798.25
798.25
798.717
798.717
798.717
798.717
798.717
798.75
798.75
798.75
798.75
798.75
798.75
798.75
798.75
798.75
798.75
798.059
798.059
798.059
798.059
798.059
799
799
799
799
799
798.992
798.992
798.992
798.992
798.992
798.87
798.87
798.87
798.87
798.87
798.984
798.984
798.984
798.984
798.984
798.844
798.844
798.844
798.844
798.844
798.855
798.855
798.855
798.855
798.855
798.992
798.992
798.992
798.992
798.992
798.465
798.465
798.465
798.465
798.465
798.144
798.144
798.144
798.144
798.144
799
799
799
799
799
798.992
798.992
798.992
798.992
798.992
798.834
798.834
798.834
798.834
798.834
799
799
799
799
799
798.999
798.999
798.999
798.999
798.999
798.745
798.745
798.745
798.745
798.745
799
799
799
799
799
798.371
798.371
798.371
798.371
798.371
798.488
798.488
798.488
798.488
798.488
799
799
799
799
799
798.998
798.998
798.998
798.998
798.998
798.747
798.747
798.747
798.747
798.747
799
799
799
799
799
798.875
798.875
798.875
798.875
798.875
798.25
798.25
798.25
798.25
798.25
798.75
798.75
798.75
798.75
798.75
798.991
798.991
798.991
798.991
798.991
798.487
798.487
798.487
798.487
798.487
798.984
798.984
798.984
798.984
798.984
798.904
798.904
798.904
798.904
798.904
798.772
798.772
798.772
798.772
798.772
799
799
799
799
799
798.945
798.945
798.945
798.945
798.945
798.908
798.908
798.908
798.908
798.908
799
799
799
799
799
798.499
798.499
798.499
798.499
798.499
798.144
798.144
798.144
798.144
798.144
799
799
799
799
799
798.991
798.991
798.991
798.991
798.991
798.84
798.84
798.84
798.84
798.84
798.99
798.99
798.99
798.99
798.99
798.867
798.867
798.867
798.867
798.867
798.124
798.124
798.124
798.124
798.124
798.5
798.5
798.5
798.5
798.5
798.49
798.49
798.49
798.49
798.49
798.427
798.427
798.427
798.427
798.427
799
799
799
799
799
798.75
798.75
798.75
798.75
798.75
798.491
798.491
798.491
798.491
798.491
799
799
799
799
799
799
799
799
799
799
798.499
798.499
798.499
798.499
798.499
798.992
798.992
798.992
798.992
798.992
798.996
798.996
798.996
798.996
798.996
798.676
798.676
798.676
798.676
798.676
798.992
798.992
798.992
798.992
798.992
798.978
798.978
798.978
798.978
798.978
798.853
798.853
798.853
798.853
798.853
798.938
798.938
798.938
798.938
798.938
798.933
798.933
798.933
798.933
798.933
798.57
798.57
798.57
798.57
798.57
798.992
798.992
798.992
798.992
798.992
798.867
798.867
798.867
798.867
798.867
798.391
798.391
798.391
798.391
798.391
799
799
799
799
799
798.249
798.249
798.249
798.249
798.249
798.498
798.498
798.498
798.498
798.498
799
799
799
799
799
798.75
798.75
798.75
798.75
798.75
798.183
798.183
798.183
798.183
798.183
798.969
798.969
798.969
798.969
798.969
798.976
798.976
798.976
798.976
798.976
798.948
798.948
798.948
798.948
798.948
799
799
799
799
799
798.75
798.75
798.75
798.75
798.75
797.825
797.825
797.825
797.825
797.825
799
799
799
799
799
798.5
798.5
798.5
798.5
798.5
798.297
798.297
798.297
798.297
798.297
798.999
798.999
798.999
798.999
798.999
798.75
798.75
798.75
798.75
798.75
798.483
798.483
798.483
798.483
798.483
798.996
798.996
798.996
798.996
798.996
798.998
798.998
798.998
798.998
798.998
798.68
798.68
798.68
798.68
798.68
798.992
798.992
798.992
798.992
798.992
798.988
798.988
798.988
798.988
798.988
798.462
798.462
798.462
798.462
798.462
799
799
799
799
799
798.953
798.953
798.953
798.953
798.953
798.703
798.703
798.703
798.703
798.703
798.625
798.625
798.625
798.625
798.625
798.75
798.75
798.75
798.75
798.75
798.615
798.615
798.615
798.615
798.615
799
799
799
799
799
799
799
799
799
799
798.968
798.968
798.968
798.968
798.968
798.75
798.75
798.75
798.75
798.75
798.749
798.749
798.749
798.749
798.749
798.869
798.869
798.869
798.869
798.869
799
799
799
799
799
799
799
799
799
799
798.749
798.749
798.749
798.749
798.749
798.996
798.996
798.996
798.996
798.996
798.996
798.996
798.996
798.996
798.996
798.994
798.994
798.994
798.994
798.994
799
799
799
799
799
798.984
798.984
798.984
798.984
798.984
798.953
798.953
798.953
798.953
798.953
799
799
799
799
799
798.742
798.742
798.742
798.742
798.742
798.519
798.519
798.519
798.519
798.519
798.999
798.999
798.999
798.999
798.999
799
799
799
799
799
798.991
798.991
798.991
798.991
798.991
798.875
798.875
798.875
798.875
798.875
798.875
798.875
798.875
798.875
798.875
797.925
797.925
797.925
797.925
797.925
799
799
799
799
799
799
799
799
799
799
798.968
798.968
798.968
798.968
798.968
799
799
799
799
799
799
799
799
799
799
798.991
798.991
798.991
798.991
798.991
799
799
799
799
799
798.499
798.499
798.499
798.499
798.499
798.218
798.218
798.218
798.218
798.218
798.992
798.992
798.992
798.992
798.992
798.992
798.992
798.992
798.992
798.992
798.394
798.394
798.394
798.394
798.394
799
799
799
799
799
798.999
798.999
798.999
798.999
798.999
798.867
798.867
798.867
798.867
798.867
799
799
799
799
799
798.984
798.984
798.984
798.984
798.984
798.461
798.461
798.461
798.461
798.461
799
799
799
799
799
799
799
799
799
799
798.708
798.708
798.708
798.708
798.708
799
799
799
799
799
798.968
798.968
798.968
798.968
798.968
798.898
798.898
798.898
798.898
798.898
799
799
799
799
799
798.996
798.996
798.996
798.996
798.996
798.995
798.995
798.995
798.995
798.995
799
799
799
799
799
799
799
799
799
799
798.937
798.937
798.937
798.937
798.937
798.875
798.875
798.875
798.875
798.875
798.375
798.375
798.375
798.375
798.375
798.344
798.344
798.344
798.344
798.344
799
799
799
799
799
798.875
798.875
798.875
798.875
798.875
798.999
798.999
798.999
798.999
798.999
799
799
799
799
799
798.992
798.992
798.992
798.992
798.992
798.426
798.426
798.426
798.426
798.426
799
799
799
799
799
798.5
798.5
798.5
798.5
798.5
798.486
798.486
798.486
798.486
798.486
799
799
799
799
799
798.996
798.996
798.996
798.996
798.996
798.919
798.919
798.919
798.919
798.919
799
799
799
799
799
798.967
798.967
798.967
798.967
798.967
798.977
798.977
798.977
798.977
798.977
799
799
799
799
799
799
799
799
799
799
798.999
798.999
798.999
798.999
798.999
799
799
799
799
799
799
799
799
799
799
798.992
798.992
798.992
798.992
798.992
799
799
799
799
799
799
799
799
799
799
798.999
798.999
798.999
798.999
798.999
799
799
799
799
799
798.992
798.992
798.992
798.992
798.992
797.926
797.926
797.926
797.926
797.926
798.969
798.969
798.969
798.969
798.969
798.375
798.375
798.375
798.375
798.375
797.865
797.865
797.865
797.865
797.865
798.5
798.5
798.5
798.5
798.5
798.437
798.437
798.437
798.437
798.437
798.093
798.093
798.093
798.093
798.093
799
799
799
799
799
798.75
798.75
798.75
798.75
798.75
798.339
798.339
798.339
798.339
798.339
798.996
798.996
798.996
798.996
798.996
798.746
798.746
798.746
798.746
798.746
798.482
798.482
798.482
798.482
798.482
799
799
799
799
799
798.936
798.936
798.936
798.936
798.936
798.963
798.963
798.963
798.963
798.963
799
799
799
799
799
798.984
798.984
798.984
798.984
798.984
798.469
798.469
798.469
798.469
798.469
799
799
799
799
799
798.492
798.492
798.492
798.492
798.492
798.12
798.12
798.12
798.12
798.12
798.75
798.75
798.75
798.75
798.75
798.75
798.75
798.75
798.75
798.75
798.623
798.623
798.623
798.623
798.623
799
799
799
799
799
798.999
798.999
798.999
798.999
798.999
798.248
798.248
798.248
798.248
798.248
798.937
798.937
798.937
798.937
798.937
799
799
799
799
799
798.905
798.905
798.905
798.905
798.905
799
799
799
799
799
798.995
798.995
798.995
798.995
798.995
798.994
798.994
798.994
798.994
798.994
799
799
799
799
799
798.969
798.969
798.969
798.969
798.969
798.733
798.733
798.733
798.733
798.733
799
799
799
799
799
798.468
798.468
798.468
798.468
798.468
798.483
798.483
798.483
798.483
798.483
798.992
798.992
798.992
798.992
798.992
798.992
798.992
798.992
798.992
798.992
798.741
798.741
798.741
798.741
798.741
799
799
799
799
799
798.5
798.5
798.5
798.5
798.5
798.491
798.491
798.491
798.491
798.491
798.5
798.5
798.5
798.5
798.5
798.999
798.999
798.999
798.999
798.999
798.495
798.495
798.495
798.495
798.495
798.969
798.969
798.969
798.969
798.969
798.969
798.969
798.969
798.969
798.969
798.716
798.716
798.716
798.716
798.716
799
799
799
799
799
798.995
798.995
798.995
798.995
798.995
798.863
798.863
798.863
798.863
798.863
798.992
798.992
798.992
798.992
798.992
798.961
798.961
798.961
798.961
798.961
798.833
798.833
798.833
798.833
798.833
799
799
799
799
799
799
799
799
799
799
798.843
798.843
798.843
798.843
798.843
798.934
798.934
798.934
798.934
798.934
798.999
798.999
798.999
798.999
798.999
798.998
798.998
798.998
798.998
798.998
798.875
798.875
798.875
798.875
798.875
798.873
798.873
798.873
798.873
798.873
798.857
798.857
798.857
798.857
798.857
798.992
798.992
798.992
798.992
798.992
798.982
798.982
798.982
798.982
798.982
798.926
798.926
798.926
798.926
798.926
799
799
799
799
799
798.984
798.984
798.984
798.984
798.984
798.719
798.719
798.719
798.719
798.719
798.996
798.996
798.996
798.996
798.996
798.992
798.992
798.992
798.992
798.992
798.984
798.984
798.984
798.984
798.984
799
799
799
799
799
798.875
798.875
798.875
798.875
798.875
798.328
798.328
798.328
798.328
798.328
799
799
799
799
799
799
799
799
799
799
798.932
798.932
798.932
798.932
798.932
799
799
799
799
799
798.968
798.968
798.968
798.968
798.968
798.435
798.435
798.435
798.435
798.435
799
799
799
799
799
798.871
798.871
798.871
798.871
798.871
798.35
798.35
798.35
798.35
798.35
799
799
799
799
799
798.998
798.998
798.998
798.998
798.998
798.999
798.999
798.999
798.999
798.999
798.875
798.875
798.875
798.875
798.875
798.874
798.874
798.874
798.874
798.874
798.873
798.873
798.873
798.873
798.873
798.984
798.984
798.984
798.984
798.984
798.922
798.922
798.922
798.922
798.922
798.875
798.875
798.875
798.875
798.875
798.75
798.75
798.75
798.75
798.75
798.562
798.562
798.562
798.562
798.562
798.557
798.557
798.557
798.557
798.557
799
799
799
799
799
799
799
799
799
799
798.374
798.374
798.374
798.374
798.374
798.996
798.996
798.996
798.996
798.996
798.998
798.998
798.998
798.998
798.998
798.8
798.8
798.8
798.8
798.8
799
799
799
799
799
798.934
798.934
798.934
798.934
798.934
798.883
798.883
798.883
798.883
798.883
798.937
798.937
798.937
798.937
798.937
798.231
798.231
798.231
798.231
798.231
798.65
798.65
798.65
798.65
798.65
799
799
799
799
799
799
799
799
799
799
798.967
798.967
798.967
798.967
798.967
799
799
799
799
799
798.496
798.496
798.496
798.496
798.496
798.453
798.453
798.453
798.453
798.453
799
799
799
799
799
798.982
798.982
798.982
798.982
798.982
797.926
797.926
797.926
797.926
797.926
799
799
799
799
799
798.91
798.91
798.91
798.91
798.91
798.958
798.958
798.958
798.958
798.958
799
799
799
799
799
798.999
798.999
798.999
798.999
798.999
798.498
798.498
798.498
798.498
798.498
799
799
799
799
799
0
