0
0
0
0
769.916
769.916
769.916
769.916
769.916
776.674
776.674
776.674
776.674
776.674
762.398
762.398
762.398
762.398
762.398
755.727
755.727
755.727
755.727
755.727
757.161
757.161
757.161
757.161
757.161
787.298
787.298
787.298
787.298
787.298
776.538
776.538
776.538
776.538
776.538
779.909
779.909
779.909
779.909
779.909
781.09
781.09
781.09
781.09
781.09
786.809
786.809
786.809
786.809
786.809
778.548
778.548
778.548
778.548
778.548
787.569
787.569
787.569
787.569
787.569
784.933
784.933
784.933
784.933
784.933
773.678
773.678
773.678
773.678
773.678
788.256
788.256
788.256
788.256
788.256
785.433
785.433
785.433
785.433
785.433
791.012
791.012
791.012
791.012
791.012
796.123
796.123
796.123
796.123
796.123
792.562
792.562
792.562
792.562
792.562
778.635
778.635
778.635
778.635
778.635
796.838
796.838
796.838
796.838
796.838
789.562
789.562
789.562
789.562
789.562
792.72
792.72
792.72
792.72
792.72
791.165
791.165
791.165
791.165
791.165
791.329
791.329
791.329
791.329
791.329
778.921
778.921
778.921
778.921
778.921
797.457
797.457
797.457
797.457
797.457
795.165
795.165
795.165
795.165
795.165
791.298
791.298
791.298
791.298
791.298
794.426
794.426
794.426
794.426
794.426
792.162
792.162
792.162
792.162
792.162
788.949
788.949
788.949
788.949
788.949
792.426
792.426
792.426
792.426
792.426
789.299
789.299
789.299
789.299
789.299
784.251
784.251
784.251
784.251
784.251
795.098
795.098
795.098
795.098
795.098
793.197
793.197
793.197
793.197
793.197
789.118
789.118
789.118
789.118
789.118
791.152
791.152
791.152
791.152
791.152
785.362
785.362
785.362
785.362
785.362
786.54
786.54
786.54
786.54
786.54
793.825
793.825
793.825
793.825
793.825
795.931
795.931
795.931
795.931
795.931
791.608
791.608
791.608
791.608
791.608
791.645
791.645
791.645
791.645
791.645
785.107
785.107
785.107
785.107
785.107
783.162
783.162
783.162
783.162
783.162
798.473
798.473
798.473
798.473
798.473
795.385
795.385
795.385
795.385
795.385
796.606
796.606
796.606
796.606
796.606
796.173
796.173
796.173
796.173
796.173
791.122
791.122
791.122
791.122
791.122
793.96
793.96
793.96
793.96
793.96
797.466
797.466
797.466
797.466
797.466
795.344
795.344
795.344
795.344
795.344
795.948
795.948
795.948
795.948
795.948
795.201
795.201
795.201
795.201
795.201
796.114
796.114
796.114
796.114
796.114
793.576
793.576
793.576
793.576
793.576
796.257
796.257
796.257
796.257
796.257
796.007
796.007
796.007
796.007
796.007
792.368
792.368
792.368
792.368
792.368
798.349
798.349
798.349
798.349
798.349
796.719
796.719
796.719
796.719
796.719
793.516
793.516
793.516
793.516
793.516
797.335
797.335
797.335
797.335
797.335
794.247
794.247
794.247
794.247
794.247
792.15
792.15
792.15
792.15
792.15
797.216
797.216
797.216
797.216
797.216
797.518
797.518
797.518
797.518
797.518
796.676
796.676
796.676
796.676
796.676
795.482
795.482
795.482
795.482
795.482
795.897
795.897
795.897
795.897
795.897
793.455
793.455
793.455
793.455
793.455
797.557
797.557
797.557
797.557
797.557
797.11
797.11
797.11
797.11
797.11
795.001
795.001
795.001
795.001
795.001
796.942
796.942
796.942
796.942
796.942
795.187
795.187
795.187
795.187
795.187
793.133
793.133
793.133
793.133
793.133
797.918
797.918
797.918
797.918
797.918
797.096
797.096
797.096
797.096
797.096
792.985
792.985
792.985
792.985
792.985
796.535
796.535
796.535
796.535
796.535
796.093
796.093
796.093
796.093
796.093
795.305
795.305
795.305
795.305
795.305
798.596
798.596
798.596
798.596
798.596
796.417
796.417
796.417
796.417
796.417
792.767
792.767
792.767
792.767
792.767
797.583
797.583
797.583
797.583
797.583
795.824
795.824
795.824
795.824
795.824
793.693
793.693
793.693
793.693
793.693
798.289
798.289
798.289
798.289
798.289
794.948
794.948
794.948
794.948
794.948
795.237
795.237
795.237
795.237
795.237
797.607
797.607
797.607
797.607
797.607
793.585
793.585
793.585
793.585
793.585
792.823
792.823
792.823
792.823
792.823
798.818
798.818
798.818
798.818
798.818
797.893
797.893
797.893
797.893
797.893
794.814
794.814
794.814
794.814
794.814
796.834
796.834
796.834
796.834
796.834
796.301
796.301
796.301
796.301
796.301
796.05
796.05
796.05
796.05
796.05
797.431
797.431
797.431
797.431
797.431
796.221
796.221
796.221
796.221
796.221
795.194
795.194
795.194
795.194
795.194
798.087
798.087
798.087
798.087
798.087
796.524
796.524
796.524
796.524
796.524
795.64
795.64
795.64
795.64
795.64
798.723
798.723
798.723
798.723
798.723
797.117
797.117
797.117
797.117
797.117
795.11
795.11
795.11
795.11
795.11
797.695
797.695
797.695
797.695
797.695
795.883
795.883
795.883
795.883
795.883
789.952
789.952
789.952
789.952
789.952
798.321
798.321
798.321
798.321
798.321
796.162
796.162
796.162
796.162
796.162
793.922
793.922
793.922
793.922
793.922
797.972
797.972
797.972
797.972
797.972
796.555
796.555
796.555
796.555
796.555
796.094
796.094
796.094
796.094
796.094
798.417
798.417
798.417
798.417
798.417
797.8
797.8
797.8
797.8
797.8
797.599
797.599
797.599
797.599
797.599
797.213
797.213
797.213
797.213
797.213
796.245
796.245
796.245
796.245
796.245
796.176
796.176
796.176
796.176
796.176
798.684
798.684
798.684
798.684
798.684
797.568
797.568
797.568
797.568
797.568
796.463
796.463
796.463
796.463
796.463
798.982
798.982
798.982
798.982
798.982
798.524
798.524
798.524
798.524
798.524
797.255
797.255
797.255
797.255
797.255
798.23
798.23
798.23
798.23
798.23
796.799
796.799
796.799
796.799
796.799
795.465
795.465
795.465
795.465
795.465
798.433
798.433
798.433
798.433
798.433
797.488
797.488
797.488
797.488
797.488
797.345
797.345
797.345
797.345
797.345
797.273
797.273
797.273
797.273
797.273
795.98
795.98
795.98
795.98
795.98
794.728
794.728
794.728
794.728
794.728
798.889
798.889
798.889
798.889
798.889
798.134
798.134
798.134
798.134
798.134
797.125
797.125
797.125
797.125
797.125
798.468
798.468
798.468
798.468
798.468
797.417
797.417
797.417
797.417
797.417
796.747
796.747
796.747
796.747
796.747
798.6
798.6
798.6
798.6
798.6
797.321
797.321
797.321
797.321
797.321
796.225
796.225
796.225
796.225
796.225
798.781
798.781
798.781
798.781
798.781
798.371
798.371
798.371
798.371
798.371
798.213
798.213
798.213
798.213
798.213
798.463
798.463
798.463
798.463
798.463
797.174
797.174
797.174
797.174
797.174
797.194
797.194
797.194
797.194
797.194
798.446
798.446
798.446
798.446
798.446
798.427
798.427
798.427
798.427
798.427
798.281
798.281
798.281
798.281
798.281
798.186
798.186
798.186
798.186
798.186
798.584
798.584
798.584
798.584
798.584
797.898
797.898
797.898
797.898
797.898
798.874
798.874
798.874
798.874
798.874
797.986
797.986
797.986
797.986
797.986
796.882
796.882
796.882
796.882
796.882
798.039
798.039
798.039
798.039
798.039
795.632
795.632
795.632
795.632
795.632
797.419
797.419
797.419
797.419
797.419
797.668
797.668
797.668
797.668
797.668
797.576
797.576
797.576
797.576
797.576
797.283
797.283
797.283
797.283
797.283
798.85
798.85
798.85
798.85
798.85
796.753
796.753
796.753
796.753
796.753
796.029
796.029
796.029
796.029
796.029
797.395
797.395
797.395
797.395
797.395
797.386
797.386
797.386
797.386
797.386
797.122
797.122
797.122
797.122
797.122
798.492
798.492
798.492
798.492
798.492
797.613
797.613
797.613
797.613
797.613
797.189
797.189
797.189
797.189
797.189
798.976
798.976
798.976
798.976
798.976
797.325
797.325
797.325
797.325
797.325
797.455
797.455
797.455
797.455
797.455
798.723
798.723
798.723
798.723
798.723
798.088
798.088
798.088
798.088
798.088
797.821
797.821
797.821
797.821
797.821
799
799
799
799
799
798.735
798.735
798.735
798.735
798.735
798.138
798.138
798.138
798.138
798.138
798.107
798.107
798.107
798.107
798.107
797.41
797.41
797.41
797.41
797.41
797.397
797.397
797.397
797.397
797.397
798.924
798.924
798.924
798.924
798.924
798.603
798.603
798.603
798.603
798.603
797.996
797.996
797.996
797.996
797.996
798.619
798.619
798.619
798.619
798.619
797.853
797.853
797.853
797.853
797.853
797.58
797.58
797.58
797.58
797.58
798.964
798.964
798.964
798.964
798.964
798.271
798.271
798.271
798.271
798.271
797.563
797.563
797.563
797.563
797.563
798.843
798.843
798.843
798.843
798.843
798.54
798.54
798.54
798.54
798.54
796.929
796.929
796.929
796.929
796.929
798.998
798.998
798.998
798.998
798.998
798.913
798.913
798.913
798.913
798.913
797.532
797.532
797.532
797.532
797.532
798.943
798.943
798.943
798.943
798.943
798.165
798.165
798.165
798.165
798.165
797.872
797.872
797.872
797.872
797.872
798.5
798.5
798.5
798.5
798.5
798.686
798.686
798.686
798.686
798.686
798.046
798.046
798.046
798.046
798.046
798.987
798.987
798.987
798.987
798.987
798.933
798.933
798.933
798.933
798.933
798.547
798.547
798.547
798.547
798.547
798.75
798.75
798.75
798.75
798.75
796.327
796.327
796.327
796.327
796.327
795.821
795.821
795.821
795.821
795.821
798.875
798.875
798.875
798.875
798.875
798.843
798.843
798.843
798.843
798.843
798.368
798.368
798.368
798.368
798.368
796.878
796.878
796.878
796.878
796.878
798.114
798.114
798.114
798.114
798.114
796.598
796.598
796.598
796.598
796.598
798.468
798.468
798.468
798.468
798.468
797.967
797.967
797.967
797.967
797.967
796.92
796.92
796.92
796.92
796.92
798.96
798.96
798.96
798.96
798.96
798.378
798.378
798.378
798.378
798.378
797.843
797.843
797.843
797.843
797.843
798.999
798.999
798.999
798.999
798.999
798.902
798.902
798.902
798.902
798.902
798.502
798.502
798.502
798.502
798.502
798.748
798.748
798.748
798.748
798.748
798.106
798.106
798.106
798.106
798.106
797.834
797.834
797.834
797.834
797.834
798.734
798.734
798.734
798.734
798.734
798.803
798.803
798.803
798.803
798.803
797.733
797.733
797.733
797.733
797.733
798.875
798.875
798.875
798.875
798.875
798.492
798.492
798.492
798.492
798.492
797.855
797.855
797.855
797.855
797.855
798.969
798.969
798.969
798.969
798.969
798.429
798.429
798.429
798.429
798.429
797.932
797.932
797.932
797.932
797.932
798.967
798.967
798.967
798.967
798.967
798.691
798.691
798.691
798.691
798.691
798.827
798.827
798.827
798.827
798.827
799
799
799
799
799
798.996
798.996
798.996
798.996
798.996
797.597
797.597
797.597
797.597
797.597
798.185
798.185
798.185
798.185
798.185
797.747
797.747
797.747
797.747
797.747
797.557
797.557
797.557
797.557
797.557
798.922
798.922
798.922
798.922
798.922
797.957
797.957
797.957
797.957
797.957
797.63
797.63
797.63
797.63
797.63
798.965
798.965
798.965
798.965
798.965
798.17
798.17
798.17
798.17
798.17
797.615
797.615
797.615
797.615
797.615
799
799
799
799
799
798.718
798.718
798.718
798.718
798.718
797.963
797.963
797.963
797.963
797.963
798.871
798.871
798.871
798.871
798.871
798.236
798.236
798.236
798.236
798.236
798.145
798.145
798.145
798.145
798.145
798.405
798.405
798.405
798.405
798.405
798.257
798.257
798.257
798.257
798.257
797.493
797.493
797.493
797.493
797.493
798.93
798.93
798.93
798.93
798.93
797.856
797.856
797.856
797.856
797.856
797.82
797.82
797.82
797.82
797.82
798.496
798.496
798.496
798.496
798.496
797.686
797.686
797.686
797.686
797.686
797.683
797.683
797.683
797.683
797.683
798.984
798.984
798.984
798.984
798.984
798.451
798.451
798.451
798.451
798.451
797.974
797.974
797.974
797.974
797.974
798.749
798.749
798.749
798.749
798.749
798.117
798.117
798.117
798.117
798.117
798.003
798.003
798.003
798.003
798.003
798.988
798.988
798.988
798.988
798.988
798.614
798.614
798.614
798.614
798.614
798.272
798.272
798.272
798.272
798.272
798.875
798.875
798.875
798.875
798.875
798.187
798.187
798.187
798.187
798.187
798.153
798.153
798.153
798.153
798.153
799
799
799
799
799
798.781
798.781
798.781
798.781
798.781
798.062
798.062
798.062
798.062
798.062
798.5
798.5
798.5
798.5
798.5
798.97
798.97
798.97
798.97
798.97
798.272
798.272
798.272
798.272
798.272
799
799
799
799
799
798.67
798.67
798.67
798.67
798.67
798.054
798.054
798.054
798.054
798.054
798.961
798.961
798.961
798.961
798.961
798.867
798.867
798.867
798.867
798.867
798.616
798.616
798.616
798.616
798.616
799
799
799
799
799
798.443
798.443
798.443
798.443
798.443
797.941
797.941
797.941
797.941
797.941
798.875
798.875
798.875
798.875
798.875
798.178
798.178
798.178
798.178
798.178
797.754
797.754
797.754
797.754
797.754
798.621
798.621
798.621
798.621
798.621
798.488
798.488
798.488
798.488
798.488
798.331
798.331
798.331
798.331
798.331
799
799
799
799
799
798.98
798.98
798.98
798.98
798.98
798.948
798.948
798.948
798.948
798.948
798.75
798.75
798.75
798.75
798.75
798.843
798.843
798.843
798.843
798.843
798.736
798.736
798.736
798.736
798.736
799
799
799
799
799
798.965
798.965
798.965
798.965
798.965
798.899
798.899
798.899
798.899
798.899
798.998
798.998
798.998
798.998
798.998
797.855
797.855
797.855
797.855
797.855
798.427
798.427
798.427
798.427
798.427
798.875
798.875
798.875
798.875
798.875
798.937
798.937
798.937
798.937
798.937
797.976
797.976
797.976
797.976
797.976
798.75
798.75
798.75
798.75
798.75
798.187
798.187
798.187
798.187
798.187
797.207
797.207
797.207
797.207
797.207
798.969
798.969
798.969
798.969
798.969
798.324
798.324
798.324
798.324
798.324
798.277
798.277
798.277
798.277
798.277
799
799
799
799
799
798.981
798.981
798.981
798.981
798.981
798.657
798.657
798.657
798.657
798.657
798.98
798.98
798.98
798.98
798.98
798.855
798.855
798.855
798.855
798.855
798.566
798.566
798.566
798.566
798.566
798.998
798.998
798.998
798.998
798.998
798.473
798.473
798.473
798.473
798.473
798.348
798.348
798.348
798.348
798.348
799
799
799
799
799
798.184
798.184
798.184
798.184
798.184
798.04
798.04
798.04
798.04
798.04
799
799
799
799
799
798.968
798.968
798.968
798.968
798.968
798.942
798.942
798.942
798.942
798.942
798.99
798.99
798.99
798.99
798.99
798.918
798.918
798.918
798.918
798.918
798.865
798.865
798.865
798.865
798.865
798.969
798.969
798.969
798.969
798.969
798.795
798.795
798.795
798.795
798.795
798.383
798.383
798.383
798.383
798.383
798.998
798.998
798.998
798.998
798.998
798.933
798.933
798.933
798.933
798.933
798.445
798.445
798.445
798.445
798.445
798.592
798.592
798.592
798.592
798.592
798.423
798.423
798.423
798.423
798.423
797.865
797.865
797.865
797.865
797.865
799
799
799
799
799
798.953
798.953
798.953
798.953
798.953
798.975
798.975
798.975
798.975
798.975
798.992
798.992
798.992
798.992
798.992
798.996
798.996
798.996
798.996
798.996
798.996
798.996
798.996
798.996
798.996
799
799
799
799
799
798.727
798.727
798.727
798.727
798.727
798.843
798.843
798.843
798.843
798.843
799
799
799
799
799
798.75
798.75
798.75
798.75
798.75
798.484
798.484
798.484
798.484
798.484
799
799
799
799
799
798.984
798.984
798.984
798.984
798.984
798.467
798.467
798.467
798.467
798.467
799
799
799
799
799
798.499
798.499
798.499
798.499
798.499
798.495
798.495
798.495
798.495
798.495
799
799
799
799
799
799
799
799
799
799
798.981
798.981
798.981
798.981
798.981
798.5
798.5
798.5
798.5
798.5
798.366
798.366
798.366
798.366
798.366
798.185
798.185
798.185
798.185
798.185
799
799
799
799
799
798.875
798.875
798.875
798.875
798.875
798.119
798.119
798.119
798.119
798.119
799
799
799
799
799
798.984
798.984
798.984
798.984
798.984
798.968
798.968
798.968
798.968
798.968
799
799
799
799
799
798.5
798.5
798.5
798.5
798.5
797.812
797.812
797.812
797.812
797.812
799
799
799
799
799
798.969
798.969
798.969
798.969
798.969
798.844
798.844
798.844
798.844
798.844
798.5
798.5
798.5
798.5
798.5
797.843
797.843
797.843
797.843
797.843
797.809
797.809
797.809
797.809
797.809
798.992
798.992
798.992
798.992
798.992
798.477
798.477
798.477
798.477
798.477
798.11
798.11
798.11
798.11
798.11
799
799
799
799
799
798.995
798.995
798.995
798.995
798.995
798.87
798.87
798.87
798.87
798.87
798.996
798.996
798.996
798.996
798.996
798.49
798.49
798.49
798.49
798.49
798.465
798.465
798.465
798.465
798.465
798.867
798.867
798.867
798.867
798.867
798.785
798.785
798.785
798.785
798.785
797.766
797.766
797.766
797.766
797.766
799
799
799
799
799
798.433
798.433
798.433
798.433
798.433
798.115
798.115
798.115
798.115
798.115
798.984
798.984
798.984
798.984
798.984
798.856
798.856
798.856
798.856
798.856
798.338
798.338
798.338
798.338
798.338
798.375
798.375
798.375
798.375
798.375
798.375
798.375
798.375
798.375
798.375
798.061
798.061
798.061
798.061
798.061
798.992
798.992
798.992
798.992
798.992
798.998
798.998
798.998
798.998
798.998
798.808
798.808
798.808
798.808
798.808
798.984
798.984
798.984
798.984
798.984
798.983
798.983
798.983
798.983
798.983
798.995
798.995
798.995
798.995
798.995
798.875
798.875
798.875
798.875
798.875
798.75
798.75
798.75
798.75
798.75
798.53
798.53
798.53
798.53
798.53
799
799
799
799
799
798.716
798.716
798.716
798.716
798.716
798.648
798.648
798.648
798.648
798.648
799
799
799
799
799
798.935
798.935
798.935
798.935
798.935
798.746
798.746
798.746
798.746
798.746
799
799
799
799
799
798.5
798.5
798.5
798.5
798.5
798.113
798.113
798.113
798.113
798.113
799
799
799
799
799
798.983
798.983
798.983
798.983
798.983
797.619
797.619
797.619
797.619
797.619
798.875
798.875
798.875
798.875
798.875
798.859
798.859
798.859
798.859
798.859
798.406
798.406
798.406
798.406
798.406
799
799
799
799
799
798.984
798.984
798.984
798.984
798.984
798.482
798.482
798.482
798.482
798.482
799
799
799
799
799
798.969
798.969
798.969
798.969
798.969
798.482
798.482
798.482
798.482
798.482
798.996
798.996
798.996
798.996
798.996
798.247
798.247
798.247
798.247
798.247
798.12
798.12
798.12
798.12
798.12
798.75
798.75
798.75
798.75
798.75
798.25
798.25
798.25
798.25
798.25
798.183
798.183
798.183
798.183
798.183
799
799
799
799
799
798.936
798.936
798.936
798.936
798.936
798.998
798.998
798.998
798.998
798.998
799
799
799
799
799
798.75
798.75
798.75
798.75
798.75
798.375
798.375
798.375
798.375
798.375
799
799
799
799
799
798.613
798.613
798.613
798.613
798.613
798.652
798.652
798.652
798.652
798.652
799
799
799
799
799
798.991
798.991
798.991
798.991
798.991
798.997
798.997
798.997
798.997
798.997
799
799
799
799
799
798.996
798.996
798.996
798.996
798.996
798.959
798.959
798.959
798.959
798.959
798.969
798.969
798.969
798.969
798.969
798.488
798.488
798.488
798.488
798.488
798.87
798.87
798.87
798.87
798.87
798.875
798.875
798.875
798.875
798.875
798.812
798.812
798.812
798.812
798.812
798.807
798.807
798.807
798.807
798.807
798.984
798.984
798.984
798.984
798.984
798.844
798.844
798.844
798.844
798.844
798.781
798.781
798.781
798.781
798.781
799
799
799
799
799
798.996
798.996
798.996
798.996
798.996
798.877
798.877
798.877
798.877
798.877
798.75
798.75
798.75
798.75
798.75
798.75
798.75
798.75
798.75
798.75
798.75
798.75
798.75
798.75
798.75
798.866
798.866
798.866
798.866
798.866
798.869
798.869
798.869
798.869
798.869
798.872
798.872
798.872
798.872
798.872
799
799
799
799
799
798.96
798.96
798.96
798.96
798.96
798.666
798.666
798.666
798.666
798.666
798.875
798.875
798.875
798.875
798.875
798.375
798.375
798.375
798.375
798.375
797.875
797.875
797.875
797.875
797.875
799
799
799
799
799
798.996
798.996
798.996
798.996
798.996
798.475
798.475
798.475
798.475
798.475
799
799
799
799
799
798.997
798.997
798.997
798.997
798.997
798.466
798.466
798.466
798.466
798.466
798.998
798.998
798.998
798.998
798.998
798.967
798.967
798.967
798.967
798.967
798.84
798.84
798.84
798.84
798.84
799
799
799
799
799
799
799
799
799
799
798.961
798.961
798.961
798.961
798.961
799
799
799
799
799
799
799
799
799
799
798.245
798.245
798.245
798.245
798.245
799
799
799
799
799
798.999
798.999
798.999
798.999
798.999
798.5
798.5
798.5
798.5
798.5
799
799
799
799
799
799
799
799
799
799
798.352
798.352
798.352
798.352
798.352
799
799
799
799
799
798.999
798.999
798.999
798.999
798.999
798.234
798.234
798.234
798.234
798.234
798.746
798.746
798.746
798.746
798.746
798.746
798.746
798.746
798.746
798.746
798.848
798.848
798.848
798.848
798.848
799
799
799
799
799
798.968
798.968
798.968
798.968
798.968
798.467
798.467
798.467
798.467
798.467
798.867
798.867
798.867
798.867
798.867
798.867
798.867
798.867
798.867
798.867
798.826
798.826
798.826
798.826
798.826
799
799
799
799
799
798.906
798.906
798.906
798.906
798.906
798.89
798.89
798.89
798.89
798.89
799
799
799
799
799
799
799
799
799
799
798.992
798.992
798.992
798.992
798.992
799
799
799
799
799
798.998
798.998
798.998
798.998
798.998
798.996
798.996
798.996
798.996
798.996
799
799
799
799
799
798.874
798.874
798.874
798.874
798.874
798.857
798.857
798.857
798.857
798.857
799
799
799
799
799
798.998
798.998
798.998
798.998
798.998
798.933
798.933
798.933
798.933
798.933
798.969
798.969
798.969
798.969
798.969
798.937
798.937
798.937
798.937
798.937
798.937
798.937
798.937
798.937
798.937
799
799
799
799
799
799
799
799
799
799
798.992
798.992
798.992
798.992
798.992
799
799
799
799
799
799
799
799
799
799
798.969
798.969
798.969
798.969
798.969
799
799
799
799
799
799
799
799
799
799
799
799
799
799
799
799
799
799
799
799
798.996
798.996
798.996
798.996
798.996
798.746
798.746
798.746
798.746
798.746
799
799
799
799
799
798.998
798.998
798.998
798.998
798.998
798.749
798.749
798.749
798.749
798.749
799
799
799
799
799
799
799
799
799
799
798.875
798.875
798.875
798.875
798.875
799
799
799
799
799
799
799
799
799
799
799
799
799
799
799
799
799
799
799
799
799
799
799
799
799
798.812
798.812
798.812
798.812
798.812
798.875
798.875
798.875
798.875
798.875
798.93
798.93
798.93
798.93
798.93
798.867
798.867
798.867
798.867
798.867
799
799
799
799
799
799
799
799
799
799
798.999
798.999
798.999
798.999
798.999
799
799
799
799
799
799
799
799
799
799
798.992
798.992
798.992
798.992
798.992
799
799
799
799
799
799
799
799
799
799
798.948
798.948
798.948
798.948
798.948
799
799
799
799
799
799
799
799
799
799
798.961
798.961
798.961
798.961
798.961
799
799
799
799
799
798.988
798.988
798.988
798.988
798.988
798.682
798.682
798.682
798.682
798.682
799
799
799
799
799
798.797
798.797
798.797
798.797
798.797
798.789
798.789
798.789
798.789
798.789
799
799
799
799
799
799
799
799
799
799
798.74
798.74
798.74
798.74
798.74
798.969
798.969
798.969
798.969
798.969
798.936
798.936
798.936
798.936
798.936
798.433
798.433
798.433
798.433
798.433
799
799
799
799
799
799
799
799
799
799
798.5
798.5
798.5
798.5
798.5
799
799
799
799
799
798.75
798.75
798.75
798.75
798.75
798.5
798.5
798.5
798.5
798.5
799
799
799
799
799
799
799
799
799
799
799
799
799
799
799
798.968
798.968
798.968
798.968
798.968
798.965
798.965
798.965
798.965
798.965
798.964
798.964
798.964
798.964
798.964
799
799
799
799
799
799
799
799
799
799
799
799
799
799
799
799
799
799
799
799
798.937
798.937
798.937
798.937
798.937
798.937
798.937
798.937
798.937
798.937
799
799
799
799
799
799
799
799
799
799
798.75
798.75
798.75
798.75
798.75
799
799
799
799
799
798.75
798.75
798.75
798.75
798.75
798.482
798.482
798.482
798.482
798.482
798.984
798.984
798.984
798.984
798.984
798.977
798.977
798.977
798.977
798.977
798.969
798.969
798.969
798.969
798.969
799
799
799
799
799
799
799
799
799
799
799
799
799
799
799
799
799
799
799
799
799
799
799
799
799
798.856
798.856
798.856
798.856
798.856
799
799
799
799
799
799
799
799
799
799
799
799
799
799
799
799
799
799
799
799
798.5
798.5
798.5
798.5
798.5
798.5
798.5
798.5
798.5
798.5
799
799
799
799
799
798.988
798.988
798.988
798.988
798.988
798.996
798.996
798.996
798.996
798.996
799
799
799
799
799
798.992
798.992
798.992
798.992
798.992
798.961
798.961
798.961
798.961
798.961
799
799
799
799
799
798.875
798.875
798.875
798.875
798.875
798.875
798.875
798.875
798.875
798.875
799
799
799
799
799
798.5
798.5
798.5
798.5
798.5
798.5
798.5
798.5
798.5
798.5
798.998
798.998
798.998
798.998
798.998
798.992
798.992
798.992
798.992
798.992
798.984
798.984
798.984
798.984
798.984
799
799
799
799
799
799
799
799
799
799
799
799
799
799
799
799
799
799
799
799
798.75
798.75
798.75
798.75
798.75
798.625
798.625
798.625
798.625
798.625
799
799
799
799
799
798.997
798.997
798.997
798.997
798.997
799
799
799
799
799
799
799
799
799
799
799
799
799
799
799
798.75
798.75
798.75
798.75
798.75
799
799
799
799
799
799
799
799
799
799
799
799
799
799
799
799
799
799
799
799
799
799
799
799
799
798.999
798.999
798.999
798.999
798.999
799
799
799
799
799
799
799
799
799
799
798.998
798.998
798.998
798.998
798.998
799
799
799
799
799
799
799
799
799
799
798.999
798.999
798.999
798.999
798.999
799
799
799
799
799
799
799
799
799
799
799
799
799
799
799
799
799
799
799
799
799
799
799
799
799
799
799
799
799
799
799
799
799
799
799
799
799
799
799
799
799
799
799
799
799
799
799
799
799
799
799
799
799
799
799
798.5
798.5
798.5
798.5
798.5
799
799
799
799
799
799
799
799
799
799
799
799
799
799
799
799
799
799
799
799
799
799
799
799
799
798.498
798.498
798.498
798.498
798.498
799
799
799
799
799
799
799
799
799
799
798.999
798.999
798.999
798.999
798.999
799
799
799
799
799
799
799
799
799
799
799
799
799
799
799
798.875
798.875
798.875
798.875
798.875
798.875
798.875
798.875
798.875
798.875
798.498
798.498
798.498
798.498
798.498
799
799
799
799
799
799
799
799
799
799
799
799
799
799
799
799
799
799
799
799
799
799
799
799
799
798.998
798.998
798.998
798.998
798.998
799
799
799
799
799
799
799
799
799
799
799
799
799
799
799
799
799
799
799
799
799
799
799
799
799
799
799
799
799
799
799
799
799
799
799
799
799
799
799
799
799
799
799
799
799
798.969
798.969
798.969
798.969
798.969
798.438
798.438
798.438
798.438
798.438
798.875
798.875
798.875
798.875
798.875
799
799
799
799
799
799
799
799
799
799
799
799
799
799
799
799
799
799
799
799
798.75
798.75
798.75
798.75
798.75
798.734
798.734
798.734
798.734
798.734
799
799
799
799
799
799
799
799
799
799
798.5
798.5
798.5
798.5
798.5
799
799
799
799
799
799
799
799
799
799
798.75
798.75
798.75
798.75
798.75
799
799
799
799
799
799
799
799
799
799
799
799
799
799
799
799
799
799
799
799
799
799
799
799
799
799
799
799
799
799
799
799
799
799
799
799
799
799
799
799
799
799
799
799
799
799
799
799
799
799
799
799
799
799
799
799
799
799
799
799
799
799
799
799
799
799
799
799
799
799
798.498
798.498
798.498
798.498
798.498
799
799
799
799
799
799
799
799
799
799
799
799
799
799
799
799
799
799
799
799
799
799
799
799
799
799
799
799
799
799
799
799
799
799
799
799
799
799
799
799
799
799
799
799
799
799
799
799
799
799
799
799
799
799
799
799
799
799
799
799
799
799
799
799
799
799
799
799
799
799
799
799
799
799
799
799
799
799
799
799
799
799
799
799
799
799
799
799
799
799
799
799
799
799
799
799
799
799
799
799
799
799
799
799
799
799
799
799
799
799
799
799
799
799
799
799
799
799
799
799
799
799
799
799
799
799
799
799
799
799
799
799
799
799
799
799
799
799
799
799
799
799
799
799
799
798.875
798.875
798.875
798.875
798.875
799
799
799
799
799
799
799
799
799
799
798.999
798.999
798.999
798.999
798.999
799
799
799
799
799
799
799
799
799
799
798.996
798.996
798.996
798.996
798.996
799
799
799
799
799
799
799
799
799
799
799
799
799
799
799
799
799
799
799
799
799
799
799
799
799
799
799
799
799
799
799
799
799
799
799
799
799
799
799
799
799
799
799
799
799
799
799
799
799
799
799
799
799
799
799
799
799
799
799
799
799
799
799
799
799
799
799
799
799
799
799
799
799
799
799
799
799
799
799
799
799
799
799
799
799
799
799
799
799
799
799
799
799
799
799
799
799
799
799
799
799
799
799
799
799
799
799
799
799
799
799
799
799
799
799
799
799
799
799
799
799
799
799
799
799
799
799
799
799
799
798.937
798.937
798.937
798.937
798.937
799
799
799
799
799
799
799
799
799
799
799
799
799
799
799
799
799
799
799
799
799
799
799
799
799
799
799
799
799
799
799
799
799
799
799
799
799
799
799
799
799
799
799
799
799
799
799
799
799
799
799
799
799
799
799
799
799
799
799
799
799
799
799
799
799
798.996
798.996
798.996
798.996
798.996
799
799
799
799
799
799
799
799
799
799
799
799
799
799
799
798.999
798.999
798.999
798.999
798.999
799
799
799
799
799
799
799
799
799
799
798.937
798.937
798.937
798.937
798.937
799
799
799
799
799
799
799
799
799
799
799
799
799
799
799
799
799
799
799
799
799
799
799
799
799
799
799
799
799
799
799
799
799
799
799
799
799
799
799
799
799
799
799
799
799
799
799
799
799
799
799
799
799
799
799
799
799
799
799
799
799
799
799
799
799
799
799
799
799
799
798.5
798.5
798.5
798.5
798.5
799
799
799
799
799
799
799
799
799
799
799
799
799
799
799
799
799
799
799
799
799
799
799
799
799
798.999
798.999
798.999
798.999
798.999
799
799
799
799
799
799
799
799
799
799
799
799
799
799
799
799
799
799
799
799
799
799
799
799
799
799
799
799
799
799
799
799
799
799
799
799
799
799
799
799
799
799
799
799
799
799
799
799
799
799
799
799
799
799
799
799
799
799
799
799
799
799
799
799
799
799
799
799
799
799
799
799
799
799
799
799
799
799
799
799
799
799
799
799
799
799
799
799
799
799
799
799
799
799
799
799
799
799
799
799
799
799
799
799
799
799
799
799
799
799
799
799
799
799
799
799
799
799
799
799
799
799
799
799
799
799
799
799
799
799
799
799
799
799
799
799
799
799
799
799
799
799
799
799
799
799
799
799
799
799
799
799
799
799
799
799
799
799
799
799
799
799
799
799
799
799
799
799
799
799
798.998
798.998
798.998
798.998
798.998
798.93
798.93
798.93
798.93
798.93
799
799
799
799
799
799
799
799
799
799
799
799
799
799
799
799
799
799
799
799
799
799
799
799
799
799
799
799
799
799
799
799
799
799
799
799
799
799
799
799
799
799
799
799
799
799
799
799
799
799
799
799
799
799
799
798.992
798.992
798.992
798.992
798.992
799
799
799
799
799
799
799
799
799
799
798.969
798.969
798.969
798.969
798.969
799
799
799
799
799
799
799
799
799
799
799
799
799
799
799
799
799
799
799
799
799
799
799
799
799
799
799
799
799
799
799
799
799
799
799
799
799
799
799
799
799
799
799
799
799
799
799
799
799
799
799
799
799
799
799
799
799
799
799
799
799
799
799
799
799
799
799
799
799
799
799
799
799
799
799
799
799
799
799
799
799
799
799
799
799
799
799
799
799
799
799
799
799
799
799
799
799
799
799
799
799
799
799
799
799
799
799
799
799
799
799
799
799
799
799
798.969
798.969
798.969
798.969
798.969
799
799
799
799
799
799
799
799
799
799
799
799
799
799
799
799
799
799
799
799
799
799
799
799
799
799
799
799
799
799
799
799
799
799
799
799
799
799
799
799
799
799
799
799
799
799
799
799
799
799
799
799
799
799
799
799
799
799
799
799
799
799
799
799
799
799
799
799
799
799
798.996
798.996
798.996
798.996
798.996
799
799
799
799
799
799
799
799
799
799
799
799
799
799
799
799
799
799
799
799
799
799
799
799
799
799
799
799
799
799
799
799
799
799
799
799
799
799
799
799
799
799
799
799
799
799
799
799
799
799
799
799
799
799
799
799
799
799
799
799
799
799
799
799
799
799
799
799
799
799
799
799
799
799
799
799
799
799
799
799
799
799
799
799
799
799
799
799
799
799
799
799
799
799
799
799
799
799
799
799
799
799
799
799
799
799
799
799
799
799
799
799
799
799
799
799
799
799
799
799
799
799
799
799
799
798.998
798.998
798.998
798.998
798.998
798.936
798.936
798.936
798.936
798.936
799
799
799
799
799
799
799
799
799
799
799
799
799
799
799
799
799
799
799
799
799
799
799
799
799
799
799
799
799
799
799
799
799
799
799
799
799
799
799
799
799
799
799
799
799
799
799
799
799
799
799
799
799
799
799
799
799
799
799
799
799
799
799
799
799
799
799
799
799
799
798.984
798.984
798.984
798.984
798.984
799
799
799
799
799
799
799
799
799
799
799
799
799
799
799
799
799
799
799
799
799
799
799
799
799
799
799
799
799
799
799
799
799
799
799
799
799
799
799
799
798.996
798.996
798.996
798.996
798.996
799
799
799
799
799
799
799
799
799
799
799
799
799
799
799
799
799
799
799
799
798.969
798.969
798.969
798.969
798.969
798.969
798.969
798.969
798.969
798.969
798.875
798.875
798.875
798.875
798.875
798.875
798.875
798.875
798.875
798.875
0
