0
0
0
0
0
0
0
0
0
0
0
0
0
0
0
0
0
0
0
0
0
0
0
0
0
0
0
0
0
0
0
0
0
0
0
0
0
0
0
0
0
0
0
0
0
0
0
0
0
0
0
0
0
0
0
0
0
0
0
0
0
0
0
0
0
0
0
0
0
0
0
0
0
0
0
0
0
0
0
0
0
0
0
0
0
0
0
0
0
0
0
0
0
0
0
0
0
0
0
0
0
0
0
0
0
0
0
0
0
0
0
0
0
0
0
0
0
0
0
0
0
0
0
0
0
0
0
0
0
0
0
0
0
0
0
0
0
0
0
0
0
0
0
0
0
0
0
0
0
0
0
0
0
0
0
0
0
0
0
0
0
0
0
0
0
0
0
0
0
0
0
0
0
0
0
0
0
0
0
0
0
0
0
0
0
0
0
0
0
0
0
0
0
0
0
0
0
0
0
787.652
787.652
787.652
787.652
787.652
790.352
790.352
790.352
790.352
790.352
789.616
789.616
789.616
789.616
789.616
790.499
790.499
790.499
790.499
790.499
788.177
788.177
788.177
788.177
788.177
779.043
779.043
779.043
779.043
779.043
791.629
791.629
791.629
791.629
791.629
784.62
784.62
784.62
784.62
784.62
787.216
787.216
787.216
787.216
787.216
780.573
780.573
780.573
780.573
780.573
786.228
786.228
786.228
786.228
786.228
783.94
783.94
783.94
783.94
783.94
786.334
786.334
786.334
786.334
786.334
779.912
779.912
779.912
779.912
779.912
784.17
784.17
784.17
784.17
784.17
791.282
791.282
791.282
791.282
791.282
785.339
785.339
785.339
785.339
785.339
781.881
781.881
781.881
781.881
781.881
795.958
795.958
795.958
795.958
795.958
789.761
789.761
789.761
789.761
789.761
784.268
784.268
784.268
784.268
784.268
795.497
795.497
795.497
795.497
795.497
782.982
782.982
782.982
782.982
782.982
779.454
779.454
779.454
779.454
779.454
792.05
792.05
792.05
792.05
792.05
786.648
786.648
786.648
786.648
786.648
780.477
780.477
780.477
780.477
780.477
795.352
795.352
795.352
795.352
795.352
786.822
786.822
786.822
786.822
786.822
773.395
773.395
773.395
773.395
773.395
794.994
794.994
794.994
794.994
794.994
790.381
790.381
790.381
790.381
790.381
786.716
786.716
786.716
786.716
786.716
794.857
794.857
794.857
794.857
794.857
784.034
784.034
784.034
784.034
784.034
783.872
783.872
783.872
783.872
783.872
791.595
791.595
791.595
791.595
791.595
788.174
788.174
788.174
788.174
788.174
786.949
786.949
786.949
786.949
786.949
792.404
792.404
792.404
792.404
792.404
786.211
786.211
786.211
786.211
786.211
788.372
788.372
788.372
788.372
788.372
797.271
797.271
797.271
797.271
797.271
792.321
792.321
792.321
792.321
792.321
787.152
787.152
787.152
787.152
787.152
793.952
793.952
793.952
793.952
793.952
790.865
790.865
790.865
790.865
790.865
786.266
786.266
786.266
786.266
786.266
792.455
792.455
792.455
792.455
792.455
786.408
786.408
786.408
786.408
786.408
782.475
782.475
782.475
782.475
782.475
790.5
790.5
790.5
790.5
790.5
792.649
792.649
792.649
792.649
792.649
784.874
784.874
784.874
784.874
784.874
791.722
791.722
791.722
791.722
791.722
787.514
787.514
787.514
787.514
787.514
790.35
790.35
790.35
790.35
790.35
794.415
794.415
794.415
794.415
794.415
788.67
788.67
788.67
788.67
788.67
784.869
784.869
784.869
784.869
784.869
791.698
791.698
791.698
791.698
791.698
789.568
789.568
789.568
789.568
789.568
787.163
787.163
787.163
787.163
787.163
792.372
792.372
792.372
792.372
792.372
787.861
787.861
787.861
787.861
787.861
785.795
785.795
785.795
785.795
785.795
795.53
795.53
795.53
795.53
795.53
793.703
793.703
793.703
793.703
793.703
790.913
790.913
790.913
790.913
790.913
796.283
796.283
796.283
796.283
796.283
792.565
792.565
792.565
792.565
792.565
792.121
792.121
792.121
792.121
792.121
795.107
795.107
795.107
795.107
795.107
793.505
793.505
793.505
793.505
793.505
794.149
794.149
794.149
794.149
794.149
795.861
795.861
795.861
795.861
795.861
788.742
788.742
788.742
788.742
788.742
787.13
787.13
787.13
787.13
787.13
794.514
794.514
794.514
794.514
794.514
790.823
790.823
790.823
790.823
790.823
785.67
785.67
785.67
785.67
785.67
797.318
797.318
797.318
797.318
797.318
792.572
792.572
792.572
792.572
792.572
795.453
795.453
795.453
795.453
795.453
790.421
790.421
790.421
790.421
790.421
788.663
788.663
788.663
788.663
788.663
791.214
791.214
791.214
791.214
791.214
795.14
795.14
795.14
795.14
795.14
796.028
796.028
796.028
796.028
796.028
791.582
791.582
791.582
791.582
791.582
797.44
797.44
797.44
797.44
797.44
790.97
790.97
790.97
790.97
790.97
794.09
794.09
794.09
794.09
794.09
796.845
796.845
796.845
796.845
796.845
792.486
792.486
792.486
792.486
792.486
790.882
790.882
790.882
790.882
790.882
797.878
797.878
797.878
797.878
797.878
792.321
792.321
792.321
792.321
792.321
785.444
785.444
785.444
785.444
785.444
794.679
794.679
794.679
794.679
794.679
794.133
794.133
794.133
794.133
794.133
790.117
790.117
790.117
790.117
790.117
791.062
791.062
791.062
791.062
791.062
784.437
784.437
784.437
784.437
784.437
790.425
790.425
790.425
790.425
790.425
788.614
788.614
788.614
788.614
788.614
783.359
783.359
783.359
783.359
783.359
759.444
759.444
768.888
768.888
768.888
778.434
778.434
778.434
778.434
778.434
777.891
777.891
777.891
777.891
777.891
772.212
772.212
772.212
772.212
772.212
790.602
790.602
790.602
790.602
790.602
780.839
780.839
780.839
780.839
780.839
788.594
788.594
788.594
788.594
788.594
781.637
781.637
781.637
781.637
781.637
794.282
794.282
794.282
794.282
794.282
788.502
788.502
788.502
788.502
788.502
789.908
789.908
789.908
789.908
789.908
778.144
778.144
778.144
778.144
778.144
764.363
764.363
764.363
764.363
764.363
766.527
766.527
766.527
766.527
766.527
775.123
775.123
775.123
775.123
775.123
764.589
764.589
764.589
764.589
764.589
727.13
727.13
727.13
727.13
727.13
776.302
776.302
776.302
776.302
776.302
785.765
785.765
785.765
785.765
785.765
728.721
728.721
728.721
728.721
728.721
764.633
764.633
764.633
764.633
764.633
718.006
718.006
718.006
718.006
718.006
781.961
781.961
781.961
781.961
781.961
761.124
761.124
761.124
761.124
761.124
744.637
744.637
744.637
744.637
744.637
735.547
735.547
735.547
735.547
735.547
561.878
561.878
561.878
561.878
561.878
733.047
733.047
733.047
733.047
733.047
424.684
424.684
424.684
424.684
424.684
688.06
688.06
688.06
688.06
688.06
647.608
647.608
647.608
647.608
647.608
756.342
756.342
756.342
756.342
756.342
636.86
636.86
636.86
636.86
636.86
493.531
493.531
493.531
493.531
493.531
449.716
449.716
449.716
449.716
449.716
534.544
534.544
534.544
534.544
534.544
735.123
735.123
735.123
735.123
735.123
613.793
613.793
613.793
613.793
613.793
512.419
512.419
512.419
512.419
512.419
559.08
559.08
559.08
559.08
559.08
268.445
268.445
268.443
268.443
268.443
365.532
365.532
365.532
365.532
365.532
562.795
562.795
562.795
562.795
562.795
776.698
776.698
776.698
776.698
776.698
701.156
701.156
701.156
701.156
701.156
710.843
710.843
710.843
710.843
710.843
572.005
572.005
572.005
572.005
572.005
327.875
327.875
327.875
327.875
327.875
613.963
613.963
613.963
613.963
613.963
487.191
487.191
487.191
487.191
487.191
699.866
699.866
699.866
699.866
699.866
411.753
411.753
411.753
411.753
411.753
580.947
580.947
580.947
580.947
580.947
516.922
516.922
516.922
516.922
516.922
235.918
235.918
235.918
235.918
235.918
791.183
791.183
791.183
791.183
791.183
775.699
775.699
775.699
775.699
775.699
766.141
766.141
766.141
766.141
766.141
731.082
731.082
731.082
731.082
731.082
446.154
446.154
446.154
446.154
446.154
352.582
352.582
352.582
352.582
352.582
353.069
353.069
353.069
353.069
353.069
751.093
751.093
751.093
751.093
751.093
773.62
773.62
773.62
773.62
773.62
789.056
789.056
789.056
789.056
789.056
780.393
780.393
780.393
780.393
780.393
758.185
758.185
758.185
758.185
758.185
776.089
776.089
776.089
776.089
776.089
781.798
781.798
781.798
781.798
781.798
744.304
744.304
744.304
744.304
744.304
718.342
718.342
718.342
718.342
718.342
690.324
690.324
690.324
690.324
690.324
767.726
767.726
767.726
767.726
767.726
772.538
772.538
772.538
772.538
772.538
778.421
778.421
778.421
778.421
778.421
758.429
759.015
759.015
759.015
759.015
773.71
773.71
773.71
773.71
773.71
779.994
779.994
779.994
779.994
779.994
767.566
767.566
767.566
767.566
767.566
774.127
774.127
774.127
774.127
774.127
780.997
780.997
780.997
780.997
780.997
745.746
745.746
745.746
745.746
745.746
763.292
763.292
763.292
763.292
763.292
780.685
780.685
780.685
780.685
780.685
769.36
769.36
769.36
769.36
769.36
792.91
792.91
792.91
792.91
792.91
789.375
789.375
789.375
789.375
789.375
786.052
786.052
786.052
786.052
786.052
790.553
790.553
790.553
790.553
790.553
770.921
770.921
770.921
770.921
770.921
776.973
776.973
776.973
776.973
776.973
783.629
783.629
783.629
783.629
783.629
791.77
791.77
791.77
791.77
791.77
775.869
775.869
775.869
775.869
775.869
786.346
786.346
786.346
786.346
786.346
777.643
777.643
777.643
777.643
777.643
774.162
774.162
774.162
774.162
774.162
786.688
786.688
786.688
786.688
786.688
781.956
781.956
781.956
781.956
781.956
794.029
794.029
794.029
794.029
794.029
797.625
797.625
797.625
797.625
797.625
795.585
795.585
795.585
795.585
795.585
792.905
792.905
792.905
792.905
792.905
794.951
794.951
794.951
794.951
794.951
787.865
787.865
787.865
787.865
787.865
788.172
788.172
788.172
788.172
788.172
798.056
798.056
798.056
798.056
798.056
793.692
793.692
793.692
793.692
793.692
788.367
788.367
788.367
788.367
788.367
791.787
791.787
791.787
791.787
791.787
794.484
794.484
794.484
794.484
794.484
790.819
790.819
790.819
790.819
790.819
793.228
793.228
793.228
793.228
793.228
786.265
786.265
786.265
786.265
786.265
782.938
782.938
782.938
782.938
782.938
796.843
796.843
796.843
796.843
796.843
792.229
792.229
792.229
792.229
792.229
782.773
782.773
782.773
782.773
782.773
787.852
787.852
787.852
787.852
787.852
767.552
767.552
767.552
767.552
767.552
788.119
788.119
788.119
788.119
788.119
788.982
788.982
788.982
788.982
788.982
773.543
773.543
773.543
773.543
773.543
768.664
768.664
768.664
768.664
768.664
786.221
786.221
786.221
786.221
786.221
759.636
759.636
759.636
759.636
759.636
755.033
755.033
755.033
755.033
755.033
745.256
745.256
745.256
745.256
745.256
716.55
716.55
716.55
716.55
716.55
674.741
674.741
674.741
674.741
674.741
746.013
746.013
746.013
746.013
746.013
760.362
760.362
760.362
760.362
760.362
689.451
689.451
689.451
689.451
689.451
219.99
219.99
219.99
219.99
219.99
709.496
709.496
709.496
709.496
709.496
754.826
754.826
754.826
754.826
754.826
554.198
554.198
554.198
554.198
554.198
727.392
727.392
727.392
727.392
727.392
766.631
766.631
766.631
766.631
766.631
770.681
770.681
770.681
770.681
770.681
758.246
758.246
758.246
758.246
758.246
770.269
770.269
770.269
770.269
770.269
778.387
778.387
778.387
778.387
778.387
729.764
729.764
729.764
729.764
729.764
773.77
773.77
773.77
773.77
773.77
788.28
788.28
788.28
788.28
788.28
780.751
780.751
780.751
780.751
780.751
781.838
781.838
781.838
781.838
781.838
790.036
790.036
790.036
790.036
790.036
775.85
775.85
775.85
775.85
775.85
758.298
758.298
758.298
758.298
758.298
784.81
784.81
784.81
784.81
784.81
754.907
754.907
754.907
754.907
754.907
765.991
765.991
765.991
765.991
765.991
686.523
686.523
686.523
686.523
686.523
725.081
725.081
725.081
725.081
725.081
706.759
706.759
706.759
706.759
706.759
739.129
739.129
739.129
739.129
739.129
756.217
756.217
756.217
756.217
756.217
577.142
577.142
577.142
577.142
577.142
359.664
359.664
359.664
359.664
359.664
267.136
267.136
267.136
267.136
267.136
547.225
547.225
547.225
547.225
547.225
546.375
546.375
546.375
546.375
546.375
719.761
719.761
719.761
719.761
719.761
608.1
608.1
608.1
608.1
608.1
628.391
628.391
628.391
628.391
628.391
513.268
513.268
513.268
513.268
513.268
603.233
603.233
603.233
603.233
603.233
631.691
631.691
631.691
631.691
631.691
787.047
787.047
787.047
787.047
787.047
733.194
733.194
733.194
733.194
733.194
751.418
751.418
751.418
751.418
751.418
528.559
528.559
528.559
528.559
528.559
594.791
594.791
594.791
594.791
594.791
382.519
382.519
382.519
382.519
382.519
463.675
463.675
463.675
463.675
463.675
518.094
518.094
518.094
518.094
539.188
452.409
452.409
452.409
452.409
452.409
725.222
725.222
725.222
725.222
725.222
766.314
766.314
766.314
766.314
766.314
781.994
781.994
781.994
781.994
781.994
787.767
787.767
787.767
787.767
787.767
710.59
710.59
710.59
710.59
710.59
757.643
757.643
757.643
757.643
757.643
766.26
766.26
766.26
766.26
766.26
772.346
772.346
772.346
772.346
772.346
790.888
790.888
790.888
790.888
790.888
770.77
770.77
770.77
770.77
770.77
731.549
731.549
731.549
731.549
731.549
758.287
758.287
758.287
758.287
758.287
591.015
599.78
599.78
599.78
599.78
720.632
720.632
720.632
720.632
720.632
513.265
513.265
513.265
513.265
513.265
452.077
452.077
452.077
452.077
452.077
559.462
559.462
559.462
559.462
559.462
644.397
644.397
644.397
644.397
644.397
630.65
630.65
630.65
630.65
630.65
729.727
729.727
729.727
729.727
729.727
781.358
781.358
781.358
781.358
781.358
721.471
721.471
721.471
721.471
721.471
311.713
311.713
311.713
311.713
311.713
326.652
326.652
326.652
326.652
326.652
641.181
641.181
641.181
641.181
641.181
354.888
354.888
354.888
354.888
354.888
781.523
781.523
781.523
781.523
781.523
767.459
767.459
767.459
767.459
767.459
791.955
791.955
791.955
791.955
791.955
773.444
773.444
773.444
773.444
773.444
759.006
759.006
759.006
759.006
759.006
754.457
754.457
754.457
754.457
754.457
789.55
789.55
789.55
789.55
789.55
780.327
780.327
780.327
780.327
780.327
762.581
762.581
762.581
762.581
762.581
756.707
756.707
756.707
756.707
756.707
674.441
674.441
674.441
674.441
674.441
640.399
640.399
640.399
640.399
640.399
744.507
744.507
744.507
744.507
744.507
768.621
768.621
768.621
768.621
768.621
657.055
657.055
657.055
657.055
657.055
779.371
779.371
779.371
779.371
779.371
695.69
695.69
695.69
695.69
695.69
297.615
297.599
297.599
297.599
297.599
515.465
515.465
515.465
515.465
515.465
720.51
720.51
720.51
720.51
720.51
767.525
767.525
767.525
767.525
767.525
789.033
789.033
789.033
789.033
789.033
775.377
775.377
775.377
775.377
775.377
767.608
767.608
767.608
767.608
767.608
791.31
791.31
791.31
791.31
791.31
766.425
766.425
766.425
766.425
766.425
757.716
757.716
757.716
757.716
757.716
791.899
791.899
791.899
791.899
791.899
784.632
784.632
784.632
784.632
784.632
777.749
777.749
777.749
777.749
777.749
778.482
778.482
778.482
778.482
778.482
732.506
732.506
732.506
732.506
732.506
741.54
741.54
744.079
744.079
744.079
778.79
778.79
778.79
778.79
778.79
696.747
696.747
696.747
696.747
696.747
323.869
323.869
323.869
323.869
323.869
721.739
721.739
721.739
721.739
721.739
584.297
584.297
584.296
584.296
584.296
653.49
653.49
653.49
653.49
653.49
783.277
783.277
783.277
783.277
783.277
773.407
773.407
773.407
773.407
773.407
789.801
789.801
789.801
789.801
789.801
790.386
790.386
790.386
790.386
790.386
789.92
789.92
789.92
789.92
789.92
764.351
764.351
764.351
764.351
764.351
757.063
757.063
757.063
757.063
757.063
754.399
754.399
754.399
754.399
754.399
740.366
740.366
740.366
740.366
740.366
789.513
789.513
789.513
789.513
789.513
772.717
772.717
772.717
772.717
772.717
778.41
778.41
778.41
778.41
778.41
784.44
784.44
784.44
784.44
784.44
770.725
770.725
770.725
770.725
770.725
736.693
736.693
736.693
736.693
736.693
756.193
756.193
756.193
756.193
756.193
768.116
768.116
768.116
768.116
768.116
539.877
539.877
539.877
539.877
539.877
753.43
753.43
753.43
753.43
753.43
760.949
760.949
760.949
760.949
760.949
774.657
774.657
774.657
774.657
774.657
782.028
782.028
782.028
782.028
782.028
695.479
695.479
695.479
695.479
695.479
542.58
542.58
542.58
542.58
542.58
439.373
439.373
439.373
439.373
439.373
715.768
715.768
715.768
715.768
715.768
284.248
284.248
284.248
284.248
284.248
616.448
616.448
616.448
616.448
616.448
784.771
784.771
784.771
784.771
784.771
773.036
773.036
773.036
773.036
773.036
767.797
767.797
767.797
767.797
767.797
670.029
670.029
670.029
670.029
670.029
498.851
498.851
498.851
498.851
498.851
744.481
744.481
744.481
744.481
744.481
412.287
412.287
412.287
412.287
412.287
791.407
791.407
791.407
791.407
791.407
774.248
774.248
774.248
774.248
774.248
758.857
758.857
758.857
758.857
758.857
707.959
707.959
707.959
707.959
707.959
793.258
793.258
793.258
793.258
793.258
762.807
762.807
762.807
762.807
762.807
741.82
741.82
741.82
741.82
741.82
722.839
722.839
722.839
722.839
722.839
725.089
725.089
725.089
725.089
725.089
667.167
667.167
667.167
667.167
667.167
779.753
779.753
779.753
779.753
779.753
749.039
749.039
749.039
749.039
749.039
754.039
754.039
754.039
754.039
754.039
766.467
766.467
766.467
766.467
766.467
736.529
736.529
736.529
736.529
736.529
773.75
773.75
773.75
773.75
773.75
793.486
793.486
793.486
793.486
793.486
781.046
781.046
781.046
781.046
781.046
787.677
787.677
787.677
787.677
787.677
785.54
785.54
785.54
785.54
785.54
778.1
778.1
778.1
778.1
778.1
769.895
769.895
769.895
769.895
769.895
788.82
788.82
788.82
788.82
788.82
775.497
775.497
775.497
775.497
775.497
780.142
780.142
780.142
780.142
780.142
788.298
788.298
788.298
788.298
788.298
780.523
780.523
780.523
780.523
780.523
774.58
774.58
774.58
774.58
774.58
791.192
791.192
791.192
791.192
791.192
780.604
780.604
780.604
780.604
780.604
774.363
774.363
774.363
774.363
774.363
787.412
787.412
787.412
787.412
787.412
751.196
751.196
751.196
751.196
751.196
749.843
749.843
749.843
749.843
749.843
780.16
780.16
780.16
780.16
780.16
773.062
773.062
773.062
773.062
773.062
737.468
737.468
737.468
737.468
737.468
781.785
781.785
781.785
781.785
781.785
744.011
744.011
744.011
744.011
744.011
749.359
749.359
749.359
749.359
749.359
608.604
608.604
608.604
608.604
608.604
360.209
425.417
425.417
425.417
425.417
530.633
530.633
530.633
530.633
530.633
732.86
732.86
732.86
732.86
732.86
406.437
406.437
406.437
406.437
406.437
727.419
727.419
727.419
727.419
727.419
734.622
734.622
734.622
734.622
734.622
758.083
758.083
758.083
758.083
758.083
721.876
721.876
721.876
721.876
721.876
735.514
735.514
735.514
735.514
735.514
737.997
737.997
737.997
737.997
737.997
659.374
659.374
659.374
659.374
659.374
692.613
692.613
692.613
692.613
692.613
421.255
421.255
421.255
421.255
421.255
337.463
337.463
337.463
337.463
337.463
596.875
596.875
596.875
596.875
596.875
550.557
550.556
550.556
550.556
550.556
373.638
373.638
373.638
373.638
373.638
548.137
548.137
548.137
548.137
548.137
584.139
584.139
584.139
584.139
584.139
502.684
502.684
502.684
502.684
502.684
390.905
390.905
390.905
390.905
390.905
322.625
322.625
322.625
322.625
322.625
789.496
789.496
789.496
789.496
789.496
786.639
786.639
786.639
786.639
786.639
752.774
752.774
752.774
752.774
752.774
781.238
781.238
781.238
781.238
781.238
781.04
781.04
781.04
781.04
781.04
768.76
768.76
768.76
768.76
768.76
750.028
750.028
750.028
750.028
750.028
644.086
644.086
644.086
644.086
644.086
380.743
380.743
380.743
380.743
380.743
662.926
662.926
662.926
662.926
662.926
345.003
345.003
345.003
345.003
345.003
637.942
637.942
637.942
637.942
637.942
438.225
438.225
438.225
438.225
438.225
437.443
437.443
437.443
437.443
437.443
481.426
481.426
481.426
481.426
481.426
579.553
579.553
579.553
579.553
579.553
620.047
620.047
620.047
620.047
620.047
531.573
531.573
531.573
531.573
531.573
352.011
352.011
352.011
352.011
352.011
680.683
680.683
680.683
680.683
680.683
512.541
512.541
512.541
512.541
512.541
784.664
784.664
784.664
784.664
784.664
772.155
772.155
772.155
772.155
772.155
754.581
754.581
754.581
754.581
754.581
728.173
728.173
728.173
728.173
728.173
787.282
787.282
787.282
787.282
787.282
567.402
567.402
567.402
567.402
567.402
750.127
750.127
750.127
750.127
750.127
680.232
680.232
680.232
680.232
680.232
771.762
771.762
771.762
771.762
771.762
733.819
733.819
733.819
733.819
733.819
677.494
677.494
677.494
677.494
677.494
742.665
742.553
742.553
742.553
742.553
726.362
726.362
726.362
726.362
726.362
260.252
260.252
260.252
260.252
260.252
694.07
694.07
694.07
694.07
694.07
470.266
470.266
470.266
470.266
470.266
737.52
737.52
737.52
737.52
737.52
625.936
625.936
625.936
635.684
635.684
697.097
697.097
697.097
697.097
697.097
765.115
765.115
765.115
765.115
765.115
771.864
771.864
771.864
771.864
771.864
776.979
776.979
776.979
776.979
776.979
739.304
739.304
739.304
739.304
739.304
771.665
771.665
771.665
771.665
771.665
769.669
769.669
769.669
769.669
769.669
773.924
773.924
773.924
773.924
773.924
742.021
742.021
742.061
742.061
742.061
777.018
777.018
777.018
777.018
777.018
723.794
723.794
723.794
723.794
723.794
707.644
707.644
707.644
707.644
707.644
769.197
769.197
769.197
769.197
769.197
738.791
738.791
738.791
738.791
738.791
444.332
444.332
444.332
444.332
444.332
784.039
784.039
784.039
784.039
784.039
741.12
741.12
741.12
741.12
741.12
778.914
778.914
778.914
778.914
778.914
774.623
774.623
774.623
774.623
774.623
791.143
791.143
791.143
791.143
791.143
773.391
773.391
773.391
773.391
773.391
784.778
784.778
784.778
784.778
784.778
784.706
784.706
784.706
784.706
784.706
787.869
787.869
787.869
787.869
787.869
771.923
771.923
771.923
771.923
771.923
792.119
792.119
792.119
792.119
792.119
783.306
783.306
783.306
783.306
783.306
776.451
776.451
776.451
776.451
776.451
790.155
790.155
790.155
790.155
790.155
784.139
784.139
784.139
784.139
784.139
782.613
782.613
782.613
782.613
782.613
792.794
792.794
792.794
792.794
792.794
784.325
784.325
784.325
784.325
784.325
740.215
740.215
740.215
740.215
740.215
777.041
777.041
777.041
777.041
777.041
768.652
768.652
768.652
768.652
768.652
768.917
768.917
768.917
768.917
768.917
753.004
753.004
753.004
753.004
753.004
744.312
744.312
744.312
744.312
744.312
725.534
725.534
725.534
725.534
725.534
791.299
791.299
791.299
791.299
791.299
752.302
752.302
752.302
752.302
752.302
662.036
662.036
662.036
662.036
662.036
784.696
784.696
784.696
784.696
784.696
758.379
758.379
758.379
758.379
758.379
738.033
738.033
738.033
738.033
738.033
784.59
784.59
784.59
784.59
784.59
685.248
685.248
685.248
685.248
685.248
787.775
787.775
787.775
787.775
787.775
785.169
785.169
785.169
785.169
785.169
764.041
764.041
764.041
764.041
764.041
777.755
777.755
777.755
777.755
777.755
784.374
784.374
784.374
784.374
784.374
782.493
782.493
782.493
782.493
782.493
779.213
779.213
779.213
779.213
779.213
793.366
793.366
793.366
793.366
793.366
787.99
787.99
787.99
787.99
787.99
767.829
767.829
767.829
767.829
767.829
786.523
786.523
786.523
786.523
786.523
737.626
737.626
737.626
737.626
737.626
732.518
732.518
732.518
732.518
732.518
769.244
769.244
769.244
769.244
769.244
766.182
766.182
766.182
766.182
766.182
755.402
755.402
755.402
755.402
755.402
760.606
760.606
760.606
760.606
760.606
769.987
769.987
769.987
769.987
769.987
749.49
749.49
749.49
749.49
749.49
760.81
760.81
760.81
760.81
760.81
720.695
720.695
720.695
720.695
720.695
738.148
738.148
738.148
738.148
738.148
713.774
713.774
713.774
713.774
713.774
715.621
715.621
715.621
715.621
715.621
765.101
765.101
765.101
765.101
765.101
796.493
796.493
796.493
796.493
796.493
782.305
782.305
782.305
782.305
782.305
769.634
769.634
769.634
769.634
769.634
788.809
788.809
788.809
788.809
788.809
772.943
772.943
772.943
772.943
772.943
767.325
767.325
767.325
767.325
767.325
785.798
785.798
785.798
785.798
785.798
764.46
764.46
764.46
764.46
764.46
772.332
772.332
772.332
772.332
772.332
773.291
773.291
773.291
773.291
773.291
787.636
787.636
787.636
787.636
787.636
742.079
742.079
742.079
742.079
742.079
770.199
770.199
770.199
770.199
770.199
762.038
762.038
762.038
762.038
762.038
709.436
709.436
709.436
709.436
709.436
714.266
714.266
714.266
714.266
714.266
734.208
734.208
734.208
734.208
734.208
736.54
736.54
736.54
736.54
736.54
769.171
769.171
769.171
769.171
769.171
713.456
713.456
713.456
713.456
713.456
170.123
170.123
170.123
170.123
170.123
639.025
639.025
639.025
639.025
639.025
398.732
398.732
398.732
398.732
398.732
349.397
349.397
349.397
349.397
349.397
606.647
606.647
606.647
606.647
606.647
723.64
723.64
723.64
723.64
723.64
776.284
776.284
776.284
776.284
776.284
743.215
743.215
743.215
743.215
743.215
755.716
755.716
755.716
755.716
755.716
744.559
744.559
744.559
744.559
744.559
664.978
664.978
664.978
664.978
664.978
638.784
638.784
638.784
638.784
638.784
547.875
547.875
547.875
547.875
547.875
644.211
644.211
644.211
644.211
644.211
522.565
522.565
522.565
522.565
522.565
665.828
665.828
665.828
665.828
665.828
449.941
449.941
449.941
449.941
449.941
712.238
712.238
712.238
712.238
712.238
632.051
632.051
632.051
632.051
632.051
756.447
756.447
756.447
756.447
756.447
743.773
743.773
743.773
743.773
743.773
676.036
676.036
676.036
676.036
676.036
758.314
758.314
758.314
758.314
758.314
580.576
580.576
580.576
580.576
580.576
572.871
572.871
572.871
572.871
572.871
344.594
344.594
344.594
344.594
344.594
736.505
736.505
736.505
736.505
736.505
773.437
773.437
773.437
773.437
773.437
773.575
773.575
773.575
773.575
773.575
786.585
786.585
786.585
786.585
786.585
680.756
680.756
680.756
680.756
680.756
788.497
788.497
788.497
788.497
788.497
684.056
684.056
684.056
684.056
684.056
494.818
494.818
494.818
494.818
494.818
552.357
552.357
552.357
552.357
552.357
669.26
669.26
669.26
669.26
669.26
692.127
692.127
692.127
692.127
692.127
687.825
687.825
687.825
687.825
687.825
667.945
667.945
667.945
667.945
667.945
755.86
755.86
755.86
755.86
755.86
758.298
758.298
758.298
758.298
758.298
750.441
750.441
750.441
750.441
750.441
755.244
755.244
755.244
755.244
755.244
756.064
756.064
756.064
756.064
756.064
778.652
778.652
778.652
778.652
778.652
777.45
777.45
777.45
777.45
777.45
778.517
778.517
778.517
778.517
778.517
794.221
794.221
794.221
794.221
794.221
774.681
774.683
774.683
774.683
774.683
792.59
792.59
792.59
792.59
792.59
794.081
794.081
794.081
794.081
794.081
770.854
770.854
770.854
770.854
770.854
767.354
767.354
767.354
767.354
767.354
766.65
766.65
766.65
766.65
766.65
768.47
768.47
768.47
768.47
768.47
779.031
779.031
779.031
779.031
779.031
755.085
755.085
755.085
755.085
755.085
776.803
776.803
776.803
776.803
776.803
794.555
794.555
794.555
794.555
794.555
781.404
781.404
781.404
781.404
781.404
769.68
769.68
769.68
769.68
769.68
791.735
791.735
791.735
791.735
791.735
782.871
782.871
782.871
782.871
782.871
760.091
760.091
760.091
760.091
760.091
790.412
790.412
790.412
790.412
790.412
779.633
779.633
779.633
779.633
779.633
774.241
774.241
774.241
774.241
774.241
790.64
790.64
790.64
790.64
790.64
772.838
772.838
772.838
772.838
772.838
772.388
772.388
772.388
772.388
772.388
782.506
782.506
782.506
782.506
782.506
767.432
767.432
767.432
767.432
767.432
780.796
780.796
780.796
780.796
780.796
774.552
774.552
774.552
774.552
774.552
787.404
787.404
787.404
787.404
787.404
763.154
763.154
763.154
763.154
763.154
790.772
790.772
790.772
790.772
790.772
783.873
783.873
783.873
783.873
783.873
743.422
743.422
743.422
743.422
743.422
778.075
778.075
778.075
778.075
778.075
754.278
754.278
754.278
754.278
754.278
736.432
736.432
736.432
736.432
736.432
763.995
763.995
763.995
763.995
763.995
709.379
709.379
709.379
709.379
709.379
786.87
786.87
786.87
786.87
786.87
778.859
778.859
778.859
778.859
778.859
785.735
785.735
785.735
785.735
785.735
770.142
770.142
770.142
770.142
770.142
793.279
793.279
793.279
793.279
793.279
771.957
771.957
771.957
771.957
771.957
762.525
762.525
762.525
762.525
762.525
789.347
789.347
789.347
789.347
789.347
784.588
784.588
784.588
784.588
784.588
783.468
783.468
783.468
783.468
783.468
782.951
782.951
782.951
782.951
782.951
762.913
762.913
762.913
762.913
762.913
752.348
752.348
757.697
757.697
757.697
793.509
793.509
793.509
793.509
793.509
783.261
783.261
783.261
783.261
783.261
756.614
756.614
756.614
756.614
756.614
765.142
765.142
765.142
765.142
765.142
723.876
723.876
723.876
723.876
723.876
746.063
746.063
746.063
746.063
746.063
610.113
610.113
610.113
610.113
610.113
469.148
469.148
469.148
469.148
469.148
620.977
620.977
620.977
620.977
620.977
750.454
750.454
750.454
750.454
750.454
772.563
772.563
772.563
772.563
772.563
742.513
742.513
742.513
742.513
742.513
736.232
736.232
736.232
736.232
736.232
793.344
793.344
793.344
793.344
793.344
767.718
767.718
767.718
767.718
767.718
771.27
771.27
771.27
771.27
771.27
704.628
704.628
704.628
704.628
704.628
768.415
768.415
768.415
768.415
768.415
553.07
553.07
553.07
553.07
553.07
565.389
565.389
565.389
565.389
565.389
708.149
708.149
708.149
708.149
708.149
736.781
736.781
736.781
736.781
736.781
777.482
777.482
777.482
777.482
777.482
770.557
770.557
770.557
770.557
770.557
786.994
786.994
786.994
786.994
786.994
781.809
781.809
781.809
781.809
781.809
769.225
769.225
769.225
769.225
769.225
770.64
770.64
770.64
770.64
770.64
753.985
753.985
753.985
753.985
753.985
768.316
768.316
768.316
768.316
768.316
783.887
783.887
783.887
783.887
783.887
768.996
768.996
768.996
768.996
768.996
775.989
775.989
775.989
775.989
775.989
795.733
795.733
795.733
795.733
795.733
778.637
778.637
778.637
778.637
778.637
780.409
780.409
780.409
780.409
780.409
791.999
791.999
791.999
791.999
791.999
781.917
781.917
781.917
781.917
781.917
760.972
760.972
760.972
760.972
760.972
781.921
781.921
781.921
781.921
781.921
758.129
758.129
758.129
758.129
758.129
780.961
780.961
780.961
780.961
780.961
758.51
758.51
758.51
758.51
758.51
734.227
734.227
734.227
734.227
734.227
690.221
690.221
690.221
690.221
690.221
765.227
765.227
765.227
765.227
765.227
774.934
774.934
774.934
774.934
774.934
787.142
787.142
787.142
787.142
787.142
784.681
784.681
784.681
784.681
784.681
782.986
782.986
782.986
782.986
782.986
767.22
767.22
767.22
767.22
767.22
773.191
773.191
773.191
773.191
773.191
745.098
745.098
745.098
745.098
745.098
737.035
737.035
737.035
737.035
737.035
768.127
768.127
768.127
768.127
768.127
701.47
701.47
701.47
701.47
701.47
781.171
781.171
781.171
781.171
781.171
789.25
789.25
789.25
789.25
789.25
778.501
778.501
778.501
778.501
778.501
773.831
773.831
773.831
773.831
773.831
762.256
762.256
762.256
762.256
762.256
708.27
708.27
708.27
708.27
708.27
733.509
733.509
733.509
733.509
733.509
777.04
777.04
777.04
777.04
777.04
759.331
759.331
759.331
759.331
759.331
761.107
761.107
761.107
761.107
761.107
763.042
763.042
763.042
763.042
763.042
788.679
788.679
788.679
788.679
788.679
788.606
788.606
788.606
788.606
788.606
787.515
787.515
787.515
787.515
787.515
784.6
784.6
784.6
784.6
784.6
769.381
769.381
769.381
769.381
769.381
785.653
785.653
785.653
785.653
785.653
781.579
781.579
781.579
781.579
781.579
779.432
779.432
779.432
779.432
779.432
789.667
789.667
789.667
789.667
789.667
780.358
780.358
780.358
780.358
780.358
782.782
782.782
782.782
782.782
782.782
796.275
796.275
796.275
796.275
796.275
786.093
786.093
786.093
786.093
786.093
768.149
768.149
768.149
768.149
768.149
782.363
782.363
782.363
782.363
782.363
780.816
780.816
780.816
780.816
780.816
785.808
785.808
785.808
785.808
785.808
776.34
776.34
776.34
776.34
776.34
770.688
770.688
770.688
770.688
770.688
769.289
769.289
769.289
769.289
769.289
748.638
748.638
748.638
748.638
748.638
759.92
759.92
759.92
759.92
759.92
730.23
730.23
730.23
730.23
730.23
753.3
753.3
753.3
753.3
753.3
774.775
774.775
774.775
774.775
774.775
763.439
763.439
763.439
763.439
763.439
795.304
795.304
795.304
795.304
795.304
786.55
786.55
786.55
786.55
786.55
777.477
777.477
777.477
777.477
777.477
748.822
748.822
748.822
748.822
748.822
779.811
779.811
779.811
779.811
779.811
761.049
761.049
761.049
761.049
761.049
776.993
776.993
776.993
776.993
776.993
772.52
772.52
772.52
772.52
772.52
777.718
777.718
777.718
777.718
777.718
789.39
789.39
789.39
789.39
789.39
706.442
706.442
706.442
706.442
706.442
753.255
753.255
753.255
753.255
753.255
767.679
767.679
767.679
767.679
767.679
719.283
719.283
719.283
719.283
719.283
657.048
657.048
657.048
657.048
657.048
787.902
787.902
787.902
787.902
787.902
778.472
778.472
778.472
778.472
778.472
772.02
772.02
772.02
772.02
772.02
790.226
790.226
790.226
790.226
790.226
772.044
772.044
772.044
772.044
772.044
778.845
778.845
778.845
778.845
778.845
781.263
781.263
781.263
781.263
781.263
767.563
767.563
767.563
767.563
767.563
725.638
725.638
725.651
725.651
725.651
761.449
761.449
761.449
761.449
761.449
776.831
776.831
776.831
776.831
776.831
751.047
751.047
751.047
751.047
751.047
777.623
777.623
777.623
777.623
777.623
765.539
765.539
765.539
765.539
765.539
690.48
690.48
690.48
690.48
690.48
778.145
778.145
778.145
778.145
778.145
743.744
743.744
743.744
743.744
743.744
704.87
704.87
704.87
704.87
704.87
783.314
783.314
783.314
783.314
783.314
740.367
740.367
740.367
740.367
740.367
760.229
760.229
760.229
760.229
760.229
763.899
763.899
763.899
763.899
763.899
732.732
732.732
732.732
732.732
732.732
512.102
512.102
512.102
512.102
512.102
785.907
785.907
785.907
785.907
785.907
652.131
652.131
652.131
652.131
652.131
656.588
656.588
656.588
656.588
656.588
733.468
733.468
733.468
733.468
733.468
584.66
584.66
584.66
584.66
584.66
719.266
719.266
719.266
719.266
719.266
639.14
639.14
639.14
639.14
639.14
594.814
594.814
594.814
594.814
594.814
562.198
562.198
562.198
562.198
562.198
477.779
477.779
477.779
477.779
477.779
469.725
469.725
469.725
469.725
469.725
692.121
692.121
692.121
692.121
692.121
785.322
785.322
785.322
785.322
785.322
767.561
767.561
767.561
767.561
767.561
663.323
663.323
663.323
663.323
663.323
767.57
767.57
767.57
767.57
767.57
706.859
706.859
706.859
706.859
706.859
340.522
340.522
340.522
340.522
340.522
439.889
439.889
439.889
439.889
439.889
433.268
433.268
433.268
433.268
433.268
487.436
487.436
487.436
487.436
487.436
467.301
467.301
467.301
467.301
467.301
385.867
385.867
385.867
385.867
385.867
763.807
763.807
763.807
763.807
763.807
771.509
771.509
771.509
771.509
771.509
721.867
721.867
721.867
721.867
721.867
699.454
699.454
699.454
699.454
699.454
764.612
764.612
764.612
764.612
764.612
725.053
725.053
725.053
725.053
725.053
591.298
591.298
591.298
591.298
591.298
365.835
365.835
365.835
365.835
365.835
477.042
496.333
496.333
496.333
496.333
530.734
530.734
530.734
530.734
530.734
485.352
485.352
485.352
485.352
485.352
372.875
372.875
372.875
372.875
372.875
457.925
457.925
457.925
457.925
457.925
754.737
754.737
754.737
754.737
754.737
388.541
388.541
388.541
388.541
388.541
484.864
484.864
484.864
484.864
484.864
563.028
563.028
563.028
563.028
563.028
590.469
590.469
590.469
590.469
590.469
759.216
759.216
759.216
759.216
759.216
786.587
786.587
786.587
786.587
786.587
765.858
765.858
765.858
765.858
765.858
751.657
751.657
751.657
751.657
751.657
520.807
520.807
520.807
520.807
520.807
580.976
580.976
580.976
580.976
580.976
484.626
484.626
484.626
484.626
484.626
648.747
648.747
648.747
648.747
648.747
702.791
702.791
702.791
702.791
702.791
771.32
771.32
771.32
771.32
771.32
678.544
678.544
678.544
678.544
678.544
651.418
651.418
651.418
651.418
651.418
439.459
439.459
439.459
439.459
439.459
358.581
358.581
358.581
358.581
358.581
752.471
752.471
752.471
752.471
752.471
728.606
728.606
728.606
728.606
728.606
674.667
674.667
674.667
674.667
674.667
238.485
238.485
238.485
238.485
238.485
567.248
567.248
567.248
567.248
567.248
585.052
585.052
585.052
585.052
585.052
623.175
623.175
623.175
623.175
623.175
352.701
352.701
352.701
352.701
352.701
714.92
714.92
714.92
714.92
714.92
637.28
637.28
637.28
637.28
637.28
545.375
545.375
545.375
545.375
545.375
745.887
745.887
745.887
745.887
745.887
736.558
736.558
736.558
736.558
736.558
403.62
403.62
403.62
403.62
403.62
689.687
689.687
689.687
689.687
689.687
554.539
554.539
554.539
554.539
554.539
757.513
757.513
757.513
757.513
757.513
780.575
780.575
780.575
780.575
780.575
713.428
713.428
713.428
713.428
713.428
247.991
247.991
247.991
247.991
247.991
504.393
504.393
504.393
504.393
504.393
567.998
567.998
567.998
567.998
567.998
536.677
536.677
536.677
536.677
536.677
569.168
569.168
569.168
569.168
569.168
716.554
716.554
716.554
716.554
716.554
711.715
711.715
711.715
711.715
711.715
720.635
720.635
720.635
720.635
720.635
249.21
249.21
249.21
249.21
249.21
699.219
699.219
699.219
699.219
699.219
374.817
374.817
374.817
374.817
374.817
338.094
338.094
338.094
338.094
338.094
583.261
583.261
583.261
583.261
583.261
491.649
491.649
491.649
491.649
491.649
723.495
723.495
723.495
723.495
723.495
719.613
719.613
719.613
719.613
719.613
532.447
532.447
532.447
532.447
532.447
751.265
751.265
751.265
751.265
751.265
767.8
767.8
767.8
767.8
767.8
795.04
795.04
795.04
795.04
795.04
776.454
776.454
776.454
776.454
776.454
779.137
779.137
779.137
779.137
779.137
790.565
790.565
790.565
790.565
790.565
772.144
772.144
772.144
772.144
772.144
733.758
733.758
733.758
733.758
733.758
793.545
793.545
793.545
793.545
793.545
777.238
777.238
777.238
777.238
777.238
746.421
746.421
746.421
746.421
746.421
749.984
749.984
749.984
749.984
749.984
688.545
688.545
688.545
688.545
688.545
549.043
549.043
549.043
549.043
549.043
474.044
474.044
474.044
474.044
474.044
727.744
727.744
727.744
727.744
727.744
275.673
275.673
275.673
275.673
275.673
623.882
623.882
623.882
623.882
623.882
509.421
509.421
509.421
509.421
509.421
683.017
683.017
683.017
683.017
683.017
387.886
387.886
387.886
387.886
387.886
745.332
745.332
745.332
745.332
745.332
778.267
778.267
778.267
778.267
778.267
731.54
731.54
731.54
731.54
731.54
784.308
784.308
784.308
784.308
784.308
745.635
745.635
745.635
745.635
745.635
783.432
783.432
783.432
783.432
783.432
754.652
754.652
754.652
754.652
754.652
726.561
726.561
726.561
726.561
726.561
394.593
394.593
394.593
394.593
394.593
606.9
606.9
606.9
606.9
606.9
381.187
381.187
381.187
381.187
381.187
531.867
531.867
531.867
531.867
531.867
429.375
429.375
429.375
429.375
429.375
378.853
378.853
378.853
378.853
378.853
502.897
502.897
502.897
502.897
502.897
790.038
790.038
790.038
790.038
790.038
733.744
733.744
733.744
733.744
733.744
515.01
515.01
515.01
515.01
515.01
532.528
532.528
532.528
532.528
532.528
484.48
484.48
484.48
484.48
484.48
640.356
640.356
640.356
640.356
640.356
622.556
622.556
622.556
622.556
622.556
540.211
540.211
540.211
540.211
540.211
587.78
579.559
579.559
579.559
579.559
565.185
565.185
565.185
565.185
565.185
481.91
481.91
481.91
481.91
481.91
720.433
720.433
720.433
720.433
720.433
780.594
780.594
780.594
780.594
780.594
769.421
769.421
769.421
769.421
769.421
786.209
786.209
786.209
786.209
786.209
762.239
762.239
762.239
762.239
762.239
412.954
412.954
412.954
412.954
412.954
353.851
353.851
353.851
353.851
353.851
733.868
733.868
733.868
733.868
733.868
731.806
731.806
731.806
731.806
731.806
422.85
422.85
422.85
422.85
422.85
697.352
697.352
697.352
697.352
697.352
763.341
763.341
763.341
763.341
763.341
782.132
782.132
782.132
782.132
782.132
0
