0
0
0
0
491.159
491.159
491.159
491.159
491.159
616.644
616.644
616.644
616.644
616.644
446.483
446.483
446.483
446.483
446.483
593.494
593.494
593.494
593.494
593.494
659.733
659.733
659.733
659.733
659.733
640.547
640.547
640.547
640.547
640.547
213.883
213.883
213.883
213.883
213.883
528.902
528.902
528.902
528.902
528.902
680.345
680.345
680.345
680.345
680.345
643.57
643.57
643.57
643.57
643.57
508.997
508.997
508.997
508.997
508.997
525.969
525.969
525.969
525.969
525.969
501.516
501.516
501.516
501.516
501.516
662.42
662.42
662.42
662.42
662.42
472.205
472.205
472.205
472.205
472.205
680.616
680.616
680.616
680.616
680.616
429.129
429.129
429.129
429.129
429.129
426.379
426.379
426.379
426.379
426.379
283.119
283.119
283.119
283.119
283.119
699.029
699.029
699.029
699.029
699.029
777.496
777.496
777.496
777.496
777.496
604.292
604.292
604.292
604.292
604.292
410.786
410.786
410.786
410.786
410.786
493.859
493.859
493.859
493.859
493.859
582.463
582.463
582.463
582.463
582.463
645.495
645.495
645.495
645.495
645.495
612.258
612.258
612.258
612.258
612.258
408.438
408.438
408.438
408.438
408.438
507.75
507.75
507.75
507.75
507.75
357.989
357.989
357.989
357.989
357.989
421.896
421.896
421.896
421.896
421.896
464.439
464.439
464.439
464.439
464.439
341.792
341.792
341.792
341.792
341.792
508.75
508.75
508.75
508.75
508.75
615.125
615.125
615.125
615.125
615.125
711.92
711.92
711.92
711.92
711.92
529.231
529.231
529.231
529.231
529.231
469.649
469.649
469.649
469.649
469.649
443.7
443.7
443.7
443.7
443.7
666.802
666.802
666.802
666.802
666.802
312.894
312.894
312.894
312.894
312.894
577.642
577.642
577.642
577.642
577.642
694.667
694.667
694.667
694.667
694.667
607.864
607.864
607.864
607.864
607.864
394.408
394.408
394.408
394.408
394.408
549.032
549.032
549.032
549.032
549.032
539.547
539.547
539.547
539.547
539.547
366.144
366.144
366.144
366.144
366.144
605.23
605.23
605.23
605.23
605.23
626.59
626.59
626.59
626.59
626.59
681.375
681.375
681.375
681.375
681.375
563.596
563.596
563.596
563.596
563.596
768.957
768.957
768.957
768.957
768.957
516.248
516.248
516.248
516.248
516.248
461.364
461.364
461.364
461.364
426.229
261.388
261.388
261.388
261.388
261.388
777.582
777.581
777.581
777.581
777.581
404.698
404.698
404.698
404.698
404.698
477.658
477.658
477.658
477.658
477.658
273.32
273.32
273.32
273.32
273.32
501.086
501.086
501.086
501.086
501.086
767.513
767.513
767.513
767.513
767.513
772.303
772.303
772.303
772.303
772.303
724.458
724.458
724.458
724.458
724.458
250.627
250.627
250.627
250.627
250.627
658.305
658.305
658.305
658.305
658.305
473.857
473.857
473.857
473.857
473.857
527.559
527.559
527.559
527.559
527.559
639.982
639.982
639.982
639.982
639.982
418.354
418.354
418.354
418.354
418.354
537.35
537.35
537.35
537.35
537.35
770.523
770.523
770.523
770.523
770.523
752.444
752.444
752.444
752.444
752.444
702.82
702.82
702.82
702.82
702.82
336.369
336.369
336.369
336.369
336.369
319.051
319.051
319.051
319.051
319.051
572.5
572.5
572.5
572.5
572.5
399
399
399
399
399
592.063
592.063
592.063
592.063
592.063
693.193
693.193
693.193
693.193
693.193
539.741
539.741
539.741
539.741
539.741
409.742
409.742
409.742
409.742
409.742
588.955
588.955
588.955
588.955
588.955
484.714
484.714
484.714
484.714
484.714
567.974
567.974
567.974
567.974
567.974
433.541
433.541
433.541
433.541
433.541
565.267
565.267
565.267
565.267
565.267
665.687
665.687
665.687
665.687
665.687
765.598
765.598
765.598
765.598
765.598
271.375
271.375
271.375
271.375
271.375
425.961
425.961
425.962
425.962
425.962
642.283
642.283
642.283
642.283
642.283
565.328
565.328
565.328
565.328
565.328
215.905
215.905
215.905
215.905
215.905
646.465
646.465
646.465
646.465
646.465
349.166
349.166
349.166
349.166
349.166
456.516
456.516
456.516
456.516
456.516
390.582
390.582
390.582
390.582
390.582
256.716
256.716
256.716
256.716
256.716
665.289
665.289
665.289
665.289
665.289
513.075
513.075
513.075
513.075
513.075
420.256
420.256
420.256
420.256
420.256
540.901
540.901
540.901
540.901
540.901
646.709
646.709
646.709
646.709
646.709
736.664
736.664
736.664
736.664
736.664
472.517
472.517
472.517
472.517
472.517
299.058
299.058
299.058
299.058
299.058
564.5
564.5
564.5
564.5
564.5
446
446
446
446
446
573.672
573.672
573.672
573.672
573.672
644.68
644.68
644.68
644.68
644.68
501.236
501.236
501.236
501.236
501.236
605.525
605.525
605.525
605.525
605.525
433.281
433.281
433.281
433.281
433.281
584.918
584.918
584.918
584.918
584.918
709.746
709.746
709.746
709.746
709.746
618.463
618.463
618.463
618.463
618.463
765.219
765.219
765.219
765.219
765.219
701.62
701.62
701.62
701.62
701.62
524.74
524.74
524.74
524.74
524.74
671.875
671.875
671.875
671.875
671.875
445.156
445.156
445.156
445.156
445.156
589.722
589.722
589.722
589.722
589.722
448.164
448.164
448.164
448.164
448.164
656.652
656.652
656.652
656.652
656.652
507.815
507.815
507.815
507.815
507.815
437.844
437.844
437.844
437.844
437.844
749.402
749.402
749.402
749.402
749.402
652.77
652.77
652.77
652.77
652.77
291.373
291.373
291.373
291.373
291.373
723.891
723.891
723.891
723.891
723.891
443.383
443.383
443.383
443.383
443.383
457.027
457.027
457.027
457.027
457.027
789.824
789.824
789.824
789.824
789.824
782.727
782.727
782.727
782.727
782.727
698.374
698.374
698.374
698.374
698.374
536.822
536.822
536.822
536.822
536.822
576.512
576.512
576.512
576.512
576.512
632.917
632.917
632.917
632.917
632.917
547.612
547.612
547.612
547.612
547.612
758.199
758.199
758.199
758.199
758.199
690.739
690.739
690.739
690.739
690.739
784.305
784.305
784.305
784.305
784.305
353.794
353.794
353.794
353.794
353.794
428.505
428.505
428.505
428.505
428.505
583.744
583.744
583.744
583.744
583.744
425.372
425.372
425.372
425.372
425.372
581.858
581.858
581.858
581.858
581.858
518.551
518.551
518.551
518.551
518.551
678.735
678.735
678.735
678.735
678.735
476.406
476.406
476.406
476.406
476.406
366.809
366.809
366.809
366.809
366.809
637.284
637.284
637.284
637.284
637.284
774.344
774.344
774.344
774.344
774.344
502.96
502.96
502.96
502.96
502.96
611.775
611.775
611.775
611.775
611.775
596.687
596.687
596.687
596.687
596.687
605.781
605.781
605.781
605.781
605.781
629.75
629.75
629.75
629.75
629.75
588.308
588.308
588.308
588.308
588.308
456.875
456.875
456.875
456.875
456.875
324.871
324.871
324.871
324.871
324.871
487.793
487.793
487.793
487.793
487.793
564.164
564.164
564.164
564.164
564.164
522.443
522.443
522.443
522.443
522.443
472.194
472.194
472.194
472.194
472.194
246.733
246.733
246.733
246.733
246.733
468.25
468.25
468.25
468.25
468.25
571.227
571.227
571.227
571.227
571.227
703.902
703.902
703.902
703.902
703.902
544.384
544.384
544.384
544.384
544.384
417.258
417.258
417.258
417.258
417.258
597.391
597.391
597.391
597.391
597.391
583.46
583.46
583.46
583.46
583.46
411.085
411.085
411.085
411.085
411.085
640.559
640.559
640.559
640.559
640.559
521.672
521.672
521.672
521.672
521.672
484.594
484.594
484.594
484.594
484.594
481.081
481.081
481.081
481.081
481.081
631.406
631.406
631.406
631.406
631.406
472.699
472.699
472.699
472.699
472.699
500.559
500.559
500.559
500.559
500.559
429.208
429.208
429.208
429.208
429.208
292.353
292.353
292.353
292.353
292.353
538.494
538.494
538.494
538.494
538.494
666.889
666.889
666.889
666.889
666.889
652
652
652
652
652
557.336
557.336
557.336
557.336
557.336
723.485
723.485
723.485
723.485
723.485
613.638
613.638
613.638
613.638
613.638
556.042
556.042
556.042
556.042
556.042
614.031
614.031
614.031
614.031
614.031
566.959
566.959
566.959
566.959
566.959
604.589
597.302
597.302
597.302
597.302
442.98
442.98
442.98
442.98
442.98
688.969
688.969
689.078
689.078
689.078
767.323
767.323
767.323
767.323
767.323
715.972
715.972
715.972
715.972
715.972
522.903
522.903
522.903
522.903
522.903
596.001
596.001
596.001
596.001
596.001
744.929
744.929
744.929
744.929
744.929
636.069
636.069
636.069
636.069
636.069
774.906
774.906
774.906
774.906
774.906
442.305
442.305
442.305
442.305
442.305
644.791
644.791
644.791
644.791
644.791
279.273
279.273
279.273
279.273
279.273
170.097
170.097
170.097
170.097
170.097
553.699
553.699
553.699
553.699
553.699
509.75
509.75
509.75
509.75
509.75
477.335
477.335
477.335
477.335
477.335
357.408
357.408
357.408
357.408
357.408
665.531
665.531
665.531
665.531
665.531
714.969
714.969
714.969
714.969
714.969
449.077
449.077
449.077
449.077
449.077
537.75
537.75
537.75
537.75
537.75
647.632
647.632
647.632
647.632
647.632
253.82
253.82
253.82
253.82
253.82
326.135
326.135
326.135
326.135
326.135
586.127
586.127
586.127
586.127
586.127
402.953
402.953
402.953
402.953
402.953
588.789
588.789
588.789
588.789
588.789
322.367
322.367
322.367
322.367
322.367
470.965
470.965
470.965
470.965
470.965
646.666
646.666
646.666
646.666
646.666
583.713
583.713
583.713
583.713
583.713
563.196
563.196
563.196
563.196
563.196
218.64
218.64
218.64
218.64
218.64
581.961
581.961
581.961
581.961
581.961
422.508
422.508
422.508
422.508
422.508
758.666
758.666
758.666
758.666
758.666
511.082
511.082
511.082
511.082
511.082
625.659
625.659
625.659
625.659
625.659
516.512
516.512
516.512
516.512
516.512
590.525
590.525
590.525
590.525
590.525
517.521
517.521
517.521
517.521
517.521
490.746
490.746
490.746
490.746
490.746
572.837
572.837
572.837
572.837
572.837
590.535
590.535
590.535
590.535
590.535
520.258
520.258
520.258
520.258
520.258
224.327
224.327
224.327
224.327
224.327
684.701
684.701
684.701
684.701
684.701
742.84
742.84
742.84
742.84
742.84
739.125
739.125
739.125
739.125
739.125
456.979
456.979
456.979
456.979
456.979
680.625
680.625
680.625
680.625
680.625
493.367
493.367
493.367
493.367
493.367
498.082
498.082
498.082
498.082
498.082
563.387
563.387
563.387
563.387
563.387
588.129
588.129
588.129
588.129
588.129
391.816
391.816
391.816
391.816
391.816
408.75
408.75
408.75
408.75
408.75
633.357
633.357
633.357
633.357
633.357
725.808
725.808
725.808
725.808
725.808
757.737
757.737
757.737
757.737
757.737
414.878
414.878
414.878
414.878
414.878
491
491
491
491
491
577.267
577.267
577.267
577.267
577.267
768.608
768.608
768.608
768.608
768.608
571.313
571.313
571.313
571.313
571.313
559.997
559.997
559.997
559.997
559.997
459.546
459.546
459.546
459.546
459.546
492.752
492.752
492.752
492.752
492.752
428.901
428.901
428.901
428.901
428.901
590.127
590.127
590.127
590.127
590.127
752.199
752.199
752.199
752.199
752.199
768.534
768.534
768.534
768.534
768.534
731.158
731.158
731.158
731.158
731.158
761.355
761.355
761.355
761.355
761.355
711.69
711.69
711.69
711.69
711.69
577.824
577.824
577.824
577.824
577.824
582.662
582.662
582.695
582.695
582.695
594.25
594.25
594.25
594.25
594.25
529.88
529.88
529.88
529.88
529.88
196.438
196.438
196.438
196.438
196.438
740.253
740.253
740.253
740.253
740.253
785.791
785.791
785.791
785.791
785.791
661.098
661.098
661.098
661.098
661.098
579.77
579.77
579.77
579.77
579.77
336.406
336.406
336.406
336.406
336.406
337.875
337.875
337.875
337.875
337.875
542.648
542.648
542.648
542.648
542.648
366.402
366.402
366.402
366.402
366.402
626.955
626.955
630.91
630.91
630.91
566.718
566.718
566.718
566.718
566.718
317.347
317.347
317.347
317.347
317.347
481.188
481.188
481.188
481.188
481.188
430.283
430.283
430.283
430.283
430.283
436.847
436.847
436.847
436.847
436.847
319.484
319.484
319.484
319.484
319.484
436.724
436.724
436.724
436.724
436.724
501.568
501.568
501.568
501.568
501.568
447.648
447.648
447.648
447.648
447.648
707.175
707.175
707.175
707.175
707.175
586.28
586.28
586.28
586.28
586.28
386.188
386.188
386.188
386.188
386.188
342.443
342.443
342.443
342.443
342.443
468.744
468.744
468.744
468.744
468.744
515.141
515.141
515.141
515.141
515.141
698.338
698.338
698.338
698.338
698.338
559.627
559.627
559.627
559.627
559.627
564.441
564.441
564.441
564.441
564.441
636
636
636
636
636
582.219
582.219
582.219
582.219
582.219
475.073
475.073
475.073
475.073
475.073
421.24
421.24
421.24
421.24
421.24
658.285
658.285
658.285
658.285
658.285
507.494
507.494
507.494
507.494
507.494
475.426
475.426
475.426
475.426
475.426
188.498
188.498
188.498
188.498
188.498
632.76
632.76
632.76
632.76
632.76
643.402
643.402
643.402
643.402
643.402
452.052
452.052
452.052
452.052
452.052
310.097
310.097
310.097
310.097
310.097
578.875
578.875
578.875
578.875
578.875
341.594
341.594
341.594
341.594
341.594
415.065
415.065
415.065
415.065
415.065
452.578
452.578
452.578
452.578
452.578
387.924
387.924
387.924
387.924
387.924
427.287
427.287
427.287
427.287
427.287
403.992
403.992
403.992
403.992
403.992
698.51
698.51
698.51
698.51
698.51
241.177
241.177
241.177
241.177
241.177
646.48
646.48
646.48
646.48
646.48
622.697
622.697
622.697
622.697
622.697
742.684
742.684
742.684
742.684
742.684
718.857
718.857
718.857
718.857
718.857
585.854
585.854
585.854
585.854
585.854
648.5
648.5
648.5
648.5
648.5
518.574
518.574
518.574
518.574
518.574
364.758
364.758
364.758
364.758
364.758
424.015
424.015
424.015
424.015
424.015
643.102
643.102
643.102
643.102
643.102
587.598
587.598
587.598
587.598
587.598
604.803
604.803
604.803
604.803
604.803
651.788
651.788
651.788
651.788
651.788
649.303
649.303
649.303
649.303
649.303
550.25
550.25
550.25
550.25
550.25
740.471
740.471
740.471
740.471
740.471
539.341
539.341
539.341
539.341
539.341
572.667
572.667
572.667
572.667
572.667
640.724
640.724
640.724
640.724
640.724
585.513
585.513
585.513
585.513
585.513
196.663
196.663
196.663
196.663
196.663
688.007
688.007
688.007
688.007
688.007
573.71
573.71
573.71
573.71
573.71
536.969
536.969
536.969
536.969
536.969
478.358
478.358
478.358
478.358
478.358
335.333
335.333
335.333
335.333
335.333
671.497
671.497
671.497
671.497
671.497
723.193
723.193
723.193
723.193
723.193
414.783
414.783
414.783
414.783
414.783
196.407
196.407
196.407
196.407
196.407
555.609
555.609
555.609
555.609
555.609
550.625
550.625
550.625
550.625
550.625
462.473
462.473
462.473
462.473
462.473
480.335
480.335
480.335
480.335
480.335
626.439
626.439
626.439
626.439
626.439
655.296
655.296
655.296
655.296
655.296
696.301
696.301
696.301
696.301
696.301
488.631
488.631
488.631
488.631
488.631
530.564
530.564
530.564
530.564
530.564
408.642
408.642
408.642
408.642
408.642
535.689
535.689
535.689
535.689
535.689
363.961
363.961
363.961
363.961
363.961
747.853
747.853
747.853
747.853
747.853
520.624
520.624
520.624
520.624
520.624
725.625
725.625
725.625
725.625
725.625
521.726
521.726
521.726
521.726
521.726
615.529
615.529
615.529
615.529
615.529
360.932
360.932
360.809
360.809
360.809
654.874
654.874
654.874
654.874
654.874
405.436
405.436
405.436
405.436
405.436
384.416
384.416
384.416
384.416
384.416
677.461
677.461
677.461
677.461
677.461
561.563
561.563
561.563
561.563
561.563
704.514
704.514
704.514
704.514
704.514
624.991
624.991
624.991
624.991
624.991
739.239
739.239
739.239
739.239
739.239
638.074
638.074
638.074
638.074
638.074
646.438
646.438
646.438
646.438
646.438
706.897
706.897
706.897
706.897
706.897
317.472
317.472
317.472
317.472
328.32
366
366
366
366
366
341.765
341.765
341.765
341.765
341.765
167.505
167.505
167.505
167.505
167.505
579.383
579.383
579.383
579.383
579.383
451.5
451.5
451.5
451.5
451.5
630.919
630.919
630.919
630.919
630.919
495.161
495.161
495.161
495.161
495.161
439.73
439.73
439.73
439.73
439.73
517.713
517.713
517.713
517.713
517.713
678.349
678.349
678.349
678.349
678.349
576.591
576.591
569.057
569.057
569.057
492.768
492.768
492.768
492.768
492.768
559.463
559.463
559.463
559.463
559.463
469.934
469.934
469.934
469.934
469.934
487.75
487.75
487.75
487.75
487.75
658.027
658.027
658.027
658.027
658.027
568.146
568.146
568.146
568.146
568.146
660.238
660.238
660.238
660.238
660.238
529.647
529.647
529.647
529.647
529.647
587.368
587.368
587.368
587.368
587.368
755.873
755.873
755.873
755.873
755.873
747.559
747.559
747.559
747.559
747.559
746.167
746.167
746.167
746.167
746.167
637.484
637.484
637.484
637.484
637.484
532.215
532.215
532.215
532.215
532.215
464.094
464.094
464.094
464.094
464.094
593.977
593.977
593.977
593.977
593.977
518.875
518.875
518.875
518.875
518.875
551.984
551.984
551.984
551.984
551.984
685.035
685.035
685.035
685.035
685.035
421.344
421.344
421.344
421.344
421.344
584.928
584.928
584.928
584.928
584.928
673.539
673.539
673.539
673.539
673.539
405.78
405.78
405.78
405.78
405.78
763.95
763.95
763.95
763.95
763.95
773.899
773.899
773.899
773.899
773.899
713.658
713.658
713.658
713.658
713.658
617.694
617.694
617.694
617.694
617.694
441.413
441.413
441.413
441.413
441.413
254.719
254.719
254.719
254.719
254.719
521.867
521.867
521.867
521.867
521.867
623.688
623.688
623.688
623.688
623.688
507.301
507.301
507.301
507.301
507.301
525.664
525.664
525.664
525.664
525.664
481.953
481.953
481.953
481.953
481.953
670.265
670.265
670.265
670.265
670.265
645.053
645.053
645.053
645.053
645.053
486.345
486.345
486.345
486.345
486.345
485.74
485.74
485.74
485.74
485.74
676.721
676.721
676.721
676.721
676.721
776.533
776.533
776.533
776.533
776.533
735.01
735.01
735.01
735.01
735.01
768.105
768.105
768.105
768.105
768.105
365.217
365.217
365.217
365.217
365.217
672.734
672.734
672.734
672.734
672.734
748.644
748.644
748.644
748.644
748.644
325.948
325.948
325.948
325.948
325.948
477.816
477.816
477.816
477.816
477.816
654.054
654.054
654.054
654.054
654.054
737.712
737.712
737.712
737.712
737.712
548.201
548.201
548.201
548.201
548.201
310.953
310.953
310.953
310.953
310.953
444.53
444.53
444.53
444.53
444.53
588.054
588.054
588.054
588.054
588.054
772.427
772.427
772.427
772.427
772.427
617.304
617.304
617.304
617.304
617.304
466.063
466.063
466.063
466.063
466.063
478.5
478.5
478.5
478.5
478.5
525.094
525.094
525.094
525.094
525.094
716.033
716.033
716.033
716.033
716.033
546.363
546.363
546.363
546.363
546.363
549.212
549.212
549.212
549.212
549.212
679.469
679.469
679.469
679.469
679.469
475.649
475.649
475.649
475.649
475.649
425.869
425.869
425.869
425.869
425.869
575.327
575.327
575.327
575.327
575.327
177.027
177.027
177.027
177.027
177.027
656.7
656.7
656.7
656.7
656.7
435.038
435.038
435.038
435.038
435.038
642.902
642.902
642.902
642.902
642.902
644.477
644.477
644.477
644.477
644.477
507.391
507.391
507.391
507.391
507.391
216.239
216.239
216.239
216.239
216.239
233.288
233.288
233.288
233.288
233.288
531.398
531.398
531.398
531.398
531.398
680.425
680.425
680.425
680.425
680.425
522.961
522.961
522.961
522.961
522.961
427.662
427.662
427.662
427.662
427.662
317.68
317.68
317.68
317.68
317.68
564.719
564.719
564.719
564.719
564.719
752.628
752.628
752.628
752.628
752.628
622.581
622.581
622.581
622.581
622.581
567.75
567.75
567.75
567.75
567.75
418.773
418.773
418.773
418.773
418.773
566.75
566.75
566.75
566.75
566.75
408.861
408.861
408.861
408.861
408.861
600.038
600.038
600.038
600.038
600.038
421.639
421.639
421.639
421.639
421.639
621.875
621.875
621.875
621.875
621.875
557.82
557.82
557.82
557.82
557.82
683.868
683.868
683.868
683.868
683.868
566.765
566.765
566.765
566.765
566.765
372.531
372.531
372.531
372.531
372.531
388.574
388.574
388.574
388.574
388.574
733.161
733.161
733.161
733.161
733.161
328.331
328.331
328.331
328.331
328.331
365.782
365.782
365.782
365.782
365.782
550.07
550.07
550.07
550.07
550.07
741.428
741.428
741.428
741.428
741.428
558.451
558.451
558.451
558.451
558.451
385.445
385.445
385.445
385.445
385.445
731.013
731.013
731.013
731.013
731.013
708.102
708.095
708.095
708.095
708.095
403.679
403.679
403.679
403.679
403.679
688.355
688.355
688.355
688.355
688.355
622.092
622.092
622.092
622.092
622.092
673.673
673.673
673.673
673.673
673.673
543
543
543
543
543
515.604
515.604
515.604
515.604
515.604
358.149
358.149
358.149
358.149
358.149
455.491
455.491
455.491
455.491
455.491
403.534
403.534
403.534
403.534
403.534
729.75
729.75
729.75
729.75
729.75
633.369
633.369
633.369
633.369
633.369
535.169
535.169
535.169
535.169
535.169
356.563
356.563
356.563
356.563
356.563
722.502
722.502
722.502
722.502
722.502
389.448
389.448
389.448
389.448
389.448
535.875
535.875
535.875
535.875
535.875
554.109
554.109
554.109
554.109
554.109
529.233
529.233
529.233
529.233
529.233
550.18
550.18
550.18
550.18
550.18
393.078
393.078
393.078
393.078
393.078
454.562
454.562
454.562
454.562
454.562
636.125
636.125
636.125
636.125
636.125
560.853
560.853
560.853
560.853
560.853
711.871
711.871
711.871
711.871
711.871
610.42
610.42
610.42
610.42
610.42
541.994
541.994
541.994
541.994
541.994
489.095
489.095
489.095
489.095
489.095
631.398
631.398
631.398
631.398
631.398
498.236
498.236
498.236
498.236
498.236
529.081
529.081
529.081
529.081
529.081
311.955
311.955
311.955
311.955
311.955
464.94
464.94
464.94
464.94
464.94
484.58
484.58
484.58
484.58
484.58
587.408
587.408
587.408
587.408
587.408
681.394
681.394
681.394
681.394
681.394
629.649
629.649
629.649
629.649
629.649
709.89
709.89
709.89
709.89
709.89
549.092
549.092
549.092
549.092
549.092
659.609
659.609
659.609
659.609
659.609
511.875
511.875
511.875
511.875
511.875
479.546
479.546
479.546
479.546
479.546
679.478
679.478
679.478
679.478
679.478
586.633
586.633
586.633
586.633
586.633
198.617
198.617
198.617
198.617
198.617
501.219
501.219
501.219
501.219
501.219
630.977
630.977
630.977
630.977
630.977
641.153
641.153
641.153
641.153
641.153
551.13
551.13
551.13
551.13
551.13
792.581
792.581
792.581
792.581
792.581
732.269
732.269
732.269
732.269
732.269
728.821
728.821
728.821
728.821
728.821
705.82
705.82
705.82
705.82
705.82
645.382
645.382
645.382
645.382
645.382
744.658
744.658
744.658
744.658
744.658
714.506
714.506
714.506
714.506
714.506
398.999
398.999
398.999
398.999
398.999
468.079
468.079
468.079
468.079
468.079
475.855
475.855
475.855
475.855
475.855
729.783
729.783
729.783
729.783
729.783
753.245
753.245
753.245
753.245
753.245
723.716
723.716
723.716
723.716
723.716
579.837
579.837
579.837
579.837
579.837
577.574
577.574
577.574
577.574
577.574
732.259
732.259
732.259
732.259
732.259
643.304
643.304
643.304
643.304
643.304
459.441
459.441
459.441
459.441
459.441
608.396
608.396
608.396
608.396
608.396
734.933
734.933
734.933
734.933
734.933
653.634
653.634
653.634
653.634
653.634
685.133
685.133
685.133
685.133
685.133
717.765
717.765
717.765
717.765
717.765
745.721
745.721
745.721
745.721
745.721
713.829
713.829
713.829
713.829
713.829
565.372
565.372
565.372
565.372
565.372
697.266
697.266
697.266
697.266
697.266
560.082
560.082
560.082
560.082
560.082
339.816
339.816
339.816
339.816
339.816
184.867
184.867
184.867
184.867
184.867
375.834
375.834
375.834
375.834
375.834
714.704
714.704
714.704
714.704
714.704
628.992
628.992
628.992
628.992
628.992
440.767
440.767
440.767
440.767
440.767
306.884
306.884
306.884
306.884
306.884
554.614
554.614
554.614
554.614
554.614
155.508
155.508
155.508
155.508
155.508
568.047
568.047
568.047
568.047
568.047
571.625
571.625
571.625
571.625
571.625
675.15
675.15
675.15
675.15
675.15
439.592
439.592
439.592
439.592
439.592
253.375
253.375
253.375
253.375
253.375
573.828
573.828
573.828
573.828
573.828
644.915
644.915
644.915
644.915
644.915
766.529
766.529
766.529
766.529
766.529
548.374
548.374
548.374
548.374
548.374
503.763
503.763
503.763
503.763
503.763
531.467
531.467
531.467
531.467
531.467
478.128
478.128
478.128
478.128
478.128
389.006
389.006
389.006
389.006
389.006
513.546
513.546
513.546
513.546
513.546
366.969
366.969
366.969
366.969
366.969
658.997
658.997
658.997
658.997
658.997
482.756
482.756
482.756
482.756
482.756
718.579
718.579
718.579
718.579
718.579
669.484
669.484
669.484
669.484
669.484
508.521
508.521
508.521
508.521
508.521
529.302
529.302
529.302
529.302
529.302
232.367
232.367
232.367
232.367
232.367
781.233
781.233
781.233
781.233
781.233
507.493
507.493
507.493
507.493
507.493
473.918
473.918
473.918
473.918
473.918
435.106
435.106
435.106
435.106
435.106
573.746
573.746
573.746
573.746
573.746
426.73
426.73
426.73
426.73
426.73
438.919
438.906
438.906
438.906
438.906
656.852
656.852
656.852
656.852
656.852
235.507
235.507
235.507
235.507
235.507
685.98
685.98
685.98
685.98
685.98
719.382
719.382
719.382
719.382
719.382
454.385
454.385
454.385
454.385
454.385
247.063
247.063
247.063
247.063
247.063
434.911
434.911
434.911
434.911
434.911
465.787
465.787
465.787
465.787
465.787
579.599
579.599
579.599
579.599
579.599
527.808
527.808
527.808
527.808
527.808
632.109
632.109
632.109
632.109
632.109
482.002
482.002
482.002
482.002
482.002
546.398
546.398
546.398
546.398
546.398
679.609
679.609
679.609
679.609
679.609
569.954
569.954
569.954
569.954
569.954
559.446
559.446
559.446
559.446
559.446
607.396
607.396
607.396
607.396
607.396
666.371
666.371
666.371
666.371
666.371
769.52
769.52
769.52
769.52
769.52
581.301
581.301
581.301
581.301
581.301
592.906
592.906
592.906
592.906
592.906
569.688
569.688
569.688
569.688
569.688
682.003
682.003
682.003
682.003
682.003
686.52
686.52
686.52
686.52
686.52
676.965
676.965
676.969
676.969
676.969
445.806
445.806
445.806
445.806
445.806
472.423
472.423
472.423
472.423
472.423
375.044
375.044
375.044
375.044
375.044
283.79
283.79
283.79
283.79
283.79
565.79
565.79
565.79
565.79
565.79
349.158
349.158
349.158
349.158
349.158
620.097
620.097
620.097
620.097
620.097
543.123
543.123
543.123
543.123
543.123
557.997
557.997
557.997
557.997
557.997
702.322
702.322
702.322
702.322
702.322
750.676
750.676
750.676
750.676
750.676
595.629
595.629
595.629
595.629
595.629
393.007
393.007
393.007
393.007
393.007
530.423
530.423
530.423
530.423
530.423
560.25
560.25
560.25
560.25
560.25
485.608
485.608
485.608
485.608
485.608
421.719
421.719
421.719
421.719
421.719
761.276
761.276
761.276
761.276
761.276
444.031
444.031
444.031
444.031
444.031
603.5
603.5
603.5
603.5
603.5
566.225
566.225
566.225
566.225
566.225
387.332
387.332
387.332
387.332
387.332
641.226
641.226
641.226
641.226
641.226
701.328
701.328
701.328
701.328
701.328
636.828
636.828
636.828
636.828
636.828
381
381
381
381
381
411.119
411.119
411.119
411.119
411.119
436.702
436.702
436.702
436.702
436.702
742.32
742.32
742.32
742.32
742.32
430.078
430.078
430.078
430.078
430.078
689.584
689.584
689.584
689.584
689.584
579.722
579.722
579.722
579.722
579.722
688.42
688.42
688.42
688.42
688.42
544.543
544.543
544.543
544.543
544.543
656.582
656.582
656.582
656.582
656.582
765.307
765.307
765.307
765.307
765.307
793.572
793.572
793.572
793.572
793.572
759.326
759.326
759.326
759.326
759.326
616.634
616.634
616.634
616.634
616.634
762.958
762.958
762.958
762.958
762.958
708.734
708.734
708.734
708.734
708.734
618.945
618.945
618.945
618.945
618.945
565.814
565.814
565.814
565.814
565.814
562.047
562.047
562.047
562.047
562.047
560.771
560.771
560.771
560.771
560.771
368.656
368.656
368.656
368.656
368.656
526.926
526.926
526.926
526.926
526.926
345.696
345.696
345.696
345.696
345.696
625.651
625.651
625.651
625.651
625.651
568.879
568.879
568.879
568.879
568.879
213.498
213.498
213.498
213.498
213.498
417.625
417.625
417.625
417.625
417.625
599.247
599.247
599.247
599.247
599.247
679.936
679.936
679.936
679.936
679.936
607.088
607.088
607.088
607.088
607.088
706.708
706.708
706.708
706.708
706.708
470.809
470.809
470.809
470.809
470.809
517.813
517.813
517.813
517.813
517.813
592.615
592.615
592.615
592.615
592.615
610.646
610.646
610.646
610.646
610.646
708.125
708.125
708.125
708.125
708.125
425.403
425.403
425.403
425.403
425.403
666.278
666.278
666.278
666.278
666.278
643.075
643.075
643.075
643.075
643.075
450.5
450.5
450.5
450.5
450.5
579.5
579.5
579.5
579.5
579.5
688.746
688.746
688.746
688.746
688.746
651.619
651.619
651.619
651.619
651.619
476.448
476.448
476.448
476.448
476.448
528.77
528.77
528.77
528.77
528.77
660.468
660.468
660.468
660.468
660.468
382.957
382.957
382.957
382.957
382.957
538.062
538.062
538.062
538.062
538.062
332.325
332.325
332.325
332.325
332.325
259.555
259.555
259.555
259.555
259.555
451.123
451.123
451.123
451.123
451.123
730.484
730.484
730.484
730.484
730.484
515.839
515.839
515.839
515.839
515.839
698.031
698.031
698.031
698.031
698.031
578.721
578.721
578.721
578.721
578.721
325.019
325.019
325.019
325.019
325.019
396.732
396.732
396.732
396.732
396.732
483.068
483.068
483.068
483.068
483.068
453.045
453.045
453.045
453.045
453.045
567.083
567.083
567.083
567.083
567.083
515.008
515.008
515.008
515.008
515.008
648.113
648.113
648.113
648.113
648.113
347.555
347.555
347.555
347.555
347.555
447.705
447.705
447.705
447.705
447.705
494.66
494.66
494.66
494.66
494.66
332.083
332.083
332.083
332.083
332.083
360.984
360.984
360.984
360.984
360.984
665.695
665.695
665.695
665.695
665.695
636.891
636.891
636.891
636.891
636.891
664.979
664.979
664.979
664.979
664.979
620
620
620
620
620
720.169
720.169
720.169
720.169
720.169
418.912
418.912
418.912
418.912
418.912
610.219
610.219
610.219
610.219
610.219
768.06
768.06
768.06
768.06
768.06
708.395
708.395
708.395
708.395
708.395
693.165
693.165
693.165
693.165
693.165
599.131
599.131
599.131
599.131
599.131
461.344
461.344
461.344
461.344
461.344
770.055
770.055
770.055
770.055
770.055
458.593
458.593
458.593
458.593
458.593
397.102
397.102
397.102
397.102
397.102
511.625
511.625
511.625
511.625
511.625
415.803
415.803
415.803
415.803
415.803
556.922
556.922
556.922
556.922
556.922
669.781
669.781
669.781
669.781
669.781
210.289
210.289
210.289
210.289
210.289
591.083
591.083
591.083
591.083
591.083
648.745
648.745
648.745
648.745
648.745
329.9
329.9
329.9
329.9
329.9
457.457
457.457
457.457
457.457
457.457
300.875
300.875
300.875
300.875
300.875
580.225
580.225
580.225
580.225
580.225
593.32
593.32
593.32
593.32
593.32
487.75
487.75
487.75
487.75
487.75
535.331
535.331
535.331
535.331
535.331
483.102
483.102
483.102
483.102
483.102
654.696
654.696
654.696
654.696
654.696
534.73
534.73
534.73
534.73
534.73
584.404
584.404
584.404
584.404
584.404
499.938
499.938
499.938
499.938
499.938
553.945
553.945
553.945
553.945
553.945
722.27
722.27
722.27
722.27
722.27
440.164
440.164
440.164
440.164
440.164
215.444
215.444
215.444
215.444
215.444
401.071
401.071
401.071
401.071
401.071
623.385
623.385
623.385
623.385
623.385
367.394
367.394
367.394
367.394
367.394
409.102
409.102
409.102
409.102
409.102
559.952
559.952
559.952
559.952
559.952
554.008
554.008
554.008
554.008
554.008
451.197
451.197
451.197
451.197
451.197
401.801
401.801
401.801
401.801
401.801
603.321
603.321
603.321
603.321
603.321
602.997
602.997
602.997
602.997
602.997
586.539
586.539
586.539
586.539
586.539
652.37
652.37
652.37
652.37
652.37
239.819
239.819
239.819
239.819
239.819
184.097
184.097
184.097
184.097
184.097
738.82
738.82
738.82
738.82
738.82
752.404
752.404
752.404
752.404
752.404
518.557
518.557
518.557
518.557
518.557
501.271
501.271
501.271
501.271
501.271
532.207
532.207
532.207
532.207
532.207
499.5
499.5
499.5
499.5
499.5
688.47
688.47
688.47
688.47
688.47
591.5
591.5
591.5
591.5
591.5
723.413
723.413
723.413
723.413
723.413
513.667
513.667
513.667
513.667
513.667
324.995
324.995
324.995
324.995
324.995
224.039
224.039
224.039
224.039
224.039
636.188
636.188
636.188
636.188
636.188
743.332
743.332
743.332
743.332
743.332
728.045
728.045
728.045
728.045
728.045
564.406
564.406
564.406
564.406
564.406
637.85
637.85
637.85
637.85
637.85
444.625
444.625
444.625
444.625
444.625
481.344
481.344
481.344
481.344
481.344
480.913
480.913
480.913
480.913
480.913
756.008
756.008
756.008
756.008
756.008
485.713
485.713
485.713
485.713
485.713
756.582
756.582
756.582
756.582
756.582
751.33
751.33
751.33
751.33
751.33
744.546
744.546
744.546
744.546
744.546
671.6
671.6
671.6
671.6
671.6
568.258
568.258
568.258
568.258
568.258
485.535
485.535
485.535
485.535
485.535
279.664
279.664
279.664
279.664
279.664
626
626
626
626
626
402.413
402.413
402.413
402.413
402.413
504.424
504.424
504.424
504.424
504.424
573.443
573.443
573.443
573.443
573.443
722.758
722.758
722.758
722.758
722.758
663.904
663.904
663.904
663.904
663.904
529.029
529.029
529.029
529.029
529.029
182.068
182.068
182.068
182.068
182.068
483.868
483.868
483.868
483.868
483.868
536.111
536.111
536.111
536.111
536.111
624.586
624.586
624.586
624.586
624.586
559.375
559.375
559.375
559.375
559.375
562.847
562.847
562.847
562.847
562.847
782.763
782.763
782.763
782.763
782.763
613.933
613.933
613.933
613.933
613.933
626.25
626.25
626.25
626.25
626.25
556.293
556.293
556.293
556.293
556.293
644.206
644.206
644.206
644.206
644.206
514.234
514.234
514.253
514.253
514.253
762.389
762.389
762.389
762.389
762.389
730.938
730.938
730.938
730.938
730.938
729.545
729.545
729.545
729.545
729.545
777.857
777.857
777.857
777.857
777.857
740.972
740.972
740.972
740.972
740.972
740.987
740.987
740.987
740.987
740.987
628.068
628.068
628.068
628.068
628.068
721.771
721.771
721.771
721.771
721.771
776.654
776.654
776.654
776.654
776.654
755.435
755.435
755.435
755.435
755.435
677.647
677.647
677.647
677.647
677.647
559.105
559.105
559.105
559.105
559.105
475.802
475.802
475.802
475.802
475.802
570.223
570.223
570.223
570.223
570.223
560.985
560.985
560.985
560.985
583.845
370.47
370.47
370.47
370.47
370.47
684.459
684.459
684.459
684.459
684.459
526.375
526.375
526.375
526.375
526.375
307.668
307.668
307.668
307.668
307.668
711.59
711.59
711.59
711.59
711.59
184.397
184.397
184.397
184.397
184.397
612.046
612.046
612.046
612.046
612.046
709.297
709.297
709.297
709.297
709.297
394.941
394.941
394.941
394.941
394.941
447.125
447.125
447.125
447.125
447.125
560.697
560.697
560.697
560.697
560.697
755.781
755.781
755.781
755.781
755.781
637.346
637.346
637.346
637.346
637.346
690.014
690.014
690.014
690.014
690.014
376.031
376.031
376.031
376.031
376.031
756.048
756.048
756.048
756.048
756.048
469.165
469.165
469.165
469.165
469.165
684.402
684.402
684.402
684.402
684.402
330.067
330.067
330.067
330.067
330.067
366.776
366.776
366.776
366.776
366.776
486.18
486.18
486.18
486.18
486.18
591.191
591.191
591.191
591.191
591.191
451.947
451.947
451.947
451.947
451.947
247.625
247.625
247.625
247.625
247.625
690.271
690.271
690.271
690.271
690.271
614.872
614.872
614.872
614.872
614.872
615.359
615.359
615.359
615.359
615.359
439.797
439.797
439.797
439.797
439.797
541.398
541.398
541.398
541.398
541.398
775.006
775.006
775.006
775.006
775.006
751.497
751.497
751.497
751.497
751.497
783.205
783.205
783.205
783.205
783.205
764.903
764.903
764.903
764.903
764.903
715.378
715.378
715.378
715.378
715.378
717.915
717.915
717.915
717.915
717.915
703.303
703.303
703.303
703.303
703.303
553.378
553.378
553.378
553.378
553.378
677.848
677.848
677.848
677.848
677.848
580.883
580.883
580.883
580.883
580.883
427.343
427.343
427.343
427.343
427.343
754.835
754.835
754.835
754.835
754.835
528.745
528.745
528.745
528.745
528.745
677.217
677.217
677.217
677.217
677.217
743.522
743.522
728.794
728.794
728.794
733.53
733.53
733.53
733.53
733.53
423.316
423.316
423.316
423.316
423.316
611.283
611.283
611.283
611.283
611.283
700.449
700.449
700.449
700.449
700.449
317.758
317.758
317.758
317.758
317.758
234.131
234.131
234.131
234.131
234.131
733.238
733.238
733.238
733.238
733.238
787.106
787.106
787.106
787.106
787.106
708.736
708.736
708.736
708.736
708.736
703.191
703.191
703.191
703.191
703.191
632.485
632.485
632.485
632.485
632.485
527.969
527.969
527.969
527.969
527.969
594.428
594.428
594.428
594.428
594.428
346.076
346.076
346.076
346.076
346.076
575.646
575.646
575.646
575.646
575.646
412.16
412.16
412.16
412.16
412.16
471.85
471.85
471.85
471.85
471.85
315.494
315.494
315.494
315.494
315.494
618.366
618.366
618.366
618.366
618.366
264.858
264.858
264.858
264.858
264.858
604.54
604.54
604.54
604.54
604.54
662.761
662.761
662.761
662.761
662.761
540.43
540.43
540.43
540.43
540.43
584.831
584.831
584.831
584.831
584.831
233.688
233.688
233.688
233.688
233.688
334.758
334.758
334.758
334.758
334.758
602.586
602.586
602.586
602.586
602.586
743.582
743.582
743.582
743.582
743.582
757.513
757.513
757.513
757.513
757.513
490.438
490.438
490.438
490.438
490.438
654.143
654.143
654.143
654.143
654.143
623.986
623.986
623.986
623.986
623.986
432.031
432.031
432.031
432.031
432.031
421.95
421.95
421.95
421.95
421.95
473.351
473.351
473.351
473.351
473.351
546.36
546.36
546.36
546.36
546.36
623.318
623.318
623.318
623.318
623.318
626.758
626.758
626.758
626.758
626.758
377.109
377.109
377.109
377.109
377.109
533.65
533.65
533.65
533.65
533.65
593.336
593.336
593.336
593.336
593.336
361.445
361.445
361.445
361.445
361.445
578.03
578.03
578.03
578.03
578.03
286.984
286.984
286.984
286.984
286.984
470
470
470
470
470
447.427
447.427
447.427
447.427
447.427
395.555
395.555
395.555
395.555
395.555
601.736
601.736
601.736
601.736
601.736
658.751
658.751
658.751
658.751
658.751
369.887
369.887
369.887
369.887
369.887
585.823
585.823
585.823
585.823
585.823
542.045
542.045
542.045
542.045
542.045
456.061
456.061
456.061
456.061
456.061
600.19
600.19
600.19
600.19
600.19
480.704
480.704
480.704
480.704
480.704
389.525
389.525
389.525
389.525
389.525
640.544
640.544
640.544
640.544
640.544
609.817
609.817
609.817
609.817
609.817
559.082
559.082
559.082
559.082
559.082
581.844
581.844
581.844
581.844
581.844
602.219
602.219
602.219
602.219
602.219
618.663
618.663
618.663
618.663
618.663
611.812
611.812
611.812
611.812
611.812
646.82
646.82
646.82
646.82
646.82
575.368
575.368
575.368
575.368
575.368
770.553
770.553
770.553
770.553
770.553
781.674
781.674
781.674
781.674
781.674
615.547
615.547
615.547
615.547
615.547
750.744
750.744
750.744
750.744
750.744
441.448
441.448
441.448
441.448
441.448
235.754
235.754
235.754
235.754
235.754
672.032
672.032
672.032
672.032
672.032
526.896
526.896
526.896
526.896
526.896
487.885
487.885
487.885
487.885
487.885
555.389
555.389
555.389
555.389
555.389
350.669
350.669
350.669
350.669
350.669
479.141
479.141
479.141
479.141
479.141
347.505
347.505
347.505
347.505
347.505
388.297
388.297
388.297
388.297
388.297
443.041
443.041
443.041
443.041
443.041
741.031
741.031
741.031
741.031
741.031
616.875
616.875
616.875
616.875
616.875
650.375
650.375
650.375
650.375
650.375
761.568
761.568
761.568
761.568
761.568
705.727
705.727
705.727
705.727
705.727
472.062
472.062
472.062
472.062
472.062
481.85
481.85
481.85
481.85
481.85
668.35
668.35
668.35
668.35
668.35
461.834
461.834
461.834
461.834
461.834
594.891
594.891
594.891
594.891
594.891
628.064
628.064
628.064
628.064
628.064
619.506
619.506
619.506
619.506
619.506
743.27
743.27
743.27
743.27
743.27
515.219
515.219
515.219
515.219
515.219
557.532
557.532
557.532
557.532
557.532
383.014
383.014
383.014
383.014
383.014
302.905
302.905
302.905
302.905
302.905
557.15
557.15
557.15
557.15
557.15
628.027
628.027
628.027
628.027
628.027
608.308
608.308
608.308
608.308
608.308
779.223
779.223
785.445
785.445
785.445
399.531
399.531
399.531
399.531
399.531
501.478
501.478
501.478
501.478
501.478
454.336
454.336
454.336
454.336
454.336
613.465
613.465
613.465
613.465
613.465
464.018
464.018
464.018
464.018
464.018
725.484
725.484
725.484
725.484
725.484
727.527
727.527
727.527
727.527
727.527
430.588
430.588
430.588
430.588
430.588
611.731
611.731
611.731
611.731
611.731
731.602
731.602
731.602
731.602
731.602
637.243
637.243
637.243
637.243
637.243
344.43
344.43
344.43
344.43
344.43
667.954
667.954
667.954
667.954
667.954
538.781
538.781
538.781
538.781
538.781
0
