0
0
0
0
490.664
490.664
490.664
490.664
490.664
727.665
727.665
727.665
727.665
727.665
205.405
205.405
205.405
205.405
205.405
660.313
660.313
660.313
660.313
660.313
638.238
638.238
638.238
638.238
638.238
511.155
511.155
511.155
511.155
511.155
531.25
531.25
531.25
531.25
531.25
661.625
661.625
661.625
661.625
661.625
363.982
363.982
363.982
363.982
363.982
612.109
612.109
612.109
612.109
612.109
482.094
482.094
482.094
482.094
482.094
581.397
581.397
581.397
581.397
581.397
472.836
472.836
472.836
472.836
472.836
676.611
676.611
676.611
676.611
676.611
646.505
646.505
646.505
646.505
646.505
395.29
395.29
395.29
395.29
395.29
398.109
398.109
398.109
398.109
398.109
601.172
601.172
601.172
601.172
601.172
640.594
640.594
640.594
640.594
640.594
471.497
471.497
471.497
471.497
471.497
646.5
646.5
646.5
646.5
646.5
401.122
401.122
401.122
401.122
401.122
728.001
728.001
728.001
728.001
728.001
417.219
417.219
417.219
417.219
417.219
637.865
637.865
637.865
637.865
637.865
286.219
286.219
286.219
286.219
286.219
400.75
400.75
400.75
400.75
400.75
685.197
685.197
685.197
685.197
685.197
348.313
348.313
389.125
389.125
389.125
665.107
665.107
665.107
665.107
665.107
611.422
611.422
611.422
611.422
611.422
551.2
551.2
551.2
551.2
551.2
449.641
449.641
449.641
449.641
449.641
688.625
688.625
688.625
688.625
688.625
536.254
536.254
536.254
536.254
536.254
555.101
555.101
555.101
555.101
555.101
508.531
508.531
508.531
508.531
508.531
625.258
625.258
625.258
625.258
625.258
469
469
469
469
469
488.874
488.874
488.874
488.874
488.874
491.344
491.344
491.344
491.344
491.344
339.82
339.82
339.82
339.82
339.82
568.586
568.586
568.586
568.586
568.586
524.821
524.821
524.821
524.821
524.821
332.625
332.625
332.625
332.625
332.625
534.844
534.844
534.844
534.844
534.844
341.001
341.001
341.001
341.001
341.001
699.5
699.5
699.5
699.5
699.5
598.478
598.478
598.478
598.478
598.478
543.965
543.965
543.965
543.965
543.965
469.305
469.305
469.305
469.305
469.305
265.474
265.474
265.474
265.474
265.474
476.365
476.365
476.365
476.365
476.365
374
374
374
374
374
541.594
541.594
541.594
541.594
541.594
443.875
443.875
443.875
443.875
443.875
462.211
462.211
462.211
462.211
462.211
392.596
392.596
392.596
392.596
392.596
470.453
470.453
470.453
470.453
470.453
511.625
511.625
511.625
511.625
511.625
399.719
399.719
399.719
399.719
399.719
466.796
466.796
466.796
466.796
466.796
441.002
441.002
441.002
441.002
441.002
570.791
570.791
570.791
570.791
570.791
643.772
643.772
643.772
643.772
643.772
581.625
581.625
581.625
581.625
581.625
269.938
269.938
269.938
269.938
269.938
517.25
517.25
517.25
517.25
517.25
507.344
507.344
507.344
507.344
507.344
505.439
505.439
505.439
505.439
505.439
486.492
486.492
486.492
486.492
486.492
308.125
308.125
308.125
308.125
308.125
409.094
409.094
409.094
409.094
409.094
265.714
265.714
265.714
265.714
265.714
441.199
441.199
441.199
441.199
441.199
524.563
524.563
524.563
524.563
524.563
411.883
411.883
411.883
411.883
411.883
580.125
580.125
580.125
580.125
580.125
621.578
621.578
621.578
621.578
621.578
589.873
589.873
589.873
589.873
589.873
586.076
586.076
586.076
586.076
586.076
428.521
428.521
428.521
428.521
428.521
702.875
702.875
702.875
702.875
702.875
436.125
436.125
436.125
436.125
436.125
492.888
492.888
492.888
492.888
492.888
155.871
155.871
155.871
155.871
155.871
590.25
590.25
590.25
590.25
590.25
680.705
680.705
680.705
680.705
680.705
466.041
466.041
466.041
466.041
466.041
451.75
451.75
451.75
451.75
451.75
396.004
396.004
396.004
396.004
396.004
544.032
544.032
544.032
544.032
544.032
393.5
393.5
393.5
393.5
393.5
496.598
496.598
496.598
496.598
496.598
554.125
554.125
554.125
554.125
554.125
467.833
467.833
467.833
467.833
467.833
608.256
608.256
608.256
608.256
608.256
519.109
519.109
519.109
519.109
519.109
281.14
281.14
281.14
281.14
281.14
639.813
639.813
639.813
639.813
639.813
485.313
485.313
485.313
485.313
485.313
618.5
618.5
618.5
618.5
618.5
459.813
459.813
459.813
459.813
459.813
445.813
445.813
445.813
445.813
445.813
407.93
407.93
407.93
407.93
407.93
586.125
586.125
586.125
586.125
586.125
348.642
348.642
348.642
348.642
348.642
449.406
449.406
449.406
449.406
449.406
718.688
718.688
718.688
718.688
718.688
357.257
357.257
357.257
357.257
357.257
562.913
562.913
562.913
562.913
562.913
417.113
417.113
417.113
417.113
417.113
493.5
493.5
493.5
493.5
493.5
291.17
291.17
291.17
291.17
291.17
532.875
532.875
532.875
532.875
532.875
410.643
410.643
410.643
410.643
410.643
575.813
575.813
575.813
575.813
575.813
572.6
572.6
572.6
572.6
572.6
357.844
357.844
357.844
357.844
357.844
632.199
632.199
632.199
632.199
632.199
679.133
679.133
679.133
679.133
679.133
445.156
445.156
445.156
445.156
445.156
613.438
613.438
613.438
613.438
613.438
526.281
526.281
526.281
526.281
526.281
398.286
398.286
398.286
398.286
398.286
440.268
440.268
440.268
440.268
440.268
550.352
550.352
550.352
550.352
550.352
432.094
432.547
432.547
432.547
432.547
382.75
382.75
382.75
382.75
382.75
706.281
706.281
706.281
706.281
706.281
444.5
444.5
444.5
444.5
444.5
564.922
564.922
564.922
564.922
564.922
567.014
567.014
567.014
567.014
567.014
483.125
483.125
483.125
483.125
483.125
522.896
522.896
522.896
522.896
522.896
555.813
555.813
555.813
555.813
555.813
432.191
432.191
432.191
432.191
432.191
464.704
464.704
464.704
464.704
464.704
256.309
256.309
256.309
256.309
256.309
652.638
652.638
652.638
652.638
652.638
123.25
123.25
123.25
123.25
123.25
443.988
443.988
443.988
443.988
443.988
708.78
708.78
708.78
708.78
708.78
337.578
337.578
337.578
337.578
337.578
537.5
537.5
537.5
537.5
537.5
470.5
470.5
470.5
470.5
470.5
483.5
483.5
483.5
483.5
483.5
375.666
375.666
375.666
375.666
375.666
694.539
694.539
694.539
694.539
694.539
464.422
464.422
464.422
464.422
464.422
615.141
615.141
615.141
615.141
615.141
253.5
253.5
253.5
253.5
253.5
477.648
477.648
477.648
477.648
477.648
697.771
697.771
697.771
697.771
697.771
613.232
613.232
613.232
613.232
613.232
545.469
545.469
545.469
545.469
545.469
493.748
493.748
493.748
493.748
493.748
591.392
591.392
591.392
591.392
591.392
281.785
281.785
281.785
281.785
281.785
594.969
594.969
594.969
594.969
594.969
663.375
663.375
663.375
663.375
663.375
395.152
395.152
395.152
395.152
395.152
565.485
565.485
565.485
565.485
565.485
275.097
275.097
275.097
275.097
275.097
572.916
572.916
572.916
572.916
572.916
284.693
284.693
284.693
284.693
284.693
410.656
410.656
410.656
410.656
410.656
642.719
642.719
642.719
642.719
642.719
440.964
440.964
440.964
440.964
440.964
416.977
416.977
416.977
416.977
416.977
458.294
458.294
458.294
458.294
458.294
501.133
501.133
501.133
501.133
501.133
455.781
455.781
455.781
455.781
455.781
387.25
387.25
387.25
387.25
387.25
395.421
395.421
395.421
395.421
395.421
483.5
483.5
483.5
483.5
483.5
710.75
710.75
710.75
710.75
710.75
551.125
551.125
551.125
551.125
551.125
308
308
308
308
308
642.007
642.007
642.007
642.007
642.007
485.813
485.813
485.813
485.813
485.813
618.821
618.821
618.821
618.821
618.821
614.575
614.575
614.575
614.575
614.575
508.87
508.87
508.87
508.87
508.87
323.477
323.477
323.477
323.477
323.477
675.417
675.417
675.417
675.417
675.417
411.344
411.344
411.344
411.344
411.344
632.703
632.703
632.703
632.703
632.703
533.375
533.375
533.375
533.375
533.375
307.771
307.771
307.771
307.771
307.771
403.165
403.165
403.165
403.165
403.165
451.031
451.031
451.031
451.031
451.031
581.594
581.594
581.594
581.594
581.594
665
665
665
665
665
177.422
177.422
177.422
177.422
177.422
732.844
732.844
732.844
732.844
732.844
568
568
568
568
568
548.044
548.044
548.044
548.044
548.044
584.969
583.313
583.313
583.313
583.313
554.75
554.75
554.75
554.75
554.75
625.628
625.628
625.628
625.628
625.628
442.911
442.911
442.911
442.911
442.911
705.75
704.75
704.75
704.75
704.75
507.75
507.75
507.75
507.75
507.75
479.156
479.156
479.156
479.156
479.156
499.043
499.043
499.043
499.043
499.043
422.5
422.5
422.5
422.5
422.5
262.3
262.3
262.3
262.3
262.3
631.456
631.456
631.456
631.456
631.456
455.328
455.328
455.328
455.328
455.328
696.094
696.094
696.094
696.094
696.094
411.398
411.398
411.398
411.398
411.398
683.112
683.112
683.112
683.112
683.112
642.828
642.828
642.828
642.828
642.828
681.039
681.039
681.039
681.039
681.039
700
700
700
700
700
299.75
299.75
299.75
299.75
299.75
613.848
613.848
613.848
613.848
613.848
591
591
591
591
591
600.313
600.313
600.313
600.313
600.313
595.031
595.031
595.031
595.031
595.031
610.473
610.473
610.473
610.473
610.473
410.345
410.345
410.345
410.345
410.345
390.456
390.456
390.456
390.456
390.456
432.724
432.724
432.724
432.724
432.724
530.625
530.625
530.625
530.625
530.625
421.875
421.875
421.875
421.875
421.875
435.627
435.627
435.627
435.627
435.627
453.799
453.799
453.799
453.799
453.799
456.125
456.125
456.125
456.125
456.125
535.531
535.531
535.531
535.531
535.531
485
485
485
485
485
455.178
455.178
455.178
455.178
455.178
433.62
433.62
433.62
433.62
433.62
378.584
378.584
378.584
378.584
378.584
535.5
535.5
535.5
535.5
535.5
563.678
563.678
563.678
563.678
563.678
307.781
307.781
307.781
307.781
307.781
432.116
432.116
432.116
432.116
432.116
609.188
609.188
609.188
609.188
609.188
322.109
322.109
322.109
322.109
322.109
379.25
379.25
379.25
379.25
379.25
262.25
262.25
262.25
262.25
262.25
410.141
410.141
410.141
410.141
410.141
519.5
519.5
519.5
519.5
519.5
473.689
473.689
473.689
473.689
473.689
406.139
406.139
406.139
406.139
406.139
361.891
361.891
361.891
361.891
361.891
702.63
702.63
702.63
702.63
702.63
431.91
431.91
431.91
431.91
431.91
598.645
598.645
598.645
598.645
598.645
666
666
666
666
666
487.656
487.656
487.656
487.656
487.656
0
0
0
0
0
520.185
520.185
520.185
520.185
520.185
359.25
359.25
359.25
359.25
359.25
481.945
481.945
481.945
481.945
481.945
297.442
297.442
297.442
297.442
297.442
425.438
425.438
425.438
425.438
425.438
407.125
407.125
407.125
407.125
407.125
558.993
558.993
558.993
558.993
558.993
547.734
547.734
547.734
547.734
547.734
755.489
755.489
755.489
755.489
755.489
565.859
565.859
565.859
565.859
565.859
477.5
477.5
477.5
477.5
477.5
428.254
428.254
428.254
428.254
428.254
688.641
688.641
688.641
688.641
688.641
398.125
398.125
398.125
398.125
398.125
569.773
569.773
569.773
569.773
569.773
389.908
389.908
389.908
389.908
389.908
597.5
597.5
597.5
597.5
597.5
706.604
706.604
706.604
706.604
706.604
492.805
492.805
492.805
492.805
492.805
528.648
529.734
529.734
529.734
529.734
464.875
464.875
464.875
464.875
464.875
653.078
653.078
653.078
653.078
653.078
313.727
313.727
313.727
313.727
313.727
582.137
582.137
582.137
582.137
582.137
451.645
451.645
451.645
451.645
451.645
435.135
435.135
435.135
435.135
435.135
425.438
425.438
425.438
425.438
425.438
566.35
566.35
566.35
566.35
566.35
510.859
510.859
510.859
510.859
510.859
512.867
512.867
512.867
512.867
512.867
634.906
634.906
634.906
634.906
634.906
479.422
479.422
479.422
479.422
479.422
392.899
392.899
392.899
392.899
392.899
581.25
581.25
581.25
581.25
581.25
501.407
501.407
501.407
501.407
501.407
361.609
361.609
361.609
361.609
361.609
511.795
511.795
511.795
511.795
511.795
679.266
679.266
679.266
679.266
679.266
560.516
560.516
560.516
560.516
560.516
547.184
547.184
547.184
547.184
547.184
243.841
243.841
243.841
243.841
243.841
373.787
373.787
373.787
373.787
373.787
258.891
258.891
258.891
258.891
258.891
587.656
587.656
587.656
587.656
587.656
402.375
402.375
402.375
402.375
402.375
602.794
602.794
602.794
602.794
602.794
292.527
292.527
292.527
292.527
292.527
427.531
427.531
427.531
427.531
427.531
408.75
408.75
408.75
408.75
408.75
577.887
577.887
577.887
577.887
577.887
644.201
644.201
644.201
644.201
644.201
638.359
638.359
638.359
638.359
638.359
668.186
668.186
668.186
668.186
668.186
587.063
587.063
587.063
587.063
587.063
584.92
584.92
584.92
584.92
584.92
730.862
730.862
730.862
730.862
730.862
446.125
446.125
446.125
446.125
446.125
341
341
341
341
341
167.968
167.968
167.968
167.968
167.968
416.063
416.063
416.063
416.063
416.063
460.594
460.594
460.594
460.594
460.594
661
661
661
661
661
726.234
726.234
726.234
726.234
726.234
583.519
583.519
583.519
583.519
583.519
554.162
554.162
554.162
554.162
554.162
253.313
253.313
253.313
253.313
253.313
266.641
266.641
266.641
266.641
266.641
607.523
607.523
607.523
607.523
607.523
338.929
338.929
338.929
338.929
338.929
243.049
243.049
243.049
243.049
243.049
672.469
672.469
672.469
672.469
672.469
377.125
377.125
377.125
377.125
377.125
241.43
241.43
241.43
241.43
241.43
498.655
498.655
498.655
498.655
498.655
441.214
441.214
441.214
441.214
441.214
523
523
523
523
523
590.25
590.25
590.25
590.25
590.25
409.156
409.156
409.156
409.156
409.156
458.5
458.5
458.5
458.5
458.5
568.75
568.75
568.75
568.75
568.75
498.25
498.25
498.25
498.25
498.25
562.5
562.5
562.5
562.5
562.5
382.857
382.857
382.857
382.857
382.857
303.418
303.418
303.418
303.418
303.418
566.555
566.555
566.555
566.555
566.555
518
518
518
518
518
501.319
501.319
501.319
501.319
501.319
432.678
432.678
432.678
432.678
432.678
289.063
289.063
289.063
289.063
289.063
551.113
551.113
551.113
551.113
551.113
355.297
355.297
355.297
355.297
355.297
490.586
490.586
490.586
490.586
490.586
528.453
528.453
528.453
528.453
528.453
496
496
496
496
496
607.25
607.25
607.25
607.25
607.25
493.109
493.109
493.109
493.109
493.109
541.324
541.324
541.324
541.324
541.324
642.406
642.406
642.406
642.406
642.406
305.94
305.94
305.94
305.94
305.94
616.313
616.313
616.313
616.313
616.313
436.418
436.418
436.418
436.418
436.418
232.531
232.531
232.531
232.531
232.531
703.625
703.625
703.625
703.625
703.625
493.072
493.072
493.072
493.072
493.072
717.75
717.75
717.75
717.75
717.75
246.743
246.743
246.743
246.743
246.743
526.139
526.139
526.139
526.139
526.139
685.134
684.143
684.143
684.143
684.143
563.648
563.648
563.648
563.648
563.648
572.141
572.141
572.141
572.141
572.141
487.611
487.611
487.611
487.611
487.611
541.289
541.289
541.289
541.289
541.289
400.945
400.945
400.945
400.945
400.945
281.375
281.375
281.375
281.375
281.375
599.537
599.537
599.537
599.537
599.537
583.688
583.688
583.688
583.688
583.688
341.803
341.803
341.803
341.803
341.803
584.875
584.875
584.875
584.875
584.875
377.125
377.125
377.125
377.125
377.125
162.857
162.857
250.715
250.715
250.715
295.797
295.797
295.797
295.797
295.797
524
524
524
524
524
233.292
233.292
233.292
233.292
233.292
417
417
417
417
417
586
586
586
586
586
653.375
653.375
653.375
653.375
653.375
733.707
733.707
733.707
733.707
733.707
632.102
632.102
632.102
632.102
632.102
601.837
601.837
601.837
601.837
601.837
724.813
724.813
724.813
724.813
724.813
594.707
594.707
594.707
594.707
594.707
618.994
618.994
618.994
618.994
618.994
674.871
674.871
674.871
674.871
674.871
378.348
378.348
378.348
378.348
378.348
0
0
0
0
0
688.25
688.25
688.25
688.25
688.25
521.875
521.875
521.875
521.875
521.875
527
527
527
527
527
408.105
408.105
408.105
408.105
408.105
509.57
509.57
509.57
509.57
509.57
477.966
477.966
477.966
477.966
477.966
750.211
750.211
750.211
750.211
750.211
333.447
333.447
333.447
333.447
333.447
551.584
551.584
551.584
551.584
551.584
493.184
493.184
493.184
493.184
493.184
344.039
344.039
344.039
344.039
344.039
348.219
348.219
348.219
348.219
348.219
543.969
543.969
543.969
543.969
543.969
432.493
432.493
432.493
432.493
432.493
213.779
213.779
213.779
213.779
213.779
618.676
618.676
618.676
618.676
618.676
465.5
465.5
465.5
465.5
465.5
690.125
690.125
690.125
690.125
690.125
531.637
531.637
531.637
531.637
531.637
380.484
380.484
380.484
380.484
380.484
687.063
687.063
687.063
687.063
687.063
352.609
352.609
352.609
352.609
352.609
506.354
506.354
506.354
506.354
506.354
458.097
458.097
458.097
458.097
458.097
270.822
270.806
270.806
270.806
270.806
395
395
395
395
395
605.656
605.656
605.656
605.656
605.656
636.302
636.302
636.302
636.302
636.302
361.805
361.805
361.805
361.805
361.805
404.484
404.484
404.484
404.484
404.484
543.125
543.125
543.125
543.125
543.125
428.348
428.348
428.348
428.348
428.348
523.095
523.095
523.095
523.095
523.095
485.086
485.086
485.086
485.086
485.086
561.048
561.048
561.048
561.048
561.048
268
268
268
268
268
587.089
587.089
587.089
587.089
587.089
506.586
506.586
506.586
506.586
506.586
589.173
589.173
589.173
589.173
589.173
461.504
461.504
461.504
461.504
461.504
446.934
446.934
446.934
446.934
446.934
693.75
693.75
693.75
693.75
693.75
394.789
394.789
394.789
394.789
394.789
579.5
579.5
579.5
579.5
579.5
517.75
517.75
517.75
517.75
517.75
594.382
594.382
594.382
594.382
594.382
361.449
361.449
361.449
361.449
361.449
679.816
679.816
679.816
679.816
679.816
614.848
614.848
614.848
614.848
614.848
525.428
525.428
525.428
525.428
525.428
212.016
212.016
212.016
212.016
212.016
600.391
600.391
600.391
600.391
600.391
194.68
194.68
194.68
194.68
194.68
536.677
536.677
536.677
536.677
536.677
290.199
290.199
290.199
290.199
290.199
338.883
338.883
338.883
338.883
338.883
553.635
553.635
553.635
553.635
553.635
541.342
541.342
541.342
541.342
541.342
576.847
576.847
576.847
576.847
576.847
416.176
416.176
416.176
416.176
416.176
588.352
588.352
588.352
588.352
588.352
481.451
481.451
481.451
481.451
481.451
479.897
479.897
479.897
479.897
479.897
485.856
485.856
485.856
485.856
485.856
477.631
477.631
477.631
477.631
477.631
450.125
450.125
450.125
450.125
450.125
474.5
474.5
474.5
474.5
474.5
766.326
766.326
766.326
766.326
766.326
395.063
395.063
395.063
395.063
395.063
579.25
579.25
579.25
579.25
579.25
456.656
456.656
456.656
456.656
456.656
394.445
394.445
394.445
394.445
394.445
545.75
545.75
545.75
545.75
545.75
457.734
457.734
457.734
457.734
457.734
389.831
389.831
389.831
389.831
389.831
653.63
653.63
653.63
653.63
653.63
596.875
596.875
596.875
596.875
596.875
598.13
598.13
598.13
598.13
598.13
466.625
466.625
466.625
466.625
466.625
507.091
507.091
507.091
507.091
507.091
321.156
321.156
321.156
321.156
321.156
440.505
440.442
440.442
440.442
440.442
290.332
290.332
290.332
290.332
290.332
553.706
553.706
553.706
553.706
553.706
309.078
309.078
309.078
309.078
309.078
535.89
535.89
535.89
535.89
535.89
659.269
659.269
659.269
659.269
659.269
444.25
444.25
444.25
444.25
444.25
643.125
643.125
643.125
643.125
643.125
457.387
457.387
457.387
457.387
457.387
399
399
399
399
399
375.212
375.212
375.212
375.212
375.212
500.809
500.809
500.809
500.809
500.809
476.601
476.601
476.601
476.601
476.601
454.463
454.463
454.463
454.463
454.463
489.754
489.754
489.754
489.754
489.754
546.188
546.188
546.188
546.188
546.188
421.602
421.602
421.602
421.602
421.602
491.75
491.75
491.75
491.75
491.75
618.5
618.5
618.5
618.5
618.5
457.543
457.543
457.543
457.543
457.543
617.228
617.228
617.228
617.228
617.228
543.478
543.478
543.478
543.478
543.478
247.375
247.375
247.375
247.375
247.375
392.503
392.503
392.503
392.503
392.503
581.5
581.5
581.5
581.5
581.5
454.565
454.565
454.565
454.565
454.565
384.75
384.75
384.75
384.75
384.75
547.999
547.999
547.999
547.999
547.999
336.834
336.834
336.834
336.834
336.834
276.581
276.581
276.581
276.581
276.581
683.406
683.406
683.406
683.406
683.406
653.422
653.422
653.422
653.422
653.422
638
638
638
638
638
502.543
502.543
502.543
502.543
502.543
418.434
484.367
484.367
484.367
484.367
642.881
642.881
642.881
642.881
642.881
468.426
468.426
468.426
468.426
468.426
694.625
694.625
694.625
694.625
694.625
575.445
575.445
575.445
575.445
575.445
491.542
491.542
491.542
491.542
491.542
552.266
552.266
552.266
552.266
552.266
259.746
259.769
259.769
259.769
259.769
433.227
433.227
433.227
433.227
433.227
471.387
471.387
471.387
471.387
471.387
630.656
630.656
630.656
630.656
630.656
399.547
399.547
399.547
399.547
399.547
414.275
414.275
414.275
414.275
414.275
558.423
558.423
558.423
558.423
558.423
552.98
552.98
552.98
552.98
552.98
768.942
768.942
768.942
768.942
768.942
567.792
567.792
567.792
567.792
567.792
681.546
681.546
681.546
681.546
681.546
423.375
423.375
423.375
423.375
423.375
465.766
465.766
465.766
465.766
465.766
558.5
558.5
558.5
558.5
558.5
410.718
410.718
410.718
410.718
410.718
211.059
211.059
211.059
211.059
211.059
393.719
393.719
393.719
393.719
393.719
444
444
444
444
444
523.938
523.938
523.938
523.938
523.938
640.492
640.492
640.492
640.492
640.492
691.638
691.638
691.638
691.638
691.638
337.422
337.422
337.422
337.422
337.641
631.227
631.227
631.227
631.227
631.227
355.148
355.148
355.148
355.148
355.148
680.325
680.325
680.325
680.325
680.325
328.306
328.306
328.306
328.306
328.306
691.006
691.006
691.006
691.006
691.006
476.646
476.646
476.646
476.646
476.646
542.154
542.154
542.154
542.154
542.154
596.5
596.5
596.5
596.5
596.5
471.025
471.025
471.025
471.025
471.025
639.457
639.457
639.457
639.457
639.457
497.391
497.391
497.391
497.391
497.391
505.313
505.313
505.313
505.313
505.313
687.214
687.214
687.214
687.214
687.214
415.195
415.195
415.195
415.195
415.195
386.484
386.484
386.484
386.484
386.484
0
0
0
0
0
581.75
581.75
581.75
581.75
581.75
371.958
371.958
371.958
371.958
371.958
621.359
621.359
621.359
621.359
621.359
268.6
268.6
268.6
268.6
268.6
569.125
569.125
569.125
569.125
569.125
493
493
493
493
493
360.75
360.75
360.75
360.75
360.75
448.844
448.844
448.844
448.844
448.844
558.898
558.898
558.898
558.898
558.898
420.346
420.346
420.346
420.346
420.346
300.25
300.25
300.25
300.25
300.25
520.453
520.453
520.453
520.453
520.453
474.976
474.976
474.976
474.976
474.976
237.5
237.5
237.5
237.5
237.5
537
537
537
537
537
676.352
676.352
676.352
676.352
676.352
509.25
509.25
509.25
509.25
509.25
349.678
349.678
349.678
349.678
349.678
537.676
537.676
537.676
537.676
537.676
390.953
390.953
390.953
390.953
390.953
599.891
599.891
599.891
599.891
599.891
524.063
524.063
524.063
524.063
524.063
175.375
175.375
175.375
175.375
175.375
462.239
462.239
462.239
462.239
462.239
578.938
578.938
578.938
578.938
578.938
524.681
524.681
524.681
524.681
524.681
628.098
628.098
628.098
628.098
628.098
468.188
468.188
468.188
468.188
468.188
364.063
364.063
364.063
364.063
364.063
490.25
490.25
490.25
490.25
490.25
570.375
570.375
570.375
570.375
570.375
321.25
321.25
321.25
321.25
321.25
605.375
605.375
605.375
605.375
605.375
686.57
686.57
686.57
686.57
686.57
571.008
571.008
571.008
571.008
571.008
590.156
590.156
590.156
590.156
590.156
559.41
559.41
559.41
559.41
559.41
576.298
576.298
576.298
576.298
576.298
630.141
630.141
630.141
630.141
630.141
471.106
471.106
471.106
471.106
471.106
657.602
657.602
657.602
657.602
657.602
346.477
346.477
346.477
346.477
346.477
556.585
556.585
556.585
556.585
556.585
665.465
665.465
665.465
665.465
665.465
400.5
400.5
400.5
400.5
400.5
725.946
725.946
725.946
725.946
725.946
375.5
375.5
375.5
375.5
375.5
342
342
342
342
342
474.622
474.622
474.622
474.622
474.622
572.467
585.435
585.435
585.435
585.435
565.5
565.5
565.5
565.5
565.5
625.563
625.563
625.563
625.563
625.563
275.188
275.188
275.188
275.188
275.188
796
796
796
796
796
758
758
758
758
758
328.25
328.25
328.25
328.25
328.25
262.642
262.642
262.642
262.642
262.642
648.906
648.906
648.906
648.906
648.906
370.531
370.531
370.531
370.531
370.531
96.8125
96.8125
96.8125
96.8125
96.8125
365.405
365.405
365.405
365.405
365.405
478.762
478.762
478.762
478.762
478.762
562.57
562.57
562.57
562.57
562.57
580
580
580
580
580
597.403
597.403
597.403
597.403
597.403
744.5
744.5
744.5
744.5
744.5
290.291
290.291
290.291
290.291
290.291
654.668
654.668
654.668
654.668
654.668
552.508
552.508
552.508
552.508
552.508
663
663
663
663
663
439.5
439.5
439.5
439.5
439.5
348.625
348.625
348.625
348.625
348.625
478.656
478.656
478.656
478.656
478.656
431.809
431.809
431.809
431.809
431.809
680.156
680.156
680.156
680.156
680.156
696.959
696.959
696.959
696.959
696.959
577.875
577.875
577.875
577.875
577.875
395.011
395.011
395.011
395.011
395.011
701.368
701.368
701.368
701.368
701.368
413.5
413.5
413.5
413.5
413.5
493.756
493.756
493.756
493.756
493.756
626.285
626.285
626.285
626.285
626.285
705.9
705.9
705.9
705.9
705.9
426.125
426.125
426.125
426.125
426.125
579.198
579.198
579.198
579.198
579.198
286.652
286.652
286.652
286.652
286.652
399.141
399.141
399.141
399.141
399.141
397.234
399.313
399.313
399.313
399.313
419.891
419.891
419.891
419.891
419.891
543.101
543.101
543.101
543.101
543.101
412.109
412.109
412.109
412.109
412.109
623.16
623.16
623.16
623.16
623.16
566
566
566
566
566
555.836
555.836
555.836
555.836
555.836
629.742
629.742
629.742
629.742
629.742
577.966
577.966
577.966
577.966
577.966
480.813
480.813
480.813
480.813
480.813
634.098
634.098
634.098
634.098
634.098
663.589
663.589
663.589
663.589
663.589
189.125
189.125
189.125
189.125
189.125
424.146
424.146
424.146
424.146
424.146
604.5
604.5
604.5
604.5
604.5
665.156
665.156
665.156
665.156
665.156
330.509
330.509
330.509
330.509
330.509
570.098
570.098
570.098
570.098
570.098
316.544
316.544
316.544
316.544
316.544
595.75
595.75
595.75
595.75
595.75
539.609
539.609
539.609
539.609
539.609
512.75
512.75
512.75
512.75
512.75
415.404
415.404
415.404
415.404
415.404
668.71
668.71
668.71
668.71
668.71
419.867
419.867
419.867
419.867
419.867
622.076
622.076
622.076
622.076
622.076
636.625
636.625
636.625
636.625
636.625
633.484
633.484
633.484
633.484
633.484
431.021
431.021
431.021
431.021
431.021
421.487
421.487
421.487
421.487
421.487
236.652
236.652
236.652
236.652
236.652
652.93
652.93
652.93
652.93
652.93
565.672
565.672
565.672
565.672
565.672
512.406
512.406
512.406
512.406
512.406
453.713
453.713
453.713
453.713
453.713
548.648
548.648
548.648
548.648
548.648
758
758
758
758
758
392.406
392.406
392.406
392.406
392.406
530.125
530.125
530.125
530.125
530.125
559.245
559.245
559.245
559.245
559.245
545.914
545.914
545.914
545.914
545.914
415.396
415.396
415.396
442.543
442.543
315.484
315.484
315.484
315.484
315.484
435.522
435.522
435.522
435.522
435.522
314.828
314.828
314.828
314.828
314.828
463.138
463.138
463.138
463.138
463.138
227.5
227.5
227.5
227.5
227.5
265.805
265.805
265.805
265.805
265.805
427.992
427.992
427.992
427.992
427.992
545.246
545.246
545.246
545.246
545.246
384.906
384.906
384.906
384.906
384.906
680.475
680.475
680.475
680.475
680.475
337.438
337.438
337.438
337.438
337.438
431.5
431.5
431.5
431.5
431.5
600.313
600.313
600.313
600.313
600.313
435.984
435.984
435.984
435.984
435.984
168.231
168.231
168.231
168.231
168.231
666.125
666.125
666.125
666.125
666.125
549.094
549.094
549.094
549.094
549.094
368.875
368.875
368.875
368.875
368.875
365
365
365
365
365
609.071
609.071
609.071
609.071
609.071
549.101
549.101
549.101
549.101
549.101
550
550
550
550
550
562.06
562.06
562.06
562.06
562.06
561.063
561.063
561.063
561.063
561.063
352.361
352.361
352.361
352.361
352.361
429
429
429
429
429
214.328
214.328
214.328
214.328
214.328
529.441
529.441
529.441
529.441
529.441
465.762
465.762
465.762
465.762
465.762
485.369
485.369
485.369
485.369
485.369
488.985
488.985
488.985
488.985
488.985
333.5
333.5
333.5
333.5
333.5
455.375
455.375
455.375
455.375
455.375
281.717
281.717
281.717
281.717
281.717
513.75
513.75
513.75
513.75
513.75
326.82
326.82
326.82
326.82
326.82
375.302
375.302
375.302
375.302
375.302
629.936
629.936
629.936
629.936
629.936
539.156
539.156
539.156
539.156
539.156
585.259
585.259
585.259
585.259
585.259
445.597
445.597
445.597
445.597
445.597
514.5
514.5
514.5
514.5
514.5
642.779
642.779
642.779
642.779
642.779
417.297
417.297
417.297
417.297
417.297
722.945
722.945
722.945
722.945
722.945
494.313
494.313
494.313
494.313
494.313
610.219
610.219
610.219
610.219
610.219
696.039
696.039
696.039
696.039
696.039
589.5
589.5
589.5
589.5
589.5
768.063
768.063
768.063
768.063
768.063
669.241
669.241
669.241
669.241
669.241
673.719
673.719
673.719
673.719
673.719
566.75
566.75
566.75
566.75
566.75
719
719
719
719
719
332.259
332.259
332.259
332.259
332.259
553.125
553.125
553.125
553.125
553.125
314.531
314.531
314.531
314.531
314.531
651.789
651.789
651.789
651.789
651.789
517.199
517.199
517.199
517.199
517.199
513.301
519.602
519.602
519.602
519.602
298.5
298.5
298.5
298.5
298.5
582.75
582.75
582.75
582.75
582.75
473.139
473.139
473.139
473.139
473.139
535.773
535.773
535.773
535.773
535.773
656.063
656.063
656.063
656.063
656.063
520.438
520.438
520.438
520.438
520.438
744.906
744.906
744.906
744.906
744.906
716.906
716.906
716.906
716.906
716.906
610.612
610.612
610.612
610.612
610.612
497.5
497.5
497.5
497.5
497.5
589.396
589.396
589.396
589.396
589.396
483.571
483.571
483.571
483.571
483.571
597.269
597.269
597.269
597.269
597.269
572.077
572.077
572.077
572.077
572.077
747.245
747.245
747.245
747.245
747.245
620.828
620.828
620.828
620.828
620.828
395.332
395.332
395.332
395.332
395.332
245.516
245.516
245.516
245.516
245.516
544.379
544.379
544.379
544.379
544.379
470.611
470.611
470.611
470.611
470.611
438.836
438.836
438.836
438.836
438.836
315.434
315.434
315.434
315.434
315.434
410.906
410.906
410.906
410.906
434.563
457.518
457.518
457.518
457.518
457.518
418.063
418.063
418.063
418.063
418.063
683.927
683.927
683.927
683.927
683.927
447.594
447.594
447.594
447.594
447.594
601.918
601.918
601.918
601.918
601.918
660.18
660.18
660.18
660.18
660.18
331.375
331.375
331.375
331.375
331.375
469.279
469.279
469.279
469.279
469.279
449
449
449
449
449
589.578
589.578
589.578
589.578
589.578
596.156
596.156
596.156
596.156
596.156
525.354
525.354
525.354
525.354
525.354
456.906
456.906
456.906
456.906
456.906
315.47
315.47
315.47
315.47
315.47
454.063
454.063
454.063
454.063
454.063
604.5
604.5
604.5
604.5
604.5
598.25
598.25
598.25
598.25
598.25
494.375
494.375
494.375
494.375
494.375
414.984
414.984
414.984
414.984
414.984
694.813
694.813
694.813
694.813
694.813
640.906
640.906
640.906
640.906
640.906
676.75
676.75
676.75
676.75
676.75
618.016
618.016
618.016
618.016
618.016
592.07
592.07
592.07
592.07
592.07
361.878
361.878
361.878
361.878
361.878
523.138
523.138
523.138
523.138
523.138
718.25
718.25
718.25
718.25
718.25
450.577
450.577
450.577
450.577
450.577
638.5
638.5
638.5
638.5
638.5
670.113
670.113
670.113
670.113
670.113
345.941
345.941
345.941
345.941
345.941
515.875
515.875
515.875
515.875
515.875
439.938
439.938
439.938
439.938
439.938
695.953
695.953
695.953
695.953
695.953
164
164
164
164
164
617.052
617.052
617.052
617.052
617.052
581.325
581.325
581.325
581.325
581.325
475.25
475.25
475.25
475.25
475.25
489.365
489.365
489.365
489.365
489.365
455.75
455.75
455.75
455.75
455.75
533.328
533.328
533.328
533.328
533.328
568.677
568.677
568.677
568.677
568.677
485.05
485.05
485.05
485.05
485.05
422.889
422.889
422.889
422.889
422.889
209
209
209
209
209
642.648
642.648
642.648
642.648
642.648
547
547
547
547
547
372.186
372.186
372.186
372.186
372.186
595.328
595.328
595.328
595.328
595.328
438.625
438.625
438.625
438.625
438.625
293.6
293.6
293.6
293.6
293.6
482
482
482
482
482
604.408
604.408
604.408
604.408
604.408
326.75
326.75
326.75
326.75
326.75
485.875
485.875
485.875
485.875
485.875
669.172
669.172
669.172
669.172
669.172
445.5
445.5
445.5
445.5
445.5
664.029
664.029
664.029
664.029
664.029
411.6
411.6
411.6
411.6
411.6
607.086
607.086
607.086
607.086
607.086
737.813
737.813
737.813
737.813
737.813
513.002
513.002
513.002
513.002
513.002
504.938
504.938
504.938
504.938
504.938
409.348
409.348
409.348
409.348
409.348
512.719
512.719
512.719
512.719
512.719
386.147
386.147
386.147
386.147
386.147
269.219
269.219
269.219
269.219
269.219
495.859
495.859
495.859
495.859
495.859
548.984
548.984
548.984
548.984
548.984
570.945
570.945
570.945
570.945
570.945
576.5
576.5
576.5
576.5
576.5
374
374
374
374
374
277.5
277.5
277.5
277.5
277.5
545.5
545.5
545.5
545.5
545.5
694.438
694.438
694.438
694.438
694.438
591
591
591
591
591
409.063
409.063
409.063
409.063
409.063
432.472
432.472
432.472
432.472
432.472
686.105
686.105
686.105
686.105
686.105
651.102
651.102
651.102
651.102
651.102
186.219
186.219
186.219
186.219
186.219
471.83
471.83
471.83
471.83
471.83
691.756
691.756
691.756
691.756
691.756
589.375
589.375
589.375
589.375
589.375
460.094
460.094
460.094
460.094
460.094
332.688
332.688
332.688
332.688
332.688
533.875
533.875
533.875
533.875
533.875
491.082
491.082
491.082
491.082
491.082
702.957
702.957
702.957
702.957
702.957
655.063
655.063
655.063
655.063
655.063
645.25
645.25
645.25
645.25
645.25
444.889
444.889
444.889
444.889
444.889
717.375
717.375
717.375
717.375
717.375
313.662
313.662
313.662
313.662
263.325
437.563
437.563
437.563
437.563
437.563
521.969
521.969
521.969
521.969
521.969
564.617
565.969
565.969
565.969
565.969
612.212
612.212
612.212
612.212
612.212
405.906
405.906
405.906
405.906
405.906
645.8
645.8
645.8
645.8
645.8
680.75
680.75
680.75
680.75
680.75
242.386
242.386
242.386
242.386
242.386
578.5
578.5
578.5
578.5
578.5
242.25
242.25
343
343
343
397.703
397.703
397.703
397.703
397.703
582.396
582.396
582.396
582.396
582.396
562.063
562.063
562.063
562.063
562.063
379.838
379.838
379.838
379.838
379.838
459
459
459
459
459
304.872
304.872
304.872
304.872
304.872
571.563
571.563
571.563
571.563
571.563
235.734
235.734
235.734
235.734
235.734
304.456
304.456
304.456
304.456
304.456
358.312
358.312
358.312
358.312
358.312
459.438
459.438
459.438
459.438
459.438
668.769
668.769
668.769
668.769
668.769
447.344
447.344
447.344
447.344
447.344
480.406
480.406
480.406
480.406
480.406
324.5
324.5
324.5
324.5
324.5
643.152
643.152
643.152
643.152
643.152
368.344
368.344
368.344
368.344
368.344
501.445
501.445
501.445
501.445
501.445
452.117
452.117
452.117
452.117
452.117
422.508
422.508
422.508
422.508
422.508
566.063
566.063
566.063
566.063
566.063
534.75
534.75
534.75
534.75
534.75
681.609
681.609
681.609
681.609
681.609
686.422
686.422
686.422
686.422
686.422
374.188
374.188
374.188
374.188
374.188
377.5
377.5
377.5
377.5
377.5
472.912
472.912
472.912
472.912
472.912
530.703
530.703
530.703
530.703
530.703
698.938
698.938
698.938
698.938
698.938
611.285
611.285
611.285
611.285
611.285
354.073
354.073
354.073
354.073
354.073
590.477
590.477
590.477
590.477
590.477
561.634
561.634
561.634
561.634
561.634
546.25
546.25
546.25
546.25
546.25
398.5
398.5
398.5
398.5
398.5
370.18
370.18
370.18
370.18
370.18
399.406
399.406
399.406
399.406
399.406
415.879
415.879
415.879
415.879
415.879
616.772
616.772
616.772
616.772
616.772
478.174
478.174
478.174
478.174
478.174
494.188
494.188
494.188
494.188
494.188
524.56
524.56
524.56
524.56
524.56
441.188
441.188
441.188
441.188
441.188
609.992
609.992
609.992
609.992
609.992
519.75
519.75
519.75
519.75
519.75
378.375
378.375
378.375
378.375
378.375
406.832
406.832
406.832
406.832
406.832
506.063
506.063
506.063
506.063
506.063
669.75
669.75
669.75
669.75
669.75
561
561
561
561
561
636.979
636.979
636.979
636.979
636.979
673.952
673.952
673.952
673.952
673.952
462
462
462
462
462
426.133
426.133
426.133
426.133
426.133
471.985
471.985
471.985
471.985
471.985
624.624
624.624
624.624
624.624
624.624
402.285
402.285
402.285
402.285
402.285
214.625
214.625
214.625
214.625
214.625
581.092
581.092
581.092
581.092
581.092
573.435
573.435
573.435
573.435
573.435
508.898
508.898
508.898
508.898
508.898
545.844
545.844
545.844
545.844
545.844
561.625
561.625
561.625
561.625
561.625
313
313
313
313
313
439.5
439.5
439.5
439.5
439.5
644.385
644.385
644.385
644.385
644.385
379
379
379
379
379
343.557
343.557
343.557
343.557
343.557
514.25
514.25
514.25
514.25
514.25
522.566
522.566
522.566
522.566
522.566
626.336
626.336
626.336
626.336
626.336
617.25
617.25
617.25
617.25
617.25
667.583
667.583
667.583
667.583
667.583
624.094
624.094
624.094
624.094
624.094
441.434
441.434
441.434
441.434
441.434
477.033
477.033
477.033
477.033
477.033
579.394
579.394
579.394
579.394
579.394
596.429
596.429
596.429
596.429
596.429
553
553
553
553
553
504.797
504.797
504.797
504.797
504.797
385.501
385.501
385.501
385.501
385.501
433.563
433.563
433.563
433.563
433.563
626.021
626.021
626.021
626.021
626.021
688.25
688.25
688.25
688.25
688.25
463.625
463.625
463.625
463.625
463.625
616.438
616.438
616.438
616.438
616.438
462.758
462.758
462.758
462.758
462.758
582.912
582.912
582.912
582.912
582.912
624.041
631.833
631.833
631.833
631.833
536
536
536
536
536
529.391
529.391
529.391
529.391
529.391
359.188
359.188
359.188
359.188
359.188
423
423
423
423
423
508.942
508.942
508.942
508.942
508.942
643.039
643.039
643.039
643.039
643.039
675.672
675.672
675.672
675.672
675.672
449.75
449.75
449.75
449.75
449.75
579.188
579.188
579.188
579.188
579.188
605.063
605.063
605.063
605.063
605.063
345.261
345.261
345.261
345.261
345.261
678.625
678.625
678.625
678.625
678.625
523.406
523.406
523.406
523.406
523.406
736.715
736.715
736.715
736.715
736.715
563.758
563.758
563.758
563.758
563.758
721.125
721.125
721.125
721.125
721.125
192.387
192.387
192.387
192.387
192.387
552
552
552
552
552
525.625
525.625
525.625
525.625
525.625
614.443
614.443
614.443
614.443
614.443
575.648
575.648
575.648
575.648
575.648
463.133
463.133
463.133
463.133
463.133
425.632
425.632
425.632
425.632
425.632
434.5
434.5
434.5
434.5
434.5
375.688
375.688
375.688
375.688
375.688
607
607
607
607
607
367.688
367.688
367.688
367.688
367.688
585.875
585.875
585.875
585.875
585.875
580.619
580.619
580.619
580.619
580.619
424.219
424.219
424.219
424.219
424.219
446.746
446.746
446.746
446.746
446.746
438.938
438.938
438.938
438.938
438.938
541.203
541.203
541.203
541.203
541.203
473.531
473.531
473.531
473.531
473.531
579.25
579.25
579.25
579.25
579.25
600.236
600.236
600.236
600.236
600.236
608.75
608.75
608.75
608.75
608.75
380.309
380.309
380.309
380.309
380.309
616.813
616.813
616.813
616.813
616.813
660.367
660.367
660.367
660.367
660.367
484
484
484
484
484
708.921
708.921
708.921
708.921
708.921
560.915
560.915
560.915
560.915
560.915
476.594
476.594
476.594
476.594
476.594
471
471
471
471
471
493.043
493.043
493.043
493.043
493.043
0
