0
0
0
0
623.796
623.796
623.796
623.796
623.796
609.031
609.031
609.031
609.031
609.031
746.557
746.557
746.557
746.557
746.557
729.501
729.501
729.501
729.501
729.501
716.359
716.359
716.359
716.359
716.359
519.009
519.009
519.009
519.009
519.009
633.654
633.654
633.654
633.654
633.654
744.481
744.481
744.481
744.481
744.481
434.024
434.024
434.024
434.024
434.024
790.575
790.575
790.575
790.575
790.575
786.236
786.236
786.236
786.236
786.236
773.519
773.519
773.519
773.519
773.519
764.029
764.029
764.029
764.029
764.029
794.459
794.459
794.459
794.459
794.459
793.744
793.744
793.744
793.744
793.744
787.468
787.468
787.468
787.468
787.468
793.466
793.466
793.466
793.466
793.466
788.241
788.241
788.241
788.241
788.241
790.555
790.555
790.555
790.555
790.555
786.603
786.603
786.603
786.603
786.603
785.862
785.862
785.862
785.862
785.862
775.432
775.432
775.432
775.432
775.432
787.64
787.64
787.64
787.64
787.64
786.139
786.139
786.139
786.139
786.139
792.101
792.101
792.101
792.101
792.101
793.989
793.989
793.989
793.989
793.989
785.718
785.718
785.718
785.718
785.718
796.178
796.178
796.178
796.178
796.178
792.654
792.654
792.654
792.654
792.654
782.765
782.765
782.765
782.765
782.765
795.743
795.743
795.743
795.743
795.743
789.098
789.098
789.098
789.098
789.098
786.544
786.544
786.544
786.544
786.544
768.443
768.443
768.443
768.443
768.443
792.009
792.009
792.009
792.009
792.009
788.792
788.792
788.792
788.792
788.792
789.888
789.888
789.888
789.888
789.888
782.646
782.646
782.646
782.646
782.646
771.509
771.509
771.509
771.509
771.509
788.529
788.529
788.529
788.529
788.529
783.524
783.524
783.524
783.524
783.524
778.935
778.935
778.935
778.935
778.935
777.48
777.48
777.48
777.48
777.48
792.176
792.176
792.176
792.176
792.176
759.811
759.811
759.811
759.811
759.811
790.539
790.539
790.539
790.539
790.539
795.813
795.813
795.813
795.813
795.813
786.486
786.486
786.486
786.486
786.486
779.111
779.111
779.111
779.111
779.111
777.676
777.676
777.676
777.676
777.676
782.26
782.26
782.26
782.26
782.26
792.509
792.509
792.509
792.509
792.509
785.32
785.32
785.32
785.32
785.32
788.752
788.752
788.752
788.752
788.752
789.267
789.267
789.267
789.267
789.267
794.509
794.509
794.509
794.509
794.509
779.688
779.688
779.688
779.688
779.688
788.283
788.283
788.283
788.283
788.283
785.238
785.238
785.238
785.238
785.238
779.157
779.157
779.157
779.157
779.157
790.146
790.146
790.146
790.146
790.146
777.146
777.146
777.146
777.146
777.146
779.146
779.146
779.146
779.146
779.146
773.034
773.034
773.034
773.034
773.034
761.209
761.209
761.209
761.209
761.209
778.383
778.383
778.383
778.383
778.383
782.271
782.271
782.271
782.271
782.271
795.64
795.64
795.64
795.64
795.64
787.388
787.388
787.388
787.388
787.388
788.462
788.462
788.462
788.462
788.462
783.907
783.907
783.907
783.907
783.907
778.545
778.545
778.545
778.545
778.545
792.934
792.934
792.934
792.934
792.934
776.51
776.51
776.51
776.51
776.51
737.317
737.317
737.317
737.317
737.317
781.209
781.209
781.209
781.209
781.209
610.203
610.203
610.203
610.203
610.203
467.317
467.317
467.317
467.317
467.317
258.618
258.618
258.618
258.618
258.618
725.738
725.738
725.738
725.738
725.738
667.345
667.345
667.353
667.353
667.353
630.528
645.556
645.556
645.556
645.556
448.821
448.821
448.821
448.821
448.821
720.88
720.88
720.88
720.88
720.88
763.641
767.532
767.532
767.532
767.532
752.963
752.963
752.963
752.963
752.963
764.051
764.051
764.051
764.051
764.051
722.321
722.321
722.321
722.321
722.321
752.106
752.106
752.106
752.106
752.106
709.036
709.036
709.036
709.036
709.036
447.964
447.964
447.964
447.964
447.964
734.386
734.386
734.386
734.386
734.386
749.334
749.334
749.334
749.334
749.334
728.553
728.553
728.553
728.553
728.553
763.462
763.462
763.462
763.462
763.462
784.742
784.742
784.742
784.742
784.742
740.829
740.829
740.829
740.829
740.829
785.947
785.947
785.947
785.947
785.947
743.493
743.493
743.493
743.493
743.493
776.45
776.45
776.45
776.45
776.45
772.868
772.868
772.868
772.868
772.868
781.245
781.245
781.245
781.245
781.245
789.24
789.24
789.24
789.24
789.24
787.306
787.306
787.306
787.306
787.306
781.766
781.779
781.779
781.779
781.779
777.559
777.559
777.559
777.559
777.559
777.674
777.674
777.674
777.674
777.674
712.267
712.267
712.267
712.267
712.267
787.264
787.264
787.264
787.264
787.264
765.912
765.912
765.912
765.912
765.912
745.732
745.732
745.732
745.732
745.732
741.446
741.446
741.446
741.446
741.446
790.272
790.272
790.272
790.272
790.272
766.113
766.113
766.113
766.113
766.113
775.5
775.5
775.5
775.5
775.5
790.409
790.409
790.409
790.409
790.409
786.798
786.798
786.798
786.798
786.798
773.305
773.305
773.305
773.305
773.305
788.287
788.287
788.287
788.287
788.287
792.305
792.305
792.305
792.305
792.305
796.766
796.766
796.766
796.766
796.766
792.526
792.526
792.526
792.526
792.526
792.541
792.541
792.541
792.541
792.541
796.14
796.14
796.14
796.14
796.14
791.394
791.394
791.394
791.394
791.394
783.032
783.032
783.032
783.032
783.032
782.392
782.392
782.392
782.392
782.392
795.85
795.85
795.85
795.85
795.85
796.825
796.825
796.825
796.825
796.825
792.05
792.05
792.05
792.05
792.05
793.472
793.472
793.472
793.472
793.472
781.655
781.655
781.655
781.655
781.655
773.272
773.272
773.272
773.272
773.272
798.081
798.081
798.081
798.081
798.081
796.839
796.839
796.839
796.839
796.839
787.394
787.394
787.394
787.394
787.394
789.906
789.906
789.906
789.906
789.906
790.205
790.205
790.205
790.205
790.205
794.732
794.732
794.732
794.732
794.732
787.097
787.097
787.097
787.097
787.097
788.922
788.922
788.922
788.922
788.922
796.744
796.744
796.744
796.744
796.744
794.835
794.835
794.835
794.835
794.835
791.747
791.747
791.747
791.747
791.747
795.957
795.957
795.957
795.957
795.957
792.148
792.148
792.148
792.148
792.148
792.325
792.325
792.325
792.325
792.325
791.962
791.962
791.962
791.962
791.962
785.127
785.127
785.127
785.127
785.127
781.252
781.252
781.252
781.252
781.252
796.825
796.825
796.825
796.825
796.825
797.645
797.645
797.645
797.645
797.645
792.387
792.387
792.387
792.387
792.387
788.771
788.771
788.771
788.771
788.771
797.039
797.039
797.039
797.039
797.039
793.889
793.889
793.889
793.889
793.889
787.611
787.611
787.611
787.611
787.611
781.523
781.523
781.523
781.523
781.523
783.566
783.566
783.566
783.566
783.566
785.032
785.032
785.032
785.032
785.032
772.816
772.816
772.816
772.816
772.816
772.038
772.038
772.038
772.038
772.038
784.035
784.035
784.035
784.035
784.035
795.966
795.966
795.966
795.966
795.966
791.037
791.037
791.037
791.037
791.037
792.954
792.954
792.954
792.954
792.954
782.323
782.323
782.323
782.323
782.323
775.792
775.792
775.792
775.792
775.792
791.478
791.478
791.478
791.478
791.478
795.711
795.711
795.711
795.711
795.711
795.577
795.577
795.577
795.577
795.577
790.399
790.399
790.399
790.399
790.399
783.337
783.337
783.337
783.337
783.337
785.656
785.656
785.656
785.656
785.656
769.141
769.141
769.141
769.141
769.141
791.978
791.978
791.978
791.978
791.978
784.156
784.156
784.156
784.156
784.156
779.133
779.133
779.133
779.133
779.133
793.386
793.386
793.386
793.386
793.386
796.15
796.15
796.15
796.15
796.15
794.213
794.213
794.213
794.213
794.213
792.472
792.472
792.472
792.472
792.472
783.044
783.044
783.044
783.044
783.044
793.321
793.321
793.321
793.321
793.321
787.223
787.223
787.223
787.223
787.223
785.678
785.678
785.678
785.678
785.678
789.52
789.52
789.52
789.52
789.52
795.011
795.011
795.011
795.011
795.011
790.781
790.781
790.781
790.781
790.781
790.666
790.666
790.666
790.666
790.666
795.402
795.402
795.402
795.402
795.402
786.038
786.038
786.038
786.038
786.038
780.824
780.824
780.824
780.824
780.824
793.615
793.615
793.615
793.615
793.615
784.368
784.368
784.368
784.368
784.368
792.5
792.5
792.5
792.5
792.5
793.448
793.448
793.448
793.448
793.448
788.747
788.747
788.747
788.747
788.747
785.348
785.348
785.348
785.348
785.348
789.744
789.744
789.744
789.744
789.744
785.111
785.111
785.111
785.111
785.111
786.228
786.228
786.228
786.228
786.228
796.276
796.276
796.276
796.276
796.276
794.857
794.857
794.857
794.857
794.857
794.94
794.94
794.94
794.94
794.94
798.148
798.148
798.148
798.148
798.148
795.352
795.352
795.352
795.352
795.352
792.368
792.368
792.368
792.368
792.368
791.808
791.808
791.808
791.808
791.808
788.97
788.97
788.97
788.97
788.97
792.074
792.074
792.074
792.074
792.074
794.716
794.716
794.716
794.716
794.716
791.636
791.636
791.636
791.636
791.636
790.409
790.409
790.409
790.409
790.409
795.957
795.957
795.957
795.957
795.957
796.037
796.037
796.037
796.037
796.037
796.363
796.363
796.363
796.363
796.363
793.64
793.64
793.64
793.64
793.64
788.709
788.709
788.709
788.709
788.709
797.662
797.662
797.662
797.662
797.662
792.87
792.87
792.87
792.87
792.87
783.059
783.059
783.059
783.059
783.059
780.586
780.586
780.586
780.586
780.586
796.07
796.07
796.07
796.07
796.07
795.99
795.99
795.99
795.99
795.99
794.833
794.833
794.833
794.833
794.833
792.701
792.701
792.701
792.701
792.701
790.839
790.839
790.839
790.839
790.839
797.559
797.559
797.559
797.559
797.559
794.881
794.881
794.881
794.881
794.881
795.385
795.385
795.385
795.385
795.385
793.954
793.954
793.954
793.954
793.954
790.77
790.77
790.77
790.77
790.77
787.333
787.333
787.333
787.333
787.333
794.656
794.656
794.656
794.656
794.656
791.767
791.767
791.767
791.767
791.767
789.4
789.4
789.4
789.4
789.4
796.667
796.667
796.667
796.667
796.667
792.303
792.303
792.303
792.303
792.303
790.828
790.828
790.828
790.828
790.828
797.202
797.202
797.202
797.202
797.202
795.458
795.458
795.458
795.458
795.458
792.673
792.673
792.673
792.673
792.673
792.455
792.455
792.455
792.455
792.455
790.741
790.741
790.741
790.741
790.741
787.635
787.635
787.635
787.635
787.635
794.367
794.367
794.367
794.367
794.367
794.842
794.842
794.842
794.842
794.842
788.969
788.969
788.969
788.969
788.969
787.04
787.04
787.04
787.04
787.04
797.987
797.987
797.987
797.987
797.987
792.575
792.575
792.575
792.575
792.575
791.152
791.152
791.152
791.152
791.152
792.856
792.856
792.856
792.856
792.856
792.36
792.36
792.36
792.36
792.36
796.425
796.425
796.425
796.425
796.425
798.029
798.029
798.029
798.029
798.029
793.953
793.953
793.953
793.953
793.953
790.666
790.666
790.666
790.666
790.666
794.973
794.973
794.973
794.973
794.973
794.6
794.6
794.6
794.6
794.6
792.744
792.744
792.744
792.744
792.744
792.217
792.217
792.217
792.217
792.217
792.841
792.841
792.841
792.841
792.841
797.373
797.373
797.373
797.373
797.373
794.09
794.09
794.09
794.09
794.09
789.449
789.449
789.449
789.449
789.449
793.465
793.465
793.465
793.465
793.465
789.647
789.647
789.647
789.647
789.647
790.222
790.222
790.222
790.222
790.222
785.135
785.135
785.135
785.135
785.135
796.022
796.022
796.022
796.022
796.022
794.049
794.049
794.049
794.049
794.049
789.303
789.303
789.303
789.303
789.303
796.533
796.533
796.533
796.533
796.533
794.283
794.283
794.283
794.283
794.283
793.167
793.167
793.167
793.167
793.167
788.13
788.13
788.13
788.13
788.13
780.837
780.837
780.837
780.837
780.837
780.062
780.062
780.062
780.062
780.062
786.942
786.942
786.942
786.942
786.942
785.259
785.259
785.259
785.259
785.259
786.843
786.843
786.843
786.843
786.843
781.158
781.158
781.158
781.158
781.158
779.609
779.609
779.609
779.609
779.609
786.768
786.768
786.768
786.768
786.768
794.867
794.867
794.867
794.867
794.867
785.431
785.431
785.431
785.431
785.431
778.68
778.68
778.68
778.68
778.68
795.185
795.185
795.185
795.185
795.185
791.147
791.147
791.147
791.147
791.147
788.848
788.848
788.848
788.848
788.848
797.157
797.157
797.157
797.157
797.157
793.455
793.455
793.455
793.455
793.455
796.06
796.06
796.06
796.06
796.06
790.965
790.965
790.965
790.965
790.965
784.346
784.346
784.346
784.346
784.346
776.131
776.131
776.131
776.131
776.131
794.51
794.51
794.51
794.51
794.51
788.751
788.751
788.751
788.751
788.751
796.803
796.803
796.803
796.803
796.803
783.512
783.512
783.512
783.512
783.512
774.326
774.326
774.326
774.326
774.326
793.314
793.314
793.314
793.314
793.314
792.735
792.735
792.735
792.735
792.735
788.989
788.989
788.989
788.989
788.989
788.004
788.004
788.004
788.004
788.004
796.924
796.924
796.924
796.924
796.924
795.016
795.016
795.016
795.016
795.016
795.737
795.737
795.737
795.737
795.737
794.409
794.409
794.409
794.409
794.409
790.484
790.484
790.484
790.484
790.484
795.343
795.343
795.343
795.343
795.343
795.657
795.657
795.657
795.657
795.657
789.093
789.093
789.093
789.093
789.093
792.94
792.94
792.94
792.94
792.94
789.827
789.827
789.827
789.827
789.827
784.498
784.498
784.498
784.498
784.498
797.097
797.097
797.097
797.097
797.097
794.092
794.092
794.092
794.092
794.092
794.261
794.261
794.261
794.261
794.261
793.959
793.959
793.959
793.959
793.959
791.985
791.985
791.985
791.985
791.985
788.867
788.867
788.867
788.867
788.867
795.649
795.649
795.649
795.649
795.649
798.367
798.367
798.367
798.367
798.367
796.601
796.601
796.601
796.601
796.601
792.077
792.077
792.077
792.077
792.077
795.925
795.925
795.925
795.925
795.925
794.126
794.126
794.126
794.126
794.126
790.849
790.849
790.849
790.849
790.849
793.71
793.71
793.71
793.71
793.71
784.834
784.834
784.834
784.834
784.834
784.294
784.294
784.294
784.294
784.294
794.616
794.616
794.616
794.616
794.616
790.836
790.836
790.836
790.836
790.836
798.182
798.182
798.182
798.182
798.182
797.08
797.08
797.08
797.08
797.08
796.563
796.563
796.563
796.563
796.563
794.5
794.5
794.5
794.5
794.5
795.592
795.592
795.592
795.592
795.592
792.787
792.787
792.787
792.787
792.787
791.055
791.055
791.055
791.055
791.055
794.384
794.384
794.384
794.384
794.384
795.287
795.287
795.287
795.287
795.287
794.669
794.669
794.669
794.669
794.669
789.387
789.387
789.387
789.387
789.387
787.409
787.409
787.409
787.409
787.409
798.603
798.603
798.603
798.603
798.603
796.473
796.473
796.473
796.473
796.473
793.519
793.519
793.519
793.519
793.519
797.272
797.272
797.272
797.272
797.272
791.861
791.861
791.861
791.861
791.861
791.481
791.481
791.481
791.481
791.481
790.316
790.316
790.316
790.316
790.316
798.356
798.356
798.356
798.356
798.356
796.798
796.798
796.798
796.798
796.798
797.823
797.823
797.823
797.823
797.823
795.948
795.948
795.948
795.948
795.948
793.856
793.856
793.856
793.856
793.856
790.218
790.218
790.218
790.218
790.218
798.664
798.664
798.664
798.664
798.664
797.345
797.345
797.345
797.345
797.345
796.25
796.25
796.25
796.25
796.25
796.832
796.832
796.832
796.832
796.832
795.3
795.3
795.3
795.3
795.3
798.325
798.325
798.325
798.325
798.325
797.728
797.728
797.728
797.728
797.728
796.591
796.591
796.591
796.591
796.591
796.79
796.79
796.79
796.79
796.79
798.057
798.057
798.057
798.057
798.057
797.042
797.042
797.042
797.042
797.042
797.99
797.99
797.99
797.99
797.99
797.719
797.719
797.719
797.719
797.719
796.171
796.171
796.171
796.171
796.171
798.965
798.965
798.965
798.965
798.965
798.757
798.757
798.757
798.757
798.757
797.057
797.057
797.057
797.057
797.057
793.461
793.461
793.461
793.461
793.461
797.482
797.482
797.482
797.482
797.482
794.355
794.355
794.355
794.355
794.355
792.306
792.306
792.306
792.306
792.306
797.462
797.462
797.462
797.462
797.462
797.206
797.206
797.206
797.206
797.206
796.156
796.156
796.156
796.156
796.156
798.696
798.696
798.696
798.696
798.696
796.734
796.734
796.734
796.734
796.734
798.643
798.643
798.643
798.643
798.643
795.837
795.837
795.837
795.837
795.837
795.702
795.702
795.702
795.702
795.702
798.149
798.149
798.149
798.149
798.149
797.172
797.172
797.172
797.172
797.172
796.411
796.411
796.411
796.411
796.411
793.078
793.078
793.078
793.078
793.078
797.878
797.878
797.878
797.878
797.878
797.175
797.175
797.175
797.175
797.175
798.653
798.653
798.653
798.653
798.653
796.7
796.7
796.7
796.7
796.7
795.831
795.831
795.831
795.831
795.831
797.413
797.413
797.413
797.413
797.413
797.224
797.224
797.224
797.224
797.224
791.746
791.746
791.746
791.746
791.746
797.416
797.416
797.416
797.416
797.416
796.509
796.509
796.509
796.509
796.509
793.775
793.775
793.775
793.775
793.775
793.825
793.825
793.825
793.825
793.825
797.639
797.639
797.639
797.639
797.639
796.614
796.614
796.614
796.614
796.614
795.864
795.864
795.864
795.864
795.864
795.888
795.888
795.888
795.888
795.888
792.95
792.95
792.95
792.95
792.95
794.741
794.741
794.741
794.741
794.741
796.306
796.306
796.306
796.306
796.306
793.531
793.531
793.531
793.531
793.531
795.459
795.459
795.459
795.459
795.459
797.013
797.013
797.013
797.013
797.013
794.5
794.5
794.5
794.5
794.5
797.724
797.724
797.724
797.724
797.724
796.322
796.322
796.322
796.322
796.322
796.106
796.106
796.106
796.106
796.106
793.975
793.975
793.975
793.975
793.975
796.732
796.732
796.732
796.732
796.732
794.891
794.891
794.891
794.891
794.891
795.25
795.25
795.25
795.25
795.25
798.828
798.828
798.828
798.828
798.828
798.094
798.094
798.094
798.094
798.094
794.471
794.471
794.471
794.471
794.471
796.196
796.196
796.196
796.196
796.196
793.147
793.147
793.147
793.147
793.147
797.119
797.119
797.119
797.119
797.119
797.013
797.013
797.013
797.013
797.013
795.689
795.689
795.689
795.689
795.689
797.673
797.673
797.673
797.673
797.673
795.872
795.872
795.872
795.872
795.872
795.408
795.408
795.408
795.408
795.408
795.984
795.984
795.984
795.984
795.984
793.662
793.662
793.662
793.662
793.662
792.28
792.28
792.28
792.28
792.28
797.54
797.54
797.54
797.54
797.54
793.838
793.838
793.838
793.838
793.838
794.46
794.46
794.46
794.46
794.46
793.532
793.532
793.532
793.532
793.532
796.81
796.81
796.81
796.81
796.81
793.971
793.971
793.971
793.971
793.971
797.798
797.798
797.798
797.798
797.798
794.548
794.548
794.548
794.548
794.548
793.356
793.356
793.356
793.356
793.356
798.057
798.057
798.057
798.057
798.057
796.854
796.854
796.854
796.854
796.854
796.658
796.658
796.658
796.658
796.658
797.635
797.635
797.635
797.635
797.635
792.354
792.354
792.354
792.354
792.354
795.4
795.4
795.4
795.4
795.4
794.792
794.792
794.792
794.792
794.792
798.844
798.844
798.844
798.844
798.844
797.497
797.497
797.497
797.497
797.497
794.969
794.969
794.969
794.969
794.969
797.088
797.088
797.088
797.088
797.088
795.105
795.105
795.105
795.105
795.105
797.447
797.447
797.447
797.447
797.447
795.825
795.825
795.825
795.825
795.825
788.802
788.802
788.802
788.802
788.802
794.103
794.103
794.103
794.103
794.103
797.648
797.648
797.648
797.648
797.648
797.266
797.266
797.266
797.266
797.266
797.693
797.693
797.693
797.693
797.693
798.702
798.702
798.702
798.702
798.702
797.698
797.698
797.698
797.698
797.698
796.663
796.663
796.663
796.663
796.663
797.692
797.692
797.692
797.692
797.692
795.893
795.893
795.893
795.893
795.893
794.786
794.786
794.786
794.786
794.786
797.185
797.185
797.185
797.185
797.185
797.122
797.122
797.122
797.122
797.122
796.153
796.153
796.153
796.153
796.153
795.664
795.664
795.664
795.664
795.664
793.189
793.189
793.189
793.189
793.189
798.091
798.091
798.091
798.091
798.091
797.359
797.359
797.359
797.359
797.359
795.786
795.786
795.786
795.786
795.786
791.794
791.794
791.794
791.794
791.794
797.048
797.048
797.048
797.048
797.048
796.744
796.744
796.744
796.744
796.744
795.381
795.381
795.381
795.381
795.381
798.422
798.422
798.422
798.422
798.422
797.105
797.105
797.105
797.105
797.105
798.554
798.554
798.554
798.554
798.554
797.529
797.529
797.529
797.529
797.529
796.762
796.762
796.762
796.762
796.762
795.874
795.874
795.874
795.874
795.874
794.107
794.107
794.107
794.107
794.107
793.216
793.216
793.216
793.216
793.216
791.118
791.118
791.118
791.118
791.118
797.738
797.738
797.738
797.738
797.738
796.849
796.849
796.849
796.849
796.849
797.892
797.892
797.892
797.892
797.892
796.806
796.806
796.806
796.806
796.806
794.261
794.261
794.261
794.261
794.261
798.592
798.592
798.592
798.592
798.592
797.117
797.117
797.117
797.117
797.117
794.629
794.629
794.629
794.629
794.629
798.422
798.422
798.422
798.422
798.422
797.688
797.688
797.688
797.688
797.688
797.407
797.407
797.407
797.407
797.407
796.546
796.546
796.546
796.546
796.546
797.493
797.493
797.493
797.493
797.493
796.316
796.316
796.316
796.316
796.316
798.283
798.283
798.283
798.283
798.283
797.909
797.909
797.909
797.909
797.909
797.975
797.975
797.975
797.975
797.975
795.437
795.437
795.437
795.437
795.437
793.977
793.977
793.977
793.977
793.977
793.539
793.539
793.539
793.539
793.539
796.464
796.464
796.464
796.464
796.464
793.728
793.728
793.728
793.728
793.728
792.616
792.616
792.616
792.616
792.616
798.769
798.769
798.769
798.769
798.769
797.326
797.326
797.326
797.326
797.326
793.44
793.44
793.44
793.44
793.44
792.411
792.411
792.411
792.411
792.411
797.157
797.157
797.157
797.157
797.157
795.769
795.769
795.769
795.769
795.769
793.528
793.528
793.528
793.528
793.528
792.426
792.426
792.426
792.426
792.426
791.741
791.741
791.741
791.741
791.741
793.226
793.226
793.226
793.226
793.226
798.671
798.671
798.671
798.671
798.671
797.938
797.938
797.938
797.938
797.938
797.234
797.234
797.234
797.234
797.234
795.886
795.886
795.886
795.886
795.886
795.366
795.366
795.366
795.366
795.366
798.265
798.265
798.265
798.265
798.265
797.348
797.348
797.348
797.348
797.348
797.208
797.208
797.208
797.208
797.208
798.749
798.749
798.749
798.749
798.749
797.45
797.45
797.45
797.45
797.45
795.076
795.076
795.076
795.076
795.076
794.051
794.051
794.051
794.051
794.051
797.972
797.972
797.972
797.972
797.972
797.172
797.172
797.172
797.172
797.172
795.384
795.384
795.384
795.384
795.384
796.413
796.413
796.413
796.413
796.413
792.151
792.151
792.151
792.151
792.151
790.639
790.639
790.639
790.639
790.639
797.823
797.823
797.823
797.823
797.823
795.641
795.641
795.641
795.641
795.641
798.081
798.081
798.081
798.081
798.081
796.92
796.92
796.92
796.92
796.92
795.955
795.955
795.955
795.955
795.955
796.788
796.788
796.788
796.788
796.788
797.96
797.96
797.96
797.96
797.96
796.29
796.29
796.29
796.29
796.29
798.446
798.446
798.446
798.446
798.446
797.243
797.243
797.243
797.243
797.243
796.974
796.974
796.974
796.974
796.974
795.97
795.97
795.97
795.97
795.97
798.459
798.459
798.459
798.459
798.459
796.526
796.526
796.526
796.526
796.526
794.093
794.093
794.093
794.093
794.093
797.62
797.62
797.62
797.62
797.62
796.929
796.929
796.929
796.929
796.929
797.992
797.992
797.992
797.992
797.992
797.072
797.072
797.072
797.072
797.072
796.829
796.829
796.829
796.829
796.829
795.875
795.875
795.875
795.875
795.875
795.944
795.944
795.944
795.944
795.944
793.972
793.972
793.972
793.972
793.972
798.825
798.825
798.825
798.825
798.825
797.816
797.816
797.816
797.816
797.816
798.28
798.28
798.28
798.28
798.28
795.955
795.955
795.955
795.955
795.955
798.923
798.923
798.923
798.923
798.923
798.252
798.252
798.252
798.252
798.252
797.678
797.678
797.678
797.678
797.678
798.842
798.842
798.842
798.842
798.842
797.827
797.827
797.827
797.827
797.827
796.995
796.995
796.995
796.995
796.995
797.604
797.604
797.604
797.604
797.604
797.085
797.085
797.085
797.085
797.085
796.085
796.085
796.085
796.085
796.085
797.102
797.102
797.102
797.102
797.102
795.631
795.631
795.631
795.631
795.631
795.046
795.046
795.046
795.046
795.046
796.848
796.848
796.848
796.848
796.848
797.227
797.227
797.227
797.227
797.227
795.51
795.51
795.51
795.51
795.51
792.824
792.824
792.824
792.824
792.824
792.215
792.215
792.215
792.215
792.215
796.749
796.749
796.749
796.749
796.749
795.924
795.924
795.924
795.924
795.924
792.231
792.231
792.231
792.231
792.231
790.511
790.511
790.511
790.511
790.511
798.879
798.879
798.879
798.879
798.879
798.279
798.279
798.279
798.279
798.279
798.179
798.179
798.179
798.179
798.179
797.647
797.647
797.647
797.647
797.647
796.857
796.857
796.857
796.857
796.857
796.911
796.911
796.911
796.911
796.911
798.113
798.113
798.113
798.113
798.113
797.325
797.325
797.325
797.325
797.325
797.967
797.967
797.967
797.967
797.967
796.978
796.978
796.978
796.978
796.978
798.057
798.057
798.057
798.057
798.057
798.114
798.114
798.114
798.114
798.114
796.252
796.252
796.252
796.252
796.252
795.763
795.763
795.763
795.763
795.763
794.422
794.422
794.422
794.422
794.422
798.84
798.84
798.84
798.84
798.84
798.45
798.45
798.45
798.45
798.45
798.245
798.245
798.245
798.245
798.245
797.33
797.33
797.33
797.33
797.33
796.932
796.932
796.932
796.932
796.932
798.916
798.916
798.916
798.916
798.916
797.072
797.072
797.072
797.072
797.072
796.674
796.674
796.674
796.674
796.674
798.853
798.853
798.853
798.853
798.853
797.739
797.739
797.739
797.739
797.739
797.101
797.101
797.101
797.101
797.101
794.597
794.597
794.597
794.597
794.597
798.084
798.084
798.084
798.084
798.084
796.321
796.321
796.321
796.321
796.321
795.337
795.337
795.337
795.337
795.337
797.716
797.716
797.716
797.716
797.716
796.51
796.51
796.51
796.51
796.51
797.738
797.738
797.738
797.738
797.738
794.705
794.705
794.705
794.705
794.705
793.514
793.514
793.514
793.514
793.514
793.669
793.669
793.669
793.669
793.669
798.787
798.787
798.787
798.787
798.787
798.28
798.28
798.28
798.28
798.28
798.808
798.808
798.808
798.808
798.808
797.147
797.147
797.147
797.147
797.147
795.781
795.781
795.781
795.781
795.781
798.233
798.233
798.233
798.233
798.233
798.355
798.355
798.355
798.355
798.355
796.701
796.701
796.701
796.701
796.701
798.436
798.436
798.436
798.436
798.436
798.307
798.307
798.307
798.307
798.307
796.688
796.688
796.688
796.688
796.688
798.183
798.183
798.183
798.183
798.183
796.07
796.07
796.07
796.07
796.07
794.331
794.331
794.331
794.331
794.331
797.82
797.82
797.82
797.82
797.82
797.681
797.681
797.681
797.681
797.681
796.942
796.942
796.942
796.942
796.942
795.313
795.313
795.313
795.313
795.313
796.919
796.919
796.919
796.919
796.919
795.149
795.149
795.149
795.149
795.149
798.738
798.738
798.738
798.738
798.738
798.038
798.038
798.038
798.038
798.038
797.34
797.34
797.34
797.34
797.34
797.153
797.153
797.153
797.153
797.153
793.742
793.742
793.742
793.742
793.742
793.459
793.459
793.459
793.459
793.459
798.368
798.368
798.368
798.368
798.368
797.376
797.376
797.376
797.376
797.376
795.397
795.397
795.397
795.397
795.397
794.867
794.867
794.867
794.867
794.867
797.953
797.953
797.953
797.953
797.953
797.653
797.653
797.653
797.653
797.653
796.162
796.162
796.162
796.162
796.162
798.884
798.884
798.884
798.884
798.884
793.657
793.657
793.657
793.657
793.657
798.24
798.24
798.24
798.24
798.24
795.772
795.772
795.772
795.772
795.772
795.642
795.642
795.642
795.642
795.642
796.775
796.775
796.775
796.775
796.775
793.969
793.969
793.969
793.969
793.969
794.188
794.188
794.188
794.188
794.188
791.22
791.22
791.22
791.22
791.22
798.613
798.613
798.613
798.613
798.613
797.56
797.56
797.56
797.56
797.56
795.171
795.171
795.171
795.171
795.171
796.983
796.983
796.983
796.983
796.983
795.427
795.427
795.427
795.427
795.427
795.607
795.607
795.607
795.607
795.607
798.515
798.515
798.515
798.515
798.515
796.962
796.962
796.962
796.962
796.962
797.178
797.178
797.178
797.178
797.178
793.116
793.116
793.116
793.116
793.116
795.318
795.318
795.318
795.318
795.318
792.139
792.139
792.139
792.139
792.139
797.298
797.298
797.298
797.298
797.298
795.864
795.864
795.864
795.864
795.864
798.932
798.932
798.932
798.932
798.932
797.442
797.442
797.442
797.442
797.442
793.433
793.433
793.433
793.433
793.433
791.222
791.222
791.222
791.222
791.222
797.851
797.851
797.851
797.851
797.851
796.623
796.623
796.623
796.623
796.623
796.259
796.259
796.259
796.259
796.259
794.986
794.986
794.986
794.986
794.986
790.757
790.757
790.757
790.757
790.757
797.474
797.474
797.474
797.474
797.474
797.058
797.058
797.058
797.058
797.058
795.986
795.986
795.986
795.986
795.986
793.423
793.423
793.423
793.423
793.423
797.295
797.295
797.295
797.295
797.295
796.541
796.541
796.541
796.541
796.541
798.68
798.68
798.68
798.68
798.68
796.951
796.951
796.951
796.951
796.951
795.375
795.375
795.375
795.375
795.375
798.95
798.95
798.95
798.95
798.95
798.076
798.076
798.076
798.076
798.076
796.148
796.148
796.148
796.148
796.148
797.42
797.42
797.42
797.42
797.42
796.561
796.561
796.561
796.561
796.561
795.724
795.724
795.724
795.724
795.724
797.789
797.789
797.789
797.789
797.789
797.614
797.614
797.614
797.614
797.614
795.056
795.056
795.056
795.056
795.056
797.155
797.155
797.155
797.155
797.155
797.996
797.996
797.996
797.996
797.996
795.052
795.052
795.052
795.052
795.052
798.174
798.174
798.174
798.174
798.174
791.797
791.797
791.797
791.797
791.797
795.973
795.973
795.973
795.973
795.973
794.984
794.984
794.984
794.984
794.984
796.636
796.636
796.636
796.636
796.636
795.727
795.727
795.727
795.727
795.727
794.736
794.736
794.736
794.736
794.736
797.665
797.665
797.665
797.665
797.665
796.708
796.708
796.708
796.708
796.708
798.08
798.08
798.08
798.08
798.08
796.198
796.198
796.198
796.198
796.198
795.217
795.217
795.217
795.217
795.217
798.475
798.475
798.475
798.475
798.475
794.305
794.305
794.305
794.305
794.305
792.597
792.597
792.597
792.597
792.597
793.036
793.036
793.036
793.036
793.036
798.052
798.052
798.052
798.052
798.052
796.347
796.347
796.347
796.347
796.347
793.062
793.062
793.062
793.062
793.062
796.847
796.847
796.847
796.847
796.847
796.205
796.205
796.205
796.205
796.205
795.084
795.084
795.084
795.084
795.084
795.48
795.48
795.48
795.48
795.48
795.974
795.974
795.974
795.974
795.974
796.827
796.827
796.827
796.827
796.827
795.653
795.653
795.653
795.653
795.653
795.182
795.182
795.182
795.182
795.182
797.811
797.811
797.811
797.811
797.811
796.091
796.091
796.091
796.091
796.091
795.801
795.801
795.801
795.801
795.801
798.325
798.325
798.325
798.325
798.325
796.893
796.893
796.893
796.893
796.893
796.39
796.39
796.39
796.39
796.39
798.488
798.488
798.488
798.488
798.488
797.557
797.557
797.557
797.557
797.557
795.735
795.735
795.735
795.735
795.735
793.768
793.768
793.768
793.768
793.768
798.574
798.574
798.574
798.574
798.574
796.249
796.249
796.249
796.249
796.249
797.852
797.852
797.852
797.852
797.852
796.388
796.388
796.388
796.388
796.388
795.644
795.644
795.644
795.644
795.644
798.882
798.882
798.882
798.882
798.882
796.544
796.544
796.544
796.544
796.544
795.694
795.694
795.694
795.694
795.694
798.364
798.364
798.364
798.364
798.364
796.572
796.572
796.572
796.572
796.572
796.67
796.67
796.67
796.67
796.67
795.783
795.783
795.783
795.783
795.783
797.026
797.026
797.026
797.026
797.026
795.566
795.566
795.566
795.566
795.566
793.036
793.036
793.036
793.036
793.036
797.148
797.148
797.148
797.148
797.148
795.467
795.467
795.467
795.467
795.467
794.335
794.335
794.335
794.335
794.335
797.005
797.005
797.005
797.005
797.005
794.929
794.929
794.929
794.929
794.929
796.569
796.569
796.569
796.569
796.569
797.351
797.351
797.351
797.351
797.351
795.502
795.502
795.502
795.502
795.502
797.07
797.07
797.07
797.07
797.07
795.182
795.182
795.182
795.182
795.182
791.275
791.275
791.275
791.275
791.275
792.934
792.934
792.934
792.934
792.934
798.276
798.276
798.276
798.276
798.276
796.73
796.73
796.73
796.73
796.73
793.619
793.619
793.619
793.619
793.619
797.544
797.544
797.544
797.544
797.544
796.536
796.536
796.536
796.536
796.536
795.706
795.706
795.706
795.706
795.706
798.275
798.275
798.275
798.275
798.275
795.297
795.297
795.297
795.297
795.297
795.971
795.971
795.971
795.971
795.971
795.008
795.008
795.008
795.008
795.008
795.702
795.702
795.702
795.702
795.702
792.559
792.559
792.559
792.559
792.559
798.034
798.034
798.034
798.034
798.034
795.085
795.085
795.085
795.085
795.085
798.313
798.313
798.313
798.313
798.313
797.794
797.794
797.794
797.794
797.794
796.821
796.821
796.821
796.821
796.821
798.394
798.394
798.394
798.394
798.394
797.605
797.605
797.605
797.605
797.605
792.953
792.953
792.953
792.953
792.953
798.647
798.647
798.647
798.647
798.647
794.682
794.682
794.682
794.682
794.682
793.945
793.945
793.945
793.945
793.945
793.847
793.847
793.847
793.847
793.847
797.33
797.33
797.33
797.33
797.33
796.385
796.385
796.385
796.385
796.385
798.729
798.729
798.729
798.729
798.729
796.767
796.767
796.767
796.767
796.767
796.444
796.444
796.444
796.444
796.444
798.526
798.526
798.526
798.526
798.526
794.045
794.045
794.045
794.045
794.045
796.325
796.325
796.325
796.325
796.325
797.175
797.175
797.175
797.175
797.175
797.661
797.661
797.661
797.661
797.661
797.174
797.174
797.174
797.174
797.174
793.872
793.872
793.872
793.872
793.872
797.227
797.227
797.227
797.227
797.227
795.762
795.762
795.762
795.762
795.762
794.204
794.204
794.204
794.204
794.204
797.404
797.404
797.404
797.404
797.404
795.479
795.479
795.479
795.479
795.479
792.993
792.993
792.993
792.993
792.993
797.716
797.716
797.716
797.716
797.716
796.731
796.731
796.731
796.731
796.731
796.121
796.121
796.121
796.121
796.121
796.534
796.534
796.534
796.534
796.534
795.253
795.253
795.253
795.253
795.253
792.062
792.062
792.062
792.062
792.062
796.042
796.042
796.042
796.042
796.042
796.292
796.292
796.292
796.292
796.292
794.936
794.936
794.936
794.936
794.936
796.363
796.363
796.363
796.363
796.363
794.86
794.86
794.86
794.86
794.86
797.839
797.839
797.839
797.839
797.839
797.046
797.046
797.046
797.046
797.046
793.461
793.461
793.461
793.461
793.461
797.787
797.787
797.787
797.787
797.787
795.214
795.214
795.214
795.214
795.214
795.531
795.531
795.531
795.531
795.531
796.381
796.381
796.381
796.381
796.381
795.326
795.326
795.326
795.326
795.326
794.287
794.287
794.287
794.287
794.287
798.01
798.01
798.01
798.01
798.01
795.367
795.367
795.367
795.367
795.367
794.017
794.017
794.017
794.017
794.017
797.431
797.431
797.431
797.431
797.431
794.067
794.067
794.067
794.067
794.067
793.587
793.587
793.587
793.587
793.587
797.759
797.759
797.759
797.759
797.759
790.586
790.586
790.586
790.586
790.586
788.521
788.521
788.521
788.521
788.521
787.032
787.032
787.032
787.032
787.032
795.817
795.817
795.817
795.817
795.817
792.932
792.932
792.932
792.932
792.932
792.223
792.223
792.223
792.223
792.223
797.936
797.936
797.936
797.936
797.936
796.777
796.777
796.777
796.777
796.777
797.65
797.65
797.65
797.65
797.65
798.036
798.036
798.036
798.036
798.036
796.976
796.976
796.976
796.976
796.976
790.007
790.007
790.007
790.007
790.007
795.495
795.495
795.495
795.495
795.495
794.53
794.53
794.53
794.53
794.53
797.799
797.799
797.799
797.799
797.799
794.648
794.648
794.648
794.648
794.648
793.501
793.501
793.501
793.501
793.501
794.519
794.519
794.519
794.519
794.519
792.709
792.709
792.709
792.709
792.709
791.927
791.927
791.927
791.927
791.927
796.095
796.095
796.095
796.095
796.095
791.304
791.304
791.304
791.304
791.304
791.721
791.721
791.721
791.721
791.721
797.916
797.916
797.916
797.916
797.916
796.94
796.94
796.94
796.94
796.94
795.944
795.944
795.944
795.944
795.944
795.012
795.012
795.012
795.012
795.012
793.19
793.19
793.19
793.19
793.19
792.105
792.105
792.105
792.105
792.105
792.93
792.93
792.93
792.93
792.93
797.732
797.732
797.732
797.732
797.732
796.432
796.432
796.432
796.432
796.432
795.618
795.618
795.618
795.618
795.618
794.37
794.37
794.37
794.37
794.37
792.871
792.871
792.871
792.871
792.871
793.154
793.154
793.154
793.154
793.154
797.171
797.171
797.171
797.171
797.171
794.785
794.785
794.785
794.785
794.785
793.308
793.308
793.308
793.308
793.308
798.593
798.593
798.593
798.593
798.593
794.538
794.538
794.538
794.538
794.538
795.359
795.359
795.359
795.359
795.359
798.061
798.061
798.061
798.061
798.061
796.912
796.912
796.912
796.912
796.912
798.283
798.283
798.283
798.283
798.283
795.862
795.862
795.862
795.862
795.862
793.829
793.829
793.829
793.829
793.829
793.127
793.127
793.127
793.127
793.127
796.279
796.279
796.279
796.279
796.279
792.894
792.894
792.894
792.894
792.894
795.764
795.764
795.764
795.764
795.764
797.846
797.846
797.846
797.846
797.846
795.176
795.176
795.176
795.176
795.176
784.066
784.066
784.066
784.066
784.066
797.41
797.41
797.41
797.41
797.41
795.854
795.854
795.854
795.854
795.854
792.02
792.02
792.02
792.02
792.02
796.835
796.835
796.835
796.835
796.835
793.46
793.46
793.46
793.46
793.46
792.071
792.071
792.071
792.071
792.071
796.536
796.536
796.536
796.536
796.536
794.524
794.524
794.524
794.524
794.524
791.627
791.627
791.627
791.627
791.627
798.565
798.565
798.565
798.565
798.565
795.453
795.453
795.453
795.453
795.453
796.768
796.768
796.768
796.768
796.768
792.021
792.021
792.021
792.021
792.021
792.211
792.211
792.211
792.211
792.211
790.261
790.261
790.261
790.261
790.261
798.643
798.643
798.643
798.643
798.643
795.844
795.844
795.844
795.844
795.844
795.967
795.967
795.967
795.967
795.967
789.565
789.565
789.565
789.565
789.565
785.663
785.663
785.663
785.663
785.663
798.079
798.079
798.079
798.079
798.079
794.476
794.476
794.476
794.476
794.476
794.076
794.076
794.076
794.076
794.076
789.912
789.912
789.912
789.912
789.912
797.521
797.521
797.521
797.521
797.521
796.73
796.73
796.73
796.73
796.73
795.052
795.052
795.052
795.052
795.052
798.468
798.468
798.468
798.468
798.468
796.05
796.05
796.05
796.05
796.05
796.159
796.159
796.159
796.159
796.159
788.2
788.2
788.2
788.2
788.2
782.32
782.32
782.32
782.32
782.32
797.321
797.321
797.321
797.321
797.321
795.924
795.924
795.924
795.924
795.924
795.285
795.285
795.285
795.285
795.285
790.904
790.904
790.904
790.904
790.904
795.751
795.751
795.751
795.751
795.751
793.621
793.621
793.621
793.621
793.621
794.37
794.37
794.37
794.37
794.37
797.698
797.698
797.698
797.698
797.698
796.322
796.322
796.322
796.322
796.322
796.014
796.014
796.014
796.014
796.014
790.205
790.205
790.205
790.205
790.205
786.668
786.668
786.668
786.668
786.668
797.618
797.618
797.618
797.618
797.618
794.219
794.219
794.219
794.219
794.219
793.855
793.855
793.855
793.855
793.855
795.145
795.145
795.145
795.145
795.145
796.645
796.645
796.645
796.645
796.645
796.242
796.242
796.242
796.242
796.242
796.246
796.246
796.246
796.246
796.246
794.96
794.96
794.96
794.96
794.96
795.013
795.013
795.013
795.013
795.013
797.719
797.719
797.719
797.719
797.719
795.386
795.386
795.386
795.386
795.386
791.824
791.824
791.824
791.824
791.824
789.235
789.235
789.235
789.235
789.235
796.914
796.914
796.914
796.914
796.914
795.8
795.8
795.8
795.8
795.8
798.327
798.327
798.327
798.327
798.327
797.197
797.197
797.197
797.197
797.197
796.389
796.389
796.389
796.389
796.389
794.26
794.26
794.26
794.26
794.26
798.107
798.107
798.107
798.107
798.107
796.6
796.6
796.6
796.6
796.6
796.982
796.982
796.982
796.982
796.982
795.003
795.003
795.003
795.003
795.003
794.818
794.818
794.818
794.818
794.818
797.016
797.016
797.016
797.016
797.016
796.565
796.565
796.565
796.565
796.565
794.098
794.098
794.098
794.098
794.098
796.697
796.697
796.697
796.697
796.697
795.055
795.055
795.055
795.055
795.055
792.013
792.013
792.013
792.013
792.013
798.87
798.87
798.87
798.87
798.87
797.666
797.666
797.666
797.666
797.666
795.941
795.941
795.941
795.941
795.941
795.648
795.648
795.648
795.648
795.648
798.398
798.398
798.398
798.398
798.398
794.162
794.162
794.162
794.162
794.162
798.371
798.371
798.371
798.371
798.371
795.224
795.224
795.224
795.224
795.224
795.741
795.741
795.741
795.741
795.741
794.806
794.806
794.806
794.806
794.806
797.57
797.57
797.57
797.57
797.57
797.405
797.405
797.405
797.405
797.405
796.199
796.199
796.199
796.199
796.199
796.863
796.863
796.863
796.863
796.863
794.257
794.257
794.257
794.257
794.257
797.041
797.041
797.041
797.041
797.041
794.706
794.706
794.706
794.706
794.706
795.043
795.043
795.043
795.043
795.043
793.374
793.374
793.374
793.374
793.374
798.452
798.452
798.452
798.452
798.452
797.554
797.554
797.554
797.554
797.554
793.632
793.632
793.632
793.632
793.632
798.384
798.384
798.384
798.384
798.384
797.22
797.22
797.22
797.22
797.22
0
