0
0
0
0
543.792
543.792
543.792
543.792
543.792
521.752
521.752
521.752
521.752
521.752
759.658
759.658
759.658
759.658
759.658
695.835
695.835
695.835
695.835
695.835
750.584
750.584
750.584
750.584
750.584
650.209
650.209
650.184
650.184
650.184
447.795
447.795
447.795
447.795
447.795
433.846
433.846
433.846
433.846
433.846
342.171
342.182
342.182
342.182
342.182
753.953
753.953
753.953
753.953
753.953
782.268
782.268
782.268
782.268
782.268
711.82
711.82
711.82
711.82
711.82
729.805
729.805
729.805
729.805
729.805
746.209
746.209
746.209
746.209
746.209
726.418
726.418
726.418
726.418
726.418
753.577
753.577
753.577
753.577
753.577
657.72
657.72
657.72
657.72
657.72
757.127
757.127
757.127
757.127
757.127
778.999
778.999
778.999
778.999
778.999
780.46
780.46
780.46
780.46
780.46
656.014
656.014
656.014
656.014
656.014
727.009
727.009
727.009
727.009
727.009
782.073
782.073
782.073
782.073
782.073
779.93
779.93
779.93
779.93
779.93
740.343
740.343
740.343
740.343
740.343
590.126
590.126
590.126
590.126
590.126
731.953
731.953
731.953
731.953
731.953
459.514
459.514
459.514
459.514
459.514
617.288
617.288
617.288
617.288
617.288
792.425
792.425
792.425
792.425
792.425
693.106
693.106
693.106
693.106
693.106
702.003
702.003
702.003
702.003
702.003
470.726
470.726
470.726
470.726
470.726
772.074
772.074
772.074
772.074
772.074
756.645
756.645
756.645
756.645
756.645
772.93
772.93
772.93
772.93
772.93
694.529
694.529
694.529
694.529
694.529
782.193
782.193
782.193
782.193
782.193
757.415
757.415
757.415
757.415
757.415
774.129
774.129
774.129
774.129
774.129
767.685
767.685
767.685
767.685
767.685
796.324
796.324
796.324
796.324
796.324
785.612
785.612
785.612
785.612
785.612
770.202
770.202
770.202
770.202
770.202
747.703
747.703
747.703
747.703
747.703
780.747
780.747
780.747
780.747
780.747
762.518
762.519
762.519
762.519
762.519
778.558
778.558
778.558
778.558
778.558
736.005
736.005
736.005
736.005
736.005
734.435
734.435
734.435
734.435
734.435
730.722
730.722
730.722
730.722
730.722
761.31
761.31
761.31
761.31
761.31
748.556
748.556
748.556
748.556
748.556
653.402
653.402
653.402
653.402
653.402
787.373
787.373
787.373
787.373
787.373
770.182
770.182
770.182
770.182
770.182
739.36
739.36
739.36
739.36
739.36
791.992
791.992
791.992
791.992
791.992
738.144
738.144
738.144
738.144
738.144
721.086
721.086
721.086
721.086
721.086
572.265
572.265
572.265
572.265
572.265
516.688
516.688
516.688
516.688
516.688
382.017
382.017
382.017
382.017
382.017
685.336
685.336
685.336
685.336
685.336
765.96
765.96
765.96
765.96
765.96
746.504
746.504
746.504
746.504
746.504
778.776
778.776
778.776
778.776
778.776
770.94
770.94
770.94
770.94
770.94
759.517
759.517
759.517
759.517
759.517
774.646
774.646
774.646
774.646
774.646
707.787
707.787
707.787
707.787
707.787
728.284
728.284
728.284
728.284
728.284
730.65
730.65
730.65
730.65
730.65
279.418
279.418
279.418
279.418
279.418
787.755
787.755
787.755
787.755
787.755
765.827
765.827
765.827
765.827
765.827
764.901
764.901
764.901
764.901
764.901
773.888
773.888
773.888
773.888
773.888
787.908
787.908
787.908
787.908
787.908
773.837
773.837
773.837
773.837
773.837
745.823
745.823
745.823
745.823
745.823
744.329
744.329
744.329
744.329
744.329
770.342
770.342
770.342
770.342
770.342
790.356
790.356
790.356
790.356
790.356
790.133
790.133
790.133
790.133
790.133
783.901
783.901
783.901
783.901
783.901
787.606
787.606
787.606
787.606
787.606
787.902
787.902
787.902
787.902
787.902
779.132
779.132
779.132
779.132
779.132
791.748
791.748
791.748
791.748
791.748
783.486
783.486
783.486
783.486
783.486
782.199
782.199
782.199
782.199
782.199
787.915
787.915
787.915
787.915
787.915
777.32
777.32
777.32
777.32
777.32
761.138
761.138
761.138
761.138
761.138
788.745
788.745
788.745
788.745
788.745
789.7
789.7
789.7
789.7
789.7
776.128
776.128
776.128
776.128
776.128
775.936
775.936
775.936
775.936
775.936
715.275
715.275
715.275
715.275
715.275
783.61
783.61
783.61
783.61
783.61
781.572
781.572
781.572
781.572
781.572
769.936
769.936
769.936
769.936
769.936
773.556
773.556
773.556
773.556
773.556
748.991
749.356
749.356
749.356
749.356
782.272
782.272
782.272
782.272
782.272
761.6
761.6
761.6
761.6
761.6
767.473
767.473
767.473
767.473
767.473
738.522
738.522
738.522
738.522
738.522
546.614
546.614
546.614
546.614
546.614
452.696
452.696
452.696
452.696
452.696
530.421
530.421
530.421
530.421
530.421
773.459
773.459
773.459
773.459
773.459
762.358
762.358
762.358
762.358
762.358
689.774
689.774
689.774
689.774
689.774
771.768
771.768
771.768
771.768
771.768
770.177
770.177
770.177
770.177
770.177
774.22
774.22
774.22
774.22
774.22
663.228
663.228
663.228
663.228
663.228
737.953
737.953
737.953
737.953
737.953
642.674
642.674
642.674
642.674
642.674
595.938
595.938
595.938
595.938
595.938
652.938
652.938
652.938
652.938
652.938
786.331
786.331
786.331
786.331
786.331
519.542
519.542
519.542
519.542
519.542
695.386
695.386
695.386
695.386
695.386
754.593
754.593
754.593
754.593
754.593
680.662
680.662
680.662
680.662
680.662
615.112
615.112
615.112
615.112
615.112
762.391
762.391
762.391
762.391
762.391
788.891
788.891
788.891
788.891
788.891
784.308
784.308
784.308
784.308
784.308
755.41
755.41
755.41
755.41
755.41
750.411
750.411
750.411
750.411
750.411
776.122
776.122
776.122
776.122
776.122
794.124
794.124
794.124
794.124
794.124
782.775
782.775
782.775
782.775
782.775
785.562
785.562
785.562
785.562
785.562
779.067
779.067
779.067
779.067
779.067
767.213
767.213
767.213
767.213
767.213
756.274
756.274
756.274
756.274
756.274
782.91
782.91
782.91
782.91
782.91
774.534
774.534
774.534
774.534
774.534
775.413
775.413
775.413
775.413
775.413
747.968
747.968
747.968
747.968
747.968
713.19
713.19
713.19
713.19
713.19
790.536
790.536
790.536
790.536
790.536
741.517
741.517
741.517
741.517
741.517
713.391
713.391
713.391
713.391
713.391
780.541
780.566
780.566
780.566
780.566
743.675
743.675
743.675
743.675
743.675
763.269
763.269
763.269
763.269
763.269
778.07
778.07
778.07
778.07
778.07
781.548
781.548
781.548
781.548
781.548
779.237
779.237
779.237
779.237
779.237
750.506
750.506
750.506
750.506
750.506
756.685
756.685
756.685
756.685
756.685
696.329
696.329
696.329
696.329
696.329
793.011
793.011
793.011
793.011
793.011
750.883
750.883
750.883
750.883
750.883
763.12
763.12
763.12
763.12
763.12
748.985
748.985
748.985
748.985
748.985
748.676
748.676
748.676
748.676
748.676
187.649
187.649
187.649
187.649
187.649
314.251
314.251
314.251
314.251
314.251
535.427
535.427
535.427
535.427
535.427
314.759
314.759
314.759
314.759
314.759
762.461
762.461
762.461
762.461
762.461
600.224
600.224
600.224
600.224
600.224
717.66
717.66
717.66
717.66
717.66
391.986
391.986
391.986
391.986
391.986
594.282
594.282
594.282
594.282
594.282
404.63
404.63
404.63
404.63
404.63
508.489
508.489
508.489
508.489
508.489
739.163
739.163
739.163
739.163
739.163
775.264
775.264
775.264
775.264
775.264
768.022
768.022
768.022
768.022
768.022
757.927
757.927
757.927
757.927
757.927
745.347
745.347
745.347
745.347
745.347
731.372
731.372
731.372
731.372
731.372
761.046
761.046
761.046
761.046
761.046
745.029
745.029
745.029
745.029
745.029
769.452
769.452
769.452
769.452
769.452
754.433
754.433
754.433
754.433
754.433
786.002
786.002
786.002
786.002
786.002
783.502
783.502
783.502
783.502
783.502
782.911
782.911
782.911
782.911
782.911
777.419
777.419
777.419
777.419
777.419
770.662
770.662
770.662
770.662
770.662
794.671
794.671
794.671
794.671
794.671
780.107
780.107
780.107
780.107
780.107
778.59
778.59
778.59
778.59
778.59
790.199
790.199
790.199
790.199
790.199
784.627
784.627
784.627
784.627
784.627
792.419
792.419
792.419
792.419
792.419
787.623
787.623
787.623
787.623
787.623
786.488
786.488
786.488
786.488
786.488
781.368
781.368
781.368
781.368
781.368
789.32
789.32
789.32
789.32
789.32
779.648
779.648
779.648
779.648
779.648
779.657
779.657
779.657
779.657
779.657
781.119
781.119
781.119
781.119
781.119
749.103
749.103
749.103
749.103
749.103
775.417
775.417
775.417
775.417
775.417
771.64
771.64
771.64
771.64
771.64
738.871
738.871
738.871
738.871
738.871
777.813
777.813
777.813
777.813
777.813
786.104
786.104
786.104
786.104
786.104
772.578
772.578
772.578
772.578
772.578
731.194
731.194
731.194
731.194
731.194
762.304
762.304
762.304
762.304
762.304
729.953
729.953
729.953
729.953
729.953
627.899
627.899
627.899
627.899
627.899
500.087
500.087
500.085
500.085
500.085
657.883
657.883
657.883
657.883
657.883
753.615
753.615
753.615
753.615
753.615
741.411
741.411
741.411
741.411
741.411
745.318
745.318
745.318
745.318
745.318
662.765
662.765
662.765
662.765
662.765
396.276
396.276
396.276
396.276
396.276
537.652
537.652
537.652
537.652
537.652
403.825
403.825
403.825
403.825
403.825
608.741
608.741
608.741
608.741
608.741
569.783
569.783
569.783
569.783
569.783
733.234
733.234
733.234
733.234
733.234
745.221
745.221
745.221
745.221
745.221
737.22
737.22
737.22
737.22
737.22
730.663
730.663
730.663
730.663
730.663
771.294
771.294
771.294
771.294
771.294
727.933
727.933
727.933
727.933
727.933
758.077
759.029
759.029
759.029
759.029
704.454
704.454
704.454
704.454
704.454
762.575
762.575
762.575
762.575
762.575
754.572
754.572
754.572
754.572
754.572
765.076
765.076
765.076
765.076
765.076
748.133
748.133
748.133
748.133
748.133
747.04
747.04
747.04
747.04
747.04
741.178
741.178
741.178
741.178
741.178
750.141
750.141
750.141
750.141
750.141
698.764
698.764
698.764
698.764
698.764
379.789
379.789
379.789
379.789
379.789
601.398
601.398
601.398
601.398
601.398
644.031
644.031
644.031
644.031
644.031
701.234
701.234
701.234
701.234
701.234
585.394
585.394
585.394
585.394
585.394
488.891
488.891
488.891
488.891
488.891
437.355
437.355
437.355
437.355
437.355
654.185
654.185
654.185
654.185
654.185
525.501
525.501
525.501
525.501
525.501
690.387
690.387
690.387
690.387
690.387
785.508
785.508
785.508
785.508
785.508
702.061
702.061
702.061
702.061
702.061
725.078
725.078
725.078
725.078
725.078
699.079
699.079
699.079
699.079
699.079
597.63
597.63
597.63
597.63
597.63
780.789
780.789
780.789
780.789
780.789
714.348
714.348
714.348
714.348
714.348
736.387
736.387
736.387
736.387
736.387
317.994
317.994
317.994
317.994
317.994
483.33
483.33
483.33
483.33
483.33
692.166
692.166
692.166
692.166
692.166
520.612
520.612
520.612
520.612
520.612
522.205
522.205
522.205
522.205
522.205
124.514
124.514
124.514
124.514
124.514
459.371
459.371
459.371
459.371
459.371
643.891
643.891
643.891
643.891
643.891
248.804
248.804
248.804
248.804
248.804
688.489
688.489
688.489
688.489
688.489
697.017
697.017
697.017
697.017
697.017
405.918
405.918
405.918
405.918
405.918
370.758
370.758
370.758
370.758
370.758
588.967
588.967
588.967
588.967
588.967
421.725
421.725
421.725
421.725
421.725
646.541
646.541
646.541
646.541
646.541
585.446
585.446
585.446
585.446
585.446
431.914
431.914
431.914
431.914
431.914
544.852
544.852
544.852
544.852
544.852
532.419
532.419
532.419
532.419
532.419
758.619
758.619
758.619
758.619
758.619
685.652
685.652
685.652
685.652
685.652
772.164
772.164
772.164
772.164
772.164
769.98
769.98
769.98
769.98
769.98
757.901
757.901
757.901
757.901
757.901
698.737
698.737
698.737
698.737
698.737
749.147
749.147
749.147
749.147
749.147
793.027
793.027
793.027
793.027
793.027
767.587
767.587
767.587
767.587
767.587
750.465
750.465
750.465
750.465
750.465
669.696
669.696
669.696
669.696
669.696
694.615
694.615
694.615
694.615
694.615
761.505
761.505
761.505
761.505
761.505
753.724
753.724
753.724
753.724
753.724
765.681
765.681
765.681
765.681
765.681
741.349
741.349
741.349
741.349
741.349
723.752
723.752
723.752
723.752
723.752
678.325
678.325
678.325
678.325
678.325
766.732
766.732
766.732
766.732
766.732
649.172
649.172
649.172
649.172
649.172
549.891
549.891
549.891
549.891
549.891
754.288
754.288
754.288
754.288
754.288
769.497
769.497
769.497
769.497
769.497
658.98
658.98
658.98
658.98
658.98
710.695
710.695
710.695
710.695
710.695
577.359
577.359
577.359
577.359
577.359
520.89
520.89
520.89
520.89
520.89
780.767
780.767
780.767
780.767
780.767
704.267
704.267
704.267
704.267
704.267
746.082
746.082
746.082
746.082
746.082
484.64
484.64
484.64
484.64
484.64
734.249
734.249
734.249
734.249
734.249
695.47
695.47
695.47
695.47
695.47
700.298
700.298
700.298
700.298
700.298
753.446
753.446
753.446
753.446
753.446
699.339
699.339
699.339
699.339
699.339
720.054
720.054
720.054
720.054
720.054
784.716
784.716
784.716
784.716
784.716
727.353
727.353
727.353
727.353
727.353
774.54
774.54
774.54
774.54
774.54
794.299
794.299
794.299
794.299
794.299
789.627
789.627
789.627
789.627
789.627
758.402
758.402
758.402
758.402
758.402
790.16
790.16
790.16
790.16
790.16
784.876
784.876
784.876
784.876
784.876
781.505
781.505
781.505
781.505
781.505
795.03
795.03
795.03
795.03
795.03
791.524
791.524
791.524
791.524
791.524
791.235
791.235
791.235
791.235
791.235
788.209
788.209
788.209
788.209
788.209
782.472
782.472
782.472
782.472
782.472
796.405
796.405
796.405
796.405
796.405
792.455
792.455
792.455
792.455
792.455
790.718
790.718
790.718
790.718
790.718
797.308
797.308
797.308
797.308
797.308
790.261
790.261
790.261
790.261
790.261
792.027
792.027
792.027
792.027
792.027
781.982
781.982
781.982
781.982
781.982
798.38
798.38
798.38
798.38
798.38
793.725
793.725
793.725
793.725
793.725
793.547
793.547
793.547
793.547
793.547
790.837
790.837
790.837
790.837
790.837
785.847
785.847
785.847
785.847
785.847
786.597
786.597
786.597
786.597
786.597
795.814
795.814
795.814
795.814
795.814
791.856
791.856
791.856
791.856
791.856
784.696
784.696
784.696
784.696
784.696
796.791
796.791
796.791
796.791
796.791
793.828
793.828
793.828
793.828
793.828
792.341
792.341
792.341
792.341
792.341
794.529
794.529
794.529
794.529
794.529
791.856
791.856
791.856
791.856
791.856
793.631
793.631
793.631
793.631
793.631
795.101
795.101
795.101
795.101
795.101
793.24
793.24
793.24
793.24
793.24
788.135
788.135
788.135
788.135
788.135
797.697
797.697
797.697
797.697
797.697
795.882
795.882
795.882
795.882
795.882
791.9
791.9
791.9
791.9
791.9
795.844
795.844
795.844
795.844
795.844
786.158
786.158
786.158
786.158
786.158
793.058
793.058
793.058
793.058
793.058
788.369
788.369
788.369
788.369
788.369
788.677
788.677
788.677
788.677
788.677
793.704
793.704
793.704
793.704
793.704
780.732
780.732
780.732
780.732
780.732
790.033
790.033
790.033
790.033
790.033
786.124
786.124
786.124
786.124
786.124
797.906
797.906
797.906
797.906
797.906
792.463
792.463
792.463
792.463
792.463
783.678
783.678
783.678
783.678
783.678
790.478
790.478
790.478
790.478
790.478
784.516
784.516
784.516
784.516
784.516
778.182
778.182
778.182
778.182
778.182
794.05
794.05
794.05
794.05
794.05
787.321
787.321
787.321
787.321
787.321
793.963
793.963
793.963
793.963
793.963
786.31
786.31
786.31
786.31
786.31
785.346
785.346
785.346
785.346
785.346
788.919
788.919
788.919
788.919
788.919
795.448
795.448
795.448
795.448
795.448
792.218
792.218
792.218
792.218
792.218
784.07
784.07
784.07
784.07
784.07
790.971
790.971
790.971
790.971
790.971
786.145
786.145
786.145
786.145
786.145
796.463
796.463
796.463
796.463
796.463
794.856
794.856
794.856
794.856
794.856
788.313
788.313
788.313
788.313
788.313
793.178
793.178
793.178
793.178
793.178
789.845
789.845
789.845
789.845
789.845
791.126
791.126
791.126
791.126
791.126
797.061
797.061
797.061
797.061
797.061
792.345
792.345
792.345
792.345
792.345
792.557
792.557
792.557
792.557
792.557
796.154
796.154
796.154
796.154
796.154
793.824
793.824
793.824
793.824
793.824
792.654
792.654
792.654
792.654
792.654
789.454
789.454
789.454
789.454
789.454
796.82
796.82
796.82
796.82
796.82
791.903
791.903
791.903
791.903
791.903
792.767
792.767
792.767
792.767
792.767
792.326
792.326
792.326
792.326
792.326
790.172
790.172
790.172
790.172
790.172
787.846
787.846
787.846
787.846
787.846
796.345
796.345
796.345
796.345
796.345
795.632
795.632
795.632
795.632
795.632
792.257
792.257
792.257
792.257
792.257
797.222
797.222
797.222
797.222
797.222
790.74
790.74
790.74
790.74
790.74
795.573
795.573
795.573
795.573
795.573
786.925
786.925
786.925
786.925
786.925
779.526
779.526
779.526
779.526
779.526
777.788
777.788
777.788
777.788
777.788
795.467
795.467
795.467
795.467
795.467
790.015
790.015
790.015
790.015
790.015
797.569
797.569
797.569
797.569
797.569
795.267
795.267
795.267
795.267
795.267
785.311
785.311
785.311
785.311
785.311
796.438
796.438
796.438
796.438
796.438
791.797
791.797
791.797
791.797
791.797
785.745
785.745
785.745
785.745
785.745
783.027
783.027
783.027
783.027
783.027
797.168
797.168
797.168
797.168
797.168
793.457
793.457
793.457
793.457
793.457
785.968
785.968
785.968
785.968
785.968
778.784
778.784
778.784
778.784
778.784
785.686
785.686
785.686
785.686
785.686
780.139
780.139
780.139
780.139
780.139
789.587
789.587
789.587
789.587
789.587
774.826
774.826
774.826
774.826
774.826
770.779
770.779
770.779
770.779
770.779
791.015
791.015
791.015
791.015
791.015
786.982
786.982
786.982
786.982
786.982
796.185
796.185
796.185
796.185
796.185
788.072
788.072
788.072
788.072
788.072
773.344
773.344
773.344
773.344
773.344
779.429
779.429
779.429
779.429
779.429
776.992
776.992
776.992
776.992
776.992
777.809
777.809
777.809
777.809
777.809
794.145
794.145
794.145
794.145
794.145
789.653
789.653
789.653
789.653
789.653
786.384
786.384
786.384
786.384
786.384
792.467
792.467
792.467
792.467
792.467
785.831
785.831
785.831
785.831
785.831
784.864
784.864
784.864
784.864
784.864
792.886
792.886
792.886
792.886
792.886
793.244
793.244
793.244
793.244
793.244
776.519
776.519
776.519
776.519
776.519
769.101
769.101
769.101
769.101
769.101
791.146
791.146
791.146
791.146
791.146
777.094
777.094
777.094
777.094
777.094
777.916
777.916
777.916
777.916
777.916
793.398
793.398
793.398
793.398
793.398
787.064
787.064
787.064
787.064
787.064
788.077
788.077
788.077
788.077
788.077
780.9
780.9
780.9
780.9
780.9
772.032
772.032
772.032
772.032
772.032
792.291
792.291
792.291
792.291
792.291
794.062
794.062
794.062
794.062
794.062
786.521
786.521
786.521
786.521
786.521
797.035
797.035
797.035
797.035
797.035
787.713
787.713
787.713
787.713
787.713
787.511
787.511
787.511
787.511
787.511
788.48
788.48
788.48
788.48
788.48
785.38
785.38
785.38
785.38
785.38
778.536
778.536
778.536
778.536
778.536
796.017
796.017
796.017
796.017
796.017
796.175
796.175
796.175
796.175
796.175
783.636
783.636
783.636
783.636
783.636
790.375
790.375
790.375
790.375
790.375
792.961
792.961
792.961
792.961
792.961
785.935
785.935
785.935
785.935
785.935
781.538
781.538
781.538
781.538
781.538
789.835
789.835
789.835
789.835
789.835
791.948
791.948
791.948
791.948
791.948
792.996
792.996
792.996
792.996
792.996
797.812
797.812
797.812
797.812
797.812
787.298
787.298
787.298
787.298
787.298
797.924
797.924
797.924
797.924
797.924
791.553
791.553
791.553
791.553
791.553
786.756
786.756
786.756
786.756
786.756
788.609
788.609
788.609
788.609
788.609
787.198
787.198
787.198
787.198
787.198
784.079
784.079
784.079
784.079
784.079
796.424
796.424
796.424
796.424
796.424
791.74
791.74
791.74
791.74
791.74
787.311
787.311
787.311
787.311
787.311
796.248
796.248
796.248
796.248
796.248
793.01
793.01
793.01
793.01
793.01
786.503
786.503
786.503
786.503
786.503
788.758
788.758
788.758
788.758
788.758
789.911
789.911
789.911
789.911
789.911
781.001
781.001
781.001
781.001
781.001
797.001
797.001
797.001
797.001
797.001
787.242
787.242
787.242
787.242
787.242
784.587
784.587
784.587
784.587
784.587
794.631
794.631
794.631
794.631
794.631
785.644
785.644
785.644
785.644
785.644
770.185
770.185
770.185
770.185
770.185
780.889
780.889
780.889
780.889
780.889
782.564
782.564
782.564
782.564
782.564
782.443
782.443
782.443
782.443
782.443
795.472
795.472
795.472
795.472
795.472
780.924
780.924
780.924
780.924
780.924
771.166
771.166
771.166
771.166
771.166
769.876
769.876
769.876
769.876
769.876
779.735
779.735
779.735
779.735
779.735
773.676
773.676
773.676
773.676
773.676
789.612
789.612
789.612
789.612
789.612
770.446
770.446
770.446
770.446
770.446
778.03
778.03
778.03
778.03
778.03
790.648
790.648
790.648
790.648
790.648
794.229
794.229
794.229
794.229
794.229
781.306
781.306
781.306
781.306
781.306
773.481
773.481
773.481
773.481
773.481
741.689
741.689
741.689
741.689
741.689
764.482
764.482
764.482
764.482
764.482
780.553
780.553
780.553
780.553
780.553
774.718
774.718
774.718
774.718
774.718
740.555
740.555
740.555
740.555
740.555
738.111
738.111
738.111
738.111
738.111
752
752
752
752
752
691.85
691.85
691.85
691.85
691.85
702.67
702.67
702.67
702.67
702.67
582.816
582.816
582.816
582.816
582.816
465.372
465.372
465.372
465.372
465.372
283.339
283.339
283.339
283.339
283.339
441.363
441.363
441.363
441.363
441.363
594.277
594.277
594.277
594.277
594.277
743.012
743.012
743.012
743.012
743.012
745.751
745.751
745.751
745.751
745.751
694.925
694.925
694.925
694.925
694.925
723.777
723.777
723.777
723.777
723.777
740.169
740.169
740.169
740.169
740.169
765.399
765.399
765.399
765.399
765.399
781.101
781.101
781.101
781.101
781.101
784.545
784.545
784.545
784.545
784.545
760.984
760.984
760.984
760.984
760.984
743.729
743.729
743.729
743.729
743.729
773.4
773.4
773.4
773.4
773.4
638.138
638.138
638.138
638.138
638.138
777.017
777.017
777.017
777.017
777.017
775.59
775.59
775.59
775.59
775.59
774.623
774.623
774.623
774.623
774.623
785.888
785.888
785.888
785.888
785.888
792.691
792.691
792.691
792.691
792.691
764.429
764.429
764.429
764.429
764.429
770.178
770.178
770.178
770.178
770.178
791.848
791.848
791.848
791.848
791.848
785.791
785.791
785.791
785.791
785.791
780.495
780.495
780.495
780.495
780.495
763.901
763.901
763.901
763.901
763.901
749.264
749.264
749.264
749.264
749.264
760.975
760.975
760.975
760.975
760.975
777.708
777.708
777.708
777.708
777.708
769.891
769.891
769.891
769.891
769.891
772.949
772.949
772.949
772.949
772.949
636.782
636.782
636.782
636.782
636.782
346.137
346.137
346.137
346.137
346.137
346.091
346.091
346.091
346.091
346.091
584.743
584.743
584.743
584.743
584.743
761.949
761.949
761.949
761.949
761.949
590.923
590.923
590.923
590.923
590.923
679.139
679.139
679.139
679.139
679.139
719.915
719.915
719.915
719.915
719.915
778.44
778.44
778.44
778.44
778.44
744.684
744.684
744.684
744.684
744.684
749.873
749.873
749.873
749.873
749.873
741.289
741.289
741.289
741.289
741.289
771.054
771.054
771.054
771.054
771.054
782.713
782.713
782.713
782.713
782.713
660.161
660.161
660.161
660.161
660.161
784.346
784.346
784.346
784.346
784.346
772.055
772.055
772.055
772.055
772.055
772.866
772.866
772.866
772.866
772.866
745.805
745.805
745.805
745.805
745.805
740.246
740.246
740.246
740.246
740.246
780.292
780.292
780.292
780.292
780.292
736.045
736.045
736.045
736.045
736.045
659.375
659.375
659.375
659.375
659.375
747.326
747.326
747.326
747.326
747.326
774.53
774.53
774.53
774.53
774.53
790.209
790.209
790.209
790.209
790.209
758.383
758.383
758.383
758.383
758.383
773.035
773.035
773.035
773.035
773.035
775.285
775.285
775.285
775.285
775.285
786.629
786.629
786.629
786.629
786.629
757.509
757.509
757.509
757.509
757.509
754.406
754.406
754.406
754.406
754.406
792.487
792.487
792.487
792.487
792.487
786.36
786.36
786.36
786.36
786.36
790.971
790.971
790.971
790.971
790.971
784.041
784.041
784.041
784.041
784.041
793.258
793.258
793.258
793.258
793.258
779.502
779.502
779.502
779.502
779.502
770.745
770.745
770.745
770.745
770.745
791.317
791.317
791.317
791.317
791.317
781.49
781.49
781.49
781.49
781.49
779.808
779.808
779.808
779.808
779.808
786.35
786.35
786.35
786.35
786.35
768.563
768.563
768.563
768.563
768.563
789.176
789.176
789.176
789.176
789.176
715.33
715.33
715.33
715.33
715.33
767.352
767.352
767.352
767.352
767.352
774.995
774.995
774.995
774.995
774.995
792.018
792.018
792.018
792.018
792.018
774.97
774.97
774.97
774.97
774.97
762.118
762.118
762.118
762.118
762.118
784.276
784.276
784.276
784.276
784.276
767.953
767.953
767.953
767.953
767.953
787.941
787.941
787.941
787.941
787.941
773.421
773.421
773.421
773.421
773.421
773.685
773.685
773.685
773.685
773.685
793.911
793.911
793.911
793.911
793.911
792.697
792.697
792.697
792.697
792.697
790.293
790.293
790.293
790.293
790.293
790.278
790.278
790.278
790.278
790.278
792.118
792.118
792.118
792.118
792.118
788.103
788.103
788.103
788.103
788.103
795.241
795.241
795.241
795.241
795.241
794.207
794.207
794.207
794.207
794.207
789.787
789.787
789.787
789.787
789.787
792.021
792.021
792.021
792.021
792.021
789.286
789.286
789.286
789.286
789.286
791.277
791.277
791.277
791.277
791.277
788.935
788.935
788.935
788.935
788.935
791.47
791.47
791.47
791.47
791.47
787.672
787.672
787.672
787.672
787.672
793.748
793.748
793.748
793.748
793.748
789.312
789.312
789.312
789.312
789.312
786.574
786.574
786.574
786.574
786.574
782.682
782.682
782.682
782.682
782.682
796.041
796.041
796.041
796.041
796.041
797.244
797.244
797.244
797.244
797.244
794.845
794.845
794.845
794.845
794.845
796.729
796.729
796.729
796.729
796.729
794.657
794.657
794.657
794.657
794.657
791.152
791.152
791.152
791.152
791.152
787.94
787.94
787.94
787.94
787.94
783.051
783.051
783.051
783.051
783.051
777.857
777.857
777.857
777.857
777.857
793.334
793.334
793.334
793.334
793.334
793.23
793.23
793.23
793.23
793.23
787.361
787.361
787.361
787.361
787.361
793.163
793.163
793.163
793.163
793.163
784.579
784.579
784.579
784.579
784.579
777.792
777.792
777.792
777.792
777.792
797.22
797.22
797.22
797.22
797.22
793.733
793.733
793.733
793.733
793.733
797.227
797.227
797.227
797.227
797.227
795.96
795.96
795.96
795.96
795.96
789.566
789.566
789.566
789.566
789.566
787.028
787.028
787.028
787.028
787.028
792.936
792.936
792.936
792.936
792.936
796.173
796.173
796.173
796.173
796.173
791.285
791.285
791.285
791.285
791.285
797.228
797.228
797.228
797.228
797.228
794.316
794.316
794.316
794.316
794.316
797.99
797.99
797.99
797.99
797.99
797.329
797.329
797.329
797.329
797.329
795.834
795.834
795.834
795.834
795.834
793.044
793.044
793.044
793.044
793.044
792.314
792.314
792.314
792.314
792.314
787.18
787.18
787.18
787.18
787.18
787.172
787.172
787.172
787.172
787.172
794.991
794.991
794.991
794.991
794.991
794.42
794.42
794.42
794.42
794.42
798.676
798.676
798.676
798.676
798.676
795.218
795.218
795.218
795.218
795.218
792.838
792.838
792.838
792.838
792.838
795.182
795.182
795.182
795.182
795.182
797.98
797.98
797.98
797.98
797.98
795.888
795.888
795.888
795.888
795.888
791.633
791.633
791.633
791.633
791.633
795.857
795.857
795.857
795.857
795.857
794.719
794.719
794.719
794.719
794.719
797.888
797.888
797.888
797.888
797.888
795.82
795.82
795.82
795.82
795.82
793.946
793.946
793.946
793.946
793.946
798.531
798.531
798.531
798.531
798.531
797.931
797.931
797.931
797.931
797.931
795.531
795.531
795.531
795.531
795.531
794.737
794.737
794.737
794.737
794.737
797.438
797.438
797.438
797.438
797.438
793.089
793.089
793.089
793.089
793.089
792.855
792.855
792.855
792.855
792.855
798.085
798.085
798.085
798.085
798.085
793.622
793.622
793.622
793.622
793.622
788.05
788.05
788.05
788.05
788.05
796.431
796.431
796.431
796.431
796.431
794.428
794.428
794.428
794.428
794.428
797.065
797.065
797.065
797.065
797.065
795.614
795.614
795.614
795.614
795.614
794.279
794.279
794.279
794.279
794.279
794.645
794.645
794.645
794.645
794.645
791.416
791.416
791.416
791.416
791.416
789.718
789.718
789.718
789.718
789.718
796.437
796.437
796.437
796.437
796.437
792.584
792.584
792.584
792.584
792.584
791.553
791.553
791.553
791.553
791.553
790.726
790.726
790.726
790.726
790.726
785.129
785.129
785.129
785.129
785.129
779.881
779.881
779.881
779.881
779.881
771.251
771.251
771.251
771.251
771.251
788.963
788.963
788.963
788.963
788.963
778.954
778.954
778.954
778.954
778.954
789.399
789.399
789.399
789.399
789.399
794.603
794.603
794.603
794.603
794.603
788.208
788.208
788.208
788.208
788.208
778.557
778.557
778.557
778.557
778.557
790.005
790.005
790.005
790.005
790.005
783.952
783.952
783.952
783.952
783.952
791.45
791.45
791.45
791.45
791.45
793.742
793.742
793.742
793.742
793.742
790.051
790.051
790.051
790.051
790.051
797.137
797.137
797.137
797.137
797.137
788.842
788.842
788.842
788.842
788.842
778.752
778.752
778.752
778.752
778.752
759.418
759.418
759.418
759.418
759.418
794.948
794.948
794.948
794.948
794.948
778.238
778.238
778.238
778.238
778.238
767.564
767.564
767.564
767.564
767.564
789.612
789.612
789.612
789.612
789.612
776.754
776.754
776.754
776.754
776.754
749.988
749.988
749.988
749.988
749.988
791.7
791.7
791.7
791.7
791.7
786.261
786.261
786.261
786.261
786.261
785.361
785.361
785.361
785.361
785.361
782.705
782.705
782.705
782.705
782.705
768.103
768.103
768.103
768.103
768.103
786.058
786.058
786.058
786.058
786.058
771.932
771.932
771.932
771.932
771.932
779.599
779.599
779.599
779.599
779.599
774.247
774.247
774.247
774.247
774.247
796.752
796.752
796.752
796.752
796.752
790.972
790.972
790.972
790.972
790.972
783.165
783.165
783.165
783.165
783.165
788.8
788.8
788.8
788.8
788.8
763.681
763.681
763.681
763.681
763.681
760.17
760.17
760.17
760.17
760.17
771.91
771.91
771.91
771.91
771.91
792.529
792.529
792.529
792.529
792.529
741.212
741.212
741.212
741.212
741.212
790.381
790.381
790.381
790.381
790.381
788.864
788.864
788.864
788.864
788.864
786.798
786.798
786.798
786.798
786.798
785.515
785.515
785.515
785.515
785.515
768.061
768.061
768.061
768.061
768.061
773.579
773.579
773.579
773.579
773.579
778.311
778.311
778.311
778.311
778.311
751.794
751.794
751.794
751.794
751.794
716.139
716.139
716.139
716.139
716.139
762.257
762.257
762.257
762.257
762.257
781.235
781.235
781.235
781.235
781.235
696.824
696.824
696.824
696.824
696.824
727.372
727.372
727.372
727.372
727.372
781.687
781.687
781.687
781.687
781.687
786.567
786.567
786.567
786.567
786.567
789.804
789.804
789.804
789.804
789.804
779.637
779.637
779.637
779.637
779.637
786.194
786.194
786.194
786.194
786.194
776.276
776.276
776.276
776.276
776.276
781.071
781.071
781.071
781.071
781.071
757.354
757.354
757.354
757.354
757.354
395.958
395.958
395.958
395.958
395.958
766.27
766.27
766.27
766.27
766.27
643.011
643.011
643.011
643.011
643.011
632.868
632.868
632.868
632.868
632.868
472.245
472.245
472.245
472.245
472.245
468.823
468.823
468.823
468.823
468.823
656.557
656.557
656.557
656.557
656.557
705.644
705.644
705.644
705.644
705.644
753.771
753.771
753.771
753.771
753.771
759.157
759.157
759.157
759.157
759.157
739.881
739.881
739.881
739.881
739.881
789.321
789.321
789.321
789.321
789.321
763.024
763.024
763.024
763.024
763.024
767.989
767.989
767.989
767.989
767.989
757.73
757.73
757.73
757.73
757.73
779.022
779.022
779.022
779.022
779.022
775.186
775.186
775.186
775.186
775.186
742.456
742.456
742.456
742.456
742.456
748.05
748.05
748.05
748.05
748.05
644.318
644.318
644.318
644.318
644.318
657.137
657.137
657.137
657.137
657.137
480.257
480.257
480.257
480.257
480.257
755.046
755.046
755.046
755.046
755.046
334.203
334.203
334.203
334.203
334.203
657.481
657.481
564.961
564.961
564.961
572.864
572.864
572.864
572.864
572.864
759.998
759.998
759.998
759.998
759.998
717.103
717.103
717.191
717.191
717.191
758.033
758.033
758.033
758.033
758.033
731.081
731.081
731.081
731.081
731.081
541.524
541.524
541.524
541.524
541.524
283.695
283.695
283.695
283.695
283.695
782.123
782.123
782.123
782.123
782.123
655.661
655.661
655.661
655.661
655.661
692.753
692.753
692.753
692.753
692.753
731.487
731.487
731.487
731.487
731.487
778.57
778.57
778.57
778.57
778.57
758.739
758.739
758.739
758.739
758.739
785.55
785.55
785.55
785.55
785.55
791.326
791.326
791.326
791.326
791.326
775.857
775.857
775.857
775.857
775.857
780.405
780.405
780.405
780.405
780.405
784.875
784.875
784.875
784.875
784.875
672.631
672.631
672.631
672.631
672.631
568.432
568.432
568.432
568.432
568.432
762.416
762.416
762.416
762.416
762.416
710.799
710.799
710.799
710.799
710.799
586.142
586.142
586.142
586.142
586.142
769.577
769.577
769.577
769.577
769.577
757.406
757.406
757.406
757.406
757.406
770.992
770.992
770.992
770.992
770.992
760.442
760.442
760.442
760.442
760.442
763.668
763.668
763.668
763.668
763.668
781.993
781.993
781.993
781.993
781.993
775.411
775.411
775.411
775.411
775.411
775.074
775.074
775.074
775.074
775.074
783.452
783.452
783.452
783.452
783.452
774.332
774.332
774.332
774.332
774.332
777.059
777.059
777.059
777.059
777.059
792.986
792.986
792.986
792.986
792.986
786.883
786.883
786.883
786.883
786.883
762.569
762.569
762.569
762.569
762.569
788.943
788.943
788.943
788.943
788.943
786.748
786.748
786.748
786.748
786.748
775.148
775.148
775.148
775.148
775.148
781.548
781.548
781.548
781.548
781.548
779.959
779.959
779.959
779.959
779.959
751.462
751.462
751.462
751.462
751.462
782.407
782.407
782.407
782.407
782.407
793.972
793.972
793.972
793.972
793.972
788.823
788.823
788.823
788.823
788.823
793.244
793.244
793.244
793.244
793.244
788.083
788.083
788.083
788.083
788.083
780.045
780.045
780.045
780.045
780.045
744.262
744.262
744.262
744.262
744.262
787.307
787.307
787.307
787.307
787.307
777.592
777.592
777.592
777.592
777.592
784.888
784.888
784.888
784.888
784.888
780.574
780.574
780.574
780.574
780.574
759.791
759.791
759.791
759.791
759.791
736.843
736.843
736.843
736.843
736.843
723.829
723.829
723.829
723.829
723.829
652.26
652.26
652.26
652.26
652.26
769.9
769.9
769.9
769.9
769.9
784.707
784.707
784.707
784.707
784.707
744.789
744.789
744.789
744.789
744.789
784.762
784.762
784.762
784.762
784.762
780.122
780.122
780.122
780.122
780.122
744.082
744.082
744.082
744.082
744.082
729.617
729.617
729.617
729.617
729.617
743.421
743.421
743.421
743.421
743.421
740.279
740.279
740.279
740.279
740.279
778.079
778.079
778.079
778.079
778.079
784.928
784.928
784.928
784.928
784.928
771.107
771.107
771.107
771.107
771.107
751.888
752.588
752.588
752.588
752.588
786.919
786.919
786.919
786.919
786.919
776.161
776.161
776.161
776.161
776.161
789.514
789.514
789.514
789.514
789.514
790.067
790.067
790.067
790.067
790.067
789.852
789.852
789.852
789.852
789.852
777.094
777.094
777.094
777.094
777.094
781.718
781.718
781.718
781.718
781.718
783.297
783.297
783.297
783.297
783.297
786.957
786.957
786.957
786.957
786.957
789.437
789.437
789.437
789.437
789.437
776.999
776.999
776.999
776.999
776.999
792.2
792.2
792.2
792.2
792.2
789.852
789.852
789.852
789.852
789.852
784.642
784.642
784.642
784.642
784.642
767.244
767.244
767.244
767.244
767.244
792.849
792.849
792.849
792.849
792.849
779.764
779.764
779.764
779.764
779.764
792.102
792.102
792.102
792.102
792.102
787.136
787.136
787.136
787.136
787.136
785.275
785.275
785.275
785.275
785.275
777.771
777.771
777.771
777.771
777.771
798.034
798.034
798.034
798.034
798.034
795.149
795.149
795.149
795.149
795.149
791.498
791.498
791.498
791.498
791.498
795.09
795.09
795.09
795.09
795.09
790.308
790.308
790.308
790.308
790.308
789.884
789.884
789.884
789.884
789.884
798.329
798.329
798.329
798.329
798.329
796.641
796.641
796.641
796.641
796.641
797.821
797.821
797.821
797.821
797.821
795.777
795.777
795.777
795.777
795.777
791.731
791.731
791.731
791.731
791.731
785.926
785.926
785.926
785.926
785.926
797.258
797.258
797.258
797.258
797.258
793.41
793.41
793.41
793.41
793.41
785.584
785.584
785.584
785.584
785.584
796.134
796.134
796.134
796.134
796.134
796.02
796.02
796.02
796.02
796.02
796.291
796.291
796.291
796.291
796.291
792.039
792.039
792.039
792.039
792.039
791.23
791.23
791.23
791.23
791.23
794.161
794.161
794.161
794.161
794.161
794.399
794.399
794.399
794.399
794.399
792.57
792.57
792.57
792.57
792.57
791.42
791.42
791.42
791.42
791.42
796.294
796.294
796.294
796.294
796.294
796.17
796.17
796.17
796.17
796.17
792.423
792.423
792.423
792.423
792.423
790.932
790.932
790.932
790.932
790.932
789.817
789.817
789.817
789.817
789.817
788.675
788.675
788.675
788.675
788.675
798.212
798.212
798.212
798.212
798.212
793.636
793.636
793.636
793.636
793.636
794.981
794.981
794.981
794.981
794.981
794.38
794.38
794.38
794.38
794.38
793.445
793.445
793.445
793.445
793.445
790.792
790.792
790.792
790.792
790.792
798.516
798.516
798.516
798.516
798.516
796.471
796.471
796.471
796.471
796.471
796.677
796.677
796.677
796.677
796.677
795.786
795.786
795.786
795.786
795.786
792.577
792.577
792.577
792.577
792.577
790.053
790.053
790.053
790.053
790.053
795.119
795.119
795.119
795.119
795.119
796.471
796.471
796.471
796.471
796.471
797.699
797.699
797.699
797.699
797.699
793.488
793.488
793.488
793.488
793.488
789.669
789.669
789.669
789.669
789.669
793.857
793.857
793.857
793.857
793.857
798.68
798.68
798.68
798.68
798.68
795.225
795.225
795.225
795.225
795.225
798.903
798.903
798.903
798.903
798.903
797.92
797.92
797.92
797.92
797.92
792.575
792.575
792.575
792.575
792.575
794.096
794.096
794.096
794.096
794.096
798.518
798.518
798.518
798.518
798.518
795.962
795.962
795.962
795.962
795.962
796.415
796.415
796.415
796.415
796.415
795.987
795.987
795.987
795.987
795.987
793.937
793.937
793.937
793.937
793.937
791.976
791.976
791.976
791.976
791.976
795.642
795.642
795.642
795.642
795.642
795.425
795.425
795.425
795.425
795.425
795.791
795.791
795.791
795.791
795.791
792.485
792.485
792.485
792.485
792.485
790.062
790.062
790.062
790.062
790.062
797.896
797.896
797.896
797.896
797.896
794.835
794.835
794.835
794.835
794.835
791.771
791.771
791.771
791.771
791.771
789.019
789.019
789.019
789.019
789.019
791.175
791.175
791.175
791.175
791.175
794.857
794.857
794.857
794.857
794.857
797.375
797.375
797.375
797.375
797.375
794.12
794.12
794.12
794.12
794.12
794.912
794.912
794.912
794.912
794.912
795.679
795.679
795.679
795.679
795.679
795.377
795.377
795.377
795.377
795.377
788.634
788.634
788.634
788.634
788.634
797.787
797.787
797.787
797.787
797.787
796.283
796.283
796.283
796.283
796.283
794.26
794.26
794.26
794.26
794.26
794.616
794.616
794.616
794.616
794.616
796.135
796.135
796.135
796.135
796.135
792.765
792.765
792.765
792.765
792.765
793.159
793.159
793.159
793.159
793.159
796.769
796.769
796.769
796.769
796.769
794.165
794.165
794.165
794.165
794.165
798.464
798.464
798.464
798.464
798.464
793.959
793.959
793.959
793.959
793.959
792.488
792.488
792.488
792.488
792.488
797.065
797.065
797.065
797.065
797.065
791.371
791.371
791.371
791.371
791.371
787.39
787.39
787.39
787.39
787.39
786.309
786.309
786.309
786.309
786.309
797.785
797.785
797.785
797.785
797.785
793.259
793.259
793.259
793.259
793.259
786.045
786.045
786.045
786.045
786.045
795.908
795.908
795.908
795.908
795.908
795.492
795.492
795.492
795.492
795.492
795.122
795.122
795.122
795.122
795.122
793.403
793.403
793.403
793.403
793.403
792.867
792.867
792.867
792.867
792.867
790.44
790.44
790.44
790.44
790.44
795.724
795.724
795.724
795.724
795.724
795.368
795.368
795.368
795.368
795.368
796.713
796.713
796.713
796.713
796.713
793.636
793.636
793.636
793.636
793.636
792.053
792.053
792.053
792.053
792.053
796.408
796.408
796.408
796.408
796.408
791.833
791.833
791.833
791.833
791.833
792.564
792.564
792.564
792.564
792.564
796.379
796.379
796.379
796.379
796.379
795.656
795.656
795.656
795.656
795.656
791.937
791.937
791.937
791.937
791.937
788.626
788.626
788.626
788.626
788.626
798.123
798.123
798.123
798.123
798.123
794.756
794.756
794.756
794.756
794.756
795.497
795.497
795.497
795.497
795.497
792.163
792.163
792.163
792.163
792.163
790.291
790.291
790.291
790.291
790.291
787.692
787.692
787.692
787.692
787.692
794.858
794.858
794.858
794.858
794.858
0
