0
0
0
0
374.142
374.142
374.142
374.142
374.142
697.793
697.793
697.793
697.793
697.793
234.125
234.125
234.125
234.125
234.125
567.055
567.055
567.055
567.055
567.055
420.148
420.148
420.148
420.148
420.148
371.906
371.906
371.906
371.906
371.906
411.883
411.883
411.883
411.883
411.883
520.75
520.75
520.75
520.75
520.75
360.229
360.229
360.229
360.229
360.229
138.258
138.258
138.258
138.258
138.258
354.791
354.791
354.791
354.791
354.791
519.078
519.078
519.078
519.078
519.078
220.959
220.959
220.959
220.959
220.959
631.158
631.158
631.158
631.158
631.158
688.014
688.014
688.014
688.014
688.014
622.094
622.094
622.094
622.094
622.094
250.406
250.406
250.406
250.406
250.406
431.999
431.999
431.999
431.999
431.999
622.815
622.815
622.815
622.815
622.815
616.471
616.471
616.471
616.471
616.471
478.654
478.654
478.654
478.654
478.654
501.019
501.019
501.019
501.019
501.019
476.68
476.68
476.68
476.68
476.68
319
319
319
319
319
396.212
396.212
396.212
396.212
396.212
641.407
641.407
641.407
641.407
641.407
643.73
643.73
643.73
643.73
643.73
620.469
620.469
620.469
620.469
620.469
494.309
494.309
494.309
494.309
494.309
442.128
442.128
442.128
442.128
442.128
704
704
704
704
704
568.96
568.96
568.96
568.96
568.96
578.334
578.334
578.334
578.334
578.334
630.204
630.204
630.204
630.204
630.204
613
613
613
613
613
703.995
703.995
703.995
703.995
703.995
741.558
741.558
741.558
741.558
741.558
624.083
624.083
624.083
624.083
624.083
600.477
600.477
600.477
600.477
600.477
359.016
359.016
359.016
359.016
359.016
690.5
690.5
690.5
690.5
690.5
556.094
556.094
556.094
556.094
556.094
429.979
429.979
429.979
429.979
429.979
634.164
634.164
634.164
634.164
634.164
395.017
395.017
395.017
395.017
395.017
672.983
672.983
672.983
672.983
672.983
550.498
550.498
550.498
550.498
550.498
513.898
513.898
513.898
513.898
513.898
579.681
579.681
579.681
579.681
579.681
531.508
531.508
531.508
531.508
531.508
258.141
258.141
258.141
258.141
258.141
524.274
524.274
524.274
524.274
524.274
644.251
644.251
644.251
644.251
644.251
460.867
460.867
460.867
460.867
460.867
574.836
574.836
574.836
574.836
574.836
353.25
353.25
353.25
353.25
353.25
472.583
472.583
472.583
472.583
472.583
486.852
486.852
486.852
486.852
486.852
452.857
452.857
452.857
452.857
452.857
396.183
396.183
396.183
396.183
396.183
515.745
515.745
515.745
515.745
515.745
501.5
501.5
501.5
501.5
501.5
312.305
312.305
312.305
312.305
312.305
333.914
333.914
333.914
333.914
333.914
683.594
683.594
683.594
683.594
683.594
666.784
666.784
666.784
666.784
666.784
680.284
680.284
680.284
680.284
680.284
333.881
333.881
333.881
333.881
333.881
625.177
625.177
625.177
625.177
625.177
286.105
286.105
286.105
286.105
286.105
644.5
644.5
644.5
644.5
644.5
584.308
584.308
584.308
584.308
584.308
501.547
501.547
501.547
501.547
501.547
576.108
576.108
576.108
576.108
576.108
446.406
446.406
446.406
446.406
446.406
336.435
336.435
336.435
336.435
336.435
578.469
578.469
578.469
578.469
578.469
457.454
457.454
457.454
457.454
457.454
448.395
448.395
448.395
448.395
448.395
610.961
610.961
610.961
610.961
610.961
204.904
204.904
204.904
204.904
204.904
581.044
581.044
581.044
581.044
581.044
681.625
681.625
681.625
681.625
681.625
471.531
471.531
471.531
471.531
471.531
421.161
421.161
421.161
421.161
421.161
471.898
471.898
471.898
471.898
471.898
464.125
464.125
464.125
464.125
464.125
479.895
479.895
479.895
479.895
479.895
700.016
700.016
700.016
700.016
700.016
700.285
700.285
700.285
700.285
700.285
449.724
449.724
449.724
449.724
449.724
517.196
517.196
517.196
517.196
517.196
681.393
681.393
681.393
681.393
681.393
558.703
558.703
558.703
558.703
558.703
747.086
747.086
747.086
747.086
747.086
397.573
397.573
397.573
397.573
397.573
732.813
732.813
732.813
732.813
732.813
497.625
497.625
497.625
497.625
497.625
372.734
372.734
372.734
372.734
372.734
337.331
337.331
337.331
337.331
337.331
500
500
500
500
500
725.713
725.713
725.713
725.713
725.713
742.178
742.178
742.178
742.178
742.178
751.754
751.754
751.754
751.754
751.754
576.493
576.493
576.493
576.493
576.493
357.125
357.125
357.125
357.125
357.125
568.469
568.469
568.469
568.469
568.469
459.093
459.093
459.093
459.093
459.093
704.73
704.73
704.73
704.73
704.73
487.578
487.578
487.578
487.578
487.578
600.677
582.354
582.354
582.354
582.354
377.84
377.84
377.84
377.84
377.84
640.912
640.912
640.912
640.912
640.912
511.939
511.939
511.939
511.939
511.939
749.613
749.613
749.613
749.613
749.613
737.104
737.104
737.104
737.104
737.104
485.404
485.404
485.404
485.404
485.404
271.492
271.492
271.492
271.492
271.492
431.293
431.293
431.293
431.293
431.293
405.854
487.707
487.707
487.707
487.707
314.199
314.199
314.199
314.199
314.199
750.234
750.234
750.234
750.234
750.234
548.711
548.711
548.711
548.711
548.711
402.707
402.707
402.707
402.707
402.707
531.138
531.138
531.138
531.138
531.138
540.473
540.473
540.473
540.473
540.473
670.572
670.572
670.572
670.572
670.572
686.447
686.447
686.447
686.447
686.447
555
555
555
555
555
757
757
757
757
757
696.524
696.524
696.524
696.524
696.524
513.03
513.03
513.03
513.03
513.03
729.906
729.906
729.906
729.906
729.906
750.419
750.419
750.419
750.419
750.419
301.5
301.5
301.5
301.5
301.5
385.742
385.742
385.742
385.742
385.742
519.835
519.835
519.835
519.835
519.835
489.797
489.797
489.797
489.797
489.797
535.102
535.102
535.102
535.102
535.102
640.624
640.624
640.624
640.624
640.624
467.703
467.703
467.703
467.703
467.703
481.759
481.759
481.759
481.759
481.759
371.199
371.199
371.199
371.199
371.199
231.215
231.215
231.215
231.215
231.215
489.205
489.205
489.205
489.205
489.205
690.249
690.249
690.249
690.249
690.249
581.828
581.828
581.828
581.828
581.828
544.737
544.737
544.737
544.737
544.737
413.212
413.212
413.212
413.212
413.212
270.729
270.729
270.729
270.729
270.729
578.5
578.5
578.5
578.5
578.5
575.33
575.33
575.33
575.33
575.33
602.375
602.375
602.375
602.375
602.375
463.75
463.75
463.75
463.75
463.75
522.406
522.406
522.406
522.406
522.406
654.945
654.945
654.945
654.945
654.945
629.5
629.5
629.5
629.5
629.5
347.387
347.387
347.387
347.387
347.387
392.742
392.742
392.742
392.742
392.742
237.75
237.75
237.75
237.75
237.75
574.445
574.445
574.445
574.445
574.445
302.24
302.24
302.24
302.24
302.24
532.212
532.212
532.212
532.212
532.212
518.359
518.359
518.359
518.359
518.359
447.325
447.325
447.325
447.325
447.325
520.672
520.672
520.672
520.672
520.672
546.5
546.5
546.5
546.5
546.5
627.363
627.363
627.363
627.363
627.363
510.359
510.359
510.359
510.359
510.359
382.5
382.5
382.5
382.5
382.5
733.977
733.977
733.977
733.977
733.977
667.414
667.414
667.414
667.414
667.414
283.413
283.413
283.413
283.413
283.413
439.867
439.867
439.867
439.867
439.867
317.75
317.75
317.75
317.75
317.75
357.161
357.161
357.161
357.161
357.161
585.5
585.5
585.5
585.5
585.5
509.202
509.202
509.202
509.202
509.202
540.238
540.238
540.238
540.238
540.238
432.17
432.17
432.17
432.17
432.17
386.359
386.359
386.359
386.359
386.359
693.375
693.375
693.375
693.375
693.375
597.31
597.31
597.31
597.31
597.31
634.427
634.427
634.427
634.427
634.427
227.032
227.032
227.032
227.032
227.032
271.65
271.65
271.65
271.65
271.65
387.242
387.242
387.242
387.242
387.242
477.01
477.01
477.01
477.01
477.01
450.486
450.486
449.738
449.738
449.738
595.172
595.172
595.172
595.172
595.172
671.89
671.89
671.89
671.89
671.89
641.316
641.316
641.316
641.316
641.316
717.957
717.957
717.957
717.957
717.957
405.375
405.375
405.375
405.375
405.375
580.156
580.156
580.156
580.156
580.156
434.438
434.438
434.438
434.438
434.438
572.07
572.07
572.07
572.07
572.07
382.775
382.775
382.775
382.775
382.775
568.352
568.352
568.352
568.352
568.352
681.188
681.188
681.188
681.188
681.188
353.415
353.415
353.415
353.415
353.415
474.875
474.875
474.875
474.875
474.875
524.972
524.972
524.972
524.972
524.972
548.472
548.472
548.472
548.472
548.472
770.368
770.368
770.368
770.368
770.368
605.537
605.537
605.537
605.537
605.537
601.375
601.375
601.375
601.375
601.375
421.859
421.859
421.859
421.859
421.859
621.782
621.782
621.782
621.782
621.782
387.306
387.306
387.306
387.306
387.306
649.094
649.094
649.094
649.094
649.094
497.81
497.81
497.81
497.81
497.81
650.75
650.75
650.75
650.75
650.75
345.164
345.164
345.164
345.164
345.164
390.195
390.195
390.195
390.195
390.195
594.9
594.9
594.9
594.9
594.9
528.482
528.482
528.482
528.482
528.482
493.557
493.557
493.557
493.557
493.557
372.436
372.436
372.436
372.436
372.436
471.067
471.067
471.067
471.067
471.067
539.699
539.699
539.699
539.699
539.699
453.965
453.965
453.965
453.965
453.965
498.375
498.375
498.375
498.375
498.375
343.328
343.328
343.328
343.328
343.328
463.021
463.021
463.021
463.021
463.021
324.774
324.774
324.774
324.774
324.774
633.186
633.186
633.186
633.186
633.186
573.985
573.985
573.985
573.985
573.985
696.457
696.457
696.457
696.457
696.457
485.281
485.281
485.281
485.281
485.281
631.467
631.467
631.467
631.467
631.467
715.912
715.912
715.912
715.912
715.912
375.472
375.472
375.472
375.472
375.472
473.539
473.539
473.539
473.539
473.539
506.821
506.821
506.821
506.821
506.821
513.172
513.172
513.172
513.172
513.172
618.5
618.5
618.5
618.5
618.5
306.44
306.44
306.44
306.44
306.44
633.484
633.484
633.484
633.484
633.484
629.249
629.249
629.249
629.249
629.249
246.656
246.656
246.656
246.656
246.656
576.875
576.875
576.875
576.875
576.875
395.144
395.144
395.144
395.144
395.144
117.242
117.242
117.242
117.242
117.242
725.617
725.617
725.617
725.617
725.617
601.34
601.34
601.34
601.34
601.34
716.5
716.5
716.5
716.5
716.5
548.262
548.262
548.262
548.262
548.262
359.383
359.383
359.383
359.383
359.383
552.688
552.688
552.688
552.688
552.688
590.91
590.91
590.91
590.91
590.91
320.313
320.313
320.313
320.313
320.313
277.078
277.078
277.078
277.078
277.078
700.74
700.74
700.74
700.74
700.74
276.278
276.278
276.278
276.278
276.278
407.117
407.117
407.117
407.117
407.117
575.897
575.897
575.897
575.897
575.897
594.133
594.133
594.133
594.133
594.133
247.875
247.875
247.875
247.875
247.875
446.75
446.75
446.75
446.75
446.75
326.653
326.653
326.653
326.653
326.653
698.052
698.052
698.052
698.052
698.052
297.858
297.858
297.858
297.858
297.858
578.438
578.438
578.438
578.438
578.438
542
542
542
542
542
648.591
648.591
648.591
648.591
648.591
488.757
488.757
488.757
488.757
488.757
576.739
576.739
576.739
576.739
576.739
678.438
678.438
678.438
678.438
678.438
265.965
265.965
265.965
265.965
265.965
532.469
532.469
532.469
532.469
532.469
663.957
663.957
663.957
663.957
663.957
430.98
430.98
430.98
430.98
430.98
569.074
569.074
569.074
569.074
569.074
450.552
450.552
450.552
450.552
450.552
570.82
570.82
570.82
570.82
570.82
298.221
298.221
298.221
298.221
298.221
415.341
415.341
415.341
415.341
415.341
439.26
439.26
439.26
439.26
439.26
310.524
310.524
310.524
310.524
310.524
386.102
386.102
386.102
386.102
386.102
600.531
600.531
600.531
600.531
600.531
546.813
546.813
546.813
546.813
546.813
632.75
632.75
632.75
632.75
632.75
530.755
530.755
530.755
530.755
530.755
675.105
675.105
675.105
675.105
675.105
551.638
551.638
551.638
551.638
551.638
372
372
372
372
372
557.261
557.261
557.261
557.261
557.261
498.777
498.777
498.777
498.777
498.777
583.094
583.094
583.094
583.094
583.094
479.438
479.438
479.438
479.438
479.438
565.156
565.156
565.156
565.156
565.156
398.938
398.938
398.938
398.938
398.938
528.051
528.051
528.051
528.051
528.051
609.115
609.115
609.115
609.115
609.115
667.536
667.536
667.536
667.536
667.536
400.228
400.228
400.228
400.228
400.228
475.188
475.188
475.188
475.188
475.188
571.188
571.188
571.188
571.188
571.188
455.043
455.043
455.043
455.043
455.043
568.132
568.132
568.132
568.132
568.132
537
537
537
537
537
470.43
470.43
470.43
470.43
470.43
706.984
706.984
706.984
706.984
706.984
674.275
674.275
674.275
674.275
674.275
581.492
581.492
581.492
581.492
581.492
653.375
653.375
653.375
653.375
653.375
602.444
602.444
602.444
602.444
602.444
423.053
423.053
423.053
423.053
423.053
614.625
614.625
614.625
614.625
614.625
402.565
402.565
402.565
402.565
402.565
455.492
455.492
455.492
455.492
455.492
647.749
647.749
647.749
647.749
647.749
472.523
472.523
472.523
472.523
472.523
563.764
563.764
563.764
563.764
563.764
546.604
546.604
546.604
546.604
546.604
655.669
655.669
655.669
655.669
655.669
707.916
707.916
707.916
707.916
707.916
357.625
357.625
357.625
357.625
357.625
446.273
446.273
446.273
446.273
446.273
617.414
617.414
617.414
617.414
617.414
476.579
476.579
476.579
476.579
476.579
728.713
728.713
728.713
728.713
728.713
530.361
530.361
530.361
530.361
530.361
358.256
358.256
358.256
358.256
358.256
649.492
649.492
649.492
649.492
649.492
639.448
639.448
639.448
639.448
639.448
451.244
451.244
451.244
451.244
451.244
347.226
347.226
347.226
347.226
347.226
686.385
686.385
686.385
686.385
686.385
470.228
470.228
470.228
470.228
470.228
611.656
611.656
611.656
611.656
611.656
561.906
561.906
561.906
561.906
561.906
286.741
286.741
286.741
286.741
286.741
485.398
485.398
485.398
485.398
485.398
421.988
421.988
421.988
421.988
421.988
512
512
512
512
512
362.499
362.499
362.499
362.499
362.499
481.647
481.647
481.647
481.647
481.647
488.533
488.533
488.533
488.533
488.533
504.125
504.125
504.125
504.125
504.125
681.834
681.834
681.834
681.834
681.834
307.665
307.665
307.665
307.665
307.665
468.201
468.201
468.201
468.201
468.201
315.002
328.004
328.004
328.004
328.004
393.225
393.225
393.225
393.225
393.225
294.238
294.238
294.238
294.238
294.238
380.516
380.516
380.516
380.516
380.516
537.285
537.285
537.285
537.285
537.285
489.099
489.099
489.1
489.1
489.1
299.113
299.113
299.113
299.113
299.113
445.579
445.579
445.579
445.579
445.579
532.258
532.258
532.258
532.258
532.258
293.541
293.541
293.541
293.541
293.541
570.688
570.688
570.688
570.688
570.688
578.803
578.803
578.803
578.803
578.803
439.219
439.219
439.219
439.219
439.219
628.875
628.875
628.875
628.875
628.875
564.34
564.34
564.34
564.34
564.34
767.927
767.927
767.927
767.927
767.927
495.453
495.453
495.453
495.453
495.453
617.906
617.906
617.906
617.906
617.906
662.836
662.836
662.836
662.836
662.836
507.5
507.5
507.5
507.5
507.5
515.592
515.592
515.592
515.592
515.592
618.92
618.92
618.92
618.92
618.92
724.125
724.125
724.125
724.125
724.125
460.707
460.707
460.707
460.707
460.707
484.875
484.875
484.875
484.875
484.875
525.828
525.828
525.828
525.828
525.828
606.195
606.195
606.195
606.195
606.195
511.684
511.684
511.684
511.684
511.684
468.711
468.711
468.711
468.711
468.711
538.375
538.375
538.375
538.375
538.375
441.039
441.039
441.039
441.039
441.039
586.025
586.025
586.025
586.025
586.025
243.375
243.375
243.375
243.375
243.375
548.875
548.875
548.875
548.875
548.875
640.7
640.7
640.7
640.7
640.7
610.215
610.215
610.215
610.215
610.215
437.746
437.746
437.746
437.746
437.746
348.818
348.818
348.818
348.818
348.818
583.798
583.798
583.798
583.798
583.798
391.25
391.25
391.25
391.25
391.25
606.555
606.555
606.555
606.555
606.555
610.906
610.906
610.906
610.906
610.906
741.722
741.722
741.722
741.722
741.722
612.627
612.627
628.754
628.754
628.754
695.054
695.054
695.054
695.054
695.054
624.242
624.242
624.242
624.242
624.242
585.438
585.438
585.438
585.438
585.438
711.688
711.688
711.688
711.688
711.688
620.825
620.825
620.825
620.825
620.825
590.531
590.531
590.531
590.531
590.531
607.816
607.816
607.816
607.816
607.816
505.827
505.827
505.827
505.827
505.827
459.572
459.572
459.572
459.572
459.572
658
658
658
658
658
583.221
583.221
583.221
583.221
583.221
740.797
740.797
740.797
740.797
740.797
292.035
292.035
292.035
292.035
292.035
622.098
622.098
622.098
622.098
622.098
686.219
686.219
686.219
686.219
686.219
549.813
549.813
549.813
549.813
549.813
464.632
464.632
464.632
464.632
464.632
488.734
488.734
488.734
488.734
488.734
445.016
445.016
445.016
445.016
445.016
406.391
406.391
406.391
406.391
406.391
262.859
262.859
262.859
262.859
262.859
475.356
475.356
475.356
475.356
475.356
455.909
455.909
455.909
455.909
455.909
579.986
579.986
579.986
579.986
579.986
450.75
450.75
450.75
450.75
450.75
475.773
475.773
475.773
475.773
475.773
664.688
664.688
664.688
664.688
664.688
388.59
388.59
388.59
388.59
388.59
419.859
419.859
419.859
419.859
419.859
634.438
634.438
634.438
634.438
634.438
655.106
655.106
655.106
655.106
655.106
570.781
570.781
570.781
570.781
570.781
525.028
525.028
525.028
525.028
525.028
336.766
336.766
336.766
336.766
336.766
187.125
187.125
187.125
187.125
187.125
499.383
499.383
499.383
499.383
499.383
488.5
488.5
488.5
488.5
488.5
696.887
696.887
696.887
696.887
696.887
221.582
221.582
221.582
221.582
221.582
159.845
159.845
159.845
159.845
159.845
499.983
499.983
499.983
499.983
499.983
696.074
696.074
696.074
696.074
696.074
581.854
581.854
581.854
581.854
581.854
511.934
511.934
511.934
511.934
511.934
624.594
624.594
624.594
624.594
624.594
153
153
153
153
153
376.867
376.867
376.867
376.867
376.867
602.339
602.339
602.339
602.339
602.339
548.913
548.913
548.913
548.913
548.913
525.163
525.163
525.163
525.163
525.163
462.113
462.113
462.113
462.113
462.113
541.563
541.563
541.563
541.563
541.563
485.875
485.875
485.875
485.875
485.875
299.04
299.04
299.04
299.04
299.04
381.584
381.584
381.584
381.584
381.584
424.039
424.039
424.039
424.039
424.039
387.974
387.974
387.974
387.974
387.974
639.402
639.402
639.402
639.402
639.402
490.063
490.063
490.063
490.063
490.063
491.125
491.125
491.125
491.125
491.125
416.719
416.719
416.719
416.719
416.719
520.572
520.572
520.572
520.572
520.572
746.463
746.463
746.463
746.463
746.463
583.297
583.297
583.297
583.297
583.297
628.25
628.25
628.25
628.25
628.25
247.375
247.375
247.375
247.375
247.375
635.513
635.513
635.513
635.513
635.513
504.348
504.348
504.348
504.348
504.348
307.93
307.93
307.93
307.93
307.93
676.631
676.631
676.631
676.631
676.631
645.793
645.793
645.793
645.793
645.793
492.097
492.097
492.097
492.097
492.097
465.5
465.5
465.5
465.5
465.5
408.936
408.936
408.936
408.936
408.936
425.719
425.719
425.719
425.719
576.938
325.184
325.184
325.184
325.184
325.184
644.138
644.138
644.138
644.138
644.138
579.814
579.814
579.814
579.814
579.814
562.989
562.989
562.989
562.989
562.989
280
280
280
280
280
471.367
471.367
471.367
471.367
471.367
554.865
554.865
554.865
554.865
554.865
472.037
472.037
472.037
472.037
472.037
601.378
601.378
601.378
601.378
601.378
382.844
382.844
382.844
382.844
382.844
304.43
304.43
304.43
304.43
304.43
608.778
608.778
608.778
608.778
608.778
572.407
572.407
572.407
572.407
572.407
570.699
570.699
570.699
570.699
570.699
590.702
590.702
590.702
590.702
590.702
423.25
423.25
423.25
423.25
423.25
466.965
466.965
466.965
466.965
466.965
334.111
334.111
334.111
334.111
334.111
583.5
583.5
583.5
583.5
583.5
506.875
506.875
506.875
506.875
506.875
512.125
512.125
512.125
512.125
512.125
524.594
524.594
524.594
524.594
524.594
337.016
337.016
337.016
337.016
337.016
400.95
400.95
400.95
400.95
400.95
317.235
317.235
317.235
317.235
317.235
685.245
685.245
685.245
685.245
685.245
572.37
572.37
572.37
572.37
572.37
435.183
435.183
435.183
435.183
435.183
216.189
216.189
216.189
216.189
216.189
568.5
568.5
568.5
568.5
568.5
369.375
369.375
369.375
369.375
369.375
522.145
522.145
522.145
522.145
522.145
714.583
714.583
714.583
714.583
714.583
550.617
550.617
550.617
550.617
550.617
383.98
383.98
383.98
383.98
383.98
487.708
487.708
487.708
487.708
487.708
675.289
675.289
675.289
675.289
675.289
534.168
534.168
534.168
534.168
534.168
580.962
580.962
580.962
580.962
580.962
242.512
242.512
242.512
242.512
242.512
422.969
422.969
422.969
422.969
422.969
531
531
531
531
531
427.123
427.123
427.123
427.123
427.123
663.547
663.547
663.547
663.547
663.547
364.25
364.25
364.25
364.25
364.25
422.758
422.758
422.758
422.758
422.758
638.912
638.912
638.912
638.912
638.912
528.265
528.265
528.248
528.248
528.248
554.688
554.688
554.688
554.688
554.688
611.478
611.478
611.478
611.478
611.478
657.5
657.5
657.5
657.5
657.5
594.293
594.293
594.293
594.293
594.293
574.156
574.156
574.156
574.156
574.156
502.582
502.582
502.582
502.582
502.582
729.762
729.762
729.762
729.762
729.762
592.199
592.199
592.199
592.199
592.199
495.784
495.784
495.784
495.784
495.784
584.23
584.23
584.23
584.23
584.23
536.006
536.006
536.006
536.006
536.006
567.281
567.281
567.281
567.281
567.281
406.758
406.758
406.758
406.758
406.758
322.594
322.594
322.594
322.594
322.594
603.624
603.624
603.624
603.624
603.624
560.771
560.771
560.771
560.771
560.771
526.369
526.369
526.369
526.369
526.369
549.809
549.809
549.809
549.809
549.809
491.005
491.005
491.005
491.005
491.005
541.477
541.477
541.477
541.477
541.477
504.279
504.279
504.279
504.279
504.279
679.214
679.214
679.214
679.214
679.214
426.387
426.387
426.387
426.387
426.387
650.734
650.734
650.734
650.734
650.734
523.995
523.995
523.995
523.995
523.995
585.203
585.203
585.203
585.203
585.203
632.078
632.078
632.078
632.078
632.078
550.292
550.292
550.292
550.292
550.292
446.551
446.551
446.551
446.551
446.551
494.285
494.285
494.285
494.285
494.285
453.063
453.063
453.063
453.063
453.063
645.504
645.504
645.504
645.504
645.504
335.679
335.679
335.679
335.679
335.679
381.194
381.194
381.194
381.194
381.194
657.313
657.313
657.313
657.313
657.313
608.188
608.188
608.188
608.188
608.188
324.912
324.912
324.912
324.912
324.912
408.936
408.936
408.936
408.936
408.936
602.047
602.047
602.047
602.047
602.047
382.75
382.75
382.75
382.75
382.75
183.609
183.609
183.609
183.609
183.609
597.305
597.305
597.305
597.305
597.305
490.38
490.38
490.38
490.38
490.38
338.875
338.875
338.875
338.875
338.875
558.281
558.281
558.281
558.281
558.281
683.406
683.406
683.406
683.406
683.406
531.747
531.747
531.747
531.747
531.747
579.002
579.002
579.002
579.002
580.91
360.268
360.268
360.268
360.268
360.268
428.469
428.469
428.469
428.469
428.469
652.785
652.785
652.785
652.785
652.785
586.482
586.482
586.482
586.482
586.482
507.434
507.434
507.434
507.434
507.434
551.079
551.079
551.079
551.079
551.079
536.369
536.369
536.369
536.369
536.369
108.688
108.688
108.688
108.688
108.688
657.09
657.09
657.09
657.09
657.09
571.247
571.247
571.247
571.247
571.247
640.688
640.688
640.688
640.688
640.688
562.992
562.992
562.992
562.992
562.992
455.031
455.031
455.031
455.031
455.031
628.818
628.818
628.818
628.818
628.818
674.188
674.188
674.188
674.188
674.188
603.846
603.846
603.846
603.846
603.846
644.247
644.247
644.247
644.247
644.247
671.735
671.735
671.735
671.735
671.735
650.108
650.108
650.108
650.108
650.108
433.761
433.761
433.761
433.761
433.761
303.027
303.027
303.027
303.027
303.027
534.547
534.547
534.547
534.547
534.547
678.268
678.268
678.268
678.268
678.268
591.938
591.938
591.938
591.938
591.938
465.498
465.498
465.498
465.498
465.498
670.188
670.188
670.188
670.188
670.188
513.851
513.851
513.851
513.851
513.851
508.318
508.318
508.318
508.318
508.318
623.227
623.227
623.227
623.227
623.227
366.12
366.12
366.12
366.12
366.12
580.945
580.945
580.945
580.945
580.945
360.719
360.719
360.719
360.719
360.719
567.472
567.472
567.472
567.472
567.472
643.344
643.344
643.344
643.344
643.344
416.879
416.879
416.879
416.879
416.879
635.92
635.92
635.92
635.92
635.92
530.305
530.305
530.305
530.305
530.305
479.5
479.5
479.5
479.5
479.5
454.971
454.971
454.971
454.971
454.971
479.332
479.332
479.332
479.332
479.332
509.834
509.834
509.834
509.834
509.834
418.852
418.852
418.852
418.852
418.852
286.959
286.959
286.959
286.959
286.959
506
506
506
506
506
657.49
657.49
657.49
657.49
657.49
775.291
775.291
775.291
775.291
775.291
746.995
746.995
746.995
746.995
746.995
666.013
666.013
666.013
666.013
666.013
645.427
645.427
645.427
645.427
645.427
495.593
495.593
495.593
495.593
495.593
406.864
406.864
406.864
406.864
406.864
603.449
603.449
603.449
603.449
603.449
702.469
702.469
702.469
702.469
702.469
241.753
241.753
241.753
241.753
241.753
594.809
594.809
594.809
594.809
594.809
576.24
576.24
576.24
576.24
576.24
528.929
528.929
528.929
528.929
528.929
616.898
625.297
625.297
625.297
625.297
572.809
572.809
572.809
572.809
572.809
295.469
295.469
295.469
295.469
295.469
517.281
517.281
517.281
517.281
517.281
624.813
624.813
624.813
624.813
624.813
574.115
574.115
574.115
574.115
574.115
491.832
491.832
491.832
491.832
491.832
515.925
515.925
515.925
515.925
515.925
212.305
212.305
212.305
212.305
212.305
398.445
398.445
398.445
398.445
398.445
701.442
701.442
701.442
701.442
701.442
483.461
483.461
483.461
483.461
483.461
307.105
307.105
307.105
307.105
307.105
333.06
333.06
333.06
333.06
333.06
294.752
294.752
294.752
294.752
294.752
578.025
578.025
578.025
578.025
578.025
328.695
328.695
328.695
328.695
328.695
585.025
585.025
585.025
585.025
585.025
332.786
332.786
332.786
332.786
332.786
554.945
554.945
554.945
554.945
554.945
602.769
602.769
602.769
602.769
602.769
267.546
267.546
267.546
267.546
267.546
452.126
452.126
452.126
452.126
452.126
124.094
124.094
124.094
124.094
124.094
411.393
411.393
411.393
411.393
411.393
503.445
503.445
503.445
503.445
503.445
594.199
594.199
594.199
594.199
594.199
568.906
568.906
568.906
568.906
568.906
661.912
661.912
661.912
661.912
661.912
713.934
713.934
713.934
713.934
713.934
593.313
593.313
593.313
593.313
593.313
352.212
352.212
352.212
352.212
352.212
652.141
652.141
652.141
652.141
652.141
548.625
548.625
548.625
548.625
548.625
648.402
648.402
648.402
648.402
648.402
479.632
479.632
479.632
479.632
479.632
528.875
528.875
528.875
528.875
528.875
425.533
425.533
425.533
425.533
425.533
364.199
364.199
364.199
364.199
364.199
371.375
371.375
371.375
371.375
371.375
498.688
498.688
498.688
498.688
498.688
631.658
631.658
631.658
631.658
631.658
395.625
395.625
395.625
395.625
395.625
415.759
415.759
415.759
415.759
415.759
497.156
497.156
497.156
497.156
497.156
455.156
455.156
455.156
455.156
455.156
459.5
459.5
459.5
459.5
459.5
435.5
435.5
435.5
435.5
435.5
341.417
341.417
341.417
341.417
341.417
577.734
577.734
577.734
577.734
577.734
782.3
782.3
782.3
782.3
782.3
480.548
480.548
480.521
480.521
480.521
486.853
486.853
486.853
486.853
486.853
401.793
401.793
401.793
401.793
401.793
706.55
706.55
706.55
706.55
706.55
547.995
547.995
547.995
547.995
547.995
596.988
596.988
596.988
596.988
596.988
611.527
611.527
611.527
611.527
611.527
509.688
509.688
509.688
509.688
509.688
340.203
340.203
340.203
340.203
340.203
593.68
593.68
593.68
593.68
593.68
586.891
586.891
586.891
586.891
586.891
767.478
767.478
767.478
767.478
767.478
507.534
507.534
507.534
507.534
507.534
428.25
428.25
428.25
428.25
428.25
294.063
294.063
294.063
294.063
294.063
535.75
535.75
535.75
535.75
535.75
401.643
401.643
401.643
401.643
401.643
568.256
568.256
568.256
568.256
568.256
678.112
678.112
678.112
678.112
678.112
500.415
500.415
500.415
500.415
500.415
340.183
340.183
340.183
340.183
340.183
654.466
654.466
654.466
654.466
654.466
547.342
547.342
547.342
547.342
547.342
652.957
652.957
652.957
652.957
652.957
343.618
343.618
343.618
343.618
343.618
410.75
410.75
410.75
410.75
410.75
703.125
703.125
703.125
703.125
703.125
361.757
361.757
361.757
361.757
361.757
597.322
597.322
597.322
597.322
597.322
742.019
742.019
742.019
742.019
742.019
475.301
475.301
475.301
475.301
475.301
615.226
615.226
615.226
615.226
615.226
518.801
518.801
518.801
518.801
518.801
559.288
559.288
559.288
559.288
559.288
630.981
630.981
630.981
630.981
630.981
442.75
442.75
442.75
442.75
442.75
655.18
655.18
655.18
655.18
655.18
749
749
749
749
749
619.578
619.578
619.578
619.578
619.578
551.314
551.314
551.314
551.314
551.314
754.432
754.432
754.432
754.432
754.432
533.555
533.555
533.555
533.555
533.555
561.5
561.5
561.5
561.5
561.5
436.897
436.897
436.897
436.897
436.897
453.949
453.949
453.949
453.949
453.949
555.637
555.637
555.637
555.637
555.637
656.5
656.5
656.5
656.5
656.5
687.594
687.594
687.594
687.594
687.594
477.482
477.482
477.482
477.482
477.482
364.838
364.838
364.838
364.838
364.838
559.5
559.5
559.5
559.5
559.5
629.88
629.88
629.88
629.88
629.88
648.506
648.506
648.506
648.506
648.506
718.603
718.603
718.603
718.603
718.603
338.889
338.889
338.889
338.889
338.889
528.525
528.525
528.525
528.525
528.525
522.042
522.042
522.042
522.042
522.042
656.155
656.155
656.155
656.155
656.155
658.538
658.538
658.538
658.538
658.538
318.484
318.484
318.484
318.484
318.484
641.445
641.445
641.445
641.445
641.445
469.844
469.844
469.844
469.844
469.844
710.461
710.461
710.461
710.461
710.461
574.68
574.68
574.68
574.68
574.68
443.813
443.813
443.813
443.813
443.813
477.953
477.953
477.953
477.953
477.953
537.281
537.281
537.281
537.281
537.281
607.153
607.153
607.153
607.153
607.153
411.714
411.714
411.714
411.714
411.714
712.25
712.25
712.25
712.25
712.25
280.591
280.591
280.591
280.591
280.591
483.484
483.484
483.484
483.484
483.484
706.579
706.579
706.579
706.579
706.579
633.635
633.635
633.635
633.635
633.635
348.438
348.438
348.438
348.438
348.438
686.749
686.749
686.749
686.749
686.749
472.757
472.757
472.757
472.757
472.757
735.811
735.811
735.811
735.811
735.811
308.753
308.753
308.753
308.753
308.753
481.705
481.705
481.705
481.705
481.705
230.603
230.603
230.603
230.603
230.603
494.931
494.931
494.931
494.931
494.931
245.865
245.865
245.865
245.865
245.865
684.438
684.438
684.438
684.438
684.438
665.245
665.245
665.245
665.245
665.245
513.619
513.619
513.619
513.619
513.619
752.5
752.5
752.5
752.5
752.5
447.844
447.844
447.844
447.844
447.844
314.18
314.18
314.18
314.18
314.18
538.965
538.965
538.965
538.965
538.965
517.082
517.082
517.082
517.082
517.082
616.75
616.75
616.75
616.75
616.75
528
528
528
528
528
549.208
549.208
549.208
549.208
549.208
574.666
574.666
574.666
574.666
574.666
714.385
714.385
714.385
714.385
714.385
442.847
442.847
442.847
442.847
442.847
602.289
602.289
602.289
602.289
602.289
690.275
690.275
690.275
690.275
690.275
524.379
524.379
524.379
524.379
524.379
608.937
608.937
608.937
608.937
608.937
419.277
419.277
419.277
419.277
419.277
370
370
370
370
370
561.037
561.037
561.037
561.037
561.037
656.125
656.125
656.125
656.125
656.125
531.101
531.101
531.101
531.101
531.101
704.789
704.789
704.789
704.789
704.789
355.298
355.298
355.298
355.298
355.298
510.84
510.84
510.84
510.84
510.84
530.174
530.174
530.174
530.174
530.174
472.692
472.692
472.692
472.692
472.692
710.085
710.085
710.085
710.085
710.085
530.001
530.001
530.001
530.001
530.001
441.429
441.429
441.429
441.429
441.429
682.034
682.034
682.034
682.034
682.034
728.314
728.314
728.314
728.314
728.314
431.24
431.24
431.24
431.24
431.24
501.063
501.063
501.063
501.063
501.063
494.938
494.938
494.938
494.938
494.938
426.453
426.453
426.453
426.453
426.453
293.222
293.222
293.222
293.222
293.222
418.321
418.321
418.321
418.321
418.321
423
423
423
423
423
408.495
408.495
408.495
408.495
408.495
572.935
572.935
572.935
572.935
572.935
438.317
438.317
438.317
438.317
438.317
556.5
556.5
556.5
556.5
556.5
309.884
309.884
309.884
309.884
309.884
679.391
679.391
679.391
679.391
679.391
523.546
523.546
523.546
523.546
523.546
703.882
703.882
703.882
703.882
703.882
398.1
398.1
398.1
398.1
398.1
729.094
729.094
729.094
729.094
729.094
521.5
521.5
521.5
521.5
521.5
170.255
170.255
170.255
170.255
170.255
422.531
422.531
422.531
422.531
422.531
317.885
317.885
317.885
317.885
317.885
648.84
648.84
648.84
648.84
648.84
578.074
578.074
578.074
578.074
578.074
533.233
533.233
533.233
533.233
533.233
572.516
572.516
572.516
572.516
572.516
394
394
394
394
394
696.396
696.396
696.396
696.396
696.396
609.842
609.842
609.842
609.842
609.842
682.354
682.354
682.354
682.354
682.354
681.161
681.161
681.161
681.161
681.161
546.703
546.703
546.703
546.703
546.703
565.75
565.75
565.75
565.75
565.75
499.952
499.952
499.952
499.952
499.952
622.141
622.141
622.141
622.141
622.141
624.25
624.25
624.25
624.25
624.25
395.955
395.955
395.955
395.955
395.955
645.219
645.219
645.219
645.219
645.219
362.48
362.48
362.48
362.48
362.48
519.798
519.798
519.798
519.798
519.798
395.51
395.51
395.51
395.51
395.51
753.016
753.016
753.016
753.016
753.016
651.097
651.097
651.097
651.097
651.097
711.749
711.749
711.749
711.749
711.749
586.928
586.928
586.928
586.928
586.928
507.59
507.59
507.59
507.59
507.59
493.951
493.951
493.951
493.951
493.951
614.938
614.938
614.938
614.938
614.938
265.438
265.438
265.438
265.438
265.438
283.938
283.938
283.938
283.938
283.938
620.157
620.157
620.157
620.157
620.157
354.715
354.715
354.715
354.715
354.715
397.589
397.589
397.589
397.589
397.589
412.459
412.459
412.459
412.459
412.459
396.333
396.333
396.333
396.333
396.333
496.063
496.063
496.063
496.063
496.063
392.451
392.451
392.451
392.451
392.451
616.737
616.737
616.737
616.737
616.737
378.773
378.773
378.773
378.773
378.773
540.25
540.25
540.25
540.25
540.25
566.484
566.484
566.484
566.484
566.484
463.857
463.857
463.857
463.857
463.857
563.92
563.92
563.92
563.92
563.92
460.878
460.878
460.878
460.878
460.878
499.027
499.027
499.027
499.027
499.027
483
483
483
483
483
528.613
528.613
528.613
528.613
528.613
457.016
457.016
457.016
457.016
457.016
659.633
659.633
659.633
659.633
659.633
760.024
760.024
760.024
760.024
760.024
450.497
450.497
450.497
450.497
450.497
372.521
372.521
372.521
372.521
372.521
616.099
616.099
616.099
616.099
616.099
304.406
304.406
304.406
304.406
304.406
424.625
424.625
424.625
424.625
424.625
520.721
520.721
520.721
520.721
520.721
734.161
734.161
734.161
734.161
734.161
609.15
609.15
609.15
609.15
609.15
303.605
303.605
303.605
303.605
303.605
450.404
450.404
450.404
450.404
450.404
286.734
286.734
286.734
286.734
286.734
562.688
562.688
562.688
562.688
562.688
403.261
403.261
403.261
403.261
403.261
646.066
646.066
646.066
646.066
646.066
627.406
627.406
627.406
627.406
627.406
599.932
599.932
599.932
599.932
599.932
510.656
510.656
510.656
510.656
510.656
349.949
349.949
349.949
349.949
349.949
494.625
494.625
494.625
494.625
494.625
621.574
621.574
621.574
621.574
621.574
455.188
455.188
455.188
455.188
455.188
684.742
684.742
684.742
684.742
684.742
602.465
602.465
602.465
602.465
602.465
500.015
500.015
500.015
500.015
500.015
651.312
651.312
651.312
651.312
651.312
590.746
590.746
590.746
590.746
590.746
700.542
700.542
700.542
700.542
700.542
408.515
408.515
408.515
408.515
408.515
478.059
478.059
478.059
478.059
478.059
706.884
706.884
706.884
706.884
706.884
545.244
545.244
545.112
545.112
545.112
613.284
613.284
613.284
613.284
613.284
595.61
595.61
595.61
595.61
595.61
480.717
480.717
480.717
480.717
480.717
581.36
581.36
581.36
581.36
581.36
451.911
451.911
451.911
451.911
451.911
557.078
557.078
557.078
557.078
557.078
608.256
608.256
608.256
608.256
608.256
475.959
475.959
475.959
475.959
475.959
479.297
479.297
479.297
479.297
479.297
672.375
672.375
672.375
672.375
672.375
667.738
667.738
667.738
667.738
667.738
528.02
528.02
528.02
528.02
528.02
451.918
451.918
451.918
451.918
451.918
373.844
373.844
373.844
373.844
373.844
294.186
294.186
294.186
294.186
294.186
577.75
577.75
577.75
577.75
577.75
559.043
559.043
559.043
559.043
559.043
589.63
589.63
589.369
589.369
589.369
132.062
132.062
132.062
132.062
132.062
210.875
210.875
210.875
210.875
210.875
642.292
642.292
642.292
642.292
642.292
581.366
581.37
581.37
581.37
657.49
488.125
488.125
488.125
488.125
488.125
544.135
544.135
544.135
544.135
544.135
680.897
680.897
680.897
680.897
680.897
544.167
544.167
544.167
544.167
544.167
409.857
409.857
409.857
409.857
409.857
300.563
300.563
300.563
300.563
300.563
326.94
326.94
326.94
326.94
326.94
326.5
326.5
326.5
326.5
326.5
631.594
631.594
631.594
631.594
631.594
634.625
634.625
634.625
634.625
634.625
447.945
447.945
447.945
447.945
447.945
675.625
675.625
675.625
675.625
675.625
439.859
439.859
439.859
439.859
439.859
452.054
452.054
452.054
452.054
452.054
367.719
367.719
367.719
367.719
367.719
645.375
645.375
645.375
645.375
645.375
623.5
623.5
623.5
623.5
623.5
443.375
443.375
443.375
443.375
443.375
357.875
357.875
357.875
357.875
357.875
616.028
616.028
616.028
616.028
616.028
522.731
522.731
522.731
522.731
522.731
643.645
643.645
643.645
643.645
643.645
677.598
677.598
677.598
677.598
677.598
588.887
588.887
588.887
588.887
588.887
735
735
735
735
735
590.828
590.828
590.828
590.828
590.828
731.949
731.949
731.949
731.949
731.949
548.378
548.378
548.378
548.378
548.378
613.457
613.457
613.457
613.457
613.457
419.201
419.201
419.201
419.201
419.201
403.372
403.372
403.372
403.372
403.372
674.127
674.127
674.127
674.127
674.127
610.625
610.625
610.625
610.625
610.625
454.048
454.048
454.048
454.048
454.048
535.947
535.947
535.947
535.947
535.947
658.162
658.162
658.162
658.162
658.162
636.891
636.891
636.891
636.891
636.891
446.324
446.324
446.324
446.324
446.324
157.371
157.371
157.371
157.371
157.371
533.858
533.858
533.858
533.858
533.858
412.609
412.609
412.609
412.609
412.609
536.688
536.688
536.688
536.688
536.688
620.5
620.5
620.5
620.5
620.5
438.797
438.797
438.797
438.797
438.797
585.195
585.195
585.195
585.195
585.195
490.813
490.813
490.813
490.813
490.813
536.719
536.719
536.719
536.719
536.719
409.125
409.125
409.125
409.125
409.125
218.677
218.677
218.677
218.677
218.677
498.699
498.699
498.699
498.699
498.699
258.768
258.768
258.768
258.768
258.768
728.245
728.245
728.245
728.245
728.245
470.721
470.721
470.721
470.721
470.721
721.156
721.156
721.156
721.156
721.156
627.945
627.945
627.945
627.945
627.945
638.605
638.605
638.605
638.605
638.605
369.969
369.969
369.969
369.969
369.969
710.755
710.755
710.755
710.755
710.755
483.469
483.469
483.469
483.469
483.469
619.667
619.667
619.667
619.667
619.667
394.881
394.881
394.881
394.881
394.881
350.793
350.793
350.793
350.793
350.793
461
461
461
461
461
714.362
714.362
714.362
714.362
714.362
336.133
336.133
336.133
336.133
336.133
495.672
495.672
495.672
495.672
495.672
593.443
593.443
593.443
593.443
593.443
388.3
388.3
388.3
388.3
388.3
652.202
652.202
652.202
652.202
652.202
272.511
272.511
272.511
272.511
272.511
453.141
453.141
453.141
453.141
453.141
581.742
581.742
581.742
581.742
581.742
573.458
573.458
573.458
573.458
573.458
743.46
743.46
743.46
743.46
743.46
435.301
435.301
435.301
435.301
435.301
233.377
233.377
233.381
233.381
233.381
304.416
304.416
304.416
304.416
304.416
568.683
568.683
568.683
568.683
568.683
548.031
548.031
548.031
548.031
548.031
240.938
240.938
240.938
240.938
240.938
653.893
653.893
653.893
653.893
653.893
692.896
692.896
692.896
692.896
692.896
484.271
484.271
484.271
484.271
484.271
756.37
756.37
756.37
756.37
756.37
655.837
655.837
655.837
655.837
655.837
359.587
359.587
359.587
359.587
359.587
566.148
566.148
566.148
566.148
566.148
466.313
466.313
466.313
466.313
466.313
600.125
600.125
600.125
600.125
600.125
513.297
513.297
513.297
513.297
513.297
616.789
616.789
616.789
616.789
616.789
368.082
368.082
368.082
368.082
368.082
171.155
171.155
171.155
171.155
171.155
533.246
533.246
533.246
533.246
533.246
0
