0
0
0
0
228.802
228.802
228.802
228.802
228.802
332.963
332.963
332.963
332.963
332.963
707.051
703.727
703.727
703.727
703.727
350.465
350.465
350.465
350.465
350.465
760.076
760.076
760.076
760.076
760.076
403.71
403.71
403.71
403.71
403.71
475.223
475.223
475.223
475.223
475.223
209.175
209.175
209.175
209.175
209.175
686.27
686.27
686.27
686.27
686.27
579.406
579.406
579.406
579.406
579.406
690.156
690.156
690.156
690.156
690.156
656.031
656.031
656.031
656.031
656.031
601.381
601.381
601.285
601.285
601.285
487.977
487.977
487.977
487.977
487.977
587.438
587.438
587.438
587.438
587.438
614.625
614.625
614.625
614.625
614.625
632.542
632.542
632.542
632.542
632.542
595.406
595.406
595.406
595.406
595.406
417.324
417.324
417.324
417.324
417.324
612.169
612.169
612.169
612.169
612.169
531.45
531.45
531.45
531.45
531.45
297.912
297.912
297.912
297.912
297.912
602.313
602.313
602.313
602.313
602.313
496.5
496.5
496.5
496.5
496.5
484.99
484.99
484.99
484.99
484.99
547.1
547.1
547.1
547.1
547.1
626.359
626.359
626.359
626.359
626.359
557.658
557.658
557.658
557.658
557.658
465
465
465
465
465
645.781
645.781
645.781
645.781
645.781
606.181
606.181
606.181
606.181
606.181
467.089
467.089
467.089
467.089
467.089
386.961
386.961
386.961
386.961
386.961
706.095
706.095
706.095
706.095
706.095
704.493
704.493
704.493
704.493
704.493
367.781
367.781
367.781
367.781
367.781
334.639
334.639
334.639
334.639
334.639
556.613
556.613
556.613
556.613
556.613
348.704
348.704
348.704
348.704
348.704
297.25
297.25
297.25
297.25
297.25
738.031
738.031
738.031
738.031
738.031
636.002
636.002
636.002
636.002
636.002
543.409
543.409
543.409
543.409
543.409
649.754
649.754
649.754
649.754
649.754
551.606
551.606
551.606
551.606
562.524
665.399
665.399
665.399
665.399
665.399
352.185
352.185
352.185
352.185
352.185
547.563
547.563
547.563
547.563
547.563
383.5
383.5
383.5
383.5
383.5
552.027
552.027
552.027
552.027
552.027
631.25
631.25
631.25
631.25
631.25
686.668
686.668
686.668
686.668
686.668
558.604
558.604
558.604
558.604
558.604
700
700
700
700
700
484.07
484.07
484.07
484.07
484.07
475.99
475.99
475.99
475.99
475.99
719.608
719.608
719.608
719.608
719.608
330.461
330.461
330.461
330.461
330.461
543.695
543.695
543.695
543.695
543.695
470.127
470.127
470.127
470.127
470.127
395.184
395.184
395.184
395.184
395.184
582.625
582.625
582.625
582.625
582.625
515.65
515.65
515.65
515.65
515.65
296.938
296.938
296.938
296.938
296.938
237
237
237
237
237
502
502
502
502
502
589.951
589.951
589.951
589.951
589.951
644.966
644.966
644.966
644.966
644.966
371.572
371.572
371.572
371.572
371.572
395.073
395.073
395.073
395.073
395.073
503.955
503.955
503.955
503.955
503.955
469.25
469.25
469.25
469.25
469.25
519.453
519.453
519.453
519.453
519.453
409
409
409
409
409
649.234
649.234
649.234
649.234
649.234
589.816
589.816
589.816
589.816
589.816
432.27
432.27
432.27
432.27
432.27
426.857
426.857
426.857
426.857
426.857
692.033
692.033
692.033
692.033
692.033
636.97
636.97
636.97
636.97
636.97
569.683
569.683
569.683
569.683
569.683
614.452
614.452
614.452
614.452
614.452
345.438
345.438
345.438
345.438
345.438
653.244
653.244
653.244
653.244
653.244
531.369
531.369
531.369
531.369
531.369
243.946
243.946
243.946
243.946
243.946
398.969
398.969
398.969
398.969
398.969
281.303
281.303
281.303
281.303
281.303
570.955
570.955
570.955
570.955
570.955
499.133
499.133
499.133
499.133
499.133
471.428
471.428
471.428
471.428
471.428
305.43
305.43
305.43
305.43
305.43
628.503
628.503
628.503
628.503
628.503
338.031
338.031
338.031
338.031
338.031
594.219
594.219
594.219
594.219
594.219
196.107
196.107
196.107
196.107
196.107
492.322
492.322
492.322
492.322
492.322
721.178
721.178
721.178
721.178
721.178
599.672
599.672
599.672
599.672
599.672
547.813
547.813
547.813
547.813
547.813
236.52
236.52
236.52
236.52
236.52
622.016
622.016
622.016
622.016
622.016
475.972
475.972
475.972
475.972
475.972
653.797
653.797
653.797
653.797
653.797
161.154
161.154
161.154
161.154
161.154
502.15
502.15
502.15
502.15
502.15
427.406
427.406
427.406
427.406
427.406
522.859
522.859
522.859
522.859
522.859
520.375
520.375
520.375
520.375
520.375
568.162
568.162
568.162
568.162
568.162
447.184
447.184
447.184
447.184
447.184
735.915
735.915
735.915
735.915
735.915
472.453
472.453
472.453
472.453
472.453
320.56
320.56
320.56
320.56
320.56
610.101
610.101
610.101
610.101
610.101
402.953
402.953
402.953
402.953
402.953
472.688
472.688
472.688
472.688
472.688
534.25
534.25
534.25
534.25
534.25
569.355
569.355
569.355
569.355
569.355
529.854
529.854
529.854
529.854
529.854
585.773
585.773
585.773
585.773
585.773
365.615
365.615
365.615
365.615
365.615
604.273
604.273
604.273
604.273
604.273
700.563
700.563
700.563
700.563
700.563
477
477
477
477
477
622.112
622.112
622.112
622.112
622.112
192.984
192.984
192.984
192.984
192.984
178.859
178.859
178.859
178.859
178.859
618.051
618.051
618.051
618.051
618.051
536.116
536.116
536.116
536.116
536.116
419.217
419.217
419.217
419.217
419.217
367.125
367.125
367.125
367.125
367.125
531.295
531.295
531.295
531.295
531.295
669.296
669.296
669.296
669.296
669.296
597.625
597.625
597.625
597.625
597.625
622.104
622.104
622.104
622.104
622.104
742.788
742.788
742.788
742.788
742.788
558.216
558.216
558.215
558.215
558.215
418.434
418.434
418.434
418.434
418.434
437.289
437.289
437.289
437.289
437.289
451.945
451.945
451.945
451.945
451.945
523.697
523.697
523.697
523.697
523.697
524.037
524.037
524.037
524.037
524.037
481.619
481.619
481.619
481.619
481.619
483.094
483.094
483.094
483.094
483.094
187.234
187.234
187.234
187.234
187.234
490.565
490.565
490.565
490.565
490.565
312.771
312.771
312.771
312.771
312.771
330.77
330.77
330.77
330.77
330.77
780.808
780.808
780.808
780.808
780.808
771.453
771.453
771.453
771.453
771.453
634.477
634.477
634.477
634.477
634.477
414.666
414.666
414.666
414.666
414.666
524.226
524.226
524.226
524.226
524.226
570.679
570.679
570.679
570.679
570.679
628.945
628.945
628.945
628.945
628.945
645.721
645.721
645.721
645.721
645.721
451.67
451.67
451.67
451.67
451.67
270.25
270.25
270.25
270.25
270.25
480.972
480.972
480.972
480.972
480.972
749
749
749
749
749
656.5
656.5
656.5
656.5
656.5
577.601
577.601
577.601
577.601
577.601
327.559
327.559
327.59
327.59
327.59
716.183
716.183
716.183
716.183
716.183
634.662
634.662
634.662
634.662
634.662
544.007
544.007
544.007
544.007
544.007
586.013
589.463
589.463
589.463
589.463
739.109
739.109
739.109
739.109
739.109
641.75
641.75
641.75
641.75
641.75
442.125
442.125
442.125
442.125
442.125
534.514
534.514
534.514
534.514
534.514
467.785
467.785
467.785
467.785
467.785
499.146
499.146
499.146
499.146
499.146
342.645
342.645
342.645
342.645
342.645
642.733
642.733
642.733
642.733
642.733
498.092
498.092
498.092
498.092
498.092
691.873
691.873
691.873
691.873
691.873
372.975
372.975
372.975
372.975
372.975
580.153
580.153
580.153
580.153
580.153
672.156
672.156
672.156
672.156
672.156
680.438
680.438
680.438
680.438
680.438
491.319
487.169
487.169
487.169
487.169
309.084
309.084
309.084
309.084
309.084
685.5
685.5
685.5
685.5
685.5
465.076
465.076
465.076
465.076
465.076
538.09
538.09
538.09
538.09
538.09
763.187
763.187
763.187
763.187
763.187
602.064
602.064
602.064
602.064
602.064
556.641
556.641
556.641
556.641
556.641
746.85
746.85
746.85
746.85
746.85
648.25
648.25
648.25
648.25
648.25
567.75
567.75
567.75
567.75
567.75
526.113
526.113
526.113
526.113
526.113
412.438
412.438
412.438
412.438
412.438
660.621
660.621
660.621
660.621
660.621
701.389
701.389
701.389
701.389
701.389
498.28
498.28
498.28
498.28
498.28
518.471
518.471
518.471
518.471
518.471
365.875
365.875
365.875
365.875
365.875
425.162
425.162
425.162
425.162
425.162
526.419
526.419
526.419
526.419
526.419
548.789
548.789
548.789
548.789
548.789
438.461
438.461
438.461
438.461
438.461
318
318
318
318
318
465.156
465.156
465.156
465.156
465.156
470.398
470.398
470.398
470.398
470.398
541.826
541.826
541.826
541.826
541.826
611.71
611.71
611.71
611.71
611.71
638.703
638.703
638.703
638.703
638.703
314.125
314.125
314.125
314.125
314.125
560.75
560.75
560.75
560.75
560.75
536.571
536.571
536.571
536.571
536.571
529.625
529.625
529.625
529.625
529.625
466.422
466.422
466.422
466.422
466.422
657.117
657.117
657.117
657.117
657.117
656.421
656.421
656.421
656.421
656.421
637.26
637.26
637.26
637.26
637.26
524.532
524.532
524.532
524.532
524.532
324.62
324.62
324.62
324.62
324.62
526.126
526.126
526.126
526.126
526.126
475.484
475.484
475.484
475.484
475.484
621.406
621.406
621.406
621.406
621.406
595.28
595.28
595.28
595.28
595.28
495.588
495.588
495.588
495.588
495.588
518.57
518.57
518.57
518.57
518.57
485.992
485.992
485.992
485.992
485.992
350.172
350.172
350.172
350.172
350.172
364.117
364.117
364.117
364.117
364.117
641.273
641.273
641.273
641.273
641.273
617.781
617.781
617.781
617.781
617.781
756.711
756.711
756.711
756.711
756.711
199.258
199.258
199.258
199.258
199.258
422.204
422.204
422.204
422.204
422.204
597.375
597.375
597.375
597.375
597.375
530.85
530.85
530.85
530.85
530.85
531.313
531.313
531.313
531.313
531.313
275.016
275.016
275.016
275.016
275.016
535.231
535.231
535.231
535.231
535.231
534.641
534.641
534.641
534.641
534.641
408.455
408.455
408.455
408.455
408.455
546.07
546.07
546.07
546.07
546.07
703.25
703.25
703.25
703.25
703.25
509.186
509.186
509.186
509.186
509.186
788.361
788.361
788.361
788.361
788.361
269.052
269.052
269.052
269.052
269.052
531.625
531.625
531.625
531.625
531.625
662.063
662.063
662.063
662.063
662.063
452.62
452.62
452.62
452.62
452.62
536.438
536.438
536.438
536.438
536.438
394.928
394.928
394.928
394.928
394.928
591.431
591.431
591.431
591.431
591.431
586.844
586.844
586.844
586.844
586.844
586.841
586.841
586.841
586.841
586.841
473.778
473.778
473.778
473.778
473.778
464.957
464.957
464.957
464.957
464.957
736.055
736.055
736.055
736.055
736.055
486.549
486.549
486.549
486.549
486.549
473.732
473.732
473.732
473.732
473.732
454.805
454.805
454.805
454.805
454.805
308.168
308.168
308.168
308.168
308.168
589.219
589.219
589.219
589.219
589.219
675.25
675.25
675.25
675.25
675.25
501.793
501.793
501.793
501.793
501.793
471.125
471.125
471.125
471.125
471.125
592.947
592.947
592.947
592.947
592.947
396.593
396.593
396.593
396.593
396.593
519.5
519.5
519.5
519.5
519.5
362.047
362.047
362.047
362.047
362.047
690.173
690.173
690.173
690.173
690.173
609.195
609.195
609.195
609.195
609.195
467.094
467.094
467.094
467.094
467.094
313.625
313.625
313.625
313.625
313.625
427.705
427.705
427.705
427.705
427.705
525.242
525.242
525.242
525.242
525.242
329.914
329.914
329.914
329.914
329.914
485.016
485.016
485.016
485.016
485.016
260.781
260.781
260.781
260.781
260.781
686.203
686.203
686.203
686.203
686.203
554.76
554.76
554.76
554.76
554.76
600.813
600.813
600.813
600.813
600.813
427.563
427.563
427.563
427.563
427.563
764.707
764.707
764.707
764.707
764.707
509.624
509.624
509.624
509.624
509.624
605.497
605.497
605.497
605.497
605.497
587.56
587.56
587.56
587.56
587.56
455.922
455.922
455.922
455.922
455.922
661.96
661.96
661.96
661.96
661.96
646.698
646.698
646.698
646.698
646.698
460.813
460.813
460.813
460.813
460.813
705.75
705.75
705.75
705.75
705.75
460.445
460.445
460.445
460.445
460.445
555.447
555.447
555.447
555.447
555.447
540.517
540.517
540.517
540.517
540.517
558.567
558.567
558.567
558.567
558.567
646.285
646.285
646.285
646.285
646.285
480.844
480.844
480.844
480.844
480.844
553.5
553.5
553.5
553.5
553.5
437.318
437.318
437.318
437.318
437.318
391.438
391.438
391.438
391.438
391.438
187.889
187.889
187.889
187.889
187.889
334.359
334.359
334.359
334.359
334.359
584.102
584.102
584.102
584.102
584.102
655.5
655.5
655.5
655.5
655.5
524.281
524.281
524.281
524.281
524.281
660.821
660.821
660.821
660.821
660.821
491.094
491.094
491.094
491.094
491.094
360.578
360.578
360.578
360.578
360.578
419.563
419.563
419.563
419.563
419.563
613.125
613.125
613.125
613.125
613.125
690.813
690.813
690.813
690.813
690.813
770.02
770.02
770.02
770.02
770.02
591.656
591.656
591.656
591.656
591.656
430.641
430.641
430.641
430.641
430.641
436.609
436.609
436.609
436.609
436.609
370.314
370.314
370.314
370.314
370.314
664.914
664.914
664.914
664.914
664.914
683
683
683
683
683
419.707
419.707
419.707
419.707
419.707
748.406
748.406
748.406
748.406
748.406
264.053
264.053
264.053
264.053
264.053
655.338
655.338
655.338
655.338
655.338
488.656
488.656
488.656
488.656
488.656
491.188
491.188
491.188
491.188
491.188
308.808
308.808
308.808
308.808
308.808
686.43
686.43
686.43
686.43
686.43
560.599
560.599
560.599
560.599
560.599
634
634
634
634
634
571.324
571.324
571.324
571.324
571.324
712.823
712.823
712.823
712.823
712.823
402.069
402.069
402.069
402.069
402.069
581.688
581.688
581.688
581.688
581.688
142.229
142.229
142.229
142.229
142.229
552.352
552.352
552.352
552.352
552.352
582.766
582.766
582.766
582.766
582.766
586.354
586.354
586.354
586.354
586.354
734.455
734.455
734.455
734.455
734.455
482.574
482.574
482.574
482.574
482.574
518.082
518.082
518.082
518.082
518.082
521.929
521.929
521.929
521.929
521.929
694.521
694.521
694.521
694.521
694.521
601.744
601.744
601.744
601.744
601.744
490.435
490.435
490.435
490.435
490.435
483.258
483.258
483.258
483.258
483.258
478.114
478.114
478.114
478.114
478.114
236.428
236.428
236.428
236.428
236.428
536.297
536.297
536.297
536.297
536.297
356.45
356.45
356.45
356.45
356.45
526.563
526.563
526.563
526.563
526.563
688.406
688.406
688.406
688.406
688.406
657.5
657.5
657.5
657.5
657.5
576.448
576.448
576.448
576.448
576.448
419.504
419.504
419.504
419.504
419.504
573.906
573.906
573.906
573.906
573.906
469.686
503.372
503.372
503.372
503.372
539.5
539.5
539.5
539.5
539.5
637.523
637.523
637.523
637.523
637.523
598.655
598.655
598.655
598.655
598.655
524.652
524.652
524.652
524.652
524.652
419.554
419.554
419.554
419.554
419.554
622.707
622.707
622.707
622.707
622.707
435.319
435.319
435.319
435.319
435.319
384.793
384.793
384.793
384.793
384.793
682.605
682.605
682.605
682.605
682.605
545.666
545.666
545.666
545.666
545.666
660.713
660.713
660.713
660.713
660.713
539.843
539.843
539.843
539.843
539.843
467.045
467.045
467.09
467.09
467.09
533.813
533.813
533.813
533.813
533.813
408.207
408.207
408.207
408.207
408.207
513.677
513.677
513.677
513.677
513.677
414.965
414.965
414.965
414.965
414.965
687.608
687.608
687.608
687.608
687.608
629.367
629.367
629.367
629.367
629.367
681.514
681.514
681.514
681.514
681.514
431.5
431.5
431.5
431.5
431.5
610.297
610.297
610.297
610.297
610.297
504.688
504.688
504.688
504.688
504.688
286.047
286.047
286.047
286.047
286.047
629.586
629.586
629.586
629.586
629.586
278.879
278.879
278.879
278.879
278.879
613.203
613.203
613.203
613.203
613.203
191.516
191.516
191.516
191.516
191.516
531.978
531.978
531.978
531.978
531.978
309.004
309.004
309.004
309.004
309.004
740.684
740.684
740.684
740.684
740.684
708.349
708.349
708.349
708.349
708.349
319.813
319.813
319.813
319.813
319.813
463.399
463.399
463.399
463.399
463.399
674.009
674.009
674.009
674.009
674.009
324.815
324.815
324.815
324.815
324.815
669.938
669.938
669.938
669.938
669.938
652.625
652.625
652.625
652.625
652.625
534.125
534.125
534.125
534.125
534.125
611.906
611.906
611.906
611.906
722.813
519.563
519.563
519.563
519.563
519.563
539.031
539.031
539.031
539.031
539.031
265.334
265.334
265.334
265.334
265.334
467.625
467.625
467.625
467.625
467.625
646.375
646.375
646.375
646.375
646.375
630.328
630.328
630.328
630.328
630.328
468.269
468.269
468.269
468.269
468.269
639.884
639.884
639.884
639.884
639.884
642.465
642.465
642.465
642.465
642.465
674.289
674.289
674.289
674.289
674.289
634.852
634.852
634.852
634.852
634.852
492.661
492.661
492.661
492.661
492.661
389.672
389.672
389.672
389.672
389.672
139.422
139.422
139.422
139.422
139.422
290.895
290.895
290.895
290.895
290.895
346.11
346.11
346.11
346.11
346.11
521.063
521.063
521.063
521.063
521.063
417.535
417.535
417.535
417.535
417.535
462
462
462
462
462
554.109
554.109
554.109
554.109
554.109
709.609
709.609
709.609
709.609
709.609
496.924
496.924
496.924
496.924
496.924
656.645
656.645
656.645
656.645
656.645
259.57
259.57
259.57
259.57
259.57
572.207
572.207
572.207
572.207
572.207
338.211
338.211
338.211
338.211
338.211
474.023
474.023
474.023
474.023
474.023
519.438
519.438
519.438
519.438
519.438
522.35
522.35
522.35
522.35
522.35
649.703
649.703
649.703
649.703
649.703
584.398
584.398
584.398
584.398
584.398
494.838
494.838
494.838
494.838
494.838
527.95
527.95
527.95
527.95
527.95
641.613
641.613
641.613
641.613
641.613
685.044
685.179
685.179
685.179
685.179
379.047
379.047
379.047
379.047
379.047
640.727
640.727
640.727
640.727
640.727
674.781
674.781
674.781
674.781
674.781
417.943
417.943
417.943
417.943
417.943
446.906
446.906
446.906
446.906
446.906
634.459
634.459
634.459
634.459
634.459
424.219
424.219
424.219
424.219
424.219
545.391
545.391
545.391
545.391
545.391
562.963
562.963
562.963
562.963
562.963
684
684
684
684
684
317.6
317.6
317.6
317.6
317.6
467.428
467.428
467.428
467.428
467.428
639.449
639.449
639.449
639.449
639.449
639.859
626.718
626.718
626.718
626.718
524.197
524.197
524.197
524.197
524.197
313.141
313.141
313.141
313.141
313.141
644.533
644.533
644.533
644.533
644.533
350.779
350.779
350.779
350.779
350.779
607.363
607.363
607.363
607.363
607.363
514.688
514.688
515.031
515.031
515.031
415.273
415.273
415.273
415.273
415.273
364.004
364.004
364.004
364.004
364.004
322.733
322.733
322.733
322.733
322.733
456.48
456.48
456.48
456.48
456.48
660.611
660.611
660.611
660.611
660.611
440.016
440.016
440.016
440.016
440.016
485.937
485.937
485.937
485.937
485.937
423
423
423
423
423
485.875
485.875
485.875
485.875
485.875
575.25
575.25
575.25
575.25
575.25
509.656
509.656
509.656
509.656
509.656
702.417
702.415
702.415
702.415
702.415
487.246
487.246
487.246
487.246
487.246
650.031
650.031
650.031
650.031
650.031
184.197
184.197
184.197
184.197
184.197
412.926
412.926
412.926
412.926
412.926
281.517
281.517
281.517
281.517
281.517
660.729
660.729
660.729
660.729
660.729
373.251
373.251
373.251
373.251
373.251
665.782
665.782
665.782
665.782
665.782
634.849
634.849
634.849
634.849
634.849
210.5
210.5
210.5
210.5
210.5
252.422
252.422
252.422
252.422
252.422
537.25
537.25
537.25
537.25
537.25
661.37
661.252
661.252
661.252
661.252
501.773
501.773
501.773
501.773
501.773
346.844
346.844
346.844
346.844
346.844
337.664
337.664
337.664
337.664
337.664
274.916
274.916
274.916
274.916
274.916
712.615
712.615
712.615
712.615
712.615
528.64
528.64
528.64
528.64
528.64
570.323
570.323
570.323
570.323
570.323
414.509
414.509
414.509
414.509
414.509
394.214
394.214
394.214
394.214
394.214
522.375
522.375
522.375
522.375
522.375
437.619
437.619
437.619
437.619
437.619
530.973
530.973
530.973
530.973
530.973
452.5
452.5
452.5
452.5
452.5
455.186
455.186
455.186
455.186
455.186
718.226
718.226
718.226
718.226
718.226
493.137
493.137
493.137
493.137
493.137
560.256
560.256
560.256
560.256
560.256
497.188
497.188
497.188
497.188
497.188
388.27
388.27
388.27
388.27
388.27
468.002
468.002
468.002
468.002
468.002
355.256
355.256
355.256
355.256
355.256
705.772
705.772
705.772
705.772
705.772
416.037
416.037
416.037
416.037
416.037
702.004
702.004
702.004
702.004
702.004
546.805
546.805
546.805
546.805
546.805
538.17
538.17
538.17
538.17
538.17
334.848
334.848
334.848
334.848
334.848
443.836
443.836
443.836
443.836
443.836
383.094
383.094
383.094
383.094
383.094
475.109
475.109
475.109
475.109
475.109
513.779
513.779
513.779
513.779
513.779
431.137
431.137
431.137
431.137
431.137
625.061
625.061
625.061
625.061
625.061
351.18
351.18
351.18
351.18
351.18
554.675
554.675
554.675
554.675
554.675
593.469
593.469
593.469
593.469
593.469
542.943
542.943
542.943
542.943
542.943
596.375
596.375
596.375
596.375
596.375
398.824
398.824
398.824
398.824
398.824
720.22
720.22
720.22
720.22
720.22
589.396
589.396
589.396
589.396
589.396
527.875
527.875
527.875
527.875
527.875
462.75
462.75
462.75
462.75
462.75
524.004
524.004
524.004
524.004
524.004
397.156
397.156
397.156
397.156
397.156
589.126
589.126
589.126
589.126
589.126
573.625
573.625
573.625
573.625
573.625
469.933
469.933
469.933
469.933
469.933
680.695
680.695
680.695
680.695
680.695
468.313
468.313
468.313
468.313
468.313
639.375
639.375
639.375
639.375
639.375
681.248
681.248
681.248
681.248
681.248
646.133
646.133
646.133
646.133
646.133
303.826
303.826
303.826
303.826
303.826
530.697
530.697
530.697
530.697
530.697
214.25
214.25
214.25
214.25
214.25
230.52
230.52
230.52
230.52
230.52
456.389
456.389
456.389
456.389
456.389
473.722
473.722
473.722
473.722
473.722
573.689
573.689
573.689
573.689
573.689
510
510
510
510
510
634.25
634.25
634.25
634.25
634.25
688.381
688.381
688.381
688.381
688.381
615.25
615.25
615.25
615.25
615.25
710.843
710.843
710.843
710.843
710.843
358.875
358.875
358.875
358.875
358.875
536.5
536.5
536.5
536.5
536.5
357.594
357.594
357.594
357.594
357.594
464.666
464.666
464.666
464.666
464.666
718.939
718.939
718.939
718.939
718.939
508.074
508.074
508.074
508.074
508.074
447.037
447.037
447.037
447.037
447.037
540.746
540.746
540.746
540.746
540.746
353.016
353.016
353.016
353.016
353.016
564.169
564.169
564.169
564.169
564.169
581.326
581.326
581.326
581.326
581.326
533.458
533.458
533.458
533.458
533.458
461.438
461.438
461.438
461.438
461.438
660.594
660.594
660.594
660.594
660.594
538.248
538.248
538.248
538.248
538.248
410.9
410.9
410.9
410.9
410.9
576.199
576.199
576.199
576.199
576.199
439.859
439.859
439.859
439.859
439.859
533.593
533.593
533.593
533.593
533.593
450.469
450.469
450.469
450.469
450.469
455.819
455.819
455.819
455.819
455.819
406.469
406.469
406.469
406.469
406.469
615.547
615.547
615.547
615.547
615.547
579.912
579.912
579.912
579.912
579.912
569.188
569.188
569.188
569.188
569.188
656.445
656.445
656.445
656.445
656.445
718.438
718.438
718.438
718.438
718.438
721.042
721.051
721.051
721.051
721.051
556.097
556.097
556.097
556.097
556.097
416.599
416.599
416.599
416.599
416.599
577.621
577.621
577.621
577.621
577.621
486.185
486.185
486.185
486.185
486.185
497.008
497.008
497.008
497.008
497.008
352.434
352.434
352.434
352.434
352.434
638.375
638.375
638.375
638.375
638.375
528.359
528.359
528.359
528.359
528.359
415.156
415.156
415.156
415.156
415.156
693.836
693.836
693.836
693.836
693.836
673.871
673.871
673.871
673.871
673.871
713.878
713.878
713.878
713.878
713.878
639
639
639
639
639
598.263
598.263
598.263
598.263
598.263
395.563
395.563
395.563
395.563
395.563
486.604
486.604
486.604
486.604
486.604
495.71
495.71
495.71
495.71
495.71
270.622
270.622
270.622
270.622
270.622
589.25
589.25
589.25
589.25
589.25
551.009
551.009
551.009
551.009
551.009
483.892
483.892
483.892
483.892
483.892
554
554
554
554
554
479.75
479.75
479.75
479.75
479.75
460.184
460.184
460.184
460.184
460.184
306.583
306.583
306.583
306.583
306.583
616.912
616.912
616.912
616.912
616.912
250.375
250.375
250.375
250.375
250.375
464.467
464.467
464.467
464.467
464.467
642.208
642.208
642.208
642.208
642.208
375.424
375.424
375.424
375.424
375.424
591.389
591.389
591.389
591.389
591.389
676.044
676.044
676.044
676.044
676.044
394.563
394.563
394.563
394.563
394.563
565.93
565.93
565.93
565.93
565.93
498.406
498.406
498.406
498.406
498.406
658.591
658.591
658.591
658.591
658.591
618.641
618.641
618.641
618.641
618.641
631.918
631.918
631.918
631.918
631.918
628.436
628.436
628.436
628.436
628.436
516.75
516.75
516.75
516.75
516.75
511.219
511.219
511.219
511.219
511.219
721.844
721.844
721.844
721.844
721.844
611.359
611.359
611.359
611.359
611.359
270.669
270.669
270.669
270.669
270.669
503.214
609.429
609.429
609.429
609.429
474.615
474.615
474.615
474.615
474.615
262.749
262.749
262.749
262.749
262.749
430.704
430.704
430.704
430.704
430.704
604.907
604.907
604.907
604.907
604.907
493.094
493.094
493.094
493.094
493.094
564.156
564.156
564.156
564.156
564.156
660.789
660.789
660.789
660.789
660.789
527.719
527.719
527.719
527.719
527.719
775.148
775.148
775.148
775.148
775.148
283.665
283.665
283.665
283.665
283.665
716.855
716.855
716.855
716.855
716.855
591.858
591.858
591.858
591.858
591.858
486
486
486
486
486
725.624
725.624
725.624
725.624
725.624
505.853
505.853
505.853
505.853
505.853
678.382
678.382
678.382
678.382
678.382
428.912
428.912
428.912
428.912
428.912
472
472
472
472
472
541.394
541.394
541.394
541.394
541.394
420.749
420.749
420.749
420.749
420.749
665.604
665.604
665.604
665.604
665.604
317.885
317.885
317.885
317.885
317.885
387.204
387.204
387.204
387.204
387.204
417.283
417.283
417.283
417.283
417.283
558.634
558.634
558.634
558.634
558.634
485.014
485.014
485.014
485.014
485.014
410.788
410.788
410.788
410.788
410.788
515.242
515.242
515.242
515.242
515.242
550.781
550.781
550.781
550.781
550.781
570.439
570.439
570.439
570.439
570.439
534.316
534.316
534.316
534.316
534.316
367.5
367.5
367.5
367.5
367.5
404.601
404.601
404.601
404.601
404.601
783.746
783.746
783.746
783.746
783.746
394.83
394.83
394.83
394.83
394.83
543.899
543.899
543.899
543.899
543.899
572.573
572.573
572.573
572.573
572.573
518.071
518.071
518.071
518.071
518.071
265.472
265.472
265.472
265.472
265.472
511.409
511.411
511.411
511.411
511.411
573.031
573.031
573.031
573.031
573.031
338.208
338.208
338.208
338.208
338.208
434.125
434.125
434.125
434.125
434.125
514.719
514.719
514.719
514.719
514.719
475.598
475.598
475.598
475.598
475.598
657.25
657.25
657.25
657.25
657.25
491.5
491.5
491.5
491.5
491.5
649.073
649.073
649.073
649.073
649.073
690.02
690.02
690.02
690.02
690.02
229.5
229.5
229.5
229.5
229.5
561.804
561.804
561.804
561.804
561.804
616.979
616.979
616.979
616.979
616.979
342.936
342.936
342.936
342.936
342.936
478.375
478.375
478.375
478.375
478.375
511.294
511.294
511.294
511.294
511.294
527.049
527.049
527.049
527.049
527.049
435.617
435.617
435.617
435.617
435.617
444.58
444.58
444.58
444.58
444.58
670.501
670.501
670.501
670.501
670.501
632.5
632.5
632.5
632.5
632.5
675.868
675.868
675.868
675.868
675.868
476.297
476.297
476.297
476.297
476.297
567.688
567.688
567.688
567.688
567.688
561.75
561.75
561.75
561.75
561.75
602.954
602.954
602.954
602.954
602.954
525.699
525.699
525.699
525.699
525.699
508.713
508.713
508.713
508.713
508.713
312.334
312.334
312.334
312.334
312.334
741.998
741.998
741.998
741.998
741.998
656.43
656.43
656.43
656.43
656.43
387.58
387.58
387.58
387.58
387.58
490.728
490.728
490.728
490.728
490.728
542.156
542.156
542.156
542.156
542.156
666.293
666.293
666.293
666.293
666.293
455.236
455.236
455.236
455.236
455.236
617.491
617.491
617.491
617.491
617.491
722.207
722.207
722.207
722.207
722.207
514.285
514.285
514.285
514.285
514.285
581
581
581
581
581
708.441
708.441
708.441
708.441
708.441
630.51
630.51
630.51
630.51
630.51
659.89
659.89
659.89
659.89
659.89
310.477
310.477
310.477
310.477
310.477
597.331
597.331
597.331
597.331
597.331
451
451
451
451
451
564.508
564.508
564.508
564.508
564.508
596.875
596.875
596.875
596.875
596.875
660.188
660.188
660.188
660.188
660.188
665.954
665.954
665.954
665.954
665.954
465.836
465.836
465.836
465.836
465.836
312.367
312.367
312.367
312.367
312.367
562.427
562.427
562.427
562.427
562.427
550
550
550
550
550
590.564
590.564
590.564
590.564
590.564
225.875
225.875
225.875
225.875
225.875
522.336
522.336
522.336
522.336
522.336
407.043
407.043
407.043
407.043
407.043
609.5
609.5
609.5
609.5
609.5
543.344
543.344
543.344
543.344
654.188
503.741
503.741
503.741
503.741
503.741
310.406
310.406
310.406
310.406
310.406
465.26
465.26
465.26
465.26
465.26
506.721
506.721
506.721
506.721
506.721
354.781
354.781
354.781
354.781
354.781
445.622
445.622
445.622
445.622
445.622
464.531
464.531
464.531
464.531
464.531
624
624
624
624
624
581.906
581.906
581.906
581.906
581.906
349.976
349.976
349.976
349.976
349.976
466.514
466.514
466.514
466.514
466.514
647.125
647.125
647.125
647.125
647.125
502.593
502.593
502.593
502.593
502.593
649.824
649.824
649.824
649.824
649.824
454.125
454.125
454.125
454.125
454.125
402.719
402.719
402.719
402.719
402.719
603.156
603.156
603.156
603.156
603.156
436.521
436.521
436.521
436.521
436.521
474.163
474.163
474.163
474.163
474.163
419.225
419.225
419.225
419.225
419.225
654.385
654.385
654.385
654.385
654.385
634.433
634.433
634.433
634.433
634.433
443.992
443.992
443.992
443.992
443.992
585.971
585.971
585.971
585.971
585.971
619.725
619.725
619.725
619.725
619.725
481.355
481.355
481.355
481.355
481.355
583.193
583.193
583.193
583.193
583.193
715.657
715.657
715.657
715.657
715.657
525.313
525.313
525.313
525.313
525.313
547.974
547.974
547.974
547.974
547.974
553.847
553.847
553.847
553.847
553.847
321.574
321.574
321.574
321.574
321.574
556.688
556.688
556.688
556.688
556.688
406.25
406.25
406.25
406.25
406.25
624.25
624.25
624.25
624.25
624.25
606.285
606.285
606.285
606.285
606.285
405.699
405.699
405.699
405.699
405.699
647.359
647.359
647.359
647.359
647.359
615.093
615.093
615.093
615.093
615.093
576.95
576.95
576.95
576.95
576.95
642.417
642.417
642.417
642.417
642.417
745.047
745.047
745.047
745.047
745.047
618.406
618.406
618.406
618.406
618.406
576.078
576.078
576.078
576.078
576.078
363.701
363.701
363.701
363.701
363.701
631.764
631.764
631.764
631.764
631.764
614.125
614.125
614.125
614.125
614.125
752.647
752.647
752.647
752.647
752.647
200.373
200.373
200.373
200.373
200.373
694.064
694.064
694.064
694.064
694.064
375.125
375.125
375.125
375.125
375.125
580.502
580.502
580.502
580.502
580.502
382.67
382.672
382.672
382.672
382.672
517.125
517.125
517.125
517.125
517.125
500.227
500.227
500.227
500.227
500.227
648.681
648.681
648.681
648.681
648.681
563.877
563.877
563.877
563.877
563.877
470.947
470.947
470.947
470.947
470.947
431.094
431.094
431.094
431.094
431.094
642.438
642.438
642.438
642.438
642.438
639.173
639.173
639.173
639.173
639.173
759.567
759.567
759.567
759.567
759.567
433.274
433.274
433.274
433.274
433.274
446.814
446.814
446.814
446.814
446.814
521.364
521.364
521.364
521.364
521.364
368.367
368.367
368.367
368.367
368.367
294.919
294.919
294.919
294.919
294.919
567.188
567.188
567.188
567.188
567.188
634.903
634.903
634.903
634.903
634.903
403.094
403.094
403.094
403.094
403.094
742.977
742.977
742.977
742.977
742.977
753.143
753.143
753.143
753.143
753.143
355.997
355.997
355.997
355.997
355.997
285.976
285.976
285.976
285.976
285.976
424.492
424.492
424.492
424.492
424.492
398.358
398.358
398.358
398.358
398.358
529.688
529.688
529.688
529.688
529.688
276.813
276.813
276.813
276.813
276.813
649.541
649.541
649.541
649.541
649.541
396.172
396.172
396.172
396.172
396.172
536.438
536.438
536.438
536.438
536.438
310.641
310.641
310.641
310.641
310.641
589.052
589.052
589.052
589.052
589.052
294.648
294.648
322.172
322.172
322.172
497.063
497.063
497.063
497.063
497.063
307.334
307.334
307.334
307.334
307.334
423.043
423.043
423.043
423.043
423.043
458.794
458.794
458.794
458.794
458.794
396.763
396.763
396.763
396.763
396.763
375.5
375.5
375.5
375.5
375.5
343.719
343.719
343.719
343.719
343.719
205.018
205.018
205.018
205.018
209.723
630.616
630.616
630.616
630.616
630.616
590.949
590.949
590.949
590.949
590.949
345.84
345.84
345.84
345.84
345.84
353.321
353.321
353.321
353.321
353.321
732.106
732.106
732.106
732.106
732.106
310.969
310.969
310.969
310.969
310.969
642.983
642.983
642.983
642.983
642.983
493.875
493.875
493.875
493.875
493.875
568.75
568.75
568.75
568.75
568.75
481.875
481.875
481.875
481.875
481.875
581.91
581.91
581.91
581.91
581.91
506.994
506.994
506.994
506.994
506.994
485.484
485.484
485.484
485.484
485.484
542.752
542.752
542.752
542.752
542.752
472.813
472.813
472.813
472.813
472.813
632.992
632.992
632.992
632.992
632.992
680.457
680.457
680.457
680.457
680.457
492.594
492.594
492.594
492.594
492.594
159.328
159.328
159.328
159.328
159.328
451.755
451.755
451.755
451.755
451.755
586.244
586.244
586.244
586.244
586.244
261.596
261.596
261.596
261.596
261.596
432.746
432.746
432.746
432.746
432.746
535.011
535.011
535.011
535.011
535.011
651.531
651.531
651.531
651.531
651.531
435.024
435.024
435.024
435.024
435.024
609.176
609.176
609.176
609.176
609.176
591.836
591.836
591.836
591.836
591.836
588.625
588.625
588.625
588.625
588.625
473.266
473.266
473.266
473.266
473.266
697.5
697.5
697.5
697.5
697.5
364.975
364.975
364.975
364.975
364.975
213.258
213.258
213.258
213.258
213.258
491.703
491.703
491.703
491.703
491.703
456.902
456.902
456.902
456.902
456.902
581.16
581.16
581.16
581.16
581.16
617.158
617.158
617.158
617.158
617.158
532.352
532.352
532.352
532.352
532.352
500.282
500.282
500.282
500.282
500.282
545.313
545.313
545.313
545.313
545.313
534.792
534.792
534.792
534.792
534.792
614.406
614.406
614.406
614.406
614.406
669.703
669.703
669.703
669.703
669.703
570
570
570
570
570
348.671
348.671
348.671
348.671
348.671
488.125
488.125
488.125
488.125
488.125
560.569
560.569
560.569
560.569
560.569
147.565
147.565
147.565
147.565
147.565
722.383
722.383
722.383
722.383
722.383
513.625
513.625
513.625
513.625
513.625
663.763
663.763
663.779
663.779
663.779
570.151
570.151
570.151
570.151
570.151
455.117
455.117
455.117
455.117
455.117
487.185
487.185
487.185
487.185
487.185
342.414
342.414
342.414
342.414
342.414
397.262
397.262
397.262
397.262
397.262
551.063
551.063
551.063
551.063
551.063
234.921
234.921
234.921
234.921
234.921
490.156
490.156
490.156
490.156
490.156
361.708
361.708
361.708
361.708
361.708
401.375
401.375
401.375
401.375
401.375
699.156
699.156
699.156
699.156
699.156
399.688
399.688
399.688
399.688
399.688
618.781
618.781
618.781
618.781
618.781
447.311
447.311
447.311
447.311
447.311
532.563
532.563
532.563
532.563
532.563
434.75
434.75
434.75
434.75
434.75
261.266
261.266
261.266
261.266
261.266
550.922
550.922
550.922
550.922
550.922
316.21
316.21
316.21
316.21
316.21
647.844
647.844
647.844
647.844
647.844
296.482
296.482
296.482
296.482
296.482
665.406
665.406
665.406
665.406
665.406
690.027
690.027
690.027
690.027
690.027
662.652
662.652
662.652
662.652
662.652
314.026
314.026
314.026
314.026
314.026
679.143
679.143
679.143
679.143
679.143
491.111
491.111
491.111
491.111
491.111
379.124
379.124
379.124
379.124
379.124
318.875
318.875
318.875
318.875
318.875
631.375
631.375
631.375
631.375
631.375
529.828
529.828
529.828
529.828
529.828
513.226
513.226
513.226
513.226
513.226
706.899
706.899
706.899
706.899
706.899
471.5
471.5
471.5
471.5
471.5
551.789
551.789
551.789
551.789
551.789
590.709
590.709
590.709
590.709
590.709
452.51
452.51
452.51
452.51
452.51
250.449
250.359
250.359
250.359
250.359
592.603
592.603
592.603
592.603
592.603
309.5
309.5
309.5
309.5
309.5
492.436
492.436
492.436
492.436
492.436
586.141
586.141
586.141
586.141
586.141
620.668
620.668
620.668
620.668
620.668
582.926
582.926
582.926
582.926
582.926
380.636
380.636
380.636
380.636
380.636
584.574
584.574
584.574
584.574
584.574
721.221
721.221
721.221
721.221
721.221
382.012
382.012
382.012
382.012
382.012
314.344
314.344
314.344
314.344
314.344
481.391
481.391
481.391
481.391
481.391
435.257
435.257
435.257
435.257
435.257
749.5
749.5
749.5
749.5
749.5
645.403
645.403
645.403
645.403
645.403
606.182
606.182
606.182
606.182
606.182
162.278
162.278
162.278
162.278
162.278
434.752
434.752
434.752
434.752
434.752
487.438
485.783
485.783
485.783
485.783
501.69
501.69
501.69
501.69
501.69
666.29
666.29
666.29
666.29
666.29
451.872
451.872
451.872
451.872
451.872
661.926
661.926
661.926
661.926
661.926
318.859
318.859
318.859
318.859
318.859
203.391
203.391
248.782
248.782
248.782
522.399
522.399
522.399
522.399
522.399
407.338
407.338
407.338
407.338
407.338
567.438
567.438
567.438
567.438
567.438
573.762
573.762
573.762
573.762
573.762
489.501
489.501
489.501
489.501
489.501
516.371
516.371
516.371
516.371
516.371
704.457
704.457
704.457
704.457
704.457
439.763
439.763
439.763
439.763
439.763
700.023
700.023
700.023
700.023
700.023
483.982
483.982
483.982
483.982
483.982
685.835
685.835
685.835
685.835
685.835
613.973
613.973
613.973
613.973
613.973
442.276
442.276
442.276
442.276
442.276
463.705
463.705
463.705
463.705
463.705
547.438
547.438
547.438
547.438
547.438
503.564
503.564
503.564
503.564
503.564
569.373
569.373
569.373
569.373
569.373
507.62
507.62
507.62
507.62
507.62
0
0
0
0
0
655.907
655.907
655.907
655.907
655.907
719.531
719.531
719.531
719.531
719.531
535.75
535.75
535.75
535.75
535.75
542.368
542.368
542.368
542.368
542.368
405.625
405.625
405.625
405.625
405.625
465.695
465.695
465.695
465.695
465.695
685.18
685.18
685.18
685.18
685.18
542.332
542.332
542.332
542.332
542.332
510.247
510.247
510.247
510.247
510.247
641.535
641.535
641.535
641.535
641.535
638
638
638
638
638
346.169
346.169
346.169
346.169
346.169
500.182
500.182
500.182
500.182
500.182
313.125
313.125
313.125
313.125
313.125
461.092
461.092
461.092
461.092
461.092
663.185
663.185
663.185
663.185
663.185
577.625
577.625
577.625
577.625
577.625
425.216
425.216
425.216
425.216
425.216
370.308
370.308
370.308
370.308
370.308
242.017
242.017
242.017
242.017
242.017
595.578
595.578
595.578
595.578
595.578
701.891
701.891
701.891
701.891
701.891
509.813
509.813
509.813
509.813
509.813
677.258
677.258
677.258
677.258
677.258
669.711
669.711
707.921
707.921
707.921
644.625
644.625
644.625
644.625
644.625
462.516
462.516
462.516
462.516
462.516
162.469
162.469
162.469
162.469
162.469
731.779
731.779
731.779
731.779
731.779
282.798
282.798
282.798
282.798
282.798
588.938
588.938
588.938
588.938
588.938
615.412
615.412
615.412
615.412
615.412
667.787
667.787
667.787
667.787
667.787
661.25
661.25
661.25
661.25
661.25
304.563
304.563
304.563
304.563
304.563
650.625
650.625
650.625
650.625
650.625
526.795
526.795
526.795
526.795
526.795
540.27
540.27
540.27
540.27
540.27
342.563
342.563
342.563
342.563
342.563
712.375
712.375
712.375
712.375
712.375
510.822
510.822
510.822
510.822
510.822
699.234
699.234
699.234
699.234
699.234
581.129
581.129
581.129
581.129
581.129
409.511
409.511
409.511
409.511
409.511
704.662
704.662
704.662
704.662
704.662
579.456
579.456
579.456
579.456
579.456
420.875
420.875
420.875
420.875
420.875
535.188
535.188
535.188
535.188
535.188
525.428
525.429
525.429
525.429
525.429
537.345
537.345
537.345
537.345
537.345
275.615
275.615
275.615
275.615
275.615
401.236
401.236
401.236
401.236
401.236
226.791
226.791
226.791
226.791
226.791
703.577
703.577
703.577
703.577
703.577
560.479
560.479
560.479
560.479
560.479
562.047
562.047
562.047
562.047
562.047
524.18
524.18
524.18
524.18
524.18
496.719
496.719
496.719
496.719
496.719
315.5
315.5
315.5
315.5
315.5
645.803
645.803
645.803
645.803
645.803
514
514
514
514
514
509.5
509.5
509.5
509.5
509.5
742.666
742.666
742.666
742.666
742.666
0
