0
0
0
0
654.625
654.625
654.625
654.625
654.625
585.993
585.993
585.993
585.993
585.993
501.719
501.719
501.719
501.719
501.719
387.25
387.25
411.75
411.75
411.75
650.221
650.221
650.221
650.221
650.221
672.938
672.938
672.938
672.938
672.938
650.467
650.467
650.467
650.467
650.467
657.898
657.898
657.898
657.898
657.898
447.259
447.259
447.259
447.259
447.259
212.059
212.059
212.059
212.059
212.059
522.643
522.643
522.643
522.643
522.643
485
485
485
485
485
260.509
260.509
260.509
260.509
260.509
263.723
263.723
263.723
263.723
263.723
668.644
668.644
668.644
668.644
668.644
659.857
659.857
659.857
659.857
659.857
448.995
448.995
448.995
448.995
448.995
441.242
441.242
441.242
441.242
441.242
455.051
455.051
455.051
455.051
455.051
607.5
607.5
607.5
607.5
607.5
747.667
747.667
747.667
747.667
747.667
325.878
325.878
325.878
325.878
325.878
688.484
688.484
688.484
688.484
688.484
721.039
721.039
721.039
721.039
721.039
416.112
416.112
416.112
416.112
416.112
344.345
344.345
344.345
344.345
344.345
487.415
487.415
487.415
487.415
487.415
641.085
641.085
641.085
641.085
641.085
370.687
370.687
370.687
370.687
370.687
732.889
732.889
732.889
732.889
732.889
438.005
438.005
438.005
438.005
438.005
477.031
477.031
477.031
477.031
477.031
168.398
168.398
168.398
168.398
168.398
638.163
638.163
638.163
638.163
638.163
615.608
615.608
615.608
615.608
615.608
590.646
590.646
590.646
590.646
590.646
788.8
788.8
788.8
788.8
788.8
771.119
771.119
771.119
771.119
771.119
789.639
789.639
789.639
789.639
789.639
689.191
689.191
689.191
689.191
689.191
672.799
672.799
672.799
672.799
672.799
488.249
488.249
488.249
488.249
488.249
332.25
332.25
332.25
332.25
332.25
628.808
628.808
628.808
628.808
628.808
576.537
576.537
576.537
576.537
576.537
771.913
771.913
771.913
771.913
771.913
755.98
755.98
755.98
755.98
755.98
713.401
713.401
713.381
713.381
713.381
571.352
571.352
571.352
571.352
571.352
346.687
346.687
346.687
346.687
346.687
554.572
554.572
554.572
554.572
554.572
586.705
586.705
586.705
586.705
586.705
551
551
551
551
551
730.747
730.747
730.747
730.747
730.747
458.154
458.154
458.154
458.154
458.154
542.391
542.391
542.391
542.391
542.391
534.945
534.945
534.945
534.945
534.945
422.089
422.089
422.089
422.089
422.089
627.136
627.136
627.136
627.136
627.136
616.328
616.328
616.328
616.328
616.328
270.673
270.673
270.673
270.673
270.673
692.781
692.781
692.781
692.781
692.781
233.5
233.5
233.5
233.5
233.5
750.282
750.282
750.282
750.282
750.282
604.035
604.035
604.035
604.035
604.035
752.594
752.594
752.594
752.594
752.594
766.229
766.229
766.229
766.229
766.229
633.733
633.733
633.733
633.733
633.733
617.151
617.151
617.151
617.151
617.151
393.946
393.946
393.946
393.946
393.946
659.622
659.622
659.622
659.622
659.622
672.317
672.317
672.317
672.317
672.317
530.894
530.894
530.894
530.894
530.894
633.778
633.778
633.778
633.778
633.778
680.284
680.284
680.284
680.284
680.284
374.938
374.938
374.938
374.938
374.938
674.892
674.892
674.892
674.892
674.892
772.2
772.2
772.2
772.2
772.2
644.072
644.072
644.072
644.072
644.072
602.449
602.449
602.449
602.449
602.449
553.766
553.766
553.766
553.766
553.766
633.039
633.039
633.039
633.039
633.039
587.625
587.625
587.625
587.625
587.625
408.145
408.145
408.145
408.145
408.145
302.875
302.875
302.875
302.875
302.875
290.969
290.969
290.969
290.969
290.969
660.276
660.276
660.276
660.276
660.276
656.96
656.96
656.96
656.96
656.96
541.759
541.759
541.759
541.759
541.759
525.652
525.652
525.652
525.652
525.652
530.895
530.895
530.895
530.895
530.895
475.441
475.441
475.441
475.441
475.441
473.5
473.5
473.5
473.5
473.5
594.25
594.25
594.25
594.25
594.25
456.694
456.694
456.694
456.694
456.694
297.51
297.51
297.51
297.51
297.51
648.794
648.794
648.794
648.794
648.794
355.736
355.736
355.736
355.736
355.736
419.54
419.54
419.54
419.54
419.54
543.156
543.156
543.156
543.156
543.156
301.644
301.644
301.644
301.644
301.644
388.451
388.451
388.451
388.451
388.451
671.691
671.691
671.691
671.691
671.691
632.397
632.397
632.397
632.397
632.397
615.648
615.648
615.648
615.648
615.648
675.59
675.59
675.59
675.59
675.59
363.513
363.513
363.513
363.513
363.513
451.604
451.604
451.604
451.604
451.604
719.319
719.319
719.319
719.319
719.319
610.799
610.799
610.799
610.799
610.799
558.5
558.5
558.5
558.5
558.5
701.972
701.972
701.972
701.972
701.972
724.061
724.061
724.061
724.061
724.061
732.006
732.006
732.006
732.006
732.006
553.254
553.254
553.254
553.254
553.254
682.422
682.422
682.422
682.422
682.422
727.745
727.745
727.745
727.745
727.745
474.313
474.313
474.313
474.313
474.313
652.698
652.698
652.698
652.698
652.698
676.872
676.872
676.872
676.872
676.872
656.228
656.228
656.228
656.228
656.228
684.648
684.648
684.648
684.648
684.648
355.991
355.991
355.991
355.991
355.991
653.091
653.091
653.091
653.091
653.091
600.319
600.319
600.319
600.319
600.319
443.471
443.471
443.471
443.471
443.471
371.31
371.31
371.31
371.31
371.31
521.941
521.941
521.941
521.941
521.941
562.648
562.648
562.648
562.648
562.648
726.656
726.656
726.656
726.656
726.656
322.8
322.8
322.8
322.8
322.8
540.109
540.109
540.109
540.109
540.109
692.055
692.055
692.055
692.055
692.055
390.952
390.952
390.952
390.952
390.952
468.793
468.793
468.793
468.793
468.793
600.631
600.631
600.631
600.631
600.631
276.892
276.892
276.892
276.892
276.892
628.449
628.449
628.449
628.449
628.449
521.074
521.074
521.074
521.074
521.074
592.469
592.469
592.469
592.469
592.469
204.641
204.641
204.641
204.641
204.641
211.529
211.529
211.529
211.529
211.529
346.961
346.961
346.961
346.961
346.961
685.564
685.564
685.564
685.564
685.564
474.917
474.917
474.917
474.917
474.917
247.045
247.045
247.045
247.045
247.045
702.076
702.076
702.076
702.076
702.076
579.23
579.23
579.23
579.23
579.23
324.156
324.156
323.219
323.219
323.219
626.086
626.086
626.086
626.086
626.086
665.904
665.903
665.903
665.903
665.903
561.556
561.556
561.556
561.556
561.556
419.542
419.542
419.542
419.542
419.542
165.022
165.022
165.022
165.022
165.022
479.761
479.761
479.761
479.761
479.761
316.004
316.004
316.004
316.004
316.004
602.93
602.93
602.93
602.93
602.93
650.967
650.967
650.967
650.967
650.967
514.4
514.4
514.4
514.4
514.4
782.773
782.773
782.773
782.773
782.773
694.854
694.854
694.854
694.854
694.854
539.424
539.424
539.424
539.424
539.424
272.143
272.143
272.143
272.143
272.143
343.717
343.717
343.717
343.717
343.717
441.313
441.313
441.313
441.313
441.313
515.789
515.789
515.789
515.789
515.789
296.842
296.842
296.842
296.842
296.842
699.011
699.012
699.012
699.012
699.012
407.909
407.909
407.909
407.909
407.909
631.688
631.688
631.688
631.688
631.688
330.378
330.378
330.378
330.378
330.378
472.75
472.75
472.75
472.75
472.75
286.16
286.16
286.16
286.16
286.16
610.724
610.724
610.724
610.724
610.724
387.492
387.492
387.492
387.492
387.492
342.134
342.134
342.134
342.134
342.134
589.625
589.625
589.625
589.625
589.625
418.119
418.119
418.119
418.119
418.119
328.184
328.184
328.184
328.184
328.184
442.866
442.866
442.866
442.866
442.866
709.231
709.231
709.231
709.231
709.231
727.176
727.176
727.176
727.176
727.176
434.535
434.535
434.535
434.535
434.535
448.922
448.922
448.922
448.922
448.922
561.777
561.777
561.777
561.777
561.777
766.906
766.906
766.906
766.906
766.906
601.985
601.985
601.985
601.985
601.985
354.289
354.289
354.289
354.289
354.289
203.484
203.484
203.484
203.484
203.484
504.938
504.938
504.938
504.938
504.938
499.643
499.643
499.643
499.643
499.643
714.657
714.657
714.657
714.657
714.657
501.574
501.574
501.574
501.574
501.574
281.652
281.652
281.652
281.652
281.652
724.032
724.032
724.032
724.032
724.032
745.461
745.461
745.461
745.461
745.461
702.577
702.577
702.577
702.577
702.577
762.967
762.967
762.967
762.967
762.967
571.43
571.43
571.43
571.43
571.43
425.648
425.648
425.648
425.648
425.648
613.675
613.675
613.675
613.675
613.675
314.25
314.25
314.25
314.25
314.25
423.71
423.71
423.71
423.71
423.71
627.806
627.806
627.806
627.806
627.806
600.972
600.972
600.972
600.972
600.972
703.688
703.688
703.688
703.688
703.688
625.234
625.234
625.234
625.234
625.234
681.438
681.438
681.438
681.438
681.438
400.823
400.823
400.823
400.823
400.823
749.073
749.073
749.073
749.073
749.073
494.315
494.315
494.315
494.315
494.315
461.667
461.667
461.667
461.667
461.667
533.978
533.978
533.978
533.978
533.978
473.25
473.25
473.25
473.25
473.25
532.55
532.55
532.55
532.55
532.55
599.291
599.291
599.291
599.291
599.291
230.375
230.375
230.375
230.375
230.375
550.077
550.077
550.077
550.077
550.077
609.398
609.398
609.398
609.398
609.398
596.547
596.547
596.547
596.547
596.547
368.34
368.34
368.34
368.34
368.34
664.519
664.519
664.519
664.519
664.519
439.107
439.107
439.107
439.107
439.107
441.293
441.293
441.293
441.293
441.293
481.926
481.926
481.926
481.926
481.926
484.612
484.612
484.612
484.612
484.612
580.779
580.779
580.779
580.779
580.779
352.626
352.626
352.626
352.626
352.626
647.353
647.353
647.353
647.353
647.353
691.375
691.375
691.375
691.375
691.375
649.984
649.984
649.984
649.984
649.984
406.586
406.586
406.586
406.586
406.586
695.585
696.045
696.045
696.045
696.045
762.286
762.286
762.286
762.286
762.286
757.577
757.577
757.577
757.577
757.577
736.911
736.911
736.911
736.911
736.911
755.421
755.421
755.421
755.421
755.421
681.862
681.862
681.862
681.862
681.862
787.84
787.84
787.84
787.84
787.84
771.922
771.922
771.922
771.922
771.922
624.484
624.484
624.484
624.484
624.484
368.667
368.667
368.667
368.667
368.667
560.129
558.946
558.946
558.946
558.946
508.089
508.089
508.089
508.089
508.089
387.947
387.947
387.947
387.947
387.947
615.077
615.077
615.077
615.077
615.077
478.047
478.047
478.047
478.047
478.047
774.371
774.371
774.371
774.371
774.371
592.555
592.555
592.555
592.555
592.555
478.685
478.685
478.685
478.685
478.685
381.637
381.637
381.637
381.637
381.637
536.233
536.233
536.233
536.233
536.233
714.58
714.58
714.58
714.58
714.58
747.631
747.631
747.631
747.631
747.631
744.093
744.093
744.093
744.093
744.093
505.288
505.288
505.288
505.288
505.288
618.672
618.672
618.672
618.672
618.672
754.344
754.344
754.344
754.344
754.344
718.392
718.392
718.392
718.392
718.392
390.798
390.798
390.798
390.798
390.798
359.073
359.073
359.073
359.073
371.145
405.875
405.875
405.875
405.875
405.875
598.391
599.266
599.266
599.266
599.266
373.328
373.328
373.328
373.328
373.328
246.627
246.627
246.627
246.627
246.627
765.054
765.054
765.054
765.054
765.054
623.316
623.316
623.316
623.316
623.316
408.637
408.637
408.637
408.637
408.637
474.596
474.596
474.596
474.596
474.596
647.329
647.329
647.329
647.329
647.329
491.427
491.427
491.427
491.427
491.427
638.359
638.359
638.359
638.359
638.359
586.038
586.038
586.038
586.038
586.038
684.35
684.35
684.35
684.35
684.35
607.156
607.156
607.156
607.156
607.156
395.056
395.056
395.056
395.056
395.056
530.375
530.375
530.375
530.375
530.375
663.272
663.272
663.272
663.272
663.272
531.539
531.539
531.539
531.539
531.539
538.355
538.355
538.355
538.355
538.355
310.221
310.221
310.221
310.221
310.221
507.453
507.453
507.453
507.453
507.453
599.836
599.836
599.836
599.836
599.836
658.158
658.158
658.158
658.158
658.158
723.955
723.955
723.955
723.955
723.955
522.83
522.83
522.83
522.83
522.83
567.859
567.859
567.859
567.859
567.859
384.797
384.797
384.797
384.797
384.797
548.094
548.094
548.094
548.094
548.094
612.738
612.738
612.738
612.738
612.738
495.174
495.174
495.174
495.174
495.174
411.02
411.02
411.02
411.02
411.02
329.25
329.25
329.25
329.25
329.25
421.898
421.898
421.898
421.898
421.898
635.739
635.739
635.739
635.739
635.739
408.193
408.193
408.193
408.193
408.193
588.125
588.125
588.125
588.125
588.125
522.445
522.445
522.445
522.445
522.445
481.047
481.047
481.047
481.047
481.047
268.532
268.532
268.532
268.532
268.532
576.607
576.607
576.607
576.607
576.607
575.23
575.23
575.23
575.23
575.23
698.215
698.215
698.215
698.215
698.215
468.398
468.398
468.398
468.398
468.398
404.5
404.5
404.5
404.5
404.5
311.24
311.24
311.24
311.24
311.24
739.753
739.753
739.753
739.753
739.753
642.846
642.846
642.846
642.846
642.846
630.976
630.976
630.976
630.976
630.976
162.298
162.298
162.298
162.298
162.298
320.067
320.067
320.067
320.067
320.067
560.531
560.531
560.531
560.531
560.531
514.547
514.547
514.547
514.547
514.547
751.056
751.056
751.056
751.056
751.056
627.382
627.382
627.382
627.382
627.382
705.212
705.212
705.212
705.212
705.212
670.711
670.711
670.711
670.711
670.711
558.721
558.721
558.721
558.721
558.721
726.862
726.862
726.862
726.862
726.862
351.184
351.184
351.184
351.184
351.184
728.065
728.065
728.065
728.065
728.065
735.365
735.365
735.365
735.365
735.365
571.966
571.966
571.966
571.966
571.966
513.409
513.409
513.409
513.409
513.409
578.727
578.727
578.727
578.727
578.727
528.206
528.206
528.206
528.206
528.206
469.65
469.65
469.65
469.65
469.65
640.891
640.891
640.891
640.891
640.891
432.539
432.539
432.539
432.539
432.539
555.651
555.651
555.651
555.651
555.651
617.797
617.797
617.797
617.797
617.797
492.383
492.383
492.383
492.383
492.383
278.284
278.284
278.284
278.284
278.284
456.6
456.6
456.6
456.6
456.6
625.529
625.529
625.529
625.529
625.529
654.33
654.33
654.33
654.33
654.33
331.435
331.435
331.435
331.435
331.435
233.65
233.65
233.65
233.65
233.65
487.835
487.835
487.835
487.835
487.835
463.859
463.859
463.859
463.859
463.859
353.213
353.213
353.213
353.213
353.213
559.129
559.129
559.129
559.129
559.129
510.547
510.547
510.547
510.547
510.547
406.89
406.89
406.89
406.89
406.89
590.998
590.998
590.998
590.998
590.998
688.078
688.078
688.078
688.078
688.078
544.314
544.314
544.314
544.314
544.314
613.44
613.44
613.44
613.44
613.44
737.01
737.01
737.01
737.01
737.01
557.261
557.261
557.261
557.261
557.261
693.68
693.68
693.68
693.68
693.68
728.981
728.981
728.981
728.981
728.981
546.956
546.956
546.956
546.956
546.956
600.355
600.355
600.355
600.355
600.355
554.802
554.802
554.802
554.802
554.802
530.576
530.576
530.576
530.576
530.576
713.422
713.422
713.422
713.422
713.422
663.828
663.828
663.828
663.828
663.828
592.268
592.268
592.268
592.268
592.268
591.34
591.34
591.34
591.34
591.34
459.685
459.685
459.685
459.685
459.685
396.124
396.124
396.124
396.124
396.124
570.273
570.273
570.273
570.273
570.273
433.813
433.813
433.813
433.813
433.813
473.604
473.604
473.604
473.604
473.604
225
225
225
225
225
733.351
733.351
733.351
733.351
733.351
623.907
623.907
623.907
623.907
623.907
696.106
696.106
696.106
696.106
696.106
589.496
589.496
589.496
589.496
589.496
553.358
553.358
553.358
553.358
553.358
523.002
523.002
523.002
523.002
523.002
634.188
634.188
634.188
634.188
634.188
537.635
537.635
537.635
537.635
537.635
743.715
743.715
743.715
743.715
743.715
336.549
336.549
336.549
336.549
336.549
552.344
552.344
552.344
552.344
552.344
477.095
477.095
477.095
477.095
477.095
517.164
517.164
517.164
517.164
517.164
517.949
517.949
517.949
517.949
517.949
478.946
478.946
478.946
478.946
478.946
538.75
538.75
538.75
538.75
538.75
399.539
399.539
399.539
399.539
399.539
315.445
315.445
315.445
315.445
315.445
610.888
610.888
610.888
610.888
610.888
758.078
758.078
758.078
758.078
758.078
572.964
572.964
572.964
572.964
572.964
472.335
472.335
472.335
472.335
472.335
485.261
485.261
485.261
485.261
485.261
609.691
609.691
609.691
609.691
609.691
217.885
217.885
217.885
217.885
217.885
456.355
456.355
456.355
456.355
456.355
553.641
553.953
553.953
553.953
553.953
744.775
744.775
744.775
744.775
744.775
772.484
772.484
772.484
772.484
772.484
743.446
743.446
743.446
743.446
743.446
763.485
763.485
763.485
763.485
763.485
745.245
745.245
745.245
745.245
745.245
784.288
784.288
784.289
784.289
784.289
768.641
768.641
768.641
768.641
768.641
743.89
743.89
743.89
743.89
743.89
276.418
276.418
276.418
276.418
276.418
600.353
600.353
600.353
600.353
600.353
706.893
706.893
706.893
706.893
706.893
540.706
540.706
540.706
540.706
540.706
463.216
463.216
463.216
463.216
463.216
674.173
674.173
674.173
674.173
674.173
629.185
629.185
629.185
629.185
629.185
732.372
732.372
732.372
732.372
732.372
490.125
490.125
490.125
490.125
490.125
546.422
546.422
546.422
546.422
546.422
332.24
332.24
332.24
332.24
332.24
481.723
481.723
481.723
481.723
481.723
742.861
742.861
742.861
742.861
742.861
669.442
669.442
669.442
669.442
669.442
763.045
763.045
763.045
763.045
763.045
666.86
709.97
709.97
709.97
709.97
481.078
481.078
481.078
481.078
481.078
616.799
616.799
616.799
616.799
616.799
426.133
426.133
426.133
426.133
426.133
701.15
701.15
701.15
701.15
701.15
303
303
303
303
303
547.232
547.232
547.232
547.232
547.232
710.7
710.7
710.7
710.7
710.7
587.164
587.164
587.164
587.164
587.164
631.37
631.37
631.37
631.37
631.37
533.401
533.401
533.401
533.401
533.401
466.353
466.353
466.353
466.353
466.353
356.539
356.539
356.539
356.539
356.539
468.471
468.471
468.471
468.471
468.471
569.046
569.046
569.046
569.046
660.592
664.529
664.529
664.529
664.529
664.529
451.875
451.875
451.875
451.875
451.875
521.139
521.139
521.139
521.139
521.139
507.527
507.527
507.527
507.527
507.527
618.329
618.329
618.329
618.329
618.329
507.069
507.069
507.069
507.069
507.069
422.855
422.855
422.855
422.855
422.855
448.427
448.427
448.427
448.427
448.427
422.816
422.816
422.816
422.816
422.816
254.433
254.433
254.433
254.433
254.433
583.575
583.575
583.575
583.575
583.575
238.808
238.808
238.808
238.808
238.808
505.569
505.569
505.569
505.569
505.569
366.182
366.182
366.182
366.182
366.182
750.812
750.812
750.812
750.812
750.812
651.014
651.014
651.014
651.014
651.014
433.722
433.722
433.722
433.722
433.722
651.282
651.282
651.282
651.282
651.282
361.625
361.625
361.625
361.625
361.625
425.5
425.5
425.5
425.5
425.5
585.51
585.51
585.51
585.51
585.51
731.207
731.207
731.207
731.207
731.207
701.464
701.464
701.464
701.464
701.464
620.255
620.255
620.255
620.255
620.255
456.516
456.516
456.516
456.516
456.516
488.951
488.951
488.951
488.951
488.951
573.25
573.25
573.25
573.25
573.25
751.264
751.264
751.264
751.264
751.264
635.413
635.413
635.413
635.413
635.413
583.361
583.361
583.361
583.361
583.361
429.94
429.94
429.94
429.94
429.94
407.938
407.938
407.938
407.938
407.938
441.78
441.78
441.78
441.78
441.78
335.875
335.875
335.875
335.875
335.875
609.503
609.503
609.503
609.503
609.503
277.99
277.99
277.99
277.99
277.99
493.6
493.6
493.6
493.6
493.6
593.501
593.501
593.501
593.501
593.501
617.475
617.475
617.475
617.475
617.475
390.156
390.156
390.125
390.125
390.125
464.844
464.844
464.844
464.844
464.844
786.708
786.708
786.708
786.708
786.708
555.419
555.419
555.419
555.419
555.419
240.133
240.133
240.133
240.133
240.133
548.824
548.824
548.824
548.824
548.824
490.603
490.603
490.603
490.603
490.603
367.654
367.654
367.654
367.654
367.654
210.344
210.344
210.344
210.344
210.344
550.094
550.094
550.094
550.094
550.094
498.367
498.367
498.367
498.367
498.367
735.543
735.543
735.543
735.543
735.543
516
516
516
516
516
576.589
576.589
576.589
576.589
576.589
516.033
516.033
516.033
516.033
516.033
488.491
488.491
488.491
488.491
488.491
393.102
393.102
393.102
393.102
393.102
731.318
731.318
731.318
731.318
731.318
648.859
648.859
648.859
648.859
648.859
599.86
599.86
599.86
599.86
599.86
576.16
576.16
576.16
576.16
576.16
215.928
215.928
215.928
215.928
215.928
503.463
503.463
503.463
503.463
503.463
550.783
550.783
550.783
550.783
550.783
623.396
623.396
623.396
623.396
623.396
476.747
476.747
476.747
476.747
476.747
525.839
525.839
525.839
525.839
525.839
640.074
640.074
640.074
640.074
640.074
723.708
723.708
723.708
723.708
723.708
378.793
378.793
378.793
378.793
378.793
326
326
326
326
326
522.724
522.724
522.724
522.724
522.724
721.205
721.205
721.205
721.205
721.205
754.924
754.924
754.924
754.924
754.924
658.882
658.882
658.882
658.882
658.882
463.408
463.408
463.408
463.408
463.408
711.731
711.731
711.731
711.731
711.731
137.617
137.617
137.617
137.617
137.617
530.752
530.752
530.752
530.752
530.752
477.75
477.75
477.75
477.75
477.75
654.714
654.714
654.714
654.714
654.714
418.9
418.9
418.9
418.9
418.9
459.531
459.531
459.531
459.531
459.531
680.974
680.974
680.974
680.974
680.974
699.192
699.192
699.192
699.192
699.192
417.52
417.52
417.52
417.52
417.52
415.691
415.691
415.691
415.691
415.691
298.725
298.725
298.725
298.725
298.725
596.678
596.678
596.678
596.678
596.678
484.365
484.365
484.365
484.365
484.365
663.999
663.999
663.999
663.999
663.999
664.014
664.014
664.014
664.014
664.014
421.648
421.648
421.648
421.648
421.648
521.339
521.339
521.339
521.339
521.339
632.923
632.923
632.923
632.923
632.923
608.461
608.461
608.461
608.461
608.461
546.133
546.133
546.133
546.133
546.133
564.754
564.754
564.754
564.754
564.754
381.176
381.176
381.176
381.176
381.176
406.85
406.85
406.85
406.85
406.85
390.438
390.438
390.438
390.438
390.438
751.086
751.086
751.086
751.086
751.086
190.021
189.525
189.525
189.525
189.525
625.561
625.561
625.561
625.561
625.561
502.55
502.55
502.55
502.55
502.55
577.516
577.516
577.516
577.516
577.516
483.815
483.815
483.815
483.815
483.815
438.064
438.064
438.064
438.064
438.064
740.084
740.084
740.084
740.084
740.084
314.586
314.586
314.586
314.586
314.586
347.934
347.934
347.934
347.934
347.934
529.17
529.17
529.17
529.17
529.17
377.217
377.217
377.217
377.217
377.217
576.339
576.339
576.339
576.339
576.339
494.334
494.334
494.334
494.334
494.334
422.396
422.396
422.396
422.396
422.396
585.387
585.387
585.387
585.387
585.387
687.161
687.159
687.159
687.159
687.159
412.366
412.366
412.366
412.366
412.366
734.188
734.188
734.188
734.188
734.188
402.639
402.639
402.639
402.639
402.639
597.008
597.008
597.008
597.008
597.008
619.958
619.958
619.958
619.958
619.958
777.168
777.168
777.168
777.168
777.168
748.674
748.674
748.674
748.674
748.674
598.615
598.615
598.615
598.615
598.615
609.867
609.867
609.867
609.867
609.867
719.727
719.727
719.727
719.727
719.727
636.66
636.66
636.66
636.66
636.66
444.369
444.369
444.369
444.369
444.369
465.815
465.815
465.815
465.815
465.815
495.671
495.671
495.671
495.671
495.671
542.25
542.25
542.25
542.25
542.25
302.176
302.176
302.176
302.176
302.176
564.867
564.867
564.867
564.867
564.867
500.855
500.855
500.855
500.855
500.855
758.951
758.951
758.951
758.951
758.951
381.388
381.388
381.388
381.388
381.388
687.906
687.906
687.906
687.906
687.906
424.235
424.235
424.235
424.235
424.235
619.701
619.701
619.701
619.701
619.701
417.298
417.298
417.298
417.298
417.298
334.037
334.037
334.037
334.037
334.037
598.409
598.409
598.409
598.409
598.409
720.424
720.424
720.424
720.424
720.424
729.901
729.901
729.901
729.901
729.901
559.449
559.449
559.449
559.449
559.449
454.75
454.75
454.75
454.75
454.75
742.787
742.787
742.787
742.787
742.787
200.973
200.973
200.973
200.973
200.973
717.045
717.045
717.045
717.045
717.045
656.958
656.958
656.958
656.958
656.958
658.207
658.207
658.207
658.207
658.207
549.331
549.331
549.331
549.331
549.331
567.05
567.05
567.05
567.05
567.05
363.555
363.555
363.555
363.555
363.555
568.785
568.785
568.785
568.785
568.785
600.813
600.813
600.813
600.813
600.813
412.623
412.623
412.623
412.623
412.623
339.639
339.639
339.639
339.639
339.639
549.474
549.474
549.474
549.474
549.474
513.828
513.828
513.828
513.828
513.828
551.121
551.121
551.121
551.121
551.121
513.597
513.597
513.597
513.597
513.597
732.626
732.626
732.626
732.626
732.626
446.251
446.251
446.251
446.251
446.251
540.75
540.75
540.75
540.75
540.75
732.535
732.535
732.535
732.535
732.535
732.558
732.558
732.558
732.558
732.558
645.219
645.219
645.219
645.219
645.219
708.642
708.642
708.642
708.642
708.642
459.323
459.323
459.323
459.323
459.323
403.515
403.515
403.515
403.515
403.515
594.975
594.975
594.975
594.975
594.975
608.422
608.422
608.422
608.422
608.422
616.594
616.594
616.594
616.594
616.594
463.613
463.613
463.613
463.613
463.613
469.301
469.301
469.301
469.301
469.301
488.891
488.891
488.891
488.891
488.891
375.096
375.096
375.096
375.096
375.096
273.75
273.75
273.75
273.75
273.75
201.984
201.984
201.984
201.984
201.984
425.468
425.468
425.468
425.468
425.468
627
627
627
627
627
572.599
572.599
572.599
572.599
572.599
696.834
696.834
696.834
696.834
696.834
498.373
498.373
498.373
498.373
498.373
430.723
430.723
430.723
430.723
430.723
669.729
669.729
669.729
669.729
669.729
575.268
575.268
575.268
575.268
575.268
365.527
365.527
365.527
365.527
365.527
653.835
653.835
653.835
653.835
653.835
696.832
696.832
696.832
696.832
696.832
384.175
384.175
384.175
384.175
384.175
601.75
601.75
601.75
601.75
601.75
518.476
518.476
518.476
518.476
518.476
380.453
380.453
380.453
380.453
380.453
497.008
497.008
497.008
497.008
497.008
451.291
451.291
451.291
451.291
451.291
624.758
624.758
624.758
624.758
624.758
460.594
460.594
460.594
460.594
460.594
571.41
571.41
571.41
571.41
571.41
745.66
745.66
745.66
745.66
745.66
459.854
459.854
459.854
459.854
459.854
749.283
749.283
749.283
749.283
749.283
485.545
485.545
485.545
485.545
485.545
539.903
539.903
539.903
539.903
539.903
519.558
519.558
519.558
519.558
519.558
585.926
585.926
585.926
585.926
585.926
366.258
366.258
366.258
366.258
366.258
434.449
434.449
434.449
434.449
434.449
422.903
422.903
422.903
422.903
422.903
534.734
534.734
534.734
534.734
534.734
668.526
668.526
668.526
668.526
668.526
675.821
675.821
675.821
675.821
675.821
518.141
518.141
518.141
518.141
518.141
742.291
742.291
742.291
742.291
742.291
769.681
769.681
769.681
769.681
769.681
698.975
698.975
698.975
698.975
698.975
713.521
713.521
713.521
713.521
713.521
535.9
535.9
535.9
535.9
535.9
342.75
342.75
342.75
342.75
342.75
500.495
500.495
500.495
500.495
500.495
584.188
584.188
584.188
584.188
584.188
629.25
629.25
629.25
629.25
629.25
429.051
429.051
429.051
429.051
429.051
548.594
548.594
548.594
548.594
548.594
388.761
388.761
388.761
388.761
388.761
628.12
628.12
628.12
628.12
628.12
769.014
769.014
769.014
769.014
769.014
515.246
515.246
515.246
515.246
515.246
655.799
655.799
655.799
655.799
655.799
269.047
269.047
269.047
269.047
269.047
455.816
455.816
455.816
455.816
455.816
721.587
721.587
721.587
721.587
721.587
538.938
538.938
538.938
538.938
538.938
539.245
539.245
578.49
578.49
578.49
643.19
643.19
643.19
643.19
643.19
636.369
636.369
636.369
636.369
636.369
709.405
709.405
709.405
709.405
709.405
603.842
603.842
603.842
603.842
603.842
712.943
712.943
712.943
712.943
712.943
576.34
576.34
576.34
576.34
576.34
449.906
449.906
449.906
449.906
449.906
507.125
507.125
507.125
507.125
507.125
297.191
297.191
297.191
297.191
297.191
695.162
695.162
695.162
695.162
695.162
724.749
724.749
699.499
699.499
699.499
569.516
569.516
569.516
569.516
569.516
715.009
715.009
715.009
715.009
715.009
623.655
623.655
623.655
623.655
623.655
529.273
529.273
529.273
529.273
529.273
369.294
369.294
369.294
369.294
369.294
400.973
400.973
400.973
400.973
400.973
682.689
682.689
682.689
682.689
682.689
398.121
398.121
398.121
398.121
398.121
478.297
478.297
478.297
478.297
478.297
755.837
755.837
755.837
755.837
755.837
598.202
598.202
598.202
598.202
598.202
590.604
590.604
590.604
590.604
590.604
628.688
628.688
628.688
628.688
628.688
567.859
567.859
567.859
567.859
567.859
652.374
652.374
652.374
652.374
652.374
406.742
406.742
406.742
406.742
406.742
451.375
451.375
451.375
451.375
451.375
285.332
285.332
285.332
285.332
285.332
762.864
762.864
762.864
762.864
762.864
699.522
699.522
699.522
699.522
699.522
680.993
680.993
680.993
680.993
680.993
756.146
756.146
756.146
756.146
756.146
735.236
735.236
735.236
735.236
735.236
456.949
456.949
456.949
456.949
456.949
426.239
426.239
426.239
426.239
426.239
527.275
527.275
527.275
527.275
527.275
495.814
495.814
495.814
495.814
495.814
556.881
556.881
556.881
556.881
556.881
637.299
637.299
637.299
637.299
637.299
644.699
644.699
644.699
644.699
644.699
573.097
573.097
573.097
573.097
573.097
618.39
618.39
618.39
618.39
618.39
668.453
668.453
668.453
668.453
668.453
435.034
435.034
435.034
435.034
435.034
553.866
553.866
553.866
553.866
553.866
493.111
493.111
493.111
493.111
493.111
603.533
603.533
603.533
603.533
603.533
463.126
463.126
463.126
463.126
463.126
335.877
335.877
335.877
335.877
335.877
662.885
662.885
662.885
662.885
662.885
559.613
559.613
559.613
559.613
559.613
428.777
428.777
428.777
428.777
428.777
655.25
655.25
655.25
655.25
655.25
679.077
679.077
679.077
679.077
679.077
490.065
490.065
490.065
490.065
490.065
462.765
462.765
462.765
462.765
462.765
582.212
582.212
582.212
582.212
582.212
675.656
676
676
676
676
566.405
566.405
566.405
566.405
566.405
728.028
728.028
728.028
728.028
728.028
708.998
708.998
708.998
708.998
708.998
660.578
660.578
660.578
660.578
660.578
547.594
547.594
547.594
547.594
547.594
578.218
578.218
578.218
578.218
578.218
311.103
311.103
311.103
311.103
311.103
112
112
112
112
112
573.156
573.156
573.156
573.156
573.156
550.848
550.848
550.848
550.848
550.848
656.695
656.695
656.695
656.695
656.695
268.582
268.582
268.582
268.582
268.582
786.144
786.144
786.144
786.144
786.144
737.461
737.461
737.461
737.461
737.461
748.566
748.566
748.566
748.566
748.566
681.869
681.869
681.869
681.869
681.869
685.623
685.623
685.623
685.623
685.623
489.835
489.835
489.835
489.835
489.835
380.549
380.549
380.549
380.549
380.549
379.375
379.375
379.375
379.375
379.375
405.857
405.857
405.857
405.857
405.857
581.872
581.872
581.872
581.872
581.872
388.153
388.153
388.153
388.153
388.153
436.874
436.874
436.874
436.874
436.874
397.069
397.069
397.069
397.069
397.069
580.295
580.295
580.295
580.295
580.295
754.099
754.099
754.099
754.099
754.099
475.989
475.989
475.989
475.989
475.989
356.808
356.808
356.808
356.808
356.808
477.054
477.054
477.054
477.054
477.054
438.949
438.949
438.949
438.949
438.949
653.962
653.962
653.962
653.962
653.962
718.324
718.324
718.324
718.324
718.324
474.5
474.5
474.5
474.5
474.5
538.672
538.672
538.672
538.672
538.672
432.875
432.875
432.875
432.875
432.875
515.359
515.359
515.359
515.359
515.359
523.045
523.045
523.045
523.045
523.045
323.718
323.718
323.718
323.718
323.718
698.146
698.146
698.146
698.146
698.146
404.688
404.688
404.688
404.688
404.688
509.555
509.555
509.555
509.555
509.555
598.228
598.228
598.228
598.228
598.228
356.568
356.568
356.568
356.568
356.568
599
599
599
599
599
399.253
399.253
399.253
399.253
399.253
496.987
496.987
496.987
496.987
496.987
496.56
496.56
496.56
496.56
496.56
386.858
386.858
386.858
386.858
386.858
567.656
567.656
567.656
567.656
567.656
636.188
636.188
636.188
636.188
636.188
427.986
427.986
427.986
427.986
427.986
625.062
625.062
625.062
625.062
625.062
697.251
697.251
697.251
697.251
697.251
443.664
443.664
443.664
443.664
443.664
693.108
693.108
693.108
693.108
693.108
292.299
292.299
292.299
292.299
292.299
499.506
499.506
499.506
499.506
499.506
400.406
400.406
400.406
400.406
400.406
546.127
546.127
546.127
546.127
546.127
204.183
204.183
204.183
204.183
204.183
644.92
644.92
644.92
644.92
644.92
502.582
502.582
502.582
502.582
502.582
222.563
222.563
222.563
222.563
222.563
627.415
627.415
627.415
627.415
627.415
619.227
619.227
619.227
619.227
619.227
739.986
739.986
739.986
739.986
739.986
544.828
544.828
544.828
544.828
544.828
347.483
347.483
347.483
347.483
347.483
743.842
743.842
743.842
743.842
743.842
435.871
435.871
435.871
435.871
435.871
687.285
687.285
687.285
687.285
687.285
529.5
529.5
529.5
529.5
529.5
320.855
320.855
320.855
320.855
320.855
386.031
386.031
386.031
386.031
386.031
750.147
750.147
750.147
750.147
750.147
636.974
636.974
636.974
636.974
636.974
683.345
683.345
683.345
683.345
683.345
636.344
636.344
636.344
636.344
636.344
363.461
363.461
363.461
363.461
363.461
520.653
520.653
520.653
520.653
520.653
728.866
728.866
728.866
728.866
728.866
659.402
659.402
659.402
659.402
659.402
451.441
451.441
451.441
451.441
451.441
567.311
567.311
567.311
567.311
567.311
664.876
664.876
664.9
664.9
664.9
264.695
264.695
264.695
264.695
264.695
468.231
468.231
468.231
468.231
468.231
492.667
492.667
492.684
492.684
492.684
616.499
616.499
616.499
616.499
616.499
452.999
452.999
452.999
452.999
452.999
636.105
636.105
636.105
636.105
636.105
596.404
596.404
596.404
596.404
596.404
721.784
721.784
721.784
721.784
721.784
762.477
762.477
762.477
762.477
762.477
757.62
757.62
757.62
757.62
757.62
744.872
744.872
744.872
744.872
744.872
694.6
694.6
694.6
694.6
694.6
459.88
459.88
459.88
459.88
459.88
333.885
333.885
333.885
333.885
333.885
768.329
768.329
768.329
768.329
768.329
723.03
723.03
723.03
723.03
723.03
433.51
433.51
433.51
433.51
433.51
423.031
423.031
423.031
423.031
423.031
650.333
650.333
650.333
650.333
650.333
706.906
706.906
706.906
706.906
706.906
578.59
578.59
578.59
578.59
578.59
678.188
678.188
678.188
678.188
678.188
721.953
721.953
721.953
721.953
721.953
705.346
705.346
705.346
705.346
705.346
354.903
354.903
354.903
354.903
354.903
473.269
473.269
473.269
473.269
473.269
423.684
423.684
423.684
423.684
423.684
340.191
340.191
340.191
340.191
340.191
451.923
451.923
451.923
451.923
451.923
544.212
544.212
544.212
544.212
544.212
517.938
517.938
517.938
517.938
517.938
755.842
755.842
755.842
755.842
755.842
433.439
433.439
433.439
433.439
433.439
623
623
623
623
623
720.495
720.495
720.495
720.495
720.495
711.187
711.187
711.187
711.187
711.187
429.539
429.539
429.539
429.539
429.539
745.819
745.819
745.819
745.819
745.819
420.327
420.327
420.327
420.327
420.327
761.935
761.935
761.935
761.935
761.935
747.236
747.236
747.236
747.236
747.236
687.392
687.392
687.392
687.392
687.392
487.841
487.841
487.841
487.841
487.841
716.576
716.576
716.576
716.576
716.576
699.869
699.869
699.869
699.869
699.869
433.792
433.792
433.792
433.792
433.792
693.113
693.113
693.113
693.113
693.113
773.138
773.138
773.138
773.138
773.138
689.52
689.52
689.52
689.52
689.52
456.136
456.136
456.136
456.136
456.136
409.69
409.69
409.69
409.69
409.69
727.792
727.792
727.792
727.792
727.792
636.297
636.297
636.297
636.297
636.297
488.694
488.694
488.694
488.694
488.694
746.403
746.403
746.403
746.403
746.403
739.1
739.1
739.1
739.1
739.1
454.211
454.211
454.211
454.211
454.211
436.375
436.375
436.375
436.375
436.375
469.786
470.283
470.283
470.283
470.283
445.264
445.264
445.264
445.264
445.264
202.997
202.997
202.997
202.997
202.997
457.02
457.02
457.02
457.02
457.02
682.082
682.082
682.082
682.082
682.082
660.045
660.045
660.045
660.045
660.045
669.581
669.581
669.581
669.581
669.581
469.251
469.251
469.251
469.251
469.251
455.753
455.753
455.753
455.753
455.753
486.321
486.321
486.321
486.321
486.321
741.563
741.563
741.563
741.563
741.563
556.521
556.521
556.521
556.521
556.521
544.527
544.527
544.527
544.527
544.527
525.617
525.617
525.617
525.617
525.617
500.32
500.32
500.32
500.32
500.32
604.919
604.919
604.919
604.919
604.919
598.61
598.61
598.61
598.61
598.61
500.459
500.459
500.459
500.459
500.459
493.906
493.906
493.906
493.906
493.906
685.4
685.4
685.4
685.4
685.4
638.585
638.585
638.585
638.585
638.585
560.325
560.325
560.325
560.325
560.325
751.074
751.074
751.074
751.074
751.074
687.818
687.818
687.818
687.818
687.818
492.264
492.264
492.264
492.264
492.264
297.188
297.188
297.188
297.188
297.188
472.094
472.094
472.094
472.094
472.094
349.506
349.506
349.506
349.506
349.506
489.286
489.286
489.286
489.286
489.286
658.875
658.875
658.875
658.875
658.875
668.707
668.707
668.707
668.707
668.707
623.109
623.109
623.109
623.109
623.109
329.575
329.575
329.575
329.575
329.575
504.607
504.607
504.607
504.607
504.607
541.174
541.174
541.174
541.174
541.174
361.706
361.706
361.706
361.706
361.706
425.234
425.234
425.234
425.234
425.234
224.945
224.945
224.945
224.945
224.945
700.929
700.929
700.929
700.929
700.929
499.777
499.777
499.777
499.777
499.777
434.896
434.896
434.896
434.896
434.896
483.842
483.854
483.854
483.854
483.854
540.068
540.068
540.068
540.068
540.068
493.585
493.585
493.585
493.585
493.585
438.945
438.945
438.945
438.945
438.945
702.338
702.338
702.338
702.338
702.338
531.201
531.201
531.201
531.201
531.201
571.009
571.009
571.009
571.009
571.009
472.41
472.41
472.41
472.41
472.41
709.858
709.858
709.858
709.858
709.858
772.239
772.239
771.947
771.947
771.947
693.71
693.71
693.71
693.71
693.71
615.884
615.884
615.884
615.884
615.884
424.108
424.108
424.108
424.108
424.108
655.274
655.274
655.274
655.274
655.274
429.433
429.433
429.433
429.433
429.433
392.375
392.375
392.375
392.375
392.375
683.259
683.259
683.259
683.259
683.259
510.855
510.855
510.855
510.855
510.855
454.071
454.071
454.071
454.071
454.071
695.891
695.891
695.891
695.891
695.891
499.777
499.777
499.777
499.777
499.777
483.326
483.326
483.326
483.326
483.326
678.049
678.049
678.049
678.049
678.049
435.229
435.229
435.229
435.229
435.229
458.733
458.733
458.733
458.733
458.733
480.002
480.002
480.002
480.002
480.002
728.06
728.06
728.06
728.06
728.06
753.52
753.52
753.52
753.52
753.52
763.938
763.938
763.938
763.938
763.938
685.255
685.255
685.255
685.255
685.255
633.575
633.575
633.575
633.575
633.575
609.508
609.508
609.508
609.508
609.508
743.171
743.171
743.171
743.171
743.171
282.947
282.947
282.947
282.947
282.947
533.121
533.121
533.121
533.121
533.121
738.28
738.28
738.28
738.28
738.28
420.489
420.489
420.489
420.489
420.489
155
155
155
155
155
735.645
735.645
735.645
735.645
735.645
767.616
767.616
767.616
767.616
767.616
569.021
569.021
569.021
569.021
569.021
637.34
637.34
637.34
637.34
637.34
699.414
699.414
699.414
699.414
699.414
444
444
444
444
444
352.5
352.5
352.5
352.5
352.5
574.209
574.209
574.209
574.209
574.209
643.821
643.821
643.821
643.821
643.821
549.897
549.897
549.897
549.897
549.897
553.822
553.822
553.822
553.822
553.822
527.238
527.238
527.238
527.238
527.238
722.964
722.964
722.964
722.964
722.964
650.506
650.506
650.506
650.506
650.506
524.187
524.187
524.187
524.187
524.187
611.399
611.399
611.399
611.399
611.399
381.276
381.276
381.276
381.276
381.276
198.506
198.506
198.506
198.506
198.506
589.083
589.083
589.083
589.083
589.083
487.046
487.046
487.046
487.046
487.046
553.996
553.996
553.996
553.996
553.996
627.906
627.906
627.906
627.906
627.906
580.519
580.519
580.519
580.519
580.519
683.862
683.862
683.862
683.862
683.862
560.402
560.402
560.402
560.402
560.402
393.938
393.938
393.938
393.938
393.938
390.184
390.184
390.184
390.184
390.184
588.991
588.991
588.991
588.991
588.991
398.418
398.418
398.418
398.418
398.418
423.825
423.825
423.825
423.825
423.825
739.093
739.093
739.093
739.093
739.093
664.924
664.924
664.924
664.924
664.924
566.411
566.411
566.411
566.411
566.411
572.694
572.694
572.694
572.694
572.694
532
532
532
532
532
694.517
694.517
694.517
694.517
694.517
575.444
575.444
575.444
575.444
575.444
761.26
761.26
761.26
761.26
761.26
729.947
729.947
729.947
729.947
729.947
657.081
657.081
657.081
657.081
657.081
346.344
346.344
346.344
346.344
346.344
635.207
635.207
635.207
635.207
635.207
239.15
239.15
239.15
239.15
239.15
396.672
396.672
396.672
396.672
396.672
466.89
466.89
466.89
466.89
466.89
701.624
701.624
701.624
701.624
701.624
771.764
771.764
771.764
771.764
771.764
659.801
659.801
659.801
659.801
659.801
394.477
394.477
394.477
394.477
394.477
615.824
615.824
615.824
615.824
615.824
630.14
630.14
630.14
630.14
630.14
0
