0
0
0
0
513.812
513.812
513.812
513.812
513.812
521.949
521.949
521.949
521.949
521.949
398.912
398.912
398.912
398.912
398.912
571.742
571.742
571.742
571.742
571.742
430.491
430.491
430.491
430.491
430.491
415.824
415.824
415.824
415.824
415.824
672.896
672.896
672.896
672.896
672.896
478
478
478
478
478
472.631
472.631
472.631
472.631
472.631
472.255
472.255
472.255
472.255
472.255
465.238
465.238
465.238
465.238
465.238
657.51
657.51
657.51
657.51
657.51
444.34
444.34
444.34
444.34
444.34
413.453
413.453
413.453
413.453
413.453
652.063
652.063
652.063
652.063
652.063
521.863
521.863
521.863
521.863
521.863
323.897
323.897
323.897
323.897
323.897
548
548
548
548
548
575.688
575.688
575.688
575.688
575.688
583.13
583.13
583.13
583.13
583.13
192.705
192.705
192.705
192.705
192.705
525.25
525.25
525.25
525.25
525.25
708.125
708.125
708.125
708.125
708.125
629
629
629
629
629
546.759
546.759
546.759
546.759
546.759
649.703
649.703
649.703
649.703
649.703
621.18
621.18
621.18
621.18
621.18
448
448
448
448
448
594.5
594.5
594.5
594.5
594.5
203.59
203.59
203.59
203.59
203.59
553.438
553.438
553.438
553.438
553.438
645.375
645.375
645.375
645.375
645.375
714.269
714.269
714.269
714.269
714.269
610.567
610.567
610.567
610.567
610.567
657.319
657.319
657.319
657.319
657.319
441.097
441.097
441.097
441.097
441.097
658.775
658.775
658.775
658.775
658.775
475.882
475.882
475.882
475.882
475.882
389.546
389.546
389.546
389.546
389.546
749.858
749.858
749.858
749.858
749.858
532.686
532.686
532.686
532.686
532.686
576.077
576.077
576.077
576.077
576.077
656.307
656.307
656.307
656.307
656.307
509.602
509.602
509.602
509.602
509.602
510
510
510
510
510
411.656
411.656
411.656
411.656
411.656
574.461
574.461
574.461
574.461
574.461
591.545
591.545
591.545
591.545
591.545
508.152
508.152
508.152
508.152
508.152
412.679
412.679
412.679
412.679
412.679
754.662
754.662
754.662
754.662
754.662
604.274
604.274
604.274
604.274
604.274
302.468
302.468
302.468
302.468
302.468
733.019
733.019
733.019
733.019
733.019
331.257
331.257
331.257
378.764
378.764
469.245
469.245
469.245
469.245
469.245
590.443
590.443
590.443
590.443
590.443
655
655
655
655
655
571.828
571.828
571.828
571.828
571.828
356.328
356.328
356.328
356.328
356.328
605.906
605.906
605.906
605.906
605.906
682.979
682.979
682.979
682.979
682.979
581.445
581.445
581.445
581.445
581.445
591.5
591.5
591.5
591.5
591.5
471.75
471.75
471.75
471.75
471.75
586.708
586.708
586.708
586.708
586.708
217.527
217.527
217.527
217.527
217.527
202.5
202.5
202.5
202.5
202.5
523.352
523.352
523.352
523.352
523.352
266.375
266.375
266.375
266.375
266.375
582.25
582.25
582.25
582.25
582.25
652.951
652.951
652.951
652.951
652.951
636.456
636.456
636.456
636.456
636.456
535.152
535.152
535.152
535.152
535.152
408.854
408.854
408.854
408.854
408.854
638.363
638.363
638.363
638.363
638.363
443.752
443.752
443.752
443.752
443.752
603.392
603.392
603.392
603.392
603.392
701.704
701.704
701.704
701.704
701.704
522.75
522.75
522.75
522.75
522.75
425.699
425.699
425.699
425.699
425.699
685.809
685.809
685.809
685.809
685.809
439.065
439.065
439.065
439.065
439.065
420.25
420.25
420.25
420.25
420.25
738.531
738.531
738.531
738.531
738.531
287.839
287.839
287.839
287.839
287.839
577.188
577.188
577.188
577.188
577.188
359.164
359.164
359.164
359.164
359.164
641.895
641.895
641.895
641.895
641.895
630.94
630.94
630.94
630.94
630.94
649.754
649.754
649.754
649.754
649.754
548.18
548.18
548.18
548.18
548.18
587.25
587.25
587.25
587.25
587.25
682.52
682.52
682.52
682.52
682.52
678.235
678.235
678.235
678.235
678.235
577.747
577.747
577.747
577.747
577.747
339.047
339.047
339.047
339.047
339.047
490.082
490.082
490.082
490.082
490.082
359.719
359.719
359.719
359.719
359.719
229.765
229.765
229.765
229.765
229.765
198.933
198.933
198.933
198.933
198.933
287.402
287.402
287.402
287.402
287.402
420.734
420.734
420.734
420.734
420.734
475.602
475.602
475.602
475.602
475.602
616.738
616.738
616.738
616.738
616.738
562.828
562.828
562.828
562.828
562.828
552
552
552
552
552
518.274
518.274
518.274
518.274
518.274
609.453
609.453
609.453
609.453
609.453
482.038
482.038
482.038
482.038
482.038
486.439
486.439
486.439
486.439
486.439
629.375
629.375
629.375
629.375
629.375
751.063
751.063
751.063
751.063
751.063
646.434
646.434
646.434
646.434
646.434
419.837
419.837
419.837
419.837
419.837
456.125
456.125
456.125
456.125
456.125
550.527
550.527
550.527
550.527
550.527
424.25
424.25
424.25
424.25
424.25
548.086
548.086
548.086
548.086
548.086
572.319
572.319
572.319
572.319
572.319
417.578
417.594
417.594
417.594
417.594
347.447
347.447
347.447
347.447
347.447
523.495
523.495
523.495
523.495
523.495
528.75
528.75
528.75
528.75
528.75
576
576
576
576
576
418.5
418.5
418.5
418.5
418.5
502.098
502.098
502.098
502.098
502.098
499.875
499.875
499.875
499.875
499.875
501.603
501.603
501.603
501.603
501.603
480.851
480.851
480.851
480.851
480.851
326.784
326.784
326.784
326.784
326.784
436.687
436.785
436.785
436.785
436.785
582.438
582.438
582.438
582.438
582.438
728.012
728.012
728.012
728.012
728.012
667.117
667.117
667.117
667.117
667.117
649.695
649.695
649.695
649.695
649.695
530.094
530.094
530.094
530.094
530.094
395.75
395.75
395.75
395.75
395.75
618.71
618.71
618.71
618.71
618.71
764.268
764.268
764.268
764.268
764.268
755.003
755.003
755.003
755.003
755.003
452.521
452.522
452.522
452.522
452.522
337.935
337.935
337.935
337.935
337.935
526.512
526.512
526.512
526.512
526.512
697.679
697.679
697.679
697.679
697.679
682.888
682.888
682.888
682.888
682.888
577.235
577.235
577.235
577.235
577.235
448
448
448
448
448
688.051
688.051
688.051
688.051
688.051
593.837
593.837
593.837
593.837
593.837
432.578
432.578
432.578
432.578
432.578
609.847
609.847
609.847
609.847
609.847
597.023
597.023
597.023
597.023
597.023
536.75
536.75
536.75
536.75
536.75
328.455
328.455
328.455
328.455
328.455
530.176
530.176
530.176
530.176
530.176
627.024
627.024
627.024
627.024
627.024
240.177
240.177
240.177
240.177
240.177
625
625
625
625
625
212.899
212.899
212.899
212.899
212.899
331.831
331.831
331.831
331.831
331.831
512.379
512.379
512.379
512.379
512.379
325.03
325.03
325.03
325.03
325.03
468.656
468.656
468.656
468.656
468.656
619.594
619.594
619.594
619.594
619.594
476.259
476.259
476.259
476.259
476.259
144.414
144.414
144.414
144.414
144.414
643.795
643.795
643.795
643.795
643.795
666.016
666.016
666.016
666.016
666.016
475.5
475.5
475.5
475.5
475.5
343.766
343.766
343.766
343.766
343.766
700.31
700.31
700.31
700.31
700.31
283.177
283.177
283.177
283.177
283.177
336.875
336.875
336.875
336.875
336.875
483.27
483.27
483.27
483.27
483.27
643.044
643.044
643.044
643.044
643.044
522.084
522.084
522.084
522.084
522.084
655.663
655.663
655.663
655.663
655.663
411.227
411.227
411.227
411.227
411.227
713.293
713.293
713.293
713.293
713.293
708.742
708.742
708.742
708.742
708.742
421.14
421.14
421.14
421.14
421.14
263.125
263.125
263.125
263.125
263.125
507.054
507.054
507.054
507.054
507.054
576.15
576.15
576.15
576.15
576.15
428.314
428.314
428.314
428.314
428.314
261.172
261.172
261.172
261.172
261.172
502.695
502.695
502.695
502.695
502.695
605.438
605.438
605.438
605.438
605.438
716.227
716.227
716.227
716.227
716.227
658.732
658.732
658.732
658.732
658.732
433.825
433.825
433.825
433.825
433.825
717.438
717.438
717.438
717.438
717.438
341.031
341.031
341.031
341.031
341.031
567.322
567.322
567.322
567.322
567.322
561.681
561.681
561.681
561.681
561.681
707.62
707.62
707.62
707.62
707.62
557.032
557.032
557.032
557.032
557.032
631.46
631.46
631.46
631.46
631.46
549.5
549.5
549.5
549.5
549.5
455.095
455.095
455.095
455.095
455.095
399.965
399.965
399.965
399.965
399.965
527.125
527.125
527.125
527.125
527.125
455.731
455.731
455.731
455.731
455.731
559.971
559.971
559.971
559.971
559.971
715.227
715.227
715.227
715.227
715.227
199.625
199.625
199.625
199.625
199.625
683.974
683.974
683.974
683.974
683.974
507.16
507.16
507.16
507.16
507.16
593.046
593.046
593.046
593.046
593.046
517.656
517.656
517.656
517.656
517.656
560.225
560.225
560.225
560.225
560.225
748.125
748.125
748.125
748.125
748.125
381.915
381.915
381.915
381.915
381.915
732.352
732.352
732.352
732.352
732.352
508.047
508.047
508.047
508.047
508.047
636.796
636.796
636.796
636.796
636.796
642.182
642.182
642.182
642.182
642.182
401.281
401.281
401.281
401.281
401.281
454.614
454.614
454.614
454.614
454.614
378.222
378.222
378.222
378.222
378.222
636.492
636.492
636.492
636.492
636.492
282.683
282.683
282.683
282.683
282.683
423.422
423.422
423.422
423.422
423.422
681.936
681.936
681.936
681.936
681.936
619.15
619.15
619.15
619.15
619.15
656.188
656.188
656.188
656.188
656.188
339.688
339.688
339.688
339.688
339.688
459.785
459.785
459.785
459.785
459.785
558.325
558.325
558.325
558.325
558.325
595.828
595.828
595.828
595.828
595.828
642.531
642.531
642.531
642.531
642.531
547.976
547.876
547.876
547.876
547.876
106.417
106.417
106.417
106.417
106.417
357.078
357.078
357.078
357.078
357.078
574.642
574.642
574.642
574.642
574.642
562.139
562.139
562.139
562.139
562.139
319.147
319.147
319.147
319.147
319.147
626.484
626.484
626.484
626.484
626.484
453.054
453.054
453.054
453.054
453.054
666.875
666.875
666.875
666.875
666.875
343.75
343.75
343.75
343.75
343.75
583.938
583.938
583.938
583.938
583.938
557.352
557.352
557.352
557.352
557.352
490.441
490.441
490.441
490.441
490.441
581.531
581.531
581.531
581.531
581.531
594.431
594.431
594.431
594.431
594.431
566.888
566.888
566.888
566.888
566.888
661.685
661.685
661.685
661.685
661.685
593.376
593.376
593.376
593.376
593.376
643.375
643.375
643.375
643.375
643.375
540.72
540.72
540.72
540.72
540.72
501.561
501.561
501.561
501.561
501.561
549.475
549.475
549.475
549.475
549.475
509.125
509.125
509.125
509.125
509.125
619.941
619.941
619.941
619.941
619.941
550.179
550.179
550.179
550.179
550.179
497.766
497.766
497.766
497.766
497.766
283.508
283.508
283.508
283.508
283.508
288.406
288.406
288.406
288.406
288.406
613.546
613.546
613.546
613.546
613.546
494.953
494.953
494.953
494.953
494.953
605.047
605.047
605.047
605.047
605.047
557.972
557.972
557.972
557.972
557.972
671.008
671.008
671.008
671.008
671.008
591.375
591.375
591.375
591.375
591.375
415.301
415.301
415.301
415.301
415.301
624.266
624.266
624.266
624.266
624.266
582.57
582.57
582.57
582.57
582.57
482.409
482.409
482.409
482.409
482.409
425.547
425.547
425.547
425.547
425.547
301.563
301.563
301.563
301.563
301.563
678.5
678.5
678.5
678.5
678.5
718.372
718.372
718.372
718.372
718.372
503.956
503.956
503.956
503.956
503.956
590.969
590.969
590.969
590.969
590.969
621.469
621.469
621.469
621.469
621.469
351.973
351.973
351.973
351.973
351.973
442.688
442.688
442.688
442.688
442.688
528.613
528.613
528.613
528.613
528.613
681.712
681.712
681.712
681.712
681.712
729.273
729.273
729.273
729.273
729.273
176.602
176.602
176.602
176.602
176.602
592.711
592.711
592.711
592.711
592.711
682.65
682.65
682.65
682.65
682.65
361.205
361.205
361.205
361.205
361.205
571.75
571.75
571.75
571.75
571.75
626.813
626.813
626.813
626.813
626.813
549.236
549.236
549.236
549.236
549.236
540.078
540.078
540.078
540.078
540.078
336.256
336.256
336.256
336.256
336.256
302.375
302.375
302.375
302.375
302.375
455.5
455.5
455.5
455.5
455.5
573.87
573.87
573.87
573.87
573.87
498.727
498.727
498.727
498.727
498.727
501.231
501.231
501.231
501.231
501.231
680.056
680.056
680.056
680.056
680.056
429.125
429.125
429.125
429.125
429.125
555.984
555.984
555.984
555.984
555.984
453.948
453.948
453.948
453.948
453.948
460.229
460.229
460.229
460.229
460.229
618.492
618.492
618.492
618.492
618.492
505.589
505.589
505.589
505.589
505.589
516.506
516.506
516.506
516.506
516.506
507.188
507.188
507.188
507.188
507.188
546.131
546.131
546.131
546.131
546.131
490.584
490.584
490.584
490.584
490.584
576.555
576.555
576.555
576.555
576.555
369.617
369.617
369.617
369.617
369.617
460.305
460.305
460.305
460.305
460.305
419.277
419.277
419.277
419.277
419.277
372.669
372.669
372.669
372.669
372.669
611.12
611.12
611.12
611.12
611.12
344.367
344.367
399.484
399.484
399.484
545.415
545.415
545.415
545.415
545.415
340.391
340.391
340.391
340.391
340.391
376.836
376.836
376.836
376.836
376.836
409.902
409.902
409.902
409.902
409.902
379.086
379.086
379.086
379.086
379.086
324.883
324.883
324.883
324.883
324.883
728.297
728.297
728.297
728.297
728.297
417.413
417.413
417.413
417.413
417.413
330.853
330.853
330.853
330.853
330.853
489.875
489.875
489.875
489.875
489.875
440.215
440.215
440.215
440.215
440.215
437.805
437.805
437.805
437.805
437.805
541.016
541.016
541.016
541.016
541.016
599.621
599.621
599.621
599.621
599.621
487.094
487.094
487.094
487.094
487.094
521.046
521.046
521.046
521.046
521.046
652.125
652.125
652.125
652.125
652.125
605.696
605.696
605.696
605.696
605.696
453.375
453.375
453.375
453.375
453.375
433.819
433.819
433.819
433.819
433.819
534.615
534.615
534.615
534.615
534.615
338.855
338.855
338.855
338.855
338.855
452.025
452.025
452.025
452.025
452.025
707.527
707.527
707.527
707.527
707.527
536.332
536.332
536.332
536.332
536.332
510.063
510.063
510.063
510.063
510.063
720.109
720.109
720.109
720.109
720.109
556.984
556.984
556.984
556.984
556.984
559.375
559.375
559.375
559.375
559.375
249.031
249.031
249.031
249.031
249.031
283.734
283.734
283.734
283.734
283.734
557.779
557.779
557.779
557.779
557.779
635.617
635.617
635.617
635.617
635.617
717.75
717.75
717.75
717.75
717.75
577.171
577.171
577.171
577.171
577.171
406.855
406.855
406.855
406.855
406.855
486.396
499.542
499.542
499.542
499.542
687.242
687.242
687.242
687.242
687.242
251.455
251.455
251.455
251.455
251.455
474.471
474.471
474.471
474.471
474.471
446.32
446.32
446.32
446.32
446.32
616.688
616.688
616.688
616.688
616.688
431.637
431.637
431.637
431.637
431.637
557.867
557.867
557.867
557.867
557.867
670.729
670.729
670.729
670.729
670.729
584.286
584.286
584.286
584.286
584.286
573.475
573.475
573.475
573.475
573.475
480.5
480.5
480.5
480.5
480.5
362.346
362.346
362.346
362.346
362.346
560.304
560.304
560.304
560.304
560.304
429.166
429.166
429.166
429.166
429.166
493.938
493.938
493.938
493.938
493.938
483.963
483.963
483.963
483.963
483.963
313.657
313.657
313.657
313.657
313.657
695.167
695.167
695.167
695.167
695.167
650.129
650.129
650.129
650.129
650.129
638.727
638.727
638.727
638.727
638.727
614.958
614.958
614.958
614.958
614.958
612.313
612.313
612.313
612.313
612.313
418.837
418.837
418.837
418.837
418.837
395.617
395.617
395.617
395.617
395.617
353.699
353.699
353.699
353.699
353.699
622.515
622.515
622.515
622.515
622.515
548.237
548.237
548.237
548.237
548.237
357.277
357.277
357.277
357.277
357.277
435.961
435.961
435.961
435.961
435.961
736.753
736.753
736.753
736.753
736.753
501.172
501.172
501.172
501.172
501.172
680.5
680.5
680.5
680.5
680.5
603.081
603.081
603.081
603.081
603.081
596.938
596.938
596.938
596.938
596.938
359.832
359.832
359.832
359.832
359.832
262.434
262.434
262.434
262.434
262.434
488.708
488.708
488.708
488.708
488.708
507.4
507.4
507.4
507.4
507.4
696.531
696.531
696.531
696.531
696.531
422.859
422.859
422.859
422.859
422.859
529.895
529.895
529.895
529.895
529.895
264.985
264.985
264.985
264.985
264.985
302.589
302.589
302.589
302.589
302.589
507.258
507.258
507.258
507.258
507.258
595.438
595.438
595.438
595.438
595.438
398.275
398.275
398.275
398.275
398.275
555.75
555.75
555.75
555.75
555.75
476.291
476.291
476.291
476.291
476.291
265.938
265.938
265.938
265.938
265.938
577.031
577.031
577.031
577.031
577.031
590
590
590
590
590
623.75
623.75
623.75
623.75
623.75
462
462
462
462
462
463.851
463.851
463.851
463.851
463.851
521.649
521.649
521.649
521.649
521.649
350.969
350.969
350.969
350.969
350.969
554.762
554.762
554.762
554.762
554.762
471.449
471.449
471.449
471.449
471.449
318.475
318.475
318.475
318.475
318.475
610.967
610.967
610.967
610.967
610.967
637.121
637.121
637.121
637.121
637.121
595.533
595.533
595.533
595.533
595.533
406.383
406.383
406.383
406.383
406.383
487.181
487.181
487.181
487.181
487.181
508.541
508.541
508.541
508.541
508.541
314.719
314.719
314.719
314.719
314.719
492.946
492.946
492.946
492.946
492.946
473.875
473.875
473.875
473.875
473.875
536.486
536.486
536.486
536.486
536.486
625.271
625.271
625.271
625.271
625.271
416.547
416.547
416.547
416.547
416.547
349.175
349.175
349.175
349.175
349.175
422.889
422.889
422.889
422.889
422.889
132.677
132.677
132.677
132.677
132.677
405.529
405.529
405.529
405.529
405.529
433.799
433.799
433.799
433.799
433.799
633.5
633.5
633.5
633.5
633.5
411
411
411
411
411
538.438
538.438
538.438
538.438
538.438
608.951
608.951
608.951
608.951
608.951
532.822
532.822
532.822
532.822
532.822
466.418
466.418
466.418
466.418
466.418
525.359
525.359
525.359
525.359
525.359
737.775
737.775
737.775
737.775
737.775
433.558
433.558
433.558
433.558
433.558
545.125
545.125
545.125
545.125
545.125
468.55
468.55
468.55
468.55
468.55
709.566
709.566
709.566
709.566
709.566
226.721
226.721
226.721
226.721
226.721
533.23
533.23
533.23
533.23
533.23
330.184
330.184
330.184
330.184
330.184
434.055
434.055
434.055
434.055
434.055
767.181
767.181
767.181
767.181
767.181
682.402
682.402
682.402
682.402
682.402
481.531
481.531
481.531
481.531
481.531
627.148
627.148
627.148
627.148
627.148
364.01
364.01
364.01
364.01
364.01
354.439
354.439
354.439
354.439
354.439
454.366
454.366
454.366
454.366
454.366
680.25
680.25
680.25
680.25
680.25
340.003
340.003
340.003
340.003
340.003
461.75
461.75
461.75
461.75
461.75
660.299
660.299
660.299
660.299
660.299
418.564
418.564
418.564
418.564
418.564
506.063
506.063
506.063
506.063
506.063
387.25
387.25
387.25
387.25
387.25
742.195
742.195
742.195
742.195
742.195
391.458
391.458
391.458
391.458
391.458
537.265
537.265
537.265
537.265
537.265
671.242
671.242
671.242
671.242
671.242
394.898
394.898
394.898
394.898
394.898
194.875
194.875
194.875
194.875
194.875
152.838
152.838
152.838
152.838
152.838
436.992
436.992
436.992
436.992
436.992
516.037
516.037
516.037
516.037
516.037
587.138
587.138
587.138
587.138
587.138
683.328
683.328
683.328
683.328
683.328
446.324
446.324
446.324
446.324
446.324
454.389
454.389
454.389
454.389
454.389
572.822
572.822
572.822
572.822
572.822
657
657
657
657
657
553.807
553.807
618.113
618.113
618.113
508.047
508.047
508.047
508.047
508.047
624.878
624.878
624.878
624.878
624.878
493.938
493.938
493.938
493.938
493.938
422.274
422.274
422.274
422.274
422.274
351.409
351.409
351.409
351.409
351.409
521.453
521.453
521.453
521.453
521.453
430.639
430.639
430.639
430.639
430.639
424.469
424.469
424.469
424.469
424.469
490.293
490.293
490.293
490.293
490.293
529.617
529.617
529.617
529.617
529.617
391.875
391.875
391.875
391.875
391.875
513.125
513.125
513.125
513.125
513.125
454.758
454.758
454.758
454.758
454.758
630.807
630.807
630.807
630.807
630.807
361
361
361
361
361
670.453
670.453
670.453
670.453
670.453
459.034
459.034
459.034
459.034
459.034
496.616
496.616
496.616
496.616
496.616
725.51
725.51
725.51
725.51
725.51
692.359
692.359
692.359
692.359
692.359
551.164
551.164
551.164
551.164
551.164
526.746
526.746
526.746
526.746
526.746
542.188
542.188
542.188
542.188
542.188
728.433
728.433
728.433
728.433
728.433
346.397
346.397
346.397
346.397
346.397
599.151
599.151
599.151
599.151
599.151
755.494
755.494
755.494
755.494
755.494
579.927
579.927
579.927
579.927
579.927
679.503
679.503
679.503
679.503
679.503
435.088
435.088
435.088
435.088
435.088
630.73
630.73
630.73
630.73
630.73
721.188
721.188
721.188
721.188
721.188
709.736
709.736
709.736
709.736
709.736
479.202
479.202
479.202
479.202
479.202
550.866
550.866
550.866
550.866
550.866
502.359
492.969
492.969
492.969
492.969
691.5
691.5
691.5
691.5
691.5
646.5
646.5
646.5
646.5
646.5
689.487
689.487
689.487
689.487
689.487
727.521
727.521
727.521
727.521
727.521
694.426
694.426
694.426
694.426
694.426
558.24
558.24
558.24
558.24
558.24
641.719
641.719
641.719
641.719
641.719
531.25
531.25
531.25
531.25
531.25
581.094
581.094
581.094
581.094
581.094
553.137
553.137
553.137
553.137
553.137
356.946
356.946
356.946
356.946
356.946
627.696
627.696
627.696
627.696
627.696
580.222
580.222
580.222
580.222
580.222
775.893
775.893
775.893
775.893
775.893
523.482
523.482
523.482
523.482
523.482
486
486
486
486
486
303.045
303.045
303.045
303.045
303.045
570.602
570.602
570.602
570.602
570.602
683.863
683.863
683.863
683.863
683.863
266
371
371
371
371
667.582
667.582
667.582
667.582
667.582
425.481
425.481
425.481
425.481
425.481
277.534
277.534
277.534
277.534
277.534
319.783
319.783
319.783
319.783
319.783
636.422
636.422
636.422
636.422
636.422
519.026
519.026
519.026
519.026
519.026
202.5
202.5
202.5
202.5
202.5
570.485
570.485
570.485
570.485
570.485
378.52
378.52
378.52
378.52
378.52
569.104
569.104
569.104
569.104
569.104
488.922
488.922
488.922
488.922
488.922
731.341
731.341
731.341
731.341
731.341
512.475
512.475
512.475
512.475
512.475
516.944
516.944
516.944
516.944
516.944
611.91
611.91
611.91
611.91
611.91
612.876
612.876
612.876
612.876
612.876
359.297
359.297
359.297
359.297
359.297
637.012
637.012
637.012
637.012
637.012
398
398
398
398
398
552.131
552.131
552.131
552.131
552.131
638.968
638.968
638.968
638.968
638.968
482.483
482.483
482.483
482.483
482.483
543.078
543.078
543.078
543.078
543.078
580.899
580.899
580.899
580.899
580.899
419.346
419.346
419.346
419.346
419.346
506.359
506.359
506.359
506.359
506.359
581.254
581.254
581.254
581.254
581.254
637.797
637.797
637.797
637.797
637.797
282.127
282.127
282.127
282.127
282.127
598.813
598.813
598.813
598.813
598.813
383.344
383.344
383.344
383.344
383.344
750.368
750.368
750.368
750.368
750.368
565.601
565.601
565.601
565.601
565.601
692.508
692.508
692.508
692.508
692.508
574.445
574.445
574.445
574.445
574.445
564.859
564.859
564.859
564.859
564.859
269.465
269.465
269.465
269.465
269.465
421.125
421.125
421.125
421.125
421.125
389.051
389.051
389.051
389.051
389.051
393.156
393.156
393.156
393.156
393.156
220.078
220.078
220.078
220.078
220.078
400.375
400.375
400.375
400.375
400.375
692
692
692
692
692
708.865
708.865
708.865
708.865
708.865
562.802
562.802
562.802
562.802
562.802
668.309
668.309
668.309
668.309
668.309
743.63
743.63
743.63
743.63
743.63
653.671
653.671
653.671
653.671
653.671
455.914
455.914
455.914
455.914
455.914
256.236
256.236
256.236
256.236
256.236
517.148
517.148
517.148
517.148
517.148
529.043
529.043
529.043
529.043
529.043
237.826
237.826
237.826
237.826
237.826
633.455
633.455
633.455
633.455
633.455
376.766
376.766
376.766
376.766
376.766
434.734
434.734
434.734
434.734
434.734
450.044
450.044
450.044
450.044
450.044
490.4
490.4
490.4
490.4
490.4
360.513
360.513
360.513
360.513
360.513
356.086
356.086
356.086
356.086
356.086
606.411
606.411
606.411
606.411
606.411
251.872
251.872
251.872
251.872
251.872
313.329
313.329
313.329
313.329
313.329
679.875
679.875
679.875
679.875
679.875
705.938
705.938
705.938
705.938
705.938
454.063
454.063
454.063
454.063
454.063
670.25
670.25
670.25
670.25
670.25
640.56
640.56
640.56
640.56
640.56
569.266
569.266
569.266
569.266
569.266
467.525
467.525
467.525
467.525
467.525
490.581
490.581
490.581
490.581
490.581
694.395
694.395
694.395
694.395
694.395
513.75
513.75
513.75
513.75
513.75
468.41
468.41
468.41
468.41
468.41
284.589
284.589
284.589
284.589
284.589
680.801
680.801
680.801
680.801
680.801
359.887
359.887
359.887
359.887
359.887
415.695
415.695
415.695
415.695
415.695
602.439
602.439
602.439
602.439
602.439
757.789
757.789
757.789
757.789
757.789
174.77
174.77
174.77
174.77
174.77
589.451
589.451
589.451
589.451
589.451
339.777
339.777
339.777
339.777
339.777
562.785
562.785
562.785
562.785
562.785
629.477
629.477
629.477
629.477
629.477
359.063
359.063
359.063
359.063
359.063
525.875
525.875
525.875
525.875
525.875
549.996
549.996
549.996
549.996
549.996
517.796
517.796
517.796
517.796
517.796
626.863
626.863
626.863
626.863
626.863
562.914
562.914
562.914
562.914
562.914
660.828
660.828
660.828
660.828
660.828
493.168
493.168
493.168
493.168
493.168
508.125
508.125
508.125
508.125
508.125
569.5
569.5
569.5
569.5
569.5
613.969
613.969
613.969
613.969
613.969
445.67
445.67
445.67
445.67
445.67
529.795
529.795
529.795
529.795
529.795
681.62
681.62
681.62
681.62
681.62
648.437
648.437
648.437
648.437
648.437
359.403
359.403
359.403
359.403
359.403
494.563
494.563
494.563
494.563
494.563
401.16
401.16
401.16
401.16
401.16
609.5
609.5
609.5
609.5
609.5
577.746
577.746
577.746
577.746
577.746
590.11
590.11
590.11
590.11
590.11
518.117
518.117
518.117
518.117
518.117
516.884
516.884
516.884
552.268
552.268
562.375
562.375
562.375
562.375
562.375
343
343
343
343
343
364.797
364.797
364.797
364.797
364.797
563.961
563.961
563.961
563.961
563.961
247.344
247.344
247.344
247.344
247.344
644.148
644.148
644.148
644.148
644.148
583.695
583.695
583.695
583.695
583.695
511.133
511.133
511.133
511.133
511.133
700.875
700.875
700.875
700.875
700.875
418.844
418.844
418.844
418.844
418.844
375.451
375.451
375.451
375.451
375.451
346.904
346.904
346.904
346.904
346.904
563.564
563.564
563.564
563.564
563.564
590.678
590.678
590.678
590.678
590.678
644.466
644.466
644.466
644.466
644.466
490.125
490.125
490.125
490.125
490.125
340
340
340
340
340
307.39
307.39
307.39
307.39
307.39
630
630
630
630
630
609.082
609.082
609.082
609.082
609.082
562.281
562.281
562.281
562.281
562.281
440.338
440.338
440.338
440.338
440.338
729.453
729.453
729.453
729.453
729.453
264.849
264.849
264.849
264.849
264.849
581.711
581.711
581.711
581.711
581.711
280.568
280.568
280.568
280.568
280.568
340.357
340.357
340.357
340.357
340.357
652.597
652.597
652.597
652.597
652.597
374
374
374
374
374
520.25
520.25
520.25
520.25
520.25
547.906
547.906
547.906
547.906
547.906
607.471
607.471
607.471
607.471
607.471
500.408
500.408
500.408
500.408
500.408
503.078
503.078
503.078
503.078
503.078
568.334
568.334
568.334
568.334
568.334
594.188
594.188
594.188
594.188
594.188
350.842
350.842
350.842
350.842
350.842
503.902
503.902
503.902
503.902
503.902
654.607
654.607
654.607
654.607
654.607
629.922
629.922
629.922
629.922
629.922
497.938
497.938
497.938
497.938
497.938
352.18
352.18
352.18
352.18
352.18
409.481
409.481
409.481
409.481
409.481
717.291
717.291
717.291
717.291
717.291
649.221
649.221
649.221
649.221
649.221
672.25
672.25
672.25
672.25
672.25
451.25
451.25
451.25
451.25
451.25
727.221
727.221
727.221
727.221
727.221
319.388
319.388
319.388
319.388
319.388
554.25
554.25
554.25
554.25
554.25
397.813
397.813
397.813
397.813
397.813
434.75
434.75
434.75
434.75
434.75
370.537
370.537
370.537
370.537
370.537
306.699
306.699
306.699
306.699
306.699
475.49
475.49
475.49
475.49
475.49
360.825
360.825
360.825
360.825
360.825
476.181
481.736
481.736
481.736
481.736
499.646
499.646
499.646
499.646
499.646
589.641
589.641
589.641
589.641
589.641
230.505
230.505
230.505
230.505
230.505
494.137
494.137
494.137
494.137
494.137
272.789
272.789
272.789
272.789
272.789
695.212
695.212
695.212
695.212
695.212
329.2
329.2
329.2
329.2
329.2
755.154
755.154
755.154
755.154
755.154
675.064
675.064
675.064
675.064
675.064
487.326
487.326
487.326
487.326
487.326
676.087
676.087
676.087
676.087
676.087
428.992
428.992
428.992
428.992
428.992
357.313
357.313
357.313
357.313
357.313
554.055
554.055
554.055
554.055
554.055
549.055
549.055
549.055
549.055
549.055
648.642
648.642
648.642
648.642
648.642
330.465
330.465
330.465
330.465
330.465
701.173
701.173
701.173
701.173
701.173
458.397
458.397
458.397
458.397
458.397
510.5
510.5
510.5
510.5
510.5
626.774
626.774
626.774
626.774
626.774
555.059
555.059
555.059
555.059
555.059
555.641
555.641
555.641
555.641
555.641
382.831
382.831
382.831
382.831
382.831
193.5
193.5
193.5
193.5
193.5
689.623
689.623
689.623
689.623
689.623
521.625
521.625
521.625
521.625
521.625
278.093
278.093
278.093
278.093
278.093
440.135
440.135
440.135
440.135
440.135
401.25
401.25
401.25
401.25
401.25
520.4
520.4
520.4
520.4
520.4
603.684
603.684
603.684
603.684
603.684
548.602
548.602
548.602
548.602
548.602
612.633
612.633
612.633
612.633
612.633
390.625
390.625
390.625
390.625
390.625
547.053
547.053
547.053
547.053
547.053
346.242
346.242
346.242
346.242
346.242
405.574
406.914
406.914
406.914
406.914
633.967
633.967
633.967
633.967
633.967
518.317
518.317
518.317
518.317
518.317
366.502
366.502
366.502
366.502
366.502
426.077
426.077
426.077
426.077
426.077
604.407
604.407
604.407
604.407
604.407
723.693
723.693
723.693
723.693
723.693
411.003
411.003
411.003
411.003
411.003
572.906
572.906
572.906
572.906
572.906
648.41
648.41
648.41
648.41
648.41
628.046
628.046
628.046
628.046
628.046
592.484
592.484
592.484
592.484
592.484
751.533
751.533
751.533
751.533
751.533
370.346
370.346
370.346
370.346
370.346
393.37
393.37
393.37
393.37
393.37
635.283
635.283
635.283
635.283
635.283
581.258
581.258
581.258
581.258
581.258
644.59
644.59
644.59
644.59
644.59
695.992
695.992
695.992
695.992
695.992
668.938
668.938
668.938
668.938
668.938
479.734
479.734
479.734
479.734
479.734
753.944
753.944
753.944
753.944
753.944
586.783
586.783
586.783
586.783
586.783
651.197
651.197
651.197
651.197
651.197
751.016
751.016
751.016
751.016
751.016
525.872
525.872
525.872
525.872
525.872
474.813
474.813
474.813
474.813
474.813
531.75
531.75
531.75
531.75
531.75
315.148
315.148
315.148
315.148
315.148
579.75
579.75
579.75
579.75
579.75
560.99
560.99
560.99
560.99
560.99
687.097
687.097
687.097
687.097
687.097
662.359
662.359
662.359
662.359
662.359
276.775
276.775
276.775
276.775
276.775
742.898
742.898
742.898
742.898
742.898
351.963
351.963
351.963
351.963
351.963
456
456
456
456
456
685.109
685.109
685.109
685.109
685.109
554.431
554.431
554.431
554.431
554.431
577.889
577.889
577.889
577.889
577.889
539.947
539.947
539.947
539.947
539.947
610.625
610.625
610.625
610.625
610.625
371.5
371.5
371.5
371.5
371.5
247.935
247.935
247.935
247.935
247.935
534.262
534.262
534.262
534.262
534.262
419.352
419.352
419.352
419.352
419.352
268.875
268.875
268.875
268.875
268.875
576.787
576.787
576.787
576.787
576.787
422.422
422.422
422.422
422.422
422.422
572.275
572.275
572.275
572.275
572.275
502.136
502.136
502.136
502.136
502.136
603.162
603.162
603.162
603.162
603.162
355.014
355.014
355.014
355.014
355.014
535.266
535.266
535.266
535.266
535.266
474.959
474.959
474.959
474.959
474.959
633.211
633.211
633.211
633.211
633.211
709.5
709.5
709.5
709.5
709.5
474.625
474.625
474.625
474.625
474.625
576.539
576.539
576.539
576.539
576.539
506.313
506.313
506.313
506.313
506.313
394.719
394.719
394.719
394.719
394.719
263.879
263.879
263.879
263.879
263.879
398.029
398.029
398.029
398.029
398.029
559.676
559.676
559.676
559.676
559.676
570.32
570.32
570.32
570.32
570.32
505.656
505.656
505.656
505.656
505.656
629.646
629.646
629.646
629.646
629.646
350.557
350.557
350.557
350.557
350.557
475.412
475.412
475.412
475.412
475.412
317.1
317.1
317.1
317.1
317.1
372.102
372.102
372.102
372.102
372.102
453.625
453.625
453.625
453.625
453.625
651.234
651.234
651.234
651.234
651.234
448.667
448.667
448.667
448.667
448.667
547.688
547.688
547.688
547.688
547.688
515.539
515.539
515.539
515.539
515.539
619
619
619
619
619
605.063
605.063
605.063
605.063
605.063
633.418
633.418
633.418
633.418
633.418
435.68
435.68
435.68
435.68
435.68
356.444
356.444
356.444
356.444
356.444
668.063
668.063
668.063
668.063
668.063
433.915
433.915
433.915
433.915
433.915
648.359
648.359
648.359
648.359
648.359
661.869
661.869
661.869
661.869
661.869
644.404
644.404
644.404
644.404
644.404
439.038
439.038
439.038
439.038
439.038
505.063
505.063
505.063
505.063
505.063
720.25
720.25
720.25
720.25
720.25
522.657
522.657
522.657
522.657
522.657
580.063
580.063
580.063
580.063
580.063
511.416
511.416
511.416
511.416
511.416
476.049
476.049
476.049
476.049
476.049
463.313
463.313
463.313
463.313
463.313
451.784
451.784
451.784
451.784
451.784
575.219
575.219
575.219
575.219
575.219
535.575
535.575
535.575
535.575
535.575
429.347
429.347
429.347
429.347
429.347
656.944
656.944
656.944
656.944
656.944
458.789
458.789
458.789
458.789
458.789
380.74
380.74
380.74
380.74
380.74
601.539
601.539
601.539
601.539
601.539
353.589
353.589
353.589
353.589
353.589
454.083
454.083
454.083
454.083
454.083
719.155
719.155
719.155
719.155
719.155
590.327
590.327
590.327
590.327
590.327
599.509
599.509
599.509
599.509
599.509
608.727
608.727
608.727
608.727
608.727
528.754
528.754
528.754
528.754
528.754
691.202
691.202
691.202
691.202
691.202
599.293
599.293
599.293
599.293
599.293
591.383
591.383
591.383
591.383
591.383
461.26
461.26
461.26
461.26
461.26
387.141
387.141
387.141
387.141
387.141
487.82
487.82
487.82
487.82
487.82
727.094
727.094
727.094
727.094
727.094
402.066
402.066
402.066
402.066
402.066
634.465
634.465
634.465
634.465
634.465
664.328
664.328
664.328
664.328
664.328
724.813
724.813
724.813
724.813
724.813
356.76
356.76
356.76
356.76
356.76
361.226
361.226
361.226
361.226
361.226
384.985
384.985
384.985
384.985
384.985
638.492
638.492
638.492
638.492
638.492
398.369
398.369
398.369
398.369
398.369
486.068
486.068
486.068
486.068
486.068
612.79
612.79
612.79
612.79
612.79
367.481
367.481
367.481
367.481
367.481
320.288
320.288
320.288
320.288
320.288
558.189
558.189
558.189
558.189
558.189
596.969
596.969
596.969
596.969
596.969
424.407
424.407
424.407
424.407
424.407
464.479
464.479
464.479
464.479
464.479
571
571
571
571
571
600.182
600.182
600.182
600.182
600.182
215.785
215.785
215.785
215.785
215.785
653.878
653.878
653.878
653.878
653.878
274.89
274.89
274.89
274.89
274.89
650.801
650.801
650.801
650.801
650.801
697.629
697.629
697.629
697.629
697.629
479.104
479.104
479.104
479.104
479.104
519.672
519.672
519.672
519.672
519.672
739.022
739.022
739.022
739.022
739.022
601.938
601.938
601.938
601.938
601.938
312.518
312.518
312.518
312.518
312.518
311.767
311.767
311.767
311.767
311.767
493.969
493.969
493.969
493.969
493.969
418.602
418.602
418.602
418.602
418.602
546.815
546.815
546.815
546.815
546.815
481.367
481.367
481.367
481.367
481.367
603.063
603.063
603.063
603.063
603.063
292.695
292.695
292.695
292.695
292.695
453.719
453.719
453.719
453.719
453.719
478.281
478.281
478.281
478.281
478.281
500.896
500.896
500.896
500.896
500.896
511.336
511.336
511.336
511.336
511.336
444.313
444.313
444.313
444.313
444.313
404.5
404.5
404.5
404.5
404.5
416.449
416.449
416.449
416.449
416.449
494.75
494.75
494.75
494.75
494.75
476.531
476.531
476.531
476.531
476.531
641.08
641.08
641.08
641.08
641.08
366
366
366
366
366
737.875
737.875
737.875
737.875
737.875
485.43
485.43
485.43
485.43
485.43
501.75
501.75
501.75
501.75
501.75
363.708
363.708
363.708
363.708
363.708
627.979
627.979
627.979
627.979
627.979
441.564
441.564
441.564
441.564
441.564
323.631
323.631
323.631
323.631
323.631
517.463
517.463
517.463
517.463
517.463
328.411
328.411
328.411
328.411
328.411
436.857
436.857
436.857
436.857
436.857
602.875
602.875
602.875
602.875
602.875
704.716
704.716
704.716
704.716
704.716
244.85
244.85
244.85
244.85
244.85
496.366
496.366
496.366
496.366
496.366
528.644
528.644
528.644
528.644
528.644
458.188
458.188
458.188
458.188
458.188
235.984
235.984
235.984
235.984
235.984
522.212
522.212
522.212
522.212
522.212
590.259
590.259
590.259
590.259
590.259
657.172
657.172
657.172
657.172
657.172
464.552
464.552
464.552
464.552
464.552
448.754
448.754
448.754
448.754
448.754
477.797
477.797
477.797
477.797
477.797
443.582
443.582
443.582
443.582
443.582
348.786
348.786
348.786
348.786
348.786
330.102
330.102
330.102
330.102
330.102
378
378
378
378
378
447.5
447.5
447.5
447.5
447.5
621.984
621.984
621.984
621.984
621.984
566.727
566.727
566.727
566.727
566.727
454.031
454.031
454.031
454.031
454.031
371.117
371.117
371.117
371.117
371.117
729.993
729.993
729.993
729.993
729.993
365.122
365.122
365.122
365.122
365.122
277.491
277.491
277.491
277.491
277.491
629.055
629.055
629.055
629.055
629.055
401.2
401.2
401.2
401.2
401.2
552.645
552.645
552.645
552.645
552.645
564.649
564.649
564.649
564.649
564.649
627.797
627.797
627.797
627.797
627.797
632.211
632.211
632.211
632.211
632.211
489.569
489.569
489.569
489.569
489.569
453.156
453.156
453.156
453.156
453.156
680.148
680.148
680.148
680.148
680.148
521
521
521
521
521
503.411
503.411
503.411
503.411
503.411
530.435
530.435
530.435
530.435
530.435
658.636
658.636
658.636
658.636
658.636
516.281
516.281
516.281
516.281
516.281
622.682
622.682
622.682
622.682
622.682
532.835
532.835
532.835
532.835
532.835
465.502
465.502
465.502
465.502
465.502
355.762
355.762
355.762
355.762
355.762
590
590
590
590
590
729.347
729.347
729.347
729.347
729.347
649.449
649.449
649.449
649.449
649.449
476.523
476.523
476.523
476.523
476.523
675.426
675.426
675.426
675.426
675.426
662.11
662.11
662.11
662.11
662.11
563.872
563.872
563.872
563.872
563.872
170.732
170.732
170.732
170.732
170.732
373.488
373.488
373.488
373.488
373.488
582.677
582.677
582.677
582.677
582.677
668.412
668.412
668.412
668.412
668.412
513.529
513.529
513.529
513.529
513.529
389.553
389.553
389.553
389.553
389.553
549.578
550.093
550.093
550.093
550.093
379.625
379.625
379.625
379.625
379.625
332.458
332.458
332.458
332.458
332.458
353.672
353.672
353.672
353.672
353.672
502.258
502.258
502.258
502.258
502.258
686.398
686.398
686.398
686.398
686.398
667.75
667.75
667.75
667.75
667.75
493.25
493.25
493.25
493.25
493.25
459.575
459.575
459.575
459.575
459.575
551.016
551.016
551.016
551.016
551.016
399.872
399.872
399.872
399.872
399.872
478.516
478.516
478.516
478.516
478.516
596.475
596.475
596.475
596.475
596.475
524.398
524.398
524.398
524.398
524.398
717.143
723.286
723.286
723.286
723.286
700.394
700.394
700.394
700.394
700.394
714.715
714.715
714.715
714.715
714.715
635.124
635.124
635.124
635.124
635.124
522.906
522.906
522.906
522.906
522.906
489.841
489.841
489.841
489.841
489.841
648.82
648.82
648.82
648.82
648.82
600.718
600.718
600.718
600.718
600.718
488.25
488.25
488.25
488.25
488.25
502.094
502.094
502.094
502.094
502.094
361.336
361.336
361.336
361.336
361.336
593.814
593.814
593.814
593.814
593.814
499.835
499.835
499.835
499.835
499.835
374.559
374.559
374.559
374.559
374.559
446.766
446.766
446.766
446.766
446.766
448.031
448.031
448.031
448.031
448.031
436
436
436
436
436
452.988
452.988
452.988
452.988
452.988
555.438
555.438
555.438
555.438
555.438
720.471
720.471
720.471
720.471
720.471
329.828
329.828
329.828
329.828
329.828
667.125
667.125
667.125
667.125
667.125
259.117
259.117
259.117
259.117
259.117
524.176
524.176
524.176
524.176
524.176
625.434
625.434
625.434
625.434
625.434
540.188
540.188
540.188
540.188
540.188
0
