0
0
0
0
640.282
640.282
640.282
640.282
640.282
312.116
312.116
312.116
312.116
312.116
291.605
291.605
291.605
291.605
291.605
323.448
323.448
323.448
323.448
323.448
708.636
708.636
708.636
708.636
708.636
726.605
726.605
726.605
726.605
726.605
536.369
536.369
536.369
536.369
536.369
521.504
521.504
521.504
521.504
521.504
502.75
502.75
502.75
502.75
502.75
616.764
616.764
616.764
616.764
616.764
420.521
420.521
420.521
420.521
420.521
451.844
451.844
451.844
451.844
451.844
723.09
723.09
723.09
723.09
723.09
708.784
708.784
708.784
708.784
708.784
439.928
439.928
439.928
439.928
439.928
419.299
419.299
419.299
419.299
419.299
466.92
466.92
466.92
466.92
466.92
627.01
627.01
627.01
627.01
627.01
406.225
406.225
406.225
406.225
406.225
508.826
508.826
508.826
508.826
508.826
684.928
684.928
684.928
684.928
684.928
674.257
674.257
674.257
674.257
674.257
401.978
401.978
401.978
401.978
401.978
381.423
381.423
381.423
381.423
381.423
539.893
539.895
539.895
539.895
539.895
375.516
375.516
375.516
375.516
375.516
750.779
750.779
750.779
750.779
750.779
643.135
643.135
643.135
643.135
643.135
778.937
778.937
778.937
778.937
778.937
757.372
757.372
757.372
757.372
757.372
762.992
762.992
762.992
762.992
762.992
759.136
759.136
759.136
759.136
759.136
754.193
754.193
754.193
754.193
754.193
547.457
547.457
547.457
547.457
547.457
571.582
571.582
571.582
571.582
571.582
463.25
463.25
463.25
463.25
463.25
502.016
502.016
502.016
502.016
502.016
420.391
420.391
420.391
420.391
420.391
621.021
621.021
621.021
621.021
621.021
327.602
327.602
327.602
327.602
327.602
321.179
321.179
321.179
321.179
321.179
753.73
753.73
753.73
753.73
753.73
469.094
469.094
469.094
469.094
469.094
443.343
443.343
443.343
443.343
443.343
509.348
509.348
509.348
509.348
509.348
492.293
492.293
492.293
492.293
492.293
712.122
712.122
712.122
712.122
712.122
567.188
567.188
567.188
567.188
567.188
226.342
226.342
226.342
226.342
226.342
703.232
703.232
703.232
703.232
703.232
383.027
383.027
383.027
383.027
383.027
529.163
529.163
529.163
529.163
529.163
583.001
583.001
583.001
583.001
583.001
308.712
308.712
308.712
308.712
308.712
246.879
246.879
246.879
246.879
246.879
599.578
599.578
599.578
599.578
599.578
462.5
462.5
462.5
462.5
462.5
531.759
531.759
531.759
531.759
531.759
319.199
319.199
319.199
319.199
319.199
581.737
581.737
581.737
581.737
581.737
468.818
468.818
468.818
468.818
468.818
357.366
357.366
357.366
357.366
357.366
562.522
562.522
562.522
562.522
562.522
391.776
391.776
391.776
391.776
391.776
452.102
452.102
452.102
452.102
452.102
606.498
606.498
606.498
606.498
606.498
636
636
636
636
636
706.781
706.781
706.781
706.781
706.781
645.338
645.338
645.338
645.338
645.338
585.418
585.418
585.418
585.418
585.418
588.037
588.037
588.037
588.037
588.037
554.46
554.46
554.46
554.46
554.46
564.7
564.7
564.7
564.7
564.7
301.141
301.141
301.141
301.141
301.141
648.76
648.76
648.76
648.76
648.76
521.137
521.137
521.137
521.137
521.137
658.75
658.75
658.75
658.75
658.75
503.797
503.797
503.797
503.797
503.797
618.75
618.75
618.75
618.75
618.75
753.481
753.481
753.481
753.481
753.481
255.487
255.487
255.487
255.487
255.487
603.797
603.797
603.797
603.797
603.797
222.693
222.693
222.693
222.693
222.693
451.349
451.349
451.349
451.349
451.349
382.48
382.48
382.48
382.48
382.48
361.433
361.433
361.433
361.433
361.433
534.297
534.297
534.297
534.297
534.297
372.154
372.154
372.154
372.154
372.154
732.287
732.287
732.287
732.287
732.287
731.953
731.953
731.953
731.953
731.953
778.024
778.024
778.024
778.024
778.024
764.001
764.001
764.001
764.001
764.001
720.69
720.69
720.69
720.69
720.69
742.531
742.531
742.531
742.531
742.531
693.247
693.247
693.247
693.247
693.247
512.011
512.011
512.011
512.011
512.011
762.263
762.263
762.263
762.263
762.263
623.154
623.154
623.154
623.154
623.154
760.851
760.851
760.851
760.851
760.851
352.536
352.536
352.536
352.536
352.536
639.641
639.641
639.641
639.641
639.641
435.014
435.014
435.014
435.014
435.014
395.527
395.527
395.527
395.527
395.527
403.064
403.064
403.064
403.064
403.064
385.563
385.563
385.563
385.563
385.563
376.734
376.734
376.734
376.734
376.734
278.211
278.211
278.211
278.211
278.211
474.253
474.253
474.253
474.253
474.253
480.774
480.774
480.774
480.774
480.774
348.723
348.723
348.723
348.723
348.723
446.88
446.88
446.88
446.88
446.88
508.678
508.678
508.678
508.678
508.678
655.485
655.485
655.485
655.485
655.485
627.232
627.232
627.232
627.232
627.232
243.547
243.547
243.547
243.547
243.547
580.442
580.442
580.442
580.442
580.442
677.606
677.606
677.606
677.606
677.606
659.087
659.087
659.087
659.087
659.087
524.305
524.305
524.305
524.305
524.305
510.925
510.925
510.925
510.925
510.925
411.035
411.035
411.035
411.035
411.035
726.614
726.614
726.614
726.614
726.614
532.227
532.227
532.227
532.227
532.227
783.563
783.563
783.563
783.563
783.563
756.538
756.538
756.538
756.538
756.538
736.146
736.146
736.146
736.146
736.146
736.145
736.145
736.145
736.145
736.145
731.953
731.953
731.953
731.953
731.953
513.926
513.926
513.926
513.926
513.926
215.035
215.035
215.035
215.035
215.035
654.509
654.509
654.509
654.509
654.509
489.346
489.346
489.346
489.346
489.346
542.391
542.391
542.391
542.391
542.391
466.733
466.733
466.733
466.733
466.733
479.899
479.899
479.899
479.899
479.899
549.407
549.407
549.407
549.407
549.407
497.147
497.147
497.147
497.147
497.147
487.066
487.066
487.066
487.066
487.066
595.457
595.457
595.457
595.457
595.457
655.127
655.127
655.127
655.127
655.127
539.224
539.224
539.224
539.224
539.224
528.527
528.527
528.527
528.527
528.527
651.479
651.479
651.479
651.479
651.479
384.121
384.121
384.121
384.121
384.121
583.53
583.53
583.53
583.53
583.53
419.362
419.362
419.362
419.362
419.362
520.048
520.048
520.048
520.048
520.048
546.509
546.509
546.509
546.509
546.509
709.597
709.597
709.597
709.597
709.597
677.169
677.169
677.169
677.169
677.169
770.985
770.985
770.985
770.985
770.985
759.664
759.664
759.664
759.664
759.664
582.549
582.549
582.549
582.549
582.549
263.875
263.875
263.875
263.875
263.875
632.156
632.156
632.156
632.156
632.156
784.013
784.013
784.013
784.013
784.013
710.763
710.763
710.763
710.763
710.763
772.599
772.599
772.599
772.599
772.599
665.622
665.622
665.622
665.622
665.622
731.784
731.784
731.784
731.784
731.784
658.102
658.102
658.102
658.102
658.102
280.391
280.391
280.391
280.391
280.391
297.047
297.047
297.047
297.047
297.047
402.631
402.631
402.631
402.631
402.631
772.076
772.076
772.076
772.076
772.076
588.911
588.911
588.911
588.911
588.911
556.25
556.25
556.25
556.25
556.25
689.01
689.01
689.01
689.01
689.01
494.594
494.594
494.594
494.594
494.594
441.628
441.628
441.628
441.628
441.628
467.123
467.123
467.123
467.123
467.123
480.699
480.699
480.699
480.699
480.699
662.026
662.026
662.026
662.026
662.026
750.075
750.075
750.075
750.075
750.075
742.759
742.759
742.759
742.759
742.759
727.339
727.339
727.339
727.339
727.339
413.96
413.96
413.96
413.96
413.96
639.281
639.281
639.281
639.281
639.281
615.105
615.105
615.105
615.105
615.105
518.75
518.75
518.75
518.75
518.75
666.801
666.801
666.801
666.801
666.801
364.753
364.753
364.753
364.753
364.753
663.25
663.25
663.25
663.25
663.25
767.401
767.401
767.401
767.401
767.401
156.798
156.798
156.798
156.798
156.798
593.033
593.033
593.033
593.033
593.033
742.886
742.886
742.886
742.886
742.886
417.409
417.409
417.409
417.409
417.409
712.375
712.375
712.375
712.375
712.375
697.761
697.761
697.761
697.761
697.761
486.305
486.305
486.305
486.305
486.305
623.503
623.503
623.503
623.503
623.503
609.138
609.138
609.138
609.138
609.138
462.916
462.916
462.916
462.916
462.916
413.292
413.292
413.292
413.292
413.292
658.084
658.084
658.084
658.084
658.084
631.772
631.772
631.772
631.772
631.772
463.5
463.5
463.5
463.5
463.5
449.969
449.969
449.969
449.969
449.969
462.695
462.695
462.695
462.695
462.695
499.9
499.9
499.9
499.9
499.9
664.722
664.722
664.722
664.722
664.722
185.577
185.577
185.577
185.577
185.577
326.014
326.014
326.014
326.014
326.014
273.336
273.336
273.336
273.336
273.336
203.038
203.038
203.038
203.038
203.038
449.082
449.082
449.082
449.082
449.082
429.211
429.211
429.211
429.211
429.211
586.563
586.563
586.563
586.563
586.563
552.475
552.475
552.475
552.475
552.475
700.152
700.152
700.152
700.152
700.152
674.382
674.382
674.382
674.382
674.382
618.705
618.705
618.705
618.705
618.705
387.913
387.913
387.913
387.913
387.913
742.353
742.353
742.353
742.353
742.353
682.205
682.205
682.205
682.205
682.205
443.401
443.401
443.401
443.401
443.401
303.05
303.05
303.05
303.05
303.05
691.638
691.638
691.638
691.638
691.638
413.281
413.281
413.281
413.281
413.281
282.314
282.314
282.314
282.314
282.314
502.52
502.52
502.52
502.52
502.52
149.048
149.048
149.048
149.048
149.048
377.625
377.625
377.625
377.625
377.625
612.322
612.322
612.322
612.322
612.322
419.83
419.83
419.83
419.83
419.83
645.295
645.295
645.295
645.295
645.295
306.558
306.558
306.558
306.558
306.558
282.656
282.656
282.656
282.656
282.656
454.268
454.268
454.268
454.268
454.268
376.304
376.304
376.304
376.304
376.304
694.78
694.78
694.78
694.78
694.78
528.17
528.17
528.17
528.17
528.17
414.228
414.228
414.228
414.228
414.228
581.547
581.547
581.547
581.547
581.547
468.465
468.465
468.465
468.465
468.465
606.388
606.388
606.388
606.388
606.388
552.807
552.807
552.807
552.807
552.807
601.596
601.596
601.596
601.596
601.596
668.607
668.607
668.607
668.607
668.607
528.235
528.235
528.235
528.235
528.235
721.381
721.381
721.381
721.381
721.381
726.573
726.573
726.573
726.573
726.573
517.511
517.511
517.511
517.511
517.511
322.989
322.989
322.989
322.989
322.989
316.535
316.535
316.535
316.535
316.535
560.815
560.815
560.815
560.815
560.815
704.111
704.111
704.111
704.111
704.111
775.972
775.972
775.972
775.972
775.972
726.756
726.756
726.756
726.756
726.756
288.682
288.682
288.682
288.682
288.682
579.813
579.813
579.813
579.813
579.813
323.131
323.131
323.131
323.131
323.131
707.521
707.521
707.521
707.521
707.521
686.047
686.047
686.047
686.047
686.047
495.437
495.437
495.437
495.437
495.437
403.297
403.297
403.297
403.297
403.297
386.545
386.545
386.545
386.545
386.545
354.734
354.734
354.734
354.734
354.734
378.16
378.16
378.16
378.16
378.16
234.567
234.567
234.567
234.567
234.567
472.163
469.388
469.388
469.388
469.388
397
397
397
397
397
448.29
448.29
448.29
448.29
448.29
682.246
682.246
682.246
682.246
682.246
641.532
641.532
641.532
641.532
641.532
456.211
456.211
456.211
456.211
578.922
662.965
662.965
662.965
662.965
662.965
521.714
521.714
521.714
521.714
521.714
496.459
496.459
496.459
496.459
496.459
661.359
661.359
661.359
661.359
661.359
570.657
570.657
570.657
570.657
570.657
655.666
655.666
655.666
655.666
655.666
780.6
780.6
780.6
780.6
780.6
665.005
665.005
665.005
665.005
665.005
531.322
531.322
531.322
531.322
531.322
485.406
485.406
485.406
485.406
485.406
503.438
503.438
503.438
503.438
503.438
664.583
664.583
664.583
664.583
664.583
577.547
577.547
577.547
577.547
577.547
688.449
688.449
688.449
688.449
688.449
710.248
710.248
710.248
710.248
710.248
567.785
567.785
567.785
567.785
567.785
733.689
733.689
733.689
733.689
733.689
426.684
426.684
426.684
426.684
426.684
583.191
583.191
583.191
583.191
583.191
771.888
771.888
771.888
771.888
771.888
655.994
655.994
655.994
655.994
655.994
474.078
474.078
474.078
474.078
474.078
600.452
600.452
600.452
600.452
600.452
599.313
599.313
599.313
599.313
599.313
507.61
507.61
507.61
507.61
507.61
779.377
779.377
779.377
779.377
779.377
731.731
731.731
731.731
731.731
731.731
583.257
583.257
583.257
583.257
583.257
358.966
358.966
358.966
358.966
358.966
604.102
604.102
604.102
604.102
604.102
512.147
512.147
512.147
512.147
512.147
734.94
734.94
734.94
734.94
734.94
619.179
619.179
619.179
619.179
619.179
644.604
644.604
644.604
644.604
644.604
626.434
626.434
626.434
626.434
626.434
675.682
675.682
675.682
675.682
675.682
560.881
560.881
560.881
560.881
560.881
394.197
394.197
394.197
394.197
394.197
276.49
276.49
276.49
276.49
276.49
659.828
659.828
659.828
659.828
659.828
693.854
693.854
693.854
693.854
693.854
438.63
438.63
438.63
438.63
438.63
614.842
614.842
614.842
614.842
614.842
292.44
292.44
292.44
292.44
292.44
573.985
573.985
573.985
573.985
573.985
520.323
520.323
520.323
520.323
520.323
636.273
636.273
636.273
636.273
636.273
466.544
466.544
466.544
466.544
466.544
252.919
252.919
252.919
252.919
252.919
564.176
564.176
564.176
564.176
564.176
739.078
739.078
739.078
739.078
739.078
616.534
616.534
616.534
616.534
616.534
755.776
755.776
755.776
755.776
755.776
669.203
669.203
669.203
669.203
669.203
740.21
740.21
740.21
740.21
740.21
614.253
614.253
614.253
614.253
614.253
394.59
394.59
394.59
409.929
409.929
628.25
628.25
628.25
628.25
628.25
553.813
553.813
553.813
553.813
553.813
637.188
637.188
637.188
637.188
637.188
340.566
340.566
340.566
340.566
340.566
727.375
727.375
727.375
727.375
727.375
667.885
667.885
667.885
667.885
667.885
442.154
442.154
442.154
442.154
442.154
392.66
392.66
392.66
392.66
392.66
642.457
642.457
642.457
642.457
642.457
555.449
555.449
555.449
555.449
555.449
502.691
502.691
502.691
502.691
502.691
773.696
773.696
773.696
773.696
773.696
612.58
612.58
612.58
612.58
612.58
547.328
547.328
547.328
547.328
547.328
297.67
297.67
297.67
297.67
297.67
754.933
754.933
754.933
754.933
754.933
742.479
742.479
742.479
742.479
742.479
581.938
581.938
581.938
581.938
581.938
678.391
678.391
678.391
678.391
678.391
650.695
650.695
650.695
650.695
650.695
574.573
574.573
574.573
574.573
574.573
652.903
652.903
652.903
652.903
652.903
449.59
449.59
449.59
449.59
449.59
296.501
296.501
296.501
296.501
296.501
409.428
409.428
409.428
409.428
409.428
436.432
436.432
436.432
436.432
436.432
357.448
357.448
357.448
357.448
357.448
778.112
778.112
778.112
778.112
778.112
448.562
448.562
448.562
448.562
448.562
370.051
370.051
370.051
370.051
370.051
435.46
435.46
435.46
435.46
435.46
230.81
230.81
230.81
230.81
230.81
621.173
621.173
621.173
621.173
621.173
501.648
501.648
501.648
501.648
501.648
692.174
692.174
692.174
692.174
692.174
498.25
498.25
498.25
498.25
498.25
291.949
291.949
291.949
291.949
291.949
541.773
541.773
541.773
541.773
541.773
359.844
359.844
359.844
359.844
359.844
312.285
312.285
312.285
312.285
312.285
554.105
554.105
554.105
554.105
554.105
377.879
377.879
377.879
377.879
377.879
657.412
657.412
657.412
657.412
657.412
628.792
628.792
628.792
628.792
628.792
627.656
627.656
627.656
627.656
627.656
380.587
380.587
380.587
380.587
380.587
252.727
252.727
252.727
252.727
252.727
320.926
320.926
320.926
320.926
320.926
386.284
386.284
386.284
386.284
386.284
544.715
544.715
544.715
544.715
544.715
564.686
564.686
564.686
564.686
564.686
715.9
715.9
715.9
715.9
715.9
715.239
715.239
715.239
715.239
715.239
366.777
366.777
366.777
366.777
366.777
201
201
201
201
201
326.418
326.418
326.418
326.418
326.418
399.547
399.547
399.547
399.547
399.547
487.795
487.795
487.795
487.795
487.795
654.484
654.484
654.484
654.484
654.484
544.673
544.673
544.673
544.673
544.673
552.453
552.453
552.453
552.453
552.453
305.581
305.581
305.581
305.581
305.581
606.452
606.452
606.452
606.452
606.452
409.898
409.898
409.898
409.898
409.898
722.596
722.596
722.596
722.596
722.596
594.334
594.334
594.334
594.334
594.334
244.128
244.128
244.128
244.128
244.128
510.422
510.422
510.422
510.422
510.422
310.57
310.57
310.57
310.57
310.57
386.805
386.805
386.805
386.805
386.805
569.81
569.81
569.81
569.81
569.81
527.613
527.613
527.613
527.613
527.613
542.234
542.234
542.234
542.234
542.234
306.932
306.932
306.932
306.932
306.932
392.446
392.446
392.446
392.446
392.446
583.944
583.944
583.944
583.944
583.944
575.844
575.844
575.844
575.844
575.844
324.438
324.438
324.438
324.438
324.438
698.069
698.069
698.069
698.069
698.069
344.292
344.292
344.292
344.292
344.292
552.276
552.276
552.276
552.276
552.276
669.451
669.451
669.451
669.451
669.451
694.644
694.644
694.644
694.644
694.644
490.099
490.099
490.099
490.099
490.099
439.938
439.938
439.938
439.938
439.938
740.281
740.281
740.281
740.281
740.281
734.526
734.526
734.526
734.526
734.526
712.818
712.818
712.818
712.818
712.818
736.382
736.382
736.382
736.382
736.382
768.062
768.062
768.062
768.062
768.062
768.157
768.157
768.157
768.157
768.157
737.183
737.183
737.183
737.183
737.183
791.253
791.253
791.253
791.253
791.253
732.27
732.27
732.27
732.27
732.27
589.996
589.996
589.996
589.996
589.996
662.637
662.637
662.637
662.637
662.637
579.609
579.609
579.609
579.609
579.609
743.615
743.615
743.615
743.615
743.615
443.771
443.771
443.771
443.771
443.771
563.503
563.503
563.503
563.503
563.503
524
524
524
524
524
658.672
658.672
658.672
658.672
658.672
542.138
542.138
542.138
542.138
542.138
474.813
474.813
474.813
474.813
474.813
286.425
286.425
286.425
286.425
286.425
733.601
733.601
733.601
733.601
733.601
733.101
733.101
733.101
733.101
733.101
632.5
632.5
632.5
632.5
632.5
502.593
502.593
502.593
502.593
502.593
568.423
568.423
568.423
568.423
568.423
729.454
729.454
729.454
729.454
729.454
576.496
576.496
576.496
576.496
576.496
503.406
503.406
503.406
503.406
503.406
476.644
476.644
476.644
476.644
476.644
635.527
635.527
635.527
635.527
635.527
610.453
610.453
610.453
610.453
610.453
594.047
594.047
594.047
594.047
594.047
502.326
502.326
502.326
502.326
502.326
505.875
505.875
505.875
505.875
505.875
588.671
588.671
588.671
588.671
588.671
321.167
321.167
321.167
321.167
321.167
669.949
669.949
669.949
669.949
669.949
438.656
438.656
438.656
438.656
438.656
558.844
558.844
558.844
558.844
558.844
206.426
206.426
206.426
206.426
206.426
513.611
513.611
513.611
513.611
513.611
575.555
575.555
575.555
575.555
575.555
400.487
400.487
400.487
400.487
400.487
516.322
516.322
516.322
516.322
516.322
647.672
647.672
647.672
647.672
647.672
584.695
584.695
584.695
584.695
584.695
534.848
534.848
534.848
534.848
534.848
619.506
619.506
619.506
619.506
619.506
619.5
619.5
619.5
619.5
619.5
524.832
524.832
524.832
524.832
524.832
649.455
649.455
649.455
649.455
649.455
221.656
221.656
221.656
221.656
221.656
284.054
284.054
284.054
284.054
284.054
620.75
620.75
620.75
620.75
620.75
635.9
635.9
635.9
635.9
635.9
761.007
761.007
761.007
761.007
761.007
771.895
771.895
771.895
771.895
771.895
778.02
778.02
778.02
778.02
778.02
684.736
684.736
684.736
684.736
684.736
681.085
681.009
681.009
681.009
681.009
401.631
401.631
401.631
401.631
401.631
572.263
572.263
572.263
572.263
572.263
411.787
411.787
411.787
411.787
411.787
447.28
447.28
447.28
447.28
447.28
595.16
595.16
595.16
595.16
595.16
537.637
537.637
537.637
537.637
537.637
507.875
507.875
507.875
507.875
507.875
312
312
312
312
312
443.095
443.095
443.095
443.095
443.095
538.424
538.424
538.424
538.424
538.424
468.188
468.188
468.188
468.188
468.188
374.846
374.846
374.846
374.846
374.846
390.454
390.454
390.454
390.454
390.454
264.44
264.44
264.44
264.44
264.44
566.628
566.628
566.628
566.628
566.628
563.73
563.73
563.73
563.73
563.73
524.438
524.438
524.438
524.438
524.438
614.821
614.821
614.821
614.821
614.821
363.595
363.595
363.595
363.595
363.595
491
491
491
491
491
524.049
524.049
524.049
524.049
524.049
659.736
659.736
659.736
659.736
659.736
453.34
453.34
453.34
453.34
453.34
601.693
601.693
601.693
601.693
601.693
776.681
776.681
776.681
776.681
776.681
727.017
727.017
727.017
727.017
727.017
712.409
712.409
712.409
712.409
712.409
733.373
733.373
733.373
733.373
733.373
743.005
743.005
743.005
743.005
743.005
672.612
672.612
672.612
672.612
672.612
586.682
586.682
586.682
586.682
586.682
746.157
746.157
746.157
746.157
746.157
494.04
494.04
494.04
494.04
494.04
398.729
398.729
398.729
398.729
398.729
612.989
612.989
612.989
612.989
612.989
502.444
502.444
502.444
502.444
502.444
285.471
285.471
285.471
285.471
285.471
635.897
635.897
635.897
635.897
635.897
350.859
350.859
350.859
350.859
350.859
565.797
565.797
565.797
565.797
565.797
475.55
475.55
475.55
475.55
475.55
420.154
420.154
420.154
420.154
420.154
508.122
508.122
508.122
508.122
508.122
733.045
733.045
733.045
733.045
733.045
632.799
632.799
632.799
632.799
632.799
601.211
601.211
601.211
601.211
601.211
741.529
741.529
741.529
741.529
741.529
744.353
744.353
744.353
744.353
744.353
752.055
752.055
752.055
752.055
752.055
667.927
667.927
667.927
667.927
667.927
542.957
542.957
542.957
542.957
542.957
632.525
632.525
632.525
632.525
632.525
595.408
595.408
595.408
595.408
595.408
648.49
648.49
648.49
648.49
648.49
473.859
473.859
473.859
473.859
473.859
537.016
537.016
537.016
537.016
537.016
598.813
598.813
598.813
598.813
598.813
277
277
277
277
277
361.651
361.651
361.651
361.651
361.651
606.059
606.059
606.059
606.059
606.059
486.727
486.727
486.727
486.727
486.727
571.813
571.813
571.813
571.813
571.813
225.926
225.926
225.926
225.926
225.926
579.921
579.921
579.921
579.921
579.921
603.34
603.34
603.34
603.34
603.34
642.933
642.933
642.933
642.933
642.933
676.226
676.226
676.226
676.226
676.226
569.481
569.481
569.481
569.481
569.481
720.61
720.61
720.61
720.61
720.61
304.311
304.311
304.311
304.311
304.311
741.305
741.305
741.305
741.305
741.305
755.069
755.069
755.069
755.069
755.069
769.039
769.039
769.039
769.039
769.039
739.027
739.027
739.027
739.027
739.027
762.29
762.29
762.29
762.29
762.29
725.194
725.194
725.194
725.194
725.194
764.405
764.405
764.405
764.405
764.405
725.029
725.029
725.029
725.029
725.029
642.646
642.646
642.646
642.646
642.646
520.054
520.054
520.054
520.054
520.054
337.034
337.034
337.034
337.034
337.034
432.781
432.781
432.781
432.781
432.781
638.5
638.5
638.5
638.5
638.5
489.897
489.897
489.897
489.897
489.897
672.798
672.798
672.798
672.798
672.798
406.618
406.618
406.618
406.618
406.618
671.261
671.261
671.261
671.261
671.261
624
624
624
624
624
685.328
685.328
685.328
685.328
685.328
637.973
637.973
637.973
637.973
637.973
490.312
490.312
490.312
490.312
490.312
670.295
670.295
670.295
670.295
670.295
545.625
545.625
545.625
545.625
545.625
471.375
471.375
471.375
471.375
471.375
480.382
480.382
480.382
480.382
480.382
690.425
690.425
690.425
690.425
690.425
582.043
582.043
582.043
582.043
582.043
532.997
532.997
532.997
532.997
532.997
596.033
596.033
596.033
596.033
596.033
398
398
398
398
398
323.456
323.456
323.456
323.456
323.456
628.219
628.219
628.219
628.219
628.219
515.983
515.983
515.983
515.983
515.983
548.291
548.291
548.291
548.291
548.291
593.476
593.476
593.476
593.476
593.476
184.465
184.465
184.465
184.465
184.465
661.691
661.691
661.691
661.691
661.691
548.388
548.388
548.388
548.388
548.388
305.844
305.844
305.844
305.844
305.844
604.85
604.85
604.85
604.85
604.85
557.968
557.968
557.968
557.968
557.968
698.943
698.943
698.943
698.943
698.943
751.474
751.474
751.474
751.474
751.474
431.572
431.572
431.572
431.572
431.572
774.432
774.432
774.432
774.432
774.432
698.767
698.767
698.767
698.767
698.767
735.532
735.532
735.532
735.532
735.532
616.066
616.066
616.066
616.066
616.066
478.422
478.422
478.422
478.422
478.422
466.125
466.125
466.125
466.125
466.125
607.74
607.74
607.74
607.74
607.74
326.563
326.563
326.563
326.563
326.563
653.877
653.877
653.877
653.877
653.877
668.775
668.775
668.775
668.775
668.775
428.778
428.778
428.778
428.778
428.778
599.538
599.538
599.538
599.538
599.538
327.396
327.396
327.396
327.396
327.396
514.631
514.631
514.631
514.631
514.631
529.125
529.125
529.125
529.125
529.125
674.025
674.025
674.025
674.025
674.025
568.625
568.625
568.625
568.625
568.625
617.46
617.46
617.46
617.46
617.46
409.188
409.188
409.188
409.188
409.188
763.273
763.273
763.273
763.273
763.273
693.282
693.282
693.282
693.282
693.282
543.803
543.803
543.803
543.803
543.803
664.818
664.818
664.818
664.818
664.818
458.038
458.038
458.038
458.038
458.038
634.922
634.922
634.922
634.922
634.922
479.409
479.409
479.409
479.409
479.409
468.483
468.483
468.483
468.483
468.483
664.414
664.414
664.414
664.414
664.414
462.874
462.874
462.874
550.749
550.749
279.745
279.745
279.745
279.745
279.745
595.659
595.659
595.659
595.659
595.659
521.474
521.474
521.474
521.474
521.474
603.773
603.773
603.773
603.773
603.773
575.633
575.633
575.633
575.633
575.633
686.422
686.422
686.422
686.422
686.422
449.701
449.701
449.701
449.701
449.701
557.762
557.762
557.762
557.762
557.762
583.418
583.418
583.418
583.418
583.418
494.203
494.203
494.203
494.203
494.203
578.75
578.75
578.75
578.75
578.75
511.969
511.969
511.969
511.969
511.969
394.438
394.438
394.438
394.438
394.438
694.124
694.124
694.124
694.124
694.124
624.868
624.868
624.868
624.868
624.868
481.507
481.507
481.507
481.507
481.507
686.011
686.011
686.011
686.011
686.011
588.439
588.439
588.439
588.439
588.439
463.648
463.648
463.648
463.648
463.648
432.813
432.813
432.813
432.813
432.813
620.018
620.018
620.018
620.018
620.018
510.493
510.493
510.493
510.493
510.493
216.602
216.602
216.602
216.602
216.602
607.043
607.043
607.043
607.043
607.043
631.941
631.941
631.941
631.941
631.941
304.116
304.116
304.116
304.116
304.116
518.129
518.129
518.129
518.129
518.129
689.33
689.33
689.33
689.33
689.33
713.458
713.458
713.458
713.458
713.458
296.545
296.545
296.545
296.545
296.545
540.795
540.795
540.795
540.795
540.795
588.128
588.128
588.128
588.128
588.128
751.034
751.034
751.034
751.034
751.034
411.959
411.959
411.959
411.959
411.959
537.08
537.08
537.08
537.08
537.08
594.938
594.938
594.938
594.938
594.938
690.49
690.49
690.49
690.49
690.49
382.555
382.555
382.555
382.555
382.555
323.738
323.738
323.738
323.738
323.738
648.579
648.579
648.579
648.579
648.579
412.254
412.254
412.254
412.254
412.254
582.183
582.183
582.183
582.183
582.183
252.805
252.805
252.805
252.805
252.805
662.182
662.182
662.182
662.182
662.182
329.873
329.873
329.873
329.873
329.873
642.639
642.639
642.639
642.639
642.639
592.353
592.353
592.353
592.353
592.353
454.625
454.625
454.625
454.625
454.625
677.388
677.388
677.388
677.388
677.388
464.828
464.828
464.828
464.828
464.828
607.353
607.353
607.353
607.353
607.353
456.201
456.201
456.201
456.201
456.201
564.236
564.236
564.236
564.236
564.236
319.047
319.047
319.047
319.047
319.047
629.547
629.547
629.547
629.547
629.547
390.016
390.016
390.016
390.016
390.016
476.232
476.232
476.232
476.232
476.232
539.304
539.304
539.304
539.304
539.304
750.685
750.685
750.685
750.685
750.685
712.787
712.787
712.787
712.787
712.787
532.742
532.742
532.742
532.742
532.742
771.169
771.169
771.169
771.169
771.169
771.399
771.399
771.399
771.399
771.399
756.549
756.549
756.549
756.549
756.549
687.933
687.933
687.933
687.933
687.933
700.748
700.748
700.748
700.748
700.748
745.1
745.1
745.1
745.1
745.1
538.464
538.464
538.464
538.464
538.464
690.632
690.632
690.632
690.632
690.632
505.526
505.526
505.526
505.526
505.526
370.507
370.507
370.507
370.507
370.507
206.472
206.472
206.472
206.472
206.472
611.599
611.599
611.599
611.599
611.599
721.924
721.924
721.924
721.924
721.924
787.525
787.525
787.525
787.525
787.525
779.522
779.522
779.522
779.522
779.522
763.371
763.371
763.371
763.371
763.371
773.361
773.361
773.364
773.364
773.364
766.661
766.661
766.661
766.661
766.661
622.238
622.238
622.238
622.238
622.238
256.796
256.796
256.796
256.796
256.796
766.636
766.636
766.636
766.636
766.636
735.534
735.534
735.534
735.534
735.534
724.697
724.697
724.697
724.697
724.697
664.131
664.131
664.131
664.131
664.131
546.842
546.842
546.842
546.842
546.842
590.426
590.426
590.426
590.426
590.426
508.78
508.78
508.78
508.78
508.78
411.738
411.738
411.738
411.738
411.738
735.566
735.566
735.566
735.566
735.566
650.099
650.099
650.099
650.099
650.099
520.385
520.385
520.385
520.385
520.385
387.579
387.579
387.579
387.579
387.579
555.906
555.906
555.906
555.906
555.906
591.248
591.248
591.248
591.248
591.248
697.266
697.266
697.266
697.266
697.266
317.656
317.656
317.656
317.656
317.656
604.719
604.719
604.719
604.719
604.719
350.747
350.747
350.747
350.747
350.747
534.711
534.711
534.711
534.711
534.711
532.679
532.679
532.679
532.679
532.679
398.18
398.18
398.18
398.18
398.18
702.512
702.512
702.512
702.512
702.512
542.999
542.999
542.999
542.999
542.999
482.031
482.031
482.031
482.031
482.031
317.389
317.389
317.389
317.389
317.389
644.865
644.865
644.865
644.865
644.865
737.949
737.949
737.949
737.949
737.949
724.647
724.647
724.647
724.647
724.647
672.734
672.734
672.734
672.734
672.734
657.218
657.218
657.218
657.218
657.218
322.623
322.623
322.623
322.623
322.623
625.986
625.986
625.986
625.986
625.986
351.384
351.384
351.384
351.384
351.384
409
409
409
409
409
518.758
518.758
518.758
518.758
518.758
468.711
468.711
468.711
468.711
468.711
377.445
377.445
377.445
377.445
377.445
729.587
727.549
727.549
727.549
727.549
415.249
415.249
415.249
415.249
415.249
183.631
183.631
183.631
183.631
183.631
667.203
667.203
667.203
667.203
667.203
775.588
775.588
775.588
775.588
775.588
485.161
485.161
485.161
485.161
485.161
757.716
757.716
757.716
757.716
757.716
388.201
388.201
388.201
388.201
388.201
702.443
702.443
702.443
702.443
702.443
241.892
241.892
241.892
241.892
241.892
507.579
507.579
507.579
507.579
507.579
403.033
403.033
403.033
403.033
403.033
654.5
654.5
654.5
654.5
654.5
469.518
469.518
469.518
469.518
469.518
314.393
314.393
314.393
314.393
314.393
365.852
365.852
365.852
365.852
365.852
604.4
604.4
604.4
604.4
604.4
429.308
429.308
429.308
429.308
429.308
435.035
435.035
435.035
435.035
435.035
191.156
191.156
191.156
191.156
191.156
311.997
311.997
311.997
311.997
311.997
387.88
387.88
387.88
387.88
387.88
439.334
439.334
439.334
439.334
439.334
636.403
636.403
636.403
636.403
636.403
697.205
697.205
697.205
697.205
697.205
720.34
720.34
720.34
720.34
720.34
730.349
730.349
730.349
730.349
730.349
585.64
585.64
585.64
585.64
585.64
735.21
735.21
735.21
735.21
735.21
605.924
605.924
605.924
605.924
605.924
530.981
530.981
530.981
530.981
530.981
466.009
466.009
466.009
466.009
466.009
414.122
414.122
414.122
414.122
414.122
438.683
438.683
438.683
438.683
438.683
599.578
599.578
599.578
599.578
599.578
674.758
674.758
674.758
674.758
674.758
656.201
656.201
656.201
656.201
656.201
458.4
458.4
458.4
458.4
458.4
525.695
525.695
525.695
525.695
525.695
439.18
439.18
439.18
439.18
439.18
372.85
372.85
372.85
372.85
372.85
500.277
500.277
500.277
500.277
500.277
391.859
391.859
391.859
391.859
391.859
501.461
501.461
501.461
501.461
501.461
484.172
484.172
484.172
484.172
484.172
515.805
515.805
515.805
515.805
515.805
705.852
705.852
705.852
705.852
705.852
665.375
665.375
665.375
665.375
665.375
588.885
588.885
588.885
588.885
588.885
324.102
324.102
324.102
324.102
324.102
550.067
550.067
550.067
550.067
550.067
492.319
492.319
492.319
492.319
492.319
698.797
698.797
698.797
698.797
698.797
207.54
207.54
207.54
207.54
207.54
394.492
394.492
394.492
394.492
394.492
457.99
457.99
457.99
457.99
457.99
424.932
424.932
424.932
424.932
424.932
481.984
481.984
481.984
481.984
481.984
518.328
518.328
518.328
518.328
518.328
662.024
662.024
662.024
662.024
662.024
707.383
707.383
707.383
707.383
707.383
468.23
468.23
468.23
468.23
468.23
522.373
522.373
522.373
522.373
522.373
450.813
450.813
450.813
450.813
450.813
457.189
457.189
457.189
457.189
457.189
650.11
650.11
650.11
650.11
650.11
611.42
611.42
611.42
611.42
611.42
312.422
312.422
312.422
312.422
312.422
705.658
705.658
705.658
705.658
705.658
263.521
263.521
263.521
263.521
263.521
392.5
392.5
392.5
392.5
392.5
658.977
658.977
658.977
658.977
658.977
654.797
654.797
654.797
654.797
654.797
507.036
507.036
507.036
507.036
507.036
411.839
411.839
411.839
411.839
411.839
472.363
472.363
472.363
472.363
472.363
391.07
391.07
391.07
391.07
391.07
590
590
590
590
590
282.207
282.207
282.207
282.207
282.207
678.079
678.079
678.079
678.079
678.079
406.984
406.984
406.984
406.984
406.984
688.209
688.209
688.209
688.209
688.209
490.564
490.564
490.564
490.564
490.564
291.375
291.375
291.375
291.375
291.375
456.172
456.172
456.172
456.172
456.172
512.123
512.123
512.123
512.123
512.123
413.758
413.758
413.758
413.758
413.758
771.255
771.255
771.255
771.255
771.255
767.185
767.185
767.185
767.185
767.185
761.7
761.7
761.7
761.7
761.7
280.861
280.861
280.861
280.861
280.861
586.849
586.849
586.849
586.849
586.849
278.985
278.985
278.985
278.985
278.985
303.24
303.24
303.24
303.24
303.24
476.605
476.605
476.605
476.605
476.605
635.46
635.46
635.46
635.46
635.46
556.569
556.569
556.569
556.569
556.569
699.958
699.958
699.958
699.958
699.958
644.892
644.892
644.892
644.892
644.892
205.212
205.212
205.212
205.212
205.212
260.615
260.615
260.615
260.615
260.615
602.734
602.734
602.734
602.734
602.734
580.922
580.922
580.922
580.922
580.922
522.16
522.16
522.16
522.16
522.16
580.195
580.195
580.195
580.195
580.195
482.383
482.383
482.383
482.383
482.383
609.342
609.342
609.342
609.342
609.342
656.871
656.871
656.871
656.871
656.871
383.125
383.125
383.125
383.125
383.125
733.07
733.07
733.07
733.07
733.07
462.592
462.592
462.592
462.592
462.592
647.55
647.55
647.55
647.55
647.55
731.75
731.75
731.75
731.75
731.75
554.5
554.5
554.5
554.5
554.5
586.928
586.928
586.928
586.928
586.928
444.195
444.195
444.195
444.195
444.195
499.043
499.043
499.043
499.043
499.043
758.563
758.563
758.563
758.563
758.563
762.246
762.246
762.246
762.246
762.246
670.903
670.903
670.903
670.903
670.903
477.578
477.578
477.578
477.578
477.578
228.092
228.092
228.092
228.092
228.092
483.829
483.829
483.829
483.829
483.829
455.631
455.631
455.631
455.631
455.631
697.556
697.556
697.556
697.556
697.556
537.264
537.264
537.264
537.264
537.264
682.906
682.906
682.906
682.906
682.906
553.219
553.219
553.219
553.219
553.219
459.239
459.239
459.239
459.239
459.239
688.648
688.648
688.648
688.648
688.648
465.533
465.533
465.533
465.533
465.533
641.171
641.171
641.171
641.171
641.171
758.889
758.889
758.889
758.889
758.889
549.281
549.281
549.281
549.281
549.281
357.179
357.179
357.179
357.179
357.179
449.628
449.628
449.628
449.628
449.628
591.953
591.953
591.953
591.953
591.953
307.498
307.498
307.498
307.498
307.498
296.113
296.113
296.113
296.113
296.113
722.205
722.205
722.205
722.221
722.221
602.688
602.688
602.688
602.688
602.688
585.334
585.334
585.334
585.334
585.334
332.613
332.613
332.613
332.613
332.613
627.938
627.938
627.938
627.938
627.938
532.594
532.594
532.594
532.594
532.594
558.517
558.517
558.517
558.517
558.517
533.9
533.9
533.9
533.9
533.9
683.906
683.906
683.906
683.906
683.906
638.343
638.343
638.343
638.343
638.343
675.579
675.579
675.579
675.579
675.579
327.725
327.725
327.725
327.725
327.725
676.625
676.625
676.625
676.625
676.625
672.078
672.078
672.078
672.078
672.078
249.338
249.338
249.338
249.338
249.338
460.612
460.612
460.612
460.612
460.612
290.093
290.093
290.093
290.093
290.093
449.75
449.75
449.75
449.75
449.75
574.726
574.726
574.726
574.726
574.726
485.781
485.781
485.781
485.781
485.781
562.08
562.08
562.08
562.08
562.08
608.09
608.09
608.09
608.09
608.09
284.439
284.439
284.439
284.439
284.439
207.277
207.277
207.277
207.277
207.277
504.946
504.946
504.946
504.946
504.946
586.172
586.172
586.172
586.172
586.172
201.605
201.605
201.605
201.605
201.605
657.57
657.57
657.57
657.57
657.57
760.126
760.126
760.126
760.126
760.126
574.755
574.755
574.755
574.755
574.755
419.764
419.764
419.764
419.764
419.764
600.012
600.012
600.012
600.012
600.012
645.861
645.861
645.861
645.861
645.861
699.939
699.939
699.939
699.939
699.939
604.537
604.537
604.537
604.537
604.537
493
493
493
493
493
315.395
315.395
315.395
315.395
315.395
521.115
521.115
521.115
521.115
521.115
756.916
756.916
756.916
756.916
756.916
601.743
601.743
601.743
601.743
601.743
634.922
634.922
634.922
634.922
634.922
740.258
740.258
740.258
740.258
740.258
438.548
438.548
438.548
438.548
438.548
707.264
707.264
707.264
707.264
707.264
769.152
769.152
769.152
769.152
769.152
747.821
747.821
747.821
747.821
747.821
559
558.996
558.996
558.996
558.996
625.449
625.449
625.449
625.449
625.449
454.971
454.971
454.971
454.971
454.971
481.189
481.189
481.189
481.189
481.189
645.154
645.154
645.154
645.154
645.154
597.992
597.992
597.992
597.992
597.992
642.641
642.641
642.641
642.641
642.641
581.454
581.454
581.454
581.454
581.454
765.814
765.814
765.814
765.814
765.814
280.253
280.253
280.253
280.253
280.253
589.638
589.638
589.638
589.638
589.638
508.098
508.098
508.098
508.098
508.098
662.253
662.253
629.007
629.007
629.007
597.961
597.961
597.961
597.961
597.961
608.531
608.531
608.531
608.531
608.531
481.469
481.469
481.469
481.469
481.469
699.743
699.743
699.743
699.743
699.743
266.094
266.094
266.094
266.094
266.094
316.15
316.15
316.15
316.15
316.15
386.42
386.42
386.42
386.42
386.42
708.111
708.111
708.111
708.111
708.111
686.602
686.602
686.602
686.602
686.602
234.43
234.43
234.43
234.43
234.43
584.557
584.557
584.557
584.557
584.557
431.905
431.905
431.905
431.905
431.905
678.375
678.375
678.375
678.375
707.5
618.491
618.491
618.491
618.491
618.491
435.041
435.041
435.041
435.041
435.041
395.04
395.04
395.04
395.04
395.04
456.509
456.509
456.509
456.509
456.509
272.394
272.394
272.394
272.394
272.394
609.172
609.172
609.172
609.172
609.172
414.922
414.922
414.922
414.922
414.922
680.426
680.426
680.426
680.426
680.426
375.308
375.308
375.308
375.308
375.308
702.78
702.78
702.78
702.78
702.78
548.907
548.907
548.907
548.907
548.907
526.533
526.533
526.533
526.533
526.533
657.602
657.602
657.602
657.602
657.602
541.914
541.914
541.914
541.914
541.914
354.61
354.61
354.61
354.61
354.61
371.363
371.363
371.363
371.363
371.363
665.82
665.82
665.82
665.82
665.82
694.178
694.178
694.178
694.178
694.178
458.725
458.725
458.725
458.725
458.725
381.38
381.38
381.38
381.38
381.38
604.389
604.389
604.389
604.389
604.389
586.453
586.453
586.453
586.453
586.453
523.489
523.489
523.489
523.489
523.489
436.646
436.646
436.646
436.646
436.646
761.374
761.374
761.374
761.374
761.374
770.827
770.827
770.827
770.827
770.827
756.821
756.821
756.821
756.821
756.821
751.432
751.432
751.432
751.432
751.432
565.969
565.969
565.969
565.969
565.969
710.704
710.704
710.704
710.704
710.704
677.349
677.349
677.349
677.349
677.349
557.773
557.773
557.773
557.773
557.773
419.623
419.623
419.623
419.623
419.623
523.377
523.377
523.377
523.377
523.377
587.5
587.5
587.5
587.5
587.5
538.014
538.014
538.014
538.014
538.014
399.173
399.173
399.173
399.173
399.173
603.952
603.952
603.952
603.952
603.952
400.688
400.688
400.688
400.688
400.688
516.188
516.563
516.563
516.563
516.563
431.303
431.303
431.303
431.303
431.303
400.598
400.598
400.598
400.598
400.598
655.32
655.32
655.32
655.32
655.32
781.617
781.617
781.617
781.617
781.617
391.636
391.636
391.636
391.636
391.636
636.571
636.571
636.571
636.571
636.571
566.27
566.27
566.27
566.27
566.27
632.5
632.5
632.5
632.5
632.5
505.984
505.984
505.984
505.984
505.984
592.875
592.875
592.875
592.875
592.875
414.533
414.533
414.533
414.533
414.533
416.719
416.719
416.719
416.719
416.719
502.994
502.994
502.994
502.994
502.994
477.96
477.96
477.96
477.96
477.96
498.268
498.268
498.268
498.268
498.268
430.989
430.989
430.989
430.989
430.989
492.469
492.469
492.469
492.469
492.469
670.07
670.07
670.07
670.07
670.07
260.953
260.953
260.953
260.953
260.953
0
