0
0
0
0
246.305
246.305
246.305
246.305
246.305
634.846
634.846
634.846
634.846
634.846
419.201
419.201
419.201
419.201
419.201
725.438
725.438
725.438
725.438
725.438
625.75
625.75
625.75
625.75
625.75
564.655
564.655
564.655
564.655
564.655
489.453
489.453
489.453
489.453
489.453
384.517
384.517
384.517
384.517
384.517
376
376
376
376
376
536.375
536.375
536.375
536.375
536.375
665.766
665.766
665.766
665.766
665.766
719.857
719.857
719.857
719.857
719.857
541
541
541
541
541
690.875
690.875
690.875
690.875
690.875
608.25
608.25
608.25
608.25
608.25
613.5
613.5
613.5
613.5
613.5
634
634
634
634
634
478.572
478.572
478.572
478.572
478.572
669.063
669.063
669.063
669.063
669.063
261.25
261.25
261.25
261.25
261.25
585.25
585.25
585.25
585.25
585.25
478.375
478.375
478.375
478.375
478.375
344.025
344.025
344.025
344.025
344.025
718.219
718.219
718.219
718.219
718.219
325.023
325.023
325.023
325.023
325.023
575.64
575.64
575.64
575.64
575.64
446.573
446.573
446.573
446.573
446.573
553.113
553.113
553.113
553.113
553.113
577.136
577.136
577.136
577.136
577.136
328.938
328.938
328.938
328.938
328.938
577.875
577.875
577.875
577.875
577.875
444.398
444.398
444.398
444.398
444.398
322.359
322.359
322.359
322.359
322.359
534.041
534.041
534.041
534.041
534.041
608
608
608
608
608
656.375
656.375
656.375
656.375
656.375
623.406
623.406
623.406
623.406
623.406
539.049
539.049
539.049
539.049
539.049
553.531
553.531
553.531
553.531
553.531
453.736
453.736
453.736
453.736
453.736
641.766
641.766
641.766
641.766
641.766
580.535
580.535
580.535
580.535
580.535
394.247
394.247
394.247
394.247
394.247
414.375
414.375
414.375
414.375
414.375
486.078
486.078
486.078
486.078
486.078
491.813
491.813
491.813
491.813
491.813
514.697
514.697
514.697
514.697
514.697
518
518
518
518
518
303.275
303.275
303.275
303.275
303.275
474.905
474.905
474.905
474.905
474.905
460.219
460.219
460.219
460.219
460.219
682.234
682.234
682.234
682.234
682.234
615.405
615.405
615.405
615.405
615.405
523.742
523.742
523.742
523.742
523.742
368.2
368.2
368.2
368.2
368.2
695.664
695.664
695.664
695.664
695.664
719.281
719.281
719.281
719.281
719.281
573.189
573.189
573.189
573.189
573.189
249.426
249.426
249.426
249.426
249.426
372.965
372.965
372.965
372.965
372.965
422.746
422.746
422.746
422.746
422.746
355.625
355.625
333.875
333.875
333.875
503.336
503.336
503.336
503.336
503.336
552.5
552.5
552.5
552.5
552.5
634.491
634.491
634.491
634.491
634.491
420
420
420
420
420
651.445
651.445
651.445
651.445
651.445
429
429
429
429
429
427.375
427.375
427.375
427.375
427.375
590.719
590.719
590.719
590.719
590.719
511.375
511.375
511.375
511.375
511.375
582.25
582.25
582.25
582.25
582.25
306.464
306.464
306.464
306.464
306.464
543.125
543.125
543.125
543.125
543.125
459.945
459.945
459.945
459.945
459.945
465.219
465.219
465.219
465.219
465.219
402.072
402.072
402.072
402.072
402.072
404.852
404.852
404.852
404.852
404.852
344.379
344.379
344.379
344.379
344.379
653.773
653.773
653.773
653.773
653.773
479.255
479.255
479.255
479.255
479.255
494.25
494.25
494.25
494.25
494.25
337
337
337
337
337
494.391
494.391
494.391
494.391
494.391
722.502
722.502
722.502
722.502
722.502
704.094
704.094
704.094
704.094
704.094
564.271
564.271
564.271
564.271
564.271
753.782
753.782
753.782
753.782
753.782
331.813
331.813
331.813
331.813
331.813
521.875
521.875
521.875
521.875
521.875
544.149
544.149
544.149
544.149
544.149
480.648
480.648
480.648
480.648
480.648
641.063
641.063
641.063
641.063
641.063
565.75
565.75
565.75
565.75
565.75
581.741
581.741
581.741
581.741
581.741
440.047
440.047
440.047
440.047
440.047
267.35
267.35
267.35
267.35
267.35
729.743
729.743
729.743
729.743
729.743
215.71
215.71
215.71
215.71
215.71
478
478
478
478
478
441.274
441.274
441.274
441.274
441.274
251.969
251.969
251.969
251.969
251.969
668.25
668.25
668.25
668.25
668.25
0
0
0
0
0
419.75
419.75
419.75
419.75
419.75
533.969
533.969
533.969
533.969
533.969
455.1
455.1
455.1
455.1
455.1
700.406
700.406
700.406
700.406
700.406
434.656
434.656
434.656
434.656
434.656
433.07
433.07
433.07
433.07
433.07
532.525
532.525
532.525
532.525
532.525
511.203
511.203
511.203
511.203
511.203
561.135
561.135
561.135
561.135
561.135
369.063
369.063
369.063
369.063
369.063
464.103
464.103
464.103
464.103
464.103
685.25
685.25
685.25
685.25
685.25
404.717
404.717
404.717
404.717
404.717
384.301
384.301
384.301
384.301
384.301
397.25
397.25
397.25
397.25
397.25
398.18
398.18
398.18
398.18
398.18
622.285
622.285
622.285
622.285
622.285
515.958
515.958
515.958
515.958
515.958
689.098
689.098
689.098
689.098
689.098
606.953
606.953
606.953
606.953
606.953
590.5
590.5
590.5
590.5
590.5
344.25
344.25
344.25
344.25
344.25
738.063
738.063
738.063
738.063
738.063
332.094
332.094
332.094
332.094
332.094
489.631
489.631
489.332
489.332
489.332
665.376
665.376
665.376
665.376
665.376
693.984
693.984
693.984
693.984
693.984
235
235
235
235
235
600.436
600.436
600.436
600.436
600.436
540.5
540.5
540.5
540.5
540.5
448.422
448.422
448.422
448.422
448.422
324.557
324.557
324.557
324.557
324.557
522.555
522.555
522.555
522.555
522.555
477
477
477
477
477
474.75
474.75
474.75
474.75
474.75
716
716
716
716
716
289.75
289.75
289.75
289.75
289.75
681.25
681.25
681.25
681.25
681.25
456.172
456.172
456.172
456.172
456.172
759
759
759
759
759
315.764
315.764
315.764
315.764
315.764
533.813
533.813
533.813
533.813
533.813
594.5
594.5
594.5
594.5
594.5
384.625
384.625
384.625
384.625
384.625
375
375
375
375
375
481.875
481.875
481.875
481.875
481.875
501.078
501.078
501.078
501.078
501.078
562.125
562.125
562.125
562.125
562.125
361.642
361.642
361.642
361.642
361.642
743.875
743.875
743.875
743.875
743.875
514.564
514.564
514.564
514.564
514.564
680.57
680.57
680.57
680.57
680.57
318.543
318.543
318.543
318.543
318.543
470.961
470.961
470.961
470.961
470.961
463.482
463.482
463.482
463.482
463.482
576.164
576.164
576.164
576.164
576.164
409.865
409.865
409.865
409.865
409.865
387.517
387.517
387.517
387.517
387.517
722.021
722.021
722.021
722.021
722.021
389.375
389.375
389.375
389.375
389.375
393.625
393.625
393.625
393.625
393.625
560.686
560.686
560.686
560.686
560.686
522.181
522.181
522.181
522.181
522.181
295.906
295.906
295.906
295.906
295.906
667.813
667.813
667.813
667.813
667.813
613.619
613.619
613.619
613.619
613.619
602.858
602.858
602.858
602.858
602.858
428.938
428.938
428.938
428.938
428.938
404.984
404.984
404.984
404.984
404.984
619.125
619.125
619.125
619.125
619.125
656.236
656.236
656.236
656.236
656.236
345.262
345.262
345.262
345.262
345.262
715.885
715.885
715.885
715.885
715.885
241.422
241.422
241.422
241.422
241.422
677.998
677.998
677.998
677.998
677.998
476.353
476.353
476.353
476.353
476.353
469.281
469.281
469.281
469.281
469.281
604.275
604.275
604.275
604.275
604.275
532.593
532.593
532.593
532.593
532.593
626.781
626.781
626.781
626.781
626.781
411
411
411
411
411
303.875
303.875
303.875
303.875
303.875
647.375
647.375
647.375
647.375
647.375
565.27
565.27
565.27
565.27
565.27
366.703
366.703
366.703
366.703
366.703
578.125
578.125
578.125
578.125
578.125
569.5
569.5
569.5
569.5
569.5
473.875
473.875
473.875
473.875
473.875
701.695
701.695
701.695
701.695
701.695
571.719
571.719
571.719
571.719
571.719
535.454
535.454
535.454
535.454
535.454
561
561
561
561
561
534.257
534.257
534.257
534.257
534.257
422
422
422
422
422
330.016
330.016
330.016
330.016
330.016
620.188
620.188
620.188
620.188
620.188
737.855
737.855
737.855
737.855
737.855
585.484
585.484
585.484
585.484
585.484
490.123
490.123
490.123
490.123
490.123
390.273
390.273
390.273
390.273
390.273
365.645
365.645
365.645
365.645
365.645
524.063
524.063
524.063
524.063
524.063
370.5
370.5
370.5
370.5
370.5
612.375
612.375
612.375
612.375
612.375
615.25
615.25
615.25
615.25
615.25
497.377
497.377
497.377
497.377
497.377
360
360
360
360
413
761.459
761.459
761.459
761.459
761.459
399.781
399.781
399.781
399.781
399.781
507.688
507.688
507.688
507.688
507.688
305.543
305.543
305.543
305.543
305.543
468.875
468.875
468.875
468.875
468.875
539.453
539.453
539.453
539.453
539.453
417.297
417.297
417.297
417.297
417.297
499.25
499.25
499.25
499.25
499.25
530.453
530.453
530.453
530.453
530.453
607.75
607.75
607.75
607.75
607.75
650.201
650.201
650.201
650.201
650.201
514.117
514.117
514.117
514.117
514.117
496.023
496.023
496.023
496.023
496.023
458.641
458.641
458.641
458.641
458.641
285.888
285.888
285.888
285.888
285.888
362.232
362.232
362.232
362.232
362.232
642.314
642.314
642.314
642.314
642.314
723.398
723.398
723.398
723.398
723.398
736.3
736.3
736.3
736.3
736.3
416.367
416.367
416.367
416.367
416.367
509.903
509.903
509.903
509.903
509.903
427.745
427.745
427.745
427.745
427.745
598.922
598.922
598.922
598.922
598.922
314
314
314
314
314
544.281
544.281
544.281
544.281
544.281
516.031
516.031
516.031
516.031
516.031
449.625
449.625
449.625
449.625
449.625
698.742
698.742
698.742
698.742
698.742
623.759
623.759
623.759
623.759
623.759
381.875
381.875
381.875
381.875
381.875
471.303
471.303
471.303
471.303
471.303
398.01
398.01
398.01
398.01
398.01
287.094
287.094
287.094
287.094
287.094
452.531
452.531
452.531
452.531
452.531
637.219
637.219
637.219
637.219
637.219
602.078
602.078
602.078
602.078
602.078
570.494
570.494
570.494
570.494
570.494
510.063
510.063
510.063
510.063
510.063
541.756
541.756
541.756
541.756
541.756
453.029
453.029
453.029
453.029
453.029
560.922
560.922
560.922
560.922
560.922
521.563
521.563
521.563
521.563
521.563
749.109
749.109
749.109
749.109
749.109
436.499
436.499
436.499
436.499
436.499
651.979
651.979
651.979
651.979
651.979
449.156
449.156
449.156
449.156
449.156
416.914
416.914
416.914
416.914
416.914
503.582
503.582
503.582
503.582
503.582
467.34
467.34
467.34
467.34
467.34
546.5
546.5
546.5
546.5
546.5
422.996
422.996
422.996
422.996
422.996
652.734
652.734
652.734
652.734
652.734
545.094
545.094
545.094
545.094
545.094
504.156
504.156
504.156
504.156
504.156
604.75
604.75
604.75
604.75
604.75
378.688
378.688
378.688
378.688
378.688
266.867
266.867
266.867
266.867
266.867
532.25
532.25
532.25
532.25
532.25
510.349
510.349
510.349
510.349
510.349
498.137
498.137
498.137
498.137
498.137
719.68
719.68
719.68
719.68
719.68
361.738
361.738
361.738
361.738
361.738
628.174
628.174
628.174
628.174
628.174
633.065
633.065
633.065
633.065
633.065
578.324
578.324
578.324
578.324
578.324
505.102
505.102
505.102
505.102
505.102
641.656
641.656
641.656
641.656
641.656
745
745
745
745
745
463.531
463.531
463.531
463.531
463.531
496.5
496.5
496.5
496.5
496.5
533.5
533.5
533.5
533.5
533.5
287.156
287.156
287.156
287.156
287.156
611.031
611.031
611.031
611.031
611.031
644.865
644.865
644.865
644.865
644.865
725.375
725.375
725.375
725.375
725.375
436.36
436.36
436.36
436.36
436.36
376.75
376.75
376.75
376.75
376.75
304.258
304.258
304.258
304.258
304.258
601.132
601.132
601.132
601.132
601.132
341.593
341.593
341.593
341.593
341.593
474.963
474.963
474.963
474.963
474.963
516.513
516.513
516.513
516.513
516.513
511.766
511.766
511.766
511.766
511.766
407.503
407.503
407.503
407.503
407.503
303.281
303.281
303.281
303.281
303.281
609.132
609.132
609.132
609.132
609.132
522
522
522
522
522
556.5
556.5
556.5
556.5
556.5
605.33
605.33
605.33
605.33
605.33
717.473
717.473
717.473
717.473
717.473
566.875
566.875
566.875
566.875
566.875
648.281
648.281
648.281
648.281
648.281
426
426
426
426
426
640.549
640.549
640.549
640.549
640.549
529.698
529.698
529.698
529.698
529.698
195
195
195
195
195
474.84
476.555
476.555
476.555
476.555
284.6
284.6
284.6
284.6
284.6
505.707
505.707
505.707
505.707
505.707
475.016
475.016
475.016
475.016
475.016
276.175
276.175
276.176
276.176
276.176
472.484
472.484
472.484
472.484
472.484
737.411
737.411
737.411
737.411
737.411
448.827
448.827
448.827
448.827
448.827
656.146
656.146
656.146
656.146
656.146
257.469
257.469
257.469
257.469
257.469
632.328
632.328
632.328
632.328
632.328
466.591
466.591
466.591
466.591
466.591
419.896
419.896
419.896
419.896
419.896
494.646
494.646
494.646
494.646
494.646
730
730
730
730
730
301.734
301.734
301.734
301.734
301.734
427
427
427
427
427
620.25
620.25
620.25
620.25
620.25
575.854
575.854
575.854
575.854
575.854
676.778
676.778
676.778
676.778
676.778
751.523
751.523
751.523
751.523
751.523
554.875
554.875
554.875
554.875
554.875
355
355
355
355
355
612
612
612
612
612
562.766
562.766
562.766
562.766
562.766
303.619
303.619
303.619
303.619
303.619
661.941
661.941
661.941
661.941
661.941
679.602
679.602
679.602
679.602
679.602
409
409
409
409
409
532.633
532.633
532.633
532.633
532.633
750.781
750.781
750.781
750.781
750.781
636.313
636.313
636.313
636.313
636.313
378.962
378.962
378.962
378.962
378.962
478.25
478.25
478.25
478.25
478.25
741.042
741.042
741.042
741.042
741.042
670.782
670.782
670.782
670.782
670.782
617.529
617.529
617.529
617.529
617.529
599.688
599.688
599.688
599.688
599.688
594.803
594.803
594.803
594.803
594.803
698.281
698.281
698.281
698.281
698.281
543.979
543.979
543.979
543.979
543.979
583
583
583
583
583
715.559
715.559
715.559
715.559
715.559
571.82
571.82
571.82
571.82
571.82
362.039
362.039
362.039
362.039
362.039
243.375
243.375
243.375
243.375
243.375
611.734
611.734
611.734
611.734
611.734
424.371
424.371
424.371
424.371
424.371
734.441
734.441
734.441
734.441
734.441
581
581
581
581
581
433.889
433.889
433.889
433.889
433.889
538.438
538.438
538.438
538.438
538.438
428.906
428.906
428.906
428.906
428.906
702.898
702.898
702.898
702.898
702.898
326.5
326.5
326.5
326.5
326.5
418.949
418.949
418.949
418.949
418.949
425.361
425.361
425.361
425.361
425.361
445.813
445.813
445.813
445.813
445.813
524.016
524.016
524.016
524.016
524.016
483.679
483.679
483.679
483.679
483.679
533.188
533.188
533.188
533.188
533.188
495.875
495.875
495.875
495.875
495.875
448.766
448.766
448.766
448.766
448.766
504.75
504.75
504.75
504.75
504.75
333
333
333
333
333
628.766
628.766
628.766
628.766
628.766
627.047
627.047
627.047
627.047
627.047
665.829
665.829
665.829
665.829
665.829
671.031
671.031
671.031
671.031
671.031
238
238
238
238
238
660.188
660.188
660.188
660.188
660.188
673.946
673.946
673.946
673.946
673.946
575.875
575.875
575.875
575.875
575.875
456.734
456.734
456.734
456.734
456.734
257.084
257.084
257.084
257.084
257.084
289.625
289.625
289.625
289.625
289.625
618.743
618.743
618.743
618.743
618.743
450.625
450.625
450.625
450.625
450.625
557.253
557.253
557.253
557.253
557.253
674.299
674.299
674.299
674.299
674.299
324.191
324.191
324.191
324.191
324.191
622.757
622.757
622.757
622.757
622.757
432.256
432.256
432.256
432.256
432.256
780.563
780.563
780.563
780.563
780.563
572.969
572.969
572.969
572.969
572.969
403.674
403.674
403.674
403.674
403.674
644.813
644.813
644.813
644.813
644.813
532.469
532.469
532.469
532.469
532.469
376.656
376.656
376.656
376.656
376.656
688.872
688.872
688.872
688.872
688.872
623.406
623.406
623.406
623.406
623.406
600.713
600.713
600.713
600.713
600.713
670.958
670.958
670.958
670.958
670.958
403.625
403.625
403.625
403.625
403.625
353.495
353.495
353.495
353.495
353.495
620.844
620.844
620.844
620.844
620.844
292.576
292.576
292.576
292.576
292.576
621.799
621.799
621.799
621.799
621.799
401.5
401.5
401.5
401.5
401.5
597
597
597
597
597
616.577
616.633
616.633
616.633
616.633
521.375
521.375
521.375
521.375
521.375
598.746
598.746
598.746
598.746
598.746
582.794
582.794
582.794
582.794
582.794
537.5
537.5
537.5
537.5
537.5
601.555
601.555
601.555
601.555
601.555
606.41
606.41
606.41
606.41
606.41
745.289
745.289
745.289
745.289
745.289
539
539
499.5
499.5
499.5
721.163
721.163
721.163
721.163
721.163
492.523
492.523
492.523
492.523
492.523
628.563
628.563
628.563
628.563
628.563
531.633
531.633
531.633
531.633
531.633
571.117
571.117
571.117
571.117
571.117
568.25
568.25
568.25
568.25
568.25
414.547
414.547
414.547
414.547
414.547
652.906
652.906
652.906
652.906
652.906
452.039
452.039
452.039
452.039
452.039
443
443
443
443
443
372.977
372.977
372.977
372.977
372.977
572.555
572.555
572.555
572.555
572.555
308.764
308.764
308.764
308.764
308.764
664.172
664.172
664.172
664.172
664.172
510.589
510.589
510.589
510.589
510.589
465.605
465.605
465.605
465.605
465.605
609.992
609.992
609.992
609.992
609.992
628.931
628.931
628.931
628.931
628.931
446.859
446.859
446.859
446.859
446.859
602.266
602.266
602.266
602.266
602.266
472.607
472.607
472.607
472.607
472.607
615.563
615.563
615.563
615.563
615.563
491.681
491.681
491.681
491.681
491.681
649.239
649.239
649.239
649.239
649.239
386.063
386.063
386.063
386.063
386.063
592.402
592.402
592.402
592.402
592.402
362.71
362.71
362.71
362.71
362.71
688.883
688.883
688.883
688.883
688.883
568.366
568.366
568.366
568.366
568.366
499.5
499.5
499.5
499.5
499.5
550.571
550.571
550.571
550.571
550.571
447.394
447.394
447.394
447.394
447.394
701.078
701.078
701.078
701.078
701.078
672.5
672.5
672.5
672.5
672.5
659.258
659.258
659.258
659.258
659.258
458.598
458.598
458.598
458.598
458.598
424.781
424.781
424.781
424.781
424.781
749.773
749.773
749.773
749.773
749.773
690
690
690
690
690
368.777
368.777
368.777
368.777
368.777
327.28
327.28
327.28
327.28
327.28
547.984
547.984
547.984
547.984
547.984
732.688
732.688
732.688
732.688
732.688
260.219
260.219
260.219
260.219
260.219
547.44
547.44
547.44
547.44
547.44
298.188
298.188
298.188
298.188
298.188
299
299
299
299
299
472.656
472.656
472.656
472.656
472.656
491.219
491.219
491.219
491.219
491.219
552.072
552.072
552.072
552.072
552.072
384
384
384
384
384
602.279
602.279
602.279
602.279
602.279
739.578
739.578
739.578
739.578
739.578
546.75
546.75
546.75
546.75
546.75
722.742
722.742
722.742
722.742
722.742
427
427
427
427
427
693.313
693.313
693.313
693.313
693.313
480.156
480.156
480.156
480.156
480.156
508.969
508.969
508.969
508.969
508.969
197.906
197.906
197.906
197.906
197.906
318.625
318.625
318.625
318.625
318.625
553.875
553.875
553.875
553.875
553.875
358.111
358.111
358.111
358.111
358.111
635.812
635.812
635.812
635.812
635.812
514.023
514.023
514.023
514.023
514.023
619.545
619.545
619.545
619.545
619.545
638.359
638.359
638.359
638.359
638.359
559.375
559.375
559.375
559.375
559.375
563.266
563.266
563.266
563.266
563.266
419.586
419.586
419.586
419.586
419.586
558.352
558.352
558.352
558.352
558.352
499.797
499.797
499.797
499.797
499.797
595.983
595.983
595.983
595.983
595.983
465.768
465.768
465.768
465.768
465.768
212.999
212.999
212.999
212.999
212.999
609.948
609.948
609.948
609.948
609.948
207
207
207
207
207
376.5
376.5
376.5
376.5
376.5
442.625
442.625
442.625
442.625
442.625
172.25
172.25
172.25
172.25
172.25
443.696
443.696
443.696
443.696
443.696
269.422
269.422
269.422
269.422
269.422
714.75
714.75
714.75
714.75
714.75
377.174
377.174
377.174
377.174
377.174
582.688
582.688
582.688
582.688
582.688
633.859
633.859
633.859
633.859
633.859
360.875
360.875
360.875
360.875
360.875
405.41
405.41
405.41
405.41
405.41
638.275
638.275
638.275
638.275
638.275
454.688
454.688
454.688
454.688
454.688
593.25
593.25
593.25
593.25
593.25
550.711
550.711
550.711
550.711
550.711
576.938
576.938
576.938
576.938
576.938
502.313
502.313
502.313
502.313
502.313
445.598
445.598
445.598
445.598
445.598
660
660
660
660
660
403.828
403.828
403.828
403.828
403.828
467.523
467.523
467.523
467.523
467.523
534.188
534.188
534.188
534.188
534.188
498.469
498.469
498.469
498.469
498.469
598
598
598
598
598
403.031
403.031
403.031
403.031
403.031
523.538
523.538
523.538
523.538
523.538
665.455
665.455
665.455
665.455
665.455
553.635
553.635
553.635
553.635
553.635
519.044
519.044
519.044
519.044
519.044
641.75
641.75
641.75
641.75
641.75
461.859
461.859
461.859
461.859
461.859
442.828
442.828
442.828
442.828
442.828
718.625
718.625
718.625
718.625
718.625
565.719
565.719
565.719
565.719
565.719
557.441
557.441
557.441
557.441
557.441
555.016
555.016
555.016
555.016
555.016
485.1
485.1
485.1
485.1
485.1
304
304
304
304
304
540.337
540.337
540.337
540.337
540.337
671.797
671.797
671.797
671.797
671.797
401.25
401.25
401.25
401.25
401.25
312.039
312.039
312.039
312.039
312.039
479.391
479.391
479.391
479.391
479.391
681.633
681.633
681.633
681.633
681.633
418.754
418.754
418.754
418.754
418.754
458.808
458.808
458.808
458.808
458.808
298.027
298.027
298.027
298.027
298.027
455.313
455.313
455.313
455.313
455.313
565.5
565.5
565.5
565.5
565.5
263.367
263.367
263.367
263.367
263.367
575.679
575.679
575.679
575.679
575.679
526.711
526.711
526.711
526.711
526.711
177.656
177.656
177.656
177.656
177.656
684.375
684.375
684.375
684.375
684.375
588.53
588.53
588.53
588.53
588.53
648.391
648.391
648.391
648.391
648.391
304.688
304.688
304.688
304.688
304.688
653
653
653
653
653
389.308
389.308
389.308
389.308
389.308
401.125
401.125
401.125
401.125
401.125
611.915
611.915
611.915
611.915
611.915
542.688
542.688
542.688
542.688
542.688
473.41
467.944
467.944
467.944
467.944
536.699
536.699
536.699
536.699
536.699
437.023
437.023
437.023
437.023
437.023
460.75
460.75
460.75
460.75
460.75
680
680
680
680
680
456.102
456.102
456.102
456.102
456.102
403.095
403.095
403.095
403.095
403.095
453.461
453.461
453.461
453.461
453.461
472.391
472.391
472.391
472.391
472.391
699.113
699.113
699.113
699.113
699.113
528
528
528
528
528
528.425
528.425
528.425
528.425
528.425
575.938
575.938
575.938
575.938
575.938
574.25
574.25
574.25
574.25
574.25
613.875
613.875
613.875
613.875
613.875
597.344
597.344
597.344
597.344
597.344
515.469
515.469
515.469
515.469
515.469
317.891
317.891
317.891
317.891
317.891
320.933
320.933
320.933
320.933
320.933
510.918
510.918
510.918
510.918
510.918
538.047
537.281
537.281
537.281
537.281
669.477
669.477
669.477
669.477
669.477
580.148
580.148
580.148
580.148
580.148
321
321
321
321
321
511.063
511.063
511.063
511.063
511.063
439.895
439.895
439.895
439.895
439.895
470.438
470.438
470.438
470.438
470.438
623.625
623.625
623.625
623.625
623.625
505.098
505.098
505.098
505.098
505.098
338.5
338.5
338.5
338.5
338.5
311.801
311.801
311.801
311.801
311.801
508.043
508.043
508.043
508.043
508.043
446.766
446.766
446.766
446.766
446.766
431.753
431.753
431.753
431.753
431.753
390.738
390.738
390.738
390.738
390.738
762.5
762.5
762.5
762.5
762.5
653.719
653.719
653.719
653.719
653.719
176
176
176
176
176
451.914
451.914
451.914
451.914
451.914
286.051
286.051
286.051
286.051
286.051
532.75
532.75
532.75
532.75
532.75
617.37
617.37
617.37
617.37
617.37
585.188
585.188
585.188
585.188
585.188
632.141
632.141
632.141
632.141
632.141
489.844
489.844
489.844
489.844
489.844
673.094
673.094
673.094
673.094
673.094
567.987
567.987
567.987
567.987
567.987
456.477
456.477
456.477
456.477
456.477
564.593
564.593
564.593
564.593
564.593
281.107
281.107
281.107
281.107
281.107
414.335
414.335
414.335
414.335
414.335
442.156
442.156
442.156
442.156
442.156
529.106
529.106
529.106
529.106
529.106
235.75
235.75
235.75
235.75
235.75
604.822
604.822
604.822
604.822
604.822
509.3
509.3
509.3
509.3
509.3
534.188
534.188
534.188
534.188
534.188
651.5
651.5
651.5
651.5
651.5
704.842
704.842
704.842
704.842
704.842
615.071
615.071
589.143
589.143
589.143
209.438
209.438
209.438
209.438
209.438
553.531
553.531
553.531
553.531
553.531
473.152
473.152
473.152
473.152
473.152
306.226
306.226
306.226
306.226
306.226
374.439
374.439
374.439
374.439
374.439
659.75
659.75
659.75
659.75
659.75
385.547
385.547
385.547
385.547
385.547
240.102
240.102
240.102
240.102
240.102
253.391
253.391
253.391
253.391
253.391
556.563
556.563
556.563
556.563
556.563
431.156
431.156
431.156
431.156
431.156
502.605
502.605
502.605
502.605
502.605
366.945
366.945
366.945
366.945
366.945
647
647
647
647
647
569.906
569.906
569.906
569.906
569.906
363.25
363.25
363.25
363.25
363.25
386.875
386.875
386.875
386.875
386.875
297.239
297.239
297.239
297.239
297.239
432.43
432.43
432.43
432.43
432.43
632.75
632.75
632.75
632.75
632.75
528.056
528.056
528.056
528.056
528.056
484.25
484.25
484.25
484.25
484.25
676.656
676.656
676.656
676.656
676.656
656.125
656.125
656.125
656.125
656.125
573.125
573.125
573.125
573.125
573.125
477.016
477.016
477.016
477.016
477.016
632.625
632.625
632.625
632.625
632.625
452.428
452.428
452.428
452.428
452.428
483.375
483.375
483.375
483.375
483.375
595.456
595.456
595.456
595.456
595.456
581.25
581.25
581.25
581.25
581.25
319.254
319.254
319.254
319.254
319.254
441.5
441.5
441.5
441.5
441.5
349.926
349.926
349.926
349.926
349.926
585.303
585.303
585.303
585.303
585.303
586.25
586.25
586.25
586.25
586.25
518.401
518.401
518.401
518.401
518.401
543.5
543.5
543.5
543.5
543.5
333.796
333.796
333.796
333.796
333.796
639.213
639.213
639.213
639.213
639.213
419.092
419.092
419.092
419.092
419.092
654
654
654
654
654
626.5
626.5
626.5
626.5
626.5
533.543
533.543
533.543
533.543
533.543
481.526
481.526
481.526
481.526
481.526
187.961
187.961
187.961
187.961
187.961
515.009
515.009
515.009
515.009
515.009
606.922
606.922
606.922
606.922
606.922
549.803
549.803
549.803
549.803
549.803
652.625
652.625
652.625
652.625
652.625
631.953
631.953
631.953
631.953
631.953
563.186
563.186
563.186
563.186
563.186
460.715
460.715
460.715
460.715
460.715
332.5
332.5
332.5
332.5
332.5
698.981
698.981
698.981
698.981
698.981
483.75
483.75
483.75
483.75
483.75
613.158
613.158
613.158
613.158
613.158
539.959
539.959
539.959
539.959
539.959
525.5
525.5
525.5
525.5
525.5
660
660
660
660
660
687.625
687.625
687.625
687.625
687.625
547.797
547.797
547.797
547.797
547.797
597.078
597.078
597.078
597.078
597.078
554
554
554
554
554
560
560
560
560
560
723.172
723.172
723.172
723.172
723.172
499.039
499.039
499.039
499.039
499.039
565.625
565.625
565.625
565.625
565.625
629.484
629.484
629.484
629.484
629.484
347.563
347.563
347.563
347.563
347.563
668.331
668.331
668.331
668.331
668.331
575.906
575.906
575.906
575.906
575.906
272.483
272.483
272.483
272.483
272.483
385.375
385.375
385.375
385.375
385.375
664.88
664.88
664.88
664.88
664.88
661.401
661.401
661.401
661.401
661.401
581.5
581.5
581.5
581.5
581.5
680.594
680.594
680.594
680.594
680.594
283.5
283.5
283.5
283.5
283.5
260.458
260.458
260.458
260.458
260.458
673
673
673
673
673
500.755
500.755
500.755
500.755
500.755
670
670
670
670
670
531.74
531.74
531.74
531.74
531.74
467.25
467.25
467.25
467.25
467.25
463.266
463.266
463.266
463.266
463.266
464.988
464.988
464.988
464.988
464.988
500.682
500.682
500.682
500.682
500.682
190.25
300.5
300.5
300.5
300.5
528.781
528.781
528.781
528.781
528.781
586.063
586.063
586.063
586.063
586.063
402.531
402.531
402.531
402.531
402.531
590.063
590.063
590.063
590.063
590.063
466.063
466.063
466.063
466.063
466.063
411.078
411.078
411.078
411.078
411.078
625.781
625.781
625.781
625.781
625.781
546.609
546.609
546.609
546.609
546.609
553.375
553.375
553.375
553.375
553.375
453
453
453
453
453
429.75
429.75
429.75
429.75
429.75
624.951
624.951
624.951
624.951
624.951
409
409
409
409
409
621.313
621.313
621.313
621.313
621.313
456.828
456.828
456.828
456.828
456.828
689.046
689.046
689.046
689.046
689.046
551.906
551.906
551.906
551.906
551.906
580
580
580
580
580
223.08
223.08
223.08
223.08
223.08
352.094
352.094
352.094
352.094
352.094
497.438
497.438
497.438
497.438
497.438
536.625
536.625
536.625
536.625
536.625
567.969
567.969
567.969
567.969
567.969
184.898
184.898
184.898
184.898
184.898
480.438
480.438
480.438
480.438
480.438
481.683
481.683
481.683
481.683
481.683
500.033
500.033
500.033
500.033
500.033
589.25
589.25
589.25
589.25
589.25
559.75
559.75
559.75
559.75
559.75
170.322
170.322
170.322
173.363
173.363
620.485
620.485
620.485
620.485
620.485
409.408
409.408
409.408
409.408
409.408
420.667
420.667
420.667
420.667
420.667
623.918
623.918
623.918
623.918
623.918
679.946
679.946
679.946
679.946
679.946
403.313
403.313
403.313
403.313
403.313
319.727
319.727
319.727
319.727
319.727
736.972
736.972
736.972
736.972
736.972
524.719
524.719
524.719
524.719
524.719
476.041
476.041
476.041
476.041
476.041
523.309
523.309
523.309
523.309
523.309
344
344
344
344
344
676.656
676.656
676.656
676.656
676.656
506.102
506.102
506.102
506.102
506.102
550.5
550.5
550.5
550.5
550.5
632.9
632.9
632.9
632.9
632.9
463.344
463.344
463.344
463.344
463.344
682.063
682.063
682.063
682.063
682.063
577.313
577.313
577.313
577.313
577.313
693.328
693.328
693.328
693.328
693.328
213
213
213
213
213
511.375
511.375
511.375
511.375
511.375
762
762
762
762
762
235.799
235.799
235.799
235.799
235.799
663
663
663
663
663
633.426
633.426
633.426
633.426
633.426
490.529
490.529
490.529
490.529
490.529
553.637
553.637
553.637
553.637
553.637
594.819
594.819
594.819
594.819
594.819
410.026
410.026
410.026
410.026
410.026
258.565
258.565
258.565
258.565
258.565
633.313
633.313
633.313
633.313
633.313
715.906
715.906
715.906
715.906
715.906
369.891
369.891
369.891
369.891
369.891
719.613
719.613
719.613
719.613
719.613
272.762
272.762
272.762
272.762
272.762
608.998
608.998
608.998
608.998
608.998
685.125
685.125
685.125
685.125
685.125
670.344
671.188
671.188
671.188
671.188
590.196
590.196
590.196
590.196
590.196
490.008
490.008
490.008
490.008
490.008
346.938
346.938
346.938
346.938
346.938
672.26
672.26
672.26
672.26
672.26
249.813
249.813
249.813
249.813
249.813
571.489
571.489
571.489
571.489
571.489
500.68
500.68
500.68
500.68
500.68
584.313
584.313
584.313
584.313
584.313
594.491
594.491
594.491
594.491
594.491
507.836
507.836
507.836
507.836
507.836
730.158
730.158
730.158
730.158
730.158
448.119
448.119
448.119
448.119
448.119
624
624
624
624
624
452.778
452.778
452.778
452.778
452.778
559.729
559.729
559.729
559.729
559.729
608.635
608.635
608.635
608.635
608.635
408.367
408.367
408.367
408.367
408.367
640
640
640
640
640
490
490
490
490
490
676.14
676.14
676.14
676.14
676.14
214
214
214
214
214
454.5
454.5
454.5
454.5
454.5
540.328
540.328
540.328
540.328
540.328
332.223
332.223
332.223
332.223
332.223
583.029
583.029
583.029
583.029
583.029
588.5
588.5
588.5
588.5
588.5
564.842
564.842
564.842
564.842
564.842
393.469
393.469
393.469
393.469
393.469
557.519
557.519
557.519
557.519
557.519
269.875
269.875
269.875
269.875
269.875
440.563
440.563
440.563
440.563
440.563
525.817
525.817
525.817
525.817
525.817
291.196
291.196
291.196
291.196
291.196
491.352
491.352
491.352
491.352
491.352
476
476
476
476
476
455.305
455.305
455.305
455.305
455.305
570.922
570.922
570.922
570.922
570.922
479
479
479
479
479
574
574
574
574
574
653.188
653.188
653.188
653.188
653.188
457.281
457.281
457.281
457.281
457.281
441.734
441.734
441.734
441.734
441.734
417
417
417
417
417
377.578
377.578
377.578
377.578
377.578
352
352
352
352
352
615.125
615.125
615.125
615.125
615.125
585.508
591.141
591.141
591.141
591.141
258.172
258.172
258.172
258.172
258.172
437.313
437.313
437.313
437.313
437.313
502.997
502.997
502.997
502.997
502.997
330.421
330.421
330.421
330.421
330.421
495.75
495.75
495.75
495.75
495.75
503.192
503.192
503.192
503.192
503.192
570.625
570.625
570.625
570.625
570.625
611.584
611.584
611.584
611.584
611.584
620.928
620.928
620.928
620.928
620.928
473.188
473.188
473.188
473.188
473.188
281.834
281.834
281.834
281.834
281.834
323.5
323.5
323.5
323.5
323.5
376.055
376.055
376.055
376.055
376.055
669.563
669.563
669.563
669.563
669.563
333.328
333.328
333.328
333.328
333.328
636.656
636.656
636.656
636.656
636.656
637.141
637.141
637.141
637.141
637.141
468.375
468.375
468.375
468.375
468.375
359.625
359.625
359.625
359.625
359.625
488.095
488.095
488.095
488.095
488.095
469.563
469.563
469.563
469.563
469.563
631
631
631
631
631
593.844
593.844
593.844
593.844
593.844
434.375
434.375
434.375
434.375
434.375
470.622
470.622
470.622
470.622
470.622
600.25
600.25
600.25
600.25
600.25
533
533
533
533
533
526.117
526.117
526.117
526.117
526.117
551.482
551.482
551.482
551.482
551.482
651.125
651.125
651.125
651.125
651.125
343.125
343.125
343.125
343.125
343.125
612.922
612.922
612.922
612.922
612.922
689.5
689.5
689.5
689.5
689.5
556.711
556.711
556.711
556.711
556.711
606.141
606.141
605.875
605.875
605.875
528.008
528.008
528.008
528.008
528.008
544.835
544.835
544.835
544.835
544.835
285.431
285.431
285.431
285.431
285.431
570.031
570.031
570.031
570.031
570.031
460.406
460.406
460.266
460.266
460.266
279.687
279.687
279.687
279.687
279.687
528.262
528.262
528.262
528.262
528.262
745
745
745
745
745
392.5
392.5
392.5
392.5
392.5
233.729
233.729
233.729
233.729
233.729
558
558
558
558
558
372.5
372.5
372.5
372.5
372.5
639
639
639
639
639
622.314
622.314
622.314
622.314
622.314
452.875
452.875
452.875
452.875
452.875
503.406
503.406
503.406
503.406
503.406
377.324
377.324
377.324
377.324
377.324
700.074
700.074
700.074
700.074
700.074
506.859
506.859
506.859
506.859
506.859
630.383
630.383
630.383
630.383
630.383
549.275
549.275
549.275
549.275
549.275
530.76
530.76
530.76
530.76
530.76
443.447
443.443
443.443
443.443
443.443
573.438
573.438
573.438
573.438
573.438
549.766
549.766
549.766
549.766
549.766
561.508
561.508
561.508
561.508
561.508
533.516
533.516
533.516
533.516
533.516
345.695
345.695
345.695
345.695
345.695
237.442
237.442
237.442
237.442
237.442
662.154
662.154
662.154
662.154
662.154
559.57
559.57
559.57
559.57
559.57
593.143
593.143
593.143
593.143
593.143
587.753
587.753
587.753
587.753
587.753
548.144
548.144
548.144
548.144
548.144
539.968
539.968
539.968
539.968
539.968
523.016
523.016
523.016
523.016
523.016
504.331
504.331
504.331
504.331
504.331
464.848
464.848
464.848
464.848
464.848
424.419
424.419
424.419
424.419
424.419
586.264
586.264
586.264
586.264
586.264
630.031
630.031
630.031
630.031
630.031
500.911
500.911
500.911
500.911
500.911
649.303
649.303
649.303
649.303
649.303
248.625
248.625
248.625
248.625
248.625
306.054
306.054
306.054
306.054
306.054
343
343
343
343
343
480.076
480.076
480.076
480.076
480.076
308.186
308.186
308.186
308.186
308.186
582.622
582.622
582.622
582.622
582.622
717.57
717.57
717.57
717.57
717.57
484.813
484.813
484.813
484.813
484.813
306
306
306
306
306
507.625
507.625
507.625
507.625
507.625
427.125
427.125
427.125
427.125
427.125
512.305
512.305
512.305
512.305
512.305
689.531
689.531
689.531
689.531
689.531
549.878
549.878
549.878
549.878
549.878
582.496
582.496
582.496
582.496
582.496
386.8
386.8
386.8
386.8
386.8
383.922
383.922
383.922
383.922
383.922
449.043
449.043
449.043
449.043
449.043
497.434
497.434
497.434
497.434
497.434
490.555
490.555
490.555
490.555
490.555
588.125
588.125
588.125
588.125
588.125
749.365
749.365
749.365
749.365
749.365
636.245
636.245
636.245
636.245
636.245
547.692
547.692
547.692
547.692
547.692
538.186
538.186
538.186
538.186
538.186
671.722
671.722
671.722
671.722
671.722
751.578
751.578
751.578
751.578
751.578
540.031
540.031
540.031
540.031
540.031
363.625
363.625
363.625
363.625
363.625
152.225
152.225
152.225
152.225
152.225
603.074
603.074
603.074
603.074
603.074
334.727
334.727
334.727
334.727
334.727
670.322
670.322
670.322
670.322
670.322
427.285
427.285
427.285
427.285
427.285
196.711
196.711
196.711
196.711
196.711
472.773
472.773
472.773
472.773
472.773
437.5
437.5
437.5
437.5
437.5
497.152
497.152
497.152
497.152
497.152
631.25
631.25
631.25
631.25
631.25
373
373
373
373
373
571.25
571.25
571.25
571.25
571.25
640.404
640.404
640.404
640.404
640.404
358.26
358.26
358.26
358.26
358.26
387
387
387
387
387
440.625
440.625
440.625
440.625
440.625
709.438
709.438
709.438
709.438
709.438
671.125
671.125
671.125
671.125
671.125
641.5
641.5
641.5
641.5
641.5
477.43
477.43
477.43
477.43
477.43
275.421
275.421
275.421
275.421
275.421
449.578
449.578
449.578
449.578
449.578
375.875
375.875
375.875
375.875
375.875
528.117
528.117
528.117
528.117
528.117
475.634
475.634
475.634
475.634
475.634
623.624
623.624
623.624
623.624
623.624
363.75
363.75
363.75
363.75
363.75
656.006
656.006
656.006
656.006
656.006
547.852
547.852
547.852
547.852
547.852
582.291
582.291
582.291
582.291
582.291
713.944
713.944
713.944
713.944
713.944
479
479
479
479
479
556.641
556.641
556.641
556.641
556.641
634.265
634.265
634.265
634.265
634.265
441.291
441.291
441.291
441.291
441.291
473.981
473.981
473.981
473.981
473.981
546.215
546.215
546.215
546.215
546.215
656.906
656.906
656.906
656.906
656.906
671.813
671.813
671.813
671.813
671.813
494.481
494.481
494.481
494.481
494.481
489.283
489.283
489.283
489.283
489.283
623.917
623.917
623.917
623.917
623.917
448.938
448.938
448.938
448.938
448.938
268.063
268.063
268.063
268.063
268.063
489.563
489.563
489.563
489.563
489.563
310.344
310.344
310.344
310.344
310.344
373.076
373.076
388.527
388.527
388.527
472.639
472.639
472.639
472.639
472.639
714.254
714.254
714.254
714.254
714.254
681.797
681.797
681.797
681.797
681.797
265.484
265.484
265.484
265.484
265.484
611.125
611.125
611.125
611.125
611.125
468.964
468.964
468.964
468.964
468.964
326.563
326.563
326.563
326.563
326.563
403.414
403.414
403.414
403.414
403.414
357.475
357.475
357.475
357.475
357.475
443.188
443.188
443.188
443.188
443.188
546
546
546
546
546
364.936
364.936
364.936
364.936
364.936
363.066
363.066
363.066
363.066
363.066
569.021
569.021
569.021
569.021
569.021
500.836
500.836
500.836
500.836
500.836
688.75
688.75
688.75
688.75
688.75
453.028
453.028
453.028
453.028
453.028
283.609
283.609
283.609
283.609
283.609
475
475
475
475
475
587.438
587.438
587.438
587.438
587.438
516.063
516.063
516.063
516.063
516.063
589.141
589.141
589.141
589.141
589.141
492.688
492.688
492.688
492.688
492.688
601.917
601.917
601.917
601.917
601.917
387.188
387.188
387.188
387.188
387.188
692.439
692.439
692.439
692.439
692.439
0
