0
0
0
0
735.455
735.455
735.455
735.455
735.455
765.148
765.148
765.148
765.148
765.148
754.327
754.327
754.327
754.327
754.327
754.688
754.688
754.688
754.688
754.688
784.628
784.628
784.628
784.628
784.628
756.988
756.988
756.988
756.988
756.988
787.87
787.87
787.87
787.87
787.87
739.753
739.753
739.753
739.753
739.753
775.199
775.199
775.199
775.199
775.199
742.973
742.973
742.973
742.973
742.973
743.079
743.079
743.079
743.079
743.079
762.92
762.92
762.92
762.92
762.92
280.305
280.305
280.305
280.305
280.305
339.023
339.023
339.023
339.023
339.023
717.643
717.643
717.643
717.643
717.643
789.282
789.282
789.282
789.282
789.282
790.509
790.509
790.509
790.509
790.509
783.866
783.866
783.866
783.866
783.866
786.653
786.653
786.653
786.653
786.653
788.57
788.57
788.57
788.57
788.57
785.857
785.857
785.857
785.857
785.857
792.654
792.654
792.654
792.654
792.654
793.142
793.142
793.142
793.142
793.142
794.167
794.167
794.167
794.167
794.167
788.607
788.607
788.607
788.607
788.607
797.977
797.977
797.977
797.977
797.977
791.969
791.969
791.969
791.969
791.969
783.472
783.472
783.472
783.472
783.472
780.985
780.985
780.985
780.985
780.985
798.163
798.163
798.163
798.163
798.163
796.904
796.904
796.904
796.904
796.904
793.237
793.237
793.237
793.237
793.237
796.797
796.797
796.797
796.797
796.797
797.739
797.739
797.739
797.739
797.739
796.916
796.916
796.916
796.916
796.916
794.791
794.791
794.791
794.791
794.791
791.531
791.531
791.531
791.531
791.531
794.396
794.396
794.396
794.396
794.396
797.557
797.557
797.557
797.557
797.557
795.78
795.78
795.78
795.78
795.78
794.045
794.045
794.045
794.045
794.045
795.761
795.761
795.761
795.761
795.761
795.493
795.493
795.493
795.493
795.493
791.782
791.782
791.782
791.782
791.782
798.224
798.224
798.224
798.224
798.224
794.389
794.389
794.389
794.389
794.389
796.687
796.687
796.687
796.687
796.687
797.25
797.25
797.25
797.25
797.25
793.014
793.014
793.014
793.014
793.014
791.256
791.256
791.256
791.256
791.256
795.616
795.616
795.616
795.616
795.616
789.657
789.657
789.657
789.657
789.657
792.183
792.183
792.183
792.183
792.183
798.356
798.356
798.356
798.356
798.356
797.976
797.976
797.976
797.976
797.976
796.754
796.754
796.754
796.754
796.754
797.664
797.664
797.664
797.664
797.664
797.539
797.539
797.539
797.539
797.539
797.92
797.92
797.92
797.92
797.92
795.719
795.719
795.719
795.719
795.719
795.127
795.127
795.127
795.127
795.127
798.479
798.479
798.479
798.479
798.479
797.005
797.005
797.005
797.005
797.005
794.544
794.544
794.544
794.544
794.544
798.151
798.151
798.151
798.151
798.151
798.086
798.086
798.086
798.086
798.086
795.333
795.333
795.333
795.333
795.333
792.194
792.194
792.194
792.194
792.194
798.874
798.874
798.874
798.874
798.874
795.835
795.835
795.835
795.835
795.835
798.491
798.491
798.491
798.491
798.491
797.632
797.632
797.632
797.632
797.632
794.577
794.577
794.577
794.577
794.577
798.352
798.352
798.352
798.352
798.352
795.775
795.775
795.775
795.775
795.775
793.08
793.08
793.08
793.08
793.08
797.576
797.576
797.576
797.576
797.576
797.065
797.065
797.065
797.065
797.065
797.543
797.543
797.543
797.543
797.543
797.216
797.216
797.216
797.216
797.216
797.753
797.753
797.753
797.753
797.753
796.587
796.587
796.587
796.587
796.587
796.063
796.063
796.063
796.063
796.063
798.218
798.218
798.218
798.218
798.218
798.126
798.126
798.126
798.126
798.126
797.382
797.382
797.382
797.382
797.382
795.354
795.354
795.354
795.354
795.354
793.823
793.823
793.823
793.823
793.823
793.475
793.475
793.475
793.475
793.475
798.726
798.726
798.726
798.726
798.726
797.48
797.48
797.48
797.48
797.48
798.992
798.992
798.992
798.992
798.992
798.224
798.224
798.224
798.224
798.224
796.964
796.964
796.964
796.964
796.964
798.461
798.461
798.461
798.461
798.461
795.016
795.016
795.016
795.016
795.016
795.767
795.767
795.767
795.767
795.767
798.735
798.735
798.735
798.735
798.735
798.193
798.193
798.193
798.193
798.193
797.752
797.752
797.752
797.752
797.752
797.478
797.478
797.478
797.478
797.478
798.973
798.973
798.973
798.973
798.973
798.658
798.658
798.658
798.658
798.658
797.866
797.866
797.866
797.866
797.866
796.64
796.64
796.64
796.64
796.64
796.178
796.178
796.178
796.178
796.178
794.283
794.283
794.283
794.283
794.283
798.636
798.636
798.636
798.636
798.636
797.104
797.104
797.104
797.104
797.104
798.419
798.419
798.419
798.419
798.419
798.365
798.365
798.365
798.365
798.365
798.173
798.173
798.173
798.173
798.173
798.93
798.93
798.93
798.93
798.93
798.759
798.759
798.759
798.759
798.759
797.816
797.816
797.816
797.816
797.816
797.622
797.622
797.622
797.622
797.622
797.132
797.132
797.132
797.132
797.132
797.277
797.277
797.277
797.277
797.277
796.145
796.145
796.145
796.145
796.145
799
799
799
799
799
798.5
798.5
798.5
798.5
798.5
798.368
798.368
798.368
798.368
798.368
798.459
798.459
798.459
798.459
798.459
797.406
797.406
797.406
797.406
797.406
798.25
798.25
798.25
798.25
798.25
798.148
798.148
798.148
798.148
798.148
797.73
797.73
797.73
797.73
797.73
798.527
798.527
798.527
798.527
798.527
798.995
798.995
798.995
798.995
798.995
798.753
798.753
798.753
798.753
798.753
798.592
798.592
798.592
798.592
798.592
798.981
798.981
798.981
798.981
798.981
797.712
797.712
797.712
797.712
797.712
798.937
798.937
798.937
798.937
798.937
798.545
798.545
798.545
798.545
798.545
798.674
798.674
798.674
798.674
798.674
797.882
797.882
797.882
797.882
797.882
798.804
798.804
798.804
798.804
798.804
798.126
798.126
798.126
798.126
798.126
797.367
797.367
797.367
797.367
797.367
798.468
798.468
798.468
798.468
798.468
797.952
797.952
797.952
797.952
797.952
796.94
796.94
796.94
796.94
796.94
798.898
798.898
798.898
798.898
798.898
798.38
798.38
798.38
798.38
798.38
798.966
798.966
798.966
798.966
798.966
798.842
798.842
798.842
798.842
798.842
798.651
798.651
798.651
798.651
798.651
799
799
799
799
799
798.606
798.606
798.606
798.606
798.606
797.723
797.723
797.723
797.723
797.723
797.652
797.652
797.652
797.652
797.652
798.718
798.718
798.718
798.718
798.718
798.28
798.28
798.28
798.28
798.28
797.943
797.943
797.943
797.943
797.943
798.875
798.875
798.875
798.875
798.875
798.484
798.484
798.484
798.484
798.484
798.088
798.088
798.088
798.088
798.088
798.992
798.992
798.992
798.992
798.992
798.929
798.929
798.929
798.929
798.929
798.177
798.177
798.177
798.177
798.177
798.984
798.984
798.984
798.984
798.984
798.91
798.91
798.91
798.91
798.91
799
799
799
799
799
798.953
798.953
798.953
798.953
798.953
798.078
798.078
798.078
798.078
798.078
797.712
797.712
797.712
797.712
797.712
798.187
798.187
798.187
798.187
798.187
797.682
797.682
797.682
797.682
797.682
798.781
798.781
798.781
798.781
798.781
797.933
797.933
797.933
797.933
797.933
797.847
797.847
797.847
797.847
797.847
798.938
798.938
798.938
798.938
798.938
798.707
798.707
798.707
798.707
798.707
798.154
798.154
798.154
798.154
798.154
798.496
798.496
798.496
798.496
798.496
797.844
797.844
797.844
797.844
797.844
798.392
798.392
798.392
798.392
798.392
797.348
797.348
797.348
797.348
797.348
798.498
798.498
798.498
798.498
798.498
798.164
798.164
798.164
798.164
798.164
798.118
798.118
798.118
798.118
798.118
798.664
798.664
798.664
798.664
798.664
797.445
797.445
797.445
797.445
797.445
797.499
797.499
797.499
797.499
797.499
799
799
799
799
799
799
799
799
799
799
798.546
798.546
798.546
798.546
798.546
798.734
798.734
798.734
798.734
798.734
797.843
797.843
797.843
797.843
797.843
799
799
799
799
799
798.433
798.433
798.433
798.433
798.433
798.219
798.219
798.219
798.219
798.219
797.889
797.889
797.889
797.889
797.889
798.996
798.996
798.996
798.996
798.996
798.873
798.873
798.873
798.873
798.873
797.488
797.488
797.488
797.488
797.488
798.875
798.875
798.875
798.875
798.875
798.75
798.75
798.75
798.75
798.75
799
799
799
799
799
798.937
798.937
798.937
798.937
798.937
798.644
798.644
798.644
798.644
798.644
798.486
798.486
798.486
798.486
798.486
798.5
798.5
798.5
798.5
798.5
798.483
798.483
798.483
798.483
798.483
797.722
797.722
797.722
797.722
797.722
798.999
798.999
798.999
798.999
798.999
798.685
798.685
798.685
798.685
798.685
798.181
798.181
798.181
798.181
798.181
798.977
798.977
798.977
798.977
798.977
798.914
798.914
798.914
798.914
798.914
799
799
799
799
799
798.398
798.398
798.398
798.398
798.398
797.742
797.742
797.742
797.742
797.742
798.338
798.338
798.338
798.338
798.338
799
799
799
799
799
798.185
798.185
798.185
798.185
798.185
798.98
798.98
798.98
798.98
798.98
798.48
798.48
798.48
798.48
798.48
798.88
798.88
798.88
798.88
798.88
798.737
798.737
798.737
798.737
798.737
799
799
799
799
799
798.871
798.871
798.871
798.871
798.871
798.242
798.242
798.242
798.242
798.242
799
799
799
799
799
798.797
798.797
798.797
798.797
798.797
798.999
798.999
798.999
798.999
798.999
798.736
798.736
798.736
798.736
798.736
798.323
798.323
798.323
798.323
798.323
798.937
798.937
798.937
798.937
798.937
798.175
798.175
798.175
798.175
798.175
797.894
797.894
797.894
797.894
797.894
797.581
797.581
797.581
797.581
797.581
798.996
798.996
798.996
798.996
798.996
798.621
798.621
798.621
798.621
798.621
799
799
799
799
799
798.453
798.453
798.453
798.453
798.453
797.992
797.992
797.992
797.992
797.992
799
799
799
799
799
798.843
798.843
798.843
798.843
798.843
798.41
798.41
798.41
798.41
798.41
798.746
798.746
798.746
798.746
798.746
798.73
798.73
798.73
798.73
798.73
798.6
798.6
798.6
798.6
798.6
798.252
798.252
798.252
798.252
798.252
798.992
798.992
798.992
798.992
798.992
798.972
798.972
798.972
798.972
798.972
798.966
798.966
798.966
798.966
798.966
798.5
798.5
798.5
798.5
798.5
798.498
798.498
798.498
798.498
798.498
798.325
798.325
798.325
798.325
798.325
798.968
798.968
798.968
798.968
798.968
798.999
798.999
798.999
798.999
798.999
799
799
799
799
799
798.926
798.926
798.926
798.926
798.926
798.31
798.31
798.31
798.31
798.31
798.875
798.875
798.875
798.875
798.875
798.796
798.796
798.796
798.796
798.796
798.71
798.71
798.71
798.71
798.71
799
799
799
799
799
798.433
798.433
798.433
798.433
798.433
798.466
798.466
798.466
798.466
798.466
798.411
798.411
798.411
798.411
798.411
798.591
798.591
798.591
798.591
798.591
798.727
798.727
798.727
798.727
798.727
799
799
799
799
799
798.968
798.968
798.968
798.968
798.968
798.966
798.966
798.966
798.966
798.966
798.972
798.972
798.972
798.972
798.972
799
799
799
799
799
799
799
799
799
799
798.742
798.742
798.742
798.742
798.742
799
799
799
799
799
798.734
798.734
798.734
798.734
798.734
799
799
799
799
799
799
799
799
799
799
798.531
798.531
798.531
798.531
798.531
799
799
799
799
799
799
799
799
799
799
798.995
798.995
798.995
798.995
798.995
799
799
799
799
799
799
799
799
799
799
798.859
798.859
798.859
798.859
798.859
798.847
798.847
798.847
798.847
798.847
798.5
798.5
798.5
798.5
798.5
798.496
798.496
798.496
798.496
798.496
797.677
797.677
797.677
797.677
797.677
799
799
799
799
799
798.999
798.999
798.999
798.999
798.999
798.495
798.495
798.495
798.495
798.495
799
799
799
799
799
798.998
798.998
798.998
798.998
798.998
798.715
798.715
798.715
798.715
798.715
799
799
799
799
799
799
799
799
799
799
799
799
799
799
799
799
799
799
799
799
799
799
799
799
799
798.968
798.968
798.968
798.968
798.968
798.5
798.5
798.5
798.5
798.5
798.375
798.375
798.375
798.375
798.375
797.808
797.808
797.808
797.808
797.808
799
799
799
799
799
798.742
798.742
798.742
798.742
798.742
798.991
798.991
798.991
798.991
798.991
799
799
799
799
799
799
799
799
799
799
798.984
798.984
798.984
798.984
798.984
798.98
798.98
798.98
798.98
798.98
798.426
798.426
798.426
798.426
798.426
799
799
799
799
799
798.498
798.498
798.498
798.498
798.498
798.233
798.233
798.233
798.233
798.233
798.969
798.969
798.969
798.969
798.969
798.967
798.967
798.967
798.967
798.967
798.794
798.794
798.794
798.794
798.794
798.75
798.75
798.75
798.75
798.75
798.875
798.875
798.875
798.875
798.875
798.375
798.375
798.375
798.375
798.375
798.624
798.624
798.624
798.624
798.624
799
799
799
799
799
799
799
799
799
799
799
799
799
799
799
798.625
798.625
798.625
798.625
798.625
798.795
798.795
798.795
798.795
798.795
797.808
797.808
797.808
797.808
797.808
799
799
799
799
799
798.968
798.968
798.968
798.968
798.968
798.702
798.702
798.702
798.702
798.702
799
799
799
799
799
799
799
799
799
799
799
799
799
799
799
799
799
799
799
799
798.123
798.123
798.123
798.123
798.123
799
799
799
799
799
798.875
798.875
798.875
798.875
798.875
798.367
798.367
798.367
798.367
798.367
799
799
799
799
799
799
799
799
799
799
798.482
798.482
798.482
798.482
798.482
799
799
799
799
799
798.5
798.5
798.5
798.5
798.5
798.499
798.499
798.499
798.499
798.499
798.499
798.499
798.499
798.499
798.499
799
799
799
799
799
798.492
798.492
798.492
798.492
798.492
799
799
799
799
799
798.999
798.999
798.999
798.999
798.999
798.967
798.967
798.967
798.967
798.967
798.961
798.961
798.961
798.961
798.961
799
799
799
799
799
799
799
799
799
799
799
799
799
799
799
798.996
798.996
798.996
798.996
798.996
798.991
798.991
798.991
798.991
798.991
799
799
799
799
799
799
799
799
799
799
798.995
798.995
798.995
798.995
798.995
799
799
799
799
799
798.937
798.937
798.937
798.937
798.937
798.622
798.622
798.622
798.622
798.622
798.495
798.495
798.495
798.495
798.495
798.984
798.984
798.984
798.984
798.984
798.969
798.969
798.969
798.969
798.969
798.969
798.969
798.969
798.969
798.969
799
799
799
799
799
799
799
799
799
799
798.969
798.969
798.969
798.969
798.969
799
799
799
799
799
798.994
798.994
798.994
798.994
798.994
799
799
799
799
799
799
799
799
799
799
798.748
798.748
798.748
798.748
798.748
798.482
798.482
798.482
798.482
798.482
799
799
799
799
799
798.375
798.375
798.375
798.375
798.375
798.25
798.25
798.25
798.25
798.25
799
799
799
799
799
798.999
798.999
798.999
798.999
798.999
799
799
799
799
799
798.991
798.991
798.991
798.991
798.991
798.992
798.992
798.992
798.992
798.992
798.866
798.866
798.866
798.866
798.866
798.999
798.999
798.999
798.999
798.999
799
799
799
799
799
799
799
799
799
799
799
799
799
799
799
798.5
798.5
798.5
798.5
798.5
797.999
797.999
797.999
797.999
797.999
799
799
799
799
799
799
799
799
799
799
798.75
798.75
798.75
798.75
798.75
799
799
799
799
799
797.953
797.953
797.953
797.953
797.953
798.475
798.475
798.475
798.475
798.475
799
799
799
799
799
799
799
799
799
799
798.499
798.499
798.499
798.499
798.499
799
799
799
799
799
798.984
798.984
798.984
798.984
798.984
799
799
799
799
799
798.875
798.875
798.875
798.875
798.875
798.937
798.937
798.937
798.937
798.937
799
799
799
799
799
799
799
799
799
799
799
799
799
799
799
799
799
799
799
799
798.938
798.938
798.938
798.938
798.938
798.938
798.938
798.938
798.938
798.938
799
799
799
799
799
799
799
799
799
799
799
799
799
799
799
798.719
798.719
798.719
798.719
798.719
799
799
799
799
799
799
799
799
799
799
798.996
798.996
798.996
798.996
798.996
799
799
799
799
799
799
799
799
799
799
798.998
798.998
798.998
798.998
798.998
799
799
799
799
799
799
799
799
799
799
799
799
799
799
799
799
799
799
799
799
798.922
798.922
798.922
798.922
798.922
798.922
798.922
798.922
798.922
798.922
799
799
799
799
799
799
799
799
799
799
799
799
799
799
799
799
799
799
799
799
799
799
799
799
799
799
799
799
799
799
799
799
799
799
799
799
799
799
799
799
798.938
798.938
798.938
798.938
798.938
798.938
798.938
798.938
798.938
798.938
798.625
798.625
798.625
798.625
798.625
799
799
799
799
799
799
799
799
799
799
799
799
799
799
799
798.969
798.969
798.969
798.969
798.969
799
799
799
799
799
798.996
798.996
798.996
798.996
798.996
799
799
799
799
799
798.999
798.999
798.999
798.999
798.999
798.5
798.5
798.5
798.5
798.5
798.497
798.497
798.497
798.497
798.497
799
799
799
799
799
799
799
799
799
799
799
799
799
799
799
799
799
799
799
799
798.719
798.719
798.719
798.719
798.719
798.594
798.594
798.594
798.594
798.594
799
799
799
799
799
799
799
799
799
799
799
799
799
799
799
799
799
799
799
799
798.375
798.375
798.375
798.375
798.375
798.327
798.327
798.327
798.327
798.327
799
799
799
799
799
798.75
798.75
798.75
798.75
798.75
798.75
798.75
798.75
798.75
798.75
799
799
799
799
799
799
799
799
799
799
798.999
798.999
798.999
798.999
798.999
799
799
799
799
799
798.968
798.968
798.968
798.968
798.968
799
799
799
799
799
799
799
799
799
799
799
799
799
799
799
799
799
799
799
799
799
799
799
799
799
799
799
799
799
799
799
799
799
799
799
799
799
799
799
799
798.75
798.75
798.75
798.75
798.75
798.984
798.984
798.984
798.984
798.984
798.969
798.969
798.969
798.969
798.969
798.977
798.977
798.977
798.977
798.977
798.917
798.917
798.917
798.917
798.917
799
799
799
799
799
799
799
799
799
799
799
799
799
799
799
799
799
799
799
799
799
799
799
799
799
798.967
798.967
798.967
798.967
798.967
799
799
799
799
799
799
799
799
799
799
799
799
799
799
799
799
799
799
799
799
799
799
799
799
799
799
799
799
799
799
799
799
799
799
799
798.992
798.992
798.992
798.992
798.992
799
799
799
799
799
799
799
799
799
799
799
799
799
799
799
799
799
799
799
799
799
799
799
799
799
799
799
799
799
799
799
799
799
799
799
799
799
799
799
799
799
799
799
799
799
799
799
799
799
799
799
799
799
799
799
799
799
799
799
799
798.999
798.999
798.999
798.999
798.999
799
799
799
799
799
798.997
798.997
798.997
798.997
798.997
799
799
799
799
799
799
799
799
799
799
798.734
798.734
798.734
798.734
798.734
799
799
799
799
799
799
799
799
799
799
799
799
799
799
799
799
799
799
799
799
799
799
799
799
799
799
799
799
799
799
799
799
799
799
799
799
799
799
799
799
799
799
799
799
799
798.984
798.984
798.984
798.984
798.984
799
799
799
799
799
799
799
799
799
799
799
799
799
799
799
799
799
799
799
799
799
799
799
799
799
798.5
798.5
798.5
798.5
798.5
799
799
799
799
799
799
799
799
799
799
799
799
799
799
799
799
799
799
799
799
799
799
799
799
799
799
799
799
799
799
799
799
799
799
799
799
799
799
799
799
799
799
799
799
799
799
799
799
799
799
799
799
799
799
799
799
799
799
799
799
799
799
799
799
799
799
799
799
799
799
799
799
799
799
799
799
799
799
799
799
799
799
799
799
799
799
799
799
799
799
799
799
799
799
799
799
799
799
799
799
799
799
799
799
799
799
799
799
799
799
799
799
799
799
799
798.996
798.996
798.996
798.996
798.996
799
799
799
799
799
799
799
799
799
799
799
799
799
799
799
799
799
799
799
799
799
799
799
799
799
799
799
799
799
799
799
799
799
799
799
799
799
799
799
799
798.469
798.469
798.469
798.469
798.469
799
799
799
799
799
799
799
799
799
799
798.998
798.998
798.998
798.998
798.998
799
799
799
799
799
799
799
799
799
799
798.484
798.484
798.484
798.484
798.484
799
799
799
799
799
799
799
799
799
799
799
799
799
799
799
798.75
798.75
798.75
798.75
798.75
798.5
798.5
798.5
798.5
798.5
798.75
798.75
798.75
798.75
798.75
799
799
799
799
799
799
799
799
799
799
799
799
799
799
799
799
799
799
799
799
799
799
799
799
799
798.984
798.984
798.984
798.984
798.984
799
799
799
799
799
799
799
799
799
799
799
799
799
799
799
799
799
799
799
799
799
799
799
799
799
799
799
799
799
799
799
799
799
799
799
799
799
799
799
799
799
799
799
799
799
799
799
799
799
799
799
799
799
799
799
799
799
799
799
799
799
799
799
799
799
799
799
799
799
799
799
799
799
799
799
799
799
799
799
799
799
799
799
799
799
799
799
799
799
799
799
799
799
799
799
799
799
799
799
799
799
799
799
799
799
799
799
799
799
799
799
799
799
799
799
799
799
799
799
799
799
799
799
799
799
799
799
799
799
799
799
799
799
799
799
799
799
799
799
799
799
799
799
799
799
799
799
799
799
799
799
799
799
799
799
799
799
799
799
799
799
799
799
799
799
799
799
799
799
799
798.875
798.875
798.875
798.875
798.875
799
799
799
799
799
799
799
799
799
799
799
799
799
799
799
799
799
799
799
799
799
799
799
799
799
799
799
799
799
799
799
799
799
799
799
799
799
799
799
799
799
799
799
799
799
799
799
799
799
799
799
799
799
799
799
799
799
799
799
799
799
799
799
799
799
799
799
799
799
799
799
799
799
799
799
799
799
799
799
799
799
799
799
799
799
799
799
799
799
799
799
799
799
799
799
799
799
799
799
799
799
799
799
799
799
799
799
799
799
799
799
799
799
799
799
798.5
798.5
798.5
798.5
798.5
798.5
798.5
798.5
798.5
798.5
799
799
799
799
799
799
799
799
799
799
799
799
799
799
799
799
799
799
799
799
799
799
799
799
799
799
799
799
799
799
799
799
799
799
799
799
799
799
799
799
799
799
799
799
799
799
799
799
799
799
798.996
798.996
798.996
798.996
798.996
798.996
798.996
798.996
798.996
798.996
799
799
799
799
799
799
799
799
799
799
799
799
799
799
799
799
799
799
799
799
799
799
799
799
799
799
799
799
799
799
799
799
799
799
799
799
799
799
799
799
798.5
798.5
798.5
798.5
798.5
799
799
799
799
799
799
799
799
799
799
799
799
799
799
799
799
799
799
799
799
799
799
799
799
799
798.875
798.875
798.875
798.875
798.875
799
799
799
799
799
799
799
799
799
799
799
799
799
799
799
799
799
799
799
799
799
799
799
799
799
799
799
799
799
799
799
799
799
799
799
798.875
798.875
798.875
798.875
798.875
798.938
798.938
798.938
798.938
798.938
799
799
799
799
799
799
799
799
799
799
799
799
799
799
799
799
799
799
799
799
799
799
799
799
799
799
799
799
799
799
799
799
799
799
799
799
799
799
799
799
799
799
799
799
799
799
799
799
799
799
799
799
799
799
799
799
799
799
799
799
799
799
799
799
799
799
799
799
799
799
799
799
799
799
799
799
799
799
799
799
799
799
799
799
799
798.992
798.992
798.992
798.992
798.992
799
799
799
799
799
799
799
799
799
799
799
799
799
799
799
799
799
799
799
799
799
799
799
799
799
799
799
799
799
799
799
799
799
799
799
799
799
799
799
799
798.998
798.998
798.998
798.998
798.998
799
799
799
799
799
799
799
799
799
799
799
799
799
799
799
799
799
799
799
799
799
799
799
799
799
799
799
799
799
799
799
799
799
799
799
799
799
799
799
799
799
799
799
799
799
799
799
799
799
799
799
799
799
799
799
799
799
799
799
799
799
799
799
799
799
798.984
798.984
798.984
798.984
798.984
798.992
798.992
798.992
798.992
798.992
799
799
799
799
799
799
799
799
799
799
799
799
799
799
799
799
799
799
799
799
799
799
799
799
799
799
799
799
799
799
799
799
799
799
799
799
799
799
799
799
799
799
799
799
799
799
799
799
799
799
799
799
799
799
799
799
799
799
799
799
799
799
799
799
799
799
799
799
799
799
799
799
799
799
799
799
799
799
799
799
799
799
799
799
799
799
799
799
799
799
799
799
799
799
799
799
799
799
799
799
798.969
798.969
798.969
798.969
798.969
799
799
799
799
799
799
799
799
799
799
799
799
799
799
799
799
799
799
799
799
799
799
799
799
799
799
799
799
799
799
799
799
799
799
799
799
799
799
799
799
799
799
799
799
799
799
799
799
799
799
799
799
799
799
799
799
799
799
799
799
799
799
799
799
799
799
799
799
799
799
799
799
799
799
799
799
799
799
799
799
799
799
799
799
799
799
799
799
799
799
799
799
799
799
799
799
799
799
799
799
799
799
799
799
799
799
799
799
799
799
799
799
799
799
799
799
799
799
799
799
799
799
799
799
799
799
799
799
799
799
799
799
799
799
799
799
799
799
799
799
799
799
799
799
799
799
799
799
799
799
799
799
799
799
799
799
799
799
799
799
799
799
799
799
799
799
799
799
799
799
799
799
799
799
799
799
799
799
799
799
799
799
799
799
799
799
799
799
799
799
799
799
799
799
799
799
799
799
799
799
799
799
799
799
799
798.969
798.969
798.969
798.969
798.969
799
799
799
799
799
799
799
799
799
799
799
799
799
799
799
799
799
799
799
799
799
799
799
799
799
799
799
799
799
799
799
799
799
799
799
799
799
799
799
799
799
799
799
799
799
799
799
799
799
799
799
799
799
799
799
799
799
799
799
799
799
799
799
799
799
799
799
799
799
799
799
799
799
799
799
799
799
799
799
799
799
799
799
799
799
799
799
799
799
799
799
799
799
799
799
799
799
799
799
799
799
799
799
799
799
799
799
799
799
799
799
799
799
799
799
798.998
798.998
798.998
798.998
798.998
799
799
799
799
799
799
799
799
799
799
799
799
799
799
799
799
799
799
799
799
799
799
799
799
799
799
799
799
799
799
799
799
799
799
799
799
799
799
799
799
799
799
799
799
799
799
799
799
799
799
799
799
799
799
799
799
799
799
799
799
799
799
799
799
799
799
799
799
799
799
799
799
799
799
799
799
799
799
799
799
799
799
799
799
799
799
799
799
799
799
799
799
799
799
799
799
799
799
799
799
799
799
799
799
799
799
799
799
799
799
799
799
799
799
799
799
799
799
799
799
799
799
799
799
799
799
799
799
799
799
799
799
799
799
799
799
799
799
799
799
799
799
799
799
799
799
799
799
799
799
799
799
799
799
799
799
799
799
799
799
799
799
799
799
799
799
799
799
799
799
799
799
799
799
799
799
799
799
799
799
799
799
799
799
799
799
799
799
799
799
799
799
799
799
799
799
799
799
799
799
799
799
799
799
799
799
799
799
799
799
799
799
799
799
799
799
799
799
799
799
799
799
799
799
799
799
799
799
799
799
799
799
799
799
799
799
799
799
799
799
799
799
799
799
799
799
799
799
799
799
799
799
799
799
799
799
799
799
799
799
799
799
799
799
799
799
799
799
799
799
799
799
799
799
799
799
799
799
799
799
799
799
799
799
799
799
799
799
799
799
799
799
799
799
799
799
799
799
799
799
799
799
799
799
799
799
799
799
799
799
799
799
799
799
799
799
799
799
799
799
799
799
799
799
799
799
799
799
799
799
799
799
799
799
799
799
799
799
799
799
799
799
799
799
799
799
799
799
799
799
799
799
799
799
799
799
799
799
799
799
799
799
799
799
799
799
799
799
799
799
799
799
799
799
799
799
799
799
799
799
799
799
799
799
799
799
799
799
799
799
799
799
799
799
799
799
799
799
799
799
799
799
799
799
799
799
799
799
799
799
799
799
799
799
799
799
799
799
799
799
799
799
799
799
799
799
799
799
799
799
799
799
799
799
799
799
799
799
799
799
799
799
799
799
799
799
799
799
799
799
799
799
799
799
799
799
799
799
799
799
799
799
799
799
799
799
799
799
799
799
799
799
799
799
799
799
799
799
799
799
799
799
799
799
799
798.5
798.5
798.5
798.5
798.5
798.5
798.5
798.5
798.5
798.5
799
799
799
799
799
799
799
799
799
799
799
799
799
799
799
799
799
799
799
799
799
799
799
799
799
799
799
799
799
799
799
799
799
799
799
799
799
799
799
799
799
799
799
799
799
799
799
799
799
799
799
799
799
799
799
799
799
799
799
799
799
799
799
799
799
799
799
799
799
799
799
799
799
799
799
799
799
799
799
799
799
799
799
799
799
799
799
799
799
799
799
799
799
799
799
799
799
799
799
799
799
799
799
799
799
799
799
799
799
799
799
799
799
799
799
799
799
799
799
799
799
799
799
799
799
798.875
798.875
798.875
798.875
798.875
799
799
799
799
799
799
799
799
799
799
799
799
799
799
799
799
799
799
799
799
799
799
799
799
799
799
799
799
799
799
799
799
799
799
799
799
799
799
799
799
799
799
799
799
799
799
799
799
799
799
799
799
799
799
799
799
799
799
799
799
799
799
799
799
799
799
799
799
799
799
799
799
799
799
799
799
799
799
799
799
799
799
799
799
799
799
799
799
799
799
799
799
799
799
799
799
799
799
799
799
799
799
799
799
799
799
799
799
799
799
799
799
799
799
799
799
799
799
799
799
799
799
799
799
799
799
799
799
799
799
799
799
799
799
799
799
799
799
799
799
799
799
799
799
799
799
799
799
799
799
799
799
799
799
799
799
799
799
799
799
799
799
799
799
799
799
799
799
799
799
799
799
799
799
799
799
799
799
799
799
799
799
799
799
799
799
799
799
799
799
799
799
799
799
799
799
799
799
799
799
799
799
799
799
799
799
799
799
799
799
799
799
799
799
799
799
799
799
799
799
799
799
799
799
799
799
799
799
799
799
799
799
799
799
799
799
799
799
799
799
799
799
799
799
799
799
799
799
799
799
799
799
799
799
799
799
799
799
799
799
799
799
799
799
799
799
799
799
799
799
799
799
799
799
799
799
799
799
799
799
799
799
799
799
799
799
799
799
799
799
799
799
799
799
799
799
799
799
799
799
799
799
799
799
799
799
799
799
799
799
799
799
799
799
799
799
799
799
799
799
799
799
799
799
799
799
799
799
799
799
799
799
799
799
799
799
799
799
799
799
799
799
799
799
799
799
799
799
799
799
799
799
799
799
799
799
799
799
799
799
0
