0
0
0
0
481.032
481.032
482.736
482.736
482.736
537.073
537.073
537.073
537.073
537.073
603.345
603.345
603.345
603.345
603.345
275.468
275.468
275.468
275.468
275.468
725.571
725.571
725.571
725.571
725.571
777.075
777.075
777.075
777.075
777.075
770.161
770.161
770.161
770.161
770.161
796.401
796.401
796.401
796.401
796.401
790.623
790.623
790.623
790.623
790.623
788.975
788.975
788.975
788.975
788.975
791.136
791.136
791.136
791.136
791.136
778.187
778.187
778.187
778.187
778.187
776.3
776.3
776.3
776.3
776.3
795.637
795.637
795.637
795.637
795.637
794.822
794.822
794.822
794.822
794.822
785.91
785.91
785.91
785.91
785.91
794.162
794.162
794.162
794.162
794.162
794.994
794.994
794.994
794.994
794.994
796.348
796.348
796.348
796.348
796.348
796.749
796.749
796.749
796.749
796.749
794.578
794.578
794.578
794.578
794.578
789.213
789.213
789.213
789.213
789.213
795.503
795.503
795.503
795.503
795.503
796.075
796.075
796.075
796.075
796.075
792.24
792.24
792.24
792.24
792.24
796.869
796.869
796.869
796.869
796.869
793.099
793.099
793.099
793.099
793.099
793.509
793.509
793.509
793.509
793.509
796.681
796.681
796.681
796.681
796.681
794.409
794.409
794.409
794.409
794.409
794.364
794.364
794.364
794.364
794.364
796.287
796.287
796.287
796.287
796.287
797.711
797.711
797.711
797.711
797.711
796.194
796.194
796.194
796.194
796.194
797.976
797.976
797.976
797.976
797.976
797.692
797.692
797.692
797.692
797.692
796.639
796.639
796.639
796.639
796.639
797.896
797.896
797.896
797.896
797.896
797.953
797.953
797.953
797.953
797.953
796.419
796.419
796.419
796.419
796.419
795.657
795.657
795.657
795.657
795.657
796.18
796.18
796.18
796.18
796.18
793.089
793.089
793.089
793.089
793.089
798.568
798.568
798.568
798.568
798.568
797.547
797.547
797.547
797.547
797.547
797.542
797.542
797.542
797.542
797.542
798.217
798.217
798.217
798.217
798.217
794.357
794.357
794.357
794.357
794.357
793.941
793.941
793.941
793.941
793.941
798.712
798.712
798.712
798.712
798.712
797.565
797.565
797.565
797.565
797.565
796.742
796.742
796.742
796.742
796.742
798.472
798.472
798.472
798.472
798.472
798.425
798.425
798.425
798.425
798.425
796.573
796.573
796.573
796.573
796.573
798.516
798.516
798.516
798.516
798.516
798.839
798.839
798.839
798.839
798.839
796.711
796.711
796.711
796.711
796.711
796.743
796.743
796.743
796.743
796.743
795.568
795.568
795.568
795.568
795.568
795.563
795.563
795.563
795.563
795.563
798.949
798.949
798.949
798.949
798.949
797.531
797.531
797.531
797.531
797.531
796.395
796.395
796.395
796.395
796.395
797.937
797.937
797.937
797.937
797.937
797.139
797.139
797.139
797.139
797.139
796.598
796.598
796.598
796.598
796.598
797.447
797.447
797.447
797.447
797.447
797.575
797.575
797.575
797.575
797.575
794.757
794.757
794.757
794.757
794.757
798.374
798.374
798.374
798.374
798.374
797.11
797.11
797.11
797.11
797.11
796.426
796.426
796.426
796.426
796.426
798.46
798.46
798.46
798.46
798.46
797.204
797.204
797.204
797.204
797.204
796.22
796.22
796.22
796.22
796.22
798.737
798.737
798.737
798.737
798.737
798.746
798.746
798.746
798.746
798.746
797.591
797.591
797.591
797.591
797.591
797.918
797.918
797.918
797.918
797.918
797.586
797.586
797.586
797.586
797.586
797.318
797.318
797.318
797.318
797.318
798.489
798.489
798.489
798.489
798.489
798.212
798.212
798.212
798.212
798.212
797.927
797.927
797.927
797.927
797.927
798.997
798.997
798.997
798.997
798.997
798.355
798.355
798.355
798.355
798.355
797.393
797.393
797.393
797.393
797.393
798.679
798.679
798.679
798.679
798.679
798.096
798.096
798.096
798.096
798.096
797.77
797.77
797.77
797.77
797.77
798.374
798.374
798.374
798.374
798.374
797.99
797.99
797.99
797.99
797.99
796.267
796.267
796.267
796.267
796.267
798.742
798.742
798.742
798.742
798.742
798.11
798.11
798.11
798.11
798.11
796.957
796.957
796.957
796.957
796.957
798.984
798.984
798.984
798.984
798.984
795.975
795.975
795.975
795.975
795.975
798.028
798.028
798.028
798.028
798.028
797.93
797.93
797.93
797.93
797.93
798.923
798.923
798.923
798.923
798.923
797.41
797.41
797.41
797.41
797.41
798.982
798.982
798.982
798.982
798.982
798.233
798.233
798.233
798.233
798.233
797.625
797.625
797.625
797.625
797.625
798.995
798.995
798.995
798.995
798.995
798.962
798.962
798.962
798.962
798.962
797.883
797.883
797.883
797.883
797.883
798.988
798.988
798.988
798.988
798.988
798.964
798.964
798.964
798.964
798.964
798.561
798.561
798.561
798.561
798.561
798.249
798.249
798.249
798.249
798.249
797.621
797.621
797.621
797.621
797.621
796.846
796.846
796.846
796.846
796.846
798.164
798.164
798.164
798.164
798.164
796.28
796.28
796.28
796.28
796.28
797.619
797.619
797.619
797.619
797.619
798.719
798.719
798.719
798.719
798.719
797.888
797.888
797.888
797.888
797.888
797.502
797.502
797.502
797.502
797.502
798.994
798.994
798.994
798.994
798.994
798.168
798.168
798.168
798.168
798.168
798.426
798.426
798.426
798.426
798.426
798.477
798.477
798.477
798.477
798.477
798.336
798.336
798.336
798.336
798.336
798.375
798.375
798.375
798.375
798.375
798.186
798.186
798.186
798.186
798.186
797.548
797.548
797.548
797.548
797.548
796.594
796.594
796.594
796.594
796.594
798.436
798.436
798.436
798.436
798.436
798.185
798.185
798.185
798.185
798.185
797.491
797.491
797.491
797.491
797.491
798.437
798.437
798.437
798.437
798.437
798.033
798.033
798.033
798.033
798.033
797.327
797.327
797.327
797.327
797.327
798.499
798.499
798.499
798.499
798.499
797.682
797.682
797.682
797.682
797.682
797.585
797.585
797.585
797.585
797.585
798.719
798.719
798.719
798.719
798.719
797.875
797.875
797.875
797.875
797.875
797.575
797.575
797.575
797.575
797.575
798.937
798.937
798.937
798.937
798.937
798.443
798.443
798.443
798.443
798.443
797.524
797.524
797.524
797.524
797.524
798.496
798.496
798.496
798.496
798.496
798.094
798.094
798.094
798.094
798.094
797.966
797.966
797.966
797.966
797.966
798.49
798.49
798.49
798.49
798.49
798.357
798.357
798.357
798.357
798.357
797.259
797.259
797.259
797.259
797.259
798.375
798.375
798.375
798.375
798.375
798.183
798.183
798.183
798.183
798.183
797.393
797.393
797.393
797.393
797.393
799
799
799
799
799
797.594
797.594
797.594
797.594
797.594
798.257
798.257
798.257
798.257
798.257
798.998
798.998
798.998
798.998
798.998
798.88
798.88
798.88
798.88
798.88
798.613
798.613
798.613
798.613
798.613
798.984
798.984
798.984
798.984
798.984
798.905
798.905
798.905
798.905
798.905
797.923
797.923
797.923
797.923
797.923
798.843
798.843
798.843
798.843
798.843
798.192
798.192
798.192
798.192
798.192
798.171
798.171
798.171
798.171
798.171
798.726
798.726
798.726
798.726
798.726
797.894
797.894
797.894
797.894
797.894
798.729
798.729
798.729
798.729
798.729
798.998
798.998
798.998
798.998
798.998
798.957
798.957
798.957
798.957
798.957
797.922
797.922
797.922
797.922
797.922
798.93
798.93
798.93
798.93
798.93
798.432
798.432
798.432
798.432
798.432
796.374
796.374
796.374
796.374
796.374
798.732
798.732
798.732
798.732
798.732
798.581
798.581
798.581
798.581
798.581
797.847
797.847
797.847
797.847
797.847
798.995
798.995
798.995
798.995
798.995
798.964
798.964
798.964
798.964
798.964
798.896
798.896
798.896
798.896
798.896
799
799
799
799
799
798.871
798.871
798.871
798.871
798.871
797.93
797.93
797.93
797.93
797.93
798.916
798.916
798.916
798.916
798.916
798.219
798.219
798.219
798.219
798.219
798.341
798.341
798.341
798.341
798.341
798.999
798.999
798.999
798.999
798.999
798.728
798.728
798.728
798.728
798.728
798.77
798.77
798.77
798.77
798.77
798.998
798.998
798.998
798.998
798.998
798.68
798.68
798.68
798.68
798.68
798.676
798.676
798.676
798.676
798.676
798.93
798.93
798.93
798.93
798.93
798.585
798.585
798.585
798.585
798.585
797.756
797.756
797.756
797.756
797.756
798.746
798.746
798.746
798.746
798.746
798.356
798.356
798.356
798.356
798.356
797.82
797.82
797.82
797.82
797.82
799
799
799
799
799
797.593
797.593
797.593
797.593
797.593
796.779
796.779
796.779
796.779
796.779
799
799
799
799
799
798.465
798.465
798.465
798.465
798.465
798.401
798.401
798.401
798.401
798.401
798.988
798.988
798.988
798.988
798.988
798.61
798.61
798.61
798.61
798.61
798.378
798.378
798.378
798.378
798.378
798.98
798.98
798.98
798.98
798.98
798.605
798.605
798.605
798.605
798.605
798.066
798.066
798.066
798.066
798.066
798.998
798.998
798.998
798.998
798.998
798.974
798.974
798.974
798.974
798.974
798.339
798.339
798.339
798.339
798.339
799
799
799
799
799
798.248
798.248
798.248
798.248
798.248
798.199
798.199
798.199
798.199
798.199
798.984
798.984
798.984
798.984
798.984
798.868
798.868
798.868
798.868
798.868
798.198
798.198
798.198
798.198
798.198
798.934
798.934
798.934
798.934
798.934
798.678
798.678
798.678
798.678
798.678
798.687
798.687
798.687
798.687
798.687
798.984
798.984
798.984
798.984
798.984
798.383
798.383
798.383
798.383
798.383
798.258
798.258
798.258
798.258
798.258
798.969
798.969
798.969
798.969
798.969
798.844
798.844
798.844
798.844
798.844
798.439
798.439
798.439
798.439
798.439
798.998
798.998
798.998
798.998
798.998
798.433
798.433
798.433
798.433
798.433
798.906
798.906
798.906
798.906
798.906
798.734
798.734
798.734
798.734
798.734
798.34
798.34
798.34
798.34
798.34
797.856
797.856
797.856
797.856
797.856
798.984
798.984
798.984
798.984
798.984
798.976
798.976
798.976
798.976
798.976
798.327
798.327
798.327
798.327
798.327
799
799
799
799
799
798.998
798.998
798.998
798.998
798.998
798.998
798.998
798.998
798.998
798.998
798.992
798.992
798.992
798.992
798.992
798.953
798.953
798.953
798.953
798.953
798.711
798.711
798.711
798.711
798.711
799
799
799
799
799
798.984
798.984
798.984
798.984
798.984
798.577
798.577
798.577
798.577
798.577
799
799
799
799
799
799
799
799
799
799
798.749
798.749
798.749
798.749
798.749
799
799
799
799
799
798.748
798.748
798.748
798.748
798.748
798.248
798.248
798.248
798.248
798.248
799
799
799
799
799
798.976
798.976
798.976
798.976
798.976
798.935
798.935
798.935
798.935
798.935
798.5
798.5
798.5
798.5
798.5
798.495
798.495
798.495
798.495
798.495
797.522
797.522
797.522
797.522
797.522
799
799
799
799
799
798.999
798.999
798.999
798.999
798.999
798.041
798.041
798.041
798.041
798.041
799
799
799
799
799
798.979
798.979
798.979
798.979
798.979
798.724
798.724
798.724
798.724
798.724
799
799
799
799
799
799
799
799
799
799
798.374
798.374
798.374
798.374
798.374
799
799
799
799
799
798.937
798.937
798.937
798.937
798.937
798.8
798.8
798.8
798.8
798.8
798.5
798.5
798.5
798.5
798.5
797.843
797.843
797.843
797.843
797.843
797.873
797.873
797.873
797.873
797.873
798.992
798.992
798.992
798.992
798.992
798.863
798.863
798.863
798.863
798.863
798.364
798.364
798.364
798.364
798.364
799
799
799
799
799
798.999
798.999
798.999
798.999
798.999
798.365
798.365
798.365
798.365
798.365
798.996
798.996
798.996
798.996
798.996
798.992
798.992
798.992
798.992
798.992
798.97
798.97
798.97
798.97
798.97
798.875
798.875
798.875
798.875
798.875
798.305
798.305
798.305
798.305
798.305
798.262
798.262
798.262
798.262
798.262
799
799
799
799
799
798.873
798.873
798.873
798.873
798.873
798.061
798.061
798.061
798.061
798.061
799
799
799
799
799
797.875
797.875
797.875
797.875
797.875
798.438
798.438
798.438
798.438
798.438
799
799
799
799
799
799
799
799
799
799
798.31
798.31
798.31
798.31
798.31
798.984
798.984
798.984
798.984
798.984
798.968
798.968
798.968
798.968
798.968
798.968
798.968
798.968
798.968
798.968
798.938
798.938
798.938
798.938
798.938
798.875
798.875
798.875
798.875
798.875
798.545
798.545
798.545
798.545
798.545
798.938
798.938
798.938
798.938
798.938
798.714
798.714
798.714
798.714
798.714
798.714
798.714
798.714
798.714
798.714
798.875
798.875
798.875
798.875
798.875
798.871
798.871
798.871
798.871
798.871
798.746
798.746
798.746
798.746
798.746
799
799
799
799
799
798.5
798.5
798.5
798.5
798.5
798.119
798.119
798.119
798.119
798.119
799
799
799
799
799
799
799
799
799
799
798.367
798.367
798.367
798.367
798.367
799
799
799
799
799
799
799
799
799
799
798.482
798.482
798.482
798.482
798.482
799
799
799
799
799
799
799
799
799
799
798.482
798.482
798.482
798.482
798.482
798.742
798.742
798.742
798.742
798.742
798.492
798.492
798.492
798.492
798.492
798.739
798.739
798.739
798.739
798.739
799
799
799
799
799
798.996
798.996
798.996
798.996
798.996
798.998
798.998
798.998
798.998
798.998
799
799
799
799
799
798.75
798.75
798.75
798.75
798.75
798.719
798.719
798.719
798.719
798.719
799
799
799
799
799
798.741
798.741
798.741
798.741
798.741
798.37
798.37
798.37
798.37
798.37
799
799
799
799
799
799
799
799
799
799
798.988
798.988
798.988
798.988
798.988
798.969
798.969
798.969
798.969
798.969
798.875
798.875
798.875
798.875
798.875
798.957
798.957
798.957
798.957
798.957
798.999
798.999
798.999
798.999
798.999
798.875
798.875
798.875
798.875
798.875
798.812
798.812
798.812
798.812
798.812
799
799
799
799
799
799
799
799
799
799
798.982
798.982
798.982
798.982
798.982
799
799
799
799
799
798.75
798.75
798.75
798.75
798.75
798.719
798.719
798.719
798.719
798.719
798.998
798.998
798.998
798.998
798.998
798.994
798.994
798.994
798.994
798.994
798.868
798.868
798.868
798.868
798.868
799
799
799
799
799
798.75
798.75
798.75
798.75
798.75
798.718
798.718
798.718
798.718
798.718
799
799
799
799
799
798.375
798.375
798.375
798.375
798.375
798.373
798.373
798.373
798.373
798.373
798.996
798.996
798.996
798.996
798.996
798.998
798.998
798.998
798.998
798.998
798.991
798.991
798.991
798.991
798.991
799
799
799
799
799
798.982
798.982
798.982
798.982
798.982
798.991
798.991
798.991
798.991
798.991
798.999
798.999
798.999
798.999
798.999
798.999
798.999
798.999
798.999
798.999
798.995
798.995
798.995
798.995
798.995
799
799
799
799
799
799
799
799
799
799
799
799
799
799
799
799
799
799
799
799
799
799
799
799
799
798.5
798.5
798.5
798.5
798.5
799
799
799
799
799
799
799
799
799
799
798.241
798.241
798.241
798.241
798.241
798.992
798.992
798.992
798.992
798.992
798.742
798.742
798.742
798.742
798.742
798.484
798.484
798.484
798.484
798.484
799
799
799
799
799
799
799
799
799
799
798.991
798.991
798.991
798.991
798.991
799
799
799
799
799
798.984
798.984
798.984
798.984
798.984
798.951
798.951
798.951
798.951
798.951
799
799
799
799
799
799
799
799
799
799
799
799
799
799
799
799
799
799
799
799
799
799
799
799
799
799
799
799
799
799
798.938
798.938
798.938
798.938
798.938
798.937
798.937
798.937
798.937
798.937
798.935
798.935
798.935
798.935
798.935
799
799
799
799
799
799
799
799
799
799
798.969
798.969
798.969
798.969
798.969
799
799
799
799
799
799
799
799
799
799
798.625
798.625
798.625
798.625
798.625
799
799
799
799
799
799
799
799
799
799
798.969
798.969
798.969
798.969
798.969
799
799
799
799
799
799
799
799
799
799
799
799
799
799
799
799
799
799
799
799
799
799
799
799
799
798.938
798.938
798.938
798.938
798.938
799
799
799
799
799
799
799
799
799
799
798.937
798.937
798.937
798.937
798.937
799
799
799
799
799
799
799
799
799
799
798.969
798.969
798.969
798.969
798.969
799
799
799
799
799
799
799
799
799
799
799
799
799
799
799
798.875
798.875
798.875
798.875
798.875
798.938
798.938
798.938
798.938
798.938
798.687
798.687
798.687
798.687
798.687
799
799
799
799
799
799
799
799
799
799
799
799
799
799
799
799
799
799
799
799
798.984
798.984
798.984
798.984
798.984
798.953
798.953
798.953
798.953
798.953
799
799
799
799
799
799
799
799
799
799
798.375
798.375
798.375
798.375
798.375
799
799
799
799
799
799
799
799
799
799
798.687
798.687
798.687
798.687
798.687
799
799
799
799
799
798.813
798.813
798.813
798.813
798.813
798.875
798.875
798.875
798.875
798.875
799
799
799
799
799
799
799
799
799
799
798.748
798.748
798.748
798.748
798.748
799
799
799
799
799
799
799
799
799
799
798.5
798.5
798.5
798.5
798.5
799
799
799
799
799
798.75
798.75
798.75
798.75
798.75
799
799
799
799
799
799
799
799
799
799
799
799
799
799
799
799
799
799
799
799
799
799
799
799
799
799
799
799
799
799
798.965
798.965
798.965
798.965
798.965
799
799
799
799
799
799
799
799
799
799
798.998
798.998
798.998
798.998
798.998
799
799
799
799
799
799
799
799
799
799
799
799
799
799
799
799
799
799
799
799
798.75
798.75
798.75
798.75
798.75
798.748
798.748
798.748
798.748
798.748
799
799
799
799
799
798.977
798.977
798.977
798.977
798.977
798.906
798.906
798.906
798.906
798.906
799
799
799
799
799
799
799
799
799
799
799
799
799
799
799
798.984
798.984
798.984
798.984
798.984
798.984
798.984
798.984
798.984
798.984
798.866
798.866
798.866
798.866
798.866
799
799
799
799
799
799
799
799
799
799
799
799
799
799
799
799
799
799
799
799
799
799
799
799
799
798.998
798.998
798.998
798.998
798.998
799
799
799
799
799
798.996
798.996
798.996
798.996
798.996
798.98
798.98
798.98
798.98
798.98
799
799
799
799
799
799
799
799
799
799
799
799
799
799
799
799
799
799
799
799
799
799
799
799
799
799
799
799
799
799
799
799
799
799
799
799
799
799
799
799
799
799
799
799
799
799
799
799
799
799
799
799
799
799
799
798.75
798.75
798.75
798.75
798.75
799
799
799
799
799
798.999
798.999
798.999
798.999
798.999
798.999
798.999
798.999
798.999
798.999
799
799
799
799
799
799
799
799
799
799
798.75
798.75
798.75
798.75
798.75
799
799
799
799
799
799
799
799
799
799
799
799
799
799
799
799
799
799
799
799
799
799
799
799
799
799
799
799
799
799
799
799
799
799
799
799
799
799
799
799
798.984
798.984
798.984
798.984
798.984
799
799
799
799
799
798.996
798.996
798.996
798.996
798.996
799
799
799
799
799
799
799
799
799
799
799
799
799
799
799
799
799
799
799
799
799
799
799
799
799
799
799
799
799
799
799
799
799
799
799
799
799
799
799
799
799
799
799
799
799
799
799
799
799
799
799
799
799
799
799
799
799
799
799
799
799
799
799
799
799
799
799
799
799
799
799
799
799
799
799
798.999
798.999
798.999
798.999
798.999
799
799
799
799
799
799
799
799
799
799
799
799
799
799
799
799
799
799
799
799
799
799
799
799
799
798.875
798.875
798.875
798.875
798.875
799
799
799
799
799
799
799
799
799
799
799
799
799
799
799
799
799
799
799
799
799
799
799
799
799
799
799
799
799
799
799
799
799
799
799
799
799
799
799
799
799
799
799
799
799
799
799
799
799
799
799
799
799
799
799
799
799
799
799
799
799
799
799
799
799
799
799
799
799
799
798.484
798.484
798.484
798.484
798.484
799
799
799
799
799
799
799
799
799
799
798.999
798.999
798.999
798.999
798.999
799
799
799
799
799
798.75
798.75
798.75
798.75
798.75
798.75
798.75
798.75
798.75
798.75
799
799
799
799
799
799
799
799
799
799
799
799
799
799
799
798.75
798.75
798.75
798.75
798.75
798.75
798.75
798.75
798.75
798.75
798.75
798.75
798.75
798.75
798.75
799
799
799
799
799
799
799
799
799
799
799
799
799
799
799
799
799
799
799
799
798.984
798.984
798.984
798.984
798.984
798.969
798.969
798.969
798.969
798.969
799
799
799
799
799
799
799
799
799
799
798.998
798.998
798.998
798.998
798.998
799
799
799
799
799
799
799
799
799
799
798.992
798.992
798.992
798.992
798.992
799
799
799
799
799
799
799
799
799
799
799
799
799
799
799
799
799
799
799
799
799
799
799
799
799
798.938
798.938
798.938
798.938
798.938
799
799
799
799
799
799
799
799
799
799
798.75
798.75
798.75
798.75
798.75
799
799
799
799
799
799
799
799
799
799
799
799
799
799
799
799
799
799
799
799
799
799
799
799
799
799
799
799
799
799
799
799
799
799
799
799
799
799
799
799
799
799
799
799
799
799
799
799
799
799
799
799
799
799
799
799
799
799
799
799
799
799
799
799
799
799
799
799
799
799
798.938
798.938
798.938
798.938
798.938
799
799
799
799
799
799
799
799
799
799
799
799
799
799
799
799
799
799
799
799
798.984
798.984
798.984
798.984
798.984
798.922
798.922
798.922
798.922
798.922
799
799
799
799
799
799
799
799
799
799
799
799
799
799
799
799
799
799
799
799
799
799
799
799
799
799
799
799
799
799
799
799
799
799
799
799
799
799
799
799
799
799
799
799
799
799
799
799
799
799
799
799
799
799
799
799
799
799
799
799
799
799
799
799
799
799
799
799
799
799
799
799
799
799
799
799
799
799
799
799
799
799
799
799
799
799
799
799
799
799
799
799
799
799
799
799
799
799
799
799
799
799
799
799
799
799
799
799
799
799
799
799
799
799
799
799
799
799
799
799
799
799
799
799
799
799
799
799
799
799
799
799
799
799
799
799
799
799
799
799
799
799
799
799
799
799
799
799
799
799
799
799
799
799
799
799
799
799
799
799
799
799
799
799
799
799
799
799
799
799
798.998
798.998
798.998
798.998
798.998
798.992
798.992
798.992
798.992
798.992
799
799
799
799
799
799
799
799
799
799
799
799
799
799
799
799
799
799
799
799
799
799
799
799
799
799
799
799
799
799
799
799
799
799
799
799
799
799
799
799
799
799
799
799
799
799
799
799
799
799
799
799
799
799
799
799
799
799
799
799
799
799
799
799
799
799
799
799
799
799
799
799
799
799
799
799
799
799
799
799
799
799
799
799
799
799
799
799
799
799
799
799
799
799
799
799
799
799
799
799
799
799
799
799
799
799
799
799
799
799
799
799
799
799
799
799
799
799
799
799
799
799
799
799
799
799
799
799
799
799
799
799
799
799
799
799
799
799
799
799
799
799
799
799
799
799
799
799
799
799
799
799
799
799
799
799
799
799
799
799
799
799
799
799
799
799
799
799
799
799
799
799
799
799
799
799
799
799
799
799
799
799
799
799
799
799
799
799
799
799
799
799
799
799
799
799
799
799
799
799
799
799
799
799
799
799
799
799
799
799
799
799
799
799
799
799
799
799
799
799
799
799
799
799
799
799
799
799
799
799
799
799
799
799
799
799
799
799
799
799
799
799
799
799
799
799
799
799
799
799
799
799
799
799
799
799
799
799
799
799
799
799
799
799
799
799
799
799
799
799
799
799
799
799
799
799
799
799
799
799
799
799
799
799
799
799
799
799
799
799
799
799
799
799
799
799
799
799
799
799
799
799
799
799
799
798.992
798.992
798.992
798.992
798.992
798.992
798.992
798.992
798.992
798.992
799
799
799
799
799
799
799
799
799
799
798.938
798.938
798.938
798.938
798.938
799
799
799
799
799
799
799
799
799
799
799
799
799
799
799
799
799
799
799
799
799
799
799
799
799
799
799
799
799
799
799
799
799
799
799
799
799
799
799
799
799
799
799
799
799
799
799
799
799
799
799
799
799
799
799
799
799
799
799
799
799
799
799
799
799
799
799
799
799
799
799
799
799
799
799
799
799
799
799
799
799
799
799
799
799
798.938
798.938
798.938
798.938
798.938
799
799
799
799
799
799
799
799
799
799
799
799
799
799
799
799
799
799
799
799
799
799
799
799
799
799
799
799
799
799
799
799
799
799
799
799
799
799
799
799
799
799
799
799
799
799
799
799
799
799
799
799
799
799
799
799
799
799
799
799
799
799
799
799
799
799
799
799
799
799
799
799
799
799
799
799
799
799
799
799
799
799
799
799
799
799
799
799
799
799
799
799
799
799
799
799
799
799
799
799
799
799
799
799
799
799
799
799
799
799
799
799
799
799
799
799
799
799
799
799
799
799
799
799
799
799
799
799
799
799
799
799
799
799
799
799
799
799
799
799
799
799
799
799
799
799
799
799
799
799
799
799
799
799
799
799
799
799
799
799
799
799
799
799
799
799
799
799
799
799
799
799
799
799
799
799
799
799
799
799
799
799
799
799
799
799
799
799
799
799
799
799
799
799
799
799
799
799
799
799
799
799
799
799
799
799
799
799
799
799
799
799
799
799
799
799
799
799
799
799
799
799
799
799
799
799
799
799
799
799
799
799
799
799
799
799
799
799
799
799
799
799
799
799
799
799
799
799
799
799
799
799
799
799
799
799
799
799
799
799
799
799
799
799
799
799
799
799
799
799
799
799
799
799
799
799
799
799
799
799
799
799
799
799
799
799
799
799
799
799
799
799
799
799
799
798.938
798.938
798.938
798.938
798.938
799
799
799
799
799
799
799
799
799
799
798.938
798.938
798.938
798.938
798.938
799
799
799
799
799
799
799
799
799
799
799
799
799
799
799
799
799
799
799
799
799
799
799
799
799
799
799
799
799
799
799
799
799
799
799
799
799
799
799
799
799
799
799
799
799
799
799
799
799
799
799
799
799
799
799
799
799
799
799
799
799
799
799
799
799
799
799
799
799
799
799
799
799
799
799
799
799
799
799
799
799
799
799
799
799
799
799
799
799
799
799
799
799
799
799
799
799
799
799
799
799
799
799
799
799
799
799
799
799
799
799
799
799
799
799
799
799
799
799
799
799
799
799
799
799
799
799
799
799
799
799
799
799
799
799
799
799
799
799
799
799
799
799
799
799
799
799
799
799
799
799
799
799
799
799
799
799
799
799
799
799
799
799
799
799
799
799
799
799
799
799
799
799
799
799
799
799
799
799
799
799
799
799
799
799
799
799
799
799
799
799
799
799
799
799
799
799
799
799
799
799
799
799
799
799
799
799
799
799
799
799
799
799
799
799
799
799
799
799
799
799
799
799
799
799
799
799
799
799
799
799
799
799
799
799
798.992
798.992
798.992
798.992
798.992
799
799
799
799
799
799
799
799
799
799
799
799
799
799
799
799
799
799
799
799
799
799
799
799
799
799
799
799
799
799
799
799
799
799
799
799
799
799
799
799
799
799
799
799
799
799
799
799
799
799
799
799
799
799
799
799
799
799
799
799
799
799
799
799
799
799
799
799
799
799
799
799
799
799
799
799
799
799
799
799
799
799
799
799
799
799
799
799
799
799
799
799
799
799
799
799
799
799
799
799
799
799
799
799
799
799
799
799
799
799
799
799
799
799
799
799
799
799
799
799
799
799
799
799
799
799
799
799
799
799
799
799
799
799
799
799
799
799
799
799
799
799
799
799
799
799
799
799
799
799
799
799
799
799
799
799
799
799
799
799
799
799
799
799
799
799
799
799
799
799
799
799
799
799
799
799
799
799
799
799
799
799
799
799
799
799
799
799
799
799
799
799
799
799
799
799
799
799
799
799
799
799
799
799
799
799
799
799
799
799
799
799
799
799
799
799
799
799
799
799
799
799
799
799
799
799
799
799
799
799
799
799
799
799
799
799
799
799
799
799
799
799
799
799
799
798.5
798.5
798.5
798.5
798.5
798.5
798.5
798.5
798.5
798.5
799
799
799
799
799
799
799
799
799
799
799
799
799
799
799
799
799
799
799
799
799
799
799
799
799
799
799
799
799
799
799
799
799
799
799
799
799
799
799
799
799
799
799
799
799
799
799
799
799
799
799
799
799
799
799
799
799
799
799
799
799
799
799
799
799
799
799
799
799
799
799
799
799
799
799
799
799
799
799
799
799
799
799
799
799
799
799
799
799
799
799
799
799
799
799
799
799
799
799
799
799
799
799
799
799
799
799
799
799
799
799
799
799
799
799
799
799
799
799
799
799
799
799
799
799
799
799
799
799
799
799
799
799
799
799
799
799
799
799
799
799
799
799
799
799
799
799
799
799
799
799
799
799
799
799
799
799
799
799
799
799
799
799
799
799
799
799
799
799
799
799
799
799
799
799
799
799
799
799
799
799
799
799
799
799
799
799
799
799
799
799
799
799
799
799
799
799
799
799
799
799
799
799
799
799
799
799
799
799
799
799
799
799
799
799
799
799
799
799
799
799
799
799
799
799
799
799
799
799
799
799
799
799
799
799
799
799
799
799
799
799
799
799
799
799
799
799
799
799
799
799
799
799
799
799
799
799
799
799
799
799
799
799
799
799
799
799
799
799
799
799
799
799
799
799
799
799
799
799
799
799
799
799
799
799
799
799
799
799
799
799
799
799
799
799
799
799
799
799
799
799
799
799
799
799
799
799
799
799
799
799
799
799
799
799
799
799
799
799
799
799
799
799
799
799
799
799
799
799
799
799
799
799
799
799
799
799
799
799
799
799
799
799
799
799
799
799
799
799
799
799
799
799
799
799
799
799
799
799
799
799
799
799
799
799
799
799
799
799
799
799
799
799
799
799
799
799
799
799
799
799
799
799
799
799
799
799
799
799
799
799
799
799
799
799
799
799
799
799
799
799
799
799
799
799
799
799
799
799
799
799
799
799
799
799
799
799
799
799
799
799
799
799
799
799
799
799
799
799
799
799
799
799
799
799
799
799
799
799
799
799
799
799
799
799
799
799
799
799
799
799
799
799
799
799
799
799
799
799
799
799
799
799
799
799
799
799
799
799
799
799
799
799
799
799
799
799
799
799
799
799
799
799
799
799
799
799
799
799
799
799
799
799
799
799
799
799
799
799
799
799
799
799
799
799
799
799
799
799
799
799
799
799
799
799
799
799
799
799
799
799
799
799
799
799
799
799
799
799
799
799
799
799
799
799
799
799
799
799
799
799
799
799
799
799
799
799
799
799
799
799
799
799
799
799
799
799
799
799
799
799
799
799
799
799
799
799
799
799
799
799
799
799
799
799
799
799
799
799
799
799
799
799
799
799
799
799
799
799
799
799
799
799
799
799
799
799
799
799
799
799
799
799
799
799
799
799
799
799
799
799
799
799
799
799
0
