0
0
0
0
654.625
654.625
654.625
654.625
654.625
546.856
546.856
546.856
546.856
546.856
669.964
669.964
669.964
669.964
669.964
514.092
514.092
514.092
514.092
514.092
559.75
559.75
559.75
559.75
559.75
180.053
180.053
180.053
180.053
180.053
445.703
445.703
445.703
445.703
445.703
691.594
691.594
691.594
691.594
691.594
543.185
543.185
543.185
543.185
543.185
507.586
507.586
507.586
507.586
507.586
522.238
522.238
522.238
522.238
522.238
571.686
571.686
571.686
571.686
571.686
531.186
531.186
531.186
531.186
531.186
146.599
146.599
146.599
146.599
146.599
645.329
645.329
645.329
645.329
645.329
443.5
443.5
443.5
443.5
443.5
581.797
581.797
581.797
581.797
581.797
522.551
522.551
522.551
522.551
522.551
578.509
578.509
578.509
578.509
578.509
576.133
576.133
576.133
576.133
576.133
711.299
711.299
711.299
711.299
711.299
321.904
321.904
321.904
321.904
321.904
320.875
320.875
320.875
320.875
320.875
487.281
487.281
487.281
487.281
487.281
557.781
557.781
557.781
557.781
557.781
677.5
677.5
677.5
677.5
677.5
552.398
552.398
552.398
552.398
552.398
740.39
740.39
740.39
740.39
740.39
439.736
439.736
439.736
439.736
439.736
297.817
297.817
297.817
297.817
297.817
223.734
223.734
223.734
223.734
223.734
612.419
612.419
612.419
612.419
612.419
579.309
579.309
579.309
579.309
579.309
379.616
379.616
379.616
379.616
379.616
471.561
471.561
471.561
471.561
471.561
608.195
608.195
608.195
608.195
608.195
510.313
510.313
510.313
510.313
510.313
487.5
487.5
487.5
487.5
487.5
500.749
500.749
500.749
500.749
500.749
572.637
572.637
572.637
572.637
572.637
609.071
609.071
609.071
609.071
609.071
448.5
448.5
448.5
448.5
448.5
646.904
646.904
646.904
646.904
646.904
571.866
571.866
571.866
571.866
571.866
254.766
254.766
254.766
254.766
254.766
544.042
544.042
544.042
544.042
544.042
466.185
466.185
466.185
466.185
466.185
773.843
773.843
773.843
773.843
773.843
747.332
747.332
747.332
747.332
747.332
288.682
288.682
288.682
288.682
288.682
447.794
447.794
447.794
447.794
447.794
452.688
452.688
452.688
452.688
452.688
570.367
570.367
570.367
570.367
570.367
720
720
720
720
720
434.246
434.246
434.246
434.246
434.246
546.188
546.188
546.188
546.188
546.188
467.5
467.5
467.5
467.5
467.5
566.223
566.223
566.223
566.223
566.223
695.807
695.807
695.807
695.807
695.807
765.947
765.947
765.947
765.947
765.947
775.148
775.148
775.148
775.148
775.148
638.809
638.809
638.809
638.809
638.809
536.905
536.905
536.905
536.905
536.905
485.746
485.746
485.746
485.746
485.746
614
614
614
614
614
688.367
688.367
688.367
688.367
688.367
423.415
423.415
423.415
423.415
423.415
604.644
604.644
604.644
604.644
604.644
412.606
412.606
412.606
412.606
412.606
429.5
429.5
429.5
429.5
429.5
696.547
696.547
696.547
696.547
696.547
685.711
685.711
685.711
685.711
685.711
303.237
303.237
303.237
303.237
303.237
672.438
672.438
672.438
672.438
672.438
509.266
509.266
509.266
509.266
509.266
585.791
585.791
585.791
585.791
585.791
538.631
538.631
538.631
538.631
538.631
555.133
555.133
555.133
555.133
555.133
642.906
642.906
642.906
642.906
642.906
486.917
486.917
486.917
486.917
486.917
365.438
365.438
365.438
365.438
365.438
640.667
640.667
640.667
640.667
640.667
726.993
726.993
726.993
726.993
726.993
661.669
661.669
661.669
661.669
661.669
583.109
583.109
583.109
583.109
583.109
360.633
360.633
360.633
360.633
360.633
633.689
633.689
633.689
633.689
633.689
672.656
672.656
672.656
672.656
672.656
415.242
415.242
415.242
415.242
415.242
593.535
593.535
593.535
593.535
593.535
677.061
677.061
677.061
677.061
677.061
620.125
620.125
620.125
620.125
620.125
649.844
649.844
649.844
649.844
649.844
479.597
479.597
479.597
479.597
479.597
541.744
541.744
541.744
541.744
541.744
667.393
667.393
667.393
667.393
667.393
742.063
742.063
742.063
742.063
742.063
620.472
620.472
620.472
620.472
620.472
497.056
497.056
497.056
497.056
497.056
652.375
652.375
652.375
652.375
652.375
630.025
630.025
630.025
630.025
630.025
320.849
320.849
320.849
320.849
320.849
435.203
435.203
435.203
435.203
435.203
533.703
533.703
533.703
533.703
533.703
462.172
462.172
462.172
462.172
462.172
354.75
354.75
354.75
354.75
354.75
714.281
714.281
714.281
714.281
714.281
533.537
533.537
533.537
533.537
533.537
489.531
489.531
489.531
489.531
489.531
675.885
675.885
675.885
675.885
675.885
699.999
699.999
699.999
699.999
699.999
448.25
448.25
448.25
448.25
448.25
539.094
539.094
539.094
539.094
539.094
330.266
330.266
330.266
330.266
330.266
686.361
686.361
686.361
686.361
686.361
394.766
394.766
394.766
394.766
394.766
401.661
401.661
401.661
401.661
401.661
576.652
576.652
576.652
576.652
576.652
323.983
323.983
323.983
323.983
323.983
407.248
407.248
407.248
407.248
407.248
540.564
540.564
540.564
540.564
540.564
559.578
559.578
559.578
559.578
559.578
542.625
542.625
542.625
542.625
542.625
602.563
602.563
602.563
602.563
602.563
594
594
594
594
594
322.773
322.773
322.773
322.773
322.773
520.078
520.078
520.078
520.078
520.078
388.239
388.239
388.239
388.239
388.239
688.758
688.758
688.758
688.758
688.758
735.19
735.19
735.19
735.19
735.19
425.395
425.395
425.395
425.395
425.395
545.025
545.025
545.025
545.025
545.025
584.5
584.5
584.5
584.5
584.5
526.818
526.818
526.818
526.818
611.135
751.512
751.512
751.512
751.512
751.512
381.926
381.926
381.926
381.926
381.926
281.142
281.142
281.142
281.142
281.142
344.36
344.36
344.36
344.36
344.36
433.164
433.164
433.164
433.164
433.164
438.053
438.053
438.053
438.053
438.053
443.254
443.254
443.254
443.254
443.254
304.355
304.355
304.355
304.355
304.355
576.406
576.406
576.406
576.406
576.406
351.531
351.531
351.531
351.531
351.531
568.593
568.593
568.593
568.593
568.593
168.656
168.656
168.656
168.656
168.656
525.369
525.369
525.369
525.369
525.369
374.25
374.25
374.25
374.25
374.25
595.752
595.752
595.752
595.752
595.752
589.557
589.557
589.557
589.557
589.557
455.135
455.135
455.135
455.135
455.135
666.62
666.62
666.62
666.62
666.62
270.811
270.811
270.811
270.811
270.811
332.375
332.375
332.375
332.375
332.375
632.862
632.862
632.862
632.862
632.862
274.811
274.811
274.811
274.811
274.811
526.25
526.25
526.25
526.25
526.25
164.5
164.5
164.5
164.5
164.5
411.518
411.518
411.518
411.518
411.518
619.621
619.621
619.621
619.621
619.621
583.311
583.311
583.311
583.311
583.311
337.776
337.776
337.776
337.776
337.776
397.875
397.875
397.875
397.875
397.875
602.457
602.457
602.457
602.457
602.457
693.295
693.295
693.295
693.295
693.295
470.625
470.625
470.625
470.625
470.625
548.902
548.902
548.902
548.902
548.902
511.217
511.217
511.217
511.217
511.217
528.419
528.419
528.419
528.419
528.419
423.5
423.5
423.5
423.5
423.5
522.5
522.5
522.5
522.5
522.5
471.953
471.953
471.953
471.953
471.953
403.125
403.125
403.125
403.125
403.125
575.531
575.531
575.531
575.531
575.531
705.159
705.159
705.159
705.159
705.159
477.643
477.643
477.643
477.643
477.643
443.969
443.969
443.969
443.969
443.969
303.124
303.124
303.124
303.124
303.124
510.32
510.32
510.32
510.32
510.32
487.689
487.689
487.689
487.689
487.689
585.503
585.503
585.503
585.503
585.503
391.563
391.563
391.563
391.563
391.563
344.482
344.482
344.482
344.482
344.482
476.734
476.734
476.734
476.734
476.734
596.72
596.72
596.72
596.72
596.72
417.398
417.398
417.398
417.398
417.398
249.789
249.789
249.789
249.789
249.789
221.813
221.813
221.813
221.813
221.813
604.359
604.359
604.359
604.359
604.359
686.047
686.047
686.047
686.047
686.047
447.319
447.319
447.319
447.319
447.319
628.512
628.512
628.512
628.512
628.512
486.185
486.185
486.185
486.185
486.185
583.68
583.68
583.68
583.68
583.68
458.755
458.755
458.755
458.755
458.755
552.332
552.332
552.332
552.332
552.332
545.053
545.053
545.053
545.053
545.053
433.063
433.063
433.063
433.063
433.063
591.149
591.149
591.149
591.149
591.149
715.659
715.659
715.659
715.659
715.659
231.056
231.055
231.055
231.055
231.055
518.918
518.918
518.918
518.918
518.918
518.561
518.561
518.561
518.561
518.561
500.186
500.186
500.186
500.186
500.186
444.061
444.061
444.061
444.061
444.061
657.898
657.898
657.898
657.898
657.898
499.141
499.141
499.141
499.141
499.141
582.567
582.567
582.567
582.567
582.567
359
359
359
359
359
746.345
746.345
746.345
746.345
746.345
548.229
548.229
548.229
548.229
548.229
504.156
504.156
504.156
504.156
504.156
614.889
614.889
614.889
614.889
614.889
591.063
591.063
591.063
591.063
591.063
536.934
536.934
536.934
536.934
536.934
580.661
580.661
580.661
580.661
580.661
580.566
580.566
580.566
580.566
580.566
325.703
325.703
325.703
325.703
325.703
507.016
507.016
507.016
507.016
507.016
589.766
589.766
589.766
589.766
589.766
282.921
282.921
282.921
282.921
282.921
707.363
707.363
707.363
707.363
707.363
422.009
422.009
422.009
422.009
422.009
455.195
455.195
455.195
455.195
455.195
523.506
523.506
523.506
523.506
523.506
555.227
555.227
555.227
555.227
555.227
405.391
405.391
405.391
405.391
405.391
610.337
610.337
610.337
610.337
610.337
506.938
506.938
506.938
506.938
506.938
605.391
605.391
605.391
605.391
605.391
606.561
606.561
606.561
606.561
606.561
351.43
351.43
351.43
351.43
351.43
317.359
317.359
317.359
317.359
317.359
444.518
444.518
444.518
444.518
444.518
430.49
430.49
430.49
430.49
430.49
257.936
257.936
257.936
257.936
257.936
528.5
528.5
528.5
528.5
528.5
635.654
635.654
635.654
635.654
635.654
410.688
410.688
410.688
410.688
410.688
283.765
283.765
283.765
283.765
283.765
633
633
633
633
633
596.124
596.124
596.124
596.124
596.124
616.274
616.274
616.274
616.274
616.274
602.063
602.063
602.063
602.063
602.063
667
667
667
667
667
487.68
487.68
487.68
487.68
487.68
609.488
609.488
609.488
609.488
609.488
687.109
687.109
687.109
687.109
687.109
326.942
326.942
326.942
326.942
326.942
650.5
650.5
650.5
650.5
650.5
661.982
661.982
661.982
661.982
661.982
556.625
556.625
556.625
556.625
556.625
445.575
445.575
445.575
445.575
445.575
569.902
569.902
569.902
569.902
569.902
629.506
629.506
629.506
629.506
629.506
473.868
473.868
473.868
473.868
473.868
411.767
411.767
411.767
411.767
411.767
601.823
601.823
601.823
601.823
601.823
501.641
501.641
501.641
501.641
501.641
512.474
512.474
512.474
512.474
512.474
527.383
527.383
527.383
527.383
527.383
704.688
704.688
704.688
704.688
704.688
413.495
413.495
413.495
413.495
413.495
602.625
602.625
602.625
602.625
602.625
413.5
413.5
413.5
413.5
413.5
719.376
719.611
719.611
719.611
719.611
640.5
640.5
640.5
640.5
640.5
619.102
619.102
619.102
619.102
619.102
322.945
322.945
322.945
322.945
322.945
461
461
461
461
461
454.18
454.18
454.18
454.18
454.18
762
762
762
762
762
358.5
358.5
358.5
358.5
358.5
410.686
410.686
410.686
410.686
410.686
429.333
429.333
429.333
429.333
429.333
397.232
397.232
397.232
397.232
427.089
489.174
489.174
489.174
489.174
489.174
437.114
437.114
437.114
437.114
437.114
455.56
455.56
455.56
455.56
455.56
770.217
770.217
770.217
770.217
770.217
676.375
676.375
676.375
676.375
676.375
674.934
679.555
679.555
679.555
679.555
515.298
515.298
515.298
515.298
515.298
494
494
494
494
494
651.912
651.912
651.912
651.912
651.912
642.594
642.594
642.594
642.594
642.594
403.681
403.681
403.681
403.681
403.681
309.484
309.484
309.484
309.484
309.484
578.781
578.781
578.781
578.781
578.781
636.441
636.44
636.44
636.44
636.44
626.04
626.04
626.04
626.04
626.04
420.569
420.569
420.569
420.569
420.569
603.132
603.132
603.132
603.132
603.132
496.501
496.501
496.501
496.501
496.501
640.458
640.458
640.458
640.458
640.458
734.031
734.031
734.031
734.031
734.031
435.148
435.148
435.148
435.148
435.148
648.081
648.081
648.081
648.081
648.081
538.154
538.154
538.154
538.154
538.154
594.031
594.031
594.031
594.031
594.031
537.719
537.719
537.719
537.719
537.719
197.047
197.047
197.047
197.047
197.047
523.094
523.094
523.094
523.094
523.094
558.563
558.563
558.563
558.563
558.563
777.739
777.739
777.739
777.739
777.739
765.952
765.952
765.952
765.952
765.952
765.599
765.599
765.599
765.599
765.599
635.618
635.618
635.618
635.618
635.618
661.37
661.37
661.37
661.37
661.37
608.659
608.651
608.651
608.651
608.651
476.109
476.109
476.109
476.109
476.109
464.183
464.183
464.183
464.183
464.183
699.49
699.49
699.49
699.49
699.49
500.154
500.154
500.154
500.154
500.154
264.188
264.188
264.188
264.188
264.188
638.367
638.367
638.367
638.367
638.367
525.318
525.318
525.318
525.318
525.318
369.668
369.668
369.668
369.668
369.668
664.463
664.463
664.463
664.463
664.463
400.271
400.218
400.218
400.218
400.218
503.645
503.645
503.645
503.645
503.645
335.244
335.244
335.244
335.244
335.244
644.945
644.945
644.945
644.945
644.945
369.092
369.092
369.092
369.092
369.092
551.231
551.231
551.231
551.231
551.231
413.413
413.413
413.413
413.413
413.413
561.044
561.044
561.044
561.044
561.044
588.748
588.748
588.748
588.748
588.748
543.731
543.731
543.731
543.731
543.731
436.258
436.258
436.258
436.258
436.258
503.699
503.699
503.699
503.699
503.699
596.889
596.889
596.889
596.889
596.889
581.92
581.92
581.92
581.92
581.92
282.688
282.688
282.688
282.688
282.688
498.236
498.236
498.236
498.236
498.236
688.031
688.031
688.031
688.031
688.031
543.438
543.438
543.438
543.438
543.438
480.935
480.935
480.935
480.935
480.935
517.938
517.938
517.938
517.938
517.938
494.768
494.768
494.768
494.768
494.768
375.094
375.094
375.094
375.094
375.094
267.894
267.894
267.894
267.894
267.894
459.492
459.492
459.492
459.492
459.492
338.922
338.922
338.922
338.922
338.922
498.293
498.293
498.293
498.293
498.293
385
385
385
385
385
623.91
623.91
623.91
623.91
623.91
579.687
579.687
579.687
579.687
579.687
257.383
257.383
257.383
257.383
257.383
525.709
525.709
525.709
525.709
525.709
443.568
443.568
443.568
443.568
443.568
392.393
392.393
392.393
392.393
392.393
672.55
672.55
672.55
672.55
672.55
561.816
561.816
561.816
561.816
561.816
403.891
403.891
403.891
403.891
403.891
289.859
289.859
289.859
289.859
289.859
224
224
224
224
224
615.97
615.97
615.97
615.97
615.97
619.172
619.172
619.172
619.172
619.172
652
652
652
652
652
692.043
692.043
692.043
692.043
692.043
649.313
649.313
649.313
649.313
649.313
592.781
592.781
592.781
592.781
592.781
490.601
490.601
490.601
490.601
490.601
554.5
554.5
554.5
554.5
554.5
615.125
615.125
615.125
615.125
615.125
670.656
670.656
670.656
670.656
670.656
337.779
337.779
337.779
337.779
337.779
484.883
484.883
484.883
484.883
484.883
574.906
574.906
574.906
574.906
574.906
536.494
536.494
536.494
536.494
536.494
668.109
668.109
668.109
668.109
668.109
727.075
727.075
727.075
727.075
727.075
670.43
670.43
670.43
670.43
670.43
489.313
489.313
489.313
489.313
489.313
609.25
609.25
609.25
609.25
609.25
336.055
336.055
336.055
336.055
336.055
651.715
651.715
651.715
651.715
651.715
419.457
419.457
419.457
419.457
419.457
484.492
484.492
484.492
484.492
484.492
556.319
556.319
556.319
556.319
556.319
254.281
254.281
254.281
254.281
254.281
416.75
416.75
416.75
416.75
416.75
355.625
355.625
355.625
355.625
355.625
603.516
603.516
603.516
603.516
603.516
539.092
539.092
539.092
539.092
539.092
403.719
403.719
403.719
403.719
403.719
622.665
622.665
622.665
622.665
622.665
473.165
473.165
473.165
473.165
473.165
445.695
445.695
445.695
445.695
445.695
631.648
631.648
631.648
631.648
631.648
195.094
195.094
195.094
195.094
320.188
452.956
452.956
452.956
452.956
452.956
571.105
571.105
571.105
571.105
571.105
405.375
405.375
405.375
405.375
405.375
647.146
647.146
647.146
647.146
647.146
611.804
611.804
611.804
611.804
611.804
146.039
146.039
146.039
146.039
146.039
370.25
370.25
370.25
370.25
370.25
567.641
567.641
567.641
567.641
567.641
320.663
320.663
320.663
320.663
320.663
757.103
757.103
757.103
757.103
757.103
446.188
446.188
446.188
446.188
446.188
531.124
531.124
531.124
531.124
531.124
566.555
566.555
566.555
566.555
566.555
542.558
542.558
542.558
542.558
542.558
338.325
338.325
338.325
338.325
338.325
532.717
532.717
532.717
532.717
532.717
541.759
541.759
541.759
541.759
541.759
207.025
207.025
207.025
207.025
207.025
746.728
746.728
746.728
746.728
746.728
556.925
556.925
556.925
556.925
556.925
451.91
451.91
451.91
451.91
451.91
643.531
643.531
643.531
643.531
643.531
609.613
609.613
609.613
609.613
609.613
603.883
603.883
603.883
603.883
603.883
399.69
399.69
399.69
399.69
399.69
439.684
439.684
439.684
439.684
439.684
552.641
552.641
552.641
552.641
552.641
493.121
493.121
493.121
493.121
493.121
535.729
535.729
535.729
535.729
535.729
635.71
635.71
635.71
635.71
635.71
724.148
724.148
724.148
724.148
724.148
557.696
557.696
557.696
557.696
557.696
560.375
560.375
560.375
560.375
560.375
484.827
484.827
484.827
484.827
484.827
336.375
336.375
336.375
336.375
336.375
372.664
372.664
372.664
372.664
372.664
307.861
307.861
307.861
307.861
307.861
559.901
559.901
559.901
559.901
559.901
392.5
392.5
392.5
392.5
392.5
501.844
501.844
501.844
501.844
501.844
591.366
591.366
591.366
591.366
591.366
565.434
565.434
565.434
565.434
565.434
480.5
480.5
480.5
480.5
480.5
488.654
488.654
488.654
488.654
488.654
537.234
537.234
537.234
537.234
537.234
660.793
660.793
660.793
660.793
660.793
634.445
634.445
634.445
634.445
634.445
498.192
498.192
498.192
498.192
498.192
482.168
482.168
482.168
482.168
482.168
717.934
717.934
717.934
717.934
717.934
291.454
291.454
291.454
291.454
291.454
592.016
592.016
592.016
592.016
592.016
420.233
420.233
420.233
420.233
420.233
399.008
399.008
399.008
399.008
399.008
614.083
614.083
614.083
614.083
614.083
401.695
401.695
401.695
401.695
401.695
269.723
269.723
269.723
269.723
269.723
398.123
398.123
398.123
398.123
398.123
515.992
515.992
515.992
515.992
515.992
635.344
635.344
635.344
635.344
635.344
465.5
465.5
465.5
465.5
465.5
403.875
403.875
403.875
403.875
403.875
372.25
372.25
372.25
372.25
372.25
507.625
507.625
507.625
507.625
507.625
619.196
619.196
619.196
619.196
619.196
500.375
500.375
500.375
500.375
500.375
706.222
706.222
706.222
706.222
706.222
487.108
487.108
487.108
487.108
487.108
396.789
396.789
396.789
396.789
396.789
413.161
413.161
413.161
413.161
413.161
687.816
687.816
687.816
687.816
687.816
689.303
689.303
689.303
689.303
689.303
661.621
661.621
661.621
661.621
661.621
580.178
580.178
580.178
580.178
580.178
597.834
597.834
597.834
597.834
597.834
544.246
544.246
544.246
544.246
544.246
558.434
558.434
558.434
558.434
558.434
703.461
703.461
703.461
703.461
703.461
651.609
651.609
651.609
651.609
651.609
662.609
662.609
662.609
662.609
662.609
479.713
479.713
479.713
479.713
479.713
723.394
723.394
723.394
723.394
723.394
702.747
702.747
702.747
702.747
702.747
713.906
713.906
713.906
713.906
713.906
657.25
657.25
657.25
657.25
657.25
317.844
317.844
317.844
317.844
317.844
239
239
239
239
239
424.401
424.401
424.401
424.401
424.401
691.85
691.85
691.85
691.85
691.85
773.313
773.313
773.313
773.313
773.313
515.004
515.004
515.004
515.004
515.004
407.945
407.945
407.945
407.945
407.945
702.073
702.073
702.073
702.073
702.073
690.761
690.761
690.761
690.761
690.761
413.337
413.337
413.337
413.337
413.337
754.77
754.77
754.77
754.77
754.77
568.603
568.603
568.603
568.603
568.603
320.16
320.16
320.16
320.16
320.16
283.091
283.091
283.091
283.091
283.091
434.594
434.594
428.313
428.313
444.625
724.569
724.569
724.569
724.569
724.569
405.074
405.074
405.074
405.074
405.074
469.375
469.375
469.375
469.375
469.375
706.996
706.996
706.996
706.996
706.996
609.986
609.986
609.986
609.986
609.986
356.83
356.83
356.83
356.83
356.83
399
399
399
399
399
290.998
290.998
290.998
290.998
290.998
456.49
456.49
456.49
456.49
456.49
315.405
315.405
315.405
315.405
315.405
453.156
453.156
453.156
453.156
453.156
524.259
524.259
524.259
524.259
524.259
388.02
388.02
388.02
388.02
388.02
492.71
492.71
492.712
492.712
492.712
605.923
605.923
605.923
605.923
605.923
572.23
572.23
572.23
572.23
572.23
165.328
165.328
165.328
165.328
165.328
575.68
575.68
575.68
575.68
575.68
737.688
737.688
737.688
737.688
737.688
605.657
605.657
605.657
605.657
605.657
444.954
444.954
444.954
444.954
444.954
398.5
398.5
398.5
398.5
398.5
574.722
574.722
574.722
574.722
574.722
498.96
498.96
498.96
498.96
498.96
669.785
669.785
669.785
669.785
669.785
659.345
659.345
659.345
659.345
659.345
621.244
621.244
621.244
621.244
621.244
727.564
727.564
727.564
727.564
727.564
454.281
454.281
454.281
454.281
454.281
754.299
754.299
754.299
754.299
754.299
257.306
257.306
257.306
257.306
257.306
423.977
423.977
423.977
423.977
423.977
295.436
295.436
295.436
295.436
295.436
414.625
414.625
414.625
414.625
414.625
607.935
607.935
607.935
607.935
607.935
258.252
258.252
258.252
258.252
258.252
653.938
653.938
653.938
653.938
653.938
290.938
290.938
290.938
290.938
290.938
418.851
418.851
418.851
418.851
418.851
461.354
461.354
461.354
461.354
461.354
456.842
456.842
456.842
456.842
456.842
357.174
357.174
357.167
357.167
357.167
499.977
499.977
499.977
499.977
499.977
684.398
684.398
684.398
684.398
684.398
550.758
550.758
550.758
550.758
550.758
179.923
179.923
179.923
179.923
179.923
548.516
548.516
548.516
548.516
548.516
434.605
434.605
434.605
434.605
434.605
704.182
704.182
704.182
704.182
704.182
373.597
373.597
373.597
373.597
373.597
360.661
360.661
360.661
360.661
360.661
578.254
578.254
578.254
578.254
578.254
613
613
613
613
613
433.331
433.331
433.331
433.331
433.331
250.125
250.125
250.125
250.125
250.125
532.857
532.857
532.857
532.857
532.857
623.329
623.329
623.329
623.329
623.329
697.463
697.463
697.463
697.463
697.463
415.125
415.125
415.125
415.125
415.125
520.921
520.921
520.921
520.921
520.921
642.977
642.977
642.977
642.977
642.977
371.176
371.176
371.176
371.176
371.176
709.951
709.951
709.951
709.951
709.951
523.758
523.758
523.758
523.758
523.758
625.158
625.158
625.158
625.158
625.158
240.945
240.945
240.945
240.945
240.945
450.938
450.938
450.938
450.938
450.938
586.005
586.005
586.005
586.005
586.005
543.434
543.434
543.434
543.434
543.434
443.901
443.901
443.901
443.901
443.901
607.543
607.543
607.543
607.543
607.543
642.528
642.528
642.528
642.528
642.528
446.25
446.25
446.25
446.25
446.25
557.264
557.264
557.264
557.264
557.264
581.371
581.371
581.371
581.371
581.371
724.195
724.195
724.195
724.195
724.195
547
547
547
547
547
496.545
496.545
496.545
496.545
496.545
321.167
321.167
321.167
321.167
321.167
212.965
212.965
212.965
212.965
212.965
545.24
545.24
545.24
545.24
545.24
633.36
633.36
633.36
633.36
633.36
371.634
371.634
371.616
371.616
371.616
636.567
636.567
636.567
636.567
636.567
663.19
663.19
663.19
663.19
663.19
612.071
612.071
612.071
612.071
612.071
373.331
373.331
373.331
373.331
373.331
705.203
705.203
705.203
705.203
705.203
593.891
593.891
593.891
593.891
593.891
614.837
614.837
614.837
614.837
614.837
372.359
372.359
372.359
372.359
372.359
707.078
707.078
707.078
707.078
707.078
622.758
622.758
622.758
622.758
622.758
617.75
617.75
617.75
617.75
617.75
515.25
515.25
515.25
515.25
515.25
483.996
483.996
483.996
483.996
483.996
709.635
709.635
709.635
709.635
709.635
594.065
594.065
594.065
594.065
594.065
457.781
457.781
457.781
457.781
457.781
487.542
487.542
487.542
487.542
487.542
465.505
465.505
465.505
465.505
465.505
599.125
599.125
599.125
599.125
599.125
372.021
372.021
372.021
372.021
372.021
500.641
500.641
500.641
500.641
500.641
611.112
611.112
611.112
611.112
611.112
506.743
506.743
506.743
506.743
506.743
352.501
352.501
352.501
352.501
352.501
532.986
532.986
532.986
532.986
532.986
450.346
450.346
450.346
450.346
450.346
611.188
611.188
611.188
611.188
611.188
195.094
195.094
195.094
195.094
195.094
432.634
432.634
432.634
432.634
432.634
506.547
506.547
506.547
506.547
506.547
655.41
655.41
655.41
655.41
655.41
658.34
658.34
658.34
658.34
658.34
483.756
483.756
483.756
483.756
483.756
680.282
680.282
680.282
680.282
680.282
569.083
569.083
569.083
569.083
569.083
596.422
596.422
596.422
596.422
596.422
479.453
479.453
479.453
479.453
479.453
391.129
391.129
391.129
391.129
391.129
535.422
535.422
535.422
535.422
535.422
518.141
518.141
518.141
518.141
518.141
545.067
545.067
545.067
545.067
545.067
536.636
536.636
536.636
536.636
536.636
634.579
634.579
634.579
634.579
634.579
445.375
445.375
445.375
445.375
445.375
510.867
510.867
510.867
510.867
510.867
741.75
741.75
741.75
741.75
741.75
565.984
565.984
565.984
565.984
565.984
668.688
668.688
668.688
668.688
668.688
396.531
396.531
396.531
396.531
396.531
640.875
640.875
640.875
640.875
640.875
476.906
476.906
476.906
476.906
476.906
289.805
289.805
289.805
289.805
289.805
712.645
712.645
712.645
712.645
712.645
739
739
739
739
739
715.135
715.135
715.135
715.135
715.135
558.938
558.938
558.938
558.938
558.938
661
661
661
661
661
504.307
504.307
504.309
504.309
504.309
532.583
532.583
532.572
532.572
532.572
435.37
435.37
435.37
435.37
435.37
610.118
610.118
610.118
610.118
610.118
595.719
595.719
595.719
595.719
595.719
673.305
673.305
673.305
673.305
673.305
400.813
400.813
400.813
400.813
400.813
661.152
661.152
661.152
661.152
661.152
495
495
495
495
495
643.861
643.861
643.861
643.861
643.861
452.803
452.803
452.803
452.803
452.803
435.751
435.751
435.751
435.751
435.751
349.976
349.976
349.976
349.976
349.976
639.28
639.28
639.28
639.28
639.28
667.827
667.828
667.828
667.828
667.828
310.813
310.813
310.813
310.813
310.813
446.974
446.974
446.974
446.974
446.974
468.016
468.016
468.016
468.016
468.016
413.668
413.668
413.668
413.668
413.668
485
485
485
485
485
552.723
552.723
552.723
552.723
552.723
777.593
777.593
777.593
777.593
777.593
721.32
721.32
721.32
721.32
721.32
712.979
712.979
712.979
712.979
712.979
612.719
612.719
612.719
612.719
612.719
289.651
289.843
289.843
289.843
289.843
415.813
415.813
415.813
415.813
415.813
522.282
522.282
522.282
522.282
522.282
677.951
677.951
677.951
677.951
677.951
548.781
548.781
548.781
548.781
548.781
625.032
625.032
625.032
625.032
625.032
475.343
475.343
475.343
475.343
475.343
465.859
465.859
465.859
465.859
465.859
556.905
556.905
556.905
556.905
556.905
698.719
698.719
698.719
698.719
698.719
241.557
241.557
241.557
241.557
241.557
441.448
441.448
441.448
441.448
441.448
760.764
760.764
760.764
760.764
760.764
332.572
332.572
332.572
332.572
332.572
471.734
471.734
471.734
471.734
471.734
451.75
451.75
451.75
451.75
451.75
607.092
607.092
607.092
607.092
607.092
286.924
286.924
286.924
286.924
286.924
284.875
284.875
284.875
284.875
284.875
658.869
658.869
658.869
658.869
658.869
479.837
479.837
479.837
479.837
479.837
403.46
403.46
403.46
403.46
403.46
611.5
611.5
611.5
611.5
611.5
399.451
399.451
399.451
399.451
399.451
323.234
323.234
323.234
323.234
323.234
434.287
434.287
434.287
434.287
434.287
516.395
516.395
516.395
516.395
516.395
558.25
558.25
558.25
558.25
558.25
687.117
687.117
687.117
687.117
687.117
569.844
569.844
569.844
569.844
569.844
503.909
503.909
503.909
503.909
503.909
523.992
523.992
523.992
523.992
523.992
520.604
520.604
520.604
520.604
520.604
612.375
612.375
612.375
612.375
612.375
726.813
726.813
726.813
726.813
726.813
339
339
339
339
339
561.199
561.199
561.199
561.199
561.199
427.234
427.234
427.234
427.234
427.234
622.313
622.313
622.313
622.313
622.313
662.258
662.258
662.258
662.258
662.258
660.387
660.387
660.387
660.387
660.387
250.766
250.766
250.766
250.766
250.766
569.277
569.277
569.277
569.277
569.277
507.75
507.75
507.75
507.75
507.75
596.8
596.8
596.8
596.8
596.8
659.43
659.43
659.43
659.43
659.43
496.516
496.516
496.516
496.516
496.516
294.072
294.072
294.072
294.072
294.072
463.656
463.656
463.656
463.656
463.656
589.313
589.313
589.313
589.313
589.313
525.889
525.889
525.889
525.889
525.889
425.72
425.72
425.72
425.72
425.72
622.498
622.498
622.498
622.498
622.498
276.217
276.217
276.217
276.217
276.217
286.357
286.357
286.357
286.357
286.357
433.73
433.73
433.73
433.73
433.73
519.392
519.392
519.392
519.392
519.392
595.356
595.356
595.356
595.356
595.356
441.643
441.643
441.643
441.643
441.643
582.875
582.875
582.875
582.875
582.875
521.117
521.117
521.117
521.117
521.117
382.445
382.445
382.445
382.445
382.445
444.17
444.17
444.17
444.17
444.17
600.714
600.714
600.714
600.714
600.714
562.894
562.894
562.894
562.894
562.894
694.058
694.058
694.058
694.058
694.058
345.349
345.349
345.349
345.349
345.349
444.508
444.508
444.508
444.508
444.508
404.386
404.386
404.386
404.386
404.386
329.487
329.487
329.487
329.487
329.487
727.514
727.514
727.514
727.514
727.514
484.438
484.438
484.438
484.438
484.438
479.688
479.688
479.688
479.688
479.688
524.353
524.353
524.353
524.353
524.353
562.646
562.646
562.646
562.646
562.646
561.313
561.313
561.313
561.313
561.313
551
551
551
551
551
490.313
490.313
490.313
490.313
490.313
708.969
708.969
708.969
708.969
708.969
301.087
301.087
301.087
301.087
301.087
359.281
359.281
359.281
359.281
359.281
606.867
606.867
606.867
606.867
606.867
644.484
644.484
644.484
644.484
644.484
444.125
444.125
444.125
444.125
444.125
414.333
414.333
414.333
414.333
414.333
217.12
217.12
217.12
217.12
217.12
691.254
691.254
691.254
691.254
691.254
432.82
432.82
432.82
432.82
432.82
713.703
713.703
713.703
713.703
713.703
335.115
335.115
335.115
335.115
335.115
660.164
660.164
660.164
660.164
660.164
750.891
750.891
750.891
750.891
750.891
652.4
652.4
652.4
652.4
652.4
401.629
401.629
401.629
401.629
401.629
619.307
619.307
619.307
619.307
619.307
247.375
247.375
247.375
247.375
247.375
444.539
444.539
444.539
444.539
444.539
571.18
571.18
571.18
571.18
571.18
467.406
467.406
467.406
467.406
467.406
651.705
651.705
651.705
651.705
651.705
553.559
553.559
553.559
553.559
553.559
416.689
416.689
416.689
416.689
416.689
660.974
660.974
660.974
660.974
660.974
388.156
388.156
388.156
388.156
388.156
521.84
521.84
521.84
521.84
521.84
395.148
395.148
395.148
395.148
395.148
557.375
557.375
557.375
557.375
557.375
545.374
545.374
545.374
545.374
545.374
548.484
548.484
548.484
548.484
548.484
308.987
308.987
308.987
308.987
308.987
628.891
628.891
628.891
628.891
628.891
391.216
391.216
391.216
391.216
391.216
553
553
553
553
553
692.544
692.544
692.544
692.544
692.544
363.217
363.217
363.217
363.217
363.217
454.724
454.724
454.724
454.724
454.724
573.463
573.463
573.463
573.463
573.463
373.445
373.445
373.445
373.445
373.445
484.375
484.375
484.375
484.375
484.375
667.21
667.21
667.21
667.21
667.21
541.933
541.933
541.933
541.933
541.933
516.903
516.903
516.903
516.903
516.903
732.05
732.05
732.05
732.05
732.05
553.479
553.479
553.479
553.479
553.479
641.351
641.351
641.351
641.351
641.351
673.801
673.801
673.801
673.801
673.801
664.615
664.615
664.615
664.615
664.615
467.438
467.438
467.438
467.438
467.438
569.906
569.906
569.906
569.906
569.906
668.719
668.719
668.719
668.719
668.719
537.412
537.412
537.412
537.412
537.412
658.737
658.737
658.737
658.737
658.737
367.453
367.453
367.453
367.453
367.453
796
796
796
796
796
476.992
476.992
476.992
476.992
476.992
347.146
347.146
347.146
347.146
347.146
597
597
597
597
597
594.77
594.77
594.77
594.77
594.77
631.592
631.592
631.592
631.592
631.592
535.125
535.125
535.125
535.125
535.125
731.389
731.389
731.389
731.389
731.389
567.257
567.257
567.257
567.257
567.257
449.076
449.076
449.076
449.076
449.076
487.721
487.721
487.721
487.721
487.721
280.602
280.602
280.602
280.602
280.602
399.5
399.5
399.5
399.5
399.5
359.336
359.336
359.336
359.336
359.336
507.092
507.092
507.092
507.092
507.092
610.047
610.047
610.047
610.047
610.047
456.764
456.764
456.764
456.764
456.764
446.482
446.482
446.482
446.482
446.482
729.477
729.685
729.685
729.685
729.685
355.723
355.723
355.723
355.723
355.723
413.323
413.323
413.323
413.323
413.323
445.75
445.75
445.75
445.75
445.75
519.094
519.094
519.094
519.094
519.094
558.764
558.764
558.764
558.764
558.764
173.625
173.625
173.625
173.625
206.25
439.209
439.209
439.209
439.209
439.209
473.902
473.902
473.902
473.902
473.902
416.516
416.516
416.516
416.516
416.516
636.453
636.453
636.453
636.453
636.453
669.844
669.844
669.844
669.844
669.844
410.219
410.219
410.219
410.219
410.219
610.932
610.932
610.932
610.932
610.932
659.44
659.44
659.44
659.44
659.44
681.406
681.406
681.406
681.406
681.406
591.572
591.572
591.572
591.572
591.572
626.206
626.206
626.206
626.206
626.206
478.125
478.125
478.125
478.125
478.125
611.289
611.289
611.289
611.289
611.289
627.875
627.875
627.875
627.875
627.875
312.346
312.346
312.346
312.346
312.346
436.594
436.594
436.594
436.594
436.594
677.074
677.074
677.074
677.074
677.074
304.384
304.384
304.384
304.384
304.384
248.171
248.171
248.171
248.171
248.171
405.031
405.031
405.031
405.031
405.031
370.809
370.809
370.809
370.809
370.809
484.953
484.953
484.953
484.953
484.953
214.73
214.73
214.73
214.73
214.73
531.5
531.5
531.5
531.5
531.5
570.252
570.252
570.252
570.252
570.252
482.992
482.992
482.992
482.992
482.992
586.927
586.927
586.927
586.927
586.927
383
383
383
383
383
560.688
560.688
560.688
560.688
560.688
261.875
261.875
261.875
261.875
261.875
743.656
743.656
743.656
743.656
743.656
709.837
709.837
709.837
709.837
709.837
342.031
342.031
342.031
342.031
342.031
517.359
517.359
517.359
517.359
517.359
507.105
507.105
507.105
507.105
518.147
621.035
621.035
621.035
621.035
621.035
653.031
653.031
635.188
635.188
635.188
474.234
474.234
474.234
474.234
474.234
520.406
520.406
520.406
520.406
520.406
591.743
591.743
591.743
591.743
591.743
506.156
506.156
506.156
506.156
506.156
577.75
577.75
577.75
577.75
577.75
407.476
407.476
407.476
407.476
407.476
630.422
630.422
630.422
630.422
630.422
641.236
641.236
641.236
641.236
641.236
352.25
352.25
352.25
352.25
352.25
620.483
620.483
620.483
620.483
620.483
161.804
161.804
161.804
161.804
161.804
770.387
770.387
770.387
770.387
770.387
335.82
335.82
335.82
335.82
335.82
275.818
275.818
275.818
275.818
275.818
550.727
550.727
550.727
550.727
550.727
219.5
219.5
219.5
219.5
219.5
352.877
352.877
352.877
352.877
352.877
452.498
452.498
452.498
452.498
452.498
632.295
632.295
632.295
632.295
632.295
671
671
671
671
671
735.629
735.629
735.629
735.629
735.629
404.898
404.898
404.898
404.898
404.898
600.419
600.419
600.419
600.419
600.419
622.608
622.608
622.608
622.608
622.608
492.926
492.926
492.926
492.926
492.926
636.227
636.227
636.227
636.227
636.227
646.899
646.899
646.899
646.899
646.899
458.047
458.047
458.047
458.047
458.047
410.75
410.75
410.75
410.75
410.75
650.156
650.156
650.156
650.156
650.156
467.656
467.656
467.656
467.656
467.656
395.356
395.356
395.356
395.356
395.356
591.271
591.271
591.271
591.271
591.271
572.625
572.625
572.625
572.625
572.625
590.45
590.45
590.45
590.45
590.45
718.127
718.127
718.127
718.127
718.127
382.309
382.309
382.309
382.309
382.309
522.051
522.051
522.051
522.051
522.051
596.24
596.24
596.24
596.24
596.24
295.313
295.313
295.313
295.313
295.313
535.07
535.07
535.07
535.07
535.07
420.48
420.48
420.48
420.48
420.48
463.053
463.053
463.053
463.053
463.053
235.4
235.4
235.4
235.4
235.4
575.188
575.188
575.188
575.188
575.188
575.761
575.761
575.761
575.761
575.761
374.69
374.69
374.69
374.69
374.69
303.453
303.453
303.453
303.453
303.453
631.777
631.777
631.777
631.777
631.777
579.125
579.125
579.125
579.125
579.125
449.75
449.75
449.75
449.75
449.75
449.5
449.5
449.5
449.5
449.5
561.137
561.137
561.137
561.137
561.137
499.038
499.038
499.038
499.038
499.038
607.031
607.031
607.031
607.031
607.031
624.891
624.891
624.891
624.891
624.891
581.555
581.555
581.555
581.555
581.555
598.27
598.27
598.27
598.27
598.27
525.169
525.169
525.169
525.169
525.169
671.138
671.138
671.138
671.138
671.138
277.453
277.453
277.453
277.453
277.453
672.109
672.109
672.109
672.109
672.109
653.816
653.816
653.816
653.816
653.816
660.788
660.788
660.788
660.788
660.788
678.365
678.365
678.365
678.365
678.365
439.688
439.688
439.688
439.688
439.688
469.703
469.703
469.703
469.703
469.703
410.325
410.325
410.325
410.325
410.325
581.155
581.155
581.155
581.155
581.155
132.828
132.828
132.828
132.828
132.828
618.833
618.833
618.833
618.833
618.833
477.189
477.189
477.189
477.189
477.189
248.5
248.5
248.5
248.5
248.5
419.478
419.478
419.478
419.478
419.478
655.647
655.647
655.647
655.647
655.647
546.75
546.75
546.75
546.75
546.75
407.423
407.423
407.423
407.423
407.423
618.355
618.355
618.355
618.355
618.355
616.044
616.044
616.044
616.044
616.044
340.281
340.281
340.281
340.281
340.281
564.656
564.656
564.656
564.656
564.656
565.068
565.068
565.068
565.068
565.068
465.715
465.715
465.715
465.715
465.715
588.331
588.331
588.331
588.331
588.331
447.556
447.556
447.556
447.556
447.556
585.699
585.699
585.699
585.699
585.699
662.739
662.739
662.739
662.739
662.739
365.379
365.379
365.393
365.393
365.393
501.324
501.324
501.324
501.324
501.324
589.5
589.5
589.5
589.5
589.5
727.156
727.156
727.156
727.156
727.156
657.121
657.121
657.121
657.121
657.121
645.541
645.541
645.541
645.541
645.541
553.734
553.734
553.734
553.734
553.734
387.572
387.572
387.572
387.572
387.572
380.188
380.188
380.188
380.188
380.188
466.547
466.547
466.547
466.547
466.547
565
565
565
565
565
248.055
248.055
248.055
248.055
248.055
663.405
663.405
663.405
663.405
663.405
622.013
622.013
622.013
622.013
622.013
562.634
562.634
562.634
562.634
562.634
367.672
367.672
367.672
367.672
367.672
455.466
455.466
455.466
455.466
455.466
489.5
489.5
489.5
489.5
489.5
678.672
678.672
678.672
678.672
678.672
451.634
451.634
451.634
451.634
451.634
532.435
532.435
532.435
532.435
532.435
251
251
251
251
251
442.143
442.143
442.143
442.143
442.143
539.219
539.219
539.219
539.219
539.219
578.067
578.067
578.067
578.067
578.067
530.969
530.969
530.969
530.969
530.969
709
709
709
709
709
584.045
584.045
584.045
584.045
584.045
669.569
669.569
669.569
669.569
669.569
727.677
727.677
727.677
727.677
727.677
477.096
477.096
477.096
477.096
477.096
612.119
612.119
612.119
612.119
612.119
220.948
220.948
220.948
220.948
220.948
645.227
645.227
645.227
645.227
645.227
569.367
569.367
569.367
569.367
569.367
625.125
625.125
625.125
625.125
625.125
518.938
518.938
518.938
518.938
518.938
450.063
450.063
450.063
450.063
450.063
369.199
369.199
369.199
369.199
369.199
704.118
704.118
704.118
704.118
704.118
586.912
586.912
586.912
586.912
586.912
304.695
304.695
304.695
304.695
304.695
661.646
661.646
661.646
661.646
661.646
359.731
359.731
359.731
359.731
359.731
424.518
424.518
424.518
424.518
424.518
510.532
510.532
510.532
510.532
510.532
371.395
371.395
371.395
371.395
371.395
702.35
702.35
702.35
702.35
702.35
580.438
580.438
580.438
580.438
580.438
625.047
625.047
625.047
625.047
625.047
670.255
670.255
670.255
670.255
670.255
381.002
381.002
381.002
381.002
381.002
656.418
656.418
656.418
656.418
656.418
479.696
479.696
479.696
479.696
479.696
224.559
224.559
224.559
224.559
224.559
481.838
481.838
481.838
481.838
481.838
649.344
649.344
649.344
649.344
649.344
608.469
608.469
608.469
608.469
608.469
567.156
567.156
567.156
567.156
567.156
634.5
634.5
634.5
634.5
634.5
677.337
677.337
677.337
677.337
677.337
0
