0
0
0
0
722.593
722.593
722.593
722.593
722.593
604.141
604.141
604.141
604.141
604.141
367.452
367.452
367.452
367.452
367.452
445.693
445.693
445.693
445.693
445.693
630.679
630.679
630.679
630.679
630.679
682.733
682.733
682.733
682.733
682.733
702.842
702.842
702.842
702.842
702.842
545.346
545.346
545.346
545.346
545.346
260.103
260.103
260.103
260.103
260.103
434.387
434.387
434.387
434.387
434.387
437.23
437.23
437.23
437.23
437.23
650.041
650.041
650.041
650.041
650.041
608.168
608.168
608.168
608.168
608.168
419.133
419.133
419.133
419.133
419.133
696.794
696.794
696.794
696.794
696.794
709.069
709.069
709.069
709.069
709.069
612.566
612.566
612.566
612.566
612.566
530.139
530.139
530.139
530.139
530.139
734.515
734.515
734.515
734.515
734.515
575.837
575.837
575.837
575.837
575.837
678.783
678.783
678.783
678.783
678.783
589.251
589.251
589.251
589.251
589.251
573.938
573.938
573.938
573.938
573.938
667.19
667.187
667.187
667.187
667.187
789.309
789.309
789.309
789.309
789.309
770.864
770.864
770.864
770.864
770.864
791.016
791.016
791.016
791.016
791.016
787.463
787.463
787.463
787.463
787.463
733.023
733.023
733.023
733.023
733.023
545.971
545.971
545.971
545.971
545.971
781.448
781.448
781.448
781.448
781.448
786.726
786.726
786.726
786.726
786.726
763.638
763.638
763.638
763.638
763.638
777.564
777.564
777.564
777.564
777.564
782.38
782.38
782.38
782.38
782.38
778.104
778.104
778.104
778.104
778.104
768.287
768.287
768.287
768.287
768.287
740.903
740.903
740.903
740.903
740.903
737.551
737.551
737.551
737.551
737.551
749.893
749.893
749.893
749.893
749.893
714.585
714.585
714.585
714.585
714.585
735.773
735.773
735.773
735.773
735.773
640.469
640.469
640.469
640.469
640.469
773.045
773.045
773.045
773.045
773.045
782.952
782.952
782.952
782.952
782.952
784.782
784.782
784.782
784.782
784.782
766.737
766.737
766.737
766.737
766.737
782.861
782.861
782.861
782.861
782.861
781.759
781.759
781.759
781.759
781.759
790.492
790.492
790.492
790.492
790.492
781.88
781.88
781.88
781.88
781.88
787.847
787.847
787.847
787.847
787.847
795.004
795.004
795.004
795.004
795.004
778.028
778.028
778.028
778.028
778.028
768.636
768.636
768.636
768.636
768.636
790.5
790.5
790.5
790.5
790.5
763.686
763.686
763.686
763.686
763.686
796.996
796.996
796.996
796.996
796.996
793.04
793.04
793.04
793.04
793.04
788.611
788.611
788.611
788.611
788.611
743.235
743.235
743.235
743.235
743.235
773.381
773.381
773.381
773.381
773.381
735.099
735.099
735.099
735.099
735.099
779.258
779.258
779.258
779.258
779.258
739.256
739.256
739.256
739.256
739.256
782.116
782.116
782.116
782.116
782.116
690.907
690.907
690.907
690.907
690.907
634.446
634.446
634.446
634.446
634.446
772
772
772
772
772
774.813
774.813
774.813
774.813
774.813
743.175
743.175
743.175
743.175
743.175
757.33
757.33
757.33
757.33
757.33
609.901
609.901
609.901
609.901
609.901
755.104
755.104
755.104
755.104
755.104
764.942
764.942
764.942
764.942
764.942
650.725
650.725
650.725
650.725
650.725
632.318
632.318
632.318
632.318
632.318
773.765
773.765
773.765
773.765
773.765
730.751
730.751
730.751
730.751
730.751
758.185
758.185
758.185
758.185
758.185
433.977
433.977
433.977
433.977
433.977
356.289
356.289
356.289
356.289
356.289
721.083
721.083
721.083
721.083
721.083
573.355
573.355
573.355
573.355
573.355
789.143
789.143
789.143
789.143
789.143
773.244
773.244
773.244
773.244
773.244
716.009
716.009
716.009
716.009
716.009
692.502
692.502
692.502
692.502
692.502
509.186
509.186
509.186
509.186
509.186
495.251
490.502
490.502
490.502
490.502
476.225
476.225
476.225
476.225
476.225
622.411
622.411
622.411
622.411
622.411
771.931
771.931
771.931
771.931
771.931
781.885
781.885
781.885
781.885
781.885
781.432
781.432
781.432
781.432
781.432
783.268
783.268
783.268
783.268
783.268
795.446
795.446
795.446
795.446
795.446
777.767
777.767
777.767
777.767
777.767
790.396
790.396
790.396
790.396
790.396
793.592
793.592
793.592
793.592
793.592
772.011
772.011
772.011
772.011
772.011
764.514
764.514
764.514
764.514
764.514
779.24
781.73
781.73
781.73
781.73
769.623
769.623
769.623
769.623
769.623
773.842
773.842
773.842
773.842
773.842
792.378
792.378
792.378
792.378
792.378
779.173
779.173
779.173
779.173
779.173
768.456
768.456
768.456
768.456
768.456
773.895
773.895
773.895
773.895
773.895
767.81
767.81
767.81
767.81
767.81
789.357
789.357
789.357
789.357
789.357
777.857
777.857
777.857
777.857
777.857
791.615
791.615
791.615
791.615
791.615
790.369
790.369
790.369
790.369
790.369
775.472
775.472
775.472
775.472
775.472
785.581
785.581
785.581
785.581
785.581
763.332
763.332
763.332
763.332
763.332
774.708
774.708
774.708
774.708
774.708
767.6
767.6
767.6
767.6
767.6
769.473
769.473
769.473
769.473
769.473
783.04
783.04
783.04
783.04
783.04
769.587
769.587
769.587
769.587
769.587
792.189
792.189
792.189
792.189
792.189
794.341
794.341
794.341
794.341
794.341
789.699
789.699
789.699
789.699
789.699
792.505
792.505
792.505
792.505
792.505
783.339
783.339
783.339
783.339
783.339
784.152
784.152
784.152
784.152
784.152
793.324
793.324
793.324
793.324
793.324
790.548
790.548
790.548
790.548
790.548
774.318
774.318
774.318
774.318
774.318
789.444
789.444
789.444
789.444
789.444
768.611
768.611
768.611
768.611
768.611
757.697
757.697
757.697
757.697
757.697
773.847
773.847
773.847
773.847
773.847
779.6
779.6
779.6
779.6
779.6
768.813
768.813
768.813
768.813
768.813
764.698
764.698
764.698
764.698
764.698
774.627
774.627
774.627
774.627
774.627
760.806
760.806
760.806
760.806
760.806
779.741
779.741
779.741
779.741
779.741
777.818
777.818
777.818
777.818
777.818
771.185
771.185
771.185
771.185
771.185
789.82
789.82
789.82
789.82
789.82
778.785
778.785
778.785
778.785
778.785
761.893
761.893
761.893
761.893
761.893
761.985
761.985
761.985
761.985
761.985
772.239
772.239
772.239
772.239
772.239
761.71
761.71
761.71
761.71
761.71
746.339
746.339
746.339
746.339
746.339
741.91
741.91
741.91
741.91
741.91
737.846
737.846
737.846
737.846
737.846
758.477
758.477
758.477
758.477
758.477
767.482
767.482
767.482
767.482
767.482
726.713
726.713
726.713
726.713
726.713
574.167
574.167
574.167
574.167
574.167
759.76
759.76
759.76
759.76
759.76
781.924
781.924
781.924
781.924
781.924
786.146
786.146
786.146
786.146
786.146
792.266
792.266
792.266
792.266
792.266
769.235
769.235
769.235
769.235
769.235
789.638
789.638
789.638
789.638
789.638
789.21
789.21
789.21
789.21
789.21
779.053
779.053
779.053
779.053
779.053
783.54
783.54
783.54
783.54
783.54
794.031
794.031
794.031
794.031
794.031
784.389
784.389
784.389
784.389
784.389
791.549
791.549
791.549
791.549
791.549
787.01
787.01
787.01
787.01
787.01
778.684
778.684
778.684
778.684
778.684
790.282
790.282
790.282
790.282
790.282
789.234
789.234
789.234
789.234
789.234
789.448
789.448
789.448
789.448
789.448
783.397
783.397
783.397
783.397
783.397
777.482
777.482
777.482
777.482
777.482
796.313
796.313
796.313
796.313
796.313
785.595
785.595
785.595
785.595
785.595
784.876
784.876
784.876
784.876
784.876
773.905
773.905
773.905
773.905
773.905
797.269
797.269
797.269
797.269
797.269
793.69
793.69
793.69
793.69
793.69
788.445
788.445
788.445
788.445
788.445
790.338
790.338
790.338
790.338
790.338
787.547
787.547
787.547
787.547
787.547
774.626
774.626
774.626
774.626
774.626
794.922
794.922
794.922
794.922
794.922
786.727
786.727
786.727
786.727
786.727
784.502
784.502
784.502
784.502
784.502
783.068
783.068
783.068
783.068
783.068
789.886
789.886
789.886
789.886
789.886
789.113
789.113
789.113
789.113
789.113
781.204
781.204
781.204
781.204
781.204
771.527
771.527
771.527
771.527
771.527
777.303
777.303
777.303
777.303
777.303
781.323
781.323
781.323
781.323
781.323
766.184
766.184
766.184
766.184
766.184
783.341
783.341
783.341
783.341
783.341
796.977
796.977
796.977
796.977
796.977
796.526
796.526
796.526
796.526
796.526
792.412
792.412
792.412
792.412
792.412
786.998
786.998
786.998
786.998
786.998
779.128
779.128
779.128
779.128
779.128
770.564
770.564
770.564
770.564
770.564
789.989
789.989
789.989
789.989
789.989
776.66
776.66
776.66
776.66
776.66
775.958
775.958
775.958
775.958
775.958
779.411
779.411
779.411
779.411
779.411
780.337
780.337
780.337
780.337
780.337
779.843
779.843
779.843
779.843
779.843
797.724
797.724
797.724
797.724
797.724
784.248
784.248
784.248
784.248
784.248
794.422
794.422
794.422
794.422
794.422
789.541
789.541
789.541
789.541
789.541
795.718
795.718
795.718
795.718
795.718
774.877
774.877
774.877
774.877
774.877
793.3
793.3
793.3
793.3
793.3
782.603
782.603
782.603
782.603
782.603
776.296
776.296
776.296
776.296
776.296
790.107
790.107
790.107
790.107
790.107
783.373
783.373
783.373
783.373
783.373
776.248
776.248
776.248
776.248
776.248
784.165
784.165
784.165
784.165
784.165
783.055
783.055
783.055
783.055
783.055
781.391
781.391
781.391
781.391
781.391
777.229
777.229
777.229
777.229
777.229
792.337
792.337
792.337
792.337
792.337
784.745
784.745
784.745
784.745
784.745
795.995
795.995
795.995
795.995
795.995
792.087
792.087
792.087
792.087
792.087
794.465
794.465
794.465
794.465
794.465
790.194
790.194
790.194
790.194
790.194
781.58
781.58
781.58
781.58
781.58
772.007
772.007
772.007
772.007
772.007
789.846
789.846
789.846
789.846
789.846
776.711
776.711
776.711
776.711
776.711
786.809
786.809
786.809
786.809
786.809
788.222
788.222
788.222
788.222
788.222
786.444
786.444
786.444
786.444
786.444
783.446
783.446
783.446
783.446
783.446
785.724
785.724
785.724
785.724
785.724
794.73
794.73
794.73
794.73
794.73
790.906
790.906
790.906
790.906
790.906
779.853
779.853
779.853
779.853
779.853
797.021
797.021
797.021
797.021
797.021
785.819
785.819
785.819
785.819
785.819
774.172
774.172
774.172
774.172
774.172
786.609
786.609
786.609
786.609
786.609
780.071
780.071
780.071
780.071
780.071
789.991
789.991
789.991
789.991
789.991
793.494
793.494
793.494
793.494
793.494
783.091
783.091
783.091
783.091
783.091
791.492
791.492
791.492
791.492
791.492
777.513
777.513
777.513
777.513
777.513
782.145
782.145
782.145
782.145
782.145
756.476
756.476
756.476
756.476
756.476
778.61
778.61
778.61
778.61
778.61
759.725
759.725
759.725
759.725
759.725
787.55
787.55
787.55
787.55
787.55
783.426
783.426
783.426
783.426
783.426
785.067
785.067
785.067
785.067
785.067
786.839
786.839
786.839
786.839
786.839
770.838
770.838
770.838
770.838
770.838
776.186
776.186
776.186
776.186
776.186
782.924
782.924
782.924
782.924
782.924
786.031
786.031
786.031
786.031
786.031
787.249
787.249
787.249
787.249
787.249
794.998
794.998
794.998
794.998
794.998
790.563
790.563
790.563
790.563
790.563
784.384
784.384
784.384
784.384
784.384
780.585
780.585
780.585
780.585
780.585
796.045
796.045
796.045
796.045
796.045
789.775
789.775
789.775
789.775
789.775
790.695
790.695
790.695
790.695
790.695
793.621
793.621
793.621
793.621
793.621
786.865
786.865
786.865
786.865
786.865
793.228
793.228
793.228
793.228
793.228
784.274
784.274
784.274
784.274
784.274
781.788
781.788
781.788
781.788
781.788
796.959
796.959
796.959
796.959
796.959
790.657
790.657
790.657
790.657
790.657
794.5
794.5
794.5
794.5
794.5
788.898
788.898
788.898
788.898
788.898
787.73
787.73
787.73
787.73
787.73
783.191
783.191
783.191
783.191
783.191
797.371
797.371
797.371
797.371
797.371
790.068
790.068
790.068
790.068
790.068
792.522
792.522
792.522
792.522
792.522
792.923
792.923
792.923
792.923
792.923
791.839
791.839
791.839
791.839
791.839
786.711
786.711
786.711
786.711
786.711
798.669
798.669
798.669
798.669
798.669
793.785
793.785
793.785
793.785
793.785
788.49
788.49
788.49
788.49
788.49
794.121
794.121
794.121
794.121
794.121
791.652
791.652
791.652
791.652
791.652
787.735
787.735
787.735
787.735
787.735
791.61
791.61
791.61
791.61
791.61
790.019
790.019
790.019
790.019
790.019
796.83
796.83
796.83
796.83
796.83
792.621
792.621
792.621
792.621
792.621
789.699
789.699
789.699
789.699
789.699
788.746
788.746
788.746
788.746
788.746
788.949
788.949
788.949
788.949
788.949
796.921
796.921
796.921
796.921
796.921
791.446
791.446
791.446
791.446
791.446
794.945
794.945
794.945
794.945
794.945
788.217
788.217
788.217
788.217
788.217
792.088
792.088
792.088
792.088
792.088
795.672
795.672
795.672
795.672
795.672
787.718
787.718
787.718
787.718
787.718
785.757
785.757
785.757
785.757
785.757
794.297
794.297
794.297
794.297
794.297
788.252
788.252
788.252
788.252
788.252
782.48
782.48
782.48
782.48
782.48
783.969
783.969
783.969
783.969
783.969
792.276
792.276
792.276
792.276
792.276
790.801
790.801
790.801
790.801
790.801
789.371
789.371
789.371
789.371
789.371
786.699
786.699
786.699
786.699
786.699
793.066
793.066
793.066
793.066
793.066
790.291
790.291
790.291
790.291
790.291
777.504
777.504
777.504
777.504
777.504
769.838
769.838
769.838
769.838
769.838
786.386
786.386
786.386
786.386
786.386
785.778
785.778
785.778
785.778
785.778
765.759
765.759
765.759
765.759
765.759
777.361
777.361
777.361
777.361
777.361
790.634
790.634
790.634
790.634
790.634
771.913
771.913
771.913
771.913
771.913
783.329
783.329
783.329
783.329
783.329
790.103
790.103
790.103
790.103
790.103
779.866
779.866
779.866
779.866
779.866
789.634
789.634
789.634
789.634
789.634
760.955
760.955
760.955
760.955
760.955
779.269
779.269
779.269
779.269
779.269
771.493
771.493
771.493
771.493
771.493
744.471
744.471
744.471
744.471
744.471
732.599
732.599
732.599
732.599
732.599
786.596
786.596
786.596
786.596
786.596
796.416
796.416
796.416
796.416
796.416
788.929
788.929
788.929
788.929
788.929
769.591
769.591
769.591
769.591
769.591
791.429
791.429
791.429
791.429
791.429
791.268
791.268
791.268
791.268
791.268
770.013
770.013
770.013
770.013
770.013
788.119
788.119
788.119
788.119
788.119
779.672
779.672
779.672
779.672
779.672
762.567
762.567
762.567
762.567
762.567
788.998
788.998
788.998
788.998
788.998
779.268
779.268
779.268
779.268
779.268
789.063
789.063
789.063
789.063
789.063
779.555
779.555
779.555
779.555
779.555
774.494
774.494
774.494
774.494
774.494
787.51
787.51
787.51
787.51
787.51
768.953
768.953
768.953
768.953
768.953
749.021
749.021
749.021
749.021
749.021
710.009
710.009
710.009
710.009
710.009
776.69
776.69
776.69
776.69
776.69
731.135
731.135
731.135
731.135
731.135
729.623
729.623
729.623
729.623
729.623
721.442
721.442
721.442
721.442
721.442
764.302
764.302
764.302
764.302
764.302
690.949
690.949
690.949
690.949
690.949
564.924
564.924
564.924
564.924
564.924
503.14
503.14
503.14
503.14
503.14
651.802
651.802
651.802
651.802
651.802
754.885
754.885
754.885
754.885
754.885
347.069
347.069
347.069
347.069
347.069
742.442
742.442
742.442
742.442
742.442
781.844
781.844
781.844
781.844
781.844
758.899
758.899
758.899
758.899
758.899
790.952
790.952
790.952
790.952
790.952
774.444
774.444
774.444
774.444
774.444
745.495
745.495
745.495
745.495
745.495
767.313
767.313
767.313
767.313
767.313
755.249
755.249
755.249
755.249
755.249
786.12
786.12
786.12
786.12
786.12
795.701
795.701
795.701
795.701
795.701
765.499
765.499
765.499
765.499
765.499
773.433
773.433
773.433
773.433
773.433
759.266
759.266
759.266
759.266
759.266
777.138
777.138
777.138
777.138
777.138
764.694
764.694
764.694
764.694
764.694
752.681
752.681
752.681
752.681
752.681
725.679
725.679
725.679
725.679
725.679
715.472
715.472
715.472
715.472
715.472
749.942
749.942
749.942
749.942
749.942
717.801
717.801
717.801
717.801
717.801
779.315
779.315
779.315
779.315
779.315
784.456
784.456
784.456
784.456
784.456
790.408
790.408
790.408
790.408
790.408
775.835
775.835
775.835
775.835
775.835
773.233
773.233
773.233
773.233
773.233
795.36
795.36
795.36
795.36
795.36
781.35
781.35
781.35
781.35
781.35
793.936
793.936
793.936
793.936
793.936
778.637
778.637
778.637
778.637
778.637
787.743
787.743
787.743
787.743
787.743
771.809
771.809
771.809
771.809
771.809
763.57
763.57
763.57
763.57
763.57
750.898
750.898
750.898
750.898
750.898
770.051
770.051
770.051
770.051
770.051
782.65
782.65
782.65
782.65
782.65
781.594
781.594
781.594
781.594
781.594
771.471
771.471
771.471
771.471
771.471
790.284
790.284
790.284
790.284
790.284
783.55
783.55
783.55
783.55
783.55
792.974
792.974
792.974
792.974
792.974
790.264
790.264
790.264
790.264
790.264
776.353
776.353
776.353
776.353
776.353
791.511
791.511
791.511
791.511
791.511
773.357
773.357
773.357
773.357
773.357
771.869
771.869
771.869
771.869
771.869
778.966
778.966
778.966
778.966
778.966
653.189
653.189
653.189
653.189
653.189
748.971
748.971
748.971
748.971
748.971
714.318
714.318
714.318
714.318
714.318
640.452
640.452
640.456
640.456
640.456
509.844
509.844
509.844
509.844
509.844
314.867
314.867
314.867
314.867
314.867
495.163
495.163
495.163
495.163
495.163
591.65
591.65
591.65
591.65
591.65
697.957
697.957
697.957
697.957
697.957
463.328
463.328
463.328
463.328
463.328
399.31
399.31
399.31
399.31
399.31
426.119
426.119
426.119
426.119
426.119
547.493
547.493
547.493
547.493
547.493
721.913
721.913
721.913
721.913
721.913
643.107
643.107
643.107
643.107
643.107
377.133
377.133
377.133
377.133
377.133
773.795
773.795
773.795
773.795
773.795
657.908
657.908
657.908
657.908
657.908
530.787
530.787
530.787
530.787
530.787
546.495
546.495
546.495
546.495
546.495
762.181
762.181
762.181
762.181
762.181
780.093
780.093
780.093
780.093
780.093
774.725
774.725
774.725
774.725
774.725
745.028
745.028
745.028
745.028
745.028
715.356
715.356
715.356
715.356
715.356
760.383
760.383
760.383
760.383
760.383
792.73
792.73
792.73
792.73
792.73
787.758
787.758
787.758
787.758
787.758
773.582
773.582
773.582
773.582
773.582
768.188
768.188
768.188
768.188
768.188
754.462
754.462
754.462
754.462
754.462
748.305
748.305
748.305
748.305
748.305
706.232
706.232
706.232
706.232
706.232
578.999
578.999
578.999
578.999
578.999
551.918
551.918
551.918
551.918
551.918
743.854
743.854
743.854
743.854
743.854
550.109
550.109
550.109
550.109
550.109
193.441
193.441
193.441
193.441
193.441
651.922
651.922
651.922
651.922
651.922
773.234
773.234
773.234
773.234
773.234
578.807
578.807
578.807
578.807
578.807
745.588
745.588
745.588
745.588
745.588
703.697
703.697
703.697
703.697
703.697
754.084
754.084
754.084
754.084
754.084
733.433
733.433
733.433
733.433
733.433
732.272
732.272
732.272
732.272
732.272
399.486
399.486
399.486
399.486
399.486
610.515
610.515
610.515
610.515
610.515
553.559
553.559
553.559
553.559
553.559
504.51
504.51
504.51
504.51
504.51
679.553
679.553
679.553
679.553
679.553
661.899
661.899
661.899
661.899
661.899
370.833
370.833
370.833
370.833
370.833
482.803
482.803
482.803
482.803
482.803
745.493
745.493
745.493
745.493
745.493
645.378
645.378
645.378
645.378
645.378
786.094
786.094
786.094
786.094
786.094
776.933
776.933
776.933
776.933
776.933
319.066
319.066
319.066
319.066
319.066
772.278
772.278
772.278
772.278
772.278
634.066
634.066
634.066
634.066
634.066
542.022
542.022
542.058
542.058
542.058
792.262
792.262
792.262
792.262
792.262
769.496
769.496
769.496
769.496
769.496
773.979
773.979
773.979
773.979
773.979
794.964
794.964
794.964
794.964
794.964
788.906
788.906
788.906
788.906
788.906
776.847
776.847
776.847
776.847
776.847
766.076
766.076
766.076
766.076
766.076
793.817
793.817
793.817
793.817
793.817
786.462
786.462
786.462
786.462
786.462
782.114
782.114
782.114
782.114
782.114
772.39
772.39
772.39
772.39
772.39
767.89
767.89
767.89
767.89
767.89
793.589
793.589
793.589
793.589
793.589
774.843
774.843
774.843
774.843
774.843
787.87
787.87
787.87
787.87
787.87
783.776
783.776
783.776
783.776
783.776
777.322
777.322
777.322
777.322
777.322
783.049
783.049
783.049
783.049
783.049
793.126
793.126
793.126
793.126
793.126
779.096
779.096
779.096
779.096
779.096
767.925
767.925
767.925
767.925
767.925
753.948
753.948
753.948
753.948
753.948
776.741
776.741
776.741
776.741
776.741
790.123
790.123
790.123
790.123
790.123
773.173
773.173
773.173
773.173
773.173
783.32
783.32
783.32
783.32
783.32
725.475
725.475
725.475
725.475
725.475
751.997
751.997
751.997
751.997
751.997
760.969
760.969
760.969
760.969
760.969
730.502
730.502
730.502
730.502
730.502
766.643
766.643
766.643
766.643
766.643
770.247
770.247
770.247
770.247
770.247
762.625
762.625
762.625
762.625
762.625
780.636
780.636
780.636
780.636
780.636
775.418
775.418
775.418
775.418
775.418
760.035
760.035
760.035
760.035
760.035
778.64
778.773
778.773
778.773
778.773
774.243
774.243
774.243
774.243
774.243
752.51
752.51
752.51
752.51
752.51
777.558
777.558
777.558
777.558
777.558
773.245
773.245
773.245
773.245
773.245
717.264
717.264
717.264
717.264
717.264
713.667
713.667
713.667
713.667
713.667
764.615
764.615
764.615
764.615
764.615
778.523
778.523
778.523
778.523
778.523
744.687
744.687
744.687
744.687
744.687
742.876
742.876
742.876
742.876
742.876
756.021
756.021
756.021
756.021
756.021
449.849
449.849
456.947
456.947
456.947
772.164
772.164
772.164
772.164
772.164
729.341
729.341
729.341
729.341
729.341
706.31
706.31
706.31
706.31
706.31
370.561
370.561
370.561
370.561
370.561
558.069
558.069
558.069
558.069
558.069
575.226
575.226
575.226
575.226
575.226
722.781
722.781
722.781
722.781
722.781
599.254
599.254
599.254
599.254
599.254
599.059
599.059
599.059
599.059
599.059
407.891
407.891
407.891
407.891
407.891
242.488
242.488
242.488
242.488
242.488
409.45
409.45
409.45
409.45
409.45
387.464
387.464
387.464
387.464
387.464
340.915
340.915
340.915
340.915
340.915
197.545
197.545
197.545
197.545
197.545
772.395
772.395
772.395
772.395
772.395
719.324
719.324
719.324
719.324
719.324
524.188
524.188
524.188
524.188
524.188
442.571
442.571
442.571
442.571
442.571
403.965
403.965
403.965
403.965
403.965
730.803
730.803
730.803
730.803
730.803
786.594
786.594
786.594
786.594
786.594
760.831
760.831
760.831
760.831
760.831
717.152
717.152
717.152
717.152
717.152
746.837
746.837
746.837
746.837
746.837
763.196
763.196
763.196
763.196
763.196
782.335
782.335
782.335
782.335
782.335
774.87
774.87
774.87
774.87
774.87
758.332
758.332
758.332
758.332
758.332
761.653
761.653
761.653
761.653
761.653
756.099
756.099
756.099
756.099
756.099
760.578
760.578
760.578
760.578
760.578
752.236
752.236
752.236
752.236
752.236
793.26
793.26
793.26
793.26
793.26
767.338
767.338
767.338
767.338
767.338
784.764
784.764
784.764
784.764
784.764
753.435
753.435
753.435
753.435
753.435
729.454
729.454
729.454
729.454
729.454
783.904
783.904
783.904
783.904
783.904
787.152
787.152
787.152
787.152
787.152
791.025
791.025
791.025
791.025
791.025
795.56
795.56
795.56
795.56
795.56
789.239
789.239
789.239
789.239
789.239
792.892
792.892
792.892
792.892
792.892
793.534
793.534
793.534
793.534
793.534
784.818
784.818
784.818
784.818
784.818
772.592
772.592
772.592
772.592
772.592
788.912
788.912
788.912
788.912
788.912
788.381
788.381
788.381
788.381
788.381
783.11
783.11
783.11
783.11
783.11
794.719
794.719
794.719
794.719
794.719
772.975
772.975
772.975
772.975
772.975
784.45
784.45
784.45
784.45
784.45
771.504
771.504
771.504
771.504
771.504
769.285
769.285
769.285
769.285
769.285
768.873
768.873
768.873
768.873
768.873
754.491
754.491
754.491
754.491
754.491
784.616
784.616
784.616
784.616
784.616
777.081
777.081
777.081
777.081
777.081
782.101
782.101
782.101
782.101
782.101
793.401
793.401
793.401
793.401
793.401
790.221
790.221
790.221
790.221
790.221
781.779
781.779
781.779
781.779
781.779
796.679
796.679
796.679
796.679
796.679
784.121
784.121
784.121
784.121
784.121
793.242
793.242
793.242
793.242
793.242
785.867
785.867
785.867
785.867
785.867
787.071
787.071
787.071
787.071
787.071
795.468
795.468
795.468
795.468
795.468
789.296
789.296
789.296
789.296
789.296
787.798
787.798
787.798
787.798
787.798
797.212
797.212
797.212
797.212
797.212
793.956
793.956
793.956
793.956
793.956
792.664
792.664
792.664
792.664
792.664
789.997
789.997
789.997
789.997
789.997
784.656
784.656
784.656
784.656
784.656
782.215
782.215
782.215
782.215
782.215
788.76
788.76
788.76
788.76
788.76
784.005
784.005
784.005
784.005
784.005
778.518
778.518
778.518
778.518
778.518
785.963
785.963
785.963
785.963
785.963
792.832
792.832
792.832
792.832
792.832
789.165
789.165
789.165
789.165
789.165
793.957
793.957
793.957
793.957
793.957
783.541
783.541
783.541
783.541
783.541
781.282
781.282
781.282
781.282
781.282
796.612
796.612
796.612
796.612
796.612
792.925
792.925
792.925
792.925
792.925
791.649
791.649
791.649
791.649
791.649
783.88
783.88
783.88
783.88
783.88
796.14
796.14
796.14
796.14
796.14
788.37
788.37
788.37
788.37
788.37
794.591
794.591
794.591
794.591
794.591
790.208
790.208
790.208
790.208
790.208
782.685
782.685
782.685
782.685
782.685
772.411
772.411
772.411
772.411
772.411
769.259
769.259
769.259
769.259
769.259
778.302
778.302
778.302
778.302
778.302
791.051
791.051
791.051
791.051
791.051
785.885
785.885
785.885
785.885
785.885
785.883
785.883
785.883
785.883
785.883
797.535
797.535
797.535
797.535
797.535
791.521
791.521
791.521
791.521
791.521
786.662
786.662
786.662
786.662
786.662
784.145
784.145
784.145
784.145
784.145
791.542
791.542
791.542
791.542
791.542
789.089
789.089
789.089
789.089
789.089
791.713
791.713
791.713
791.713
791.713
791.831
791.831
791.831
791.831
791.831
786.911
786.911
786.911
786.911
786.911
795.535
795.535
795.535
795.535
795.535
793.906
793.906
793.906
793.906
793.906
790.837
790.837
790.837
790.837
790.837
794.783
794.783
794.783
794.783
794.783
786.792
786.792
786.792
786.792
786.792
783.107
783.107
783.107
783.107
783.107
797.647
797.647
797.647
797.647
797.647
792.177
792.177
792.177
792.177
792.177
781.426
781.426
781.426
781.426
781.426
788.73
788.73
788.73
788.73
788.73
794.476
794.476
794.476
794.476
794.476
796.01
796.01
796.01
796.01
796.01
792.226
792.226
792.226
792.226
792.226
797.007
797.007
797.007
797.007
797.007
793.074
793.074
793.074
793.074
793.074
786.97
786.97
786.97
786.97
786.97
794.723
794.723
794.723
794.723
794.723
792.306
792.306
792.306
792.306
792.306
795.039
795.039
795.039
795.039
795.039
795.786
795.786
795.786
795.786
795.786
792.24
792.24
792.24
792.24
792.24
795.164
795.164
795.164
795.164
795.164
783.038
783.038
783.038
783.038
783.038
777.681
777.681
777.681
777.681
777.681
794.165
794.165
794.165
794.165
794.165
794.317
794.317
794.317
794.317
794.317
790.044
790.044
790.044
790.044
790.044
791.001
791.001
791.001
791.001
791.001
790.108
790.108
790.108
790.108
790.108
785.629
785.629
785.629
785.629
785.629
795.675
795.675
795.675
795.675
795.675
793.936
793.936
793.936
793.936
793.936
792.717
792.717
792.717
792.717
792.717
791.664
791.664
791.664
791.664
791.664
790.624
790.624
790.624
790.624
790.624
781.39
781.39
781.39
781.39
781.39
795.357
795.357
795.357
795.357
795.357
792.401
792.401
792.401
792.401
792.401
789.357
789.357
789.357
789.357
789.357
785.721
785.721
785.721
785.721
785.721
795.618
795.618
795.618
795.618
795.618
793.236
793.236
793.236
793.236
793.236
787.384
787.384
787.384
787.384
787.384
793.055
793.055
793.055
793.055
793.055
785.666
785.666
785.666
785.666
785.666
780.153
780.153
780.153
780.153
780.153
792.56
792.56
792.56
792.56
792.56
789.365
789.365
789.365
789.365
789.365
797.634
797.634
797.634
797.634
797.634
792.481
792.481
792.481
792.481
792.481
790.95
790.95
790.95
790.95
790.95
787.229
787.229
787.229
787.229
787.229
796.52
796.52
796.52
796.52
796.52
791.986
791.986
791.986
791.986
791.986
792.117
792.117
792.117
792.117
792.117
795.023
795.023
795.023
795.023
795.023
782.902
782.902
782.902
782.902
782.902
781.304
781.304
781.304
781.304
781.304
794.382
794.382
794.382
794.382
794.382
786.2
786.2
786.2
786.2
786.2
782.494
782.494
782.494
782.494
782.494
794.587
794.587
794.587
794.587
794.587
790.862
790.862
790.862
790.862
790.862
787.077
787.077
787.077
787.077
787.077
795.691
795.691
795.691
795.691
795.691
794.923
794.923
794.923
794.923
794.923
785.622
785.622
785.622
785.622
785.622
795.999
795.999
795.999
795.999
795.999
790.937
790.937
790.937
790.937
790.937
789.207
789.207
789.207
789.207
789.207
791.809
791.809
791.809
791.809
791.809
796.693
796.693
796.693
796.693
796.693
792.014
792.014
792.014
792.014
792.014
796.09
796.09
796.09
796.09
796.09
791.187
791.187
791.187
791.187
791.187
794.396
794.396
794.396
794.396
794.396
793.665
793.665
793.665
793.665
793.665
790.393
790.393
790.393
790.393
790.393
788.588
788.588
788.588
788.588
788.588
794.843
794.843
794.843
794.843
794.843
792.11
792.11
792.11
792.11
792.11
788.916
788.916
788.916
788.916
788.916
794.624
794.624
794.624
794.624
794.624
795.973
795.973
795.973
795.973
795.973
792.847
792.847
792.847
792.847
792.847
795.564
795.564
795.564
795.564
795.564
795.862
795.862
795.862
795.862
795.862
793.653
793.653
793.653
793.653
793.653
795.421
795.421
795.421
795.421
795.421
792.499
792.499
792.499
792.499
792.499
785.093
785.093
785.093
785.093
785.093
789.776
789.776
789.776
789.776
789.776
791.056
791.056
791.056
791.056
791.056
794.945
794.945
794.945
794.945
794.945
788.015
788.015
788.015
788.015
788.015
788.041
788.041
788.041
788.041
788.041
792.55
792.55
792.55
792.55
792.55
798.182
798.182
798.182
798.182
798.182
793.178
793.178
793.178
793.178
793.178
791.947
791.947
791.947
791.947
791.947
795.018
795.018
795.018
795.018
795.018
794.641
794.641
794.641
794.641
794.641
797.266
797.266
797.266
797.266
797.266
797.509
797.509
797.509
797.509
797.509
795.076
795.076
795.076
795.076
795.076
795.842
795.842
795.842
795.842
795.842
795.998
795.998
795.998
795.998
795.998
792.51
792.51
792.51
792.51
792.51
797.879
797.879
797.879
797.879
797.879
791.503
791.503
791.503
791.503
791.503
789.685
789.685
789.685
789.685
789.685
791.522
791.522
791.522
791.522
791.522
789.158
789.158
789.158
789.158
789.158
784.061
784.061
784.061
784.061
784.061
795.177
795.177
795.177
795.177
795.177
793.853
793.853
793.853
793.853
793.853
791.602
791.602
791.602
791.602
791.602
789.126
789.126
789.126
789.126
789.126
796.448
796.448
796.448
796.448
796.448
794.603
794.603
794.603
794.603
794.603
797.599
797.599
797.599
797.599
797.599
796.55
796.55
796.55
796.55
796.55
794.63
794.63
794.63
794.63
794.63
791.427
791.427
791.427
791.427
791.427
795.084
795.084
795.084
795.084
795.084
791.894
791.894
791.894
791.894
791.894
791.413
791.413
791.413
791.413
791.413
795.994
795.994
795.994
795.994
795.994
794.916
794.916
794.916
794.916
794.916
796.647
796.647
796.647
796.647
796.647
794.711
794.711
794.711
794.711
794.711
793.517
793.517
793.517
793.517
793.517
791.207
791.207
791.207
791.207
791.207
794.429
794.429
794.429
794.429
794.429
793.057
793.057
793.057
793.057
793.057
795.722
795.722
795.722
795.722
795.722
795.207
795.207
795.207
795.207
795.207
791.206
791.206
791.206
791.206
791.206
797.132
797.132
797.132
797.132
797.132
792.517
792.517
792.517
792.517
792.517
788.834
788.834
788.834
788.834
788.834
797.262
797.262
797.262
797.262
797.262
792.782
792.782
792.782
792.782
792.782
785.028
785.028
785.028
785.028
785.028
793.342
793.342
793.342
793.342
793.342
795.845
795.845
795.845
795.845
795.845
789.181
789.181
789.181
789.181
789.181
795.83
795.83
795.83
795.83
795.83
793.362
793.362
793.362
793.362
793.362
790.977
790.977
790.977
790.977
790.977
793.972
793.972
793.972
793.972
793.972
790.558
790.558
790.558
790.558
790.558
788.488
788.488
788.488
788.488
788.488
795.78
795.78
795.78
795.78
795.78
787.166
787.166
787.166
787.166
787.166
782.932
782.932
782.932
782.932
782.932
774.205
774.205
774.205
774.205
774.205
795.972
795.972
795.972
795.972
795.972
781.837
781.837
781.837
781.837
781.837
777.367
777.367
777.367
777.367
777.367
795.369
795.369
795.369
795.369
795.369
795.375
795.375
795.375
795.375
795.375
787.098
787.098
787.098
787.098
787.098
797.759
797.759
797.759
797.759
797.759
793.059
793.059
793.059
793.059
793.059
795.696
795.696
795.696
795.696
795.696
797.596
797.596
797.596
797.596
797.596
793.722
793.722
793.722
793.722
793.722
792.049
792.049
792.049
792.049
792.049
793.955
793.955
793.955
793.955
793.955
790.295
790.295
790.295
790.295
790.295
795.432
795.432
795.432
795.432
795.432
794.274
794.274
794.274
794.274
794.274
790.313
790.313
790.313
790.313
790.313
794.059
794.059
794.059
794.059
794.059
792.733
792.733
792.733
792.733
792.733
784.563
784.563
784.563
784.563
784.563
782.458
782.458
782.458
782.458
782.458
796.131
796.131
796.131
796.131
796.131
787.425
787.425
787.425
787.425
787.425
797.569
797.569
797.569
797.569
797.569
795.759
795.759
795.759
795.759
795.759
790.691
790.691
790.691
790.691
790.691
795.221
795.221
795.221
795.221
795.221
789.9
789.9
789.9
789.9
789.9
784.632
784.632
784.632
784.632
784.632
792.393
792.393
792.393
792.393
792.393
796.526
796.526
796.526
796.526
796.526
794.663
794.663
794.663
794.663
794.663
792.894
792.894
792.894
792.894
792.894
797.329
797.329
797.329
797.329
797.329
794.741
794.741
794.741
794.741
794.741
789.998
789.998
789.998
789.998
789.998
797.994
797.994
797.994
797.994
797.994
793.287
793.287
793.287
793.287
793.287
789.498
789.498
789.498
789.498
789.498
798.111
798.111
798.111
798.111
798.111
796.162
796.162
796.162
796.162
796.162
797.152
797.152
797.152
797.152
797.152
788.844
788.844
788.844
788.844
788.844
782.217
782.217
782.217
782.217
782.217
790.459
790.459
790.459
790.459
790.459
797.133
797.133
797.133
797.133
797.133
795.749
795.749
795.749
795.749
795.749
792.956
792.956
792.956
792.956
792.956
796.243
796.243
796.243
796.243
796.243
794.785
794.785
794.785
794.785
794.785
797.196
797.196
797.196
797.196
797.196
793.014
793.014
793.014
793.014
793.014
793.245
793.245
793.245
793.245
793.245
790.915
790.915
790.915
790.915
790.915
797.941
797.941
797.941
797.941
797.941
795.922
795.922
795.922
795.922
795.922
794.5
794.5
794.5
794.5
794.5
798.012
798.012
798.012
798.012
798.012
794.243
794.243
794.243
794.243
794.243
796.625
796.625
796.625
796.625
796.625
794.463
794.463
794.463
794.463
794.463
792.43
792.43
792.43
792.43
792.43
797.383
797.383
797.383
797.383
797.383
795.567
795.567
795.567
795.567
795.567
788.325
788.325
788.325
788.325
788.325
792.131
792.131
792.131
792.131
792.131
796.761
796.761
796.761
796.761
796.761
794.34
794.34
794.34
794.34
794.34
797.874
797.874
797.874
797.874
797.874
793.396
793.396
793.396
793.396
793.396
789.15
789.15
789.15
789.15
789.15
793.235
793.235
793.235
793.235
793.235
797.13
797.13
797.13
797.13
797.13
795.395
795.395
795.395
795.395
795.395
797.207
797.207
797.207
797.207
797.207
796.183
796.183
796.183
796.183
796.183
796.245
796.245
796.245
796.245
796.245
797.999
797.999
797.999
797.999
797.999
795.427
795.427
795.427
795.427
795.427
791.212
791.212
791.212
791.212
791.212
787.168
787.168
787.168
787.168
787.168
797.343
797.343
797.343
797.343
797.343
791.543
791.543
791.543
791.543
791.543
790.48
790.48
790.48
790.48
790.48
795.579
795.579
795.579
795.579
795.579
795.873
795.873
795.873
795.873
795.873
796.678
796.678
796.678
796.678
796.678
795.685
795.685
795.685
795.685
795.685
789.967
789.967
789.967
789.967
789.967
797.594
797.594
797.594
797.594
797.594
792.054
792.054
792.054
792.054
792.054
792.423
792.423
792.423
792.423
792.423
790.67
790.67
790.67
790.67
790.67
798.441
798.441
798.441
798.441
798.441
795.463
795.463
795.463
795.463
795.463
794.221
794.221
794.221
794.221
794.221
798.224
798.224
798.224
798.224
798.224
794.933
794.933
794.933
794.933
794.933
796.709
796.709
796.709
796.709
796.709
792.732
792.732
792.732
792.732
792.732
793.894
793.894
793.894
793.894
793.894
790.747
790.747
790.747
790.747
790.747
797.867
797.867
797.867
797.867
797.867
792.488
792.488
792.488
792.488
792.488
797.141
797.141
797.141
797.141
797.141
797.344
797.344
797.344
797.344
797.344
796.174
796.174
796.174
796.174
796.174
794.036
794.036
794.036
794.036
794.036
796.11
796.11
796.11
796.11
796.11
791.489
791.489
791.489
791.489
791.489
796.523
796.523
796.523
796.523
796.523
794.081
794.081
794.081
794.081
794.081
791.715
791.715
791.715
791.715
791.715
795.65
795.65
795.65
795.65
795.65
791.452
791.452
791.452
791.452
791.452
791.045
791.045
791.045
791.045
791.045
788.617
788.617
788.617
788.617
788.617
797.669
797.669
797.669
797.669
797.669
795.437
795.437
795.437
795.437
795.437
798.324
798.324
798.324
798.324
798.324
796.273
796.273
796.273
796.273
796.273
793.908
793.908
793.908
793.908
793.908
788.592
788.592
788.592
788.592
788.592
795.072
795.072
795.072
795.072
795.072
792.332
792.332
792.332
792.332
792.332
797.563
797.563
797.563
797.563
797.563
793.716
793.716
793.716
793.716
793.716
792.649
792.649
792.649
792.649
792.649
788.56
788.56
788.56
788.56
788.56
795.822
795.822
795.822
795.822
795.822
792.682
792.682
792.682
792.682
792.682
789.878
789.878
789.878
789.878
789.878
791.068
791.068
791.068
791.068
791.068
788.026
788.026
788.026
788.026
788.026
782.658
782.658
782.658
782.658
782.658
798.188
798.188
798.188
798.188
798.188
794.949
794.949
794.949
794.949
794.949
792.696
792.696
792.696
792.696
792.696
794.358
794.358
794.358
794.358
794.358
786.51
786.51
786.51
786.51
786.51
795.508
795.508
795.508
795.508
795.508
789.315
789.315
789.315
789.315
789.315
787.583
787.583
787.583
787.583
787.583
791.998
791.998
791.998
791.998
791.998
790.556
790.556
790.556
790.556
790.556
787.999
787.999
787.999
787.999
787.999
794.036
794.036
794.036
794.036
794.036
797.672
797.672
797.672
797.672
797.672
797.349
797.349
797.349
797.349
797.349
794.909
794.909
794.909
794.909
794.909
791.879
791.879
791.879
791.879
791.879
783.815
783.815
783.815
783.815
783.815
794.797
794.797
794.797
794.797
794.797
793.496
793.496
793.496
793.496
793.496
796.995
796.995
796.995
796.995
796.995
793.858
793.858
793.858
793.858
793.858
792.425
792.425
792.425
792.425
792.425
789.755
789.755
789.755
789.755
789.755
796.073
796.073
796.073
796.073
796.073
788.814
788.814
788.814
788.814
788.814
789.359
789.359
789.359
789.359
789.359
797.172
797.172
797.172
797.172
797.172
793.479
793.479
793.479
793.479
793.479
792.035
792.035
792.035
792.035
792.035
790.066
790.066
790.066
790.066
790.066
797.819
797.819
797.819
797.819
797.819
793.146
793.146
793.146
793.146
793.146
791.684
791.684
791.684
791.684
791.684
796.062
796.062
796.062
796.062
796.062
786.552
786.552
786.552
786.552
786.552
779.94
779.94
779.94
779.94
779.94
793.121
793.121
793.121
793.121
793.121
787.944
787.944
787.944
787.944
787.944
787.389
787.389
787.389
787.389
787.389
788.192
788.192
788.192
788.192
788.192
781.067
781.067
781.067
781.067
781.067
780.261
780.261
780.261
780.261
780.261
787.613
787.613
787.613
787.613
787.613
786.539
786.539
786.539
786.539
786.539
788.361
788.361
788.361
788.361
788.361
795.479
795.479
795.479
795.479
795.479
774.996
774.996
774.996
774.996
774.996
796.013
796.013
796.013
796.013
796.013
784.593
784.593
784.593
784.593
784.593
788.606
788.606
788.606
788.606
788.606
792.361
792.361
792.361
792.361
792.361
786.728
786.728
786.728
786.728
786.728
778.04
778.04
778.04
778.04
778.04
772.529
772.529
772.529
772.529
772.529
793.303
793.303
793.303
793.303
793.303
787.04
787.04
787.04
787.04
787.04
787.014
787.014
787.014
787.014
787.014
788.33
788.33
788.33
788.33
788.33
785.843
785.843
785.843
785.843
785.843
790.569
790.569
790.569
790.569
790.569
787.268
787.268
787.268
787.268
787.268
779.318
779.318
779.318
779.318
779.318
781.638
781.638
781.638
781.638
781.638
795.053
795.053
795.053
795.053
795.053
791.542
791.542
791.542
791.542
791.542
787.084
787.084
787.084
787.084
787.084
776.084
776.084
776.084
776.084
776.084
785.268
785.268
785.268
785.268
785.268
779.253
779.253
779.253
779.253
779.253
794.19
794.19
794.19
794.19
794.19
786.806
786.806
786.806
786.806
786.806
787.403
787.403
787.403
787.403
787.403
769.188
769.188
769.188
769.188
769.188
0
