0
0
0
0
0
0
0
0
0
0
0
0
0
0
0
0
0
0
0
0
0
0
0
0
0
0
0
0
0
0
0
0
0
0
0
0
0
0
0
0
0
0
0
0
0
0
0
0
0
0
0
0
0
0
0
0
0
0
0
0
0
0
0
0
0
0
0
0
0
0
0
0
0
0
0
0
0
0
0
0
0
0
0
0
0
0
0
0
0
0
0
0
0
0
0
0
0
0
0
0
0
0
0
0
0
0
0
0
0
0
0
0
0
0
0
0
0
0
0
0
0
0
0
0
0
0
0
0
0
0
0
0
0
0
0
0
0
0
0
0
0
0
0
0
0
0
0
0
0
0
0
0
0
0
0
0
0
0
0
0
0
0
0
0
0
0
0
0
0
0
0
0
0
0
0
0
0
0
0
0
0
0
0
0
0
0
0
0
0
0
0
0
0
0
0
0
0
0
0
723.254
723.254
723.254
723.254
723.254
739.483
739.483
739.483
739.483
739.483
763.577
763.577
763.577
763.577
763.577
758.01
758.01
758.01
758.01
758.01
655.247
655.247
655.251
655.251
655.251
753.091
753.091
753.091
753.091
753.091
374.417
374.417
374.417
374.417
374.417
737.14
737.14
737.14
737.14
737.14
564.803
564.803
564.803
564.803
564.803
768.613
768.613
768.613
768.613
768.613
754.678
754.678
754.678
754.678
754.678
767.917
767.917
767.917
767.917
767.917
786.065
786.065
786.065
786.065
786.065
770.284
770.284
770.284
770.284
770.284
788.059
788.059
788.059
788.059
788.059
765.094
765.094
765.094
765.094
765.094
773.279
773.279
773.279
773.279
773.279
772.748
772.748
772.748
772.748
772.748
759.109
759.109
759.109
759.109
759.109
759.048
759.048
759.048
759.048
759.048
789.1
789.1
789.1
789.1
789.1
761.782
761.782
761.782
761.782
761.782
741.179
741.179
741.179
741.179
741.179
474.204
474.204
474.204
474.204
474.204
768.08
768.08
768.08
768.08
768.08
739.975
739.975
739.975
739.975
739.975
667.445
667.445
667.445
667.445
667.445
670.101
670.101
670.101
670.101
670.101
513.749
513.749
513.749
513.749
513.749
612.875
612.875
612.875
612.875
612.875
379.237
379.237
379.237
379.237
379.237
686.173
686.173
686.173
686.173
686.173
433.508
433.508
433.508
433.508
433.508
527.547
527.547
527.547
527.547
527.547
328.544
328.544
328.544
329.667
329.667
689.997
689.997
689.997
689.997
689.997
711.626
711.626
711.626
711.626
711.626
657.409
657.409
657.409
657.409
657.409
669.473
669.473
669.473
669.473
669.473
591.1
591.1
591.1
591.1
591.1
740.617
740.617
740.617
740.617
740.617
767.754
767.754
767.754
767.754
767.754
501.74
501.74
501.74
501.74
501.74
551.757
551.757
551.757
551.757
551.757
766.935
766.935
766.935
766.935
766.935
632.768
632.768
632.768
632.768
632.768
590.613
590.613
590.613
590.613
590.613
435.987
435.987
435.987
435.987
435.987
520.691
520.691
520.73
520.73
520.73
490.739
490.739
490.739
490.739
490.739
771.305
771.305
771.305
771.305
771.305
742.733
742.733
742.733
742.733
742.733
791.107
791.107
791.107
791.107
791.107
725.437
725.437
725.437
725.437
725.437
706.361
706.361
706.361
706.361
706.361
486.781
486.781
486.781
486.781
486.781
511.552
511.552
511.552
511.552
511.552
679.638
679.638
679.638
679.638
679.638
680.614
680.614
680.614
680.614
680.614
730.949
730.949
730.949
730.949
730.949
765.425
765.425
765.425
765.425
765.425
675.876
675.876
675.876
675.876
675.876
774.773
774.773
774.773
774.773
774.773
782.17
782.17
782.17
782.17
782.17
757.72
757.72
757.72
757.72
757.72
793.171
793.171
793.171
793.171
793.171
782.625
782.625
782.625
782.625
782.625
752.903
752.903
752.903
752.903
752.903
748.664
748.664
748.664
748.664
748.664
781.352
781.352
781.352
781.352
781.352
766.863
766.863
766.863
766.863
766.863
718.175
718.175
718.175
718.175
718.175
682.057
682.057
682.057
682.057
682.057
720.612
720.612
720.612
720.612
720.612
698.502
698.502
698.502
698.502
698.502
756.983
756.983
756.983
756.983
756.983
768.066
768.066
768.066
768.066
768.066
730.516
730.516
730.516
730.516
730.516
740.365
740.365
740.365
740.365
740.365
734.568
734.568
734.568
734.568
734.568
740.265
740.265
740.265
740.265
740.265
707.985
707.985
707.985
707.985
707.985
757.598
757.598
757.598
757.598
757.598
736.844
736.844
736.844
736.844
736.844
781.147
781.147
781.147
781.147
781.147
720.115
720.115
720.115
720.115
720.115
697.835
697.835
697.835
697.835
697.835
715.86
715.86
715.86
715.86
715.86
648.989
648.989
648.989
648.989
648.989
754.461
754.461
754.461
754.461
754.461
704.835
704.835
704.835
704.835
704.835
653.179
653.179
653.179
653.179
653.179
470.011
470.011
470.011
470.011
470.011
512.687
512.687
512.687
512.687
512.687
782.85
782.85
782.85
782.85
782.85
760.826
760.826
760.826
760.826
760.826
726.094
726.094
726.094
726.094
726.094
641.697
641.697
641.697
641.697
641.697
691.1
686.451
686.451
686.451
686.451
787.297
787.297
787.297
787.297
787.297
722.004
722.004
722.004
722.004
722.004
781.671
781.671
781.671
781.671
781.671
781.561
781.561
781.561
781.561
781.561
766.276
766.276
766.276
766.276
766.276
706.305
706.305
706.305
706.305
706.305
779.117
779.117
779.117
779.117
779.117
735.087
735.087
735.087
735.087
735.087
506.483
506.483
506.483
506.483
506.483
753.661
753.661
753.661
753.661
753.661
642.149
642.149
642.149
642.149
642.149
644.977
644.977
644.977
644.977
644.977
718.292
718.292
718.292
718.292
718.292
762.545
762.545
762.996
762.996
762.996
740.879
740.879
740.879
740.879
740.879
695.323
695.323
695.323
695.323
695.323
537.143
537.143
537.143
537.143
537.143
706.402
706.402
706.402
706.402
706.402
543.311
543.311
543.311
543.311
543.311
471.651
471.651
471.651
471.651
471.651
307.858
307.858
307.858
307.858
307.858
505.097
505.097
505.097
505.097
505.097
660.578
660.578
660.578
660.578
660.578
511.56
511.56
510.965
510.965
510.965
733.637
733.637
733.637
733.637
733.637
685.185
685.185
685.185
685.185
685.185
736.503
736.503
736.503
736.503
736.503
572.734
572.734
572.734
572.734
572.734
487.15
487.15
487.15
487.15
487.15
774.258
774.258
774.258
774.258
774.258
771.302
771.302
771.302
771.302
771.302
757.83
757.83
757.83
757.83
757.83
780.709
780.709
780.709
780.709
780.709
752.729
752.729
752.729
752.729
752.729
777.948
777.948
777.948
777.948
777.948
776.296
776.296
776.296
776.296
776.296
788.627
788.627
788.627
788.627
788.627
789.131
789.131
789.131
789.131
789.131
785.937
785.937
785.937
785.937
785.937
786.455
786.455
786.455
786.455
786.455
773.644
773.644
773.644
773.644
773.644
795.1
795.1
795.1
795.1
795.1
786.789
786.789
786.789
786.789
786.789
781.764
781.764
781.764
781.764
781.764
783.666
783.666
783.666
783.666
783.666
793.579
793.579
793.579
793.579
793.579
791.349
791.349
791.349
791.349
791.349
787.538
787.538
787.538
787.538
787.538
777.66
777.66
777.66
777.66
777.66
782.928
782.928
782.928
782.928
782.928
766.531
766.531
766.531
766.531
766.531
794.062
794.062
794.062
794.062
794.062
773.191
773.191
773.191
773.191
773.191
768.938
768.938
768.938
768.938
768.938
786.987
786.987
786.987
786.987
786.987
771.023
771.023
771.023
771.023
771.023
790.822
790.822
790.822
790.822
790.822
787.94
787.94
787.94
787.94
787.94
773.991
773.991
773.991
773.991
773.991
763.303
763.303
763.303
763.303
763.303
762.657
762.657
762.657
762.657
762.657
745.202
745.202
745.202
745.202
745.202
779.986
779.986
779.986
779.986
779.986
777.28
777.28
777.28
777.28
777.28
774.691
774.691
774.691
774.691
774.691
785.175
785.175
785.175
785.175
785.175
762.031
762.031
762.031
762.031
762.031
746.375
746.375
746.375
746.375
746.375
750.399
750.399
750.399
750.399
750.399
780.203
780.203
780.203
780.203
780.203
764.585
764.585
764.585
764.585
764.585
672.168
672.168
672.168
672.168
672.168
767.419
767.419
767.419
767.419
767.419
764.819
764.819
764.819
764.819
764.819
702.632
702.632
702.632
702.632
702.632
749.462
749.462
749.462
749.462
749.462
409.971
409.971
409.971
409.971
409.971
230.497
230.497
230.497
230.497
230.497
747.483
747.483
747.483
747.483
747.483
772.709
772.709
772.709
772.709
772.709
479.928
479.928
479.928
479.928
479.928
779.003
779.003
779.003
779.003
779.003
646.937
646.937
646.937
646.937
646.937
598.106
598.106
598.106
598.106
598.106
739.461
739.461
739.461
739.461
739.461
745.277
745.277
745.277
745.277
745.277
789.614
789.614
789.614
789.614
789.614
783.996
783.996
783.996
783.996
783.996
766.929
766.929
766.929
766.929
766.929
792.478
792.478
792.478
792.478
792.478
783.642
783.642
783.642
783.642
783.642
774.084
774.084
774.084
774.084
774.084
785.851
785.851
785.851
785.851
785.851
730.538
730.538
730.538
730.538
730.538
759.914
759.914
759.914
759.914
759.914
726.412
726.412
726.412
726.412
726.412
697.67
697.67
697.67
697.67
697.67
724.026
724.026
724.026
724.026
724.026
657.807
657.807
657.807
657.807
657.807
616.748
616.748
616.748
616.748
616.748
458.606
458.606
458.606
458.606
458.606
756.063
756.063
756.063
756.063
756.063
672.338
672.338
672.338
672.338
672.338
778.245
778.245
778.245
778.245
778.245
773.468
773.468
773.468
773.468
773.468
741.948
741.948
741.948
741.948
741.948
727.318
727.318
727.318
727.318
727.318
637.814
637.814
637.814
637.814
637.814
654.894
654.894
654.894
654.894
654.894
577.251
577.251
577.251
577.251
577.251
571.922
571.922
571.922
571.922
571.922
361.922
361.922
361.922
361.922
361.922
574.588
574.588
574.588
574.588
574.588
782.452
782.452
782.452
782.452
782.452
781.011
781.011
781.011
781.011
781.011
757.641
757.641
757.641
757.641
757.641
786.548
786.548
786.548
786.548
786.548
784.632
784.632
784.632
784.632
784.632
765.444
765.444
765.444
765.444
765.444
775.479
775.479
775.479
775.479
775.479
767.48
767.48
767.48
767.48
767.48
752.179
752.179
752.179
752.179
752.179
591.763
591.763
591.763
591.763
591.763
755.149
755.149
755.149
755.149
755.149
352.281
352.281
352.281
352.281
352.281
738.055
738.055
738.055
738.055
738.055
776.554
776.554
776.554
776.554
776.554
766.243
766.243
766.243
766.243
766.243
781.09
781.09
781.09
781.09
781.09
784.023
784.023
784.023
784.023
784.023
754.49
754.49
754.49
754.49
754.49
749.649
749.298
749.298
749.298
749.298
782.452
782.452
782.452
782.452
782.452
630.676
630.676
630.676
630.676
630.676
747.345
747.345
747.345
747.345
747.345
301.157
301.157
301.157
301.157
301.157
749.539
749.539
749.539
749.539
749.539
768.841
768.841
768.841
768.841
768.841
744.667
744.667
744.667
744.667
744.667
733.801
733.801
733.801
733.801
733.801
740.381
740.381
740.381
740.381
740.381
751.284
751.216
751.216
751.216
751.216
743.975
743.975
743.975
743.975
743.975
716.885
716.885
716.885
716.885
716.885
729.132
729.132
729.132
729.132
729.132
747.344
747.344
747.344
747.344
747.344
779.155
779.155
779.155
779.155
779.155
766.066
766.066
766.066
766.066
766.066
759.615
759.615
759.615
759.615
759.615
791.352
791.352
791.352
791.352
791.352
780.437
780.437
780.437
780.437
780.437
778.632
778.632
778.632
778.632
778.632
757.318
757.318
757.318
757.318
757.318
786.824
786.824
786.824
786.824
786.824
773.53
773.53
773.53
773.53
773.53
775.79
775.79
775.79
775.79
775.79
777.006
777.006
777.006
777.006
777.006
772.092
772.092
772.092
772.092
772.092
754.109
754.109
754.109
754.109
754.109
788.001
788.001
788.001
788.001
788.001
761.975
761.975
761.975
761.975
761.975
765.735
765.735
765.735
765.735
765.735
779.672
779.672
779.672
779.672
779.672
774.17
774.17
774.17
774.17
774.17
766.019
766.019
766.019
766.019
766.019
764.508
764.508
764.508
764.508
764.508
753.06
753.06
753.06
753.06
753.06
772.85
772.85
772.85
772.85
772.85
771.834
771.834
772.855
772.855
772.855
769.233
769.233
769.233
769.233
769.233
771.223
771.223
771.223
771.223
771.223
686.185
686.185
686.185
686.185
686.185
724.37
724.37
724.37
724.37
724.37
761.67
761.67
761.67
761.67
761.67
767.56
767.56
767.56
767.56
767.56
656.603
656.603
656.603
656.603
656.603
529.829
529.829
529.829
529.829
529.829
683.508
683.508
683.508
683.508
683.508
761.104
761.104
761.104
761.104
761.104
690.31
690.31
690.31
690.31
690.31
764.243
764.243
764.243
764.243
764.243
739.572
739.572
739.572
739.572
739.572
716.285
716.285
716.285
716.285
716.285
563.887
563.887
563.887
563.887
563.887
583.866
583.866
583.866
583.866
583.866
765.763
765.763
765.763
765.763
765.763
705.789
705.789
705.789
705.789
705.789
694.367
694.367
694.367
694.367
694.367
619.766
619.766
619.766
619.766
619.766
529.754
529.754
529.754
529.754
529.754
791.786
791.786
791.786
791.786
791.786
788.088
788.088
788.088
788.088
788.088
734.162
734.162
734.162
734.162
734.162
760.328
760.328
760.328
760.328
760.328
767.605
767.605
767.605
767.605
767.605
762.067
762.067
762.067
762.067
762.067
679.529
679.529
679.529
679.529
679.529
439.307
445.615
445.615
445.615
445.615
277.386
277.386
277.386
277.386
277.386
751.001
751.001
751.001
751.001
751.001
740.662
740.662
740.662
740.662
740.662
563.452
563.452
563.452
563.452
563.452
534.164
534.164
534.164
534.164
534.164
736.656
736.656
736.656
736.656
736.656
383.188
383.188
383.188
383.188
383.188
359.363
359.363
359.363
359.363
359.363
619
619
619
619
619
700.672
700.672
700.672
700.672
700.672
381.164
381.164
381.164
381.164
381.164
677.189
677.189
677.189
677.189
677.189
703.274
703.274
703.274
703.274
703.274
740.599
740.599
740.599
740.599
740.599
756.474
756.474
756.474
756.474
756.474
775.108
775.108
775.108
775.108
775.108
738.989
738.989
738.989
738.989
738.989
766.974
766.974
766.974
766.974
766.974
771.421
771.421
771.421
771.421
771.421
673.824
673.824
673.824
673.824
673.824
779.538
779.538
779.538
779.538
779.538
721.692
721.692
721.692
721.692
721.692
631.566
631.566
631.566
631.566
631.566
597.785
597.785
597.785
597.785
597.785
717.973
717.973
717.973
717.973
717.973
791.233
791.233
791.233
791.233
791.233
751.479
751.479
751.479
751.479
751.479
781.709
781.709
781.709
781.709
781.709
763.715
763.715
763.715
763.715
763.715
733.962
733.962
733.962
733.962
733.962
775.146
775.146
775.146
775.146
775.146
760.705
760.705
760.705
760.705
760.705
663.358
663.358
663.358
663.358
663.358
781.75
781.75
781.75
781.75
781.75
770.453
770.453
770.453
770.453
770.453
731.29
731.29
731.29
731.29
731.29
552.961
552.961
552.961
552.961
552.961
434.26
434.26
434.26
434.26
434.26
306.063
306.063
306.063
306.063
306.063
714.482
714.482
714.482
714.482
714.482
720.022
720.022
720.022
720.022
720.022
721.225
721.225
721.225
721.225
721.225
524.818
524.818
524.818
524.818
524.818
478.801
478.801
478.801
478.801
478.801
313.905
313.905
313.905
313.905
313.905
446.898
446.898
446.898
446.898
446.898
772.138
772.138
772.138
772.138
772.138
587.2
587.2
586.673
586.673
586.673
460.561
460.561
460.561
460.561
460.561
348.23
348.23
348.23
348.23
348.23
738.841
738.841
738.841
738.841
738.841
572.797
572.797
572.797
572.797
572.797
699.283
699.283
699.283
699.283
699.283
476.326
476.326
476.326
476.326
476.326
611.07
611.07
611.07
611.07
611.07
573.432
573.432
573.432
573.432
573.432
583.35
583.35
583.35
583.35
583.35
665.451
665.451
665.451
665.451
665.451
756.446
756.446
756.446
756.446
756.446
778.562
778.562
778.562
778.562
778.562
744.924
744.924
744.924
744.924
744.924
747.925
747.925
747.925
747.925
747.925
774.734
774.734
774.734
774.734
774.734
700.299
700.299
700.299
700.299
700.299
782.443
782.443
782.443
782.443
782.443
745.744
745.744
745.744
745.744
745.744
773.87
773.87
773.87
773.87
773.87
777.784
777.784
777.784
777.784
777.784
761.427
761.427
761.427
761.427
761.427
781.663
781.663
781.663
781.663
781.663
779.842
779.842
779.842
779.842
779.842
711.454
711.454
711.454
711.454
711.454
643.657
643.657
643.657
643.657
643.657
514.977
514.977
514.977
514.977
514.977
786.146
786.146
786.146
786.146
786.146
747.047
747.047
747.047
747.047
747.047
741.201
741.201
741.201
741.201
741.201
642.942
642.942
642.942
642.942
642.942
729.177
729.177
729.177
729.177
729.177
721.21
721.21
721.21
721.21
721.21
775.197
775.197
775.197
775.197
775.197
779.404
779.404
779.404
779.404
779.404
784.028
784.028
784.028
784.028
784.028
755.529
755.529
755.529
755.529
755.529
771.182
771.182
771.182
771.182
771.182
723.39
723.39
723.39
723.39
723.39
752.525
752.525
752.525
752.525
752.525
698.642
698.642
698.642
698.642
698.642
698.668
698.668
698.668
698.668
698.668
734.623
734.623
734.623
734.623
734.623
685.827
685.827
685.827
685.827
685.827
622.225
622.225
622.225
622.225
622.225
704.342
704.342
704.342
704.342
704.342
777.078
777.078
777.078
777.078
777.078
766.631
766.631
766.631
766.631
766.631
782.296
782.296
782.296
782.296
782.296
760.169
760.169
760.169
760.169
760.169
761.308
761.308
761.308
761.308
761.308
778.27
778.27
778.27
778.27
778.27
755.813
755.813
755.813
755.813
755.813
759.795
759.795
759.795
759.795
759.795
775.365
775.365
775.365
775.365
775.365
755.783
755.783
755.783
755.783
755.783
635.878
635.878
635.878
635.878
635.878
514.987
514.987
514.987
514.987
514.987
360.373
360.373
360.373
360.373
360.373
505.828
505.828
505.828
505.828
505.828
366.023
366.023
366.023
366.023
366.023
418.647
418.647
418.647
418.647
418.647
750.256
750.256
750.256
750.256
750.256
646.029
646.029
646.029
646.029
646.029
308.543
308.543
308.543
308.543
308.543
698.063
698.063
698.063
698.063
698.063
675.136
675.136
675.136
675.136
675.136
606.684
606.684
606.684
606.684
606.684
748.398
748.398
748.398
748.398
748.398
692.287
692.287
692.287
692.287
692.287
414.625
414.625
414.625
414.625
414.625
400.661
400.661
400.661
400.661
400.661
430.947
430.947
430.947
430.947
430.947
519.717
519.717
519.717
519.717
519.717
568.674
568.674
568.674
568.674
568.674
465.275
465.275
465.275
465.275
465.275
559.957
560.352
560.352
560.352
560.352
629.99
629.99
629.99
629.99
629.99
563.629
563.629
563.629
563.629
563.629
677.993
677.993
677.993
677.993
677.993
731.191
731.191
731.191
731.191
731.191
782.529
782.529
782.529
782.529
782.529
720.621
720.621
720.621
720.621
720.621
694.286
694.286
694.286
694.286
694.286
557.44
557.44
557.44
557.44
557.44
769.28
769.28
769.28
769.28
769.28
767.539
767.539
767.539
767.539
767.539
775.43
775.43
775.43
775.43
775.43
786.444
786.444
786.444
786.444
786.444
722.888
722.888
722.888
722.888
722.888
744.649
744.649
744.649
744.649
744.649
612.628
612.628
612.628
612.628
612.628
578.308
578.308
578.308
578.308
578.308
451.594
451.594
451.594
451.594
451.594
593.546
593.546
593.546
593.546
593.546
598.998
598.998
598.998
598.998
598.998
762.544
762.544
762.544
762.544
762.544
537.02
537.02
537.02
537.02
537.02
491.899
491.899
491.899
491.899
491.899
441.418
441.418
441.418
441.418
441.418
760.692
760.692
760.692
760.692
760.692
598.734
598.734
598.734
598.734
598.734
599.121
599.121
599.121
599.121
599.121
538.299
538.299
538.299
538.299
538.299
754.501
754.501
754.501
754.501
754.501
751.096
751.096
751.096
751.096
751.096
761.435
761.435
761.435
761.435
761.435
276.826
276.826
276.826
276.826
276.826
321.539
321.539
321.539
321.539
321.539
710.983
710.983
710.983
710.983
710.983
584.121
584.121
584.121
584.121
584.121
715.942
715.942
715.942
715.942
715.942
441.341
441.341
441.341
441.341
441.341
665.167
665.167
665.167
665.167
665.167
596.984
596.984
596.984
596.984
596.984
732.987
732.987
732.987
732.987
732.987
746.103
746.103
746.103
746.103
746.103
778.078
778.078
778.078
778.078
778.078
758.672
758.672
758.672
758.672
758.672
671.467
671.467
671.467
671.467
671.467
420.902
420.902
420.902
420.902
420.902
726.342
726.342
726.342
726.342
726.342
662.951
662.951
662.951
662.951
662.951
412.265
412.265
412.265
412.265
412.265
773.767
773.767
773.767
773.767
773.767
774.631
774.631
774.631
774.631
774.631
768.541
768.541
768.541
768.541
768.541
772.279
772.279
772.279
772.279
772.279
751.146
751.146
751.146
751.146
751.146
774.071
774.071
774.071
774.071
774.071
791.306
791.311
791.311
791.311
791.311
779.702
779.702
779.702
779.702
779.702
771.266
771.266
771.266
771.266
771.266
769.345
769.345
769.345
769.345
769.345
752.094
752.094
752.094
752.094
752.094
791.388
791.388
791.388
791.388
791.388
777.737
777.737
777.737
777.737
777.737
773.202
773.202
773.202
773.202
773.202
785.595
785.595
785.595
785.595
785.595
781.919
781.919
781.919
781.919
781.919
764.441
764.441
764.441
764.441
764.441
763.61
763.61
763.61
763.61
763.61
780.501
780.501
780.501
780.501
780.501
765.019
765.019
765.019
765.019
765.019
777.476
777.476
777.476
777.476
777.476
773.538
773.538
773.538
773.538
773.538
751.135
751.135
751.135
751.135
751.135
678.146
678.146
678.146
678.146
678.146
766.241
766.241
766.241
766.241
766.241
751.506
751.506
751.506
751.506
751.506
760.393
760.393
760.393
760.393
760.393
791.603
791.603
791.603
791.603
791.603
451.278
451.278
451.278
451.278
451.278
725.383
725.383
725.383
725.383
725.383
723.937
723.937
723.937
723.937
723.937
760.431
760.431
760.431
760.431
760.431
786.716
786.716
786.716
786.716
786.716
780.113
780.113
780.113
780.113
780.113
769.344
769.344
769.365
769.365
769.365
770.246
770.246
770.246
770.246
770.246
761.192
761.192
761.192
761.192
761.192
790.397
790.397
790.397
790.397
790.397
748.727
748.727
748.727
748.727
748.727
765.258
765.258
765.258
765.258
765.258
755.207
755.207
755.207
755.207
755.207
740.426
740.426
740.426
740.426
740.426
587.844
587.844
587.844
587.844
587.844
624.367
624.367
624.367
624.51
624.51
533.477
533.477
533.477
533.477
533.477
780.458
780.458
780.458
780.458
780.458
643.458
643.458
643.458
643.458
643.458
636.013
636.013
636.013
636.013
636.013
428.258
428.258
428.258
428.258
428.258
720.533
720.533
720.533
720.533
720.533
458.874
458.874
458.874
458.874
458.874
585.241
585.241
585.241
585.241
585.241
248.702
248.702
248.702
248.702
248.702
582.075
582.075
582.075
582.075
582.075
613.331
613.331
613.331
613.331
613.331
582.637
582.637
582.637
582.637
582.637
527.213
527.213
527.213
527.213
527.213
656.083
649.915
649.915
649.915
649.915
693.141
693.141
693.141
693.141
693.141
219.794
219.794
219.794
219.794
219.794
440.043
440.043
440.043
440.043
440.043
508.63
508.63
508.63
508.63
508.63
563.315
563.315
563.315
563.315
563.315
642.477
642.477
642.477
642.477
642.477
495.86
495.86
495.86
495.86
495.86
735.222
735.222
735.222
735.222
735.222
548.459
548.459
548.459
548.459
548.459
754.296
754.296
754.296
754.296
754.296
552.4
552.4
552.4
552.4
552.4
249.625
249.625
249.625
249.625
249.625
470.246
470.246
470.246
470.246
470.246
415.208
415.208
415.208
415.208
415.208
778.851
778.851
778.851
778.851
778.851
747.412
747.412
747.412
747.412
747.412
744.743
744.743
744.743
744.743
744.743
739.085
739.085
739.085
739.085
739.085
738.543
738.543
738.543
738.543
738.543
682.997
682.997
682.997
682.997
682.997
775.525
775.525
775.525
775.525
775.525
758.536
758.536
758.536
758.536
758.536
776.006
776.006
776.006
776.006
776.006
767.394
767.038
767.038
767.038
767.038
766.156
766.156
766.156
766.156
766.156
774.228
774.228
774.228
774.228
774.228
762.92
762.92
762.92
762.92
762.92
752.678
752.678
752.678
752.678
752.678
726.589
726.589
726.589
726.589
726.589
743.479
743.479
743.479
743.479
743.479
742.168
742.168
742.168
742.168
742.168
754.572
754.572
754.572
754.572
754.572
750.365
750.365
750.365
750.365
750.365
789.002
789.002
789.002
789.002
789.002
781.871
781.871
781.871
781.871
781.871
786.943
786.943
786.943
786.943
786.943
786.221
786.221
786.221
786.221
786.221
791.07
791.07
791.07
791.07
791.07
790.436
790.436
790.436
790.436
790.436
775.947
775.947
775.947
775.947
775.947
768.637
768.637
768.637
768.637
768.637
781.915
781.915
781.915
781.915
781.915
772.512
772.512
772.512
772.512
772.512
785.413
785.413
785.413
785.413
785.413
764.542
764.542
764.542
764.542
764.542
733.724
733.724
733.724
733.724
733.724
731.701
731.701
731.701
731.701
731.701
792.159
792.159
792.159
792.159
792.159
789.405
789.405
789.405
789.405
789.405
785.672
785.672
785.672
785.672
785.672
744.528
744.528
744.528
744.528
744.528
729.537
729.537
729.537
729.537
729.537
699.327
699.327
699.327
699.327
699.327
779.207
779.207
779.207
779.207
779.207
767.428
767.428
767.428
767.428
767.428
769.326
769.326
769.326
769.326
769.326
795.189
795.189
795.189
795.189
795.189
778.716
778.716
778.716
778.716
778.716
783.309
783.309
783.309
783.309
783.309
784.882
784.882
784.882
784.882
784.882
767.703
767.703
767.703
767.703
767.703
786.095
786.095
786.095
786.095
786.095
793.264
793.264
793.264
793.264
793.264
786.931
786.931
786.931
786.931
786.931
785.881
785.881
785.881
785.881
785.881
790.998
790.998
790.998
790.998
790.998
786.993
786.993
786.993
786.993
786.993
793.315
793.315
793.315
793.315
793.315
784.547
784.547
784.547
784.547
784.547
781.292
781.292
781.292
781.292
781.292
794.361
794.361
794.361
794.361
794.361
784.607
784.607
784.607
784.607
784.607
775.689
775.689
775.689
775.689
775.689
786.654
786.654
786.654
786.654
786.654
778.097
778.097
778.097
778.097
778.097
770.547
770.547
770.547
770.547
770.547
768.595
768.595
768.595
768.595
768.595
792.957
792.957
792.957
792.957
792.957
783.928
783.928
783.928
783.928
783.928
788.345
788.345
788.345
788.345
788.345
784.238
784.238
784.238
784.238
784.238
777.437
777.437
777.437
777.437
777.437
794.391
794.391
794.391
794.391
794.391
788.494
788.494
788.494
788.494
788.494
784.467
784.467
784.467
784.467
784.467
770.931
770.931
770.931
770.931
770.931
782.19
782.19
782.19
782.19
782.19
775.326
775.326
775.326
775.326
775.326
760.621
760.621
760.621
760.621
760.621
702.278
702.278
702.278
702.278
702.278
595.066
595.066
595.066
595.066
595.066
369.338
369.338
369.338
369.338
369.338
492.022
492.022
492.022
492.022
492.022
534.469
534.469
534.469
534.469
534.469
570.405
570.405
570.405
570.405
570.405
690.424
690.424
690.424
690.424
690.424
415.337
415.337
415.337
415.337
415.337
762.26
762.26
762.145
762.145
762.145
774.944
774.944
774.944
774.944
774.944
747.712
747.712
747.712
747.712
747.712
783.574
783.574
783.574
783.574
783.574
765.053
765.053
765.053
765.053
765.053
739.85
739.85
739.85
739.85
739.85
743.039
743.039
743.039
743.039
743.039
780.221
780.221
780.222
780.222
780.222
774.661
774.661
774.661
774.661
774.661
772.521
772.521
772.521
772.521
772.521
786.121
786.121
786.121
786.121
786.121
786.711
786.711
786.711
786.711
786.711
793.62
793.62
793.62
793.62
793.62
764.372
764.372
764.372
764.372
764.372
754.042
754.042
754.042
754.042
754.042
780.817
780.817
780.817
780.817
780.817
780.479
780.479
780.479
780.479
780.479
792.736
792.736
792.736
792.736
792.736
782.933
782.933
782.933
782.933
782.933
780.049
780.049
780.049
780.049
780.049
789.879
789.879
789.879
789.879
789.879
779.409
779.409
779.409
779.409
779.409
793.433
793.433
793.433
793.433
793.433
788.099
788.099
788.099
788.099
788.099
787.217
787.217
787.217
787.217
787.217
783.723
783.723
783.723
783.723
783.723
780.897
780.897
780.897
780.897
780.897
771.492
771.492
771.492
771.492
771.492
777.223
777.223
777.223
777.223
777.223
768.77
768.77
768.77
768.77
768.77
794.323
794.323
794.323
794.323
794.323
779.397
779.397
779.397
779.397
779.397
777.012
777.012
777.012
777.012
777.012
787.571
787.571
787.571
787.571
787.571
759.135
759.135
759.135
759.135
759.135
691.201
691.201
691.201
691.201
691.201
635.614
635.614
635.614
635.614
635.614
744.309
744.309
744.309
744.309
744.309
696.46
696.46
696.46
696.46
696.46
750.268
750.268
750.268
750.268
750.268
759.986
759.986
759.986
759.986
759.986
775.791
775.791
775.791
775.791
775.791
736.718
736.718
736.718
736.718
736.718
768.762
768.762
768.762
768.762
768.762
770.291
770.291
770.291
770.291
770.291
710.544
710.544
710.544
710.544
710.544
756.102
756.102
756.102
756.102
756.102
752.793
752.793
752.793
752.793
752.793
724.461
724.461
724.461
724.461
724.461
596.395
596.395
596.395
596.395
596.395
663.208
663.208
663.208
663.208
663.208
640.93
640.93
640.93
640.93
640.93
661.378
661.378
661.378
661.378
661.378
756.879
756.879
756.879
756.879
756.879
752.851
752.851
752.851
752.851
752.851
722.33
722.33
722.33
722.33
722.33
690.237
690.237
690.237
690.237
690.237
763.669
763.669
763.669
763.669
763.669
773.051
773.051
773.051
773.051
773.051
758.749
758.749
758.749
758.749
758.749
691.639
691.639
691.639
691.639
691.639
614.144
614.144
614.144
614.144
614.144
350.82
350.82
350.82
350.82
350.82
428.688
428.688
428.688
428.688
428.688
512.314
512.314
512.314
512.314
512.314
788.122
788.122
788.122
788.122
788.122
757.163
757.163
757.163
757.163
757.163
782.288
782.288
782.288
782.288
782.288
728.101
728.101
728.101
728.101
728.101
619.67
619.67
619.67
619.67
619.67
761.636
761.636
761.636
761.636
761.636
595.015
595.015
595.015
595.015
595.015
630.453
630.453
630.453
630.453
630.453
766.912
766.912
766.912
766.912
766.912
779.746
779.746
779.746
779.746
779.746
785.915
785.915
785.915
785.915
785.915
767.518
767.518
767.518
767.518
767.518
761.907
761.907
773.815
773.815
773.815
775.274
775.274
775.274
775.274
775.274
788.378
788.378
788.378
788.378
788.378
777.76
777.76
777.76
777.76
777.76
739.149
739.149
739.149
739.149
739.149
792.575
792.575
792.575
792.575
792.575
772.066
772.066
772.066
772.066
772.066
761.943
761.943
761.943
761.943
761.943
752.468
752.468
752.468
752.468
752.468
775.524
775.524
775.524
775.524
775.524
757.748
758.059
758.059
758.059
758.059
782.674
782.674
782.674
782.674
782.674
778.664
778.664
778.664
778.664
778.664
770.181
770.181
770.181
770.181
770.181
792.19
792.19
792.19
792.19
792.19
763.861
763.861
763.861
763.861
763.861
782.896
782.896
782.896
782.896
782.896
768.068
768.068
768.068
768.068
768.068
764.695
764.695
764.695
764.695
764.695
756.665
756.665
756.665
756.665
756.665
780.979
780.979
780.979
780.979
780.979
777.191
777.191
777.191
777.191
777.191
782.484
782.484
782.484
782.484
782.484
781.493
781.493
781.493
781.493
781.493
761.596
761.596
761.596
761.596
761.596
773.629
773.629
773.629
773.629
773.629
780.332
780.332
780.332
780.332
780.332
765.517
765.517
765.517
765.517
765.517
787.997
787.997
787.997
787.997
787.997
794.164
794.164
794.164
794.164
794.164
784.888
784.888
784.888
784.888
784.888
786.114
786.114
786.114
786.114
786.114
796.212
796.212
796.212
796.212
796.212
790.231
790.231
790.231
790.231
790.231
783.363
783.363
783.363
783.363
783.363
792.709
792.709
792.709
792.709
792.709
786.82
786.82
786.82
786.82
786.82
792.774
792.774
792.774
792.774
792.774
776.886
776.886
776.886
776.886
776.886
778.072
778.072
778.072
778.072
778.072
768.325
768.325
768.325
768.325
768.325
790.035
790.035
790.035
790.035
790.035
789.653
789.653
789.653
789.653
789.653
794.219
794.219
794.219
794.219
794.219
789.214
789.214
789.214
789.214
789.214
795.208
795.208
795.208
795.208
795.208
786.618
786.618
786.618
786.618
786.618
797.225
797.225
797.225
797.225
797.225
794.886
794.886
794.886
794.886
794.886
797.386
797.386
797.386
797.386
797.386
795.4
795.4
795.4
795.4
795.4
792.439
792.439
792.439
792.439
792.439
797.935
797.935
797.935
797.935
797.935
790.895
790.895
790.895
790.895
790.895
780.531
780.531
780.531
780.531
780.531
798.167
798.167
798.167
798.167
798.167
791.722
791.722
791.722
791.722
791.722
790.291
790.291
790.291
790.291
790.291
797.759
797.759
797.759
797.759
797.759
791.255
791.255
791.255
791.255
791.255
784.093
784.093
784.093
784.093
784.093
788.26
788.26
788.26
788.26
788.26
785.273
785.273
785.273
785.273
785.273
784.954
784.954
784.954
784.954
784.954
793.649
793.649
793.649
793.649
793.649
778.476
778.476
778.476
778.476
778.476
777.242
777.242
777.242
777.242
777.242
785.915
785.915
785.915
785.915
785.915
789.243
789.243
789.243
789.243
789.243
788.236
788.236
788.236
788.236
788.236
786.474
786.53
786.53
786.53
786.53
796.496
796.496
796.496
796.496
796.496
792.126
792.126
792.126
792.126
792.126
787.084
787.084
787.084
787.084
787.084
774.518
774.518
774.518
774.518
774.518
773.053
773.053
773.053
773.053
773.053
738.954
738.954
738.954
738.954
738.954
778.156
778.156
778.156
778.156
778.156
763.212
763.212
763.212
763.212
763.212
795.969
795.969
795.969
795.969
795.969
774.929
774.929
774.929
774.929
774.929
782.227
782.227
782.227
782.227
782.227
771.139
771.139
771.139
771.139
771.139
747.255
747.255
747.255
747.255
747.255
730.687
730.687
730.687
730.687
730.687
674.657
674.657
674.657
674.657
674.657
549.386
549.386
549.386
549.386
549.386
754.294
754.294
754.294
754.294
754.294
550.798
550.798
550.798
550.798
550.798
621.138
621.138
621.138
621.138
621.138
506.9
506.9
506.9
506.9
506.9
738.153
738.153
738.153
738.153
738.153
280.768
280.768
280.768
280.768
280.768
522.644
522.644
522.644
522.644
522.644
621.669
621.669
621.669
621.669
621.669
276.758
276.758
276.758
276.758
276.758
681.849
681.849
681.849
681.849
681.849
532.718
532.718
532.718
532.718
532.718
654.424
654.424
654.424
654.424
654.424
397.417
397.417
397.417
397.417
397.417
486.689
486.689
486.689
486.689
486.689
775.256
775.256
775.256
775.256
775.256
486.795
486.795
486.795
486.795
486.795
549.322
549.322
549.322
549.322
549.322
781.341
781.341
781.341
781.341
781.341
778.666
778.666
778.666
778.666
778.666
792.119
792.119
792.119
792.119
792.119
765.655
765.655
765.655
765.655
765.655
784.048
784.048
784.048
784.048
784.048
755.957
755.957
755.957
755.957
755.957
765.455
765.455
765.455
765.455
765.455
761.785
761.785
761.785
761.785
761.785
778.017
778.017
778.017
778.017
778.017
779
779
779
779
779
782.247
782.247
782.247
782.247
782.247
731.307
731.307
731.307
731.307
731.307
723.891
723.891
723.891
723.891
723.891
738.847
738.847
738.847
738.847
738.847
791.188
791.188
791.188
791.188
791.188
779.88
779.88
779.88
779.88
779.88
761.458
761.458
761.458
761.458
761.458
674.616
674.616
674.616
674.616
674.616
777.986
777.986
777.986
777.986
777.986
772.831
772.831
772.831
772.831
772.831
773.75
773.75
773.75
773.75
773.75
749.465
749.465
749.465
749.465
749.465
756.423
756.423
756.423
756.423
756.423
748.492
748.492
748.492
748.492
748.492
794.706
794.706
794.706
794.706
794.706
776.736
776.736
776.736
776.736
776.736
749.098
749.098
749.098
749.098
749.098
778.098
778.098
778.098
778.098
778.098
785.67
785.67
785.67
785.67
785.67
740.806
740.806
740.806
740.806
740.806
789.841
789.841
789.841
789.841
789.841
778.507
778.507
778.507
778.507
778.507
764.046
764.046
764.046
764.046
764.046
773.723
773.723
773.723
773.723
773.723
734.573
734.573
734.573
734.573
734.573
715.723
715.723
715.723
715.723
715.723
727.328
727.328
727.328
727.328
727.328
714.536
714.513
714.513
714.513
714.513
777.416
777.416
777.416
777.416
777.416
780.799
780.799
780.799
780.799
780.799
777.464
777.464
777.464
777.464
777.464
762.809
762.809
762.809
762.809
762.809
749.434
749.434
749.434
749.434
749.434
733.481
733.481
733.481
733.481
733.481
767.307
767.307
767.307
767.307
767.307
774.216
774.216
774.216
774.216
774.216
760.641
760.641
760.641
760.641
760.641
766.194
766.194
766.194
766.194
766.194
743.347
743.347
743.347
743.347
743.347
751.595
751.595
751.595
751.595
751.595
687.013
687.013
687.013
687.013
687.013
742.104
742.104
742.104
742.104
742.104
702.622
702.622
702.622
702.622
702.622
756.306
756.306
756.306
756.306
756.306
730.191
730.191
730.191
730.191
730.191
745.997
745.997
745.997
745.997
745.997
781.595
781.595
781.595
781.595
781.595
777.971
777.971
777.971
777.971
777.971
788.848
788.848
788.848
788.848
788.848
769.848
769.848
769.848
769.848
769.848
782.592
782.592
782.592
782.592
782.592
763.561
763.561
763.561
763.561
763.561
789.492
789.492
789.492
789.492
789.492
789.636
789.636
789.636
789.636
789.636
791.647
791.647
791.647
791.647
791.647
780.322
780.322
780.322
780.322
780.322
785.437
785.437
785.437
785.437
785.437
788.59
788.59
788.59
788.59
788.59
784.971
784.971
784.971
784.971
784.971
787.573
787.573
787.573
787.573
787.573
770.9
770.9
770.9
770.9
770.9
760.362
760.362
760.362
760.362
760.362
780.12
780.12
780.12
780.12
780.12
778.061
778.061
778.061
778.061
778.061
776.514
776.514
776.514
776.514
776.514
777.215
777.215
777.215
777.215
777.215
762.149
762.149
762.149
762.149
762.149
738.581
738.581
738.581
738.581
738.581
753.849
753.849
753.849
753.849
753.849
666.975
666.975
666.975
666.975
666.975
720.784
720.784
720.784
720.784
720.784
574.735
574.735
574.735
574.735
574.735
743.967
743.967
743.967
743.967
743.967
672.05
672.05
672.05
672.05
672.05
710.341
710.341
710.341
710.341
710.341
730.396
730.396
730.396
730.396
730.396
505.336
505.336
505.336
505.336
505.336
486.741
486.741
486.741
486.741
486.741
764.095
764.095
764.095
764.095
764.095
737.791
737.791
737.791
737.791
737.791
761.083
761.083
761.083
761.083
761.083
755.516
755.516
755.516
755.516
755.516
769.532
769.532
769.532
769.532
769.532
719.342
719.342
719.342
719.342
719.342
785.351
785.351
785.351
785.351
785.351
762.837
762.837
762.837
762.837
762.837
703.717
703.717
703.717
703.717
703.717
638.192
638.192
638.192
638.192
638.192
694.14
694.14
694.14
694.14
694.14
716.944
716.944
716.944
716.944
716.944
601.808
601.808
601.808
601.808
601.808
482.882
482.882
482.882
482.882
482.882
693.085
693.084
693.084
693.084
693.084
575.58
575.58
575.58
575.58
575.58
656.672
656.672
656.672
656.672
656.672
645.897
645.897
645.897
645.897
645.897
357.929
357.929
357.929
357.929
357.929
727.979
727.979
727.979
727.979
727.979
572.662
572.662
572.662
572.662
572.662
424.406
424.406
424.406
424.406
424.406
508.287
508.287
508.287
508.287
508.287
783.242
783.242
783.242
783.242
783.242
544.027
544.027
544.027
544.027
544.027
704.289
704.289
704.289
704.289
704.289
757.217
757.217
757.217
757.217
757.217
758.806
758.806
758.806
758.806
758.806
768.24
768.24
768.24
768.24
768.24
719.754
719.754
719.754
719.754
719.754
697.217
697.217
694.934
694.934
694.934
747.18
747.18
747.18
747.18
747.18
720.527
720.527
720.527
720.527
720.527
713.624
713.624
713.624
713.624
713.624
711.031
711.031
711.031
711.031
711.031
682.011
682.011
682.011
682.011
682.011
504.358
504.358
504.358
504.358
504.358
633.028
633.028
633.028
633.028
633.028
668.226
668.226
668.226
668.226
668.226
439.039
439.039
439.039
439.039
439.039
646.181
646.181
646.181
646.181
646.181
396.482
396.482
396.482
396.482
396.482
715.084
715.084
715.084
715.084
715.084
676.02
676.02
676.02
676.02
676.02
445.518
445.518
445.518
445.518
445.518
484.394
484.394
484.394
484.394
484.394
706.252
706.252
706.252
706.252
706.252
540.39
540.39
540.39
540.39
540.39
386.347
386.347
386.347
386.347
386.347
782.992
782.992
782.992
782.992
782.992
734.717
734.717
734.717
734.717
734.717
774.301
774.301
774.301
774.301
774.301
671.411
671.411
671.411
671.411
671.411
548.152
548.152
548.152
548.152
548.152
482.963
482.963
482.963
482.963
482.963
314.062
314.062
314.062
314.062
314.062
476.287
476.287
476.287
476.287
476.287
734.949
734.949
734.949
734.949
734.949
707.047
707.047
707.047
707.047
707.047
604.618
604.618
604.618
604.618
604.618
768.491
768.491
768.491
768.491
768.491
693.999
693.999
693.999
693.999
693.999
507.388
507.388
507.388
507.388
507.388
698.427
698.427
698.427
698.427
698.427
771.457
771.457
771.457
771.457
771.457
687.394
687.394
687.394
687.394
687.394
711.106
711.106
711.106
711.106
711.106
747.863
747.863
747.863
747.863
747.863
750.659
750.659
750.659
750.659
750.659
0
