0
0
0
0
552.226
552.226
552.226
552.226
552.226
560.063
560.063
560.063
560.063
560.063
627.393
627.393
627.393
627.393
627.393
720.043
720.043
720.043
720.043
720.043
736.934
736.934
736.934
736.934
736.934
796.348
796.348
796.348
796.348
796.348
792.749
792.749
792.749
792.749
792.749
787.462
787.462
787.462
787.462
787.462
784.976
784.976
784.976
784.976
784.976
766.15
766.15
766.15
766.15
766.15
788.322
788.322
788.322
788.322
788.322
782.011
782.011
782.011
782.011
782.011
792.502
792.502
792.502
792.502
792.502
789.054
789.054
789.054
789.054
789.054
786.461
786.461
786.461
786.461
786.461
795.948
795.948
795.948
795.948
795.948
793.642
793.642
793.642
793.642
793.642
795.54
795.54
795.54
795.54
795.54
784.016
784.016
784.016
784.016
784.016
783.809
783.809
783.809
783.809
783.809
782.428
782.428
782.428
782.428
782.428
798.684
798.684
798.684
798.684
798.684
794.017
794.017
794.017
794.017
794.017
790.166
790.166
790.166
790.166
790.166
797.163
797.163
797.163
797.163
797.163
790.968
790.968
790.968
790.968
790.968
792.352
792.352
792.352
792.352
792.352
795.461
795.461
795.461
795.461
795.461
788.257
788.257
788.257
788.257
788.257
787.46
787.46
787.46
787.46
787.46
794.612
794.612
794.612
794.612
794.612
792.315
792.315
792.315
792.315
792.315
794.336
794.336
794.336
794.336
794.336
797.724
797.724
797.724
797.724
797.724
785.65
785.65
785.65
785.65
785.65
790.828
790.828
790.828
790.828
790.828
797.714
797.714
797.714
797.714
797.714
796.482
796.482
796.482
796.482
796.482
794.907
794.907
794.907
794.907
794.907
796.331
796.331
796.331
796.331
796.331
795.309
795.309
795.309
795.309
795.309
791.302
791.302
791.302
791.302
791.302
795.267
795.267
795.267
795.267
795.267
794.036
794.036
794.036
794.036
794.036
792.422
792.422
792.422
792.422
792.422
797.651
797.651
797.651
797.651
797.651
793.901
793.901
793.901
793.901
793.901
794.387
794.387
794.387
794.387
794.387
796.442
796.442
796.442
796.442
796.442
797.108
797.108
797.108
797.108
797.108
795.679
795.679
795.679
795.679
795.679
798.138
798.138
798.138
798.138
798.138
796.337
796.337
796.337
796.337
796.337
795.069
795.069
795.069
795.069
795.069
796.884
796.884
796.884
796.884
796.884
796.033
796.033
796.033
796.033
796.033
793.924
793.924
793.924
793.924
793.924
797.638
797.638
797.638
797.638
797.638
791.963
791.963
791.963
791.963
791.963
791.062
791.062
791.062
791.062
791.062
794.633
794.633
794.633
794.633
794.633
794.895
794.895
794.895
794.895
794.895
785.923
785.923
785.923
785.923
785.923
797.306
797.306
797.306
797.306
797.306
795.453
795.453
795.453
795.453
795.453
795.881
795.881
795.881
795.881
795.881
797.443
797.443
797.443
797.443
797.443
795.976
795.976
795.976
795.976
795.976
791.897
791.897
791.897
791.897
791.897
795.273
795.273
795.273
795.273
795.273
794.297
794.297
794.297
794.297
794.297
792.029
792.029
792.029
792.029
792.029
798.747
798.747
798.747
798.747
798.747
796.14
796.14
796.14
796.14
796.14
793.168
793.168
793.168
793.168
793.168
798.394
798.394
798.394
798.394
798.394
797.764
797.764
797.764
797.764
797.764
797.626
797.626
797.626
797.626
797.626
797.689
797.689
797.689
797.689
797.689
798.212
798.212
798.212
798.212
798.212
797.06
797.06
797.06
797.06
797.06
798.278
798.278
798.278
798.278
798.278
796.807
796.807
796.807
796.807
796.807
797.626
797.626
797.626
797.626
797.626
797.466
797.466
797.466
797.466
797.466
795.382
795.382
795.382
795.382
795.382
795.998
795.998
795.998
795.998
795.998
798.606
798.606
798.606
798.606
798.606
796.504
796.504
796.504
796.504
796.504
796.899
796.899
796.899
796.899
796.899
796.779
796.779
796.779
796.779
796.779
797.5
797.5
797.5
797.5
797.5
795.305
795.305
795.305
795.305
795.305
797.073
797.073
797.073
797.073
797.073
797.585
797.585
797.585
797.585
797.585
796.509
796.509
796.509
796.509
796.509
798.697
798.697
798.697
798.697
798.697
798.063
798.063
798.063
798.063
798.063
796.981
796.981
796.981
796.981
796.981
798.665
798.665
798.665
798.665
798.665
797.741
797.741
797.741
797.741
797.741
796.943
796.943
796.943
796.943
796.943
798.465
798.465
798.465
798.465
798.465
798.262
798.262
798.262
798.262
798.262
797.335
797.335
797.335
797.335
797.335
798.109
798.109
798.109
798.109
798.109
798.488
798.488
798.488
798.488
798.488
797.574
797.574
797.574
797.574
797.574
798.051
798.051
798.051
798.051
798.051
796.292
796.292
796.292
796.292
796.292
796.231
796.231
796.231
796.231
796.231
798.862
798.862
798.862
798.862
798.862
798.442
798.442
798.442
798.442
798.442
797.785
797.785
797.785
797.785
797.785
797.936
797.936
797.936
797.936
797.936
797.556
797.556
797.556
797.556
797.556
796.699
796.699
796.699
796.699
796.699
798.678
798.678
798.678
798.678
798.678
798.028
798.028
798.028
798.028
798.028
798.181
798.181
798.181
798.181
798.181
798.176
798.176
798.176
798.176
798.176
796.613
796.613
796.613
796.613
796.613
797.785
797.785
797.785
797.785
797.785
797.795
797.795
797.795
797.795
797.795
796.6
796.6
796.6
796.6
796.6
794.097
794.097
794.097
794.097
794.097
798.036
798.036
798.036
798.036
798.036
795.715
795.715
795.715
795.715
795.715
793.251
793.251
793.251
793.251
793.251
798.58
798.58
798.58
798.58
798.58
798.682
798.682
798.682
798.682
798.682
796.903
796.903
796.903
796.903
796.903
798.62
798.62
798.62
798.62
798.62
796.219
796.219
796.219
796.219
796.219
798.514
798.514
798.514
798.514
798.514
798.961
798.961
798.961
798.961
798.961
798.292
798.292
798.292
798.292
798.292
798.117
798.117
798.117
798.117
798.117
798.402
798.402
798.402
798.402
798.402
797.868
797.868
797.868
797.868
797.868
796.313
796.313
796.313
796.313
796.313
796.412
796.412
796.412
796.412
796.412
796.687
796.687
796.687
796.687
796.687
794.025
794.025
794.025
794.025
794.025
798.342
798.342
798.342
798.342
798.342
797.7
797.7
797.7
797.7
797.7
796.721
796.721
796.721
796.721
796.721
798.631
798.631
798.631
798.631
798.631
795.786
795.786
795.786
795.786
795.786
795.39
795.39
795.39
795.39
795.39
798.311
798.311
798.311
798.311
798.311
797.249
797.249
797.249
797.249
797.249
795.541
795.541
795.541
795.541
795.541
798.367
798.367
798.367
798.367
798.367
796.961
796.961
796.961
796.961
796.961
795.768
795.768
795.768
795.768
795.768
798.922
798.922
798.922
798.922
798.922
797.039
797.039
797.039
797.039
797.039
797.648
797.648
797.648
797.648
797.648
796.797
796.797
796.797
796.797
796.797
795.244
795.244
795.244
795.244
795.244
794.682
794.682
794.682
794.682
794.682
798.288
798.288
798.288
798.288
798.288
798.491
798.491
798.491
798.491
798.491
796.745
796.745
796.745
796.745
796.745
797.493
797.493
797.493
797.493
797.493
795.625
795.625
795.625
795.625
795.625
794.487
794.487
794.487
794.487
794.487
798.053
798.053
798.053
798.053
798.053
797.139
797.139
797.139
797.139
797.139
796.33
796.33
796.33
796.33
796.33
798.48
798.48
798.48
798.48
798.48
797.631
797.631
797.631
797.631
797.631
795.589
795.589
795.589
795.589
795.589
797.913
797.913
797.913
797.913
797.913
797.297
797.297
797.297
797.297
797.297
798.323
798.323
798.323
798.323
798.323
796.105
796.105
796.105
796.105
796.105
796.377
796.377
796.377
796.377
796.377
796.179
796.179
796.179
796.179
796.179
796.842
796.842
796.842
796.842
796.842
796.243
796.243
796.243
796.243
796.243
795.036
795.036
795.036
795.036
795.036
797.644
797.644
797.644
797.644
797.644
797.128
797.128
797.128
797.128
797.128
796.426
796.426
796.426
796.426
796.426
798.253
798.253
798.253
798.253
798.253
797.78
797.78
797.78
797.78
797.78
796.703
796.703
796.703
796.703
796.703
798.921
798.921
798.921
798.921
798.921
798.652
798.652
798.652
798.652
798.652
798.214
798.214
798.214
798.214
798.214
798.989
798.989
798.989
798.989
798.989
797.345
797.345
797.345
797.345
797.345
796.926
796.926
796.926
796.926
796.926
797.842
797.842
797.842
797.842
797.842
797.153
797.153
797.153
797.153
797.153
796.665
796.665
796.665
796.665
796.665
798.228
798.228
798.228
798.228
798.228
796.84
796.84
796.84
796.84
796.84
796.145
796.145
796.145
796.145
796.145
798.379
798.379
798.379
798.379
798.379
797.288
797.288
797.288
797.288
797.288
796.748
796.748
796.748
796.748
796.748
798.375
798.375
798.375
798.375
798.375
797.634
797.634
797.634
797.634
797.634
795.53
795.53
795.53
795.53
795.53
798.59
798.59
798.59
798.59
798.59
798.337
798.337
798.337
798.337
798.337
797.842
797.842
797.842
797.842
797.842
796.461
796.461
796.461
796.461
796.461
796.4
796.4
796.4
796.4
796.4
796.259
796.259
796.259
796.259
796.259
796.863
796.863
796.863
796.863
796.863
797.411
797.411
797.411
797.411
797.411
795.954
795.954
795.954
795.954
795.954
798.987
798.987
798.987
798.987
798.987
798.601
798.601
798.601
798.601
798.601
798.242
798.242
798.242
798.242
798.242
798.529
798.529
798.529
798.529
798.529
797.88
797.88
797.88
797.88
797.88
797.107
797.107
797.107
797.107
797.107
798.854
798.854
798.854
798.854
798.854
797.79
797.79
797.79
797.79
797.79
796.591
796.591
796.591
796.591
796.591
798.944
798.944
798.944
798.944
798.944
797.861
797.861
797.861
797.861
797.861
797.146
797.146
797.146
797.146
797.146
798.372
798.372
798.372
798.372
798.372
796.568
796.568
796.568
796.568
796.568
796.799
796.799
796.799
796.799
796.799
797.714
797.714
797.714
797.714
797.714
796.621
796.621
796.621
796.621
796.621
796.258
796.258
796.258
796.258
796.258
798.184
798.184
798.184
798.184
798.184
797.786
797.786
797.786
797.786
797.786
796.911
796.911
796.911
796.911
796.911
798.73
798.73
798.73
798.73
798.73
798.286
798.286
798.286
798.286
798.286
797.093
797.093
797.093
797.093
797.093
798.695
798.695
798.695
798.695
798.695
798.495
798.495
798.495
798.495
798.495
797.426
797.426
797.426
797.426
797.426
798.55
798.55
798.55
798.55
798.55
796.648
796.648
796.648
796.648
796.648
796.095
796.095
796.095
796.095
796.095
798.953
798.953
798.953
798.953
798.953
798.331
798.331
798.331
798.331
798.331
798.102
798.102
798.102
798.102
798.102
798.339
798.339
798.339
798.339
798.339
798.156
798.156
798.156
798.156
798.156
796.888
796.888
796.888
796.888
796.888
798.872
798.872
798.872
798.872
798.872
798.822
798.822
798.822
798.822
798.822
797.764
797.764
797.764
797.764
797.764
798.362
798.362
798.362
798.362
798.362
798.176
798.176
798.176
798.176
798.176
797.644
797.644
797.644
797.644
797.644
798.428
798.428
798.428
798.428
798.428
797.854
797.854
797.854
797.854
797.854
797.57
797.57
797.57
797.57
797.57
798.625
798.625
798.625
798.625
798.625
797.114
797.114
797.114
797.114
797.114
796.656
796.656
796.656
796.656
796.656
798.249
798.249
798.249
798.249
798.249
797.83
797.83
797.83
797.83
797.83
797.096
797.096
797.096
797.096
797.096
797.919
797.919
797.919
797.919
797.919
797.809
797.809
797.809
797.809
797.809
795.867
795.867
795.867
795.867
795.867
798.484
798.484
798.484
798.484
798.484
797.534
797.534
797.534
797.534
797.534
796.363
796.363
796.363
796.363
796.363
798.968
798.968
798.968
798.968
798.968
797.945
797.945
797.945
797.945
797.945
795.981
795.981
795.981
795.981
795.981
798.702
798.702
798.702
798.702
798.702
798.358
798.358
798.358
798.358
798.358
798.741
798.741
798.741
798.741
798.741
798.5
798.5
798.5
798.5
798.5
796.991
796.991
796.991
796.991
796.991
795.801
795.801
795.801
795.801
795.801
798.982
798.982
798.982
798.982
798.982
798.229
798.229
798.229
798.229
798.229
797.665
797.665
797.665
797.665
797.665
798.031
798.031
798.031
798.031
798.031
797.978
797.978
797.978
797.978
797.978
797.568
797.568
797.568
797.568
797.568
798.987
798.987
798.987
798.987
798.987
798.453
798.453
798.453
798.453
798.453
795.075
795.075
795.075
795.075
795.075
798.625
798.625
798.625
798.625
798.625
798.393
798.393
798.393
798.393
798.393
798.076
798.076
798.076
798.076
798.076
798.242
798.242
798.242
798.242
798.242
797.353
797.353
797.353
797.353
797.353
796.561
796.561
796.561
796.561
796.561
798.717
798.717
798.717
798.717
798.717
798.082
798.082
798.082
798.082
798.082
796.749
796.749
796.749
796.749
796.749
797.969
797.969
797.969
797.969
797.969
797.188
797.188
797.188
797.188
797.188
797.665
797.665
797.665
797.665
797.665
798.922
798.922
798.922
798.922
798.922
798.14
798.14
798.14
798.14
798.14
796.678
796.678
796.678
796.678
796.678
798.104
798.104
798.104
798.104
798.104
796.556
796.556
796.556
796.556
796.556
797.17
797.17
797.17
797.17
797.17
798.732
798.732
798.732
798.732
798.732
798.205
798.205
798.205
798.205
798.205
797.09
797.09
797.09
797.09
797.09
798.461
798.461
798.461
798.461
798.461
798.214
798.214
798.214
798.214
798.214
798.263
798.263
798.263
798.263
798.263
798.983
798.983
798.983
798.983
798.983
797.48
797.48
797.48
797.48
797.48
797.305
797.305
797.305
797.305
797.305
799
799
799
799
799
798.432
798.432
798.432
798.432
798.432
798.009
798.009
798.009
798.009
798.009
798.664
798.664
798.664
798.664
798.664
798.94
798.94
798.94
798.94
798.94
796.904
796.904
796.904
796.904
796.904
798.93
798.93
798.93
798.93
798.93
798.866
798.866
798.866
798.866
798.866
798.069
798.069
798.069
798.069
798.069
798.497
798.497
798.497
798.497
798.497
797.297
797.297
797.297
797.297
797.297
797.235
797.235
797.235
797.235
797.235
798.984
798.984
798.984
798.984
798.984
798.928
798.928
798.928
798.928
798.928
798.563
798.563
798.563
798.563
798.563
799
799
799
799
799
798.304
798.304
798.304
798.304
798.304
798.051
798.051
798.051
798.051
798.051
798.445
798.445
798.445
798.445
798.445
798.415
798.415
798.415
798.415
798.415
797.68
797.68
797.68
797.68
797.68
798.49
798.49
798.49
798.49
798.49
797.988
797.988
797.988
797.988
797.988
797.068
797.068
797.068
797.068
797.068
799
799
799
799
799
798.088
798.088
798.088
798.088
798.088
798.076
798.076
798.076
798.076
798.076
798.746
798.746
798.746
798.746
798.746
798.525
798.525
798.525
798.525
798.525
798.336
798.336
798.336
798.336
798.336
797.992
797.992
797.992
797.992
797.992
797.885
797.885
797.885
797.885
797.885
797.488
797.488
797.488
797.488
797.488
799
799
799
799
799
798.299
798.299
798.299
798.299
798.299
797.592
797.592
797.592
797.592
797.592
798.984
798.984
798.984
798.984
798.984
797.889
797.889
797.889
797.889
797.889
797.9
797.9
797.9
797.9
797.9
798.992
798.992
798.992
798.992
798.992
798.49
798.49
798.49
798.49
798.49
797.484
797.484
797.484
797.484
797.484
798.976
798.976
798.976
798.976
798.976
798.474
798.474
798.474
798.474
798.474
798.405
798.405
798.405
798.405
798.405
799
799
799
799
799
798.991
798.991
798.991
798.991
798.991
798.636
798.636
798.636
798.636
798.636
798.232
798.232
798.232
798.232
798.232
797.798
797.798
797.798
797.798
797.798
797.128
797.128
797.128
797.128
797.128
798.998
798.998
798.998
798.998
798.998
798.932
798.932
798.932
798.932
798.932
798.57
798.57
798.57
798.57
798.57
798.93
798.93
798.93
798.93
798.93
798.239
798.239
798.239
798.239
798.239
797.95
797.95
797.95
797.95
797.95
798.984
798.984
798.984
798.984
798.984
797.515
797.515
797.515
797.515
797.515
797.4
797.4
797.4
797.4
797.4
798.992
798.992
798.992
798.992
798.992
797.918
797.918
797.918
797.918
797.918
798.198
798.198
798.198
798.198
798.198
799
799
799
799
799
798.385
798.385
798.385
798.385
798.385
797.896
797.896
797.896
797.896
797.896
798.998
798.998
798.998
798.998
798.998
798.863
798.863
798.863
798.863
798.863
798.688
798.688
798.688
798.688
798.688
797.998
797.998
797.998
797.998
797.998
797.847
797.847
797.847
797.847
797.847
797.322
797.322
797.322
797.322
797.322
798.75
798.75
798.75
798.75
798.75
798.124
798.124
798.124
798.124
798.124
798.28
798.28
798.28
798.28
798.28
797.457
797.457
797.457
797.457
797.457
798.121
798.121
798.121
798.121
798.121
797.61
797.61
797.61
797.61
797.61
798.461
798.461
798.461
798.461
798.461
797.703
797.703
797.703
797.703
797.703
798.409
798.409
798.409
798.409
798.409
798.416
798.416
798.416
798.416
798.416
797.943
797.943
797.943
797.943
797.943
797.739
797.739
797.739
797.739
797.739
798.992
798.992
798.992
798.992
798.992
798.963
798.963
798.963
798.963
798.963
798.897
798.897
798.897
798.897
798.897
798.749
798.749
798.749
798.749
798.749
798.428
798.428
798.428
798.428
798.428
798.205
798.205
798.205
798.205
798.205
798.656
798.656
798.656
798.656
798.656
798.53
798.53
798.53
798.53
798.53
797.773
797.773
797.773
797.773
797.773
798.875
798.875
798.875
798.875
798.875
798.414
798.414
798.414
798.414
798.414
798.04
798.04
798.04
798.04
798.04
798.984
798.984
798.984
798.984
798.984
797.983
797.983
797.983
797.983
797.983
797.692
797.692
797.692
797.692
797.692
798.99
798.99
798.99
798.99
798.99
798.766
798.766
798.766
798.766
798.766
798.209
798.209
798.209
798.209
798.209
798.995
798.995
798.995
798.995
798.995
798.748
798.748
798.748
798.748
798.748
797.727
797.727
797.727
797.727
797.727
798.185
798.185
798.185
798.185
798.185
797.553
797.553
797.553
797.553
797.553
797.479
797.479
797.479
797.479
797.479
798.328
798.328
798.328
798.328
798.328
797.677
797.677
797.677
797.677
797.677
798.107
798.107
798.107
798.107
798.107
798.719
798.719
798.719
798.719
798.719
797.717
797.717
797.717
797.717
797.717
797.44
797.44
797.44
797.44
797.44
798.996
798.996
798.996
798.996
798.996
798.272
798.272
798.272
798.272
798.272
798.457
798.457
798.457
798.457
798.457
798.937
798.937
798.937
798.937
798.937
798.173
798.173
798.173
798.173
798.173
797.412
797.412
797.412
797.412
797.412
798.468
798.468
798.468
798.468
798.468
798.172
798.172
798.172
798.172
798.172
797.952
797.952
797.952
797.952
797.952
798.686
798.686
798.686
798.686
798.686
798.123
798.123
798.123
798.123
798.123
797.496
797.496
797.496
797.496
797.496
799
799
799
799
799
798.843
798.843
798.843
798.843
798.843
798.612
798.612
798.612
798.612
798.612
798.953
798.953
798.953
798.953
798.953
797.982
797.982
797.982
797.982
797.982
798.131
798.131
798.131
798.131
798.131
798.937
798.937
798.937
798.937
798.937
798.141
798.141
798.141
798.141
798.141
797.024
797.024
797.024
797.024
797.024
798.5
798.5
798.5
798.5
798.5
798.181
798.181
798.181
798.181
798.181
797.965
797.965
797.965
797.965
797.965
798.867
798.867
798.867
798.867
798.867
798.239
798.239
798.239
798.239
798.239
798.05
798.05
798.05
798.05
798.05
799
799
799
799
799
798.151
798.151
798.151
798.151
798.151
797.612
797.612
797.612
797.612
797.612
799
799
799
799
799
798.781
798.781
798.781
798.781
798.781
798.504
798.504
798.504
798.504
798.504
798.496
798.496
798.496
798.496
798.496
798.106
798.106
798.106
798.106
798.106
797.321
797.321
797.321
797.321
797.321
798.937
798.937
798.937
798.937
798.937
798.776
798.776
798.776
798.776
798.776
798.626
798.626
798.626
798.626
798.626
798.836
798.836
798.836
798.836
798.836
798.898
798.898
798.898
798.898
798.898
798.492
798.492
798.492
798.492
798.492
798.749
798.749
798.749
798.749
798.749
798.222
798.222
798.222
798.222
798.222
796.235
796.235
796.235
796.235
796.235
798.98
798.98
798.98
798.98
798.98
798.405
798.405
798.405
798.405
798.405
797.616
797.616
797.616
797.616
797.616
798.75
798.75
798.75
798.75
798.75
798.42
798.42
798.42
798.42
798.42
797.466
797.466
797.466
797.466
797.466
798.744
798.744
798.744
798.744
798.744
798.419
798.419
798.419
798.419
798.419
798.243
798.243
798.243
798.243
798.243
799
799
799
799
799
798.479
798.479
798.479
798.479
798.479
798.375
798.375
798.375
798.375
798.375
798.875
798.875
798.875
798.875
798.875
798.903
798.903
798.903
798.903
798.903
798.478
798.478
798.478
798.478
798.478
798.937
798.937
798.937
798.937
798.937
798.499
798.499
798.499
798.499
798.499
798.803
798.803
798.803
798.803
798.803
799
799
799
799
799
798.677
798.677
798.677
798.677
798.677
798.665
798.665
798.665
798.665
798.665
798.865
798.865
798.865
798.865
798.865
798.281
798.281
798.281
798.281
798.281
797.919
797.919
797.919
797.919
797.919
798.874
798.874
798.874
798.874
798.874
798.562
798.562
798.562
798.562
798.562
797.549
797.549
797.549
797.549
797.549
798.75
798.75
798.75
798.75
798.75
798.123
798.123
798.123
798.123
798.123
797.151
797.151
797.151
797.151
797.151
798.898
798.898
798.898
798.898
798.898
798.273
798.273
798.273
798.273
798.273
798.173
798.173
798.173
798.173
798.173
798.937
798.937
798.937
798.937
798.937
798.995
798.995
798.995
798.995
798.995
797.913
797.913
797.913
797.913
797.913
798.742
798.742
798.742
798.742
798.742
798.882
798.882
798.882
798.882
798.882
798.066
798.066
798.066
798.066
798.066
798.998
798.998
798.998
798.998
798.998
798.855
798.855
798.855
798.855
798.855
798.827
798.827
798.827
798.827
798.827
798.49
798.49
798.49
798.49
798.49
798.631
798.631
798.631
798.631
798.631
798.068
798.068
798.068
798.068
798.068
798.871
798.871
798.871
798.871
798.871
798.18
798.18
798.18
798.18
798.18
797.953
797.953
797.953
797.953
797.953
798.935
798.935
798.935
798.935
798.935
798.995
798.995
798.995
798.995
798.995
797.822
797.822
797.822
797.822
797.822
798.871
798.871
798.871
798.871
798.871
798.674
798.674
798.674
798.674
798.674
798.673
798.673
798.673
798.673
798.673
798.492
798.492
798.492
798.492
798.492
798.834
798.834
798.834
798.834
798.834
798.271
798.271
798.271
798.271
798.271
798.969
798.969
798.969
798.969
798.969
798.672
798.672
798.672
798.672
798.672
798.258
798.258
798.258
798.258
798.258
798.498
798.498
798.498
798.498
798.498
798.45
798.45
798.45
798.45
798.45
798.446
798.446
798.446
798.446
798.446
798.616
798.616
798.616
798.616
798.616
798.392
798.392
798.392
798.392
798.392
798.347
798.347
798.347
798.347
798.347
798.984
798.984
798.984
798.984
798.984
798.375
798.375
798.375
798.375
798.375
798.37
798.37
798.37
798.37
798.37
798.968
798.968
798.968
798.968
798.968
798.469
798.469
798.469
798.469
798.469
798.468
798.468
798.468
798.468
798.468
798.998
798.998
798.998
798.998
798.998
798.988
798.988
798.988
798.988
798.988
798.794
798.794
798.794
798.794
798.794
798.992
798.992
798.992
798.992
798.992
798.437
798.437
798.437
798.437
798.437
797.905
797.905
797.905
797.905
797.905
799
799
799
799
799
798.984
798.984
798.984
798.984
798.984
798.732
798.732
798.732
798.732
798.732
798.5
798.5
798.5
798.5
798.5
797.937
797.937
797.937
797.937
797.937
798.743
798.743
798.743
798.743
798.743
798.998
798.998
798.998
798.998
798.998
798.5
798.5
798.5
798.5
798.5
798.355
798.355
798.355
798.355
798.355
798.999
798.999
798.999
798.999
798.999
798.499
798.499
798.499
798.499
798.499
797.874
797.874
797.874
797.874
797.874
799
799
799
799
799
798.976
798.976
798.976
798.976
798.976
798.847
798.847
798.847
798.847
798.847
798.499
798.499
798.499
798.499
798.499
798.406
798.406
798.406
798.406
798.406
798.051
798.051
798.051
798.051
798.051
799
799
799
799
799
798.979
798.979
798.979
798.979
798.979
798.486
798.486
798.486
798.486
798.486
798.992
798.992
798.992
798.992
798.992
798.993
798.993
798.993
798.993
798.993
798.851
798.851
798.851
798.851
798.851
798.992
798.992
798.992
798.992
798.992
798.742
798.742
798.742
798.742
798.742
798.984
798.984
798.984
798.984
798.984
799
799
799
799
799
797.812
797.812
797.812
797.812
797.812
797.766
797.766
797.766
797.766
797.766
799
799
799
799
799
798.992
798.992
798.992
798.992
798.992
798.843
798.843
798.843
798.843
798.843
798.5
798.5
798.5
798.5
798.5
797.779
797.779
797.779
797.779
797.779
797.607
797.607
797.607
797.607
797.607
798.991
798.991
798.991
798.991
798.991
798.082
798.082
798.082
798.082
798.082
798.07
798.07
798.07
798.07
798.07
799
799
799
799
799
799
799
799
799
799
798.37
798.37
798.37
798.37
798.37
799
799
799
799
799
798.937
798.937
798.937
798.937
798.937
798.345
798.345
798.345
798.345
798.345
798.961
798.961
798.961
798.961
798.961
798.989
798.989
798.989
798.989
798.989
798.453
798.453
798.453
798.453
798.453
798.867
798.867
798.867
798.867
798.867
798.301
798.301
798.301
798.301
798.301
798.258
798.258
798.258
798.258
798.258
798.496
798.496
798.496
798.496
798.496
798.059
798.059
798.059
798.059
798.059
797.865
797.865
797.865
797.865
797.865
798.969
798.969
798.969
798.969
798.969
798.984
798.984
798.984
798.984
798.984
797.762
797.762
797.762
797.762
797.762
798.875
798.875
798.875
798.875
798.875
798.375
798.375
798.375
798.375
798.375
798.359
798.359
798.359
798.359
798.359
799
799
799
799
799
798.469
798.469
798.469
798.469
798.469
797.708
797.708
797.708
797.708
797.708
799
799
799
799
799
798.995
798.995
798.995
798.995
798.995
798.998
798.998
798.998
798.998
798.998
798.875
798.875
798.875
798.875
798.875
798.857
798.857
798.857
798.857
798.857
798.859
798.859
798.859
798.859
798.859
798.938
798.938
798.938
798.938
798.938
798.531
798.531
798.531
798.531
798.531
798.561
798.561
798.561
798.561
798.561
798.966
798.966
798.966
798.966
798.966
798.712
798.712
798.712
798.712
798.712
798.573
798.573
798.573
798.573
798.573
799
799
799
799
799
798.875
798.875
798.875
798.875
798.875
797.985
797.985
797.985
797.985
797.985
799
799
799
799
799
798.5
798.5
798.5
798.5
798.5
798.225
798.225
798.225
798.225
798.225
799
799
799
799
799
797.87
797.87
797.87
797.87
797.87
797.103
797.103
797.103
797.103
797.103
798.875
798.875
798.875
798.875
798.875
798.984
798.984
798.984
798.984
798.984
798.182
798.182
798.182
798.182
798.182
798.996
798.996
798.996
798.996
798.996
798.976
798.976
798.976
798.976
798.976
798.85
798.85
798.85
798.85
798.85
799
799
799
799
799
798.984
798.984
798.984
798.984
798.984
798.484
798.484
798.484
798.484
798.484
798.5
798.5
798.5
798.5
798.5
798.059
798.059
798.059
798.059
798.059
797.499
797.499
797.499
797.499
797.499
798.75
798.75
798.75
798.75
798.75
798.745
798.745
798.745
798.745
798.745
798.476
798.476
798.476
798.476
798.476
799
799
799
799
799
798.375
798.375
798.375
798.375
798.375
798.429
798.429
798.429
798.429
798.429
798.996
798.996
798.996
798.996
798.996
798.967
798.967
798.967
798.967
798.967
798.951
798.951
798.951
798.951
798.951
799
799
799
799
799
798.686
798.686
798.686
798.686
798.686
798.436
798.436
798.436
798.436
798.436
798.75
798.75
798.75
798.75
798.75
798.496
798.496
798.496
798.496
798.496
797.926
797.926
797.926
797.926
797.926
799
799
799
799
799
798.99
798.99
798.99
798.99
798.99
798.955
798.955
798.955
798.955
798.955
799
799
799
799
799
798.996
798.996
798.996
798.996
798.996
798.434
798.434
798.434
798.434
798.434
799
799
799
799
799
798.958
798.958
798.958
798.958
798.958
798.915
798.915
798.915
798.915
798.915
798.75
798.75
798.75
798.75
798.75
798.812
798.812
798.812
798.812
798.812
798.307
798.307
798.307
798.307
798.307
798.984
798.984
798.984
798.984
798.984
798.718
798.718
798.718
798.718
798.718
798.765
798.765
798.765
798.765
798.765
799
799
799
799
799
798.997
798.997
798.997
798.997
798.997
798.708
798.708
798.708
798.708
798.708
799
799
799
799
799
799
799
799
799
799
798.719
798.719
798.719
798.719
798.719
798.935
798.935
798.935
798.935
798.935
798.932
798.932
798.932
798.932
798.932
798.602
798.602
798.602
798.602
798.602
798.998
798.998
798.998
798.998
798.998
798.332
798.332
798.332
798.332
798.332
798.455
798.455
798.455
798.455
798.455
799
799
799
799
799
799
799
799
799
799
798.921
798.921
798.921
798.921
798.921
799
799
799
799
799
798.374
798.374
798.374
798.374
798.374
797.123
797.123
797.123
797.123
797.123
798.992
798.992
798.992
798.992
798.992
798.864
798.864
798.864
798.864
798.864
798.825
798.825
798.825
798.825
798.825
798.969
798.969
798.969
798.969
798.969
798.936
798.936
798.936
798.936
798.936
798.967
798.967
798.967
798.967
798.967
799
799
799
799
799
798.858
798.858
798.858
798.858
798.858
798.746
798.746
798.746
798.746
798.746
798.998
798.998
798.998
798.998
798.998
798.998
798.998
798.998
798.998
798.998
798.852
798.852
798.852
798.852
798.852
799
799
799
799
799
799
799
799
799
799
798.074
798.074
798.074
798.074
798.074
799
799
799
799
799
798.967
798.967
798.967
798.967
798.967
798.436
798.436
798.436
798.436
798.436
799
799
799
799
799
799
799
799
799
799
798.375
798.375
798.375
798.375
798.375
799
799
799
799
799
798.983
798.983
798.983
798.983
798.983
798.492
798.492
798.492
798.492
798.492
798.75
798.75
798.75
798.75
798.75
798.467
798.467
798.467
798.467
798.467
797.658
797.658
797.658
797.658
797.658
798.996
798.996
798.996
798.996
798.996
798.675
798.675
798.675
798.675
798.675
798.172
798.172
798.172
798.172
798.172
798.996
798.996
798.996
798.996
798.996
798.978
798.978
798.978
798.978
798.978
798.96
798.96
798.96
798.96
798.96
798.875
798.875
798.875
798.875
798.875
798.866
798.866
798.866
798.866
798.866
798.707
798.707
798.707
798.707
798.707
799
799
799
799
799
798.906
798.906
798.906
798.906
798.906
798.555
798.555
798.555
798.555
798.555
799
799
799
799
799
798.935
798.935
798.935
798.935
798.935
798.869
798.869
798.869
798.869
798.869
799
799
799
799
799
799
799
799
799
799
798.998
798.998
798.998
798.998
798.998
799
799
799
799
799
798.933
798.933
798.933
798.933
798.933
798.717
798.717
798.717
798.717
798.717
798.938
798.938
798.938
798.938
798.938
798.875
798.875
798.875
798.875
798.875
798.689
798.689
798.689
798.689
798.689
798.998
798.998
798.998
798.998
798.998
798.992
798.992
798.992
798.992
798.992
798.967
798.967
798.967
798.967
798.967
799
799
799
799
799
798.969
798.969
798.969
798.969
798.969
798.937
798.937
798.937
798.937
798.937
798.999
798.999
798.999
798.999
798.999
798.748
798.748
798.748
798.748
798.748
798.295
798.295
798.295
798.295
798.295
799
799
799
799
799
799
799
799
799
799
798.219
798.219
798.219
798.219
798.219
799
799
799
799
799
799
799
799
799
799
798.812
798.812
798.812
798.812
798.812
799
799
799
799
799
799
799
799
799
799
798.998
798.998
798.998
798.998
798.998
798.5
798.5
798.5
798.5
798.5
798.469
798.469
798.469
798.469
798.469
798.234
798.234
798.234
798.234
798.234
799
799
799
799
799
799
799
799
799
799
798.883
798.883
798.883
798.883
798.883
798.999
798.999
798.999
798.999
798.999
798.187
798.187
798.187
798.187
798.187
798.406
798.406
798.406
798.406
798.406
799
799
799
799
799
799
799
799
799
799
798.936
798.936
798.936
798.936
798.936
798.875
798.875
798.875
798.875
798.875
798.906
798.906
798.906
798.906
798.906
798.874
798.874
798.874
798.874
798.874
799
799
799
799
799
798.875
798.875
798.875
798.875
798.875
798.593
798.593
798.593
798.593
798.593
798.998
798.998
798.998
798.998
798.998
798.906
798.906
798.906
798.906
798.906
798.55
798.55
798.55
798.55
798.55
798.938
798.938
798.938
798.938
798.938
798.93
798.93
798.93
798.93
798.93
798.617
798.617
798.617
798.617
798.617
798.982
798.982
798.982
798.982
798.982
798.843
798.843
798.843
798.843
798.843
798.884
798.884
798.884
798.884
798.884
799
799
799
799
799
799
799
799
799
799
798.999
798.999
798.999
798.999
798.999
799
799
799
799
799
798.48
798.48
798.48
798.48
798.48
798.362
798.362
798.362
798.362
798.362
799
799
799
799
799
798.99
798.99
798.99
798.99
798.99
798.992
798.992
798.992
798.992
798.992
799
799
799
799
799
798.75
798.75
798.75
798.75
798.75
798.209
798.209
798.209
798.209
798.209
799
799
799
799
799
799
799
799
799
799
798.968
798.968
798.968
798.968
798.968
799
799
799
799
799
798.674
798.674
798.674
798.674
798.674
798.672
798.672
798.672
798.672
798.672
798.922
798.922
798.922
798.922
798.922
798.765
798.765
798.765
798.765
798.765
798.73
798.73
798.73
798.73
798.73
799
799
799
799
799
798.5
798.5
798.5
798.5
798.5
798.61
798.61
798.61
798.61
798.61
799
799
799
799
799
799
799
799
799
799
798.717
798.717
798.717
798.717
798.717
798.938
798.938
798.938
798.938
798.938
798.949
798.949
798.949
798.949
798.949
798.279
798.279
798.279
798.279
798.279
799
799
799
799
799
799
799
799
799
799
798.496
798.496
798.496
798.496
798.496
799
799
799
799
799
798.75
798.75
798.75
798.75
798.75
798.219
798.219
798.219
798.219
798.219
799
799
799
799
799
798.992
798.992
798.992
798.992
798.992
798.863
798.863
798.863
798.863
798.863
799
799
799
799
799
798.969
798.969
798.969
798.969
798.969
799
799
799
799
799
798.999
798.999
798.999
798.999
798.999
798.992
798.992
798.992
798.992
798.992
798.901
798.901
798.901
798.901
798.901
799
799
799
799
799
798.982
798.982
798.982
798.982
798.982
798.67
798.67
798.67
798.67
798.67
799
799
799
799
799
799
799
799
799
799
798.623
798.623
798.623
798.623
798.623
799
799
799
799
799
798.437
798.437
798.437
798.437
798.437
798.374
798.374
798.374
798.374
798.374
799
799
799
799
799
798.996
798.996
798.996
798.996
798.996
798.992
798.992
798.992
798.992
798.992
799
799
799
799
799
798.75
798.75
798.75
798.75
798.75
798.741
798.741
798.741
798.741
798.741
798.996
798.996
798.996
798.996
798.996
798.98
798.98
798.98
798.98
798.98
798.729
798.729
798.729
798.729
798.729
798.969
798.969
798.969
798.969
798.969
798.972
798.972
798.972
798.972
798.972
798.856
798.856
798.856
798.856
798.856
799
799
799
799
799
798.867
798.867
798.867
798.867
798.867
798.462
798.462
798.462
798.462
798.462
799
799
799
799
799
798.998
798.998
798.998
798.998
798.998
798.858
798.858
798.858
798.858
798.858
799
799
799
799
799
798.858
798.858
798.858
798.858
798.858
798.577
798.577
798.577
798.577
798.577
799
799
799
799
799
798.99
798.99
798.99
798.99
798.99
798.49
798.49
798.49
798.49
798.49
799
799
799
799
799
799
799
799
799
799
798.241
798.241
798.241
798.241
798.241
799
799
799
799
799
799
799
799
799
799
798.499
798.499
798.499
798.499
798.499
798.998
798.998
798.998
798.998
798.998
798.897
798.897
798.897
798.897
798.897
798.697
798.697
798.697
798.697
798.697
798.996
798.996
798.996
798.996
798.996
798.965
798.965
798.965
798.965
798.965
798.98
798.98
798.98
798.98
798.98
799
799
799
799
799
799
799
799
799
799
799
799
799
799
799
799
799
799
799
799
799
799
799
799
799
798.844
798.844
798.844
798.844
798.844
799
799
799
799
799
799
799
799
799
799
798.5
798.5
798.5
798.5
798.5
799
799
799
799
799
798.995
798.995
798.995
798.995
798.995
798.988
798.988
798.988
798.988
798.988
799
799
799
799
799
799
799
799
799
799
798.75
798.75
798.75
798.75
798.75
799
799
799
799
799
799
799
799
799
799
798.75
798.75
798.75
798.75
798.75
799
799
799
799
799
798.969
798.969
798.969
798.969
798.969
798.796
798.796
798.796
798.796
798.796
798.993
798.993
798.993
798.993
798.993
798.998
798.998
798.998
798.998
798.998
798.993
798.993
798.993
798.993
798.993
798.984
798.984
798.984
798.984
798.984
798.734
798.734
798.734
798.734
798.734
798.734
798.734
798.734
798.734
798.734
798.875
798.875
798.875
798.875
798.875
798.248
798.248
798.248
798.248
798.248
798.232
798.232
798.232
798.232
798.232
799
799
799
799
799
799
799
799
799
799
799
799
799
799
799
798.75
798.75
798.75
798.75
798.75
798.749
798.749
798.749
798.749
798.749
798.749
798.749
798.749
798.749
798.749
799
799
799
799
799
799
799
799
799
799
799
799
799
799
799
799
799
799
799
799
798.999
798.999
798.999
798.999
798.999
798.996
798.996
798.996
798.996
798.996
799
799
799
799
799
799
799
799
799
799
798.732
798.732
798.732
798.732
798.732
799
799
799
799
799
799
799
799
799
799
798.998
798.998
798.998
798.998
798.998
799
799
799
799
799
798.875
798.875
798.875
798.875
798.875
798.486
798.486
798.486
798.486
798.486
799
799
799
799
799
799
799
799
799
799
798.467
798.467
798.467
798.467
798.467
799
799
799
799
799
799
799
799
799
799
798.875
798.875
798.875
798.875
798.875
799
799
799
799
799
799
799
799
799
799
798.484
798.484
798.484
798.484
798.484
799
799
799
799
799
799
799
799
799
799
798.727
798.727
798.727
798.727
798.727
799
799
799
799
799
799
799
799
799
799
799
799
799
799
799
799
799
799
799
799
798.992
798.992
798.992
798.992
798.992
798.497
798.497
798.497
798.497
798.497
799
799
799
799
799
798.968
798.968
798.968
798.968
798.968
798.964
798.964
798.964
798.964
798.964
799
799
799
799
799
799
799
799
799
799
798.992
798.992
798.992
798.992
798.992
799
799
799
799
799
799
799
799
799
799
798.969
798.969
798.969
798.969
798.969
798.875
798.875
798.875
798.875
798.875
799
799
799
799
799
798.875
798.875
798.875
798.875
798.875
799
799
799
799
799
799
799
799
799
799
798.999
798.999
798.999
798.999
798.999
799
799
799
799
799
798.5
798.5
798.5
798.5
798.5
797.918
797.918
797.918
797.918
797.918
799
799
799
799
799
798.996
798.996
798.996
798.996
798.996
798.964
798.964
798.964
798.964
798.964
799
799
799
799
799
798.998
798.998
798.998
798.998
798.998
798.999
798.999
798.999
798.999
798.999
799
799
799
799
799
799
799
799
799
799
799
799
799
799
799
799
799
799
799
799
799
799
799
799
799
798.999
798.999
798.999
798.999
798.999
799
799
799
799
799
798.484
798.484
798.484
798.484
798.484
798.469
798.469
798.469
798.469
798.469
798.969
798.969
798.969
798.969
798.969
798.438
798.438
798.438
798.438
798.438
798.434
798.434
798.434
798.434
798.434
799
799
799
799
799
798.969
798.969
798.969
798.969
798.969
798.342
798.342
798.342
798.342
798.342
798.996
798.996
798.996
798.996
798.996
798.969
798.969
798.969
798.969
798.969
798.746
798.746
798.746
798.746
798.746
799
799
799
799
799
798.75
798.75
798.75
798.75
798.75
798.745
798.745
798.745
798.745
798.745
799
799
799
799
799
0
