0
0
0
0
447.268
447.268
447.268
447.268
447.268
452.37
452.37
452.37
452.37
452.37
595.69
595.69
595.69
595.69
595.69
413.33
413.33
413.33
413.33
413.33
582.621
582.621
582.621
582.621
582.621
591.515
591.515
591.515
591.515
591.515
479.085
479.085
479.085
479.085
479.085
726.454
726.454
726.454
726.454
726.454
743.302
743.302
743.302
743.302
743.302
775.537
775.537
775.537
775.537
775.537
700.87
700.87
700.87
700.87
700.87
350.44
350.44
350.44
350.44
350.44
493.431
493.431
493.431
493.431
493.431
781.022
781.023
781.023
781.023
781.023
569.9
569.9
569.9
569.9
569.9
556.336
556.336
556.337
556.337
556.337
757.229
757.229
757.229
757.229
757.229
417.348
417.348
417.348
417.348
417.348
268.077
268.077
268.077
268.077
268.077
624.832
624.832
624.832
624.832
624.832
482.099
482.099
482.099
482.099
482.099
708.762
708.762
708.762
708.762
708.762
413.146
413.146
413.146
413.146
413.146
480.837
480.837
480.837
480.837
480.837
731.814
731.814
731.814
731.814
731.814
631.457
631.457
631.457
631.457
631.457
785.857
785.857
785.857
785.857
785.857
743.284
743.284
743.284
743.284
743.284
724.536
724.536
724.536
724.536
724.536
758.299
758.299
758.299
758.299
758.299
742.167
742.167
742.167
742.167
742.167
632.572
632.572
632.572
632.572
632.572
498.388
498.388
498.388
498.388
498.388
524.761
524.761
524.761
524.761
524.761
735.831
735.831
735.831
735.831
735.831
637.555
637.555
637.555
637.555
637.555
390.606
390.606
390.606
390.606
390.606
761.827
761.827
761.827
761.827
761.827
600.409
600.409
600.409
600.409
600.409
249.156
249.156
249.156
249.156
249.156
638.165
638.165
638.165
638.165
638.165
769.765
769.765
769.765
769.765
769.765
656.713
656.713
656.713
656.713
656.713
247.74
247.74
247.74
247.74
247.74
334.317
334.317
334.317
334.317
334.317
594.352
594.352
594.352
594.352
594.352
681.277
681.277
681.277
681.277
681.277
425.734
425.734
425.734
425.734
425.734
512.842
512.842
512.842
512.842
512.842
240.534
240.534
240.534
240.534
240.534
375.862
375.862
375.862
375.862
375.862
735.37
735.37
735.37
735.37
735.37
633.985
633.985
633.985
633.985
633.985
535.155
535.155
535.155
535.155
535.155
0
