0
0
0
0
381.38
381.38
381.38
381.38
381.38
351.875
351.875
351.875
351.875
351.875
245.983
245.983
245.983
245.983
245.983
488.875
488.875
488.875
488.875
488.875
440.083
440.083
440.083
440.083
440.083
609.497
609.497
609.497
609.497
609.497
641.219
641.219
641.219
641.219
641.219
725.191
725.191
725.191
725.191
725.191
453.575
453.575
453.575
453.575
453.575
555
555
555
555
555
452.43
452.43
452.43
452.43
452.43
334.719
334.719
334.719
334.719
334.719
621.053
621.053
621.053
621.053
621.053
681.253
681.253
681.253
681.253
681.253
318.811
318.811
318.811
318.811
318.811
636.125
636.125
636.125
636.125
636.125
568.625
568.625
568.625
568.625
568.625
505.5
505.5
505.5
505.5
505.5
559
559
559
559
559
555.75
555.75
555.75
555.75
555.75
531.185
531.185
531.185
531.185
531.185
672.25
672.25
672.25
672.25
672.25
649.617
649.617
649.617
649.617
649.617
555
555
555
555
555
453
453
453
453
453
489.927
489.927
489.927
489.927
489.927
670.305
670.305
670.305
670.305
670.305
611.938
611.938
611.938
611.938
611.938
442.25
442.25
442.25
442.25
442.25
350.5
350.5
350.5
350.5
350.5
428.553
428.553
428.553
428.553
428.553
400
400
400
400
400
286.711
286.711
286.711
286.711
286.711
453.342
453.342
453.342
453.342
453.342
534.781
534.781
534.781
534.781
534.781
486.281
486.281
486.281
486.281
486.281
558
558
558
558
558
418.375
418.375
418.375
418.375
467.5
594.5
594.5
594.5
594.5
594.5
580.09
580.09
580.09
580.09
580.09
581.75
581.75
581.75
581.75
581.75
619.125
619.125
619.125
619.125
619.125
539.872
539.872
539.872
539.872
539.872
656.813
656.813
656.813
656.813
656.813
484.727
484.727
484.727
484.727
484.727
618.577
618.577
618.577
618.577
618.577
492.154
492.154
492.154
492.154
492.154
501.66
501.66
501.66
501.66
501.66
650.734
650.734
650.734
650.734
650.734
545.578
545.578
545.578
545.578
545.578
514.001
514.001
514.001
514.001
514.001
628.078
628.078
628.078
628.078
628.078
211.309
211.309
211.309
211.309
211.309
602.844
602.844
602.844
602.844
602.844
261.486
261.486
261.486
261.486
261.486
557.459
557.459
557.459
557.459
557.459
572.696
572.696
572.696
572.696
572.696
614
614
614
614
614
389.625
389.625
389.625
389.625
389.625
571.297
571.297
571.297
571.297
571.297
312.785
312.785
312.785
312.785
312.785
664.797
664.797
664.797
664.797
664.797
496.375
496.375
496.375
496.375
496.375
482.832
482.832
482.832
482.832
482.832
612.292
612.292
612.292
612.292
612.292
479.932
479.932
479.932
479.932
479.932
616
616
616
616
616
603.719
603.719
603.719
603.719
603.719
642.015
642.015
642.015
642.015
642.015
552.645
552.645
552.645
552.645
552.645
690.188
690.188
690.188
690.188
690.188
658.418
658.418
658.418
658.418
658.418
382.563
382.563
382.563
382.563
382.563
517.594
517.594
517.594
517.594
517.594
491
491
491
491
491
631.127
631.127
631.127
631.127
631.127
318.844
318.844
318.844
318.844
318.844
393.313
393.313
393.313
393.313
393.313
518.617
518.617
518.617
518.617
518.617
619.375
619.375
619.375
619.375
619.375
504.9
504.9
504.9
504.9
504.9
605.053
605.053
605.053
605.053
605.053
427
427
427
427
427
382.453
382.453
382.453
382.453
382.453
536.463
536.463
536.463
536.463
536.463
633.972
633.972
633.972
633.972
633.972
334.745
334.745
334.745
334.745
334.745
528.5
528.5
528.5
528.5
528.5
650
650
650
650
650
534.016
534.016
534.016
534.016
534.016
389.563
389.563
389.563
389.563
389.563
735
735
735
735
735
567.625
567.625
567.625
567.625
567.625
673.813
673.813
673.813
673.813
673.813
551.398
551.398
551.398
551.398
551.398
262.07
262.07
262.07
262.07
262.07
587.5
587.5
587.5
587.5
587.5
620.627
620.627
620.627
620.627
620.627
436.313
436.313
436.313
436.313
436.313
482.219
482.219
482.219
482.219
482.219
635.759
635.759
635.759
635.759
635.759
616.117
616.117
616.118
616.118
616.118
675.322
675.322
675.322
675.322
675.322
382.547
382.547
382.547
382.547
382.547
421
421
421
421
421
341.266
341.266
341.266
341.266
341.266
437.125
437.125
437.125
437.125
437.125
621.236
621.236
621.236
621.236
621.236
380.094
380.094
380.094
380.094
380.094
471.516
471.516
471.516
471.516
471.516
511
511
511
511
511
588
588
588
588
588
495.243
495.243
495.243
495.243
495.243
641.513
641.513
641.513
641.513
641.513
683.5
683.5
683.5
683.5
683.5
614.281
614.281
614.281
614.281
614.281
471.813
471.813
471.813
471.813
471.813
318.75
318.75
318.75
318.75
318.75
568.919
568.919
568.919
568.919
568.919
322.922
322.922
322.922
322.922
322.922
457.813
457.813
457.813
457.813
457.813
738.938
738.938
738.938
738.938
738.938
624.055
624.055
624.055
624.055
624.055
440.625
440.625
440.625
440.625
440.625
573.061
573.061
573.061
573.061
573.061
421.063
421.063
421.063
421.063
421.063
196.344
196.344
196.344
196.344
196.344
506.609
506.609
506.609
506.609
506.609
354.258
354.258
354.258
354.258
354.258
402.578
402.578
402.578
402.578
402.578
558.688
558.688
558.688
558.688
558.688
523.266
523.266
523.266
523.266
523.266
410.795
410.795
410.795
410.795
410.795
700.594
700.594
700.594
700.594
700.594
641.07
641.07
641.07
641.07
641.07
350.015
350.015
350.015
350.015
350.015
290
290
290
290
290
253.906
253.906
253.906
253.906
253.906
580.313
580.313
580.313
580.313
580.313
569.094
569.094
569.094
569.094
569.094
280.633
280.633
280.633
280.633
280.633
547.75
547.75
547.75
547.75
547.75
657
657
657
657
657
596.199
596.199
596.199
596.199
596.199
666.695
666.695
666.695
666.695
666.695
593.898
593.898
593.898
593.898
593.898
571.656
571.656
571.656
571.656
571.656
500.962
500.962
500.962
500.962
500.962
514.836
514.836
514.836
514.836
514.836
452.813
452.813
452.813
452.813
452.813
365
365
365
365
365
582.75
582.75
582.75
582.75
582.75
374.816
374.816
374.816
374.816
374.816
328.477
328.477
328.477
328.477
328.477
246.309
246.309
246.309
246.309
246.309
479
479
479
472.5
472.5
572.996
572.996
572.996
572.996
572.996
621.5
621.5
621.5
621.5
621.5
601.594
601.594
601.594
601.594
601.594
487.652
487.652
487.652
487.652
487.652
399.5
399.5
399.5
399.5
399.5
333.578
333.578
333.578
333.578
333.578
329.313
329.313
329.313
329.313
329.313
689.65
689.65
689.65
689.65
689.65
502.25
502.25
502.25
502.25
502.25
382.639
382.639
382.639
382.639
382.639
518.25
518.25
518.25
518.25
518.25
454
454
454
454
454
413.375
413.375
413.375
413.375
413.375
507.183
507.183
507.183
507.183
507.183
579.813
579.813
579.813
579.813
579.813
733
733
733
733
733
444.947
444.947
444.947
444.947
444.947
483.431
483.431
483.431
483.431
483.431
588.167
588.167
588.167
588.167
588.167
320.781
320.781
320.781
320.781
320.781
345.563
345.563
345.563
345.563
345.563
569.95
569.95
569.95
569.95
569.95
443.5
443.5
443.5
443.5
443.5
518.193
518.193
518.193
518.193
518.193
339.203
339.203
339.203
339.203
339.203
544.391
544.391
544.391
544.391
544.391
496.664
496.664
496.664
496.664
496.664
344.016
344.016
344.016
344.016
344.016
364.359
364.359
364.359
364.359
364.359
672.422
672.422
672.422
672.422
672.422
544.656
544.656
544.656
544.656
544.656
538.32
538.32
538.32
538.32
538.32
642.063
642.063
642.063
642.063
642.063
707.538
707.538
707.538
707.538
707.538
584.792
584.792
584.792
584.792
584.792
354.625
354.625
354.625
354.625
354.625
465.531
465.531
465.531
465.531
465.531
586.573
586.573
586.573
586.573
586.573
496.039
496.039
496.039
496.039
496.039
424.188
424.188
424.188
424.188
424.188
411.457
411.457
411.457
411.457
411.457
460.75
460.75
460.75
460.75
460.75
751.75
751.75
751.75
751.75
751.75
486.82
486.82
486.82
486.82
486.82
503.743
503.743
503.743
503.743
503.743
514
514
514
514
514
310.017
310.017
310.017
310.017
310.017
408.037
408.037
408.037
408.037
408.037
307.291
307.291
307.291
307.291
307.291
256.5
256.5
256.5
256.5
256.5
481.534
481.534
481.534
481.534
481.534
723.559
723.559
723.559
723.559
723.559
364
364
364
364
364
605.081
605.081
605.081
605.081
605.081
648.596
648.596
648.596
648.596
648.596
541.41
541.484
541.484
541.484
541.484
284
284
284
284
284
357.293
357.293
357.293
357.293
357.293
471.266
471.266
471.266
471.266
471.266
642.125
642.125
642.125
642.125
642.125
459.469
459.469
459.469
459.469
459.469
546.195
546.195
546.195
546.195
546.195
402.563
402.563
402.563
402.563
402.563
569.766
569.766
569.766
569.766
569.766
528
528
528
528
528
389.901
389.901
389.901
389.901
389.901
297.594
297.594
297.594
297.594
297.594
598.287
598.287
598.287
598.287
598.287
536.891
536.891
536.891
536.891
536.891
351.942
351.942
351.942
351.942
351.942
642.594
642.594
642.594
642.594
642.594
304.088
304.088
304.088
304.088
304.088
490.125
490.125
490.125
490.125
490.125
477.156
477.156
477.156
477.156
477.156
592.078
592.078
592.078
592.078
592.078
443
443
443
443
443
717.559
717.559
717.559
717.559
717.559
366.922
366.922
366.922
366.922
366.922
428.719
428.719
428.719
428.719
428.719
665.709
665.709
665.709
665.709
665.709
522.992
522.992
522.992
522.992
522.992
493.813
493.813
493.813
493.813
493.813
260.367
260.367
260.367
260.367
260.367
446.637
446.637
446.637
446.637
446.637
240.563
240.563
240.563
240.563
240.563
252.24
252.24
252.24
252.24
252.24
464.531
464.531
464.531
464.531
464.531
697.828
697.828
697.828
697.828
697.828
540.156
540.156
540.156
540.156
540.156
513
513
513
513
513
573.52
573.52
573.52
573.52
573.52
613.832
613.832
613.832
613.832
613.832
557.719
557.719
557.719
557.719
557.719
629.75
629.75
629.75
629.75
629.75
501.313
501.313
501.313
501.313
501.313
275.898
275.898
275.898
275.898
275.898
509
509
509
509
509
476.063
476.063
476.063
476.063
476.063
313.516
313.516
313.516
313.516
313.516
512.313
512.313
512.313
512.313
512.313
476.965
476.965
476.965
476.965
476.965
579.941
579.941
579.941
582.102
582.102
126
126
126
126
126
472.406
472.406
472.406
472.406
472.406
652.844
652.844
652.844
652.844
652.844
621.139
621.139
621.139
621.139
621.139
437.411
437.411
437.411
437.411
437.411
528.782
528.782
528.782
528.782
528.782
625.141
625.141
625.141
625.141
625.141
739.82
739.82
739.82
739.82
739.82
583.926
583.926
583.926
583.926
583.926
497.75
497.75
497.75
497.75
497.75
502.707
502.707
502.707
502.707
502.707
578
578
578
578
578
433.443
433.443
433.443
433.443
433.443
452.063
452.063
452.063
452.063
452.063
600.125
600.125
600.125
600.125
600.125
654.208
654.208
654.208
654.208
654.208
529.633
529.633
529.633
529.633
529.633
562.125
562.125
562.125
562.125
562.125
238.875
238.875
238.875
238.875
238.875
341.343
341.343
341.343
341.343
341.343
550.77
550.77
550.77
550.77
550.77
392.609
392.609
392.609
392.609
392.609
568.899
568.899
568.899
568.899
568.899
580.375
580.375
580.375
580.375
580.375
612.539
612.539
612.539
612.539
612.539
514
514
514
514
514
662.049
662.049
662.049
662.049
662.049
506.785
506.785
506.785
506.785
506.785
381.262
381.262
381.262
381.262
381.262
361.313
361.313
361.313
361.313
361.313
421.775
421.775
421.775
421.775
421.775
450.132
450.132
450.132
450.132
450.132
543.39
543.39
543.39
543.39
543.39
575.797
575.797
575.797
575.797
575.797
250.024
250.024
250.024
250.024
250.024
551.804
551.804
551.804
551.804
551.804
611.009
611.009
611.009
611.009
611.009
212.038
212.038
212.038
212.038
212.038
699.484
699.484
699.484
699.484
699.484
536.125
536.125
536.125
536.125
536.125
592.281
592.281
592.281
592.281
592.281
313
313
313
313
313
519.885
519.885
519.885
519.885
519.885
471.5
471.5
471.5
471.5
471.5
365.276
365.276
365.276
365.276
365.276
601.414
601.414
601.414
601.414
601.414
507.313
507.313
507.313
507.313
507.313
513.25
513.25
513.25
513.25
513.25
380.313
380.313
380.313
380.313
380.313
342.257
342.257
342.257
342.257
342.257
455.631
455.631
455.359
455.359
455.359
677
677
677
677
677
425.188
425.188
425.188
425.188
425.188
526.331
526.331
526.331
526.331
526.331
287.688
287.688
287.688
287.688
287.688
659.625
659.625
659.625
659.625
659.625
583.5
583.5
583.5
583.5
583.5
608.375
608.375
608.375
608.375
608.375
687.404
687.404
687.404
687.404
687.404
464.747
464.747
464.747
464.747
464.747
586.065
586.065
586.065
586.065
586.065
434.956
434.956
434.956
434.956
434.956
522.568
522.568
522.568
522.568
522.568
431.313
431.313
431.313
431.313
431.313
460.563
460.563
460.563
460.563
460.563
715.778
715.778
715.778
715.778
715.778
403.313
403.313
403.313
403.313
403.313
556.977
556.977
556.977
556.977
556.977
676.75
676.75
676.75
676.75
676.75
625.266
625.266
625.266
625.266
625.266
435.856
435.856
435.856
435.856
435.856
519
519
519
519
519
400.301
400.301
400.301
400.301
400.301
552.75
552.75
552.75
552.75
552.75
449.351
449.351
449.351
449.351
449.351
682.137
682.137
682.137
682.137
682.137
451.267
451.267
451.267
451.267
451.267
575.188
575.188
575.188
575.188
575.188
681.25
681.25
681.25
681.25
681.25
433.508
433.508
433.508
433.508
433.508
270.292
270.292
270.292
270.292
270.292
360.242
360.242
360.242
360.242
360.242
401.919
401.919
401.919
401.919
401.919
545.563
545.563
545.563
545.563
545.563
569.598
569.598
569.598
569.598
569.598
539.697
539.697
539.697
539.697
539.697
563.25
563.25
563.25
563.25
563.25
420.617
420.617
420.617
420.617
420.617
617.063
617.063
617.063
617.063
617.063
314.688
314.688
314.688
314.688
314.688
285.224
285.224
285.224
285.224
285.224
702.75
702.75
702.75
702.75
702.75
317.152
317.152
317.152
317.152
317.152
516.266
516.266
516.266
516.266
516.266
450.395
450.395
450.395
450.395
450.395
651.016
651.016
651.016
651.016
651.016
565
565
565
565
565
454.68
454.68
454.68
454.68
454.68
448.625
448.625
448.625
448.625
448.625
623.688
623.688
623.688
623.688
623.688
429.749
429.749
429.749
429.749
429.749
484.625
484.625
484.625
484.625
484.625
623.625
623.625
623.625
623.625
623.625
568
568
568
568
568
470.173
470.173
470.173
470.173
470.173
665
665
665
665
665
325.147
325.147
325.147
325.147
325.147
470.945
470.945
470.945
470.945
470.945
686.016
686.016
686.016
686.016
686.016
575.653
575.653
575.653
575.653
575.653
413.5
413.5
413.5
413.5
413.5
582.516
582.516
582.516
582.516
582.516
446.797
446.797
446.797
446.797
446.797
453.359
453.359
453.359
453.359
453.359
354.25
357.5
357.5
357.5
357.5
651.203
651.203
651.203
651.203
651.203
709.813
709.813
709.813
709.813
709.813
485.891
485.891
485.891
485.891
485.891
620.786
620.786
620.786
620.786
620.786
544.75
544.75
544.75
544.75
544.75
496.59
496.59
493.398
493.398
493.398
496.969
500.188
500.188
500.188
500.188
440
440
440
440
440
592.75
592.75
592.75
592.75
592.75
588.188
588.188
588.188
588.188
588.188
226
226
226
226
226
459.938
459.938
459.938
459.938
459.938
607.641
607.641
607.641
607.641
607.641
515.813
515.813
515.813
515.813
515.813
579.404
579.404
579.404
579.404
579.404
551.547
551.547
551.547
551.547
551.547
624.375
624.375
624.375
624.375
624.375
704
704
704
704
704
617.484
617.484
617.484
617.484
617.484
670.865
670.865
670.865
670.865
670.865
344.976
344.976
344.976
344.976
344.976
448.635
448.635
448.635
448.635
448.635
297.158
297.158
297.158
297.158
297.158
340.25
340.25
340.25
340.25
340.25
377.766
377.766
377.766
377.766
377.766
422.674
422.674
422.674
422.674
422.674
421.453
421.453
421.453
421.453
421.453
496.359
496.359
496.359
496.359
496.359
475.563
475.563
475.563
475.563
475.563
560.51
560.51
560.51
560.51
560.51
533.578
533.578
533.578
533.578
533.578
598.577
598.521
598.521
598.521
598.521
510.133
510.133
510.133
510.133
510.133
574.16
574.16
574.16
574.16
574.16
680.82
680.82
680.82
680.82
680.82
512.513
512.513
512.513
512.513
512.513
462.656
462.656
462.656
462.656
462.656
295.671
295.671
295.671
295.671
295.671
341.63
341.63
341.63
341.63
341.63
586.561
586.561
586.561
586.561
586.561
649.471
649.471
649.471
649.471
649.471
373.799
373.799
373.799
373.799
373.799
600.594
600.594
600.594
600.594
600.594
315.023
315.023
315.023
315.023
315.023
544.467
544.467
544.467
544.467
544.467
502.23
502.23
502.23
502.23
502.23
523.875
523.875
523.875
523.875
523.875
136.43
136.43
136.43
136.43
136.43
427.203
427.203
427.203
427.203
427.203
747.692
747.692
747.692
747.692
747.692
640.672
640.672
640.672
640.672
640.672
635.078
635.078
635.078
635.078
635.078
621.75
621.75
621.75
621.75
621.75
715.508
715.508
715.508
715.508
715.508
518.584
518.584
518.584
518.584
518.584
742.262
742.262
742.262
742.262
742.262
457.25
457.25
457.25
457.25
457.25
508.5
508.5
508.5
508.5
508.5
557.844
557.844
557.844
557.844
557.844
307.148
307.148
307.148
307.148
307.148
417.25
417.25
417.25
417.25
417.25
634.406
634.406
634.406
634.406
634.406
432.53
432.53
432.53
432.53
432.53
296.25
296.25
296.25
296.25
296.25
529.396
529.396
529.396
529.396
529.396
361.047
361.047
361.047
361.047
361.047
587.5
587.5
587.5
587.5
587.5
311.888
311.888
311.888
311.888
311.888
228.25
228.25
228.25
228.25
228.25
651.75
651.75
651.75
651.75
651.75
625.75
625.75
625.75
625.75
625.75
508.051
508.051
508.051
508.051
508.051
538.625
538.625
538.625
538.625
538.625
307
307
307
307
307
449.475
449.475
449.475
449.475
449.475
497.094
497.094
497.094
497.094
497.094
526.396
526.396
526.396
526.396
526.396
505.961
505.961
505.961
505.961
505.961
650.281
650.281
650.281
650.281
650.281
545.922
545.922
545.922
545.922
545.922
506.406
506.406
506.406
506.406
506.406
535.938
535.938
535.938
535.938
535.938
428
428
428
428
428
433.938
433.938
433.938
433.938
433.938
582.605
582.605
582.605
582.605
582.605
371.638
371.638
371.638
371.638
371.638
604.438
604.438
604.438
604.438
604.438
528.78
528.78
528.78
528.78
528.78
510.125
510.125
510.125
510.125
510.125
375.912
375.912
375.912
375.912
375.912
434.677
434.677
434.677
434.677
434.677
444.125
444.125
444.125
444.125
444.125
493.523
493.523
493.523
493.523
493.523
379.926
379.926
379.926
379.926
379.926
654.946
654.946
654.946
654.946
654.946
530.672
530.672
530.672
530.672
530.672
670.773
670.773
670.773
670.773
670.773
461.939
461.939
461.939
461.939
461.939
647.133
647.133
647.133
647.133
647.133
484
484
484
484
484
452.195
452.195
452.195
452.195
452.195
708.938
708.938
708.938
708.938
708.938
548.588
548.588
548.588
548.588
548.588
425.317
425.317
425.317
425.317
425.317
383.927
383.927
383.927
383.927
383.927
644.281
644.281
644.281
644.281
644.281
682.438
682.438
682.438
682.438
682.438
568.438
568.438
568.438
568.438
568.438
580.625
580.625
580.625
580.625
580.625
326.148
326.148
326.148
326.148
326.148
183.464
183.464
183.464
183.464
183.464
708.688
708.688
708.688
708.688
708.688
662.106
662.106
662.106
662.106
662.106
223
223
223
223
246
531.229
531.229
531.229
531.229
531.229
695.144
695.144
695.144
695.144
695.144
578.164
578.164
578.164
578.164
578.164
592.551
592.551
592.551
592.551
592.551
723.949
723.949
723.949
723.949
723.949
682.645
682.645
682.645
682.645
682.645
621.176
621.176
621.176
621.176
621.176
368.313
368.313
368.313
368.313
368.313
649.401
649.401
649.401
649.401
649.401
544.313
544.313
544.313
544.313
544.313
443.512
443.512
443.512
443.512
443.512
551.177
551.177
551.177
551.177
551.177
552
552
552
552
552
426.625
426.625
426.625
426.625
426.625
408.887
408.887
408.887
408.887
408.887
592.383
592.383
592.383
592.383
592.383
391.281
391.281
391.281
391.281
391.281
599.998
599.998
599.998
599.998
599.998
334.004
334.004
334.004
334.004
334.004
681.105
681.105
681.105
681.105
681.105
413.093
413.093
413.093
413.093
413.093
622.75
622.75
622.75
622.75
622.75
615.625
615.625
615.625
615.625
615.625
466.504
466.504
466.504
466.504
466.504
677.524
677.524
677.524
677.524
677.524
474.922
474.922
474.922
474.922
474.922
488.214
488.214
488.214
488.214
488.214
479.5
479.5
479.5
479.5
479.5
322
322
322
322
322
691.875
691.875
691.875
691.875
691.875
602.172
602.172
602.172
602.172
602.172
505.625
505.625
505.625
505.625
505.625
643.938
643.938
643.938
643.938
643.938
498.875
498.875
498.875
498.875
498.875
507.886
507.886
507.886
507.886
507.886
500.66
500.66
500.66
500.66
500.66
316.375
316.375
316.375
316.375
316.375
451.484
451.484
451.484
451.484
451.484
506.122
506.122
506.122
506.122
506.122
615.012
615.012
615.012
615.012
615.012
345.906
345.906
345.906
345.906
345.906
454.969
454.969
454.969
454.969
454.969
661.313
661.313
661.313
661.313
661.313
501.727
501.727
501.727
501.727
501.727
233
233
233
233
233
458.787
458.787
458.787
458.787
458.787
541
541
541
541
541
481.695
481.695
481.695
481.695
481.695
350.75
350.75
350.75
350.75
350.75
603.438
603.438
603.438
603.438
603.438
0
0
0
0
0
333
333
333
333
333
548.66
548.66
548.66
548.66
548.66
665.125
665.125
665.125
665.125
665.125
537.41
537.41
537.41
537.41
537.41
294.781
294.781
294.781
294.781
294.781
503.625
503.625
503.625
503.625
503.625
602.302
602.302
602.302
602.302
602.302
436.838
436.838
436.838
436.838
436.838
478.896
478.896
478.896
478.896
478.896
549.242
549.242
549.242
549.242
549.242
433.293
433.293
433.293
433.293
433.293
341.617
341.617
341.617
341.617
341.617
403.766
403.766
403.766
403.766
403.766
297.749
297.749
297.749
297.749
297.749
676.297
676.297
676.297
676.297
676.297
464.416
464.416
464.416
464.416
464.416
752.15
752.15
752.15
752.15
752.15
746
746
746
746
746
272.406
272.406
272.406
272.406
272.406
572.031
572.031
572.031
572.031
572.031
667.188
667.188
667.188
667.188
667.188
580.25
580.25
580.25
580.25
580.25
484.156
484.156
484.156
484.156
484.156
460.852
460.852
460.852
460.852
460.852
580.09
580.09
580.09
580.09
580.09
579.36
579.36
579.36
579.36
579.36
576.063
576.063
576.063
576.063
576.063
407.161
407.161
407.161
407.161
407.161
395.48
395.48
395.48
395.48
395.48
531.383
531.383
531.383
531.383
531.383
469.216
469.216
469.216
469.216
469.216
596.967
596.967
596.967
596.967
596.967
493.328
493.328
493.328
493.328
493.328
0
0
0
0
0
404
404
404
404
404
613.973
613.973
613.973
613.973
613.973
646.922
646.922
646.922
646.922
646.922
549.994
549.994
549.994
549.994
549.994
282.832
282.832
282.832
282.832
282.832
225.047
225.047
225.047
225.047
225.047
504.703
504.703
504.703
504.703
504.703
571.578
571.578
571.578
571.578
571.578
443
443
443
443
443
397.664
397.664
397.664
397.664
397.664
610.041
610.041
610.041
610.041
610.041
524.125
524.125
524.125
524.125
524.125
511.906
511.906
511.906
511.906
511.906
477.751
477.751
477.751
477.751
477.751
683.5
683.5
683.5
683.5
683.5
573.468
573.468
573.468
573.468
573.468
496.531
496.531
496.531
496.531
496.531
691.156
691.156
691.156
691.156
691.156
664
664
664
664
664
467.859
467.859
467.859
467.859
467.859
662.281
662.281
662.281
662.281
662.281
476.73
476.73
476.73
476.73
476.73
409.212
409.212
409.212
409.212
409.212
468
468
468
468
468
543.641
543.641
543.641
543.641
543.641
272.77
272.77
272.77
272.77
272.77
340.487
340.487
340.487
340.487
340.487
668.906
668.906
668.906
668.906
668.906
379.324
379.324
379.324
379.324
379.324
292.758
292.758
292.758
292.758
292.758
512.688
512.688
512.688
512.688
512.688
426
426
426
426
426
537.48
537.48
537.48
537.48
537.48
566.625
566.625
566.625
566.625
566.625
477.75
477.75
477.75
477.75
477.75
394.783
394.783
394.783
394.783
394.783
630.219
630.219
630.219
630.219
630.219
684.334
684.334
684.334
684.334
684.334
584.063
584.063
584.063
584.063
584.063
615.25
615.25
615.25
615.25
615.25
654
654
654
654
654
551.142
551.142
551.142
551.142
551.142
597.375
597.375
597.375
597.375
597.375
472.57
472.57
472.57
472.57
472.57
431.094
431.094
431.094
431.094
431.094
363.688
363.688
363.688
363.688
363.688
422.875
422.875
422.875
422.875
422.875
462.781
462.781
462.781
462.781
462.781
529.743
529.743
529.743
529.743
529.743
438.844
438.844
438.844
438.844
438.844
433.206
433.206
433.206
433.206
433.206
550.563
550.563
550.563
550.563
550.563
468.934
468.934
468.934
468.934
468.934
549.063
549.063
549.063
549.063
549.063
429.188
429.188
429.188
429.188
429.188
308.063
308.063
308.063
308.063
308.063
327.938
327.938
327.938
327.938
327.938
356.727
356.727
356.727
356.727
356.727
571.706
571.706
571.706
571.706
571.706
513.281
513.281
513.281
513.281
513.281
336.678
336.678
336.678
336.678
336.678
398.594
398.594
398.594
398.594
398.594
684.875
684.875
684.875
684.875
684.875
578.543
578.543
578.543
578.543
578.543
560.813
560.813
560.813
560.813
560.813
569.942
569.942
569.942
569.942
569.942
563.656
563.656
563.656
563.656
563.656
586.75
586.75
586.75
586.75
586.75
691.266
691.266
691.266
691.266
691.266
494.605
494.605
494.605
494.605
494.605
372.332
372.332
372.332
372.332
372.332
576.063
576.063
576.063
576.063
576.063
644.688
644.688
644.688
644.688
644.688
433.156
433.156
433.156
433.156
433.156
543.161
543.161
543.161
543.161
543.161
496.238
496.238
496.238
496.238
496.238
454.813
454.813
454.813
454.813
454.813
677.906
677.906
677.906
677.906
677.906
741
741
741
741
741
392.755
392.755
392.755
392.755
392.755
376
376
376
376
376
427.547
427.547
427.547
427.547
427.547
413.631
413.631
413.631
413.631
413.631
0
0
0
0
0
640.087
640.087
640.087
640.087
640.087
483.392
483.392
483.392
483.392
483.392
190.281
190.281
190.281
190.281
190.281
671.906
671.906
671.906
671.906
671.906
469.729
469.729
469.729
469.729
469.729
650.539
650.539
650.539
650.539
650.539
426.906
426.906
426.906
426.906
426.906
254.273
254.273
254.273
254.273
254.273
491.025
491.025
491.025
491.025
491.025
311.242
311.242
311.242
311.242
311.242
519.016
519.016
519.016
519.016
519.016
667.782
667.782
667.782
667.782
667.782
502.949
502.949
502.949
502.949
502.949
681.08
681.08
681.08
681.08
681.08
625.352
625.352
625.352
625.352
625.352
325.613
325.613
325.613
325.613
325.613
429.502
429.502
429.398
429.398
429.398
468.766
468.766
468.766
468.766
468.766
461.279
461.279
461.279
461.279
461.279
522.152
522.152
522.152
522.152
522.152
597.827
597.827
597.827
597.827
597.827
554.309
554.309
554.309
554.309
554.309
562.625
562.625
562.625
562.625
562.625
469.16
469.16
469.16
469.16
469.16
430.541
430.541
430.541
430.541
430.541
420.934
420.934
420.934
420.934
420.934
472.042
472.042
472.042
472.042
472.042
471.27
471.27
471.27
471.27
471.27
435.031
435.031
435.031
435.031
435.031
516
516
516
516
516
380.156
380.156
380.156
380.156
380.156
512.285
512.285
512.285
512.285
512.285
580.836
580.836
580.836
580.836
580.836
246.617
246.617
246.617
246.617
246.617
316.127
316.127
316.127
316.127
316.127
533.5
533.5
533.5
533.5
533.5
347.406
347.406
347.406
347.406
347.406
723.328
723.328
723.328
723.328
723.328
504.715
504.715
504.715
504.715
504.715
453.5
453.5
453.5
453.5
453.5
471.285
471.285
471.285
471.285
471.285
657.219
657.219
657.219
657.219
657.219
527.762
527.762
527.762
527.762
527.762
386.546
386.546
386.546
386.546
386.546
627.709
627.709
627.709
627.709
627.709
598.261
598.261
598.261
598.261
598.261
527
527
527
527
527
583
583
583
583
583
556.266
556.266
556.266
556.266
556.266
409.25
409.25
409.25
409.25
409.25
518
518
518
518
518
683.406
683.406
683.406
683.406
683.406
199.939
199.939
199.939
199.939
199.939
356.063
356.063
356.063
356.063
356.063
228.586
228.586
228.586
228.586
228.586
344.148
344.148
344.148
344.148
344.148
418.273
418.273
418.273
418.273
418.273
734.474
734.474
734.474
734.474
734.474
507.115
507.115
507.115
507.115
507.115
684.25
684.25
684.25
684.25
684.25
605.75
605.75
605.75
605.75
605.75
599.328
599.328
599.328
599.328
599.328
666.5
666.5
666.5
666.5
666.5
681.022
681.022
681.022
681.022
681.022
534.98
534.98
534.98
534.98
534.98
298.438
298.438
298.438
298.438
298.438
595.229
595.229
595.229
595.229
595.229
555.438
555.438
555.438
555.438
555.438
432.688
432.688
432.688
432.688
432.688
138.268
138.268
138.268
138.268
138.268
519.128
519.128
519.128
519.128
519.128
577.824
577.824
577.824
577.824
577.824
668.844
668.844
668.844
668.844
668.844
412.203
412.203
412.203
412.203
412.203
632.859
632.859
632.859
632.859
632.859
430.5
430.5
430.5
430.5
430.5
666.32
666.32
666.32
666.32
666.32
497.703
497.703
497.703
497.703
497.703
570.75
570.75
570.75
570.75
570.75
180.813
180.813
180.813
180.813
180.813
621.837
621.837
621.837
621.837
621.837
505.78
505.78
505.78
505.78
505.78
269.193
269.193
269.193
269.193
269.193
427.951
427.951
427.951
427.951
427.951
607.359
607.359
607.359
607.359
607.359
612.473
612.473
612.473
612.473
612.473
589.078
589.078
589.078
589.078
589.078
213.328
213.328
213.328
213.328
213.328
314.844
314.844
314.844
314.844
314.844
345.453
345.453
345.453
345.453
345.453
360.734
360.734
360.734
360.734
360.734
391.117
391.117
391.117
391.117
391.117
409
409
409
409
409
535.25
535.25
535.25
535.25
535.25
611.265
611.265
611.265
611.265
611.265
611.103
611.103
611.103
611.103
611.103
476.136
476.136
476.136
476.136
476.136
575.875
575.875
575.875
575.875
575.875
379.467
379.467
379.467
379.467
379.467
453.281
453.281
453.281
453.281
453.281
464.656
464.656
464.656
464.656
464.656
438.5
438.5
438.5
438.5
438.5
445.7
445.7
445.7
445.7
445.7
588.75
588.75
588.75
588.75
588.75
429.75
429.75
429.75
429.75
429.75
434.867
434.867
434.867
434.867
434.867
705
705
705
705
705
232.219
232.219
232.219
232.219
232.219
673.172
673.172
673.172
673.172
673.172
580.5
580.5
580.5
580.5
580.5
447.016
447.016
447.016
447.016
447.016
455
455
455
455
455
735.093
735.093
735.093
735.093
735.093
497.832
497.832
497.832
497.832
497.832
486.5
486.5
486.5
486.5
486.5
584.234
584.234
584.234
584.234
584.234
712.519
712.519
712.519
712.519
712.519
585.875
585.875
585.875
585.875
585.875
567.579
567.579
567.579
567.579
567.579
437.438
437.438
437.438
437.438
437.438
553.625
553.625
553.625
553.625
553.625
543.329
543.329
543.329
543.329
543.329
418.125
418.125
418.125
418.125
418.125
638.047
638.047
638.047
638.047
638.047
300.574
386.148
386.148
386.148
386.148
350.688
350.688
350.688
350.688
350.688
665.602
665.602
665.602
665.602
665.602
442
442
442
442
442
640.375
640.375
640.375
640.375
640.375
582.715
582.715
582.715
582.715
582.715
672.367
672.367
672.367
672.367
672.367
640.917
640.917
640.917
640.917
640.917
291.938
291.938
291.938
291.938
291.938
634.75
634.75
634.75
634.75
634.75
641.047
641.047
641.047
641.047
641.047
456.153
456.153
456.153
456.153
456.153
496.273
496.273
496.273
496.273
496.273
525.284
525.284
525.284
525.284
525.284
259.766
259.766
259.766
259.766
259.766
378.203
378.203
378.203
378.203
378.203
741.5
741.5
741.5
741.5
741.5
266.75
266.75
266.75
266.75
266.75
365.572
365.572
365.572
365.572
365.572
588.391
588.391
588.391
588.391
588.391
549.25
549.25
549.25
549.25
549.25
498.653
498.653
498.653
498.653
498.653
489.532
489.532
489.534
489.534
489.534
483.551
483.551
483.551
483.551
483.551
531.835
531.835
531.835
531.835
531.835
333.75
333.75
333.75
333.75
333.75
425.875
425.875
425.875
425.875
425.875
649.805
649.805
649.805
649.805
649.805
367.87
367.87
367.87
367.87
367.87
564.035
564.035
564.035
564.035
564.035
484.559
484.559
484.559
484.559
484.559
551.539
551.539
551.539
551.539
551.539
500.434
500.434
500.434
500.434
500.434
465.33
465.33
465.33
465.33
465.33
523.875
523.875
523.875
523.875
523.875
447.251
447.251
447.251
447.251
447.251
738.247
738.247
738.247
738.247
738.247
367.87
367.87
367.87
367.87
367.87
526.25
526.25
526.25
526.25
526.25
572.955
572.955
572.955
572.955
572.955
457.049
457.049
457.049
457.049
457.049
497.844
497.844
497.844
497.844
497.844
630.625
630.625
630.625
630.625
630.625
479.188
479.188
479.188
479.188
479.188
717.5
717.5
717.5
717.5
717.5
500.75
500.75
500.75
500.75
500.75
329.032
329.032
329.032
329.032
329.032
511.5
511.5
511.5
511.5
511.5
548.5
548.5
548.5
548.5
548.5
414.469
414.469
414.469
414.469
414.469
248.656
248.656
248.656
248.656
248.656
546.469
546.469
546.469
546.469
546.469
404.388
404.388
404.388
404.388
404.388
491.951
491.951
491.951
491.951
491.951
565.5
565.5
565.5
565.5
565.5
157.375
157.375
157.375
157.375
157.375
336
336
336
336
336
407.816
407.816
407.816
407.816
407.816
413.703
413.703
413.703
413.703
413.703
652.328
652.328
652.328
652.328
652.328
692.76
692.76
692.76
692.76
692.76
559.886
559.886
559.886
559.886
559.886
470.609
470.609
470.609
470.609
470.609
144.453
144.453
144.453
144.453
144.453
516.563
516.563
516.563
516.563
516.563
472.945
472.945
472.945
472.945
472.945
638.75
638.75
638.75
638.75
638.75
451.434
451.434
451.434
451.434
451.434
377
377
377
377
377
377.438
377.438
377.438
377.438
377.438
182.643
182.643
182.643
182.643
182.643
387.987
387.987
387.987
387.987
387.987
663.492
663.492
663.492
663.492
663.492
429.672
429.672
429.672
429.672
429.672
509.008
509.008
509.008
509.008
509.008
568.73
568.859
568.859
568.859
568.859
587
587
587
587
587
261.656
261.656
261.656
261.656
261.656
537.629
537.629
537.629
537.629
537.629
535.875
535.875
535.875
535.875
535.875
374.527
374.527
374.527
374.527
374.527
423.688
423.688
423.688
423.688
423.688
537.282
537.282
537.282
537.282
537.282
584.625
584.625
584.625
584.625
584.625
623.125
623.125
623.125
623.125
623.125
345.75
345.75
345.75
345.75
345.75
427.844
427.844
427.844
427.844
427.844
742.323
742.323
742.323
742.323
742.323
483.875
483.875
483.875
483.875
483.875
488.247
488.247
488.247
488.247
488.247
431.938
431.938
431.938
431.938
431.938
590.572
590.572
590.572
590.572
590.572
610.668
610.668
610.668
610.668
610.668
606.424
606.424
606.424
606.424
606.424
627.086
627.086
627.086
627.086
627.086
562.5
562.5
562.5
562.5
562.5
340
340
340
340
340
381.156
381.156
381.156
381.156
381.156
583.362
583.362
583.362
583.362
583.362
552.75
552.75
552.75
552.75
552.75
674.078
674.078
674.078
674.078
674.078
405.29
405.29
405.29
405.29
405.29
330.096
330.096
330.096
330.096
330.096
403.694
403.694
403.694
403.694
403.694
552.547
552.547
552.547
552.547
552.547
620.561
620.561
620.561
620.561
620.561
460.5
460.5
460.5
460.5
460.5
294.516
294.516
294.516
294.516
294.516
281.508
281.508
281.508
281.508
281.508
290.086
290.086
290.086
290.086
290.086
569.68
569.68
569.68
569.68
569.68
685.813
685.813
685.813
685.813
685.813
240.25
240.25
240.25
240.25
240.25
731.5
731.5
731.5
731.5
731.5
416.719
416.719
416.719
416.719
416.719
469.601
469.601
469.601
469.601
469.601
606.422
606.422
606.422
606.422
606.422
260.094
260.094
260.094
260.094
260.094
413.906
413.906
413.906
486.813
486.813
406.997
406.997
406.997
406.997
406.997
673
673
673
673
673
422.781
422.781
422.781
422.781
422.781
275.953
275.953
275.953
275.953
275.953
721.722
721.722
721.722
721.722
721.722
630.903
630.903
630.903
630.903
630.903
630.842
630.842
630.842
630.842
630.842
263.391
263.391
263.391
263.391
263.391
582.773
582.773
582.773
582.773
582.773
615.188
615.188
615.188
615.188
615.188
659.813
659.813
659.813
659.813
659.813
634.987
634.987
634.987
634.987
634.987
570.065
570.065
570.065
570.065
570.065
352.602
352.602
352.602
352.602
352.602
531.174
531.174
531.174
531.174
531.174
446.227
446.227
446.227
446.227
446.227
543.719
543.719
543.719
543.719
543.719
453.25
453.25
453.25
453.25
453.25
649.375
649.375
649.375
649.375
649.375
657.882
657.882
657.882
657.882
657.882
612.745
612.745
612.745
612.745
612.745
680.055
680.055
680.055
680.055
680.055
352
352
352
352
352
157.969
157.969
157.969
157.969
157.969
651.875
651.875
651.875
651.875
651.875
690.877
690.877
690.877
690.877
690.877
144.875
144.875
144.875
144.875
144.875
404.531
404.531
404.531
404.531
404.531
571.213
571.213
571.213
571.213
571.213
432.764
432.764
432.764
432.764
432.764
265.109
265.109
265.109
265.109
265.109
579.132
579.132
579.132
579.132
579.132
556.352
556.352
556.352
556.352
556.352
438.657
438.657
438.657
438.657
438.657
527.875
527.875
527.875
527.875
527.875
635.261
635.261
635.261
635.261
635.261
696.357
696.357
696.357
696.357
696.357
443.893
443.893
443.893
443.893
443.893
588.195
588.195
588.195
588.195
588.195
311.432
311.432
311.432
311.432
311.432
611.139
611.139
611.139
611.139
611.139
479.498
479.498
479.498
479.498
479.498
551.313
551.313
551.313
551.313
551.313
752.224
752.224
752.224
752.224
752.224
211.707
211.707
211.707
211.707
211.707
642.379
642.379
642.379
642.379
642.379
635.055
635.055
635.055
635.055
635.055
471.934
471.934
471.934
471.934
471.934
328.781
328.781
328.781
328.781
328.781
553.844
553.844
553.844
553.844
553.844
443.25
443.25
443.25
443.25
443.25
509.484
509.484
509.484
509.484
509.484
512.453
512.453
512.453
512.453
512.453
354.973
354.973
354.973
354.973
354.973
506.244
506.244
506.244
506.244
506.244
503.773
503.773
503.773
503.773
503.773
365.011
365.011
365.011
365.011
365.011
400.138
400.138
400.138
400.138
400.138
505.008
543.016
543.016
543.016
543.016
490.75
490.75
490.75
490.75
490.75
464.18
464.18
464.18
464.18
464.18
360.5
360.5
360.5
360.5
360.5
596.215
596.215
596.215
596.215
596.215
508.762
508.762
508.762
508.762
508.762
482.605
482.605
482.605
482.605
482.605
232.869
232.869
232.869
232.869
232.869
305.75
305.75
305.75
305.75
305.75
468.469
468.469
468.469
468.469
468.469
440.695
440.695
440.695
440.695
440.695
425.391
425.391
425.391
425.391
425.391
673.75
673.75
673.75
673.75
673.75
662.793
662.793
662.793
662.793
662.793
316.75
316.75
316.75
316.75
316.75
473.5
473.5
473.5
473.5
473.5
594.014
594.014
594.014
594.014
594.014
508.803
508.803
508.803
508.803
508.803
405.563
405.563
405.563
405.563
405.563
569.15
569.15
569.15
569.15
569.15
132
132
132
132
132
368
368
368
368
368
281.489
281.489
281.489
281.489
281.489
408.375
408.375
408.375
408.375
408.375
615.79
615.79
615.79
615.79
615.79
696.281
696.281
696.281
696.281
696.281
625.847
625.847
625.847
625.847
625.847
404.118
404.118
404.118
404.118
404.118
374.129
374.129
374.129
374.129
374.129
657.938
657.938
657.938
657.938
657.938
624.655
624.655
624.655
624.655
624.655
551.508
551.508
551.508
551.508
551.508
473.41
473.41
473.41
473.41
473.41
728.478
728.478
728.478
728.478
728.478
573.146
573.146
573.146
573.146
573.146
521
521
521
521
521
356.25
356.25
356.25
356.25
356.25
470.832
470.832
470.832
470.832
470.832
543.413
543.413
543.413
543.413
543.413
614.515
614.515
614.515
614.515
614.515
420.915
420.915
420.915
420.915
420.915
279.435
279.435
279.435
279.435
279.435
628.602
628.602
628.602
628.602
628.602
0
