0
0
0
0
374.142
374.142
374.142
374.142
374.142
531.031
531.031
531.031
531.031
531.031
367.125
367.125
367.125
367.125
367.125
469.181
469.181
469.181
469.181
469.181
412.555
412.555
412.555
412.555
412.555
550.141
550.141
550.141
550.141
550.141
500.813
500.813
500.813
500.813
500.813
684.5
684.5
684.5
684.5
684.5
544.344
544.344
544.344
544.344
544.344
354.579
354.579
354.579
354.579
354.579
536.689
536.689
536.689
536.689
536.689
669.263
669.263
669.263
669.263
669.263
258.784
258.784
258.784
258.784
258.784
541.743
541.743
541.743
541.743
541.743
621.889
621.889
621.889
621.889
621.889
574.462
574.462
574.462
574.462
574.462
396.035
396.035
396.035
396.035
396.035
740.191
740.191
740.191
740.191
740.191
460.541
460.541
460.541
460.541
460.541
346.073
346.073
346.073
346.073
346.073
432.998
432.998
432.998
432.998
432.998
662.925
662.925
662.925
662.925
662.925
682.658
682.658
682.658
682.658
682.658
288.719
288.719
288.719
288.719
288.719
660.563
660.563
660.563
660.563
660.563
367.01
367.01
367.01
367.01
367.01
693.998
693.998
693.998
693.998
693.998
651.024
651.024
651.024
651.024
651.024
634.155
634.155
634.155
634.155
634.155
447.898
447.898
447.898
447.898
447.898
220.625
220.625
220.625
220.625
220.625
544.155
544.155
544.155
544.155
544.155
744.128
744.128
744.128
744.128
744.128
766.479
766.479
766.479
766.479
766.479
754.323
754.323
754.323
754.323
754.323
758.357
758.357
758.357
758.357
758.357
661.981
661.981
661.981
661.981
661.981
657.493
657.493
657.493
657.493
657.493
733.579
733.579
733.579
733.579
733.579
532.173
532.173
532.173
532.173
532.173
418.416
418.416
418.416
418.416
418.416
541.859
541.859
541.859
541.859
541.859
416.11
416.11
416.11
416.11
416.11
656.011
656.011
656.011
656.011
656.011
351.094
351.094
351.094
351.094
351.094
686.531
686.531
686.531
686.531
686.531
374.452
374.452
374.452
374.452
374.452
462.406
462.406
462.406
462.406
462.406
714.607
714.607
714.607
714.607
714.607
634.026
634.026
634.026
634.026
634.026
457.961
457.961
457.961
457.961
457.961
568.723
568.723
568.723
568.723
568.723
541.106
541.106
541.106
541.106
541.106
436.422
436.422
436.422
436.422
436.422
249.86
249.86
249.86
249.86
249.86
718.672
718.672
718.672
718.672
718.672
549.582
549.582
549.582
549.582
549.582
728.353
728.353
728.353
728.353
728.353
643.653
643.653
643.653
643.653
643.653
389.771
389.771
389.771
389.771
389.771
682.699
682.699
682.699
682.699
682.699
168.428
168.428
168.428
168.428
168.428
512.406
512.406
512.406
512.406
512.406
741.108
741.108
741.108
741.108
741.108
507.132
507.132
507.132
507.132
507.132
670.211
670.211
670.211
670.211
670.211
687.328
687.328
687.328
687.328
687.328
553.124
553.124
553.124
553.124
553.124
645.617
645.617
645.617
645.617
645.617
490.952
490.952
490.952
490.952
490.952
548.438
548.438
548.438
548.438
548.438
255.342
255.342
255.342
255.342
255.342
500.739
500.739
500.739
500.739
500.739
499.625
499.625
499.625
499.625
499.625
580.25
580.25
580.25
580.25
580.25
371.094
371.094
371.094
371.094
371.094
713.024
713.024
713.024
713.024
713.024
427.75
427.75
427.75
427.75
427.75
780.188
780.188
780.188
780.188
780.188
766.498
766.464
766.464
766.464
766.464
765.526
765.526
765.526
765.526
765.526
724.934
724.934
724.934
724.934
724.934
368.567
368.567
368.567
368.567
368.567
510.78
510.78
510.78
510.78
510.78
364.153
364.153
364.153
364.153
364.153
437.418
437.418
437.418
437.418
437.418
702.69
702.69
702.69
702.69
702.69
784.112
784.112
784.112
784.112
784.112
752.623
752.623
752.623
752.623
752.623
732.433
732.433
732.433
732.433
732.433
719.941
719.941
719.941
719.941
719.941
749.174
747.973
747.973
747.973
747.973
557.019
557.019
557.019
557.019
557.019
402.142
402.142
402.142
402.142
402.142
411.673
411.673
411.673
411.673
411.673
525.033
525.033
525.033
525.033
525.033
477.077
477.077
477.077
477.077
477.077
304.182
304.182
304.182
304.182
304.182
426.836
426.836
426.836
426.836
426.836
523.375
523.375
523.375
523.375
523.375
503.046
503.046
503.046
503.046
503.046
490.446
490.446
490.446
490.446
490.446
677.922
677.922
677.922
677.922
677.922
644.311
644.311
644.311
644.311
644.311
434.381
434.381
434.381
434.381
434.381
495.845
495.845
495.845
495.845
495.845
645.856
645.856
645.856
645.856
645.856
355.352
355.352
355.352
355.352
355.352
698.023
698.023
698.023
698.023
698.023
763.671
763.671
763.671
763.671
763.671
388.866
388.866
388.866
388.866
388.866
301.612
301.612
301.612
301.612
301.612
301.263
301.263
301.263
301.263
301.263
482.354
482.354
482.354
482.354
482.354
719.202
719.202
719.202
719.202
719.202
598.238
598.238
598.238
598.238
598.238
477.661
477.661
477.661
477.661
477.661
89
89
89
89
89
628.683
628.683
628.683
628.683
628.683
452.967
452.967
452.967
452.967
452.967
309.934
309.934
309.934
309.934
309.934
493.891
493.891
493.891
493.891
493.891
625.656
625.656
625.656
625.656
625.656
468.98
468.98
468.98
468.98
468.98
429.86
429.86
429.86
429.86
429.86
535.68
535.68
535.68
535.68
535.68
557.322
557.322
557.322
557.322
557.322
563.206
563.206
563.206
563.206
563.206
250.951
250.951
250.951
250.951
250.951
587.333
587.333
587.333
587.333
587.333
651.448
651.448
651.448
651.448
651.448
456.897
466.857
466.857
466.857
466.857
660.162
660.162
660.162
660.162
660.162
526.824
526.824
526.824
526.824
526.824
515.375
515.375
515.375
515.375
515.375
359.095
359.095
359.095
359.095
359.095
569.019
569.019
569.019
569.019
569.019
465.97
465.97
465.97
465.97
465.97
287.696
287.696
287.696
287.696
287.696
663.281
663.281
663.281
663.281
663.281
652.528
652.528
652.528
652.528
652.528
768.226
768.226
768.226
768.226
768.226
696.943
696.943
696.943
696.943
696.943
357.938
357.938
357.938
357.938
357.938
478.755
478.755
478.755
478.755
478.755
477.471
477.471
477.471
477.471
477.471
352.835
352.835
352.835
352.835
352.835
489.803
489.803
489.803
489.803
489.803
541.313
541.313
541.313
541.313
541.313
566.383
566.383
566.383
566.383
566.383
456.639
456.639
456.639
456.639
456.639
641.672
641.672
641.672
641.672
641.672
502.367
502.367
502.367
502.367
502.367
234.111
234.111
234.111
234.111
234.111
489.688
489.688
489.688
489.688
489.688
486.145
486.145
486.145
486.145
486.145
716.967
716.967
716.967
716.967
716.967
742.926
742.926
742.926
742.926
742.926
391.66
391.66
391.66
391.66
391.66
464.82
464.82
464.82
464.82
464.82
608.255
608.255
608.255
608.255
608.255
743.194
743.194
743.194
743.194
743.194
658.007
658.007
658.007
667.139
667.139
368.25
368.25
368.25
368.25
368.25
382.454
382.454
382.454
382.454
382.454
732.562
732.562
732.562
732.562
732.562
666.902
666.902
666.902
666.902
666.902
701.852
701.852
701.852
701.852
701.852
649.781
649.781
649.781
649.781
649.781
690.497
690.497
690.497
690.497
690.497
469.305
469.305
469.305
511.109
511.109
393.767
393.767
393.767
393.767
393.767
755.425
755.425
755.425
755.425
755.425
740.221
740.221
740.221
740.221
740.221
449.239
449.239
449.239
449.239
449.239
544.602
544.602
544.602
544.602
544.602
596.189
596.189
596.189
596.189
596.189
693.957
693.957
693.957
693.957
693.957
643.84
643.84
643.84
643.84
643.84
387.707
387.707
387.707
387.707
387.707
256.442
256.442
256.442
256.442
256.442
652.227
652.227
652.227
652.227
652.227
618.141
618.141
618.141
618.141
618.141
606.15
606.15
606.15
606.15
606.15
520.969
520.969
520.969
520.969
520.969
527
527
527
527
527
626.357
626.357
626.357
626.357
626.357
492.688
492.688
492.688
492.688
492.688
637.926
637.926
637.926
637.926
637.926
330.719
330.719
330.719
330.719
330.719
518.953
518.953
518.953
518.953
518.953
733.749
733.749
733.749
733.749
733.749
657.437
657.437
657.437
657.437
657.437
649.239
649.239
649.239
649.239
649.239
378.901
378.901
378.901
378.901
378.901
436.927
436.927
436.927
436.927
436.927
689.546
689.546
689.546
689.546
689.546
334.736
334.736
334.736
334.736
334.736
572.443
572.443
572.443
572.443
572.443
723.36
723.36
723.36
723.36
723.36
364.508
364.508
364.508
364.508
364.508
618
618
618
618
618
424.306
424.306
424.306
424.306
424.306
512.421
512.421
512.421
512.421
512.421
341.761
341.761
341.761
341.761
341.761
586.128
586.128
586.128
586.128
586.128
647.719
647.719
647.719
647.719
647.719
522.695
522.695
522.695
522.695
522.695
164.29
164.29
164.29
164.29
164.29
303.069
303.069
303.069
303.069
303.069
568.274
568.274
568.274
568.274
568.274
627.09
627.09
627.09
627.09
627.09
359.477
359.477
359.477
359.477
359.477
431.068
431.068
431.068
431.068
431.068
501.055
501.055
501.055
501.055
501.055
708.232
708.232
708.232
708.232
708.232
662.468
662.468
662.468
662.468
662.468
508.316
508.316
508.316
508.316
508.316
319.704
319.704
319.704
319.704
319.704
365
365
365
365
365
550.928
550.928
550.928
550.928
550.928
652.242
652.242
652.242
652.242
652.242
406.939
406.939
406.939
406.939
406.939
728.199
728.199
728.199
728.199
728.199
474.094
474.094
474.094
474.094
474.094
553.368
553.368
553.368
553.368
553.368
641.952
641.952
641.952
641.952
641.952
590.028
590.028
590.028
590.028
590.028
746.022
746.022
746.022
746.022
746.022
456.288
456.288
456.288
456.288
456.288
790.353
790.353
790.353
790.353
790.353
339.869
339.869
339.869
339.869
339.869
756.022
756.022
756.022
756.022
756.022
713.139
713.139
713.139
713.139
713.139
550.642
550.642
550.642
550.642
550.642
579.723
579.723
579.723
579.723
579.723
401.813
401.813
401.813
401.813
401.813
660.732
660.732
660.732
660.732
660.732
669.435
669.435
669.435
669.435
669.435
692.938
692.938
692.938
692.938
692.938
568.622
568.622
568.622
568.622
568.622
606.329
606.329
606.329
606.329
606.329
618.125
618.125
618.125
618.125
618.125
768.248
768.248
768.248
768.248
768.248
685.656
685.656
685.656
685.656
685.656
720.953
720.954
720.954
720.954
720.954
713.959
713.959
713.959
713.959
713.959
669.726
669.726
669.726
669.726
669.726
556.208
556.208
556.208
556.208
556.208
757.318
757.318
757.318
757.318
757.318
434.199
434.199
434.199
434.199
434.199
646.266
646.266
646.266
646.266
646.266
433.25
433.25
433.25
433.25
433.25
718.888
718.888
718.888
718.888
718.888
678.459
678.459
678.459
678.459
678.459
563.853
563.853
563.853
563.853
563.853
441.296
441.296
441.296
441.296
441.296
729.493
729.493
729.493
729.493
729.493
712.875
712.875
712.875
712.875
712.875
619.106
619.106
619.106
619.106
619.106
575.588
575.588
575.588
575.588
575.588
637.208
637.208
637.208
637.208
637.208
535.966
535.966
535.966
535.966
535.966
496.974
496.974
496.974
496.974
496.974
546.191
546.191
546.191
546.191
546.191
608.5
608.5
608.5
608.5
608.5
735.719
735.719
735.719
735.719
735.719
686.521
686.521
686.521
686.521
686.521
648.849
648.849
648.849
648.849
648.849
539.484
539.484
539.484
539.484
539.484
407.436
407.436
407.436
407.436
407.436
182.664
182.664
182.664
182.664
182.664
586.719
586.719
586.719
586.719
586.719
784.229
784.229
784.229
784.229
784.229
291.891
291.891
291.891
291.891
291.891
408.983
408.983
408.983
408.983
408.983
347.813
347.813
347.813
347.813
347.813
542.317
542.317
542.317
542.317
542.317
610.438
610.438
610.438
610.438
610.438
469.946
469.946
469.946
469.946
469.946
509.5
509.5
509.5
509.5
509.5
302.949
302.949
302.949
302.949
302.949
371.938
371.938
371.938
371.938
371.938
427.25
427.25
427.25
427.25
427.25
571.522
571.522
571.522
571.522
571.522
480.461
480.461
480.461
480.461
480.461
568.109
568.109
568.109
568.109
568.109
612
612
612
612
612
396.323
396.323
396.323
396.323
396.323
534.577
534.577
534.577
534.577
534.577
574.65
574.65
574.65
574.65
574.65
215.24
215.24
215.24
215.24
215.24
695.594
695.594
695.594
695.594
695.594
617.531
617.531
617.531
617.531
617.531
623.924
623.924
623.924
623.924
623.924
619.511
619.511
619.511
619.511
619.511
660.018
660.018
660.018
660.018
660.018
538.541
538.541
538.541
538.541
538.541
605.964
605.964
605.964
605.964
605.964
505.281
505.281
505.281
505.281
505.281
577.867
577.867
577.867
577.867
577.867
685.729
685.729
685.729
685.729
685.729
531.328
531.328
531.328
531.328
531.328
419.883
419.883
419.883
419.883
419.883
424.383
424.383
424.383
424.383
424.383
649.766
649.766
649.766
649.766
649.766
403.542
403.542
403.542
403.542
403.542
668.674
668.674
668.674
668.674
668.674
410.556
410.556
410.556
410.556
410.556
486.656
486.656
486.656
486.656
486.656
422.704
422.704
422.704
422.704
422.704
778.891
778.891
778.891
778.891
778.891
593.897
593.897
593.897
593.897
593.897
591.652
591.652
591.652
591.652
591.652
466.756
466.756
466.756
466.756
466.756
581.323
581.323
581.323
581.323
581.323
553.034
553.034
553.034
553.034
553.034
566.796
566.796
566.796
566.796
566.796
682.946
682.946
682.946
682.946
682.946
585.063
585.063
585.063
585.063
585.063
444.949
444.949
444.949
444.949
444.949
672.688
672.688
672.688
672.688
672.688
531.125
531.125
531.125
531.125
531.125
220.902
220.902
220.902
220.902
220.902
557.729
557.729
557.729
557.729
557.729
353.137
353.137
353.137
353.137
353.137
296.496
296.496
296.496
296.496
296.496
734.519
734.519
734.519
734.519
734.519
450.309
450.309
450.309
450.309
450.309
520.938
520.938
520.938
520.938
520.938
283
283
283
283
283
373.642
373.642
373.642
373.642
373.642
673.407
673.407
673.407
673.407
673.407
727.965
727.965
727.965
727.965
727.965
556.913
556.913
556.913
556.913
556.913
629.531
629.531
629.531
629.531
629.531
598.84
598.84
598.84
598.84
598.84
629.732
629.732
629.732
629.732
629.732
630.705
630.705
630.705
630.705
630.705
627.927
627.927
627.927
627.927
627.927
465.789
465.789
465.789
465.789
465.789
536.781
536.781
536.781
536.781
536.781
344.855
344.855
344.855
344.855
344.855
697.565
697.565
697.565
697.565
697.565
529.343
529.343
529.343
529.343
529.343
389.975
389.975
389.975
389.975
389.975
451.173
451.173
451.173
451.173
451.173
520.875
520.875
520.875
520.875
520.875
599.937
599.937
599.937
599.937
599.937
304.304
304.304
304.304
304.304
304.304
371.809
371.809
371.809
371.809
371.809
656.274
656.274
656.274
656.274
656.274
371.522
371.522
371.522
371.522
371.522
597.501
597.501
597.505
597.505
597.505
681.576
681.576
681.576
681.576
681.576
222.895
222.895
222.895
222.895
222.895
468.156
468.156
468.156
468.156
468.156
555.775
555.775
555.775
555.775
555.775
456.209
456.209
456.209
456.209
456.209
697.223
697.223
697.223
697.223
697.223
359.77
359.77
359.77
359.77
359.77
689.817
689.817
689.817
689.817
689.817
705.273
705.273
705.273
705.273
705.273
565.287
565.287
565.287
565.287
565.287
435.93
435.93
435.93
435.93
435.93
698.708
698.708
698.708
698.708
698.708
325.172
325.172
325.172
325.172
325.172
591.063
591.063
591.063
591.063
591.063
609.141
609.141
609.141
609.141
609.141
484.725
484.725
484.725
484.725
484.725
756.955
756.955
756.955
756.955
756.955
579.74
579.74
579.74
579.74
579.74
665.382
665.382
665.382
665.382
665.382
558.134
558.134
558.134
558.134
558.134
248.664
248.664
248.664
248.664
248.664
582
582
582
582
582
492.792
492.792
492.792
492.792
492.792
669.077
669.077
669.077
669.077
669.077
450.135
450.135
450.135
450.135
450.135
604.506
604.506
604.506
604.506
604.506
572.246
572.246
572.246
572.246
572.246
686.472
686.472
686.474
686.474
686.474
675.665
675.665
675.665
675.665
675.665
545.375
545.375
545.375
545.375
545.375
600.623
600.623
600.623
600.623
600.623
482.712
482.712
482.712
482.712
482.712
585.867
585.867
585.867
585.867
585.867
661.704
661.704
661.704
661.704
661.704
657.725
657.725
657.725
657.725
657.725
637.129
637.129
637.129
637.129
637.129
417.813
417.813
417.813
417.813
417.813
279.715
279.715
279.715
279.715
279.715
486.061
486.061
486.061
486.061
486.061
628.125
628.125
628.125
628.125
628.125
758.719
758.719
758.719
758.719
758.719
585.25
585.25
585.25
585.25
585.25
463.249
463.249
463.249
463.249
463.249
342.183
342.183
342.183
342.183
342.183
513.504
513.504
513.504
513.504
513.504
735.654
735.654
735.654
735.654
735.654
750.623
750.623
750.623
750.623
750.623
761.84
761.84
761.84
761.84
761.84
667.768
667.768
667.768
667.768
667.768
675.323
675.323
675.323
675.323
675.323
657.872
657.872
657.872
657.872
657.872
779.597
779.597
779.597
779.597
779.597
757.271
757.271
757.271
757.271
757.271
359.32
359.32
359.32
359.32
568.641
618.546
618.546
618.546
618.546
618.546
617.899
617.899
617.899
617.899
617.899
361.854
361.854
361.854
361.854
361.854
543.88
543.88
543.88
543.88
543.88
517.757
517.757
517.757
517.757
517.757
691.75
691.75
691.75
691.75
691.75
268.868
268.868
268.868
268.868
268.868
434.194
434.194
434.194
434.194
434.194
423.578
423.578
423.578
423.578
423.578
556.888
556.888
556.888
556.888
556.888
565.927
565.927
565.927
565.927
565.927
509.43
509.43
509.43
509.43
509.43
444.347
444.347
444.347
444.347
444.347
288.556
288.556
288.556
288.556
288.556
679.563
679.563
679.563
679.563
679.563
382.618
382.618
382.618
382.618
382.618
653.593
653.593
653.593
653.593
653.593
446.503
446.503
446.503
446.503
446.503
330.997
330.997
330.997
330.997
330.997
536.526
536.526
536.526
536.526
536.526
412.457
412.457
412.457
412.457
412.457
405.406
405.406
405.406
405.406
405.406
278.215
278.215
278.215
278.215
278.215
596.052
596.052
596.052
596.052
596.052
414.274
414.274
414.274
425.423
425.423
496.67
496.67
496.67
496.67
496.67
680.223
680.223
680.223
680.223
680.223
647.68
647.68
647.68
647.68
647.68
733.688
733.688
733.688
733.688
733.688
767.786
767.786
767.786
767.786
767.786
591.291
591.291
591.291
591.291
591.291
723.362
723.362
723.362
723.362
723.362
720.162
720.162
720.162
720.162
720.162
504.211
504.211
504.211
504.211
504.211
753.159
753.159
753.159
753.159
753.159
709.676
709.676
709.676
709.676
709.676
549.955
549.955
549.955
549.955
549.955
411.9
411.9
411.9
411.9
411.9
595.706
595.706
595.706
595.706
595.706
705.706
705.706
705.706
705.706
705.706
710.786
710.786
710.786
710.786
710.786
574.321
574.321
574.321
574.321
574.321
307.743
307.743
307.743
307.743
307.743
594.445
594.445
594.445
594.445
594.445
632.628
632.628
632.628
632.628
632.628
585.722
585.722
585.722
585.722
585.722
516.357
516.357
516.357
516.357
516.357
739.104
739.104
739.104
739.104
739.104
764.761
764.761
764.761
764.761
764.761
747.195
747.195
747.195
747.195
747.195
708.759
708.759
708.759
708.759
708.759
483.899
483.899
483.899
483.899
483.899
553.063
553.063
553.063
553.063
553.063
650.816
650.816
650.816
650.816
650.816
605.027
605.027
605.027
605.027
605.027
558.819
558.819
558.819
558.819
558.819
332.042
332.042
332.042
332.042
332.042
215.289
215.289
215.289
215.289
215.289
689.506
689.506
689.506
689.506
689.506
545.47
545.47
545.47
545.47
545.47
679.75
679.75
679.75
679.75
679.75
344.231
344.231
344.231
344.231
344.231
652.127
652.127
652.127
652.127
652.127
472.255
472.255
472.255
472.255
472.255
593.57
593.57
593.57
593.57
593.57
590.561
590.561
590.561
590.561
590.561
554.457
554.457
554.457
554.457
554.457
367.109
367.109
367.109
367.109
367.109
487.167
487.167
487.167
487.167
487.167
750.88
750.88
750.88
750.88
750.88
688.603
688.603
688.603
688.603
688.603
776.468
776.468
776.468
776.468
776.468
714.46
714.46
714.46
714.46
714.46
684.161
684.161
684.161
684.161
684.161
320.733
320.733
320.733
320.733
320.733
410.48
410.48
410.48
410.48
410.48
329.699
329.699
329.699
329.699
329.699
591.83
591.83
591.83
591.83
591.83
406.743
406.743
406.743
406.743
406.743
622.065
622.065
622.065
622.065
622.065
723.93
723.93
723.93
723.93
723.93
461.57
461.57
461.57
461.57
461.57
502.536
502.536
502.536
502.536
502.536
564.529
564.529
564.529
564.529
564.529
474.117
474.117
474.117
474.117
474.117
240.945
240.945
240.945
240.945
240.945
546.957
546.957
546.957
546.957
546.957
538.38
538.38
538.38
538.38
538.38
599.216
599.216
599.216
599.216
599.216
588.359
588.359
588.359
588.359
588.359
604.906
604.906
604.906
604.906
604.906
279.94
279.94
279.94
279.94
279.94
433.477
453.953
453.953
453.953
453.953
529.484
529.484
529.484
529.484
529.484
733.833
733.833
733.833
733.833
733.833
767.436
767.436
767.436
767.436
767.436
571.966
571.966
571.966
571.966
571.966
684.11
684.11
684.11
684.11
684.11
765.848
765.848
765.848
765.848
765.848
725.441
725.441
725.441
725.441
725.441
697.58
697.58
697.58
697.58
697.58
722.836
722.836
722.836
722.836
722.836
621.174
621.174
621.174
621.174
621.174
766.302
766.302
766.302
766.302
766.302
278.327
278.327
278.327
278.327
278.327
400.609
400.609
400.609
400.609
400.609
684.211
684.211
684.211
684.211
684.211
657.28
657.28
657.28
657.28
657.28
434.715
434.715
434.715
434.715
434.715
681.623
681.623
681.623
681.623
681.623
778.808
778.808
778.808
778.808
778.808
775.417
775.417
775.417
775.417
775.417
663.715
663.715
663.715
663.715
663.715
690.537
690.537
690.537
690.537
690.537
478
478
478
478
478
780.247
780.247
780.247
780.247
780.247
327.458
327.458
327.458
327.458
327.458
690.188
690.188
690.188
690.188
690.188
440.239
440.239
440.239
440.239
440.239
762.342
762.342
762.342
762.342
762.342
470.864
470.864
470.864
470.864
470.864
546.029
546.029
546.029
546.029
546.029
384.766
384.766
384.766
384.766
384.766
510.444
510.444
510.444
510.444
510.444
730.031
730.031
730.031
730.031
730.031
555.249
555.249
555.249
555.249
555.249
421.496
421.496
421.496
421.496
421.496
637.337
637.337
637.337
637.337
637.337
316.295
335.59
335.59
335.59
335.59
290.969
290.969
290.969
290.969
290.969
458.937
458.937
458.937
458.937
458.937
617.918
617.918
617.918
617.918
617.918
306.863
306.863
306.863
306.863
306.863
702.739
702.739
702.739
702.739
702.739
738.275
738.275
738.275
738.275
738.275
784.161
784.161
784.161
784.161
784.161
753.195
753.195
753.195
753.195
753.195
774.428
774.428
774.428
774.428
774.428
732.688
732.688
732.688
732.688
732.688
751.107
751.107
749.714
749.714
749.714
669.531
669.531
669.531
669.531
669.531
593.642
593.642
593.642
593.642
593.642
435.535
435.535
435.535
435.535
435.535
671.019
671.019
671.019
671.019
671.019
684.158
684.158
684.158
684.158
684.158
644.971
644.971
644.971
644.971
644.971
691.464
691.464
691.464
691.464
691.464
767.559
767.559
767.559
767.559
767.559
692.96
692.96
692.96
692.96
692.96
464.599
464.599
464.599
464.599
464.599
716.351
716.351
716.351
716.351
716.351
381.337
381.337
381.337
381.337
381.337
605.807
605.807
605.807
605.807
605.807
347.141
347.141
347.141
347.141
347.141
520.783
520.783
520.783
520.783
520.783
480.169
480.169
480.169
480.169
480.169
528.379
528.379
528.379
528.379
528.379
474.887
474.887
474.887
474.887
474.887
658.438
658.438
658.438
658.438
658.438
541.813
541.813
541.813
541.813
541.813
581.275
583.285
583.285
583.285
583.285
610.389
610.389
610.389
610.389
610.389
330
330
330
330
330
558.499
558.499
558.499
558.499
558.499
406.12
406.12
406.12
406.12
406.12
759.001
759.001
759.001
759.001
759.001
757.357
757.357
757.357
757.357
757.357
779.069
779.069
779.069
779.069
779.069
719.792
719.792
719.792
719.792
719.792
771.255
771.255
771.255
771.255
771.255
607.212
607.212
607.212
607.212
607.212
437.357
437.357
437.357
437.357
437.357
458.5
458.5
458.5
458.5
458.5
560.391
560.391
560.391
560.391
560.391
646.369
646.369
646.369
646.369
646.369
619.03
619.03
619.03
619.03
619.03
359.425
359.425
359.425
359.425
359.425
256.348
256.348
256.348
256.348
256.348
761.512
761.513
761.513
761.513
761.513
698.762
698.762
698.762
698.762
698.762
576.801
576.801
576.801
576.801
576.801
442.971
442.971
442.971
442.971
442.971
371.438
371.438
371.438
371.438
371.438
378.536
378.536
378.536
378.536
378.536
623.671
623.671
623.671
623.671
623.671
449.578
449.578
449.578
449.578
449.578
335.042
335.042
335.042
335.042
335.042
659.694
659.694
659.694
659.694
659.694
566.579
566.579
566.579
566.579
566.579
567.48
567.48
567.48
567.48
567.48
419.469
419.469
419.469
419.469
419.469
370.1
370.1
370.1
370.1
370.1
763.627
763.627
763.627
763.627
763.627
557.098
557.098
557.098
557.098
557.098
592.026
592.026
592.026
592.026
592.026
684.326
684.326
684.326
684.326
684.326
372.369
372.369
372.369
372.369
372.369
516.713
516.713
516.713
516.713
516.713
252.32
252.32
252.32
252.32
252.32
681.457
681.457
681.457
681.457
681.457
625.125
625.125
625.125
625.125
625.125
589.869
589.869
589.869
589.869
589.869
672.577
672.577
672.577
672.577
672.577
567.858
567.858
567.858
567.858
567.858
170.638
170.638
170.638
170.638
170.638
705.063
705.063
705.063
705.063
705.063
657.133
657.133
657.133
657.133
657.133
659.664
659.664
659.664
659.664
659.664
586.461
586.461
586.461
586.461
586.461
428.266
428.266
428.266
428.266
428.266
499.28
499.28
499.28
499.28
499.28
541.812
541.812
541.812
541.812
541.812
789.027
789.027
789.027
789.027
789.027
774.617
774.617
774.617
774.617
774.617
750.519
750.519
750.519
750.519
750.519
777.116
777.116
777.116
777.116
777.116
755.044
755.044
755.044
755.044
755.044
610.696
610.696
610.696
610.696
610.696
528.109
528.109
528.109
528.109
528.109
541.134
541.134
541.134
541.134
541.134
447.929
447.929
447.929
447.929
447.929
570.261
570.261
570.261
570.261
570.261
623.785
623.785
623.785
623.785
623.785
599.516
599.516
599.516
599.516
599.516
616.29
616.29
616.29
616.29
616.29
259.738
259.738
259.738
259.738
259.738
542.125
542.125
542.125
542.125
542.125
700.981
700.981
700.981
700.981
700.981
646.097
646.097
646.097
646.097
646.097
237.115
237.115
237.115
237.115
237.115
428.352
428.352
428.352
428.352
428.352
489.398
489.398
489.398
489.398
489.398
219.094
219.094
219.094
219.094
219.094
497.471
497.471
497.471
497.471
497.471
483.909
483.909
483.909
483.909
483.909
691.094
691.094
691.094
691.094
691.094
607.072
607.072
607.072
607.072
607.072
585.506
585.506
585.506
585.506
585.506
774.562
774.562
774.562
774.562
774.562
521.832
521.844
521.844
521.844
521.844
608.819
608.819
608.819
608.819
608.819
510.457
510.457
510.457
510.457
510.457
417.514
417.514
417.514
417.514
417.514
285.408
285.408
285.408
285.408
285.408
584.336
584.336
584.336
584.336
584.336
308.266
308.266
308.266
308.266
308.266
670.903
670.903
670.903
670.903
670.903
544.768
544.768
544.768
544.768
544.768
581.438
581.438
581.438
581.438
581.438
437.516
437.516
437.516
437.516
437.516
579.324
579.324
579.324
579.324
579.324
676.18
676.18
676.18
676.18
676.18
469.314
469.314
469.314
469.314
469.314
749.353
749.353
749.353
749.353
749.353
733.136
733.136
733.136
733.136
733.136
706.349
706.349
706.349
706.349
706.349
757.681
757.681
757.681
757.681
757.681
755.11
755.11
755.11
755.11
755.11
693.205
693.205
693.205
693.205
693.205
558.11
558.11
558.11
558.11
558.11
499.449
499.449
499.449
499.449
499.449
564.117
564.117
564.117
564.117
564.117
598.363
598.363
598.363
598.363
598.363
495.868
495.868
495.868
495.868
495.868
580.828
580.828
580.828
580.828
580.828
516.29
516.29
516.29
516.29
516.29
689.026
689.026
689.026
689.026
689.026
625.362
625.362
625.362
625.362
625.362
524.76
524.76
524.76
524.76
524.76
367.148
367.148
367.148
367.148
367.148
471.107
471.107
471.107
471.107
471.107
616.717
616.717
616.717
616.717
616.717
347.557
347.557
347.557
347.557
347.557
389.69
389.69
389.69
389.69
389.69
491.678
491.678
491.678
491.678
491.678
741.587
741.587
741.587
741.587
741.587
372.929
372.929
372.929
372.929
372.929
553.919
553.919
553.919
553.919
553.919
547.464
547.464
547.464
547.464
547.464
443.75
443.75
443.75
443.75
443.75
277.916
277.916
277.916
277.916
291.331
188.781
188.781
188.781
188.781
188.781
253.142
253.142
253.142
253.142
253.142
607.041
607.041
607.041
607.041
607.041
664.219
664.219
664.219
664.219
664.219
283.867
283.867
283.867
283.867
283.867
398.111
398.111
398.111
398.111
398.111
690.324
690.324
690.324
690.324
690.324
610.335
610.335
610.335
610.335
610.335
593.788
593.788
593.788
593.788
593.788
316.867
316.867
316.867
316.867
316.867
547.98
547.98
547.98
547.98
547.98
470.982
470.982
470.982
470.982
470.982
671.091
671.091
671.091
671.091
671.091
505.324
505.324
505.324
505.324
505.324
579.755
579.755
579.755
579.755
579.755
273.465
273.465
273.465
273.465
273.465
597.421
597.421
597.421
597.421
597.421
609.447
609.447
609.447
609.447
609.447
434.234
434.234
434.234
434.234
434.234
548.119
548.119
548.119
548.119
548.119
540.92
540.92
540.92
540.92
540.92
714.039
714.039
714.039
714.039
714.039
543.5
543.5
543.5
543.5
543.5
432.183
432.183
432.183
432.183
432.183
318.587
318.587
318.587
318.587
318.587
629.375
629.375
629.375
629.375
629.375
572.127
572.127
572.127
572.127
572.127
470.616
470.616
470.616
470.616
470.616
724.361
724.361
724.361
724.361
724.361
742.281
742.281
742.281
742.281
742.281
782.02
782.02
782.02
782.02
782.02
748.293
748.293
748.293
748.293
748.293
641.807
641.807
641.807
641.807
641.807
676.019
676.019
676.019
676.019
676.019
755.864
755.864
755.864
755.864
755.864
760.532
760.532
760.532
760.532
760.532
537.165
537.165
537.165
537.165
537.165
398.893
398.893
398.893
398.893
398.893
642.563
642.563
642.563
642.563
642.563
466.267
466.267
466.267
466.267
466.267
592.693
592.693
592.693
592.693
592.693
670.906
670.906
670.906
670.906
670.906
632.912
632.912
632.912
632.912
632.912
515.901
515.901
515.901
515.901
515.901
375.317
375.317
375.317
375.317
375.317
383.31
383.31
383.31
383.31
383.31
745.498
745.498
745.498
745.498
745.498
766.767
766.767
766.767
766.767
766.767
667.911
667.911
667.911
667.911
667.911
737.487
737.487
737.487
737.487
737.487
711.338
711.338
711.338
711.338
711.338
335.734
335.734
335.734
335.734
335.734
637.677
637.677
637.677
637.677
637.677
698.181
698.181
698.181
698.181
698.181
790.924
790.924
790.924
790.924
790.924
680.287
680.287
680.287
680.287
680.287
593.514
593.514
593.514
593.514
593.514
432.77
432.77
432.77
432.77
432.77
621.281
621.281
621.281
621.281
621.281
579.786
579.786
579.786
579.786
579.786
737.954
737.954
737.954
737.954
737.954
624.261
624.261
624.261
624.261
624.261
741.636
741.636
741.636
741.636
741.636
741.505
741.505
741.505
741.505
741.505
554.25
554.25
554.25
554.25
554.25
590.499
590.499
590.499
590.499
590.499
469.719
469.719
469.719
469.719
469.719
537.703
537.703
537.703
537.703
537.703
351.561
351.561
351.561
351.561
351.561
600
600
600
600
600
517.688
517.688
517.688
517.688
517.688
604.719
604.719
604.719
604.719
604.719
442.371
442.371
442.371
442.371
442.371
439.694
439.694
439.694
439.694
439.694
584.281
584.281
584.281
584.281
584.281
541
541
541
541
541
640.568
640.568
640.568
640.568
640.568
190.2
190.2
190.2
190.2
190.2
658.084
628.668
628.668
628.668
628.668
743.034
743.034
743.034
743.034
743.034
237.992
237.992
237.992
237.992
237.992
772.633
772.633
772.633
772.633
772.633
757.951
757.951
757.951
757.951
757.951
769.284
769.284
769.284
769.284
769.284
625.173
625.173
625.173
625.173
625.173
528.546
528.546
528.546
528.546
528.546
743.955
743.955
743.955
743.955
743.955
784.607
784.607
784.607
784.607
784.607
777.204
777.204
777.204
777.204
777.204
786.227
786.227
786.227
786.227
786.227
764.768
764.768
764.768
764.768
764.768
644.464
644.464
644.464
644.464
644.464
679.18
679.18
679.18
679.18
679.18
370.362
370.362
370.362
370.362
370.362
509.898
509.898
509.898
509.898
509.898
399.25
399.25
399.25
399.25
399.25
679.65
679.65
679.65
679.65
679.65
771.659
771.659
771.659
771.659
771.659
774.835
774.835
774.835
774.835
774.835
700.738
700.738
700.738
700.738
700.738
619.899
619.899
619.899
619.899
619.899
767.028
767.028
767.028
767.028
767.028
658.762
658.762
658.762
658.762
658.762
618.013
618.013
618.013
618.013
618.013
768.953
768.953
768.953
768.953
768.953
736.012
722.023
722.023
722.023
722.023
531.234
531.234
531.234
531.234
531.234
674.892
674.892
674.892
674.892
674.892
288.116
288.116
288.116
288.116
288.116
275.258
275.258
275.258
275.258
275.258
411.133
411.133
411.133
411.133
411.133
329.914
329.914
329.914
329.914
329.914
414.023
414.023
414.023
414.023
414.023
570.809
570.809
570.809
570.809
570.809
579.315
579.315
579.315
579.315
579.315
770.378
770.378
770.378
770.378
770.378
756.921
756.948
756.948
756.948
756.948
313.662
313.662
313.662
313.662
313.662
484.495
484.495
484.495
484.495
484.495
393.494
393.494
393.494
393.494
393.494
551.219
551.219
551.219
551.219
551.219
286.59
286.59
286.59
286.59
286.59
553.585
553.585
553.585
553.585
553.585
564.834
564.834
564.834
564.834
564.834
298.707
298.707
298.707
298.707
298.707
689.072
689.072
689.072
689.072
689.072
728.12
728.12
728.12
728.12
728.12
519.107
519.107
519.107
519.107
519.107
509.697
509.697
509.697
509.697
509.697
479.943
479.943
479.943
479.943
479.943
377.41
377.41
377.41
377.41
377.41
457.482
457.482
457.482
457.482
457.482
350.926
350.926
350.926
350.926
350.926
378.949
378.949
378.949
378.949
378.949
449.314
449.314
449.314
449.314
449.314
467.664
467.664
467.664
467.664
467.664
168.63
168.63
168.63
168.63
168.63
764.42
764.42
764.42
764.42
764.42
579.763
579.763
579.763
579.763
579.763
747.193
747.193
747.193
747.193
747.193
573.311
573.311
573.311
573.311
573.311
627.895
627.895
627.895
627.895
627.895
560.232
560.232
560.232
560.232
560.232
252.171
252.171
252.171
252.171
252.171
327.195
327.195
327.195
327.195
327.195
484.764
484.764
484.764
484.764
484.764
243.727
243.727
243.727
243.727
243.727
552.701
552.701
552.701
552.701
552.701
516.381
516.381
516.381
516.381
516.381
410.115
410.115
410.115
410.115
410.115
670.389
670.389
670.389
670.389
670.389
273.623
273.623
273.623
273.623
273.623
350.526
350.526
350.526
350.526
350.526
451.674
451.674
451.674
451.674
451.674
646.25
646.25
646.25
646.25
646.25
422.164
422.164
422.164
422.164
422.164
663.063
663.063
663.063
663.063
663.063
576.779
576.784
576.784
576.784
576.784
630.445
630.445
630.445
630.445
630.445
413.95
413.95
413.95
413.95
413.95
531.859
531.859
531.859
531.859
531.859
640.339
640.339
640.339
640.339
640.339
677.743
677.743
677.743
677.743
677.743
705.187
705.187
705.187
705.187
705.187
240.745
240.745
240.745
240.745
240.745
774.126
774.126
774.126
774.126
774.126
765.234
765.234
765.234
765.234
765.234
529.886
529.886
529.886
529.886
529.886
511.285
511.285
511.285
511.285
511.285
470.533
470.533
470.533
470.533
470.533
716.327
716.327
716.327
716.327
716.327
697.347
697.347
697.347
697.347
697.347
782.807
782.807
782.807
782.807
782.807
655.798
655.798
655.798
655.798
655.798
406.93
406.93
406.93
406.93
406.93
778.1
778.1
778.1
778.1
778.1
772.781
772.781
772.781
772.781
772.781
447.312
447.312
447.312
447.312
447.312
545.412
545.412
545.412
545.412
545.412
595.272
595.272
595.272
595.272
595.272
375.559
375.559
375.559
375.559
375.559
668.555
668.555
668.555
668.555
668.555
446.107
446.107
446.107
446.107
446.107
483.52
483.52
483.52
483.52
483.52
281.5
281.5
281.5
281.5
281.5
437.466
437.466
437.466
437.466
437.466
422.479
422.479
422.479
422.479
422.479
665.156
665.156
665.156
665.156
665.156
478.664
478.664
478.664
478.664
478.664
648.39
648.39
648.39
648.39
648.39
712.44
712.44
712.357
712.357
712.357
334.925
334.925
334.925
334.925
334.925
547.523
547.523
547.523
547.523
547.523
631.066
631.066
631.066
631.066
631.066
638.352
638.352
638.352
638.352
638.352
697.155
697.054
697.054
697.054
697.054
637.472
637.472
637.472
637.472
637.472
477.751
477.751
477.751
477.751
477.751
487.277
487.277
487.277
487.277
487.277
351.906
351.906
351.906
351.906
351.906
635.176
635.176
635.176
635.176
635.176
531.943
531.943
531.943
531.943
531.943
456.3
456.3
456.3
456.3
456.3
494.935
494.935
494.935
494.935
494.935
593.19
593.19
593.19
593.19
593.19
499.806
499.806
499.806
499.806
499.806
615.007
615.007
615.007
615.007
615.007
604.215
604.215
604.215
604.215
604.215
252.411
252.411
252.411
252.411
252.411
701
701
701
701
701
742.412
742.412
742.412
742.412
742.412
530.195
530.195
530.195
530.195
530.195
714.967
714.967
714.967
714.967
714.967
461.668
461.668
461.668
461.668
461.668
414.563
414.563
414.563
414.563
414.563
460.625
460.625
460.625
460.625
460.625
461.625
461.625
461.625
461.625
461.625
657.374
657.374
657.374
657.374
657.374
608.594
608.594
608.594
608.594
608.594
619.313
619.313
619.313
619.313
619.313
414.786
414.786
414.786
414.786
414.786
567.617
567.617
567.617
567.617
567.617
395.397
395.397
395.397
395.397
395.397
454.438
454.438
454.438
454.438
454.438
596.309
596.309
596.309
596.309
596.309
564.284
564.284
564.284
564.284
564.284
747.825
747.825
747.825
747.825
747.825
649.778
649.777
649.777
649.777
649.777
642.228
642.228
642.228
642.228
642.228
518.117
518.117
518.117
518.117
518.117
654.348
654.348
654.348
654.348
654.348
238.688
238.688
238.688
242.25
242.25
516.813
516.813
516.813
516.813
516.813
326.045
326.045
326.045
326.045
326.045
719.324
719.324
719.324
719.324
719.324
637.434
637.434
637.434
637.434
637.434
460.875
460.875
460.875
460.875
460.875
456.823
456.823
456.823
456.823
456.823
589.933
589.933
589.933
589.933
589.933
446.174
446.174
446.174
446.174
446.174
556.688
556.688
556.688
556.688
556.688
500.452
500.452
500.452
500.452
500.452
619.358
619.358
619.358
619.358
619.358
555.879
555.879
555.879
555.879
555.879
481.675
481.675
481.675
481.675
481.675
540.947
540.947
540.523
540.523
540.523
591.577
591.577
591.577
591.577
591.577
438.365
438.365
438.365
438.365
438.365
541.535
541.535
541.535
541.535
541.535
709.156
709.156
709.156
709.156
709.156
560.241
560.241
560.241
560.241
560.241
226.376
226.376
226.376
226.376
226.376
309.484
309.484
309.484
309.484
309.484
715.75
715.75
715.75
715.75
715.75
322.793
322.793
322.793
322.793
322.793
526.802
526.802
526.802
526.802
526.802
663.251
663.251
663.251
663.251
663.251
651.351
651.353
651.353
651.353
651.353
605.826
605.826
605.826
605.826
605.826
634.32
634.32
634.32
634.32
634.32
488.485
488.485
488.485
488.485
488.485
592.203
592.203
592.203
592.203
592.203
567.37
567.37
567.37
567.37
567.37
308.5
308.5
308.5
308.5
308.5
756.349
756.349
756.349
756.349
756.349
477.556
477.556
477.556
477.556
477.556
599.487
599.487
599.487
599.487
599.487
670.695
670.695
670.695
670.695
670.695
332.97
332.97
332.97
332.97
332.97
440.295
440.295
440.295
440.295
440.295
356.014
356.014
356.014
356.014
356.014
703.29
703.29
703.29
703.29
703.29
345.999
345.999
345.999
345.999
345.999
584.928
584.928
584.928
584.928
584.928
766.591
766.591
766.591
766.591
766.591
383.439
383.439
383.439
383.439
383.439
280.75
280.75
280.75
280.75
280.75
431.88
431.88
431.88
431.88
431.88
544.92
544.92
544.92
544.92
544.92
600.406
600.406
600.406
600.406
600.406
556.386
556.386
556.386
556.386
556.386
321.691
321.691
321.691
321.691
321.691
674.397
674.397
674.397
674.397
674.397
508.947
508.947
508.947
508.947
508.947
616.646
616.646
616.646
616.646
616.646
409.982
409.982
409.982
409.982
409.982
288.516
288.516
288.516
294.032
294.032
676.801
676.801
676.801
676.801
676.801
677.552
677.552
677.552
677.552
677.552
618.482
618.482
618.482
618.482
618.482
593.979
593.979
593.979
593.979
593.979
570.477
570.477
570.477
570.477
570.477
508.75
508.75
508.75
508.75
508.75
694.437
694.437
694.437
694.437
694.437
718.87
718.87
718.87
718.87
718.87
402.568
402.568
402.568
402.568
402.568
592.848
592.848
592.848
592.848
592.848
518.981
518.981
518.981
518.981
518.981
509.901
509.901
509.901
509.901
509.901
636.127
636.127
636.127
636.127
636.127
433.99
433.99
433.99
433.99
433.99
495.373
495.373
495.373
495.373
495.373
670.063
670.063
670.063
670.063
670.063
682.125
682.125
682.125
682.125
682.125
492.512
492.512
492.512
492.512
492.512
379.399
379.399
379.399
379.399
379.399
439.999
439.999
439.999
439.999
439.999
361.844
361.844
361.844
361.844
361.844
602.706
602.706
602.706
602.706
602.706
489.424
489.424
489.424
489.424
489.424
414.173
414.173
414.173
414.173
414.173
0
