0
0
0
0
466.182
466.182
466.182
466.182
466.182
752.665
752.665
752.665
752.665
752.665
724.425
724.425
724.425
724.425
724.425
669.94
669.94
669.94
669.94
669.94
775.294
775.294
775.294
775.294
775.294
769.099
769.099
769.099
769.099
769.099
783.687
783.687
783.687
783.687
783.687
782.634
782.634
782.634
782.634
782.634
777.228
777.228
777.228
777.228
777.228
781.55
781.55
781.55
781.55
781.55
783.466
783.466
783.466
783.466
783.466
790.225
790.225
790.225
790.225
790.225
786.068
786.068
786.068
786.068
786.068
796.421
796.421
796.421
796.421
796.421
788.651
788.651
788.651
788.651
788.651
785.356
785.356
785.356
785.356
785.356
792.807
792.807
792.807
792.807
792.807
789.052
789.052
789.052
789.052
789.052
786.134
786.134
786.134
786.134
786.134
783.739
783.739
783.739
783.739
783.739
782.502
782.502
782.502
782.502
782.502
791.334
791.334
791.334
791.334
791.334
793.847
793.847
793.847
793.847
793.847
793.254
793.254
793.254
793.254
793.254
787.236
787.236
787.236
787.236
787.236
797.911
797.911
797.911
797.911
797.911
793.944
793.944
793.944
793.944
793.944
795.213
795.213
795.213
795.213
795.213
797.681
797.681
797.681
797.681
797.681
794.913
794.913
794.913
794.913
794.913
795.447
795.447
795.447
795.447
795.447
798.021
798.021
798.021
798.021
798.021
797.336
797.336
797.336
797.336
797.336
792.906
792.906
792.906
792.906
792.906
797.966
797.966
797.966
797.966
797.966
795.16
795.16
795.16
795.16
795.16
793.409
793.409
793.409
793.409
793.409
798.431
798.431
798.431
798.431
798.431
797.231
797.231
797.231
797.231
797.231
797.013
797.013
797.013
797.013
797.013
796.33
796.33
796.33
796.33
796.33
796.193
796.193
796.193
796.193
796.193
794.677
794.677
794.677
794.677
794.677
798.351
798.351
798.351
798.351
798.351
795.945
795.945
795.945
795.945
795.945
794.171
794.171
794.171
794.171
794.171
798.801
798.801
798.801
798.801
798.801
797.05
797.05
797.05
797.05
797.05
796.578
796.578
796.578
796.578
796.578
798.076
798.076
798.076
798.076
798.076
796.694
796.694
796.694
796.694
796.694
790.203
790.203
790.203
790.203
790.203
798.056
798.056
798.056
798.056
798.056
797.648
797.648
797.648
797.648
797.648
797.317
797.317
797.317
797.317
797.317
798.099
798.099
798.099
798.099
798.099
796.014
796.014
796.014
796.014
796.014
794.648
794.648
794.648
794.648
794.648
797.099
797.099
797.099
797.099
797.099
795.598
795.598
795.598
795.598
795.598
794.918
794.918
794.918
794.918
794.918
798.249
798.249
798.249
798.249
798.249
797.281
797.281
797.281
797.281
797.281
795.594
795.594
795.594
795.594
795.594
795.698
795.698
795.698
795.698
795.698
792.697
792.697
792.697
792.697
792.697
792.807
792.807
792.807
792.807
792.807
798.746
798.746
798.746
798.746
798.746
797.408
797.408
797.408
797.408
797.408
795.889
795.889
795.889
795.889
795.889
798.808
798.808
798.808
798.808
798.808
798.304
798.304
798.304
798.304
798.304
797.014
797.014
797.014
797.014
797.014
798.326
798.326
798.326
798.326
798.326
797.922
797.922
797.922
797.922
797.922
797.003
797.003
797.003
797.003
797.003
798.827
798.827
798.827
798.827
798.827
798.01
798.01
798.01
798.01
798.01
797.59
797.59
797.59
797.59
797.59
798.998
798.998
798.998
798.998
798.998
798.781
798.781
798.781
798.781
798.781
798.033
798.033
798.033
798.033
798.033
798.222
798.222
798.222
798.222
798.222
797.697
797.697
797.697
797.697
797.697
796.715
796.715
796.715
796.715
796.715
798.701
798.701
798.701
798.701
798.701
798.28
798.28
798.28
798.28
798.28
797.379
797.379
797.379
797.379
797.379
798.248
798.248
798.248
798.248
798.248
797.358
797.358
797.358
797.358
797.358
796.644
796.644
796.644
796.644
796.644
798.351
798.351
798.351
798.351
798.351
797.31
797.31
797.31
797.31
797.31
797.056
797.056
797.056
797.056
797.056
798.177
798.177
798.177
798.177
798.177
797.538
797.538
797.538
797.538
797.538
797.181
797.181
797.181
797.181
797.181
797.984
797.984
797.984
797.984
797.984
797.098
797.098
797.098
797.098
797.098
795.988
795.988
795.988
795.988
795.988
797.496
797.496
797.496
797.496
797.496
796.274
796.274
796.274
796.274
796.274
795.445
795.445
795.445
795.445
795.445
798.301
798.301
798.301
798.301
798.301
797.286
797.286
797.286
797.286
797.286
797.255
797.255
797.255
797.255
797.255
798.771
798.771
798.771
798.771
798.771
798.228
798.228
798.228
798.228
798.228
798.092
798.092
798.092
798.092
798.092
798.745
798.745
798.745
798.745
798.745
798.28
798.28
798.28
798.28
798.28
797.053
797.053
797.053
797.053
797.053
798.081
798.081
798.081
798.081
798.081
797.374
797.374
797.374
797.374
797.374
796.514
796.514
796.514
796.514
796.514
797.614
797.614
797.614
797.614
797.614
796.53
796.53
796.53
796.53
796.53
795.495
795.495
795.495
795.495
795.495
798.497
798.497
798.497
798.497
798.497
798.19
798.19
798.19
798.19
798.19
797.308
797.308
797.308
797.308
797.308
798.812
798.812
798.812
798.812
798.812
798.326
798.326
798.326
798.326
798.326
797
797
797
797
797
798.999
798.999
798.999
798.999
798.999
797.277
797.277
797.277
797.277
797.277
796.476
796.476
796.476
796.476
796.476
798.945
798.945
798.945
798.945
798.945
798.758
798.758
798.758
798.758
798.758
798.195
798.195
798.195
798.195
798.195
798.828
798.828
798.828
798.828
798.828
798.536
798.536
798.536
798.536
798.536
797.276
797.276
797.276
797.276
797.276
798.344
798.344
798.344
798.344
798.344
797.841
797.841
797.841
797.841
797.841
797.633
797.633
797.633
797.633
797.633
798.935
798.935
798.935
798.935
798.935
798.741
798.741
798.741
798.741
798.741
797.838
797.838
797.838
797.838
797.838
798.628
798.628
798.628
798.628
798.628
798.347
798.347
798.347
798.347
798.347
798.258
798.258
798.258
798.258
798.258
798.984
798.984
798.984
798.984
798.984
798.024
798.024
798.024
798.024
798.024
797.976
797.976
797.976
797.976
797.976
798.93
798.93
798.93
798.93
798.93
798.317
798.317
798.317
798.317
798.317
798.302
798.302
798.302
798.302
798.302
798.375
798.375
798.375
798.375
798.375
797.996
797.996
797.996
797.996
797.996
797.416
797.416
797.416
797.416
797.416
797.984
797.984
797.984
797.984
797.984
797.699
797.699
797.699
797.699
797.699
797.328
797.328
797.328
797.328
797.328
798.997
798.997
798.997
798.997
798.997
798.26
798.26
798.26
798.26
798.26
798.179
798.179
798.179
798.179
798.179
798.875
798.875
798.875
798.875
798.875
798.675
798.675
798.675
798.675
798.675
797.698
797.698
797.698
797.698
797.698
798.719
798.719
798.719
798.719
798.719
798.718
798.718
798.718
798.718
798.718
798.412
798.412
798.412
798.412
798.412
798.496
798.496
798.496
798.496
798.496
798.339
798.339
798.339
798.339
798.339
798.395
798.395
798.395
798.395
798.395
798.498
798.498
798.498
798.498
798.498
797.973
797.973
797.973
797.973
797.973
797.649
797.649
797.649
797.649
797.649
798.234
798.234
798.234
798.234
798.234
797.515
797.515
797.515
797.515
797.515
797.494
797.494
797.494
797.494
797.494
799
799
799
799
799
798.87
798.87
798.87
798.87
798.87
798.751
798.751
798.751
798.751
798.751
798.874
798.874
798.874
798.874
798.874
798.863
798.863
798.863
798.863
798.863
798.174
798.174
798.174
798.174
798.174
798.742
798.742
798.742
798.742
798.742
798.719
798.719
798.719
798.719
798.719
796.933
796.933
796.933
796.933
796.933
798.998
798.998
798.998
798.998
798.998
798.961
798.961
798.961
798.961
798.961
798.431
798.431
798.431
798.431
798.431
798.875
798.875
798.875
798.875
798.875
798.745
798.745
798.745
798.745
798.745
798.665
798.665
798.665
798.665
798.665
799
799
799
799
799
798.791
798.791
798.791
798.791
798.791
798.567
798.567
798.567
798.567
798.567
798.969
798.969
798.969
798.969
798.969
798.853
798.853
798.853
798.853
798.853
798.68
798.68
798.68
798.68
798.68
798.805
798.805
798.805
798.805
798.805
798.613
798.613
798.613
798.613
798.613
798.213
798.213
798.213
798.213
798.213
799
799
799
799
799
798.998
798.998
798.998
798.998
798.998
798.984
798.984
798.984
798.984
798.984
798.969
798.969
798.969
798.969
798.969
798.482
798.482
798.482
798.482
798.482
797.955
797.955
797.955
797.955
797.955
799
799
799
799
799
798.749
798.749
798.749
798.749
798.749
798.184
798.184
798.184
798.184
798.184
798.922
798.922
798.922
798.922
798.922
798.218
798.218
798.218
798.218
798.218
797.327
797.327
797.327
797.327
797.327
799
799
799
799
799
798.492
798.492
798.492
798.492
798.492
798.711
798.711
798.711
798.711
798.711
799
799
799
799
799
797.963
797.963
797.963
797.963
797.963
797.725
797.725
797.725
797.725
797.725
798.734
798.734
798.734
798.734
798.734
798.478
798.478
798.478
798.478
798.478
797.889
797.889
797.889
797.889
797.889
798.996
798.996
798.996
798.996
798.996
798.976
798.976
798.976
798.976
798.976
798.78
798.78
798.78
798.78
798.78
799
799
799
799
799
798.617
798.617
798.617
798.617
798.617
798.453
798.453
798.453
798.453
798.453
798.75
798.75
798.75
798.75
798.75
797.937
797.937
797.937
797.937
797.937
798.374
798.374
798.374
798.374
798.374
798.715
798.715
798.715
798.715
798.715
798.466
798.466
798.466
798.466
798.466
797.927
797.927
797.927
797.927
797.927
798.995
798.995
798.995
798.995
798.995
798.87
798.87
798.87
798.87
798.87
798.613
798.613
798.613
798.613
798.613
798.93
798.93
798.93
798.93
798.93
798.919
798.919
798.919
798.919
798.919
798.763
798.763
798.763
798.763
798.763
798.875
798.875
798.875
798.875
798.875
798.433
798.433
798.433
798.433
798.433
798.011
798.011
798.011
798.011
798.011
798.734
798.734
798.734
798.734
798.734
798.734
798.734
798.734
798.734
798.734
798.468
798.468
798.468
798.468
798.468
798.969
798.969
798.969
798.969
798.969
798.474
798.474
798.474
798.474
798.474
798.389
798.389
798.389
798.389
798.389
799
799
799
799
799
798.73
798.73
798.73
798.73
798.73
798.719
798.719
798.719
798.719
798.719
798.998
798.998
798.998
798.998
798.998
798.493
798.493
798.493
798.493
798.493
798.434
798.434
798.434
798.434
798.434
798.938
798.938
798.938
798.938
798.938
798.499
798.499
798.499
798.499
798.499
798.404
798.404
798.404
798.404
798.404
799
799
799
799
799
798.742
798.742
798.742
798.742
798.742
797.796
797.796
797.796
797.796
797.796
799
799
799
799
799
799
799
799
799
799
798.843
798.843
798.843
798.843
798.843
798.998
798.998
798.998
798.998
798.998
798.468
798.468
798.468
798.468
798.468
798.483
798.483
798.483
798.483
798.483
798.996
798.996
798.996
798.996
798.996
798.929
798.929
798.929
798.929
798.929
798.701
798.701
798.701
798.701
798.701
798.992
798.992
798.992
798.992
798.992
798.242
798.242
798.242
798.242
798.242
798.052
798.052
798.052
798.052
798.052
798.984
798.984
798.984
798.984
798.984
798.953
798.953
798.953
798.953
798.953
798.965
798.965
798.965
798.965
798.965
798.999
798.999
798.999
798.999
798.999
798.742
798.742
798.742
798.742
798.742
797.604
797.604
797.604
797.604
797.604
799
799
799
799
799
798.465
798.465
798.465
798.465
798.465
798.42
798.42
798.42
798.42
798.42
799
799
799
799
799
798.971
798.971
798.971
798.971
798.971
798.697
798.697
798.697
798.697
798.697
799
799
799
799
799
798.969
798.969
798.969
798.969
798.969
798.954
798.954
798.954
798.954
798.954
799
799
799
799
799
798.496
798.496
798.496
798.496
798.496
798.48
798.48
798.48
798.48
798.48
798.5
798.5
798.5
798.5
798.5
798.5
798.5
798.5
798.5
798.5
798.397
798.397
798.397
798.397
798.397
799
799
799
799
799
798.625
798.625
798.625
798.625
798.625
798.547
798.547
798.547
798.547
798.547
799
799
799
799
799
798.483
798.483
798.483
798.483
798.483
798.885
798.885
798.885
798.885
798.885
799
799
799
799
799
799
799
799
799
799
798.492
798.492
798.492
798.492
798.492
799
799
799
799
799
798.992
798.992
798.992
798.992
798.992
798.982
798.982
798.982
798.982
798.982
799
799
799
799
799
798.929
798.929
798.929
798.929
798.929
798.675
798.675
798.675
798.675
798.675
799
799
799
799
799
798.996
798.996
798.996
798.996
798.996
798.988
798.988
798.988
798.988
798.988
799
799
799
799
799
798.937
798.937
798.937
798.937
798.937
798.886
798.886
798.886
798.886
798.886
799
799
799
799
799
798.99
798.99
798.99
798.99
798.99
798.994
798.994
798.994
798.994
798.994
798.938
798.938
798.938
798.938
798.938
798.933
798.933
798.933
798.933
798.933
798.968
798.968
798.968
798.968
798.968
798.961
798.961
798.961
798.961
798.961
798.461
798.461
798.461
798.461
798.461
798.447
798.447
798.447
798.447
798.447
799
799
799
799
799
798.999
798.999
798.999
798.999
798.999
798.968
798.968
798.968
798.968
798.968
799
799
799
799
799
798.875
798.875
798.875
798.875
798.875
798.75
798.75
798.75
798.75
798.75
799
799
799
799
799
798.992
798.992
798.992
798.992
798.992
798.992
798.992
798.992
798.992
798.992
799
799
799
799
799
799
799
799
799
799
798.499
798.499
798.499
798.499
798.499
799
799
799
799
799
798.969
798.969
798.969
798.969
798.969
798.711
798.711
798.711
798.711
798.711
799
799
799
799
799
798.484
798.484
798.484
798.484
798.484
798.494
798.494
798.494
798.494
798.494
799
799
799
799
799
799
799
799
799
799
798.515
798.515
798.515
798.515
798.515
799
799
799
799
799
798.5
798.5
798.5
798.5
798.5
798.233
798.233
798.233
798.233
798.233
798.998
798.998
798.998
798.998
798.998
798.744
798.744
798.744
798.744
798.744
798.614
798.614
798.614
798.614
798.614
799
799
799
799
799
798.75
798.75
798.75
798.75
798.75
798.812
798.812
798.812
798.812
798.812
799
799
799
799
799
798.999
798.999
798.999
798.999
798.999
798.457
798.457
798.457
798.457
798.457
799
799
799
799
799
798.984
798.984
798.984
798.984
798.984
798.672
798.672
798.672
798.672
798.672
799
799
799
799
799
798.992
798.992
798.992
798.992
798.992
798.922
798.922
798.922
798.922
798.922
799
799
799
799
799
798.998
798.998
798.998
798.998
798.998
798.75
798.75
798.75
798.75
798.75
799
799
799
799
799
798.844
798.844
798.844
798.844
798.844
798.812
798.812
798.812
798.812
798.812
799
799
799
799
799
798.74
798.74
798.74
798.74
798.74
798.68
798.68
798.68
798.68
798.68
799
799
799
799
799
798.875
798.875
798.875
798.875
798.875
798.687
798.687
798.687
798.687
798.687
799
799
799
799
799
798.996
798.996
798.996
798.996
798.996
798.5
798.5
798.5
798.5
798.5
798.991
798.991
798.991
798.991
798.991
798.999
798.999
798.999
798.999
798.999
798.598
798.598
798.598
798.598
798.598
799
799
799
799
799
798.996
798.996
798.996
798.996
798.996
798.937
798.937
798.937
798.937
798.937
799
799
799
799
799
799
799
799
799
799
798.984
798.984
798.984
798.984
798.984
798.969
798.969
798.969
798.969
798.969
798.992
798.992
798.992
798.992
798.992
798.98
798.98
798.98
798.98
798.98
799
799
799
799
799
798.938
798.938
798.938
798.938
798.938
798.964
798.964
798.964
798.964
798.964
798.992
798.992
798.992
798.992
798.992
798.617
798.617
798.617
798.617
798.617
798.999
798.999
798.999
798.999
798.999
799
799
799
799
799
799
799
799
799
799
799
799
799
799
799
799
799
799
799
799
799
799
799
799
799
798.719
798.719
798.719
798.719
798.719
799
799
799
799
799
799
799
799
799
799
799
799
799
799
799
799
799
799
799
799
799
799
799
799
799
798.999
798.999
798.999
798.999
798.999
799
799
799
799
799
799
799
799
799
799
798.496
798.496
798.496
798.496
798.496
799
799
799
799
799
799
799
799
799
799
799
799
799
799
799
799
799
799
799
799
799
799
799
799
799
799
799
799
799
799
799
799
799
799
799
798.375
798.375
798.375
798.375
798.375
798.373
798.373
798.373
798.373
798.373
799
799
799
799
799
798.996
798.996
798.996
798.996
798.996
798.969
798.969
798.969
798.969
798.969
799
799
799
799
799
798.992
798.992
798.992
798.992
798.992
798.996
798.996
798.996
798.996
798.996
799
799
799
799
799
798.875
798.875
798.875
798.875
798.875
798.375
798.375
798.375
798.375
798.375
799
799
799
799
799
798.25
798.25
798.25
798.25
798.25
798.25
798.25
798.25
798.25
798.25
799
799
799
799
799
799
799
799
799
799
799
799
799
799
799
799
799
799
799
799
799
799
799
799
799
798.922
798.922
798.922
798.922
798.922
799
799
799
799
799
799
799
799
799
799
798.996
798.996
798.996
798.996
798.996
799
799
799
799
799
799
799
799
799
799
798.5
798.5
798.5
798.5
798.5
799
799
799
799
799
799
799
799
799
799
799
799
799
799
799
799
799
799
799
799
799
799
799
799
799
799
799
799
799
799
799
799
799
799
799
798.5
798.5
798.5
798.5
798.5
798.749
798.749
798.749
798.749
798.749
799
799
799
799
799
799
799
799
799
799
798.998
798.998
798.998
798.998
798.998
799
799
799
799
799
798.75
798.75
798.75
798.75
798.75
798.718
798.718
798.718
798.718
798.718
799
799
799
799
799
799
799
799
799
799
799
799
799
799
799
799
799
799
799
799
799
799
799
799
799
799
799
799
799
799
799
799
799
799
799
798.969
798.969
798.969
798.969
798.969
798.984
798.984
798.984
798.984
798.984
799
799
799
799
799
798.75
798.75
798.75
798.75
798.75
798.75
798.75
798.75
798.75
798.75
799
799
799
799
799
799
799
799
799
799
798.998
798.998
798.998
798.998
798.998
799
799
799
799
799
799
799
799
799
799
798.25
798.25
798.25
798.25
798.25
799
799
799
799
799
798.999
798.999
798.999
798.999
798.999
798.967
798.967
798.967
798.967
798.967
799
799
799
799
799
799
799
799
799
799
799
799
799
799
799
799
799
799
799
799
799
799
799
799
799
799
799
799
799
799
799
799
799
799
799
799
799
799
799
799
799
799
799
799
799
798.75
798.75
798.75
798.75
798.75
798.75
798.75
798.75
798.75
798.75
798.738
798.738
798.738
798.738
798.738
799
799
799
799
799
799
799
799
799
799
799
799
799
799
799
799
799
799
799
799
799
799
799
799
799
798.938
798.938
798.938
798.938
798.938
799
799
799
799
799
799
799
799
799
799
799
799
799
799
799
799
799
799
799
799
798.875
798.875
798.875
798.875
798.875
798.875
798.875
798.875
798.875
798.875
799
799
799
799
799
799
799
799
799
799
799
799
799
799
799
799
799
799
799
799
799
799
799
799
799
799
799
799
799
799
799
799
799
799
799
799
799
799
799
799
799
799
799
799
799
799
799
799
799
799
799
799
799
799
799
798.75
798.75
798.75
798.75
798.75
799
799
799
799
799
799
799
799
799
799
799
799
799
799
799
799
799
799
799
799
799
799
799
799
799
799
799
799
799
799
799
799
799
799
799
799
799
799
799
799
799
799
799
799
799
799
799
799
799
799
799
799
799
799
799
799
799
799
799
799
799
799
799
799
799
799
799
799
799
799
799
799
799
799
799
799
799
799
799
799
799
799
799
799
799
798.5
798.5
798.5
798.5
798.5
799
799
799
799
799
799
799
799
799
799
798.937
798.937
798.937
798.937
798.937
799
799
799
799
799
799
799
799
799
799
798.984
798.984
798.984
798.984
798.984
799
799
799
799
799
799
799
799
799
799
799
799
799
799
799
799
799
799
799
799
799
799
799
799
799
799
799
799
799
799
799
799
799
799
799
799
799
799
799
799
799
799
799
799
799
799
799
799
799
799
799
799
799
799
799
799
799
799
799
799
799
799
799
799
799
799
799
799
799
799
799
799
799
799
799
799
799
799
799
799
799
799
799
799
799
798.75
798.75
798.75
798.75
798.75
799
799
799
799
799
798.969
798.969
798.969
798.969
798.969
798.977
798.977
798.977
798.977
798.977
799
799
799
799
799
799
799
799
799
799
799
799
799
799
799
799
799
799
799
799
799
799
799
799
799
799
799
799
799
799
799
799
799
799
799
799
799
799
799
799
799
799
799
799
799
799
799
799
799
799
799
799
799
799
799
798.969
798.969
798.969
798.969
798.969
799
799
799
799
799
799
799
799
799
799
799
799
799
799
799
799
799
799
799
799
799
799
799
799
799
799
799
799
799
799
799
799
799
799
799
799
799
799
799
799
799
799
799
799
799
798.992
798.992
798.992
798.992
798.992
798.999
798.999
798.999
798.999
798.999
798.996
798.996
798.996
798.996
798.996
799
799
799
799
799
799
799
799
799
799
799
799
799
799
799
799
799
799
799
799
799
799
799
799
799
799
799
799
799
799
799
799
799
799
799
799
799
799
799
799
799
799
799
799
799
799
799
799
799
799
799
799
799
799
799
799
799
799
799
799
799
799
799
799
799
799
799
799
799
799
799
799
799
799
799
799
799
799
799
799
799
799
799
799
799
799
799
799
799
799
799
799
799
799
799
799
799
799
799
799
799
799
799
799
799
799
799
799
799
799
799
799
799
799
799
799
799
799
799
799
799
799
799
799
799
799
799
799
799
799
799
799
799
799
799
799
799
799
799
799
799
799
799
799
799
799
799
799
799
799
799
799
799
799
799
799
799
799
799
799
799
799
799
799
799
799
799
799
799
799
799
799
799
799
799
799
799
799
799
799
799
799
799
799
799
799
799
799
799
799
799
799
799
799
799
799
799
799
799
799
799
799
799
799
799
799
799
799
799
799
799
799
799
799
799
798.469
798.469
798.469
798.469
798.469
798.469
798.469
798.469
798.469
798.469
799
799
799
799
799
799
799
799
799
799
798.75
798.75
798.75
798.75
798.75
799
799
799
799
799
799
799
799
799
799
799
799
799
799
799
799
799
799
799
799
798.75
798.75
798.75
798.75
798.75
798.75
798.75
798.75
798.75
798.75
799
799
799
799
799
799
799
799
799
799
799
799
799
799
799
799
799
799
799
799
799
799
799
799
799
799
799
799
799
799
799
799
799
799
799
799
799
799
799
799
799
799
799
799
799
799
799
799
799
799
799
799
799
799
799
799
799
799
799
799
799
799
799
799
799
799
799
799
799
799
799
799
799
799
799
799
799
799
799
799
799
799
799
799
799
798.875
798.875
798.875
798.875
798.875
799
799
799
799
799
799
799
799
799
799
799
799
799
799
799
799
799
799
799
799
799
799
799
799
799
799
799
799
799
799
799
799
799
799
799
799
799
799
799
799
799
799
799
799
799
799
799
799
799
799
799
799
799
799
799
799
799
799
799
799
799
799
799
799
799
799
799
799
799
799
799
799
799
799
799
799
799
799
799
799
799
799
799
799
799
799
799
799
799
799
799
799
799
799
799
799
799
799
799
799
799
799
799
799
799
799
799
799
799
799
799
799
799
799
799
799
799
799
799
799
799
799
799
799
799
799
799
799
799
799
799
799
799
799
799
799
799
799
799
799
799
799
799
799
799
799
799
799
799
799
799
799
799
799
799
799
799
799
799
799
799
799
799
799
799
799
799
799
799
799
799
799
799
799
799
799
799
799
799
799
799
799
799
799
799
799
799
799
799
799
799
799
799
799
799
799
799
799
799
799
799
799
799
799
799
799
799
799
799
799
799
799
799
799
799
799
799
799
799
799
798.5
798.5
798.5
798.5
798.5
799
799
799
799
799
799
799
799
799
799
799
799
799
799
799
799
799
799
799
799
799
799
799
799
799
798.998
798.998
798.998
798.998
798.998
799
799
799
799
799
799
799
799
799
799
799
799
799
799
799
799
799
799
799
799
799
799
799
799
799
799
799
799
799
799
799
799
799
799
799
799
799
799
799
799
799
799
799
799
799
799
799
799
799
799
799
799
799
799
799
799
799
799
799
799
799
799
799
799
799
799
799
799
799
799
799
799
799
799
799
799
799
799
799
799
799
799
799
799
799
799
799
799
799
799
799
799
799
799
799
799
799
799
799
799
798.875
798.875
798.875
798.875
798.875
799
799
799
799
799
799
799
799
799
799
799
799
799
799
799
799
799
799
799
799
799
799
799
799
799
799
799
799
799
799
799
799
799
799
799
799
799
799
799
799
799
799
799
799
799
799
799
799
799
799
799
799
799
799
799
799
799
799
799
799
799
799
799
799
799
799
799
799
799
799
799
799
799
799
799
799
799
799
799
799
799
799
799
799
799
799
799
799
799
799
799
799
799
799
799
799
799
799
799
799
799
799
799
799
799
799
799
799
799
799
799
799
799
799
799
799
799
799
799
799
799
799
799
799
799
799
799
799
799
799
799
799
799
799
799
799
799
799
799
799
799
799
799
799
799
799
799
799
799
799
799
799
799
799
799
799
799
799
799
799
799
799
799
799
799
799
799
799
799
799
799
799
799
799
799
799
799
799
799
799
799
799
799
799
799
799
799
799
799
799
799
799
799
799
799
799
799
799
799
799
799
799
799
799
799
799
799
799
799
799
799
799
799
799
799
799
799
799
799
799
799
799
799
799
799
799
799
799
799
799
799
799
799
799
799
799
799
799
799
799
799
799
799
799
799
799
799
799
799
799
799
799
799
799
799
799
799
799
799
799
799
799
799
799
799
799
799
799
799
799
799
799
799
799
799
799
799
799
799
799
799
799
799
799
799
799
799
799
799
799
799
799
799
799
799
799
799
799
799
799
799
799
799
799
799
799
799
799
799
799
799
799
799
799
799
799
799
799
799
799
799
799
799
799
799
799
799
799
799
799
799
799
799
799
799
799
799
799
799
799
798.999
798.999
798.999
798.999
798.999
799
799
799
799
799
799
799
799
799
799
799
799
799
799
799
799
799
799
799
799
799
799
799
799
799
799
799
799
799
799
799
799
799
799
799
799
799
799
799
799
799
799
799
799
799
799
799
799
799
799
799
799
799
799
799
799
799
799
799
799
799
799
799
799
799
799
799
799
799
799
799
799
799
799
799
799
799
799
799
799
799
799
799
799
799
799
799
799
799
799
799
799
799
799
799
799
799
799
799
799
799
799
799
799
799
799
799
799
799
799
799
799
799
799
799
799
799
799
799
799
799
799
799
799
799
799
799
799
799
799
799
799
799
799
799
799
799
799
799
799
799
799
799
799
799
799
799
799
799
799
799
799
799
799
799
799
799
799
799
799
799
799
799
799
799
799
799
799
799
799
799
799
799
799
799
799
799
799
799
799
799
799
799
799
799
799
799
799
799
799
799
799
799
799
799
799
799
799
799
799
799
799
799
799
799
799
799
799
799
799
799
799
799
799
799
798.998
798.998
798.998
798.998
798.998
799
799
799
799
799
799
799
799
799
799
799
799
799
799
799
799
799
799
799
799
799
799
799
799
799
799
799
799
799
799
799
799
799
799
799
799
799
799
799
799
799
799
799
799
799
799
799
799
799
799
799
799
799
799
799
799
799
799
799
799
799
799
799
799
799
799
799
799
799
799
799
799
799
799
799
799
799
799
799
799
799
799
799
799
799
799
799
799
799
799
799
799
799
799
799
799
799
799
799
799
799
799
799
799
799
799
799
799
799
799
799
799
799
799
799
799
799
799
799
799
799
799
799
799
799
799
799
799
799
799
799
799
799
799
799
799
799
799
799
799
799
799
799
799
799
799
799
799
799
799
799
799
799
799
799
799
799
799
799
799
799
799
799
799
799
799
799
799
799
799
799
799
799
799
799
799
799
799
799
799
799
799
799
799
799
799
799
799
799
799
799
799
799
799
799
799
799
799
799
799
799
799
799
799
799
799
799
799
799
799
799
799
799
799
799
799
799
799
799
799
799
799
799
799
799
799
799
799
799
799
799
799
799
799
799
799
799
799
799
799
799
799
799
799
799
799
799
799
799
799
799
799
799
799
799
799
799
799
799
799
799
799
799
799
799
799
799
799
799
799
799
799
799
799
799
799
799
799
799
799
799
799
799
799
799
799
799
799
799
799
799
799
799
799
799
799
799
799
799
799
799
799
799
799
799
799
799
799
799
799
799
799
799
799
799
799
799
799
799
799
799
799
799
799
799
799
799
799
799
799
799
799
799
799
799
799
799
799
799
799
799
799
799
799
799
799
799
799
799
799
799
799
799
799
799
799
799
799
799
799
799
799
799
799
799
799
799
799
799
799
799
799
799
799
799
799
799
799
799
799
799
799
799
799
799
799
799
799
799
799
799
799
799
799
799
799
799
799
799
799
799
799
799
799
799
799
799
799
799
799
799
799
799
799
799
799
799
799
799
799
799
799
799
799
799
799
799
799
799
799
799
799
799
799
799
799
799
799
799
799
799
799
799
799
799
799
799
799
799
799
799
799
799
799
799
799
799
799
799
799
799
799
799
799
799
799
799
799
799
799
799
799
799
799
799
799
799
799
799
799
799
799
799
799
799
799
799
799
799
799
799
799
799
799
799
799
799
799
799
799
799
799
799
799
799
799
799
799
799
799
799
799
799
799
799
799
799
799
799
799
799
799
799
799
799
799
799
799
799
799
799
799
799
799
799
799
799
799
799
799
799
799
799
799
799
799
799
799
799
799
799
799
799
799
799
799
799
799
799
799
799
799
799
799
799
799
799
799
799
799
799
799
799
799
799
799
799
799
799
799
799
799
799
799
799
798.875
798.875
798.875
798.875
798.875
799
799
799
799
799
799
799
799
799
799
799
799
799
799
799
799
799
799
799
799
799
799
799
799
799
799
799
799
799
799
799
799
799
799
799
799
799
799
799
799
799
799
799
799
799
799
799
799
799
799
799
799
799
799
799
799
799
799
799
799
799
799
799
799
799
799
799
799
799
799
799
799
799
799
799
799
799
799
799
799
799
799
799
799
799
799
799
799
799
799
799
799
799
799
799
799
799
799
799
799
799
799
799
799
799
799
799
799
799
799
799
799
799
799
799
799
799
799
799
799
799
799
799
799
799
799
799
799
799
799
799
799
799
799
799
799
799
799
799
799
799
799
799
799
799
799
799
799
799
799
799
799
799
799
799
799
799
799
799
799
799
799
799
799
799
799
799
799
799
799
799
799
799
799
799
799
799
799
799
799
799
799
799
799
799
799
799
799
799
799
799
799
799
799
799
799
799
799
799
799
799
799
799
799
799
799
799
799
799
799
799
799
799
799
799
799
799
799
799
799
799
799
799
799
799
0
