0
0
0
0
393.452
393.452
393.452
393.452
393.452
647.417
647.417
647.417
647.417
647.417
677.443
677.443
677.443
677.443
677.443
711.294
711.294
711.294
711.294
711.294
729.867
729.867
729.867
729.867
729.867
678.545
678.545
678.545
678.545
678.545
793.672
793.672
793.672
793.672
793.672
777.624
777.624
777.624
777.624
777.624
746.456
746.456
746.456
746.456
746.456
787.943
787.943
787.943
787.943
787.943
777.002
777.002
777.002
777.002
777.002
777.286
777.286
777.286
777.286
777.286
790.498
790.498
790.498
790.498
790.498
768.244
768.244
768.244
768.244
768.244
770.533
770.533
770.533
770.533
770.533
794.535
794.535
794.535
794.535
794.535
789.805
789.805
789.805
789.805
789.805
784.579
784.579
784.579
784.579
784.579
781.623
781.623
781.623
781.623
781.623
786.482
786.482
786.482
786.482
786.482
773.086
773.086
773.086
773.086
773.086
744.534
744.534
744.534
744.534
744.534
785.692
785.692
785.692
785.692
785.692
788.173
788.173
788.173
788.173
788.173
763.017
763.017
763.017
763.017
763.017
769.222
769.222
769.222
769.222
769.222
766.146
766.146
766.146
766.146
766.146
775.456
775.456
775.456
775.456
775.456
766.856
766.856
766.856
766.856
766.856
775.795
775.795
775.795
775.795
775.795
781.099
781.099
781.099
781.099
781.099
774.265
774.265
774.265
774.265
774.265
754.042
754.042
754.042
754.042
754.042
780.418
780.418
780.418
780.418
780.418
788.581
788.581
788.581
788.581
788.581
747.053
747.053
747.053
747.053
747.053
782.632
782.632
782.632
782.632
782.632
789.577
789.577
789.577
789.577
789.577
761.859
761.859
761.859
761.859
761.859
779.589
779.589
779.589
779.589
779.589
755.576
755.576
755.576
755.576
755.576
770.035
770.035
770.035
770.035
770.035
783.413
783.413
783.413
783.413
783.413
776.006
776.006
776.006
776.006
776.006
748.59
748.59
748.59
748.59
748.59
784.104
784.104
784.104
784.104
784.104
760.129
760.129
760.129
760.129
760.129
447.695
447.695
447.695
447.695
447.695
767.715
767.715
767.715
767.715
767.715
767.689
767.689
767.973
767.973
767.973
740.262
740.262
740.262
740.262
740.262
735.52
735.52
735.52
735.52
735.52
663.362
663.362
663.362
663.362
663.362
535.896
535.896
535.896
535.896
535.896
759.109
759.109
759.109
759.109
759.109
775.915
775.915
775.915
775.915
775.915
706.015
706.015
706.015
706.015
706.015
787.526
787.526
787.526
787.526
787.526
780.575
780.575
780.575
780.575
780.575
761.579
761.579
761.579
761.579
761.579
762.739
762.739
762.739
762.739
762.739
746.325
746.325
746.325
746.325
746.325
780.481
780.481
779.337
779.337
779.337
781.971
781.971
781.971
781.971
781.971
736.867
736.867
736.867
736.867
736.867
776.922
776.922
776.922
776.922
776.922
714.417
714.417
714.417
714.417
714.417
704.723
704.723
704.723
704.723
704.723
439.895
439.895
439.895
439.895
439.895
672.144
672.144
672.144
672.144
672.144
685.406
685.406
685.406
685.406
685.406
563.521
563.521
563.521
563.521
563.521
577.547
577.547
577.547
577.547
577.547
564.781
564.781
564.781
564.781
564.781
598.063
598.063
598.063
598.063
598.063
495.753
502.881
502.881
502.881
502.881
750.544
750.544
750.544
750.544
750.544
702.06
702.06
702.06
702.06
702.06
728.221
728.221
728.221
728.221
728.221
672.67
672.67
672.67
672.67
672.67
579.199
579.199
579.199
579.199
579.199
342.496
342.496
342.496
342.496
342.496
746.497
746.497
746.497
746.497
746.497
731.215
731.215
731.215
731.215
731.215
745.16
745.16
745.16
745.16
745.16
770.032
770.032
770.032
770.032
770.032
720.864
720.864
720.864
720.864
720.864
539.133
539.133
539.133
539.133
539.133
780.296
780.296
780.296
780.296
780.296
775.412
775.412
775.412
775.412
775.412
791.149
791.149
791.149
791.149
791.149
792.915
792.915
792.915
792.915
792.915
765.683
765.683
765.683
765.683
765.683
767.95
767.95
767.95
767.95
767.95
632.322
632.322
632.322
632.322
632.322
710.564
710.564
710.564
710.564
710.564
642.819
642.819
642.819
642.819
642.819
781.193
781.193
781.193
781.193
781.193
740.102
740.102
740.102
740.102
740.102
775.245
775.245
775.245
775.245
775.245
757.245
757.245
757.245
757.245
757.245
749.261
749.261
749.261
749.261
749.261
581.108
581.108
581.108
581.108
581.108
778.333
778.333
778.333
778.333
778.333
642.14
642.14
642.14
642.14
642.14
747.121
747.121
747.121
747.121
747.121
766.179
766.179
766.179
766.179
766.179
773.684
773.684
773.684
773.684
773.684
780.924
780.924
780.924
780.924
780.924
748.381
748.381
748.381
748.381
748.381
751.7
751.7
751.7
751.7
751.7
794.107
794.107
794.107
794.107
794.107
783.214
783.214
783.214
783.214
783.214
762.957
762.957
762.957
762.957
762.957
790.225
790.225
790.225
790.225
790.225
781.289
781.289
781.289
781.289
781.289
772.491
772.491
772.491
772.491
772.491
790.485
790.485
790.485
790.485
790.485
789.821
789.821
789.821
789.821
789.821
776.161
776.161
776.161
776.161
776.161
794.139
794.139
794.139
794.139
794.139
775.472
775.472
775.472
775.472
775.472
789.154
789.154
789.154
789.154
789.154
791.209
791.209
791.209
791.209
791.209
780.494
780.494
780.494
780.494
780.494
770.697
770.697
770.697
770.697
770.697
787.782
787.782
787.782
787.782
787.782
785.086
785.086
785.086
785.086
785.086
758.047
758.047
758.048
758.048
758.048
778.264
778.264
778.264
778.264
778.264
772.52
772.52
772.52
772.52
772.52
766.784
766.784
766.784
766.784
766.784
786.242
786.242
786.242
786.242
786.242
777.607
777.607
777.607
777.607
777.607
724.58
724.58
724.58
724.58
724.58
785.993
785.993
785.993
785.993
785.993
771.136
771.136
771.136
771.136
771.136
741.287
741.287
741.287
741.287
741.287
770.126
770.126
770.126
770.126
770.126
772.225
772.225
772.225
772.225
772.225
783.435
783.435
783.435
783.435
783.435
748.17
748.17
748.17
748.17
748.17
755.397
755.397
755.397
755.397
755.397
726.51
726.51
726.51
726.51
726.51
784.225
784.225
784.225
784.225
784.225
774.483
774.483
774.483
774.483
774.483
729.643
729.643
729.643
729.643
729.643
684.56
684.56
684.56
684.56
684.56
506.125
506.125
506.125
506.125
506.125
619.375
619.375
619.375
619.375
619.375
677.801
677.801
677.801
677.801
677.801
719.047
719.047
719.047
719.047
719.047
531.783
531.783
531.783
531.783
531.783
731.694
731.694
731.694
731.694
731.694
563.553
563.553
563.553
563.553
563.553
628.854
628.854
628.854
628.854
628.854
386.954
386.954
386.954
386.954
386.954
446.586
446.586
446.586
446.586
446.586
659.449
659.449
659.449
659.449
659.449
372.167
372.167
372.167
372.167
372.167
552.17
552.17
552.17
552.17
552.17
484.678
484.678
484.678
484.678
484.678
513.609
513.609
513.609
513.609
513.609
541.62
541.62
541.62
541.62
541.62
391.697
391.697
391.697
391.697
391.697
659.287
659.287
659.287
659.287
659.287
716.813
716.813
716.813
716.813
716.813
763.819
763.819
763.819
763.819
763.819
684.92
684.92
684.92
684.92
684.92
445.818
445.818
445.818
445.818
445.818
579.005
579.005
579.005
579.005
579.005
722.426
722.426
722.426
722.426
722.426
525.156
525.156
525.156
525.156
525.156
767.024
767.024
767.024
767.024
767.024
708.045
708.045
708.045
708.045
708.045
502.397
502.397
502.397
502.397
502.397
418.54
418.54
418.54
418.54
418.54
649.414
649.414
649.414
649.414
649.414
611.358
611.358
611.358
611.358
611.358
736.823
736.823
736.823
736.823
736.823
496.111
496.111
496.111
496.111
496.111
310.568
310.568
310.568
310.568
310.568
784.892
784.892
784.892
784.892
784.892
761.554
761.554
761.554
761.554
761.554
755.817
755.817
755.817
755.817
755.817
303.888
303.888
303.888
303.888
303.888
612.101
612.101
612.101
612.101
612.101
515.785
515.785
515.785
515.785
515.785
446.75
446.75
446.75
446.75
446.75
721.625
721.625
721.625
721.625
721.625
618.456
618.456
618.456
618.456
618.456
717.154
717.154
717.154
717.154
717.154
382.367
382.367
382.367
382.367
382.367
376.75
376.75
376.75
376.75
376.75
549.471
549.471
549.471
549.471
549.471
707.304
707.304
707.304
707.304
707.304
721.415
721.415
721.415
721.415
721.415
278.445
278.445
278.445
278.445
278.445
516.673
516.673
516.673
516.673
516.673
343.078
343.078
343.078
343.078
343.078
334.042
334.042
334.042
334.042
334.042
407.169
407.169
407.169
407.169
407.169
597.459
597.459
597.459
597.459
597.459
757.37
757.37
757.37
757.37
757.37
766.902
766.902
766.902
766.902
766.902
652.748
652.748
652.748
652.748
652.748
359.713
359.713
359.713
359.713
359.713
318
318
318
318
318
583.32
583.32
583.32
583.32
583.32
616.451
616.451
616.451
616.451
616.451
439.405
439.405
439.405
439.405
439.405
254.266
254.266
254.266
254.266
254.266
466.016
466.016
466.016
466.016
466.016
591.406
591.406
591.406
591.406
591.406
370.188
370.188
370.188
370.188
370.188
280.647
280.647
280.647
280.647
280.647
732.405
732.405
732.405
732.405
732.405
774.351
774.351
774.351
774.351
774.351
702.065
702.065
702.065
702.065
702.065
443.126
443.126
443.126
443.126
443.126
766.592
766.592
766.592
766.592
766.592
356.353
356.353
356.353
356.353
356.353
634.851
634.851
634.851
634.851
634.851
786.154
786.154
786.154
786.154
786.154
776.002
776.002
776.002
776.002
776.002
786.627
786.627
786.627
786.627
786.627
779.769
779.769
779.769
779.769
779.769
754.705
754.705
754.705
754.705
754.705
752.365
752.365
752.365
752.365
752.365
687.43
687.43
687.43
687.43
687.43
766.281
766.281
766.281
766.281
766.281
749.814
749.814
749.814
749.814
749.814
693.481
693.481
693.481
693.481
693.481
701.463
701.463
699.427
699.427
699.427
795.359
795.359
795.359
795.359
795.359
762.683
762.683
762.683
762.683
762.683
739.182
739.182
739.182
739.182
739.182
771.905
771.905
771.905
771.905
771.905
766.58
766.58
766.58
766.58
766.58
640.391
640.391
640.391
640.391
640.391
786.187
786.187
786.187
786.187
786.187
734.318
734.318
734.318
734.318
734.318
673.75
673.75
673.75
673.75
673.75
688.143
688.143
688.143
688.143
688.143
476.349
476.349
476.349
476.349
476.349
780.517
780.517
780.517
780.517
780.517
776.525
776.525
776.525
776.525
776.525
742.056
742.056
742.056
742.056
742.056
680.983
680.983
680.983
680.983
680.983
550.884
550.884
550.884
550.884
550.884
653.435
653.435
653.435
653.435
653.435
689.574
689.574
689.574
689.574
689.574
646.293
646.293
646.293
646.293
646.293
471.604
471.604
471.604
471.604
471.604
762.998
762.998
762.998
762.998
762.998
773.989
773.989
773.989
773.989
773.989
766.561
766.561
766.561
766.561
766.561
707.111
707.111
707.111
707.111
707.111
704.124
704.124
704.124
704.124
704.124
688.312
688.312
688.312
688.312
688.312
774.124
774.124
774.124
774.124
774.124
782.319
782.319
782.319
782.319
782.319
794.431
794.431
794.574
794.574
794.574
788.622
788.622
788.622
788.622
788.622
793.229
793.229
793.229
793.229
793.229
781.468
781.468
781.468
781.468
781.468
767.721
767.721
767.721
767.721
767.721
766.285
766.285
766.285
766.285
766.285
761.777
761.777
761.777
761.777
761.777
777.835
777.835
777.835
777.835
777.835
764.066
764.066
764.066
764.066
764.066
758.585
758.585
758.585
758.585
758.585
744.252
744.252
744.252
744.252
744.252
789.148
789.148
789.148
789.148
789.148
776.673
776.673
776.673
776.673
776.673
784.899
784.899
784.899
784.899
784.899
789.262
789.262
789.262
789.262
789.262
780.846
780.846
780.846
780.846
780.846
764.894
764.894
764.894
764.894
764.894
772.211
772.211
772.211
772.211
772.211
764.394
764.394
764.394
764.394
764.394
725.303
725.303
725.303
725.303
725.303
660.885
660.885
660.885
660.885
660.885
483.254
483.254
483.254
483.254
483.254
586.054
586.054
586.132
586.132
586.132
409.063
409.063
409.063
409.063
409.063
325.873
325.873
325.873
325.873
325.873
715.013
715.013
715.013
715.013
715.013
748.458
748.458
748.458
748.458
748.458
657.531
657.531
657.531
657.531
657.531
343.688
343.688
343.688
343.688
343.688
350.25
350.25
350.25
350.25
350.25
574.589
574.589
574.589
574.589
574.589
449.406
449.406
449.406
449.406
449.406
754.019
754.019
754.019
754.019
754.019
364.072
364.072
364.072
364.072
364.072
631.047
631.047
631.047
631.047
631.047
240.545
240.545
240.545
240.545
240.545
723.931
723.931
723.931
723.931
723.931
602.839
602.839
602.839
602.839
602.839
515.227
515.227
515.227
515.227
515.227
660.948
660.948
660.948
660.948
660.948
776.564
776.564
776.564
776.564
776.564
650.798
650.798
650.798
650.798
650.798
660.437
660.437
660.437
660.437
660.437
759.353
759.353
759.353
759.353
759.353
480.205
480.205
480.205
480.205
480.205
618.774
618.774
618.774
618.774
618.774
317.982
317.982
317.982
317.982
317.982
673.12
673.12
673.12
673.12
673.12
713.035
713.035
713.035
713.035
713.035
648.557
648.557
648.557
648.557
648.557
552.404
552.404
552.404
552.404
552.404
787.4
787.4
787.4
787.4
787.4
762.89
762.89
762.89
762.89
762.89
787.322
787.322
787.322
787.322
787.322
764.634
764.634
764.634
764.634
764.634
756.754
756.754
756.754
756.754
756.754
788.051
788.051
788.051
788.051
788.051
716.475
716.475
716.475
716.475
716.475
687.076
687.076
687.076
687.076
687.076
784.009
784.009
784.009
784.009
784.009
721.305
721.305
721.305
721.305
721.305
497.928
497.928
497.928
497.928
497.928
358.607
358.607
358.607
358.607
358.607
779.737
779.737
779.737
779.737
779.737
534.189
534.189
534.189
534.189
534.189
735.626
735.626
735.626
735.626
735.626
685.097
685.097
685.097
685.097
685.097
711.99
711.99
711.99
711.99
711.99
508.382
508.382
508.382
508.382
508.382
571.703
571.703
571.703
571.703
571.703
413.992
413.992
413.992
413.992
413.992
669.224
669.224
669.224
669.224
669.224
684.168
684.168
684.168
684.168
684.168
344.84
344.84
344.84
344.84
344.84
543.824
543.824
543.824
543.824
543.824
516.314
516.314
516.314
516.314
516.314
665.751
665.751
665.751
665.751
665.751
635.154
635.154
635.154
635.154
635.154
770.266
770.266
770.453
770.453
770.453
494.341
494.341
494.341
494.341
494.341
674.892
674.892
674.892
674.892
674.892
457.5
457.5
457.5
457.5
457.5
627.686
627.686
627.686
627.686
627.686
423.767
423.767
423.767
423.767
423.767
454.005
454.005
454.005
454.005
454.005
620.484
620.484
620.484
620.484
620.484
492.594
492.594
492.594
492.594
492.594
548.921
548.921
548.921
548.921
548.921
779.656
779.656
779.656
779.656
779.656
740.875
740.875
740.78
740.78
740.78
738.034
738.034
738.034
738.034
738.034
732.213
732.213
732.213
732.213
732.213
727.024
727.024
727.024
727.024
727.024
779.567
779.567
779.567
779.567
779.567
704.237
704.237
704.237
704.237
704.237
772.673
772.673
772.673
772.673
772.673
773.679
773.679
773.679
773.679
773.679
696.182
696.182
696.182
696.182
696.182
727.987
727.987
727.987
727.987
727.987
665.083
665.083
665.083
665.083
665.083
565.5
565.5
565.5
565.5
565.5
535.283
535.283
535.283
535.283
535.283
564.816
564.816
564.816
564.816
564.816
498.926
498.926
498.926
498.926
498.926
577.381
577.381
577.381
577.381
577.381
630.694
630.694
630.694
630.694
630.694
376.839
376.839
376.839
376.839
376.839
757.898
757.898
757.898
757.898
757.898
688.971
688.971
688.971
688.971
688.971
590.671
590.671
590.671
590.671
590.671
137.9
137.9
137.9
137.9
137.9
415.492
415.492
415.492
415.492
415.492
696.602
696.602
696.602
696.602
696.602
689.801
689.801
689.801
689.801
689.801
663.316
663.316
663.316
663.316
663.316
577.166
577.166
577.166
577.166
577.166
778.662
778.662
778.662
778.662
778.662
774.833
774.833
774.833
774.833
774.833
773.242
773.242
773.242
773.242
773.242
774.349
774.349
774.349
774.349
774.349
707.806
707.806
707.806
707.806
707.806
714.56
714.56
714.56
714.56
714.56
773.446
773.446
773.446
773.446
773.446
756.739
756.739
756.739
756.739
756.739
746.586
746.586
746.586
746.586
746.586
458.855
458.855
458.855
458.855
458.855
417.167
417.167
417.167
417.167
417.167
486.633
486.633
486.633
486.633
486.633
736.356
736.356
736.356
736.356
736.356
711.089
711.089
711.089
711.089
711.089
675.234
675.234
675.234
675.234
675.234
753.867
753.867
753.867
753.867
753.867
734.397
734.398
734.398
734.398
734.398
443.361
443.361
443.361
443.361
443.361
499.047
499.047
499.047
499.047
499.047
319.512
319.512
319.512
362.023
362.023
449.307
449.307
449.307
449.307
449.307
766.943
766.943
766.943
766.943
766.943
790.43
790.43
790.43
790.43
790.43
790.514
790.514
790.514
790.514
790.514
786.755
786.755
786.755
786.755
786.755
780.892
780.892
780.892
780.892
780.892
786.413
786.413
786.413
786.413
786.413
780.856
780.856
780.856
780.856
780.856
761.072
761.072
761.072
761.072
761.072
721.046
721.046
721.046
721.046
721.046
794.104
794.104
794.104
794.104
794.104
788.532
788.532
788.532
788.532
788.532
773.018
773.018
773.018
773.018
773.018
753.962
753.962
753.962
753.962
753.962
714.308
714.308
714.308
714.308
714.308
677.173
677.173
677.173
677.173
677.173
592.378
592.378
592.378
592.378
592.378
553.449
553.449
553.449
553.449
553.449
757.574
757.574
757.574
757.574
757.574
770.577
770.577
770.578
770.578
770.578
754.555
754.555
754.555
754.555
754.555
772.128
772.128
772.128
772.128
772.128
736.827
736.827
736.827
736.827
736.827
790.303
790.303
790.303
790.303
790.303
789.135
789.135
789.135
789.135
789.135
784.876
784.876
784.876
784.876
784.876
745.424
745.424
745.424
745.424
745.424
760.489
760.489
760.489
760.489
760.489
756.699
756.699
756.699
756.699
756.699
766.828
766.828
766.828
766.828
766.828
749.681
749.681
749.681
749.681
749.681
795.628
795.628
795.628
795.628
795.628
769.335
769.335
769.335
769.335
769.335
759.851
759.851
759.851
759.851
759.851
732.094
732.094
732.094
732.094
732.094
687.382
687.382
687.382
687.382
687.382
779.235
779.235
779.235
779.235
779.235
733.643
733.643
733.643
733.643
733.643
646.792
646.792
646.792
646.792
646.792
482.393
482.393
482.393
482.393
482.393
624.083
624.083
624.083
624.083
624.083
743.179
743.179
743.179
743.179
743.179
721.194
721.194
721.194
721.194
721.194
547.862
547.862
547.862
547.862
547.862
579.873
579.873
579.873
579.873
579.873
573.099
573.099
573.099
573.099
573.099
419.874
419.874
419.874
419.874
419.874
587.956
587.956
587.956
587.956
587.956
607
607
607
607
607
505.135
505.135
505.135
505.135
505.135
733.491
733.491
733.491
733.491
733.491
747.994
747.994
747.994
747.994
747.994
670.032
670.032
670.032
670.032
670.032
400.919
400.919
400.919
400.919
400.919
746.825
746.825
746.825
746.825
746.825
573.94
573.94
573.94
573.94
573.94
726.03
726.03
726.03
726.03
726.03
611.481
611.481
611.481
611.481
611.481
699.574
699.574
699.574
699.574
699.574
716.674
716.674
716.674
716.674
716.674
756.345
756.345
756.345
756.345
756.345
776.589
776.589
776.589
776.589
776.589
677.31
677.31
677.31
677.31
677.31
663.868
663.868
663.868
663.868
663.868
379.546
379.546
379.546
379.546
379.546
675.363
675.363
675.363
675.363
675.363
674.725
674.725
674.725
674.725
674.725
579.596
579.596
579.596
579.596
579.596
649.208
649.208
649.208
649.208
649.208
766.47
766.47
766.47
766.47
766.47
744.289
744.289
744.289
744.289
744.289
752.201
752.201
752.201
752.201
752.201
707.671
707.671
707.671
707.671
707.671
704.934
704.934
704.934
704.934
704.934
763.917
763.917
763.917
763.917
763.917
745.044
745.044
745.044
745.044
745.044
781.857
781.857
781.857
781.857
781.857
747.918
747.918
747.918
747.918
747.918
780.907
780.907
780.907
780.907
780.907
524.468
524.468
524.468
524.468
524.468
745.318
745.318
745.318
745.318
745.318
504.795
504.795
504.795
504.795
504.795
767.989
767.989
767.989
767.989
767.989
704.484
704.484
704.484
704.484
704.484
721.037
721.037
721.037
721.037
721.037
708.493
708.493
708.493
708.493
708.493
702.092
702.092
702.092
702.092
702.092
738.281
738.281
738.281
738.281
738.281
758.99
758.99
758.99
758.99
758.99
681.179
681.179
681.179
681.179
681.179
574.151
574.151
574.151
574.151
574.151
203.503
203.503
203.503
203.503
203.503
626.177
626.177
626.177
626.177
626.177
609.432
609.432
609.432
609.432
609.432
396.522
396.522
396.522
396.522
396.522
682.857
682.857
682.857
682.857
682.857
686.62
686.62
686.62
686.62
686.62
663.719
663.719
663.719
663.719
663.719
697.115
697.115
697.115
697.115
697.115
700.05
700.05
700.05
700.05
700.05
773.517
773.517
773.517
773.517
773.517
753.814
753.814
753.814
753.814
753.814
322.899
322.899
322.899
322.899
322.899
698.647
698.647
698.647
698.647
698.647
571.25
571.25
571.25
571.25
571.25
377.559
377.559
377.559
377.559
377.559
363.284
363.284
363.284
363.284
363.284
290.517
290.517
290.517
290.517
290.517
570.992
570.992
570.992
570.992
570.992
257.501
257.501
257.501
257.501
257.501
487.328
487.328
487.328
487.328
487.328
353.109
353.109
353.109
353.109
353.109
576.013
576.013
576.013
576.013
576.013
751.16
751.16
751.16
751.16
751.16
567.927
567.927
567.927
567.927
567.927
602.694
602.694
602.694
602.694
602.694
501.628
501.628
501.628
501.628
501.628
638.844
638.844
638.844
638.844
638.844
310.154
310.154
310.154
310.154
310.154
458.563
458.563
458.563
458.563
458.563
249.18
249.18
249.18
249.18
249.18
407.475
407.475
407.475
407.475
407.475
574.389
574.389
574.389
574.389
574.389
277.109
277.109
277.109
277.109
277.109
439.044
439.044
439.044
439.044
439.044
406.597
406.597
406.597
406.597
406.597
444.708
444.708
444.708
444.708
444.708
270.047
270.047
270.047
270.047
270.047
772.563
772.563
772.563
772.563
772.563
746.86
746.86
746.86
746.86
746.86
610.155
610.155
610.155
610.155
610.155
433.929
433.929
433.929
433.929
433.929
743.385
743.385
743.385
743.385
743.385
479.337
479.337
479.337
479.337
479.337
437.634
437.634
437.634
437.634
437.634
662.006
662.006
662.006
662.006
662.006
357.032
357.032
357.032
357.032
357.032
472.957
472.957
472.957
472.957
472.957
751.871
751.871
751.871
751.871
751.871
373.444
373.444
373.444
373.444
373.444
141.189
141.189
141.189
141.189
141.189
563.484
563.484
563.484
563.484
563.484
507.618
507.618
507.618
507.618
507.618
709.969
709.969
709.969
709.969
709.969
725.017
725.017
725.017
725.017
725.017
235.355
235.355
235.355
235.355
235.355
520.371
520.371
520.371
520.371
520.371
480.766
480.766
480.766
480.766
480.766
446.219
446.219
446.219
446.219
446.219
471.318
471.318
471.318
471.318
471.318
595.476
595.476
595.476
595.476
595.476
761.832
761.832
761.832
761.832
761.832
716.337
716.337
716.337
716.337
716.337
329.035
329.035
329.035
329.035
329.035
360.485
360.485
360.485
360.485
360.485
202.223
202.223
202.223
202.223
202.223
448.215
448.215
448.215
448.215
448.215
719.967
719.967
719.967
719.967
719.967
712.747
712.747
712.747
712.747
712.747
793.758
793.758
793.758
793.758
793.758
776.567
776.567
776.567
776.567
776.567
770.101
770.101
770.101
770.101
770.101
651.463
651.463
651.463
651.463
651.463
774.402
774.402
774.402
774.402
774.402
563.46
563.46
563.46
563.46
563.46
570.858
570.858
570.858
570.858
570.858
317.888
317.888
317.888
317.888
436.276
492.969
492.969
492.969
492.969
492.969
508.965
508.965
508.965
508.965
508.965
412.203
412.203
412.203
412.203
412.203
400.211
400.211
400.211
400.211
400.211
779.475
779.475
779.475
779.475
779.475
766.718
766.718
766.718
766.718
766.718
745.991
745.991
745.991
745.991
745.991
728.894
728.894
728.894
728.894
728.894
758.901
758.901
758.901
758.901
758.901
737.884
737.884
737.884
737.884
737.884
714.219
714.219
714.219
714.219
714.219
781.143
781.143
781.143
781.143
781.143
726.8
726.8
726.8
726.8
726.8
654.272
654.272
654.272
654.272
654.272
657.034
657.034
657.034
657.034
657.034
388.81
388.81
388.81
388.81
388.81
737.799
737.799
737.799
737.799
737.799
459.497
459.497
459.497
459.497
459.497
785.894
785.894
785.894
785.894
785.894
779.413
779.413
779.413
779.413
779.413
790.632
790.632
790.632
790.632
790.632
783.533
783.533
783.533
783.533
783.533
776.425
776.425
776.425
776.425
776.425
762.573
762.573
762.573
762.573
762.573
783.803
783.803
783.803
783.803
783.803
771.949
771.949
771.949
771.949
771.949
794.321
794.321
794.321
794.321
794.321
792.216
792.216
792.216
792.216
792.216
787.708
787.708
787.708
787.708
787.708
791.116
791.116
791.116
791.116
791.116
778.04
778.04
778.04
778.04
778.04
735.291
735.291
735.291
735.291
735.291
779.287
779.287
779.287
779.287
779.287
774.251
774.251
774.251
774.251
774.251
776.084
776.084
776.084
776.084
776.084
702.441
702.441
702.441
702.441
702.441
730.61
730.61
730.61
730.61
730.61
552.31
552.31
552.31
552.31
552.31
688.969
688.969
688.969
688.969
688.969
515.934
515.934
515.934
515.934
515.934
591.39
591.39
591.39
591.39
591.39
520.167
520.167
520.167
520.167
520.167
694.737
694.737
694.737
694.737
694.737
634.762
634.762
634.762
634.762
634.762
549.219
549.219
549.219
549.219
549.219
648.082
648.082
648.082
648.082
648.082
436.04
436.04
436.04
436.04
436.04
607.547
607.547
607.547
607.547
607.547
514.375
514.375
514.375
514.375
514.375
779.977
779.977
779.977
779.977
779.977
710.642
710.642
710.642
710.642
710.642
534.69
534.69
534.69
534.69
534.69
743.62
743.62
743.62
743.62
743.62
720.327
720.327
720.403
720.403
720.403
742.628
742.628
742.628
742.628
742.628
705.498
705.498
705.498
705.498
705.498
675.228
675.228
675.228
675.228
675.228
730.804
730.804
730.804
730.804
730.804
773.258
773.258
773.258
773.258
773.258
773.462
773.462
773.462
773.462
773.462
755.472
755.472
755.472
755.472
755.472
734.69
734.69
734.69
734.69
734.69
789.781
789.781
789.781
789.781
789.781
784.509
784.509
784.509
784.509
784.509
759.205
759.205
759.205
759.205
759.205
747.847
747.847
747.847
747.847
747.847
734.765
734.765
734.765
734.765
734.765
219.864
219.864
219.864
219.864
219.864
533.947
533.947
533.947
533.947
533.947
757.176
757.176
757.176
757.176
757.176
726.976
726.976
726.976
726.976
726.976
770.756
770.756
770.756
770.756
770.756
748.598
748.598
748.598
748.598
748.598
726.431
726.431
726.431
726.431
726.431
452.62
452.62
452.62
452.62
452.62
501.977
501.977
501.977
501.977
501.977
513.725
513.725
513.725
513.725
513.725
417.377
417.377
417.377
417.377
417.377
634.189
634.189
634.189
634.189
634.189
452.779
452.779
452.779
452.779
452.779
636.016
636.016
636.016
636.016
636.016
784.052
784.052
784.052
784.052
784.052
770.83
770.83
770.83
770.83
770.83
776.565
776.565
776.565
776.565
776.565
748.524
748.524
748.524
748.524
748.524
751.074
751.074
751.074
751.074
751.074
741.941
741.941
741.941
741.941
741.941
772.618
772.618
772.618
772.618
772.618
667.933
667.933
667.933
667.933
667.933
759.535
759.535
759.535
759.535
759.535
760.395
760.395
760.395
760.395
760.395
669.09
669.09
669.09
669.09
669.09
773.002
773.002
773.002
773.002
773.002
701.24
701.24
701.24
701.24
701.24
655.284
655.284
655.284
655.284
655.284
624.156
624.156
624.156
624.156
624.156
577.711
577.711
577.711
577.711
577.711
489.165
489.165
488.877
488.877
488.877
678.148
678.148
678.148
678.148
678.148
583.342
583.342
583.342
583.342
583.342
613.49
613.49
613.49
613.49
613.49
697.14
697.14
697.14
697.14
697.14
386.168
386.168
386.168
386.168
386.168
502.679
502.679
502.679
502.679
502.679
785.523
785.523
785.523
785.523
785.523
434.904
434.904
434.904
434.904
434.904
567.639
567.639
567.639
567.639
567.639
444.512
444.512
444.512
444.512
444.512
705.674
705.674
705.674
705.674
705.674
749.006
749.006
749.006
749.006
749.006
464.036
464.036
464.036
464.036
464.036
711.461
711.461
711.461
711.461
711.461
687.379
687.379
687.379
687.379
687.379
410.582
410.582
410.582
410.582
410.582
369.18
369.18
369.18
369.18
369.18
579.805
579.805
579.805
579.805
579.805
540.737
540.737
540.737
540.737
540.737
587.187
587.187
587.187
587.187
587.187
297.675
297.675
297.675
297.675
297.675
492.233
492.233
492.233
492.233
492.233
551.625
551.625
551.625
551.625
551.625
446.484
446.484
446.484
446.484
446.484
444.88
444.88
444.88
444.88
444.88
776.28
776.28
776.28
776.28
776.28
710.991
710.991
710.991
710.991
710.991
733.462
733.462
733.462
733.462
733.462
697.593
697.593
697.593
697.593
697.593
475.351
475.351
475.351
475.351
475.351
616.911
616.911
616.911
616.911
616.911
602.818
602.818
602.818
602.818
602.818
660.273
660.273
660.273
660.273
660.273
627.052
627.052
627.052
674.103
674.103
727.155
727.155
727.155
727.155
727.155
714.581
714.581
714.581
714.581
714.581
543.744
543.744
543.744
543.744
543.744
638.244
638.244
638.244
638.244
638.244
555.051
555.051
555.051
555.051
555.051
568.7
568.7
568.7
568.7
568.7
548.436
548.436
548.436
548.436
548.436
590.607
590.607
590.607
590.607
590.607
499.603
499.603
499.603
499.603
499.603
262.749
262.749
262.749
262.749
262.749
551.071
551.071
551.071
551.071
551.071
724.864
724.864
724.864
724.864
724.864
761.908
761.908
761.908
761.908
761.908
749.351
749.351
749.351
749.351
749.351
775.921
775.921
775.921
775.921
775.921
704.769
704.769
704.769
704.769
704.769
777.818
777.818
777.818
777.818
777.818
782.78
782.78
782.78
782.78
782.78
785.423
785.423
785.423
785.423
785.423
766.743
766.743
766.743
766.743
766.743
791.719
791.719
791.719
791.719
791.719
786.57
786.57
786.57
786.57
786.57
782.521
782.521
782.521
782.521
782.521
794.455
794.455
794.455
794.455
794.455
783.997
783.997
783.997
783.997
783.997
775.384
775.384
775.384
775.384
775.384
761.254
761.254
761.254
761.254
761.254
761.675
761.675
761.675
761.675
761.675
751.893
751.893
751.893
751.893
751.893
788.679
788.679
790.232
790.232
790.232
772.456
772.456
772.456
772.456
772.456
782.665
782.665
782.665
782.665
782.665
785.777
785.777
785.777
785.777
785.777
775.441
775.441
775.441
775.441
775.441
763.48
763.48
763.48
763.48
763.48
789.839
789.839
789.839
789.839
789.839
775.018
775.018
775.018
775.018
775.018
782.916
782.916
782.916
782.916
782.916
784.053
784.053
784.053
784.053
784.053
777.655
777.655
777.655
777.655
777.655
776.154
776.154
776.154
776.154
776.154
781.924
781.924
781.924
781.924
781.924
768.214
768.214
768.214
768.214
768.214
747.533
747.533
747.533
747.533
747.533
748.748
748.748
748.748
748.748
748.748
760.502
760.502
760.502
760.502
760.502
751.168
751.168
751.168
751.168
751.168
759.203
759.203
759.203
759.203
759.203
518.688
518.688
518.688
518.688
518.688
759.645
759.645
759.645
759.645
759.645
760.117
760.117
760.117
760.117
760.117
603.079
603.079
603.079
603.079
603.079
583.673
583.673
583.673
583.673
583.673
720.925
720.925
720.925
720.925
720.925
725.367
725.367
725.367
725.367
725.367
665.603
665.603
665.603
665.603
665.603
442.568
442.568
442.568
442.568
442.568
472.074
472.074
472.074
472.074
472.074
703.48
703.48
703.48
703.48
703.48
771.895
771.895
771.895
771.895
771.895
776.062
776.062
776.062
776.062
776.062
756.782
756.782
756.782
756.782
756.782
778.781
778.781
778.781
778.781
778.781
762.551
762.551
762.551
762.551
762.551
750.655
750.655
750.655
750.655
750.655
766.423
766.423
766.423
766.423
766.423
759.926
759.926
759.926
759.926
759.926
752.392
752.392
752.392
752.392
752.392
792.711
792.711
792.711
792.711
792.711
787.21
787.21
787.21
787.21
787.21
753.951
753.951
753.951
753.951
753.951
784.057
784.057
784.057
784.057
784.057
762.458
762.458
762.458
762.458
762.458
738.701
738.701
738.701
738.701
738.701
685.462
685.462
685.462
685.462
685.462
486.234
486.234
486.234
486.234
486.234
481.484
481.484
481.484
481.484
481.484
749.519
749.519
749.519
749.519
749.519
602.505
602.505
602.505
602.505
602.505
520.094
520.094
520.094
520.094
520.094
421.742
421.742
421.742
421.742
421.742
575.648
575.648
575.648
575.648
575.648
776.77
776.77
776.77
776.77
776.77
765.998
765.998
765.998
765.998
765.998
748.074
748.074
748.074
748.074
748.074
773.236
773.236
773.236
773.236
773.236
784.123
784.123
784.123
784.123
784.123
750.062
750.062
750.062
750.062
750.062
744.713
744.713
744.713
744.713
744.713
789.52
789.52
789.52
789.52
789.52
635.265
635.265
635.265
635.265
635.265
469.441
469.441
469.441
469.441
469.441
151.428
151.428
151.428
151.428
151.428
680.275
680.275
680.275
680.275
680.275
222.592
222.592
222.592
222.592
222.592
751.951
751.951
751.951
751.951
751.951
761.116
761.116
761.116
761.116
761.116
715.74
715.74
715.74
715.74
715.74
786.954
786.954
786.954
786.954
786.954
742.6
742.6
742.6
742.6
742.6
740.058
740.058
740.058
740.058
740.058
769.934
769.934
769.934
769.934
769.934
741.305
741.305
741.305
741.305
741.305
774.635
774.635
774.635
774.635
774.635
781.955
781.955
781.955
781.955
781.955
760.429
760.429
760.429
760.429
760.429
730.532
730.532
730.532
730.532
730.532
788.032
788.032
788.032
788.032
788.032
763.162
763.162
763.162
763.162
763.162
752.298
752.298
752.298
752.298
752.298
771.998
771.998
771.998
771.998
771.998
748.868
748.868
748.868
748.868
748.868
632.574
632.574
632.574
632.574
632.574
706.601
706.601
706.601
706.601
706.601
701.171
701.171
701.171
701.171
701.171
605.857
605.857
605.857
605.857
605.857
215.642
215.642
215.642
215.642
215.642
343.492
343.492
343.492
343.492
343.492
674.155
674.155
674.155
674.155
674.155
590.839
590.839
590.839
590.839
590.839
296.891
296.891
296.891
296.891
296.891
732.05
732.05
732.05
732.05
732.05
777.865
777.865
777.865
777.865
777.865
745.21
745.21
745.21
745.21
745.21
726.065
726.065
726.065
726.065
726.065
766.729
766.729
766.729
766.729
766.729
734.816
734.816
734.816
734.816
734.816
604.116
604.116
604.116
604.116
604.116
663.27
663.27
663.27
663.27
663.27
498.324
498.324
498.324
498.324
498.324
734.186
734.186
734.186
734.186
734.186
713.044
713.044
713.044
713.044
713.044
769.135
769.135
769.135
769.135
769.135
761.9
761.9
761.9
761.9
761.9
789.722
789.722
789.722
789.722
789.722
733.499
733.499
733.499
733.499
733.499
757.236
757.236
757.236
757.236
757.236
711.463
711.463
711.463
711.463
711.463
735.42
735.42
735.42
735.42
735.42
774.375
774.375
774.375
774.375
774.375
780.009
780.009
780.009
780.009
780.009
746.54
746.54
746.54
746.54
746.54
748.193
748.193
748.193
748.193
748.193
778.495
778.495
778.495
778.495
778.495
786.511
786.511
786.511
786.511
786.511
758.367
758.367
758.367
758.367
758.367
792.9
792.9
792.9
792.9
792.9
778.859
778.859
778.859
778.859
778.859
766.735
766.735
766.735
766.735
766.735
782.621
782.621
782.621
782.621
782.621
769.093
769.093
769.093
769.093
769.093
784.965
784.965
784.965
784.965
784.965
774.935
774.935
774.935
774.935
774.935
773.859
773.859
773.859
773.859
773.859
773.372
773.372
773.372
773.372
773.372
781.817
781.817
781.817
781.817
781.817
758.773
758.773
758.773
758.773
758.773
750.699
750.699
750.699
750.699
750.699
777.955
777.955
777.955
777.955
777.955
773.243
773.243
773.243
773.243
773.243
700.193
700.193
700.193
700.193
700.193
465.011
465.011
465.011
465.011
465.011
532.227
532.227
532.227
532.227
532.227
692.811
692.811
692.811
692.811
692.811
751.321
751.321
751.322
751.322
751.322
695.93
695.93
695.93
695.93
695.93
416.235
416.235
416.235
416.235
416.235
717.456
717.456
717.456
717.456
717.456
766.408
766.408
766.408
766.408
766.408
756.833
756.833
756.833
756.833
756.833
786.389
786.389
786.389
786.389
786.389
755.073
755.073
755.073
755.073
755.073
738.904
738.904
738.904
738.904
738.904
784.188
784.188
784.188
784.188
784.188
757.998
757.998
757.998
757.998
757.998
749.063
749.063
749.063
749.063
749.063
780.904
780.904
780.904
780.904
780.904
710.545
710.545
710.545
710.545
710.545
765.16
765.16
765.16
765.16
765.16
715.367
715.367
715.367
715.367
715.367
754.495
754.495
754.495
754.495
754.495
638.025
638.025
638.025
638.025
638.025
344.484
344.484
344.484
344.484
344.484
638.593
638.593
638.593
638.593
638.593
710.886
710.886
710.886
710.886
710.886
592.329
592.329
592.329
592.329
592.329
757.381
757.381
757.381
757.381
757.381
734.286
734.286
734.286
734.286
734.286
779.341
779.341
779.341
779.341
779.341
759
759
759
759
759
785.652
785.652
785.652
785.652
785.652
788.262
788.262
788.262
788.262
788.262
772.675
772.675
772.675
772.675
772.675
755.165
755.165
755.165
755.165
755.165
752.729
752.729
752.729
752.729
752.729
764.298
764.298
764.298
764.298
764.298
763.031
763.031
763.031
763.031
763.031
744.262
744.262
744.262
744.262
744.262
696.884
696.884
696.884
696.884
696.884
527.335
527.335
527.335
527.335
527.335
515.072
515.072
515.072
515.072
515.072
770.492
770.492
770.492
770.492
770.492
672.058
672.058
672.058
672.058
672.058
625.688
625.688
625.688
625.688
625.688
698.233
698.233
698.233
698.233
698.233
728.947
728.947
728.947
728.947
728.947
779.727
779.727
779.727
779.727
779.727
482.565
482.565
482.565
482.565
522.13
611.038
611.038
611.038
611.038
611.038
337.802
337.802
337.802
337.802
337.802
529.771
529.771
529.771
529.771
529.771
626.052
626.052
626.052
626.052
626.052
646.054
646.054
646.054
646.054
646.054
504.938
504.938
504.938
504.938
504.938
758.458
758.458
758.458
758.458
758.458
561.464
561.464
561.464
561.464
561.464
557.889
557.889
557.889
557.889
557.889
548.208
548.208
548.208
548.208
548.208
481.277
481.277
481.277
481.277
481.277
517.875
517.875
517.875
517.875
517.875
611.567
611.567
611.567
611.567
611.567
613.223
613.223
613.223
613.223
613.223
540.375
540.375
540.375
540.375
540.375
445.362
445.362
445.362
445.362
445.362
474.331
474.331
474.331
474.331
474.331
697.854
697.854
697.854
697.854
697.854
671.454
671.454
671.454
671.454
671.454
780.177
780.177
780.177
780.177
780.177
739.1
739.1
739.1
739.1
739.1
696.145
696.145
696.145
696.145
696.145
775.841
775.841
775.841
775.841
775.841
671.006
671.006
671.006
671.006
671.006
541.509
541.509
541.509
541.509
541.509
288.823
288.823
288.823
288.823
288.823
640.076
640.076
640.076
640.076
640.076
714.902
714.902
714.902
714.902
714.902
273.94
273.94
273.94
273.94
273.94
217.447
217.447
217.447
217.447
217.447
482.686
482.686
482.686
482.686
482.686
709.896
709.896
709.896
709.896
709.896
781.505
781.505
781.505
781.505
781.505
751.451
751.451
751.451
751.451
751.451
291.832
291.832
291.832
291.832
291.832
537.422
538.844
538.844
538.844
538.844
530.536
530.536
530.536
530.536
530.536
318.956
318.956
318.956
318.956
318.956
529.543
529.543
529.543
529.543
529.543
459.626
459.626
459.626
459.626
459.626
407.399
407.399
407.399
407.399
407.399
617.182
617.182
617.182
617.182
617.182
570.844
570.844
570.844
570.844
570.844
420.017
420.017
420.017
420.017
420.017
734.716
734.716
734.716
734.716
734.716
253.105
253.105
253.105
253.105
253.105
550.401
550.401
550.401
550.401
550.401
525.365
525.365
525.365
525.365
525.365
512.38
512.38
512.38
512.38
512.38
698.719
698.719
698.719
698.719
698.719
710.626
710.626
710.626
710.626
710.626
672.397
672.397
672.397
672.397
672.397
602.419
602.419
602.419
602.419
602.419
635.055
635.055
635.055
635.055
635.055
502.344
502.344
502.344
502.344
502.344
323.309
323.309
323.309
323.309
323.309
639.882
639.882
639.882
639.882
639.882
440.237
440.237
440.237
440.237
440.237
600.333
600.333
600.333
600.333
600.333
609.729
609.729
609.729
609.729
609.729
647.167
647.167
647.167
647.167
647.167
574.75
574.75
574.75
574.75
574.75
629.232
629.232
629.232
629.232
629.232
625.791
625.791
625.791
625.791
625.791
501.939
501.939
501.939
501.939
501.939
765.782
765.782
765.782
765.782
765.782
755.038
755.038
755.038
755.038
755.038
763.617
763.617
763.617
763.617
763.617
701.867
701.867
701.867
701.867
701.867
533.124
533.124
533.124
533.124
533.124
533.26
533.26
533.26
533.26
533.26
516.623
516.623
516.623
516.623
516.623
318.17
318.17
318.17
318.17
318.17
575.28
575.28
575.28
575.28
575.28
194.237
194.237
194.237
194.237
194.237
471.75
471.75
471.75
471.75
471.75
726.645
726.645
726.645
726.645
726.645
286.954
286.954
286.954
286.954
286.954
581.129
581.129
581.129
581.129
581.129
568.262
568.262
568.262
568.262
568.262
408.732
408.732
408.732
408.732
408.732
678.157
678.157
678.157
678.157
678.157
782.824
782.824
782.824
782.824
782.824
711.647
711.647
711.647
711.647
711.647
284.761
284.761
284.761
284.761
284.761
644.672
644.672
644.672
644.672
644.672
728.605
728.605
728.605
728.605
728.605
387.245
387.245
387.245
387.245
387.245
701.084
701.084
701.093
701.093
701.093
582.075
582.075
582.075
582.075
582.075
775.567
775.567
775.567
775.567
775.567
746.675
746.675
746.675
746.675
746.675
584.653
584.653
584.653
584.653
584.653
723.938
723.938
723.938
723.938
723.938
495.674
495.674
495.674
495.674
495.674
0
