0
0
0
0
696.962
696.962
696.962
696.962
696.962
771.34
771.34
771.34
771.34
771.34
755.149
755.149
755.149
755.149
755.149
645.905
645.905
645.905
645.905
645.905
613.514
613.514
613.514
613.514
613.514
746.071
746.071
746.071
746.071
746.071
762.821
762.821
762.821
762.821
762.821
772.406
772.406
772.406
772.406
772.406
675.299
675.306
675.306
675.306
675.306
780.316
780.316
780.316
780.316
780.316
754.439
754.439
754.439
754.439
754.439
710.764
710.764
710.764
710.764
710.764
758.591
758.591
758.591
758.591
758.591
436.974
436.974
436.974
436.974
436.974
764.211
764.211
764.211
764.211
764.211
745.995
745.995
745.995
745.995
745.995
705.211
705.211
705.211
705.211
705.211
755.2
755.2
755.2
755.2
755.2
760.076
760.076
760.076
760.076
760.076
755.743
755.743
755.743
755.743
755.743
774.559
774.559
774.559
774.559
774.559
769.499
769.499
769.499
769.499
769.499
748.117
748.117
748.117
748.117
748.117
773.096
773.096
773.096
773.096
773.096
748.67
748.67
748.67
748.67
748.67
729.316
729.316
729.316
729.316
729.316
774.967
774.967
774.967
774.967
774.967
750.737
750.737
750.737
750.737
750.737
738.898
738.898
738.898
738.898
738.898
670.688
670.688
670.688
670.688
670.688
662.362
662.362
662.362
662.362
662.362
768.845
768.845
768.845
768.845
768.845
715.484
715.484
715.484
715.484
715.484
694.96
694.96
694.96
694.96
694.96
749.875
749.875
749.875
749.875
749.875
757.598
757.598
757.598
757.598
757.598
719.249
719.249
719.249
719.249
719.249
789.506
789.506
789.506
789.506
789.506
776.967
776.967
776.967
776.967
776.967
702.132
702.132
702.132
702.132
702.132
732.59
732.59
732.59
732.59
732.59
723.703
723.703
723.703
723.703
723.703
616.046
615.849
615.849
615.849
615.849
755.57
755.57
755.57
755.57
755.57
547.647
547.647
547.647
547.647
547.647
422.814
422.814
422.814
422.814
422.814
464.442
464.442
464.442
464.442
464.442
699.309
699.309
699.309
699.309
699.309
773.404
773.404
773.404
773.404
773.404
737.635
737.635
737.635
737.635
737.635
769.512
769.512
769.512
769.512
769.512
761.925
761.925
761.925
761.925
761.925
761.943
761.943
761.943
761.943
761.943
525.476
525.476
525.476
525.476
525.476
365.716
365.716
365.716
365.716
365.716
744.055
744.055
744.055
744.055
744.055
699.382
699.382
699.382
699.382
699.382
655.514
655.514
655.514
655.514
655.514
572.718
572.718
572.718
572.718
572.718
534.587
534.587
534.587
534.587
534.587
527.941
527.941
527.941
527.941
527.941
732.721
732.721
732.721
732.721
732.721
760.52
760.52
760.52
760.52
760.52
743.257
743.257
743.257
743.257
743.257
747.089
747.089
747.089
747.089
747.089
782.185
782.185
782.185
782.185
782.185
755.224
755.224
755.224
755.224
755.224
692.153
691.947
691.947
691.947
691.947
759.057
759.057
759.057
759.057
759.057
784.006
784.006
784.006
784.006
784.006
767.069
767.069
767.069
767.069
767.069
774.563
774.563
774.563
774.563
774.563
768.003
768.003
768.003
768.003
768.003
723.548
723.548
723.548
723.548
723.548
751.54
751.54
751.54
751.54
751.54
743.992
743.992
743.992
743.992
743.992
689.562
689.562
689.562
689.562
689.562
207.446
207.446
207.446
207.446
207.446
443.102
443.102
443.102
443.102
443.102
694.129
694.129
694.129
694.129
694.129
787.783
787.783
787.783
787.783
787.783
684.056
684.056
684.056
684.056
684.056
446.908
446.908
446.908
446.908
446.908
498.955
498.955
498.955
498.955
498.955
775.663
775.663
775.663
775.663
775.663
742.765
742.765
742.765
742.765
742.765
760.004
760.004
760.004
760.004
760.004
724.832
724.832
724.832
724.832
724.832
635.662
635.662
635.662
635.662
635.662
773.436
773.436
773.436
773.436
773.436
667.404
667.404
667.404
667.404
667.404
507.194
507.194
507.194
507.194
507.194
326.914
326.914
326.914
326.914
326.914
577.662
577.662
577.662
577.662
577.662
187.496
187.496
187.496
187.496
187.496
760.29
760.29
760.29
760.29
760.29
592.848
592.848
592.848
592.848
592.848
434.172
434.172
434.172
434.172
434.172
706.589
706.589
706.589
706.589
706.589
370.043
370.043
370.043
370.043
370.043
584.09
584.09
584.09
584.09
584.09
718.736
718.736
718.736
718.736
718.736
455.202
455.202
455.202
455.202
455.202
597.823
597.823
597.823
597.823
597.823
673.682
673.682
673.682
673.682
673.682
588.324
588.324
588.324
588.324
588.324
709.857
709.857
709.857
709.857
709.857
692.837
692.837
692.837
692.837
692.837
436.147
436.147
436.147
436.147
436.147
746.912
746.912
746.912
746.912
746.912
218.964
218.964
218.964
218.964
218.964
782.555
782.555
782.555
782.555
782.555
782.011
782.011
782.011
782.011
782.011
791.674
791.674
791.674
791.674
791.674
785.458
785.458
785.458
785.458
785.458
781.582
781.582
781.582
781.582
781.582
791.11
791.11
791.11
791.11
791.11
769.266
769.266
769.266
769.266
769.266
740.19
740.19
740.19
740.19
740.19
789.094
789.094
789.094
789.094
789.094
776.552
776.552
776.552
776.552
776.552
762.757
762.757
762.757
762.757
762.757
776.815
776.815
776.815
776.815
776.815
766.316
766.316
766.316
766.316
766.316
773.94
773.94
773.94
773.94
773.94
783.245
783.245
783.245
783.245
783.245
777.733
777.733
777.733
777.733
777.733
753.584
753.584
753.584
753.584
753.584
741.52
741.52
741.52
741.52
741.52
351.727
351.727
351.727
351.727
351.727
481.37
481.37
481.37
481.37
481.37
404.786
404.786
404.786
404.786
404.786
529.624
529.624
529.624
529.624
529.624
576.328
576.328
576.328
576.328
576.328
532.353
532.353
532.353
532.353
532.353
503.616
503.616
503.616
503.616
503.616
766.279
766.279
766.279
766.279
766.279
653.001
653.013
653.013
653.013
653.013
703.442
703.442
703.442
703.442
703.442
764.58
764.58
764.58
764.58
764.58
718.488
718.488
718.488
718.488
718.488
622.196
622.196
622.236
622.236
622.236
777.98
777.98
777.98
777.98
777.98
784.815
784.815
784.815
784.815
784.815
771.735
771.735
771.735
771.735
771.735
785.115
785.115
785.115
785.115
785.115
766.011
766.011
766.011
766.011
766.011
747.393
747.393
747.393
747.393
747.393
695.661
695.661
695.661
695.661
695.661
784.689
784.689
784.689
784.689
784.689
717.441
717.441
717.441
717.441
717.441
744.364
744.364
744.364
744.364
744.364
788.622
788.622
788.622
788.622
788.622
781.09
781.09
781.09
781.09
781.09
745.869
745.869
745.869
745.869
745.869
789.653
789.653
789.653
789.653
789.653
435.782
435.782
435.782
435.782
435.782
607.974
607.974
607.974
607.974
607.974
313.667
313.667
313.667
313.667
313.667
563.072
563.072
563.072
563.072
563.072
449.277
449.277
449.277
449.277
449.277
788.114
788.114
788.114
788.114
788.114
786.224
786.224
786.224
786.224
786.224
763.087
763.087
763.087
763.087
763.087
772.573
772.573
772.573
772.573
772.573
750.491
750.491
750.491
750.491
750.491
725.115
725.115
725.115
725.115
725.115
609.047
609.047
609.047
609.047
609.047
290.936
290.905
290.905
290.905
290.905
612.975
612.975
612.975
612.975
612.975
696.186
696.186
696.186
696.186
696.186
320.14
320.14
320.14
320.14
320.14
743.808
743.808
743.808
743.808
743.808
643.55
643.55
643.55
643.55
643.55
718.721
718.721
718.721
718.721
718.721
756.863
756.863
756.863
756.863
756.863
739.775
739.775
739.775
739.775
739.775
743.067
743.067
743.067
743.067
743.067
767.903
767.903
767.903
767.903
767.903
795.793
795.793
795.793
795.793
795.793
775.911
775.911
775.911
775.911
775.911
753.846
753.846
753.846
753.846
753.846
793.493
793.493
793.493
793.493
793.493
771.795
771.795
771.795
771.795
771.795
775.861
775.861
775.861
775.861
775.861
787.468
787.468
787.468
787.468
787.468
777.43
777.43
777.43
777.43
777.43
790.156
790.156
790.156
790.156
790.156
791.939
791.939
791.939
791.939
791.939
780.31
780.31
780.31
780.31
780.31
770.285
770.285
770.285
770.285
770.285
795.899
795.899
795.899
795.899
795.899
745.288
745.288
745.288
745.288
745.288
768.447
768.447
768.447
768.447
768.447
781.233
781.233
781.233
781.233
781.233
781.171
781.171
781.171
781.171
781.171
767.33
767.33
767.33
767.33
767.33
756.283
756.283
756.283
756.283
756.283
772.808
772.808
772.808
772.808
772.808
762.942
762.942
762.942
762.942
762.942
772.335
772.335
772.335
772.335
772.335
784.418
784.418
784.418
784.418
784.418
770.236
770.236
770.236
770.236
770.236
781.784
781.784
781.784
781.784
781.784
781.354
781.354
781.354
781.354
781.354
774.981
774.981
774.981
774.981
774.981
787.239
787.239
787.239
787.239
787.239
785.915
785.915
785.915
785.915
785.915
773.125
773.125
773.125
773.125
773.125
792.385
792.385
792.385
792.385
792.385
777.409
777.409
777.409
777.409
777.409
764.039
764.039
764.039
764.039
764.039
783.56
783.56
783.56
783.56
783.56
773.341
773.341
773.341
773.341
773.341
770.201
770.201
770.201
770.201
770.201
781.111
781.111
781.111
781.111
781.111
757.751
757.751
757.751
757.751
757.751
676.146
676.146
676.146
676.146
676.146
702.826
702.826
702.826
702.826
702.826
614.175
614.175
614.175
614.175
614.175
640.65
640.65
640.65
640.65
640.65
733.366
733.366
733.366
733.366
733.366
791.4
791.4
791.4
791.4
791.4
782.75
782.75
782.75
782.75
782.75
788.159
788.159
788.159
788.159
788.159
788.204
788.204
788.204
788.204
788.204
783.865
783.865
783.865
783.865
783.865
783.669
783.669
783.669
783.669
783.669
754.091
754.091
754.091
754.091
754.091
781.496
781.496
781.496
781.496
781.496
792.474
792.474
792.474
792.474
792.474
773.899
773.899
773.899
773.899
773.899
786.84
786.84
786.84
786.84
786.84
789.947
789.947
789.947
789.947
789.947
792.36
792.36
792.36
792.36
792.36
786.284
786.284
786.284
786.284
786.284
775.496
775.496
775.496
775.496
775.496
759.907
759.907
759.907
759.907
759.907
770.094
770.094
770.094
770.094
770.094
782.958
782.958
782.958
782.958
782.958
776.945
776.945
776.945
776.945
776.945
774.917
774.917
774.917
774.917
774.917
783.19
783.19
783.19
783.19
783.19
778.837
778.837
778.837
778.837
778.837
783.069
783.069
783.069
783.069
783.069
788.569
788.569
788.569
788.569
788.569
775.757
775.757
775.757
775.757
775.757
768.861
768.861
768.861
768.861
768.861
788.362
788.362
788.362
788.362
788.362
789.499
789.499
789.499
789.499
789.499
778.98
778.98
778.98
778.98
778.98
794.425
794.425
794.425
794.425
794.425
772.479
772.479
772.479
772.479
772.479
762.754
762.754
762.754
762.754
762.754
789.924
789.924
789.924
789.924
789.924
783.639
783.639
783.639
783.639
783.639
764.878
764.878
764.878
764.878
764.878
778.548
778.548
778.548
778.548
778.548
751.463
751.463
751.48
751.48
751.48
761.358
761.358
761.358
761.358
761.358
791.873
791.873
791.873
791.873
791.873
781.128
781.128
781.128
781.128
781.128
777.022
777.022
777.022
777.022
777.022
787.797
787.797
787.797
787.797
787.797
786.518
786.518
786.518
786.518
786.518
716.524
716.524
716.524
716.524
716.524
786.343
786.343
786.343
786.343
786.343
772.578
772.578
772.578
772.578
772.578
778.223
778.223
778.572
778.572
778.572
789.262
789.262
789.262
789.262
789.262
733.237
733.237
733.237
733.237
733.237
764.493
764.493
764.493
764.493
764.493
781.096
781.096
781.096
781.096
781.096
762.963
762.963
762.963
762.963
762.963
780.881
780.881
780.881
780.881
780.881
776.222
776.222
776.222
776.222
776.222
784.432
784.432
784.432
784.432
784.432
793.226
793.226
793.226
793.226
793.226
781.976
781.976
781.976
781.976
781.976
771.383
771.383
771.383
771.383
771.383
787.257
787.257
787.257
787.257
787.257
796.247
796.247
796.247
796.247
796.247
785.759
785.759
785.759
785.759
785.759
781.082
781.082
781.082
781.082
781.082
793.473
793.473
793.473
793.473
793.473
792.407
792.407
792.407
792.407
792.407
777.544
777.544
777.544
777.544
777.544
792.233
792.233
792.233
792.233
792.233
788.282
788.282
788.282
788.282
788.282
783.452
783.452
783.452
783.452
783.452
791.973
791.973
791.973
791.973
791.973
784.307
784.307
784.307
784.307
784.307
770.97
770.97
770.97
770.97
770.97
788.619
788.619
788.619
788.619
788.619
774.546
774.546
774.546
774.546
774.546
765.712
765.712
765.712
765.712
765.712
796.48
796.48
796.48
796.48
796.48
794.648
794.648
794.648
794.648
794.648
787.29
787.29
787.29
787.29
787.29
794.305
794.305
794.305
794.305
794.305
790.652
790.652
790.652
790.652
790.652
775.95
775.95
775.95
775.95
775.95
784.742
784.742
784.742
784.742
784.742
780.913
780.913
780.913
780.913
780.913
773.618
773.618
773.618
773.618
773.618
794.938
794.938
794.938
794.938
794.938
785.278
785.278
785.278
785.278
785.278
794.565
794.565
794.565
794.565
794.565
796.869
796.869
796.869
796.869
796.869
783.654
783.654
783.654
783.654
783.654
789.655
789.655
789.655
789.655
789.655
789.841
789.841
789.841
789.841
789.841
788.02
788.02
788.02
788.02
788.02
787.832
787.832
787.832
787.832
787.832
791.637
791.637
791.637
791.637
791.637
787.582
787.582
787.582
787.582
787.582
783.97
783.97
783.97
783.97
783.97
796.259
796.259
796.259
796.259
796.259
791.921
791.921
791.921
791.921
791.921
788.544
788.544
788.544
788.544
788.544
792.6
792.6
792.6
792.6
792.6
784.644
784.644
784.644
784.644
784.644
783.461
783.461
783.461
783.461
783.461
793.39
793.39
793.39
793.39
793.39
789.114
789.114
789.114
789.114
789.114
782.828
782.828
782.828
782.828
782.828
786.395
786.395
786.395
786.395
786.395
780.015
780.015
780.015
780.015
780.015
773.301
773.301
773.301
773.301
773.301
794.855
794.855
794.855
794.855
794.855
785.458
785.458
785.458
785.458
785.458
783.252
783.252
783.252
783.252
783.252
792.968
792.968
792.968
792.968
792.968
778.651
778.651
778.651
778.651
778.651
773.569
773.569
773.569
773.569
773.569
795.371
795.371
795.371
795.371
795.371
791.33
791.33
791.33
791.33
791.33
791.594
791.594
791.594
791.594
791.594
791.138
791.138
791.138
791.138
791.138
791.189
791.189
791.189
791.189
791.189
786.862
786.862
786.862
786.862
786.862
793.141
793.141
793.141
793.141
793.141
784.963
784.963
784.963
784.963
784.963
778.206
778.206
778.206
778.206
778.206
787.063
787.063
787.063
787.063
787.063
778.851
778.851
778.851
778.851
778.851
784.756
784.756
784.756
784.756
784.756
770.529
770.529
770.529
770.529
770.529
789.108
789.108
789.108
789.108
789.108
773.281
773.281
773.281
773.281
773.281
796.795
796.795
796.795
796.795
796.795
789.091
789.091
789.091
789.091
789.091
785.941
785.941
785.941
785.941
785.941
795.677
795.677
795.677
795.677
795.677
792.312
792.312
792.312
792.312
792.312
786.142
786.142
786.142
786.142
786.142
796.295
796.295
796.295
796.295
796.295
793.195
793.195
793.195
793.195
793.195
792.47
792.47
792.47
792.47
792.47
794.789
794.789
794.789
794.789
794.789
784.461
784.461
784.461
784.461
784.461
781.754
781.754
781.754
781.754
781.754
795.826
795.826
795.826
795.826
795.826
796.201
796.201
796.201
796.201
796.201
792.463
792.463
792.463
792.463
792.463
797.216
797.216
797.216
797.216
797.216
789.753
789.753
789.753
789.753
789.753
783.611
783.611
783.611
783.611
783.611
789.005
789.005
789.005
789.005
789.005
781.812
781.812
781.812
781.812
781.812
773.571
773.571
773.571
773.571
773.571
798.135
798.135
798.135
798.135
798.135
791.873
791.873
791.873
791.873
791.873
791.879
791.879
791.879
791.879
791.879
795.178
795.178
795.178
795.178
795.178
790.412
790.412
790.412
790.412
790.412
791.445
791.445
791.445
791.445
791.445
793.147
793.147
793.147
793.147
793.147
792.219
792.219
792.219
792.219
792.219
784.734
784.734
784.734
784.734
784.734
792.506
792.506
792.506
792.506
792.506
792.951
792.951
792.951
792.951
792.951
794.608
794.608
794.608
794.608
794.608
797.361
797.361
797.361
797.361
797.361
795.275
795.275
795.275
795.275
795.275
786.15
786.15
786.15
786.15
786.15
796.547
796.547
796.547
796.547
796.547
793.629
793.629
793.629
793.629
793.629
796.231
796.231
796.231
796.231
796.231
796.253
796.253
796.253
796.253
796.253
792.524
792.524
792.524
792.524
792.524
791.524
791.524
791.524
791.524
791.524
795.026
795.026
795.026
795.026
795.026
789.576
789.576
789.576
789.576
789.576
793.235
793.235
793.235
793.235
793.235
794.891
794.891
794.891
794.891
794.891
794.216
794.216
794.216
794.216
794.216
789.447
789.447
789.447
789.447
789.447
796.235
796.235
796.235
796.235
796.235
794.513
794.513
794.513
794.513
794.513
789.224
789.224
789.224
789.224
789.224
792.194
792.194
792.194
792.194
792.194
789.008
789.008
789.008
789.008
789.008
789.317
789.317
789.317
789.317
789.317
797.727
797.727
797.727
797.727
797.727
796.359
796.359
796.359
796.359
796.359
792.458
792.458
792.458
792.458
792.458
798.277
798.277
798.277
798.277
798.277
792.368
792.368
792.368
792.368
792.368
793.648
793.648
793.648
793.648
793.648
795.602
795.602
795.602
795.602
795.602
796.327
796.327
796.327
796.327
796.327
790.74
790.74
790.74
790.74
790.74
796.553
796.553
796.553
796.553
796.553
796.038
796.038
796.038
796.038
796.038
793.791
793.791
793.791
793.791
793.791
792.851
792.851
792.851
792.851
792.851
793.561
793.561
793.561
793.561
793.561
787.818
787.818
787.818
787.818
787.818
797.564
797.564
797.564
797.564
797.564
796.49
796.49
796.49
796.49
796.49
794.45
794.45
794.45
794.45
794.45
795.835
795.835
795.835
795.835
795.835
793.3
793.3
793.3
793.3
793.3
789.575
789.575
789.575
789.575
789.575
796.896
796.896
796.896
796.896
796.896
792.368
792.368
792.368
792.368
792.368
787.715
787.715
787.715
787.715
787.715
792.485
792.485
792.485
792.485
792.485
790.539
790.539
790.539
790.539
790.539
791.011
791.011
791.011
791.011
791.011
797.692
797.692
797.692
797.692
797.692
796.008
796.008
796.008
796.008
796.008
782.981
782.981
782.981
782.981
782.981
795.313
795.313
795.313
795.313
795.313
794.503
794.503
794.503
794.503
794.503
788.117
788.117
788.117
788.117
788.117
796.818
796.818
796.818
796.818
796.818
793.494
793.494
793.494
793.494
793.494
789.875
789.875
789.875
789.875
789.875
796.318
796.318
796.318
796.318
796.318
793.08
793.08
793.08
793.08
793.08
791.303
791.303
791.303
791.303
791.303
796.585
796.585
796.585
796.585
796.585
793.259
793.259
793.259
793.259
793.259
792.265
792.265
792.265
792.265
792.265
797.723
797.723
797.723
797.723
797.723
793.847
793.847
793.847
793.847
793.847
791.429
791.429
791.429
791.429
791.429
798.126
798.126
798.126
798.126
798.126
797.76
797.76
797.76
797.76
797.76
794.826
794.826
794.826
794.826
794.826
796.433
796.433
796.433
796.433
796.433
789.947
789.947
789.947
789.947
789.947
789.105
789.105
789.105
789.105
789.105
795.044
795.044
795.044
795.044
795.044
793.692
793.692
793.692
793.692
793.692
791.699
791.699
791.699
791.699
791.699
798.709
798.709
798.709
798.709
798.709
795.547
795.547
795.547
795.547
795.547
788.948
788.948
788.948
788.948
788.948
798.427
798.427
798.427
798.427
798.427
795.406
795.406
795.406
795.406
795.406
789.843
789.843
789.843
789.843
789.843
795.943
795.943
795.943
795.943
795.943
793.52
793.52
793.52
793.52
793.52
785.804
785.804
785.804
785.804
785.804
794.358
794.358
794.358
794.358
794.358
793.268
793.268
793.268
793.268
793.268
785.185
785.185
785.185
785.185
785.185
793.856
793.856
793.856
793.856
793.856
789.528
789.528
789.528
789.528
789.528
791.541
791.541
791.541
791.541
791.541
797.327
797.327
797.327
797.327
797.327
789.489
789.489
789.489
789.489
789.489
779.308
779.308
779.308
779.308
779.308
797.04
797.04
797.04
797.04
797.04
796.061
796.061
796.061
796.061
796.061
794.467
794.467
794.467
794.467
794.467
797.381
797.381
797.381
797.381
797.381
791.282
791.282
791.282
791.282
791.282
786.524
786.524
786.524
786.524
786.524
789.5
789.5
789.5
789.5
789.5
784.578
784.578
784.578
784.578
784.578
791.414
791.414
791.414
791.414
791.414
795.3
795.3
795.3
795.3
795.3
793.745
793.745
793.745
793.745
793.745
789.403
789.403
789.403
789.403
789.403
796.33
796.33
796.33
796.33
796.33
793.738
793.738
793.738
793.738
793.738
790.22
790.22
790.22
790.22
790.22
794.854
794.854
794.854
794.854
794.854
791.805
791.805
791.805
791.805
791.805
788.434
788.434
788.434
788.434
788.434
794.882
794.882
794.882
794.882
794.882
791.75
791.75
791.75
791.75
791.75
789.555
789.555
789.555
789.555
789.555
793.021
793.021
793.021
793.021
793.021
793.317
793.317
793.317
793.317
793.317
790.471
790.471
790.471
790.471
790.471
796.059
796.059
796.059
796.059
796.059
784.743
784.743
784.743
784.743
784.743
778.659
778.659
778.659
778.659
778.659
791.59
791.59
791.59
791.59
791.59
796.514
796.514
796.514
796.514
796.514
785.653
785.653
785.653
785.653
785.653
787.335
787.335
787.335
787.335
787.335
779.868
779.868
779.868
779.868
779.868
780.841
780.841
780.841
780.841
780.841
792.791
792.791
792.791
792.791
792.791
789.859
789.859
789.859
789.859
789.859
778.421
778.421
778.421
778.421
778.421
794.037
794.037
794.037
794.037
794.037
787.698
787.698
787.698
787.698
787.698
788.034
788.034
788.034
788.034
788.034
795.896
795.896
795.896
795.896
795.896
779.271
779.271
779.271
779.271
779.271
756.811
756.811
756.811
756.811
756.811
762.999
762.999
762.999
762.999
762.999
725.911
725.911
725.911
725.911
725.911
267.318
267.318
267.318
267.318
267.318
778.642
778.642
778.642
778.642
778.642
677.748
677.748
677.748
677.748
677.748
601.438
601.438
601.438
601.438
601.438
598.71
598.71
598.71
598.71
598.71
457.09
457.09
457.09
457.09
457.09
517.36
517.36
517.36
517.36
517.36
784.884
784.884
784.884
784.884
784.884
773.71
773.71
773.71
773.71
773.71
714.474
714.474
714.474
714.474
714.474
777.423
777.423
777.423
777.423
777.423
765.509
765.509
765.509
765.509
765.509
747.478
747.478
747.478
747.478
747.478
778.509
778.509
778.509
778.509
778.509
748.735
748.735
748.735
748.735
748.735
684.859
684.859
684.859
684.859
684.859
682.059
682.059
682.059
682.059
682.059
307.068
306.996
306.996
306.996
306.996
419.797
419.797
419.797
419.797
419.797
626.545
626.545
626.545
626.545
626.545
785.855
785.855
785.855
785.855
785.855
774.359
774.359
774.359
774.359
774.359
788.289
788.289
788.289
788.289
788.289
760.298
760.298
760.298
760.298
760.298
740.091
740.091
740.091
740.091
740.091
719.648
719.648
719.648
719.648
719.648
666.908
666.908
666.908
666.908
666.908
569.765
569.765
569.765
569.765
569.765
703.049
703.049
703.049
703.049
703.049
784.463
784.463
784.463
784.463
784.463
680.268
680.268
680.268
680.268
680.268
557.14
557.14
557.14
557.14
557.14
611.6
611.6
611.6
611.6
611.6
717.123
717.123
717.123
717.123
717.123
774.481
774.481
774.481
774.481
774.481
776.64
776.64
776.64
776.64
776.64
753.561
753.561
753.561
753.561
753.561
782.738
782.738
782.738
782.738
782.738
733.14
733.14
733.14
733.14
733.14
656.84
656.84
656.84
656.84
656.84
680.593
680.593
680.593
680.593
680.593
360.129
360.129
360.129
360.129
360.129
622.317
622.317
622.317
622.317
622.317
415.852
415.852
415.852
415.852
415.852
412.678
412.678
412.678
412.678
412.678
684.941
684.941
684.941
684.941
684.941
675.302
675.302
675.302
675.302
675.302
550.851
550.851
550.851
550.851
550.851
640.123
640.123
640.123
640.123
640.123
745.71
745.71
745.71
745.71
745.71
540.316
540.316
540.316
540.316
540.316
535.654
535.654
535.654
535.654
535.654
754.166
754.166
754.166
754.166
754.166
763.813
763.813
763.813
763.813
763.813
741.061
741.061
741.061
741.061
741.061
774.003
774.003
774.003
774.003
774.003
759.264
759.264
759.264
759.264
759.264
769.719
769.719
769.719
769.719
769.719
389.345
389.345
389.345
389.345
389.345
662.158
662.158
662.158
662.158
662.158
720.026
720.026
720.026
720.026
720.026
768.958
768.958
768.958
768.958
768.958
764.46
764.46
764.46
764.46
764.46
717.475
717.475
717.475
717.475
717.475
716.085
716.085
716.085
716.085
716.085
372.033
372.033
372.033
372.033
372.033
462.593
462.593
462.593
462.593
462.593
671.343
671.343
671.343
671.343
671.343
765.645
765.645
765.645
765.645
765.645
675.58
675.58
675.58
675.58
675.58
698.052
698.052
698.052
698.052
698.052
627.667
627.667
627.667
627.667
627.667
499.632
499.632
499.632
499.632
499.632
391.532
391.532
391.532
391.532
391.532
654.486
654.486
654.486
654.486
654.486
728.841
728.841
728.841
728.841
728.841
544.057
544.057
544.057
544.057
544.057
774.099
774.099
774.099
774.099
774.099
760.868
760.868
760.868
760.868
760.868
776.208
776.208
776.208
776.208
776.208
731.951
731.951
731.951
731.951
731.951
742.633
742.633
742.633
742.633
742.633
785.065
785.065
785.065
785.065
785.065
765.022
765.022
765.022
765.022
765.022
756.512
756.512
756.512
756.512
756.512
762.205
762.205
762.205
762.205
762.205
778.624
778.624
778.624
778.624
778.624
758.784
758.784
758.784
758.784
758.784
787.812
787.812
787.812
787.812
787.812
781.358
781.36
781.36
781.36
781.36
785.208
785.208
785.208
785.208
785.208
786.898
786.898
786.898
786.898
786.898
774.184
774.184
774.184
774.184
774.184
754.477
754.477
754.477
754.477
754.477
777.522
777.522
777.522
777.522
777.522
741.145
741.145
741.145
741.145
741.145
613.017
613.017
613.017
613.017
613.017
716.367
716.367
716.367
716.367
716.367
715.918
715.918
715.918
715.918
715.918
758.77
758.77
758.77
758.77
758.77
756.028
756.028
756.028
756.028
756.028
661.434
661.434
661.434
661.434
661.434
275.957
275.957
275.957
275.957
275.957
788.175
788.175
788.175
788.175
788.175
752.707
752.707
752.707
752.707
752.707
784.03
784.03
784.03
784.03
784.03
793.287
793.287
793.287
793.287
793.287
785.653
785.653
785.653
785.653
785.653
777.975
777.975
777.975
777.975
777.975
770.016
770.016
770.016
770.016
770.016
750.357
750.357
750.44
750.44
750.44
752.887
752.887
752.887
752.887
752.887
789.866
789.866
789.866
789.866
789.866
782.306
782.306
782.306
782.306
782.306
759.891
759.891
759.891
759.891
759.891
791.657
791.657
791.657
791.657
791.657
783.627
783.627
783.627
783.627
783.627
780.96
780.96
780.96
780.96
780.96
790.562
790.562
790.562
790.562
790.562
789.702
789.702
789.702
789.702
789.702
770.131
770.131
770.131
770.131
770.131
781.243
781.243
781.243
781.243
781.243
773.335
773.335
773.335
773.335
773.335
772.511
772.511
772.511
772.511
772.511
792.35
792.35
792.35
792.35
792.35
782.709
782.709
782.709
782.709
782.709
784.879
784.879
784.879
784.879
784.879
796.443
796.443
796.443
796.443
796.443
788.423
788.423
788.423
788.423
788.423
782.364
782.364
782.364
782.364
782.364
784.668
784.668
784.668
784.668
784.668
776.462
776.462
776.462
776.462
776.462
773.478
773.478
773.478
773.478
773.478
781.905
781.905
781.905
781.905
781.905
776.96
776.96
776.96
776.96
776.96
768.986
768.986
768.986
768.986
768.986
784.959
784.959
784.959
784.959
784.959
787.244
787.244
787.244
787.244
787.244
790.686
790.686
790.686
790.686
790.686
786.649
786.649
786.649
786.649
786.649
788.244
788.244
788.244
788.244
788.244
768.288
768.288
768.288
768.288
768.288
778.091
778.091
778.091
778.091
778.091
765.375
765.375
765.375
765.375
765.375
748.611
748.611
748.611
748.611
748.611
772.598
772.598
772.598
772.598
772.598
784.845
784.845
784.845
784.845
784.845
782.542
782.542
782.542
782.542
782.542
794.174
794.174
794.174
794.174
794.174
788.853
788.853
788.853
788.853
788.853
775.233
775.233
775.233
775.233
775.233
795.504
795.504
795.504
795.504
795.504
791.651
791.651
791.651
791.651
791.651
787.915
787.915
787.915
787.915
787.915
794.42
794.42
794.42
794.42
794.42
794.683
794.683
794.683
794.683
794.683
788.834
788.834
788.834
788.834
788.834
792.711
792.711
792.711
792.711
792.711
789.848
789.848
789.848
789.848
789.848
783.32
783.32
783.32
783.32
783.32
797.398
797.398
797.398
797.398
797.398
797.063
797.063
797.063
797.063
797.063
794.185
794.185
794.185
794.185
794.185
797.595
797.595
797.595
797.595
797.595
795.856
795.856
795.856
795.856
795.856
792.515
792.515
792.515
792.515
792.515
795.695
795.695
795.695
795.695
795.695
795.316
795.316
795.316
795.316
795.316
793.639
793.639
793.639
793.639
793.639
796.09
796.09
796.09
796.09
796.09
795.24
795.24
795.24
795.24
795.24
792.016
792.016
792.016
792.016
792.016
795.376
795.376
795.376
795.376
795.376
791.386
791.386
791.386
791.386
791.386
793.01
793.01
793.01
793.01
793.01
794.784
794.784
794.784
794.784
794.784
791.349
791.349
791.349
791.349
791.349
787.207
787.207
787.207
787.207
787.207
786.929
786.929
786.929
786.929
786.929
778.669
778.669
778.669
778.669
778.669
793.224
793.224
793.224
793.224
793.224
796.905
796.905
796.905
796.905
796.905
790.494
790.494
790.494
790.494
790.494
786.647
786.647
786.647
786.647
786.647
796.603
796.603
796.603
796.603
796.603
790.993
790.993
790.993
790.993
790.993
788.634
788.634
788.634
788.634
788.634
796.445
796.445
796.445
796.445
796.445
793.98
793.98
793.98
793.98
793.98
785.823
785.823
785.823
785.823
785.823
793.921
793.921
793.921
793.921
793.921
791.707
791.707
791.707
791.707
791.707
789.494
789.494
789.494
789.494
789.494
797.61
797.61
797.61
797.61
797.61
797.891
797.891
797.891
797.891
797.891
791.051
791.051
791.051
791.051
791.051
796.341
796.341
796.341
796.341
796.341
794.425
794.425
794.425
794.425
794.425
793.527
793.527
793.527
793.527
793.527
789.429
789.429
789.429
789.429
789.429
784.964
784.964
784.964
784.964
784.964
785.764
785.764
785.764
785.764
785.764
797.764
797.764
797.764
797.764
797.764
792.331
792.331
792.331
792.331
792.331
785.328
785.328
785.328
785.328
785.328
798.026
798.026
798.026
798.026
798.026
794.571
794.571
794.571
794.571
794.571
792.762
792.762
792.762
792.762
792.762
794.208
794.208
794.208
794.208
794.208
793.005
793.005
793.005
793.005
793.005
790.951
790.951
790.951
790.951
790.951
797.126
797.126
797.126
797.126
797.126
789.368
789.368
789.368
789.368
789.368
792.802
792.802
792.802
792.802
792.802
794.778
794.778
794.778
794.778
794.778
797.079
797.079
797.079
797.079
797.079
794.636
794.636
794.636
794.636
794.636
796.787
796.787
796.787
796.787
796.787
795.906
795.906
795.906
795.906
795.906
792.2
792.2
792.2
792.2
792.2
788.658
788.658
788.658
788.658
788.658
784.032
784.032
784.032
784.032
784.032
790.244
790.244
790.244
790.244
790.244
798.476
798.476
798.476
798.476
798.476
797.567
797.567
797.567
797.567
797.567
794.258
794.258
794.258
794.258
794.258
795.776
795.776
795.776
795.776
795.776
781.392
781.392
781.392
781.392
781.392
777.231
777.231
777.231
777.231
777.231
791.311
791.311
791.311
791.311
791.311
791.856
791.856
791.856
791.856
791.856
791.242
791.242
791.242
791.242
791.242
797.614
797.614
797.614
797.614
797.614
786.328
786.328
786.328
786.328
786.328
789.898
789.898
789.898
789.898
789.898
796.169
796.169
796.169
796.169
796.169
773.033
773.033
773.033
773.033
773.033
775.675
775.675
775.675
775.675
775.675
792.263
792.263
792.263
792.263
792.263
790.827
790.827
790.827
790.827
790.827
780.14
780.14
780.14
780.14
780.14
793.878
793.878
793.878
793.878
793.878
795.247
795.247
795.247
795.247
795.247
787.227
787.227
787.227
787.227
787.227
794.73
794.73
794.73
794.73
794.73
787.491
787.491
787.491
787.491
787.491
783.493
783.493
783.493
783.493
783.493
784.044
784.044
784.044
784.044
784.044
785.872
785.872
785.872
785.872
785.872
787.061
787.061
787.061
787.061
787.061
795.595
795.595
795.595
795.595
795.595
792.837
792.837
792.837
792.837
792.837
786.272
786.272
786.272
786.272
786.272
794.954
794.954
794.954
794.954
794.954
796.639
796.639
796.639
796.639
796.639
783.171
783.171
783.171
783.171
783.171
795.137
795.137
795.137
795.137
795.137
794.09
794.09
794.09
794.09
794.09
788.41
788.41
788.41
788.41
788.41
796.693
796.693
796.693
796.693
796.693
794.127
794.127
794.127
794.127
794.127
794.64
794.64
794.64
794.64
794.64
796.55
796.55
796.55
796.55
796.55
793.512
793.512
793.512
793.512
793.512
789.374
789.374
789.374
789.374
789.374
796.01
796.01
796.01
796.01
796.01
794.859
794.859
794.859
794.859
794.859
790.939
790.939
790.939
790.939
790.939
793.83
793.83
793.83
793.83
793.83
790.105
790.105
790.105
790.105
790.105
788.726
788.726
788.726
788.726
788.726
796.409
796.409
796.409
796.409
796.409
794.48
794.48
794.48
794.48
794.48
789.519
789.519
789.519
789.519
789.519
790.938
790.938
790.938
790.938
790.938
792.089
792.089
792.089
792.089
792.089
790.644
790.644
790.644
790.644
790.644
796.168
796.168
796.168
796.168
796.168
793.099
793.099
793.099
793.099
793.099
791.591
791.591
791.591
791.591
791.591
795.659
795.659
795.659
795.659
795.659
793.137
793.137
793.137
793.137
793.137
792.5
792.5
792.5
792.5
792.5
796.578
796.578
796.578
796.578
796.578
794.622
794.622
794.622
794.622
794.622
790.612
790.612
790.612
790.612
790.612
796.155
796.155
796.155
796.155
796.155
792.73
792.73
792.73
792.73
792.73
791.848
791.848
791.848
791.848
791.848
795.233
795.233
795.233
795.233
795.233
789.665
789.665
789.665
789.665
789.665
785.43
785.43
785.43
785.43
785.43
797.437
797.437
797.437
797.437
797.437
794.879
794.879
794.879
794.879
794.879
792.621
792.621
792.621
792.621
792.621
795.894
795.894
795.894
795.894
795.894
794.066
794.066
794.066
794.066
794.066
792.835
792.835
792.835
792.835
792.835
797.176
797.176
797.176
797.176
797.176
794.009
794.009
794.009
794.009
794.009
793.083
793.083
793.083
793.083
793.083
795.709
795.709
795.709
795.709
795.709
797.297
797.297
797.297
797.297
797.297
793.408
793.408
793.408
793.408
793.408
796.143
796.143
796.143
796.143
796.143
793.502
793.502
793.502
793.502
793.502
792.386
792.386
792.386
792.386
792.386
793.951
793.951
793.951
793.951
793.951
788.788
788.788
788.788
788.788
788.788
784.775
784.775
784.775
784.775
784.775
797.548
797.548
797.548
797.548
797.548
794.292
794.292
794.292
794.292
794.292
795.956
795.956
795.956
795.956
795.956
798.319
798.319
798.319
798.319
798.319
797.793
797.793
797.793
797.793
797.793
793.704
793.704
793.704
793.704
793.704
796.676
796.676
796.676
796.676
796.676
795.929
795.929
795.929
795.929
795.929
795.072
795.072
795.072
795.072
795.072
797.75
797.75
797.75
797.75
797.75
794.527
794.527
794.527
794.527
794.527
793.586
793.586
793.586
793.586
793.586
796.79
796.79
796.79
796.79
796.79
796.066
796.066
796.066
796.066
796.066
794.368
794.368
794.368
794.368
794.368
798.172
798.172
798.172
798.172
798.172
795.589
795.589
795.589
795.589
795.589
792.735
792.735
792.735
792.735
792.735
797.779
797.779
797.779
797.779
797.779
794.307
794.307
794.307
794.307
794.307
795.349
795.349
795.349
795.349
795.349
796.21
796.21
796.21
796.21
796.21
792.935
792.935
792.935
792.935
792.935
791.62
791.62
791.62
791.62
791.62
798.061
798.061
798.061
798.061
798.061
792.398
792.398
792.398
792.398
792.398
793.844
793.844
793.844
793.844
793.844
796.672
796.672
796.672
796.672
796.672
794.649
794.649
794.649
794.649
794.649
793.059
793.059
793.059
793.059
793.059
797.688
797.688
797.688
797.688
797.688
796.636
796.636
796.636
796.636
796.636
796.005
796.005
796.005
796.005
796.005
796.109
796.109
796.109
796.109
796.109
794.032
794.032
794.032
794.032
794.032
794.998
794.998
794.998
794.998
794.998
798.105
798.105
798.105
798.105
798.105
795.563
795.563
795.563
795.563
795.563
794.472
794.472
794.472
794.472
794.472
795.932
795.932
795.932
795.932
795.932
794.15
794.15
794.15
794.15
794.15
794.256
794.256
794.256
794.256
794.256
797.839
797.839
797.839
797.839
797.839
796.249
796.249
796.249
796.249
796.249
793.22
793.22
793.22
793.22
793.22
798.61
798.61
798.61
798.61
798.61
796.874
796.874
796.874
796.874
796.874
796.222
796.222
796.222
796.222
796.222
793.742
793.742
793.742
793.742
793.742
794.217
794.217
794.217
794.217
794.217
795.682
795.682
795.682
795.682
795.682
798.423
798.423
798.423
798.423
798.423
797.376
797.376
797.376
797.376
797.376
794.565
794.565
794.565
794.565
794.565
798.489
798.489
798.489
798.489
798.489
796.192
796.192
796.192
796.192
796.192
791.557
791.557
791.557
791.557
791.557
793.071
793.071
793.071
793.071
793.071
795.481
795.481
795.481
795.481
795.481
788.816
788.816
788.816
788.816
788.816
798.732
798.732
798.732
798.732
798.732
797.328
797.328
797.328
797.328
797.328
794.212
794.212
794.212
794.212
794.212
798.593
798.593
798.593
798.593
798.593
793.976
793.976
793.976
793.976
793.976
794.704
794.704
794.704
794.704
794.704
795.294
795.294
795.294
795.294
795.294
794.063
794.063
794.063
794.063
794.063
786.614
786.614
786.614
786.614
786.614
795.909
795.909
795.909
795.909
795.909
795.97
795.97
795.97
795.97
795.97
793.878
793.878
793.878
793.878
793.878
797.083
797.083
797.083
797.083
797.083
796.333
796.333
796.333
796.333
796.333
795.01
795.01
795.01
795.01
795.01
796.925
796.925
796.925
796.925
796.925
794.692
794.692
794.692
794.692
794.692
794.26
794.26
794.26
794.26
794.26
796.895
796.895
796.895
796.895
796.895
793.97
793.97
793.97
793.97
793.97
792.175
792.175
792.175
792.175
792.175
797.921
797.921
797.921
797.921
797.921
795.039
795.039
795.039
795.039
795.039
796.052
796.052
796.052
796.052
796.052
797.771
797.771
797.771
797.771
797.771
795.047
795.047
795.047
795.047
795.047
794.082
794.082
794.082
794.082
794.082
790.064
790.064
790.064
790.064
790.064
788.072
788.072
788.072
788.072
788.072
792.522
792.522
792.522
792.522
792.522
798.524
798.524
798.524
798.524
798.524
796.677
796.677
796.677
796.677
796.677
794.721
794.721
794.721
794.721
794.721
797.967
797.967
797.967
797.967
797.967
795.642
795.642
795.642
795.642
795.642
796.817
796.817
796.817
796.817
796.817
796.77
796.77
796.77
796.77
796.77
795.289
795.289
795.289
795.289
795.289
793.254
793.254
793.254
793.254
793.254
798.327
798.327
798.327
798.327
798.327
796.345
796.345
796.345
796.345
796.345
793.543
793.543
793.543
793.543
793.543
797.924
797.924
797.924
797.924
797.924
798.018
798.018
798.018
798.018
798.018
795.693
795.693
795.693
795.693
795.693
795.339
795.339
795.339
795.339
795.339
792.794
792.794
792.794
792.794
792.794
790.012
790.012
790.012
790.012
790.012
796.572
796.572
796.572
796.572
796.572
795.926
795.926
795.926
795.926
795.926
796.468
796.468
796.468
796.468
796.468
798.253
798.253
798.253
798.253
798.253
797.123
797.123
797.123
797.123
797.123
794.04
794.04
794.04
794.04
794.04
797.601
797.601
797.601
797.601
797.601
795.728
795.728
795.728
795.728
795.728
794.918
794.918
794.918
794.918
794.918
796.806
796.806
796.806
796.806
796.806
797.33
797.33
797.33
797.33
797.33
795.932
795.932
795.932
795.932
795.932
796.04
796.04
796.04
796.04
796.04
792.906
792.906
792.906
792.906
792.906
789.34
789.34
789.34
789.34
789.34
797.607
797.607
797.607
797.607
797.607
797.228
797.228
797.228
797.228
797.228
796.826
796.826
796.826
796.826
796.826
797.048
797.048
797.048
797.048
797.048
794.41
794.41
794.41
794.41
794.41
794.13
794.13
794.13
794.13
794.13
798.103
798.103
798.103
798.103
798.103
796.842
796.842
796.842
796.842
796.842
796.395
796.395
796.395
796.395
796.395
796.776
796.776
796.776
796.776
796.776
795.708
795.708
795.708
795.708
795.708
792.786
792.786
792.786
792.786
792.786
798.444
798.444
798.444
798.444
798.444
795.843
795.843
795.843
795.843
795.843
794.883
794.883
794.883
794.883
794.883
797.859
797.859
797.859
797.859
797.859
797.437
797.437
797.437
797.437
797.437
796.414
796.414
796.414
796.414
796.414
796.822
796.822
796.822
796.822
796.822
796.09
796.09
796.09
796.09
796.09
794.101
794.101
794.101
794.101
794.101
798.191
798.191
798.191
798.191
798.191
794.375
794.375
794.375
794.375
794.375
793.631
793.631
793.631
793.631
793.631
798.077
798.077
798.077
798.077
798.077
798.305
798.305
798.305
798.305
798.305
796.456
796.456
796.456
796.456
796.456
796.893
796.893
796.893
796.893
796.893
796.232
796.232
796.232
796.232
796.232
793.179
793.179
793.179
793.179
793.179
797.677
797.677
797.677
797.677
797.677
796.845
796.845
796.845
796.845
796.845
795.221
795.221
795.221
795.221
795.221
797.477
797.477
797.477
797.477
797.477
795.798
795.798
795.798
795.798
795.798
794.378
794.378
794.378
794.378
794.378
796.367
796.367
796.367
796.367
796.367
795.079
795.079
795.079
795.079
795.079
792.965
792.965
792.965
792.965
792.965
797.305
797.305
797.305
797.305
797.305
797.488
797.488
797.488
797.488
797.488
797.148
797.148
797.148
797.148
797.148
798.165
798.165
798.165
798.165
798.165
797.284
797.284
797.284
797.284
797.284
795.905
795.905
795.905
795.905
795.905
798.687
798.687
798.687
798.687
798.687
796.303
796.303
796.303
796.303
796.303
0
