0
0
0
0
623.796
623.796
623.796
623.796
623.796
747.76
747.76
747.76
747.76
747.76
766.974
766.974
766.974
766.974
766.974
767.206
767.206
767.206
767.206
767.206
733.357
733.357
733.357
733.357
733.357
783.461
783.461
783.461
783.461
783.461
788.206
788.206
788.206
788.206
788.206
782.784
782.784
782.784
782.784
782.784
792.216
792.216
792.216
792.216
792.216
796.765
796.765
796.765
796.765
796.765
795.131
795.131
795.131
795.131
795.131
791.906
791.906
791.906
791.906
791.906
793.029
793.029
793.029
793.029
793.029
785.494
785.494
785.494
785.494
785.494
790.431
790.431
790.431
790.431
790.431
790.878
790.878
790.878
790.878
790.878
791.413
791.413
791.413
791.413
791.413
787.687
787.687
787.687
787.687
787.687
797.207
797.207
797.207
797.207
797.207
796.727
796.727
796.727
796.727
796.727
795.46
795.46
795.46
795.46
795.46
797.597
797.597
797.597
797.597
797.597
796.391
796.391
796.391
796.391
796.391
795.274
795.274
795.274
795.274
795.274
794.957
794.957
794.957
794.957
794.957
792.944
792.944
792.944
792.944
792.944
790.621
790.621
790.621
790.621
790.621
797.281
797.281
797.281
797.281
797.281
796.52
796.52
796.52
796.52
796.52
796.864
796.864
796.864
796.864
796.864
798.032
798.032
798.032
798.032
798.032
797.104
797.104
797.104
797.104
797.104
795.78
795.78
795.78
795.78
795.78
794.704
794.704
794.704
794.704
794.704
797.599
797.599
797.599
797.599
797.599
797.061
797.061
797.061
797.061
797.061
797.783
797.783
797.783
797.783
797.783
797.345
797.345
797.345
797.345
797.345
794.664
794.664
794.664
794.664
794.664
792.143
792.143
792.143
792.143
792.143
794.708
794.708
794.708
794.708
794.708
796.324
796.324
796.324
796.324
796.324
798.029
798.029
798.029
798.029
798.029
795.876
795.876
795.876
795.876
795.876
795.582
795.582
795.582
795.582
795.582
791.331
791.331
791.331
791.331
791.331
797.112
797.112
797.112
797.112
797.112
794.623
794.623
794.623
794.623
794.623
796.52
796.52
796.52
796.52
796.52
793.357
793.357
793.357
793.357
793.357
792.369
792.369
792.369
792.369
792.369
794.379
794.379
794.379
794.379
794.379
798.559
798.559
798.559
798.559
798.559
796.07
796.07
796.07
796.07
796.07
798.105
798.105
798.105
798.105
798.105
796.437
796.437
796.437
796.437
796.437
795.959
795.959
795.959
795.959
795.959
798.971
798.971
798.971
798.971
798.971
798.187
798.187
798.187
798.187
798.187
795.743
795.743
795.743
795.743
795.743
794.689
794.689
794.689
794.689
794.689
797.819
797.819
797.819
797.819
797.819
796.819
796.819
796.819
796.819
796.819
796.198
796.198
796.198
796.198
796.198
795.968
795.968
795.968
795.968
795.968
794.478
794.478
794.478
794.478
794.478
792.774
792.774
792.774
792.774
792.774
798.601
798.601
798.601
798.601
798.601
797.386
797.386
797.386
797.386
797.386
797.648
797.648
797.648
797.648
797.648
798.257
798.257
798.257
798.257
798.257
797.27
797.27
797.27
797.27
797.27
798.871
798.871
798.871
798.871
798.871
796.883
796.883
796.883
796.883
796.883
796.248
796.248
796.248
796.248
796.248
796.989
796.989
796.989
796.989
796.989
795.863
795.863
795.863
795.863
795.863
794.141
794.141
794.141
794.141
794.141
797.776
797.776
797.776
797.776
797.776
796.901
796.901
796.901
796.901
796.901
795.91
795.91
795.91
795.91
795.91
797.996
797.996
797.996
797.996
797.996
796.726
796.726
796.726
796.726
796.726
796.684
796.684
796.684
796.684
796.684
798.324
798.324
798.324
798.324
798.324
796.209
796.209
796.209
796.209
796.209
791.592
791.592
791.592
791.592
791.592
792.49
792.49
792.49
792.49
792.49
798.557
798.557
798.557
798.557
798.557
797.576
797.576
797.576
797.576
797.576
796.991
796.991
796.991
796.991
796.991
798.383
798.383
798.383
798.383
798.383
797.559
797.559
797.559
797.559
797.559
798.807
798.807
798.807
798.807
798.807
796.548
796.548
796.548
796.548
796.548
795.867
795.867
795.867
795.867
795.867
798.781
798.781
798.781
798.781
798.781
798.703
798.703
798.703
798.703
798.703
797.799
797.799
797.799
797.799
797.799
796.088
796.088
796.088
796.088
796.088
798.99
798.99
798.99
798.99
798.99
797.549
797.549
797.549
797.549
797.549
798.226
798.226
798.226
798.226
798.226
797.622
797.622
797.622
797.622
797.622
796.334
796.334
796.334
796.334
796.334
798.984
798.984
798.984
798.984
798.984
798.285
798.285
798.285
798.285
798.285
798.335
798.335
798.335
798.335
798.335
795.441
795.441
795.441
795.441
795.441
798.297
798.297
798.297
798.297
798.297
797.832
797.832
797.832
797.832
797.832
798.211
798.211
798.211
798.211
798.211
798.079
798.079
798.079
798.079
798.079
797.196
797.196
797.196
797.196
797.196
797.806
797.806
797.806
797.806
797.806
797.153
797.153
797.153
797.153
797.153
794.883
794.883
794.883
794.883
794.883
798.998
798.998
798.998
798.998
798.998
798.825
798.825
798.825
798.825
798.825
797.876
797.876
797.876
797.876
797.876
798.25
798.25
798.25
798.25
798.25
798.733
798.733
798.733
798.733
798.733
796.824
796.824
796.824
796.824
796.824
795.073
795.073
795.073
795.073
795.073
798.476
798.476
798.476
798.476
798.476
798.023
798.023
798.023
798.023
798.023
797.276
797.276
797.276
797.276
797.276
798.625
798.625
798.625
798.625
798.625
798.155
798.155
798.155
798.155
798.155
798.5
798.5
798.5
798.5
798.5
797.964
797.964
797.964
797.964
797.964
797.608
797.608
797.608
797.608
797.608
796.662
796.662
796.662
796.662
796.662
798.326
798.326
798.326
798.326
798.326
798.045
798.045
798.045
798.045
798.045
798.984
798.984
798.984
798.984
798.984
798.265
798.265
798.265
798.265
798.265
797.422
797.422
797.422
797.422
797.422
798.75
798.75
798.75
798.75
798.75
798.458
798.458
798.458
798.458
798.458
797.438
797.438
797.438
797.438
797.438
797.148
797.148
797.148
797.148
797.148
798.937
798.937
798.937
798.937
798.937
797.942
797.942
797.942
797.942
797.942
798.963
798.963
798.963
798.963
798.963
798.302
798.302
798.302
798.302
798.302
797.845
797.845
797.845
797.845
797.845
799
799
799
799
799
798.95
798.95
798.95
798.95
798.95
798.349
798.349
798.349
798.349
798.349
796.123
796.123
796.123
796.123
796.123
798.968
798.968
798.968
798.968
798.968
798.183
798.183
798.183
798.183
798.183
797.47
797.47
797.47
797.47
797.47
798.984
798.984
798.984
798.984
798.984
797.889
797.889
797.889
797.889
797.889
798.186
798.186
798.186
798.186
798.186
798.455
798.455
798.455
798.455
798.455
798.071
798.071
798.071
798.071
798.071
798
798
798
798
798
797.176
797.176
797.176
797.176
797.176
797.072
797.072
797.072
797.072
797.072
798.906
798.906
798.906
798.906
798.906
797.358
797.358
797.358
797.358
797.358
796.947
796.947
796.947
796.947
796.947
796.879
796.879
796.879
796.879
796.879
798.856
798.856
798.856
798.856
798.856
798.673
798.673
798.673
798.673
798.673
798.173
798.173
798.173
798.173
798.173
798.343
798.343
798.343
798.343
798.343
797.688
797.688
797.688
797.688
797.688
798.366
798.366
798.366
798.366
798.366
795.726
795.726
795.726
795.726
795.726
796.647
796.647
796.647
796.647
796.647
795.818
795.818
795.818
795.818
795.818
798.5
798.5
798.5
798.5
798.5
797.878
797.878
797.878
797.878
797.878
798.982
798.982
798.982
798.982
798.982
798.59
798.59
798.59
798.59
798.59
797.95
797.95
797.95
797.95
797.95
797.883
797.883
797.883
797.883
797.883
798.914
798.914
798.914
798.914
798.914
798.879
798.879
798.879
798.879
798.879
798.664
798.664
798.664
798.664
798.664
798
798
798
798
798
797.967
797.967
797.967
797.967
797.967
798.992
798.992
798.992
798.992
798.992
798.467
798.467
798.467
798.467
798.467
798.279
798.279
798.279
798.279
798.279
797.973
797.973
797.973
797.973
797.973
798.895
798.895
798.895
798.895
798.895
798.662
798.662
798.662
798.662
798.662
798.783
798.783
798.783
798.783
798.783
798.993
798.993
798.993
798.993
798.993
798.767
798.767
798.767
798.767
798.767
798.227
798.227
798.227
798.227
798.227
798.936
798.936
798.936
798.936
798.936
798.296
798.296
798.296
798.296
798.296
798.346
798.346
798.346
798.346
798.346
798.5
798.5
798.5
798.5
798.5
797.984
797.984
797.984
797.984
797.984
797.615
797.615
797.615
797.615
797.615
798.78
798.78
798.78
798.78
798.78
797.341
797.341
797.341
797.341
797.341
796.511
796.511
796.511
796.511
796.511
798.75
798.75
798.75
798.75
798.75
798.615
798.615
798.615
798.615
798.615
799
799
799
799
799
798.71
798.71
798.71
798.71
798.71
798.119
798.119
798.119
798.119
798.119
797.637
797.637
797.637
797.637
797.637
798.969
798.969
798.969
798.969
798.969
798.373
798.373
798.373
798.373
798.373
798.248
798.248
798.248
798.248
798.248
798.5
798.5
798.5
798.5
798.5
797.97
797.97
797.97
797.97
797.97
798.234
798.234
798.234
798.234
798.234
797.562
797.562
797.562
797.562
797.562
797.842
797.842
797.842
797.842
797.842
798.003
798.003
798.003
798.003
798.003
798.937
798.937
798.937
798.937
798.937
798.853
798.853
798.853
798.853
798.853
798.698
798.698
798.698
798.698
798.698
798.875
798.875
798.875
798.875
798.875
798.863
798.863
798.863
798.863
798.863
797.849
797.849
797.849
797.849
797.849
798.982
798.982
798.982
798.982
798.982
797.217
797.217
797.217
797.217
797.217
798.336
798.336
798.336
798.336
798.336
799
799
799
799
799
798.965
798.965
798.965
798.965
798.965
798.735
798.735
798.735
798.735
798.735
799
799
799
799
799
798.936
798.936
798.936
798.936
798.936
798.999
798.999
798.999
798.999
798.999
798.93
798.93
798.93
798.93
798.93
798.665
798.665
798.665
798.665
798.665
798.123
798.123
798.123
798.123
798.123
798.936
798.936
798.936
798.936
798.936
798.899
798.899
798.899
798.899
798.899
798.871
798.871
798.871
798.871
798.871
798.857
798.857
798.857
798.857
798.857
798.732
798.732
798.732
798.732
798.732
798.984
798.984
798.984
798.984
798.984
798.969
798.969
798.969
798.969
798.969
798.954
798.954
798.954
798.954
798.954
798.983
798.983
798.983
798.983
798.983
798.233
798.233
798.233
798.233
798.233
798.244
798.244
798.244
798.244
798.244
797.113
797.113
797.113
797.113
797.113
798.937
798.937
798.937
798.937
798.937
798.812
798.812
798.812
798.812
798.812
799
799
799
799
799
798.984
798.984
798.984
798.984
798.984
798.449
798.449
798.449
798.449
798.449
797.714
797.714
797.714
797.714
797.714
799
799
799
799
799
798.25
798.25
798.25
798.25
798.25
799
799
799
799
799
798.73
798.73
798.73
798.73
798.73
798.692
798.692
798.692
798.692
798.692
798.32
798.32
798.32
798.32
798.32
798.999
798.999
798.999
798.999
798.999
798.988
798.988
798.988
798.988
798.988
798.921
798.921
798.921
798.921
798.921
799
799
799
799
799
798.484
798.484
798.484
798.484
798.484
798.576
798.576
798.576
798.576
798.576
799
799
799
799
799
798.719
798.719
798.719
798.719
798.719
798.625
798.625
798.625
798.625
798.625
799
799
799
799
799
798.994
798.994
798.994
798.994
798.994
797.866
797.866
797.866
797.866
797.866
799
799
799
799
799
798.861
798.861
798.861
798.861
798.861
798.992
798.992
798.992
798.992
798.992
798.92
798.92
798.92
798.92
798.92
798.305
798.305
798.305
798.305
798.305
798.958
798.958
798.958
798.958
798.958
798.808
798.808
798.808
798.808
798.808
798.144
798.144
798.144
798.144
798.144
798.746
798.746
798.746
798.746
798.746
798.656
798.656
798.656
798.656
798.656
798.652
798.652
798.652
798.652
798.652
798.969
798.969
798.969
798.969
798.969
798.484
798.484
798.484
798.484
798.484
798.348
798.348
798.348
798.348
798.348
798.219
798.219
798.219
798.219
798.219
799
799
799
799
799
798.997
798.997
798.997
798.997
798.997
798.837
798.837
798.837
798.837
798.837
798.938
798.938
798.938
798.938
798.938
798.875
798.875
798.875
798.875
798.875
799
799
799
799
799
798.687
798.687
798.687
798.687
798.687
798.18
798.18
798.18
798.18
798.18
797.987
797.987
797.987
797.987
797.987
799
799
799
799
799
798.999
798.999
798.999
798.999
798.999
799
799
799
799
799
798.498
798.498
798.498
798.498
798.498
798.357
798.357
798.357
798.357
798.357
798.996
798.996
798.996
798.996
798.996
798.839
798.839
798.839
798.839
798.839
798.554
798.554
798.554
798.554
798.554
798.492
798.492
798.492
798.492
798.492
798.24
798.24
798.24
798.24
798.24
798.107
798.107
798.107
798.107
798.107
798.984
798.984
798.984
798.984
798.984
798.984
798.984
798.984
798.984
798.984
798.906
798.906
798.906
798.906
798.906
798.867
798.867
798.867
798.867
798.867
799
799
799
799
799
798.749
798.749
798.749
798.749
798.749
797.611
797.611
797.611
797.611
797.611
798.937
798.937
798.937
798.937
798.937
798.413
798.413
798.413
798.413
798.413
799
799
799
799
799
798.941
798.941
798.941
798.941
798.941
798.613
798.613
798.613
798.613
798.613
798.682
798.682
798.682
798.682
798.682
799
799
799
799
799
798.469
798.469
798.469
798.469
798.469
798.932
798.932
798.932
798.932
798.932
799
799
799
799
799
798.992
798.992
798.992
798.992
798.992
798.5
798.5
798.5
798.5
798.5
798.496
798.496
798.496
798.496
798.496
798.446
798.446
798.446
798.446
798.446
799
799
799
799
799
798.625
798.625
798.625
798.625
798.625
798.609
798.609
798.609
798.609
798.609
799
799
799
799
799
798.419
798.419
798.419
798.419
798.419
798.382
798.382
798.382
798.382
798.382
799
799
799
799
799
798.984
798.984
798.984
798.984
798.984
798.46
798.46
798.46
798.46
798.46
797.959
797.959
797.959
797.959
797.959
799
799
799
799
799
798.998
798.998
798.998
798.998
798.998
799
799
799
799
799
798.936
798.936
798.936
798.936
798.936
798.632
798.632
798.632
798.632
798.632
798.626
798.626
798.626
798.626
798.626
798.996
798.996
798.996
798.996
798.996
798.867
798.867
798.867
798.867
798.867
799
799
799
799
799
798.5
798.5
798.5
798.5
798.5
798.5
798.5
798.5
798.5
798.5
798.388
798.388
798.388
798.388
798.388
799
799
799
799
799
798.871
798.871
798.871
798.871
798.871
798.87
798.87
798.87
798.87
798.87
799
799
799
799
799
798.937
798.937
798.937
798.937
798.937
798.469
798.469
798.469
798.469
798.469
798.46
798.46
798.46
798.46
798.46
798.195
798.195
798.195
798.195
798.195
799
799
799
799
799
798.936
798.936
798.936
798.936
798.936
798.967
798.967
798.967
798.967
798.967
799
799
799
799
799
799
799
799
799
799
798.953
798.953
798.953
798.953
798.953
798.389
798.389
798.389
798.389
798.389
799
799
799
799
799
799
799
799
799
799
799
799
799
799
799
799
799
799
799
799
799
799
799
799
799
799
799
799
799
799
798.5
798.5
798.5
798.5
798.5
798.434
798.434
798.434
798.434
798.434
799
799
799
799
799
798.961
798.961
798.961
798.961
798.961
798.437
798.437
798.437
798.437
798.437
798.453
798.453
798.453
798.453
798.453
799
799
799
799
799
798.242
798.242
798.242
798.242
798.242
799
799
799
799
799
798.249
798.249
798.249
798.249
798.249
798.64
798.64
798.64
798.64
798.64
799
799
799
799
799
798.484
798.484
798.484
798.484
798.484
798.218
798.218
798.218
798.218
798.218
799
799
799
799
799
798.996
798.996
798.996
798.996
798.996
798.748
798.748
798.748
798.748
798.748
798.744
798.744
798.744
798.744
798.744
798.875
798.875
798.875
798.875
798.875
799
799
799
799
799
798.874
798.874
798.874
798.874
798.874
799
799
799
799
799
799
799
799
799
799
799
799
799
799
799
799
799
799
799
799
798.984
798.984
798.984
798.984
798.984
799
799
799
799
799
798.953
798.953
798.953
798.953
798.953
798.711
798.711
798.711
798.711
798.711
799
799
799
799
799
798.984
798.984
798.984
798.984
798.984
798.732
798.732
798.732
798.732
798.732
798.519
798.519
798.519
798.519
798.519
799
799
799
799
799
798.996
798.996
798.996
798.996
798.996
798.98
798.98
798.98
798.98
798.98
799
799
799
799
799
798.688
798.688
798.688
798.688
798.688
798.672
798.672
798.672
798.672
798.672
799
799
799
799
799
798.683
798.683
798.683
798.683
798.683
799
799
799
799
799
798.875
798.875
798.875
798.875
798.875
798.999
798.999
798.999
798.999
798.999
798.168
798.168
798.168
798.168
798.168
799
799
799
799
799
798.969
798.969
798.969
798.969
798.969
798.016
798.016
798.016
798.016
798.016
799
799
799
799
799
798.904
798.904
798.904
798.904
798.904
799
799
799
799
799
798.984
798.984
798.984
798.984
798.984
798.978
798.978
798.978
798.978
798.978
798.845
798.845
798.845
798.845
798.845
799
799
799
799
799
798.5
798.5
798.5
798.5
798.5
799
799
799
799
799
798.992
798.992
798.992
798.992
798.992
798.937
798.937
798.937
798.937
798.937
798.918
798.918
798.918
798.918
798.918
799
799
799
799
799
799
799
799
799
799
799
799
799
799
799
799
799
799
799
799
798.997
798.997
798.997
798.997
798.997
798.226
798.226
798.226
798.226
798.226
799
799
799
799
799
798.992
798.992
798.992
798.992
798.992
798.998
798.998
798.998
798.998
798.998
798.998
798.998
798.998
798.998
798.998
798.998
798.998
798.998
798.998
798.998
798.974
798.974
798.974
798.974
798.974
799
799
799
799
799
799
799
799
799
799
799
799
799
799
799
799
799
799
799
799
798.999
798.999
798.999
798.999
798.999
799
799
799
799
799
799
799
799
799
799
799
799
799
799
799
799
799
799
799
799
798.496
798.496
798.496
798.496
798.496
798.437
798.437
798.437
798.437
798.437
798.367
798.367
798.367
798.367
798.367
799
799
799
799
799
798.998
798.998
798.998
798.998
798.998
799
799
799
799
799
799
799
799
799
799
799
799
799
799
799
799
799
799
799
799
799
799
799
799
799
798.875
798.875
798.875
798.875
798.875
798.969
798.969
798.969
798.969
798.969
799
799
799
799
799
798.5
798.5
798.5
798.5
798.5
798.343
798.343
798.343
798.343
798.343
799
799
799
799
799
799
799
799
799
799
799
799
799
799
799
799
799
799
799
799
798.994
798.994
798.994
798.994
798.994
799
799
799
799
799
798.375
798.375
798.375
798.375
798.375
798.375
798.375
798.375
798.375
798.375
798.302
798.302
798.302
798.302
798.302
798.984
798.984
798.984
798.984
798.984
798.875
798.875
798.875
798.875
798.875
799
799
799
799
799
799
799
799
799
799
798.875
798.875
798.875
798.875
798.875
799
799
799
799
799
798.996
798.996
798.996
798.996
798.996
798.984
798.984
798.984
798.984
798.984
798.966
798.966
798.966
798.966
798.966
799
799
799
799
799
798.594
798.594
798.594
798.594
798.594
798.64
798.64
798.64
798.64
798.64
799
799
799
799
799
799
799
799
799
799
798.863
798.863
798.863
798.863
798.863
799
799
799
799
799
799
799
799
799
799
798.375
798.375
798.375
798.375
798.375
799
799
799
799
799
799
799
799
799
799
799
799
799
799
799
799
799
799
799
799
799
799
799
799
799
799
799
799
799
799
798.5
798.5
798.5
798.5
798.5
798.248
798.248
798.248
798.248
798.248
798.249
798.249
798.249
798.249
798.249
799
799
799
799
799
799
799
799
799
799
798.996
798.996
798.996
798.996
798.996
799
799
799
799
799
799
799
799
799
799
799
799
799
799
799
798.684
798.684
798.684
798.684
798.684
798.717
798.717
798.717
798.717
798.717
798.667
798.667
798.667
798.667
798.667
799
799
799
799
799
798.5
798.5
798.5
798.5
798.5
799
799
799
799
799
799
799
799
799
799
799
799
799
799
799
798.992
798.992
798.992
798.992
798.992
799
799
799
799
799
798.875
798.875
798.875
798.875
798.875
798.812
798.812
798.812
798.812
798.812
799
799
799
799
799
799
799
799
799
799
799
799
799
799
799
799
799
799
799
799
799
799
799
799
799
798.992
798.992
798.992
798.992
798.992
799
799
799
799
799
798.998
798.998
798.998
798.998
798.998
798.959
798.959
798.959
798.959
798.959
799
799
799
799
799
798.875
798.875
798.875
798.875
798.875
798.248
798.248
798.248
798.248
798.248
799
799
799
799
799
799
799
799
799
799
799
799
799
799
799
798.992
798.992
798.992
798.992
798.992
798.983
798.983
798.983
798.983
798.983
798.991
798.991
798.991
798.991
798.991
799
799
799
799
799
799
799
799
799
799
799
799
799
799
799
799
799
799
799
799
799
799
799
799
799
799
799
799
799
799
799
799
799
799
799
798.984
798.984
798.984
798.984
798.984
798.492
798.492
798.492
798.492
798.492
798.75
798.75
798.75
798.75
798.75
798.5
798.5
798.5
798.5
798.5
798.498
798.498
798.498
798.498
798.498
799
799
799
799
799
799
799
799
799
799
798.75
798.75
798.75
798.75
798.75
798.867
798.867
798.867
798.867
798.867
798.976
798.976
798.976
798.976
798.976
799
799
799
799
799
798.75
798.75
798.75
798.75
798.75
798.812
798.812
798.812
798.812
798.812
799
799
799
799
799
799
799
799
799
799
799
799
799
799
799
799
799
799
799
799
799
799
799
799
799
798.875
798.875
798.875
798.875
798.875
799
799
799
799
799
799
799
799
799
799
799
799
799
799
799
799
799
799
799
799
798.996
798.996
798.996
798.996
798.996
798.999
798.999
798.999
798.999
798.999
798.87
798.87
798.87
798.87
798.87
799
799
799
799
799
799
799
799
799
799
799
799
799
799
799
799
799
799
799
799
799
799
799
799
799
799
799
799
799
799
799
799
799
799
799
798.984
798.984
798.984
798.984
798.984
798.922
798.922
798.922
798.922
798.922
799
799
799
799
799
799
799
799
799
799
799
799
799
799
799
799
799
799
799
799
799
799
799
799
799
798.812
798.812
798.812
798.812
798.812
799
799
799
799
799
799
799
799
799
799
798.938
798.938
798.938
798.938
798.938
798.938
798.938
798.938
798.938
798.938
798.625
798.625
798.625
798.625
798.625
799
799
799
799
799
799
799
799
799
799
799
799
799
799
799
799
799
799
799
799
799
799
799
799
799
798.996
798.996
798.996
798.996
798.996
799
799
799
799
799
799
799
799
799
799
798.499
798.499
798.499
798.499
798.499
799
799
799
799
799
798.875
798.875
798.875
798.875
798.875
798.938
798.938
798.938
798.938
798.938
798.867
798.867
798.867
798.867
798.867
799
799
799
799
799
798.75
798.75
798.75
798.75
798.75
799
799
799
799
799
799
799
799
799
799
798.998
798.998
798.998
798.998
798.998
798.992
798.992
798.992
798.992
798.992
799
799
799
799
799
799
799
799
799
799
798.219
798.219
798.219
798.219
798.219
799
799
799
799
799
798.75
798.75
798.75
798.75
798.75
799
799
799
799
799
799
799
799
799
799
799
799
799
799
799
798.998
798.998
798.998
798.998
798.998
799
799
799
799
799
798.999
798.999
798.999
798.999
798.999
798.741
798.741
798.741
798.741
798.741
799
799
799
799
799
799
799
799
799
799
799
799
799
799
799
799
799
799
799
799
799
799
799
799
799
799
799
799
799
799
799
799
799
799
799
799
799
799
799
799
799
799
799
799
799
798.984
798.984
798.984
798.984
798.984
798.982
798.982
798.982
798.982
798.982
799
799
799
799
799
799
799
799
799
799
799
799
799
799
799
799
799
799
799
799
799
799
799
799
799
798.991
798.991
798.991
798.991
798.991
798.73
798.73
798.73
798.73
798.73
799
799
799
799
799
799
799
799
799
799
799
799
799
799
799
799
799
799
799
799
799
799
799
799
799
799
799
799
799
799
798.994
798.994
798.994
798.994
798.994
798.953
798.953
798.953
798.953
798.953
798.994
798.994
798.994
798.994
798.994
799
799
799
799
799
799
799
799
799
799
799
799
799
799
799
798.5
798.5
798.5
798.5
798.5
798.5
798.5
798.5
798.5
798.5
798.5
798.5
798.5
798.5
798.5
799
799
799
799
799
799
799
799
799
799
799
799
799
799
799
799
799
799
799
799
799
799
799
799
799
799
799
799
799
799
799
799
799
799
799
799
799
799
799
799
798.75
798.75
798.75
798.75
798.75
799
799
799
799
799
799
799
799
799
799
798.997
798.997
798.997
798.997
798.997
799
799
799
799
799
799
799
799
799
799
799
799
799
799
799
799
799
799
799
799
799
799
799
799
799
799
799
799
799
799
799
799
799
799
799
799
799
799
799
799
799
799
799
799
799
799
799
799
799
799
798.992
798.992
798.992
798.992
798.992
798.982
798.982
798.982
798.982
798.982
799
799
799
799
799
799
799
799
799
799
799
799
799
799
799
799
799
799
799
799
799
799
799
799
799
799
799
799
799
799
799
799
799
799
799
799
799
799
799
799
798.984
798.984
798.984
798.984
798.984
799
799
799
799
799
799
799
799
799
799
798.937
798.937
798.937
798.937
798.937
799
799
799
799
799
799
799
799
799
799
799
799
799
799
799
799
799
799
799
799
799
799
799
799
799
798.984
798.984
798.984
798.984
798.984
799
799
799
799
799
798.998
798.998
798.998
798.998
798.998
798.998
798.998
798.998
798.998
798.998
799
799
799
799
799
799
799
799
799
799
798.875
798.875
798.875
798.875
798.875
798.875
798.875
798.875
798.875
798.875
798.875
798.875
798.875
798.875
798.875
799
799
799
799
799
799
799
799
799
799
799
799
799
799
799
798.984
798.984
798.984
798.984
798.984
799
799
799
799
799
799
799
799
799
799
798.999
798.999
798.999
798.999
798.999
799
799
799
799
799
798.998
798.998
798.998
798.998
798.998
799
799
799
799
799
799
799
799
799
799
799
799
799
799
799
799
799
799
799
799
799
799
799
799
799
799
799
799
799
799
798.5
798.5
798.5
798.5
798.5
798.469
798.469
798.469
798.469
798.469
798.437
798.437
798.437
798.437
798.437
798.451
798.451
798.451
798.451
798.451
799
799
799
799
799
799
799
799
799
799
798.5
798.5
798.5
798.5
798.5
799
799
799
799
799
799
799
799
799
799
799
799
799
799
799
799
799
799
799
799
798.5
798.5
798.5
798.5
798.5
798.5
798.5
798.5
798.5
798.5
799
799
799
799
799
799
799
799
799
799
798.75
798.75
798.75
798.75
798.75
799
799
799
799
799
799
799
799
799
799
799
799
799
799
799
798.984
798.984
798.984
798.984
798.984
798.969
798.969
798.969
798.969
798.969
798.984
798.984
798.984
798.984
798.984
799
799
799
799
799
799
799
799
799
799
799
799
799
799
799
799
799
799
799
799
798.5
798.5
798.5
798.5
798.5
799
799
799
799
799
799
799
799
799
799
799
799
799
799
799
799
799
799
799
799
799
799
799
799
799
799
799
799
799
799
799
799
799
799
799
799
799
799
799
799
799
799
799
799
799
799
799
799
799
799
799
799
799
799
799
799
799
799
799
799
799
799
799
799
799
799
799
799
799
799
799
799
799
799
799
799
799
799
799
799
799
799
799
799
799
799
799
799
799
799
799
799
799
799
799
799
799
799
799
799
799
799
799
799
799
799
799
799
799
799
799
799
799
799
799
799
799
799
799
799
799
799
799
799
799
799
799
799
799
799
799
799
799
799
799
799
799
799
799
799
799
799
799
799
799
799
799
799
799
799
798.937
798.937
798.937
798.937
798.937
799
799
799
799
799
799
799
799
799
799
798.99
798.99
798.99
798.99
798.99
799
799
799
799
799
799
799
799
799
799
799
799
799
799
799
799
799
799
799
799
798.999
798.999
798.999
798.999
798.999
799
799
799
799
799
799
799
799
799
799
798.492
798.492
798.492
798.492
798.492
799
799
799
799
799
799
799
799
799
799
799
799
799
799
799
798.999
798.999
798.999
798.999
798.999
799
799
799
799
799
799
799
799
799
799
799
799
799
799
799
799
799
799
799
799
799
799
799
799
799
799
799
799
799
799
799
799
799
799
799
799
799
799
799
799
799
799
799
799
799
799
799
799
799
799
799
799
799
799
799
798.984
798.984
798.984
798.984
798.984
799
799
799
799
799
799
799
799
799
799
798.5
798.5
798.5
798.5
798.5
799
799
799
799
799
798.984
798.984
798.984
798.984
798.984
798.75
798.75
798.75
798.75
798.75
798.75
798.75
798.75
798.75
798.75
798.219
798.219
798.219
798.219
798.219
799
799
799
799
799
799
799
799
799
799
799
799
799
799
799
799
799
799
799
799
799
799
799
799
799
799
799
799
799
799
799
799
799
799
799
798.996
798.996
798.996
798.996
798.996
799
799
799
799
799
799
799
799
799
799
799
799
799
799
799
799
799
799
799
799
799
799
799
799
799
799
799
799
799
799
799
799
799
799
799
798.937
798.937
798.937
798.937
798.937
799
799
799
799
799
799
799
799
799
799
798.5
798.5
798.5
798.5
798.5
799
799
799
799
799
799
799
799
799
799
799
799
799
799
799
799
799
799
799
799
799
799
799
799
799
799
799
799
799
799
799
799
799
799
799
799
799
799
799
799
799
799
799
799
799
799
799
799
799
799
798.5
798.5
798.5
798.5
798.5
798.5
798.5
798.5
798.5
798.5
799
799
799
799
799
799
799
799
799
799
799
799
799
799
799
799
799
799
799
799
798.934
798.934
798.934
798.934
798.934
798.992
798.992
798.992
798.992
798.992
799
799
799
799
799
799
799
799
799
799
799
799
799
799
799
799
799
799
799
799
799
799
799
799
799
799
799
799
799
799
799
799
799
799
799
799
799
799
799
799
799
799
799
799
799
799
799
799
799
799
799
799
799
799
799
799
799
799
799
799
799
799
799
799
799
799
799
799
799
799
799
799
799
799
799
799
799
799
799
799
799
799
799
799
799
799
799
799
799
799
799
799
799
799
799
799
799
799
799
799
799
799
799
799
799
799
799
799
799
799
799
799
799
799
799
799
799
799
799
799
799
799
799
799
799
799
799
799
799
799
799
799
799
799
799
799
799
799
799
799
799
799
799
799
799
799
799
799
799
799
799
799
799
799
799
798.969
798.969
798.969
798.969
798.969
798.969
798.969
798.969
798.969
798.969
799
799
799
799
799
799
799
799
799
799
799
799
799
799
799
799
799
799
799
799
799
799
799
799
799
799
799
799
799
799
799
799
799
799
799
799
799
799
799
799
799
799
799
799
799
799
799
799
799
799
798.992
798.992
798.992
798.992
798.992
799
799
799
799
799
798.996
798.996
798.996
798.996
798.996
799
799
799
799
799
798.93
798.93
798.93
798.93
798.93
799
799
799
799
799
798.75
798.75
798.75
798.75
798.75
799
799
799
799
799
799
799
799
799
799
799
799
799
799
799
799
799
799
799
799
799
799
799
799
799
799
799
799
799
799
799
799
799
799
799
799
799
799
799
799
799
799
799
799
799
799
799
799
799
799
799
799
799
799
799
799
799
799
799
799
798.998
798.998
798.998
798.998
798.998
799
799
799
799
799
799
799
799
799
799
799
799
799
799
799
799
799
799
799
799
798.938
798.938
798.938
798.938
798.938
798.969
798.969
798.969
798.969
798.969
799
799
799
799
799
799
799
799
799
799
799
799
799
799
799
798.996
798.996
798.996
798.996
798.996
798.991
798.991
798.991
798.991
798.991
799
799
799
799
799
799
799
799
799
799
799
799
799
799
799
799
799
799
799
799
799
799
799
799
799
799
799
799
799
799
799
799
799
799
799
799
799
799
799
799
799
799
799
799
799
799
799
799
799
799
799
799
799
799
799
799
799
799
799
799
798.999
798.999
798.999
798.999
798.999
799
799
799
799
799
799
799
799
799
799
798.5
798.5
798.5
798.5
798.5
799
799
799
799
799
799
799
799
799
799
799
799
799
799
799
799
799
799
799
799
799
799
799
799
799
799
799
799
799
799
799
799
799
799
799
799
799
799
799
799
799
799
799
799
799
799
799
799
799
799
799
799
799
799
799
799
799
799
799
799
799
799
799
799
799
799
799
799
799
799
799
799
799
799
799
799
799
799
799
799
799
799
799
799
799
798.938
798.938
798.938
798.938
798.938
799
799
799
799
799
799
799
799
799
799
799
799
799
799
799
799
799
799
799
799
799
799
799
799
799
799
799
799
799
799
799
799
799
799
799
799
799
799
799
799
799
799
799
799
799
799
799
799
799
799
799
799
799
799
799
799
799
799
799
799
799
799
799
799
799
798.996
798.996
798.996
798.996
798.996
798.984
798.984
798.984
798.984
798.984
799
799
799
799
799
799
799
799
799
799
799
799
799
799
799
799
799
799
799
799
799
799
799
799
799
799
799
799
799
799
799
799
799
799
799
799
799
799
799
799
799
799
799
799
799
799
799
799
799
799
799
799
799
799
799
799
799
799
799
799
799
799
799
799
799
798.875
798.875
798.875
798.875
798.875
799
799
799
799
799
799
799
799
799
799
799
799
799
799
799
798.998
798.998
798.998
798.998
798.998
799
799
799
799
799
799
799
799
799
799
799
799
799
799
799
799
799
799
799
799
798.875
798.875
798.875
798.875
798.875
0
