0
0
0
0
513.812
513.812
513.812
513.812
513.812
699.219
699.219
699.219
699.219
699.219
363.345
363.345
363.345
363.345
363.345
417.466
417.466
417.466
417.466
417.466
658.652
658.652
658.652
658.652
658.652
624.172
624.172
624.172
624.172
624.172
517.969
517.969
517.969
517.969
517.969
724.67
724.67
724.67
724.67
724.67
590.444
590.444
590.444
590.444
590.444
527.992
527.992
527.992
527.992
527.992
523.375
523.375
523.375
523.375
523.375
360.469
360.469
360.469
360.469
360.469
403.145
403.145
403.145
403.145
403.145
468.43
468.43
468.43
468.43
468.43
712.719
712.719
712.719
712.719
712.719
336.783
336.783
336.783
336.783
336.783
221.188
221.188
221.188
221.188
221.188
712.75
712.75
712.75
712.75
712.75
357.54
357.54
357.54
357.54
357.54
520.366
520.366
520.366
520.366
520.366
363.549
363.549
363.549
363.549
363.549
466.555
466.555
466.555
466.555
466.555
228.938
228.938
228.938
228.938
228.938
540.683
540.683
540.683
540.683
540.683
591.094
591.094
591.094
591.094
591.094
580.78
580.78
580.78
580.78
580.78
695.76
695.76
695.76
695.76
695.76
690.536
690.536
703.946
703.946
703.946
458.879
458.879
458.879
458.879
458.879
566.55
566.55
566.55
566.55
566.55
463.371
463.371
463.371
463.371
463.371
569.159
569.159
569.159
569.159
569.159
554.502
554.502
554.502
554.502
554.502
464.243
464.243
464.243
464.243
464.243
297.61
297.61
297.61
297.61
297.61
346.445
346.445
346.445
346.445
346.445
382.546
382.546
382.546
382.546
382.546
382.053
382.053
382.053
382.053
382.053
754.515
754.515
754.515
754.515
754.515
755.404
755.404
755.404
755.404
755.404
765.572
765.572
765.572
765.572
765.572
787.027
787.273
787.273
787.273
787.273
731.209
731.209
731.209
731.209
731.209
629.013
629.013
629.013
629.013
629.013
297.586
297.586
297.586
297.586
297.586
578.676
578.676
578.676
578.676
578.676
518.812
518.812
518.812
518.812
518.812
622.356
622.356
622.356
622.356
622.356
614.5
614.5
614.5
614.5
614.5
396.581
396.581
396.581
396.581
396.581
509.366
509.366
509.366
509.366
509.366
192.5
192.5
192.5
192.5
192.5
428.766
428.766
428.766
428.766
428.766
516.25
516.25
516.25
516.25
516.25
519.485
519.485
519.485
519.485
519.485
296.686
296.686
296.686
296.686
296.686
748.953
748.953
748.953
748.953
748.953
678.93
678.93
678.93
678.93
678.93
749.675
749.675
749.675
749.675
749.675
577.148
577.148
577.148
577.148
577.148
214.235
214.235
214.235
214.235
214.235
649.533
649.533
649.533
649.533
649.533
652.344
717.188
717.188
717.188
717.188
400.423
400.423
400.423
400.423
400.423
350.279
350.279
350.279
350.279
350.279
516.706
516.706
516.706
516.706
516.706
712.333
712.333
712.333
712.333
712.333
425.072
425.072
425.072
425.072
425.072
667.796
667.796
667.796
667.796
667.796
519.094
519.094
519.094
519.094
519.094
710.908
710.908
710.908
710.908
710.908
534.44
534.44
534.44
534.44
534.44
348.478
348.478
348.478
348.478
348.478
612.97
612.971
612.971
612.971
612.971
307.459
307.459
307.459
307.459
307.459
313.134
333.768
333.768
333.768
333.768
552.024
552.024
552.024
552.024
552.024
378.886
378.886
378.886
378.886
378.886
466.983
466.983
466.983
466.983
466.983
593.844
593.844
593.844
593.844
593.844
470.97
470.97
470.97
470.97
470.97
413.461
413.461
413.461
413.461
413.461
422.756
422.756
422.756
422.756
422.756
486.224
486.224
486.224
486.224
486.224
409
409
409
409
409
519.781
519.781
519.781
519.781
519.781
663.285
663.285
663.285
663.285
663.285
423.435
423.435
423.435
423.435
423.435
500.209
500.209
500.209
500.209
500.209
554.552
554.552
554.552
554.552
554.552
686.941
686.941
686.941
686.941
686.941
421.054
421.054
421.054
421.054
421.054
736.123
736.123
736.123
736.123
736.123
348.188
348.188
348.188
348.188
348.188
361.875
361.875
361.875
361.875
361.875
453.647
453.647
453.647
453.647
453.647
561.594
561.594
561.594
561.594
561.594
601.235
601.235
601.235
601.235
601.235
712.513
712.513
712.513
712.513
712.513
661.885
661.885
661.885
661.885
661.885
283.216
283.216
283.216
283.216
283.216
368.196
368.196
368.196
368.196
368.196
520.92
520.92
520.92
520.92
520.92
410.236
410.236
410.236
410.236
410.236
297.776
297.776
297.776
297.776
297.776
499.841
499.841
499.841
499.841
499.841
756.131
756.131
756.131
756.131
756.131
732.68
732.68
732.68
732.68
732.68
399.522
399.522
399.522
399.522
399.522
546.024
546.024
546.024
546.024
546.024
576.882
576.882
576.882
576.882
576.882
435.375
435.375
435.375
435.375
435.375
521.602
521.602
521.602
521.602
521.602
511.602
511.602
511.602
511.602
511.602
563.247
563.247
563.247
563.247
563.247
719.018
719.018
719.018
719.018
719.018
355.688
355.688
355.688
355.688
355.688
712.473
712.473
712.473
712.473
712.473
314.754
314.754
314.754
314.754
314.754
722.242
722.242
722.242
722.242
722.242
435.608
435.608
435.608
435.608
435.608
697.047
697.047
697.047
697.047
697.047
329.172
329.172
329.172
329.172
329.172
739.183
739.183
739.183
739.183
739.183
309.542
309.542
309.542
309.542
309.542
536.82
536.82
536.82
536.82
536.82
369.062
369.062
369.062
369.062
369.062
667.846
667.846
667.846
667.846
667.846
275.556
275.556
275.556
275.556
275.556
293.376
293.376
293.376
293.376
293.376
255.331
255.331
255.331
255.331
255.331
506.402
506.402
506.402
506.402
506.402
467.124
467.124
467.124
467.124
467.124
602.325
602.325
602.325
602.325
602.325
442.845
442.845
442.845
442.845
442.845
654.143
654.143
654.143
654.143
654.143
439.023
439.023
439.023
439.023
439.023
258.633
258.633
258.633
258.633
258.633
521.992
521.992
521.992
521.992
521.992
427.75
427.75
427.75
427.75
427.75
682.31
682.31
682.31
682.31
682.31
417.756
417.756
417.756
417.756
417.756
341.031
341.031
341.031
341.031
341.031
500.856
500.856
500.856
500.856
500.856
689.326
689.326
689.326
689.326
689.326
640.936
640.798
640.798
640.798
640.798
494.144
494.144
494.144
494.144
494.144
672.5
672.5
672.5
672.5
672.5
295.512
295.512
295.512
295.512
295.512
749.629
749.629
749.629
749.629
749.629
778.699
778.699
778.699
778.699
778.699
717.913
685.827
685.827
685.827
685.827
727.318
727.318
727.318
727.318
727.318
737.254
737.254
737.254
737.254
737.254
312.264
312.264
312.264
312.264
312.264
771.592
771.592
771.592
771.592
771.592
468.973
468.973
468.973
468.973
468.973
381.664
381.664
381.664
381.664
381.664
326.561
326.561
326.561
326.561
326.561
531.375
531.375
531.375
531.375
531.375
677.013
677.013
677.013
677.013
677.013
411.213
411.213
411.213
411.213
411.213
366.336
366.336
366.336
366.336
366.336
453.696
453.696
453.696
453.696
453.696
630.668
630.668
630.668
630.668
630.668
293.154
293.154
293.154
293.154
293.154
389.771
389.771
389.771
389.771
389.771
646.287
646.287
646.287
646.287
646.287
470.624
470.624
470.624
470.624
470.624
765.807
765.807
765.807
765.807
765.807
402.315
402.315
402.315
402.315
402.315
454.159
454.159
454.159
454.159
454.159
511.562
511.562
511.562
511.562
511.562
494.246
494.246
494.246
494.246
494.246
547.281
547.281
547.281
547.281
547.281
526.045
526.045
526.045
526.045
526.045
567.227
567.227
567.227
567.227
567.227
505.451
505.451
505.451
505.451
505.451
498.596
498.596
498.596
498.596
498.596
625.762
625.762
625.762
625.762
625.762
741.517
741.517
741.517
741.517
741.517
662.207
662.207
662.207
662.207
662.207
601.466
601.466
601.466
601.466
601.466
661.535
661.535
661.535
661.535
661.535
600.241
600.241
600.241
600.241
600.241
389.721
389.721
389.721
389.721
389.721
583.445
583.445
583.445
583.445
583.445
554.785
554.785
554.785
554.785
554.785
688.34
688.34
688.34
688.34
688.34
718.07
718.07
718.07
718.07
718.07
524.843
524.843
524.843
524.843
524.843
470.707
470.707
470.707
470.707
470.707
335.584
335.584
335.584
335.584
335.584
570.199
570.199
570.199
570.199
570.199
474.081
474.081
474.081
474.081
474.081
527.031
527.031
527.031
527.031
527.031
624.188
624.188
624.188
624.188
624.188
376.69
376.69
376.69
376.69
376.69
599.615
599.615
599.615
599.615
599.615
698.218
698.218
698.218
698.218
698.218
629.781
629.781
629.781
629.781
629.781
695.391
695.391
695.391
695.391
695.391
682.375
682.375
682.375
682.375
682.375
750.932
750.932
750.932
750.932
750.932
368.334
368.334
368.334
368.334
368.334
452.982
452.982
452.982
452.982
452.982
608.93
608.93
608.93
608.93
608.93
730.617
730.617
730.617
730.617
730.617
577.024
577.024
577.024
577.024
577.024
510.598
510.598
510.598
510.598
510.598
668.135
668.135
668.135
668.135
668.135
435
435
435
435
435
325.968
325.968
325.968
325.968
325.968
481.796
481.796
481.796
481.796
481.796
497.336
497.336
497.336
497.336
497.336
611.328
611.328
611.328
611.328
611.328
560.438
560.438
560.438
560.438
560.438
503.543
503.543
503.543
503.543
503.543
515.281
515.281
515.281
515.281
515.281
611.188
611.188
611.188
611.188
611.188
776.485
776.485
776.485
776.485
776.485
713.294
713.294
713.294
713.294
713.294
712.063
712.063
712.063
712.063
712.063
774.272
774.272
774.272
774.272
774.272
775.3
775.3
775.3
775.3
775.3
572.344
572.344
572.344
572.344
572.344
504.582
504.582
504.582
504.582
504.582
692.344
692.344
692.344
692.344
692.344
526.761
526.147
526.147
526.147
526.147
576.5
576.5
576.5
576.5
576.5
642.113
642.113
642.113
642.113
642.113
584.873
584.873
584.873
584.873
584.873
314.935
314.935
314.935
314.935
314.935
407
407
407
407
407
568.48
568.48
568.48
568.48
568.48
395.478
395.478
395.478
395.478
395.478
769.845
769.845
769.845
769.845
769.845
731.08
731.08
731.08
731.08
731.08
767.047
767.047
767.047
767.047
767.047
494.25
494.25
494.25
494.25
494.25
287.129
287.129
287.129
287.129
287.129
733.262
733.262
733.262
733.262
733.262
519.984
519.984
519.984
519.984
519.984
454.026
454.026
454.026
454.026
454.026
426.199
426.199
426.199
426.199
467.897
368.188
368.188
368.188
368.188
368.188
709.609
709.609
709.609
709.609
709.609
468.195
468.195
468.195
468.195
468.195
611.314
611.314
611.314
611.314
611.314
519.42
519.42
519.42
519.42
519.42
686.094
686.094
686.094
686.094
686.094
566.5
566.5
566.5
566.5
566.5
417.726
417.726
417.726
417.726
417.726
262.133
262.133
262.133
262.133
262.133
664.107
664.107
664.107
664.107
664.107
786.273
786.273
786.273
786.273
786.273
434.92
434.92
434.92
434.92
434.92
567.499
567.499
567.499
567.499
567.499
581.508
581.508
581.508
581.508
581.508
554.238
554.238
554.238
554.238
554.238
651.582
651.582
651.582
651.582
651.582
658.942
658.942
658.942
658.942
658.942
323.558
323.558
323.558
323.558
323.558
383.183
383.183
383.183
383.183
383.183
601.667
601.667
601.667
601.667
601.667
721.024
721.024
721.024
721.024
721.024
408.461
408.461
408.461
408.461
408.461
208.199
208.199
208.199
208.199
208.199
468.771
468.771
468.771
468.771
468.771
695.79
695.79
695.79
695.79
695.79
718.377
718.377
718.377
718.377
718.377
712.608
712.608
712.608
712.608
712.608
644.308
644.308
644.308
644.308
644.308
567.587
567.587
567.587
567.587
567.587
536.007
536.007
536.007
536.007
536.007
618.485
618.485
618.485
618.485
618.485
650.972
650.972
650.972
650.972
650.972
763.779
763.779
763.779
763.779
763.779
489.334
489.334
489.334
489.334
489.334
497.691
497.691
497.691
497.691
497.691
676.515
676.515
676.515
676.515
676.515
308.484
308.484
308.484
308.484
308.484
392.666
392.666
392.666
392.666
392.666
766.792
766.792
766.792
766.792
766.792
711.709
711.709
711.709
711.709
711.709
776.873
776.873
776.873
776.873
776.873
731.267
731.267
731.267
731.267
731.267
785.034
785.034
785.034
785.034
785.034
579.712
579.712
579.712
579.712
579.712
481.999
481.999
481.999
481.999
481.999
575.451
575.451
575.451
575.451
575.451
652.861
652.861
652.861
652.861
652.861
692.157
692.157
692.157
692.157
692.157
628.864
628.864
628.864
628.864
628.864
413.349
413.349
413.349
413.349
413.349
338.487
338.487
338.487
338.487
338.487
712.622
712.622
712.622
712.622
712.622
676.656
676.656
676.656
676.656
676.656
531.875
531.875
531.875
531.875
531.875
520.422
520.422
520.422
520.422
520.422
428.234
428.234
428.234
428.234
428.234
143.77
143.77
143.77
143.77
143.77
481.406
481.406
481.406
481.406
481.406
665.5
665.5
665.5
665.5
665.5
552.639
552.639
552.639
552.639
552.639
593.553
593.553
593.553
593.553
593.553
583.651
583.651
583.651
583.651
583.651
672.568
672.568
672.568
672.568
672.568
556.976
556.976
556.976
556.976
556.976
377.349
377.349
377.349
377.349
377.349
585.001
585.001
585.001
585.001
585.001
677.495
677.495
677.495
677.495
677.495
266.752
266.752
266.752
266.752
266.752
602.512
602.512
602.512
602.512
602.512
581.477
581.477
581.477
581.477
581.477
549.37
549.37
549.37
549.37
549.37
552.257
552.257
552.257
552.257
552.257
603.771
603.771
603.771
603.771
603.771
289.478
289.478
289.478
289.478
289.478
673.779
673.779
673.779
673.779
673.779
734.26
734.26
734.26
734.26
734.26
434.662
434.662
434.662
434.662
434.662
708
708
708
708
708
458.144
458.144
458.144
458.144
458.144
566.147
566.147
566.147
566.147
566.147
597.007
597.007
597.007
597.007
597.007
459.544
459.544
459.544
459.544
459.544
582.052
582.052
582.052
582.052
582.052
484.106
484.106
484.106
484.106
484.106
697.644
697.644
697.644
697.644
697.644
339.337
339.337
339.337
339.337
339.337
482.714
482.714
482.714
482.714
482.714
529.813
529.813
529.813
529.813
529.813
757.636
757.636
757.636
757.636
757.636
550.405
550.405
550.405
550.405
550.405
366.934
366.934
366.934
366.934
366.934
331.772
331.772
331.772
331.772
331.772
661.92
661.92
661.92
661.92
661.92
415.053
415.053
415.053
415.053
415.053
519.818
519.818
519.818
519.818
519.818
723.891
723.891
723.891
723.891
723.891
664.612
664.612
664.612
664.612
664.612
601.307
601.307
601.307
601.307
601.307
426.688
426.688
426.688
426.688
426.688
560.781
560.781
560.781
560.781
560.781
461.558
461.558
461.558
461.558
461.558
466.528
466.528
466.528
466.528
466.528
589.362
589.362
589.362
589.362
589.362
630.85
630.85
630.85
630.85
630.85
296.595
296.595
296.595
296.595
296.595
323.73
323.73
323.73
323.73
323.73
665.758
665.758
665.758
665.758
665.758
491.234
491.234
491.234
491.234
491.234
774.548
774.548
774.548
774.548
774.548
653.93
653.93
653.93
653.93
653.93
471.812
471.812
471.812
471.812
471.812
409.033
409.033
409.033
409.033
409.033
401.641
401.641
401.641
401.641
401.641
475.318
475.318
475.318
475.318
475.318
678.764
678.764
678.764
678.764
678.764
424.795
424.795
424.795
424.795
424.795
485.906
485.906
485.906
485.906
485.906
222.607
222.607
222.607
222.607
222.607
606.712
606.712
606.712
606.712
606.712
406.688
406.688
406.688
406.688
406.688
643.987
643.987
643.987
643.987
643.987
715.508
715.508
715.508
715.508
715.508
749.389
749.389
749.389
749.389
749.389
685.474
685.474
685.474
685.474
685.474
234.434
234.434
234.434
234.434
234.434
690.621
690.621
690.621
690.621
690.621
673
673
673
673
673
600.016
600.016
600.016
600.016
600.016
635.375
635.375
635.375
635.375
635.375
760.805
760.805
760.805
760.805
760.805
531.674
531.674
531.674
531.674
531.674
732.691
732.691
732.691
732.691
732.691
706.739
706.738
706.738
706.738
706.738
707.305
707.305
707.305
707.305
707.305
441.31
441.31
441.31
441.31
441.31
715.352
715.352
715.352
715.352
715.352
674.333
674.333
674.333
674.333
674.333
585.848
585.848
585.848
585.848
585.848
465.941
465.941
465.941
465.941
465.941
353.25
353.25
353.25
353.25
353.25
501.137
501.137
501.137
501.137
501.137
443.537
443.537
443.537
443.537
443.537
330.213
330.213
330.213
330.213
330.213
667.359
667.359
667.359
667.359
667.359
342.642
342.642
342.642
342.642
342.642
489.167
489.167
489.167
489.167
489.167
515.966
515.966
515.966
515.966
515.966
748.634
748.634
748.634
748.634
748.634
788.572
788.572
788.572
788.572
788.572
736.738
736.738
736.738
736.738
736.738
447.378
447.378
447.378
447.378
447.378
621.168
621.168
621.168
621.168
621.168
491.223
491.223
491.223
491.223
491.223
474.25
474.25
474.25
474.25
474.25
662.232
662.232
662.232
662.232
662.232
394.033
394.033
394.033
394.033
394.033
606.402
606.402
606.402
606.402
606.402
387.023
387.023
387.023
387.023
387.023
320.435
320.435
320.435
320.435
320.435
715.526
715.526
715.526
715.526
715.526
484.915
484.915
484.915
484.915
484.915
351.285
351.285
351.285
351.285
351.285
530.747
530.747
530.747
530.747
530.747
382.055
382.055
382.055
382.055
382.055
569.053
569.053
569.053
569.053
569.053
597.353
597.353
597.353
597.353
597.353
546.104
546.104
546.104
546.104
546.104
599
599
599
599
599
595.702
595.702
595.702
595.702
595.702
623.193
623.193
623.193
623.193
623.193
585.961
585.961
585.961
585.961
585.961
693.647
693.647
693.647
693.647
693.647
530.165
530.165
530.165
530.165
530.165
628.031
628.031
628.031
628.031
628.031
551.063
551.063
551.063
551.063
551.063
605.835
605.835
605.835
605.835
605.835
317.915
317.915
317.915
317.915
317.915
542.221
542.221
542.221
542.221
542.221
729.89
729.89
729.89
729.89
729.89
597.674
597.674
597.674
597.674
597.674
589.162
589.162
589.162
589.162
589.162
477.133
477.133
477.133
477.133
477.133
374.174
374.174
374.174
374.174
374.174
385.262
385.262
385.262
385.262
385.262
470.843
470.843
470.843
470.843
470.843
311.875
311.875
311.875
311.875
311.875
338.938
338.938
338.938
338.938
338.938
655
655
655
655
655
716.404
716.404
716.404
716.404
716.404
501.345
501.345
501.345
501.345
501.345
649.381
649.381
649.381
649.381
649.381
686.779
686.779
686.779
686.779
686.779
683.825
683.825
683.825
683.825
683.825
670.766
670.766
670.766
670.766
670.766
270.387
270.387
270.387
270.387
270.387
438.67
438.67
438.67
438.67
438.67
631.479
631.479
631.479
631.479
631.479
490.009
490.009
490.009
490.009
490.009
697.277
697.277
697.277
697.277
697.277
393.838
393.838
393.838
393.838
393.838
607.625
607.625
607.625
607.625
607.625
620.957
620.957
620.957
620.957
620.957
533.911
533.911
533.911
533.911
533.911
522.824
522.824
522.824
522.824
522.824
598.797
598.797
598.797
598.797
598.797
431.188
431.188
431.188
431.188
431.188
578.149
578.149
578.149
578.149
578.149
677.202
677.202
677.202
677.202
677.202
739.174
739.174
739.174
739.174
739.174
613.722
613.722
613.722
613.722
613.722
509.05
509.05
509.05
509.05
509.05
649.458
649.458
649.458
649.458
649.458
326.357
326.357
326.357
326.357
326.357
762.781
762.781
762.781
762.781
762.781
718.428
718.428
718.428
718.428
718.428
646.535
646.535
646.535
646.535
646.535
566.207
566.207
566.207
566.207
566.207
520.388
520.388
520.388
520.388
520.388
528.125
528.125
528.125
528.125
528.125
279.109
279.109
279.109
279.109
279.109
660.733
660.733
660.733
660.733
660.733
463.656
463.656
463.656
463.656
463.656
635.402
635.402
635.402
635.402
635.402
527.759
527.759
527.759
527.759
527.759
517.565
517.565
517.565
517.565
517.565
466.5
466.5
466.5
466.5
466.5
657.961
657.961
657.961
657.961
657.961
367.1
367.1
367.1
367.1
367.1
741.451
741.451
741.451
741.451
741.451
493.15
493.15
493.15
493.15
493.15
634.371
634.371
634.371
634.371
634.371
545.813
545.813
545.813
545.813
545.813
409.438
409.438
409.438
409.438
409.438
607.465
554.43
554.43
554.43
554.43
779.811
779.811
779.811
779.811
779.811
731.978
731.978
731.978
731.978
731.978
488.813
488.813
488.813
488.813
488.813
721.25
721.25
721.25
721.25
721.25
427.862
427.862
427.862
427.862
427.862
436.859
436.859
436.125
436.125
436.125
523.425
523.425
523.425
523.425
523.425
292.768
292.768
292.768
292.768
292.768
492.844
492.844
492.844
492.844
492.844
536.568
536.568
536.568
536.568
536.568
389.871
389.871
389.871
389.871
389.871
407.215
407.215
407.215
407.215
407.215
494.983
494.983
494.983
494.983
494.983
647.056
647.056
647.056
647.056
647.056
657.25
657.25
657.25
657.25
657.25
267.664
267.664
267.664
267.664
267.664
730.162
730.162
730.162
730.162
730.162
520.34
520.34
520.34
520.34
520.34
648.811
648.811
648.811
648.811
648.811
650.611
650.611
650.611
650.611
650.611
595.933
595.933
595.933
595.933
595.933
501.941
501.941
501.941
501.941
501.941
254.307
254.307
254.307
254.307
254.307
513.571
513.571
513.571
513.571
513.571
576.25
576.25
576.25
576.25
576.25
484.414
484.414
484.414
484.414
484.414
484.85
484.85
484.85
484.85
484.85
504.129
504.129
504.129
504.129
504.129
474.546
474.546
474.546
474.546
474.546
461.266
461.266
461.266
461.266
461.266
371.372
371.372
371.372
371.372
371.372
639.39
639.39
639.39
639.39
639.39
348.737
348.737
348.737
348.737
348.737
406.014
406.014
406.014
406.014
406.014
319.246
319.246
319.246
319.246
319.246
735.573
735.573
735.573
735.573
735.573
723.868
723.868
723.868
723.868
723.868
405.512
405.512
405.512
405.512
405.512
555.313
555.313
555.313
555.313
555.313
723.452
723.452
723.452
723.452
723.452
675.512
675.512
675.512
675.512
675.512
300.994
300.994
300.994
300.994
300.994
504.194
504.194
504.194
504.194
504.194
635.742
635.742
635.742
635.742
635.742
676.443
676.443
676.443
676.443
676.443
669.062
669.062
669.062
669.062
669.062
481.461
481.461
481.461
481.461
481.461
614.96
614.96
614.96
614.96
614.96
675.924
675.924
675.924
675.924
675.924
689.122
689.122
689.122
689.122
689.122
726.242
726.242
726.242
726.242
726.242
766.121
766.121
766.121
766.121
766.121
730.345
730.345
730.345
730.345
730.345
713.478
713.478
713.478
713.478
713.478
652.193
652.193
652.193
652.193
652.193
532.173
532.173
532.173
532.173
532.173
585.391
585.391
585.391
585.391
585.391
639.465
639.465
639.465
639.465
639.465
629.799
629.799
629.799
629.799
629.799
692.788
692.788
692.788
692.788
692.788
356.487
356.487
356.487
356.487
356.487
727.842
727.842
727.842
727.842
727.842
596.993
596.993
596.993
596.993
596.993
594.654
594.654
594.654
594.654
594.654
503.958
503.958
503.958
503.958
503.958
411.338
411.338
411.338
411.338
411.338
450.763
450.763
450.763
450.763
450.763
546.512
546.512
546.512
546.512
546.512
436.916
436.916
436.916
436.916
436.916
339.702
339.702
339.702
339.702
339.702
454.082
454.082
454.082
454.082
454.082
639.483
639.483
639.483
639.483
639.483
238.5
238.5
238.5
238.5
238.5
618.426
618.426
618.426
618.426
618.426
552.304
552.304
552.304
552.304
552.304
403.577
403.577
403.577
403.577
403.577
580.098
580.098
580.098
580.098
580.098
499.38
499.38
499.38
499.38
499.38
699.66
699.66
699.66
699.66
699.66
685.475
685.475
685.475
685.475
685.475
645.824
645.824
645.824
645.824
645.824
506.941
506.941
506.941
506.941
506.941
508.322
508.322
508.322
508.322
508.322
778.244
778.244
778.244
778.244
778.244
753.841
753.841
753.841
753.841
753.841
590.655
590.655
590.655
590.655
590.655
573.106
573.106
573.106
573.106
573.106
223.521
223.521
223.521
223.521
223.521
469.521
469.521
469.521
469.521
469.521
466.156
466.156
466.156
466.156
466.156
717.994
717.994
717.994
717.994
717.994
345.367
345.367
345.367
345.367
345.367
587.4
587.4
587.4
587.4
587.4
727.445
727.445
727.445
727.445
727.445
605.829
605.829
605.829
605.829
605.829
328.297
328.297
328.297
328.297
328.297
503.781
503.781
503.781
503.781
503.781
421.406
421.406
421.406
421.406
421.406
750.195
750.195
750.195
750.195
750.195
595.286
595.286
595.286
595.286
595.286
305.735
305.735
305.735
305.735
305.735
765.598
765.598
765.598
765.598
765.598
361.783
361.783
361.783
361.783
361.783
487.556
487.556
487.556
487.556
487.556
670.748
670.748
670.748
670.748
670.748
342.486
342.486
342.486
342.486
342.486
739.125
739.125
739.125
739.125
739.125
588.291
588.291
588.291
588.291
588.291
676.082
676.082
676.082
676.082
676.082
510.128
510.128
510.128
510.128
510.128
520.366
520.366
520.366
520.366
520.366
575.398
575.398
575.398
575.398
575.398
392.255
392.255
392.255
392.255
392.255
500.132
500.132
500.132
500.132
500.132
551.898
551.898
551.899
551.899
551.899
557.719
557.719
557.719
557.719
557.719
333.178
333.178
333.178
333.178
333.178
436.172
436.172
436.172
436.172
436.172
570.75
570.75
570.75
570.75
570.75
507
507
507
507
507
530.438
530.438
530.438
530.438
530.438
527.594
527.594
527.594
527.594
527.594
775.74
775.74
775.74
775.74
775.74
633.518
633.518
633.517
633.517
633.517
509.668
509.668
509.668
509.668
509.668
475.963
475.963
475.963
475.963
475.963
243.611
243.611
243.611
243.611
243.611
255.231
255.231
255.231
255.231
255.231
430.528
430.528
430.528
430.528
430.528
262.302
262.302
262.302
262.302
262.302
547.781
547.781
547.781
547.781
547.781
335.845
335.845
335.845
335.845
335.845
457.104
457.104
457.104
457.104
457.104
582.951
582.951
582.951
582.951
582.951
358.25
358.25
358.25
358.25
358.25
298.12
298.12
298.12
298.12
298.12
560.232
560.232
560.232
560.232
560.232
527.782
527.782
527.782
527.782
527.782
509.762
509.762
509.762
509.762
509.762
542.484
542.484
542.484
542.484
542.484
731.699
731.699
731.699
731.699
731.699
699.868
699.868
699.868
699.868
699.868
559.516
559.516
559.516
559.516
559.516
481.226
481.226
481.226
481.226
481.226
390.75
390.75
390.75
390.75
390.75
420.544
420.544
420.544
420.544
420.544
628.272
628.272
628.272
628.272
628.272
573.805
592.359
592.359
592.359
592.359
557.577
557.577
557.577
557.577
557.577
472
472
472
472
472
552.097
552.097
552.097
552.097
552.097
446.438
446.438
446.438
446.438
446.438
437.105
437.105
437.105
437.105
437.105
562.089
562.089
562.089
562.089
562.089
595.687
595.687
595.687
595.687
595.687
598.177
598.177
598.177
598.177
598.177
761.8
761.8
761.8
761.8
761.8
705.228
705.228
705.228
705.228
705.228
262.983
262.983
262.983
262.983
262.983
639.874
639.874
639.874
639.874
639.874
319.867
319.867
319.867
319.867
319.867
583.204
583.204
583.204
583.204
583.204
704.606
704.606
704.606
704.606
704.606
356.779
356.779
356.779
356.779
356.779
485.605
485.605
485.605
485.605
485.605
292.802
292.802
292.802
292.802
292.802
724.795
724.795
724.795
724.795
724.795
334.017
334.017
334.017
334.017
334.017
782.127
782.127
782.127
782.127
782.127
549.49
549.49
549.49
549.49
549.49
538.645
538.645
538.645
538.645
538.645
742.327
742.327
742.327
742.327
742.327
634.504
634.504
634.504
634.504
634.504
665.79
665.79
665.79
665.79
665.79
495.06
495.06
495.06
495.06
495.06
236.266
236.266
236.266
236.266
236.266
411.358
411.358
411.358
411.358
411.358
450.107
450.107
450.107
450.107
450.107
620.625
620.625
620.625
620.625
620.625
726.405
726.405
726.405
726.405
726.405
302.906
302.906
302.906
302.906
302.906
681.033
681.033
681.035
681.035
681.035
728.801
728.801
728.801
728.801
728.801
751.975
751.975
751.975
751.975
751.975
622.105
622.105
622.105
622.105
622.105
571.924
571.924
571.924
571.924
571.924
754.063
754.063
754.063
754.063
754.063
330.875
330.875
330.875
330.875
330.875
604.998
604.998
604.998
604.998
604.998
644.396
644.396
644.396
644.396
644.396
652.755
652.755
652.755
652.755
652.755
465.234
465.234
465.234
465.234
465.234
496.125
496.125
496.125
496.125
496.125
364.683
364.683
364.683
364.683
364.683
233.016
233.016
233.016
233.016
233.016
415.969
415.969
415.969
415.969
415.969
506.669
506.669
506.669
506.669
506.669
689.969
689.969
689.969
689.969
689.969
722.649
722.649
722.649
722.649
722.649
722.018
722.018
722.018
722.018
722.018
531.457
531.457
531.457
531.457
531.457
433.821
433.821
433.821
433.821
433.821
571.714
571.714
571.714
571.714
571.714
731.504
731.504
731.504
731.504
731.504
676.736
676.736
676.736
676.736
676.736
657.119
657.119
657.119
657.119
657.119
478.416
478.416
478.416
478.416
478.416
545
545
545
545
545
523.559
523.559
523.559
523.559
523.559
485.95
485.95
485.95
485.95
485.95
701.5
701.5
701.5
701.5
701.5
364.545
364.545
364.545
364.545
364.545
402.651
402.651
402.651
402.651
402.651
665.067
665.067
665.067
665.067
665.067
714.966
714.966
714.966
714.966
714.966
711.41
711.41
711.41
711.41
711.41
544.916
544.916
544.916
544.916
544.916
327.813
327.813
327.813
327.813
327.813
664.875
664.875
664.875
664.875
664.875
553.094
553.094
553.094
553.094
553.094
405.028
405.028
405.028
405.028
405.028
526.1
526.1
526.1
526.1
526.1
709.99
709.99
709.99
709.99
709.99
777.639
777.639
777.639
777.639
777.639
356.176
356.176
356.176
356.176
356.176
776.022
776.022
776.022
776.022
776.022
748.47
748.47
748.47
748.47
748.47
702.564
702.564
702.564
702.564
702.564
468.546
468.546
468.546
468.546
468.546
644.607
644.607
644.607
644.607
644.607
275.883
275.883
275.883
275.883
275.883
396.719
396.719
396.719
396.719
396.719
725.334
725.334
725.334
725.334
725.334
727.678
727.678
727.678
727.678
727.678
426.717
426.717
426.717
426.717
426.717
771.776
771.781
771.781
771.781
771.781
476.1
476.1
476.1
476.1
476.1
769.144
769.144
769.144
769.144
769.144
742.815
742.815
742.815
742.815
742.815
775.927
775.927
775.927
775.927
775.927
529.577
529.577
529.577
529.577
529.577
772.714
772.714
772.714
772.714
772.714
768.519
768.519
768.519
768.519
768.519
730.593
730.593
730.593
730.593
730.593
653.048
653.048
653.048
653.048
653.048
739.294
739.294
739.294
739.294
739.294
666.457
666.457
666.457
666.457
666.457
760.136
760.136
760.136
760.136
760.136
392.135
392.135
392.135
392.135
392.135
535.703
535.703
535.703
535.703
535.703
293.719
293.719
293.719
293.719
293.719
694.116
694.116
694.116
694.116
694.116
599.625
599.625
599.625
599.625
599.625
615.804
615.804
615.804
615.804
615.804
622.722
622.722
622.722
622.722
622.722
403.181
403.181
403.181
403.181
403.181
633.373
633.373
633.373
633.373
633.373
511.59
511.59
511.59
511.59
511.59
730.344
730.344
730.344
730.344
730.344
764.015
764.015
764.015
764.015
764.015
781.583
781.583
781.583
781.583
781.583
555.192
555.192
555.192
555.192
555.192
710.164
710.164
710.164
710.164
710.164
456.233
456.233
456.233
456.233
456.233
437
437
437
437
437
750.712
750.712
750.712
750.712
750.712
605.574
605.574
605.574
605.574
605.574
456.712
456.712
456.712
456.712
456.712
356.413
356.413
356.413
356.413
356.413
628.703
628.703
628.703
628.703
628.703
333.342
333.342
333.342
333.342
333.342
527.23
527.23
527.23
527.23
527.23
595.511
595.511
595.511
595.511
595.511
631.156
631.156
631.156
631.156
631.156
532.016
532.016
532.016
532.016
532.016
518.025
518.025
518.025
518.025
518.025
489.984
489.984
489.984
489.984
489.984
359.402
359.402
359.402
359.402
359.402
637.906
637.906
637.906
637.906
637.906
681.203
681.203
681.203
681.203
681.203
324.25
324.25
324.25
324.25
324.25
690.84
690.84
690.84
690.84
690.84
507.514
507.514
507.514
507.514
507.514
681.5
681.5
681.5
681.5
681.5
766.132
766.132
766.132
766.132
766.132
719.711
719.711
719.711
719.711
719.711
723.575
723.575
723.575
723.575
723.575
717.443
717.443
717.443
717.443
717.443
533.666
533.666
533.666
533.666
533.666
520.078
520.078
520.078
520.078
520.078
561.81
561.81
561.81
561.81
561.81
661.032
661.032
661.032
661.032
661.032
540.355
540.355
540.355
540.355
540.355
461.688
461.688
461.688
461.688
461.688
598.796
598.796
598.796
598.796
598.796
278.929
278.929
278.929
278.929
278.929
536.775
536.775
536.775
536.775
536.775
557.28
557.28
557.28
557.28
557.28
633.641
633.641
633.641
633.641
633.641
722.624
722.624
722.624
722.624
722.624
772.832
772.832
772.832
772.832
772.832
770.366
770.366
770.366
770.366
770.366
439.753
439.753
439.753
439.753
439.753
420.664
420.664
420.664
420.664
420.664
590.906
590.906
590.906
590.906
590.906
672.447
672.447
672.447
672.447
672.447
783.53
783.53
783.53
783.53
783.53
744.242
744.242
744.242
744.242
744.242
729.532
729.532
729.532
729.532
729.532
773.655
773.655
773.655
773.655
773.655
625.62
625.62
625.62
625.62
625.62
513.427
513.427
513.427
513.427
513.427
457.981
457.981
457.981
457.981
457.981
321.145
321.145
321.145
321.145
321.145
513.408
513.408
513.408
513.408
513.408
590.922
590.922
590.922
590.922
590.922
500.786
500.786
500.786
500.786
558.072
327.901
327.901
327.901
327.901
327.901
732.264
732.264
732.264
732.264
732.264
589.792
589.792
589.792
589.792
589.792
678.531
678.531
678.531
678.531
678.531
685.794
685.794
685.794
685.794
685.794
652.691
652.691
652.691
652.691
652.691
568.067
568.067
568.067
568.067
568.067
659.813
659.813
659.813
659.813
659.813
311.622
311.622
311.622
311.622
311.622
306.112
306.112
306.112
306.112
306.112
566.125
566.125
566.125
566.125
566.125
578.965
578.965
578.965
578.965
578.965
594.792
594.792
594.792
594.792
594.792
468.15
468.15
468.15
468.15
468.15
637.217
637.217
637.217
637.217
637.217
711.68
711.68
711.68
711.68
711.68
465.102
465.102
465.102
465.102
465.102
356.496
356.496
356.496
356.496
356.496
577.898
577.898
577.898
577.898
577.898
464.945
464.945
464.945
464.945
464.945
514.949
514.949
514.949
514.949
514.949
469.009
469.009
469.009
469.009
469.009
521.82
521.82
521.82
521.82
521.82
665.583
665.583
665.583
665.583
665.583
554.137
554.137
554.137
554.137
554.137
497.672
497.672
497.672
497.672
497.672
623.469
623.469
623.469
623.469
623.469
452.72
452.72
452.72
452.72
452.72
445.75
445.75
445.75
445.75
445.75
562.141
562.141
562.141
562.141
562.141
668.166
668.166
668.166
668.166
668.166
444.27
444.27
444.27
444.27
444.27
669.231
669.231
669.231
669.231
669.231
537.184
537.184
537.184
537.184
537.184
461.875
461.875
461.875
461.875
461.875
592.75
592.75
592.75
592.75
592.75
228.609
228.609
228.609
228.609
228.609
386.591
386.591
386.591
386.591
386.591
535.438
535.438
535.438
535.438
535.438
735.233
735.233
735.233
735.233
735.233
719.605
719.605
719.605
719.605
719.605
538.313
538.313
538.313
538.313
538.313
714.699
714.699
714.699
714.699
714.699
685.604
685.604
685.604
685.604
685.604
516.888
516.888
516.888
516.888
516.888
610.828
610.828
610.828
610.828
610.828
658.441
658.441
658.441
658.441
658.441
628.715
628.715
628.715
628.715
628.715
661.334
661.334
661.334
661.334
661.334
728.172
728.172
728.172
728.172
728.172
589.683
589.683
589.683
589.683
589.683
384.826
384.826
384.901
384.901
384.901
504.766
504.766
504.766
504.766
504.766
731.299
731.299
731.299
731.299
731.299
357.895
357.895
357.895
357.895
357.895
608.473
608.473
608.473
608.473
608.473
457.821
457.821
457.821
457.821
457.821
463.938
440.875
440.875
440.875
440.875
665.359
665.359
665.359
665.359
665.359
766
766
766
766
766
344.826
344.826
344.826
344.826
344.826
540.428
540.428
540.428
540.428
540.428
736.404
736.404
736.404
736.404
736.404
556.941
556.941
556.941
556.941
556.941
605.022
605.022
605.022
605.022
605.022
612.104
612.104
612.104
612.104
612.104
473
473
473
473
473
293.485
293.485
293.485
293.485
293.485
572.489
572.489
572.489
572.489
572.489
580.383
580.383
580.383
580.383
580.383
446.829
446.829
446.829
446.829
446.829
518.04
518.04
518.04
518.04
518.04
320.688
320.688
320.688
320.688
320.688
299.476
299.476
299.476
299.476
299.476
590.643
590.643
590.643
590.643
590.643
452.783
452.783
452.783
452.783
452.783
621.104
621.104
621.104
621.104
621.104
584.259
584.259
584.259
584.259
584.259
767.947
767.947
767.947
767.947
767.947
686.462
686.462
686.462
686.462
686.462
145.365
145.365
145.365
145.365
145.365
555.147
555.147
555.147
555.147
555.147
568.679
568.679
568.679
568.679
568.679
563.313
563.313
563.313
563.313
563.313
773.817
773.817
773.817
773.817
773.817
646.589
646.589
646.589
646.589
646.589
562.751
562.751
562.751
562.751
562.751
711.222
711.222
711.222
711.222
711.222
440.208
440.208
440.208
440.208
440.208
694.215
694.215
694.215
694.215
694.215
474.493
474.493
474.493
474.493
474.493
655.111
655.111
655.111
655.111
655.111
392.188
392.188
392.188
392.188
392.188
646.624
646.624
646.624
646.624
652.122
552.53
552.53
552.53
552.53
552.53
535.968
535.968
535.968
535.968
535.968
563.773
563.773
563.773
563.773
563.773
203.057
203.057
203.057
203.057
203.057
748.188
748.188
748.188
748.188
748.188
569.25
569.25
569.25
569.25
569.25
357.25
357.25
357.25
357.25
357.25
676.539
676.539
676.539
676.539
676.539
570.88
570.88
570.88
570.88
570.88
638.149
638.149
638.149
638.149
638.149
269.657
269.657
269.657
269.657
269.657
664.609
664.609
664.609
664.609
664.609
671.197
671.197
671.197
671.197
671.197
397.643
397.643
397.643
397.643
397.643
676.064
676.064
676.064
676.064
676.064
514.437
514.437
514.437
514.437
514.437
540.406
540.406
540.406
540.406
540.406
501.992
501.992
501.992
501.992
501.992
391.828
391.828
391.828
391.828
391.828
331.016
331.016
331.016
331.016
331.016
466.713
466.713
466.713
466.713
466.713
552.438
552.438
552.438
552.438
552.438
665.064
665.064
665.064
665.064
665.064
737.783
737.783
737.783
737.783
737.783
354.02
354.02
354.02
354.02
354.02
529.016
529.016
529.016
529.016
529.016
659.188
659.188
659.188
659.188
659.188
434.861
434.861
434.861
434.861
434.861
700.648
700.648
700.648
700.648
700.648
552.135
552.135
552.135
552.135
552.135
408.644
408.644
408.644
408.644
408.644
665.699
665.699
665.699
665.699
665.699
522.625
522.625
522.625
522.625
522.625
730.906
730.906
730.906
730.906
730.906
591.258
591.258
591.258
591.258
591.258
587.946
587.946
587.946
587.946
587.946
513.628
513.628
513.628
513.628
513.628
525.75
525.75
525.75
525.75
525.75
546.002
546.002
546.002
546.002
546.002
583.629
583.629
583.629
583.629
583.629
284.183
284.183
284.183
284.183
284.183
492.047
492.047
492.047
492.047
492.047
730.654
730.654
730.654
730.654
730.654
733.09
733.09
733.09
733.09
733.09
533.825
533.825
533.653
533.653
533.653
521.947
521.947
521.947
521.947
521.947
610.773
610.773
610.773
610.773
610.773
553.183
553.183
553.183
553.183
553.183
284.711
284.711
284.711
284.711
284.711
499.601
499.601
499.601
499.601
499.601
450.517
450.517
450.517
450.517
450.517
507.174
507.174
507.174
507.174
507.174
713.977
713.977
713.977
713.977
713.977
655.429
655.429
655.429
655.429
655.429
420.719
420.719
420.719
420.719
420.719
481.86
481.86
481.86
481.86
481.86
622.239
622.239
622.239
622.239
622.239
576.065
576.065
576.065
576.065
576.065
598.365
598.365
598.365
598.365
598.365
588.987
588.987
588.987
588.987
588.987
450.384
450.384
450.384
450.384
450.384
644.42
644.42
644.42
644.42
644.42
524.819
524.819
524.819
524.819
524.819
581.563
581.563
581.563
581.563
581.563
635
635
635
635
635
559.875
559.875
559.875
559.875
559.875
618.787
618.787
618.787
618.787
618.787
691.357
691.357
691.357
691.357
691.357
546.063
546.063
546.063
546.063
546.063
479.568
479.568
479.568
479.568
479.568
407.283
407.283
407.283
407.283
407.283
708.225
708.225
708.225
708.225
708.225
439.521
439.521
439.521
439.521
439.521
777.122
777.122
777.122
777.122
777.122
725.721
725.721
725.721
725.721
725.721
382.644
382.644
382.644
382.644
382.644
460.073
460.073
460.073
460.073
460.073
557.455
557.455
557.455
557.455
557.455
454.5
454.5
454.5
454.5
454.5
434.198
434.198
434.198
434.198
434.198
628.849
628.849
628.849
628.849
628.849
561.774
561.774
561.774
561.774
561.774
475.709
475.709
475.709
475.709
475.709
674.594
674.594
674.594
674.594
674.594
646.729
646.729
646.729
646.729
646.729
389.354
389.354
389.354
389.354
389.354
641.449
641.449
641.449
641.449
641.449
748.333
748.333
748.333
748.333
748.333
384.266
384.266
384.266
384.266
384.266
535.628
535.628
535.628
535.628
535.628
622.467
622.467
622.467
622.467
622.467
724.672
724.672
724.672
724.672
724.672
788.262
788.262
788.262
788.262
788.262
788.672
788.672
788.672
788.672
788.672
764.63
764.63
764.63
764.63
764.63
745.58
745.58
745.58
745.58
745.58
781.548
781.548
781.548
781.548
781.548
517.406
517.406
517.406
517.406
517.406
601.288
601.288
601.288
601.288
601.288
610.458
610.458
610.458
610.458
610.458
342.827
342.827
342.827
342.827
342.827
397.081
397.081
397.081
397.081
397.081
469.375
469.375
469.375
469.375
469.375
705.553
705.762
705.762
705.762
705.762
419.332
419.352
419.352
419.352
419.352
387.687
387.687
387.687
387.687
387.687
707.695
707.695
707.695
707.695
707.695
241.377
241.377
241.377
241.377
241.377
713.611
713.611
713.611
713.611
713.611
488.007
487.997
487.997
487.997
487.997
0
