0
0
0
0
654.625
654.625
654.625
654.625
654.625
584.063
584.063
584.063
584.063
584.063
425.244
425.244
425.244
425.244
425.244
543.902
543.902
543.902
543.902
543.902
571.313
571.313
571.313
571.313
571.313
536.625
536.625
536.625
536.625
536.625
238.375
238.375
238.375
238.375
238.375
545.688
545.688
545.688
545.688
545.688
570.852
570.852
570.852
570.852
570.852
425.25
425.25
425.25
425.25
425.25
574
574
574
574
574
638.447
638.447
638.447
638.447
638.447
403.66
403.66
403.66
403.66
403.66
480.836
480.836
480.836
480.836
480.836
672.906
672.906
672.906
672.906
672.906
611.5
611.5
611.5
611.5
611.5
491.625
491.625
491.625
491.625
491.625
352.506
352.506
352.506
352.506
352.506
425.18
425.18
425.18
425.18
425.18
530.863
530.863
530.863
530.863
530.863
698.563
698.563
698.563
698.563
698.563
493.5
493.5
493.5
493.5
493.5
531.625
531.625
531.625
531.625
531.625
572.048
572.048
572.048
572.048
572.048
558.719
558.719
558.719
558.719
558.719
538.203
538.203
538.203
538.203
538.203
388.072
388.072
388.072
388.072
388.072
527.776
527.776
527.776
527.776
527.776
496.952
496.952
496.952
496.952
496.952
708.5
708.5
708.5
708.5
708.5
358.5
358.5
358.5
358.5
358.5
357.906
357.906
357.906
357.906
357.906
252.563
252.563
252.563
252.563
252.563
339.969
339.969
339.969
339.969
339.969
657.75
657.75
657.75
657.75
657.75
611.459
611.459
611.459
611.459
611.459
673.6
673.6
673.6
673.6
673.6
359.5
359.5
359.5
359.5
359.5
434.101
434.101
434.101
434.101
434.101
664.473
664.473
664.473
664.473
664.473
704.389
704.389
704.389
704.389
704.389
579.875
579.875
579.875
579.875
579.875
386.521
386.521
386.521
386.521
386.521
562.649
562.649
562.649
562.649
562.649
612.117
612.117
612.117
612.117
612.117
514
514
514
514
514
538.566
538.566
538.566
538.566
538.566
646
646
646
646
646
644.016
644.016
644.016
644.016
644.016
676.875
676.875
676.875
676.875
676.875
324.2
324.2
324.2
324.2
324.2
514.27
514.27
514.27
514.27
514.27
576.25
576.25
576.25
576.25
576.25
419.633
419.633
419.633
419.633
419.633
378.5
378.5
378.5
378.5
378.5
418
418
418
418
418
335.601
335.601
335.601
335.601
335.601
557.357
557.357
557.357
557.357
557.357
657.531
657.531
657.531
657.531
657.531
490.813
490.813
490.813
490.813
490.813
545.478
545.478
545.478
545.478
545.478
602.194
602.194
602.194
602.194
602.194
614.757
614.757
614.757
614.757
614.757
713.02
713.02
713.02
713.02
713.02
422.406
422.406
422.406
422.406
422.406
519.5
519.5
519.5
519.5
519.5
542.656
542.656
542.656
542.656
542.656
447.33
447.33
447.33
447.33
447.33
554.152
554.152
554.152
554.152
554.152
358.43
358.43
358.43
358.43
358.43
578.563
578.563
578.563
578.563
578.563
544.063
544.063
544.063
544.063
544.063
675.074
675.074
675.074
675.074
675.074
535.25
535.25
535.25
535.25
535.25
696
696
696
696
696
532.168
532.168
532.168
532.168
532.168
525.156
525.156
525.156
525.156
525.156
493.601
493.601
493.601
493.601
493.601
605.322
605.322
605.322
605.322
605.322
555.686
555.686
555.686
555.686
555.686
735.363
735.363
735.363
735.363
735.363
505.668
505.668
505.668
505.668
534.462
619.762
619.762
619.762
619.762
619.762
553.75
553.75
553.75
553.75
553.75
661
661
661
661
661
463.842
463.842
463.842
463.842
463.842
489.794
489.794
489.794
489.794
489.794
202.686
202.686
202.686
202.686
202.686
364.164
364.164
364.164
364.164
364.164
387.939
387.939
387.939
387.939
387.939
693.5
693.5
693.5
693.5
693.5
442.188
442.188
442.188
442.188
442.188
529
529
529
529
529
584.731
584.731
584.731
584.731
584.731
634.063
634.063
634.063
634.063
634.063
393.188
393.188
393.188
393.188
393.188
740.438
740.438
740.438
740.438
740.438
555.109
555.109
555.109
555.109
555.109
584.164
584.164
584.164
584.164
584.164
576.891
576.891
576.891
576.891
576.891
537.5
537.5
537.5
537.5
537.5
395.661
395.661
395.661
395.661
395.661
562.914
562.914
562.914
562.914
562.914
480.563
480.563
480.563
480.563
480.563
408.625
408.625
408.625
408.625
408.625
389.422
389.422
389.422
389.422
389.422
576.25
576.25
576.25
576.25
576.25
640.625
640.625
640.625
640.625
640.625
488.725
488.725
488.725
488.725
488.725
479.676
479.676
479.676
479.676
479.676
465.944
465.944
465.944
465.944
465.944
498.173
498.173
498.173
498.173
498.173
481.43
481.43
481.43
481.43
481.43
415.68
415.68
415.68
415.68
415.68
551.421
551.421
551.421
551.421
551.421
548.24
548.24
548.24
548.24
548.24
428.313
428.313
428.313
428.313
428.313
615.996
615.996
615.996
615.996
615.996
711.938
711.938
711.938
711.938
711.938
377.24
492.48
492.48
492.48
492.48
371.547
371.547
371.547
371.547
371.547
643.555
643.555
643.555
643.555
643.555
377.773
377.773
377.773
377.773
377.773
502.648
502.648
502.648
502.648
502.648
545.938
545.938
545.938
545.938
545.938
600.996
600.996
600.996
600.996
600.996
418.983
418.983
418.983
418.983
418.983
360.982
360.982
360.982
360.982
360.982
398.472
398.472
398.472
398.472
398.472
561.664
561.664
561.664
561.664
561.664
503.457
503.457
503.457
503.457
503.457
659
659
659
659
659
534.216
534.216
534.216
534.216
534.216
494.839
494.839
494.839
494.839
494.839
414.965
414.965
414.965
414.965
414.965
545.07
545.07
545.07
545.07
545.07
637.471
637.471
637.471
637.471
637.471
292.313
292.313
292.313
292.313
292.313
568.125
568.125
568.125
568.125
568.125
391.75
391.75
391.75
391.75
391.75
685.525
685.525
685.525
685.525
685.525
355.031
355.031
355.031
355.031
355.031
415
415
415
415
415
501.781
501.781
501.781
501.781
501.781
692.063
692.063
692.063
692.063
692.063
356.579
356.579
356.579
356.579
356.579
698.375
698.375
698.375
698.375
698.375
580.063
580.063
580.063
580.063
580.063
528.25
528.25
528.25
528.25
528.25
519.531
519.531
519.531
519.531
519.531
454.055
454.055
454.055
454.055
454.055
484.864
484.864
484.864
484.864
484.864
582.75
582.75
582.75
582.75
582.75
636.852
636.852
636.852
636.852
636.852
525.938
525.938
525.938
525.938
525.938
518.125
518.125
518.125
518.125
518.125
197.787
197.787
197.787
197.787
197.787
470.988
470.988
470.988
470.988
470.988
570.883
570.883
570.883
570.883
570.883
709.081
709.081
709.081
709.081
709.081
370.766
370.766
370.766
370.766
370.766
709.75
709.75
709.75
709.75
709.75
666.609
666.609
666.609
666.609
666.609
0
0
0
0
0
391.938
391.938
391.938
391.938
391.938
678
678
678
678
678
632.266
632.266
632.266
632.266
632.266
532.625
532.625
532.625
532.625
532.625
505.725
505.725
505.725
505.725
505.725
595.375
595.375
595.375
595.375
595.375
434.063
434.063
434.063
434.063
434.063
707.063
707.063
707.063
707.063
707.063
575.107
575.107
575.107
575.107
575.107
235.203
235.203
235.203
235.203
235.203
393.41
393.41
393.41
393.41
393.41
479.019
479.019
479.019
479.019
479.019
432.25
432.25
432.25
432.25
432.25
682.602
682.602
682.602
682.602
682.602
369.911
369.911
369.911
369.911
369.911
511.26
511.26
511.26
511.26
511.26
467.984
467.984
467.984
467.984
467.984
483.859
483.859
483.859
483.859
483.859
558.488
558.488
558.488
558.488
558.488
686.563
686.563
686.563
686.563
686.563
301.984
301.984
301.984
301.984
301.984
540.344
540.344
540.344
540.344
540.344
502.656
502.656
502.656
502.656
502.656
511.721
511.721
511.721
511.721
511.721
693.813
693.813
693.813
693.813
693.813
649.406
649.406
649.406
649.406
649.406
767
767
767
767
767
609.255
609.255
609.255
609.255
609.255
563.063
563.063
563.063
563.063
563.063
664.953
664.884
664.884
664.884
664.884
526.605
526.605
526.605
526.605
526.605
792
792
792
792
792
731.547
731.547
731.547
731.547
731.547
526.999
526.999
526.999
526.999
526.999
614.691
614.691
614.691
614.691
614.691
582.938
582.938
582.938
582.938
582.938
682.081
682.081
682.081
682.081
682.081
734.25
734.25
734.25
734.25
734.25
515.391
515.391
515.391
515.391
515.391
389.5
389.5
389.5
389.5
389.5
222.25
222.25
222.25
222.25
222.25
646.539
646.539
646.539
646.539
646.539
413.578
413.578
413.578
413.578
413.578
419.145
419.145
419.145
419.145
419.145
204
204
204
204
204
229
229
229
229
229
600.264
600.264
600.264
600.264
600.264
486
486
486
486
486
395.762
395.762
395.762
395.762
395.762
588.501
588.501
588.501
588.501
588.501
673.18
673.18
673.18
673.18
673.18
363.376
363.376
363.376
363.376
363.376
548.875
548.875
548.875
548.875
548.875
384.751
384.751
384.751
384.751
384.751
660.827
660.827
660.827
660.827
660.827
557.779
557.779
557.779
557.779
557.779
658.141
658.141
658.141
658.141
658.141
664.125
664.125
664.125
664.125
664.125
363.467
363.467
363.467
363.467
363.467
366.979
366.979
366.979
366.979
366.979
607.484
607.484
607.484
607.484
607.484
497.33
497.33
497.33
497.33
497.33
472.375
472.375
472.375
472.375
472.375
619.813
619.813
619.813
619.813
619.813
560
560
560
560
560
456.891
456.891
456.891
456.891
456.891
512.852
512.852
512.852
512.852
512.852
542.25
542.25
542.25
542.25
542.25
744
744
744
744
744
637.163
637.163
637.163
637.163
637.163
600.875
600.875
600.875
600.875
600.875
205.848
205.848
205.848
205.848
205.848
530.188
530.188
530.188
530.188
530.188
644
644
644
644
644
506.33
506.33
506.33
506.33
506.33
594.72
594.72
594.72
594.72
594.72
576.171
576.184
576.184
576.184
576.184
462.078
462.078
462.078
462.078
462.078
467.177
467.177
467.177
467.177
467.177
269.688
269.688
269.688
269.688
269.688
647.874
647.874
647.874
647.874
647.874
578
578
578
578
578
544.382
544.382
544.382
544.382
544.382
327.453
327.453
327.453
327.453
327.453
392.094
392.094
392.094
392.094
392.094
542.813
542.813
542.813
542.813
542.813
484.75
484.75
484.75
484.75
484.75
645.445
645.445
645.445
645.445
645.445
415.32
415.32
415.32
415.32
415.32
437
437
437
437
437
509.438
509.438
509.438
509.438
509.438
393.5
393.5
393.5
393.5
393.5
644.782
644.782
644.782
644.782
644.782
591.001
591.001
591.001
591.001
591.001
507.016
507.016
507.016
507.016
507.016
462.859
462.859
462.859
462.859
462.859
656.422
656.422
656.422
656.422
656.422
517.406
517.406
517.406
517.406
517.406
149.25
149.25
149.25
149.25
149.25
659.422
659.422
659.422
659.422
659.422
561.917
561.917
561.917
561.917
561.917
552.875
552.875
552.875
552.875
552.875
501.373
501.373
501.373
501.373
501.373
409.199
409.199
409.199
409.199
409.199
569.227
569.227
569.227
569.227
569.227
637.154
637.154
637.154
637.154
637.154
515.25
515.25
515.25
515.25
515.25
693.539
693.539
693.539
693.539
693.539
424.406
424.406
424.406
424.406
424.406
456.709
456.709
456.709
456.709
456.709
499.351
499.351
499.351
499.351
499.351
503.156
503.156
503.156
503.156
503.156
605.203
605.203
605.203
605.203
605.203
534.875
534.875
534.875
534.875
534.875
552.836
552.836
552.836
552.836
552.836
350.688
350.688
350.688
350.688
350.688
674.156
674.156
674.156
674.156
674.156
511.349
511.349
511.349
511.349
511.349
670.625
670.625
670.625
670.625
670.625
669.739
669.739
669.739
669.739
669.739
594
594
594
594
594
560.787
560.787
560.787
560.787
560.787
601.408
601.408
601.408
601.408
601.408
618.391
618.391
618.391
618.391
618.391
350.184
350.184
350.184
350.184
350.184
391.281
391.281
391.281
391.281
391.281
500.156
500.156
500.156
500.156
500.156
301.906
301.906
301.906
301.906
301.906
573.195
573.195
573.195
573.195
573.195
544.434
544.434
544.434
544.434
544.434
497.614
497.614
497.614
497.614
497.614
353.5
353.5
353.5
353.5
353.5
497
497
497
497
497
491.906
491.906
491.906
491.906
491.906
382.779
382.779
382.779
382.779
382.779
600.391
600.391
600.391
600.391
600.391
709.625
709.625
709.625
709.625
709.625
579.787
579.787
579.787
579.787
579.787
589.706
589.706
589.706
589.706
589.706
654
654
654
654
654
241.438
241.438
241.438
241.438
241.438
399.5
399.5
399.5
399.5
399.5
461.538
461.538
461.538
461.538
461.538
352.875
352.875
352.875
352.875
352.875
594
594
594
594
594
505.136
505.136
505.136
505.136
505.136
532.711
532.711
532.711
532.711
532.711
530.477
530.477
530.477
530.477
530.477
359.202
359.202
359.202
359.202
359.202
311.5
311.5
311.5
311.5
311.5
606.653
606.653
606.653
606.653
606.653
654.961
654.961
654.961
654.961
654.961
652.375
652.375
652.375
652.375
652.375
511.896
511.896
511.896
511.896
511.896
489.156
489.156
489.156
489.156
489.156
217.234
217.234
217.234
217.234
217.234
637.309
637.309
637.309
637.309
637.309
786.592
786.592
786.592
786.592
786.592
539.762
539.762
539.762
539.762
539.762
613.152
613.152
613.152
613.152
613.152
147
147
147
147
147
524.152
524.152
524.152
524.152
524.152
335.293
335.293
335.293
335.293
335.293
514.5
514.5
514.5
514.5
514.5
470.969
470.969
470.969
470.969
470.969
640
640
640
640
640
614.14
614.14
614.14
614.14
614.14
500.359
500.359
500.359
500.359
500.359
455.122
455.122
455.122
455.122
455.122
450.75
450.75
450.75
450.75
450.75
542.742
542.742
542.742
542.742
542.742
534.113
534.113
534.113
534.113
534.113
640.482
640.482
640.482
640.482
640.482
380.709
380.709
380.709
380.709
380.709
498.406
498.406
498.406
498.406
498.406
594.181
594.181
594.181
594.181
594.181
553
553
553
553
553
743.721
743.721
743.721
743.721
743.721
447.355
447.355
447.355
447.355
447.355
685.57
685.57
685.57
685.57
685.57
501.063
501.063
501.063
501.063
501.063
404.637
404.637
404.637
404.637
404.637
601.531
601.531
601.531
601.531
601.531
560.5
560.5
560.5
560.5
560.5
456.938
456.938
456.938
456.938
456.938
611.926
611.926
611.926
611.926
611.926
655.898
655.898
655.898
655.898
655.898
519.25
519.25
519.25
519.25
519.25
617.25
617.25
617.25
617.25
617.25
243.829
243.829
243.829
243.829
243.829
637
637
637
637
637
329.525
329.525
329.525
329.525
329.525
578.369
578.369
578.369
578.369
578.369
597.25
597.25
597.25
597.25
597.25
381.5
381.5
381.5
381.5
381.5
308.469
308.469
308.469
308.469
308.469
290
290
290
290
290
451
451
451
451
451
624.875
624.875
624.875
624.875
624.875
509.161
509.161
509.161
509.161
509.161
345.43
345.43
345.43
345.43
345.43
513.969
513.969
513.969
513.969
513.969
432.784
432.784
432.784
432.784
432.784
568.402
568.402
568.402
568.402
568.402
443.988
443.988
443.988
443.988
443.988
365.891
365.891
365.891
365.891
365.891
577.078
577.078
577.078
577.078
577.078
211.51
211.51
211.51
211.51
211.51
411.742
411.742
411.742
411.742
411.742
240.75
240.75
240.75
240.75
240.75
392.875
392.875
392.875
392.875
392.875
659.866
659.866
647.232
647.232
647.232
495.746
495.746
495.746
495.746
495.746
564.156
564.156
564.156
564.156
564.156
457.125
457.125
457.125
457.125
457.125
496.844
496.844
496.844
496.844
496.844
600.781
600.781
600.781
600.781
600.781
724.762
724.762
724.762
724.762
724.762
607.219
607.219
607.219
607.219
607.219
619.375
619.375
619.375
619.375
619.375
451.938
451.938
451.938
451.938
451.938
512.913
512.913
512.913
512.913
512.913
532.44
532.44
532.44
532.44
532.44
602.988
602.988
602.988
602.988
602.988
402.438
402.438
402.438
402.438
402.438
675.538
675.538
675.538
675.538
675.538
546.776
546.776
546.776
546.776
546.776
553.738
553.738
553.738
553.738
553.738
738.848
738.848
738.848
738.848
738.848
279.914
279.914
279.914
279.914
279.914
596.672
596.672
596.672
596.672
596.672
601.5
601.5
601.5
601.5
601.5
315.471
315.471
315.471
315.471
315.471
466.094
466.094
466.094
466.094
466.094
196.927
196.927
196.927
196.927
196.927
611.656
611.656
611.656
611.656
611.656
457.035
457.035
457.035
457.035
457.035
296.5
296.5
296.5
296.5
296.5
454.375
454.375
454.375
454.375
454.375
604.785
604.785
604.785
604.785
604.785
425.086
425.086
425.086
425.086
425.086
519.278
519.278
519.278
519.278
519.278
469.428
469.428
469.428
469.428
469.428
551.336
551.336
551.336
551.336
551.336
527.542
527.542
527.543
527.543
527.543
535.093
535.093
535.093
535.093
535.093
729.5
729.5
729.5
729.5
729.5
674.219
674.219
674.219
674.219
674.219
454.93
454.93
454.93
454.93
454.93
505.553
505.553
505.553
505.553
505.553
353.188
353.188
353.188
353.188
353.188
411.102
411.102
411.102
411.102
411.102
469.937
469.937
469.937
469.937
469.937
438.262
438.262
438.262
438.262
438.262
449.481
449.481
449.481
449.481
449.481
683.458
683.458
683.458
683.458
683.458
378.75
378.75
378.75
378.75
378.75
448.5
448.5
448.5
448.5
448.5
459.094
459.094
459.094
459.094
459.094
455.688
455.688
455.688
455.688
455.688
464.281
464.281
464.281
464.281
464.281
317.114
317.114
317.114
317.114
317.114
551.188
551.188
551.188
551.188
551.188
711.516
711.516
711.516
711.516
711.516
609.375
609.375
609.375
609.375
609.375
451.744
451.744
451.744
451.744
451.744
498.938
498.938
498.938
498.938
498.938
529.797
529.797
529.797
529.797
529.797
583.793
583.793
583.793
583.793
583.793
569.858
569.858
569.858
569.858
569.858
427.863
427.863
427.863
427.863
427.863
585.454
585.454
585.454
585.454
585.454
521.875
521.875
521.875
521.875
521.875
592.461
592.461
592.461
592.461
592.461
615.688
615.688
615.688
615.688
615.688
405.605
405.605
405.605
405.605
405.605
645.43
645.43
645.43
645.43
645.43
568.445
568.445
568.445
568.445
568.445
517.084
517.084
517.084
517.084
517.084
558.813
558.813
558.813
558.813
558.813
579.58
579.58
579.58
579.58
579.58
373.594
373.594
373.594
373.594
373.594
306.055
306.055
306.055
306.055
306.055
430
430
430
430
430
527.979
527.979
527.979
527.979
527.979
508.148
508.148
508.148
508.148
508.148
340.953
340.953
340.953
340.953
340.953
344.391
344.391
344.391
344.391
344.391
395.319
395.319
395.319
395.319
395.319
472.688
472.688
472.688
472.688
472.688
354.773
354.773
354.773
354.773
354.773
607.438
607.438
607.438
607.438
607.438
553.892
553.892
553.892
553.892
553.892
487.688
487.688
487.688
487.688
487.688
615.313
615.313
615.313
615.313
615.313
301.5
301.5
301.5
301.5
301.5
679.5
679.5
679.5
679.5
679.5
406.484
406.484
406.484
406.484
406.484
278.25
278.25
278.25
278.25
278.25
421.375
421.375
421.375
421.375
421.375
729.539
729.539
729.539
729.539
729.539
624.691
624.691
624.691
624.691
624.691
500.09
500.09
500.09
500.09
500.09
620.125
620.125
620.125
620.125
620.125
446.621
446.621
446.621
446.621
446.621
465.254
465.254
465.254
465.254
465.254
355.35
355.35
355.35
355.35
355.35
539.5
539.5
539.5
539.5
539.5
556.57
556.57
556.57
556.57
556.57
411.125
411.125
411.125
411.125
411.125
444.846
444.846
444.846
444.846
444.846
391.859
391.859
391.859
391.859
391.859
426.836
426.836
426.836
426.836
426.836
467.25
467.25
467.25
467.25
467.25
637.406
637.406
637.406
637.406
637.406
188.914
188.914
188.914
188.914
188.914
620.063
620.063
620.063
620.063
620.063
481
481
481
481
481
535.625
535.625
535.625
535.625
535.625
461.789
461.789
461.789
461.789
461.789
546.5
546.5
546.5
546.5
546.5
600.531
600.531
600.531
600.531
600.531
593.113
593.113
593.113
593.113
593.113
586.664
586.664
586.664
586.664
586.664
351.25
351.25
351.25
351.25
351.25
461.375
461.375
461.375
461.375
461.375
590.688
590.688
590.688
590.688
590.688
394.188
394.188
394.188
394.188
394.188
431.504
431.504
431.504
431.504
431.504
583.156
583.156
583.156
583.156
583.156
464.406
464.406
464.406
464.406
464.406
480
480
480
480
480
243.447
243.447
243.447
243.447
243.447
471.068
471.068
471.068
471.068
471.068
385.188
385.188
385.188
385.188
385.188
446.377
446.377
446.377
446.377
446.377
475.145
475.145
475.145
475.145
475.145
679.875
679.875
679.875
679.875
679.875
543.461
543.461
543.461
543.461
543.461
337.969
337.969
337.969
337.969
337.969
286.75
286.75
286.75
286.75
286.75
530.656
530.656
530.656
530.656
530.656
571.698
571.698
571.698
571.698
571.698
315.054
315.054
315.054
315.054
315.054
578.528
578.528
578.528
578.528
578.528
563.215
563.215
563.215
563.215
563.215
551.141
551.141
551.141
551.141
551.141
295.922
295.922
295.922
295.922
295.922
0
0
0
0
0
548.75
548.75
548.75
548.75
548.75
421.391
421.391
421.391
421.391
421.391
444.922
444.922
444.922
444.922
444.922
554.598
554.598
554.598
554.598
554.598
639.997
639.997
639.997
639.997
639.997
458.469
458.469
458.469
458.469
458.469
594.203
594.203
594.203
594.203
594.203
659.008
659.008
659.008
659.008
659.008
675.516
675.516
675.516
675.516
675.516
451.09
451.09
451.09
451.09
451.09
301.625
301.625
301.625
301.625
301.625
315.5
315.5
315.5
315.5
315.5
585.581
585.581
585.581
585.581
585.581
595.117
595.117
595.117
595.117
595.117
513.229
513.229
513.229
513.229
513.229
618.5
618.5
618.5
618.5
618.5
586.344
586.344
586.344
586.344
586.344
345.097
345.097
345.097
345.097
345.097
366.327
366.327
366.327
366.327
366.327
319.492
319.492
319.492
319.492
319.492
515.328
515.328
515.328
515.328
515.328
338.371
338.371
338.371
338.371
338.371
645
645
645
645
645
584.242
584.242
584.242
584.242
584.242
377.922
377.922
377.922
377.922
377.922
644.625
644.625
644.625
644.625
644.625
547.182
547.182
547.182
547.182
547.182
269.824
269.824
269.824
269.824
269.824
616
616
616
616
616
677.5
677.5
677.5
677.5
677.5
515.141
515.141
515.141
515.141
515.141
610.043
610.043
610.043
610.043
610.043
481.914
481.914
481.914
481.914
481.914
693.219
693.219
693.219
693.219
693.219
249.99
249.99
249.99
249.99
249.99
470.578
470.578
470.578
470.578
470.578
711.375
711.375
711.375
711.375
711.375
622.32
622.32
622.32
622.32
622.32
582.375
582.375
582.375
582.375
582.375
695.154
695.154
695.154
695.154
695.154
663.63
663.63
663.63
663.63
663.63
687.063
687.063
687.063
687.063
687.063
489.375
489.375
489.375
489.375
489.375
656.25
656.25
656.25
656.25
656.25
549.512
549.512
549.512
549.512
549.512
563.664
563.664
563.664
563.664
563.664
280.063
280.063
280.063
280.063
280.063
549.469
549.469
549.469
549.469
549.469
491.938
491.938
491.938
491.938
491.938
437.411
437.411
437.411
437.411
437.411
667.5
667.5
667.5
667.5
667.5
506.594
506.594
506.594
506.594
506.594
720.839
720.839
720.839
720.839
720.839
465.416
465.416
465.416
465.416
465.416
499.351
499.351
499.351
499.351
499.351
527.961
527.961
527.961
527.961
527.961
387.141
387.141
387.141
387.141
387.141
406.406
406.406
406.406
406.406
406.406
448.674
448.674
448.674
448.674
448.674
577.273
577.273
577.273
577.273
577.273
586.375
586.375
586.375
586.375
586.375
663.125
663.125
663.125
663.125
663.125
502.797
502.797
502.797
502.797
502.797
620.25
620.25
620.25
620.25
620.25
393.82
393.82
393.82
393.82
393.82
612.5
612.5
612.5
612.5
612.5
453
453
453
453
453
572.844
572.844
572.844
572.844
572.844
583.375
583.375
583.375
583.375
583.375
563.354
563.354
563.354
563.354
563.354
481.125
481.125
481.125
481.125
481.125
596.938
639.375
639.375
639.375
639.375
703.503
703.503
703.503
703.503
703.503
573.578
573.578
573.578
573.578
573.578
597.283
597.283
597.283
597.283
597.283
705.969
705.969
705.969
705.969
705.969
541.039
541.039
541.039
541.039
541.039
628.953
628.953
628.953
628.953
628.953
510.531
510.531
510.531
510.531
510.531
337.83
337.83
337.83
337.83
337.83
546.363
546.363
546.363
546.363
546.363
349.75
349.75
349.75
349.75
349.75
699.264
699.264
699.264
699.264
699.264
503.955
503.955
503.955
503.955
503.955
550.945
550.945
550.945
550.945
550.945
393.25
393.25
393.25
393.25
393.25
588.281
588.281
588.281
588.281
588.281
548.75
548.75
548.75
548.75
548.75
501.029
501.029
501.029
501.029
501.029
449.778
449.778
449.778
449.778
449.778
305.854
305.854
305.854
305.854
305.854
438.5
438.5
438.5
438.5
438.5
235.813
235.813
235.813
235.813
235.813
549.844
549.844
549.844
549.844
549.844
482.797
482.797
482.797
482.797
482.797
376.625
376.625
376.625
376.625
376.625
362.5
362.5
362.5
362.5
362.5
528.375
528.375
528.375
528.375
528.375
445.109
445.109
445.109
445.109
445.109
595.699
595.699
595.699
595.699
595.699
389
389
389
389
389
610.563
610.563
610.563
610.563
610.563
530.182
530.182
530.182
530.182
530.182
724.078
724.078
724.078
724.078
724.078
386.414
386.414
386.414
386.414
426.328
527.674
527.674
527.674
527.674
527.674
433.969
433.969
433.969
433.969
433.969
520.992
520.992
520.992
520.992
520.992
434.936
434.936
434.936
434.936
434.936
553.292
553.292
553.292
553.292
553.292
679.75
679.75
679.75
679.75
679.75
377.645
377.645
377.645
377.645
377.645
666.601
666.601
666.601
666.601
666.601
265.656
265.656
265.656
265.656
265.656
505.555
505.555
505.555
505.555
505.555
527.094
527.094
527.094
527.094
527.094
332
332
332
332
332
714.453
714.453
714.453
714.453
714.453
497.719
497.719
497.719
497.719
497.719
688.531
688.531
688.531
688.531
688.531
637.734
637.734
637.734
637.734
637.734
528.883
528.883
528.883
528.883
528.883
642.192
642.192
642.192
642.192
642.192
563.5
563.5
563.5
563.5
563.5
423.5
423.5
423.5
423.5
423.5
674.5
674.5
674.5
674.5
674.5
446.906
446.906
446.906
446.906
446.906
313.5
313.5
313.5
313.5
313.5
501
501
501
501
501
593.02
593.02
593.02
593.02
593.02
591.951
591.951
591.951
591.951
591.951
462.656
462.656
462.656
462.656
462.656
484.518
484.518
484.518
484.518
484.518
528.551
528.551
528.551
528.551
528.551
618.952
618.952
618.952
618.952
618.952
701.301
701.301
701.301
701.301
701.301
474.947
474.947
474.947
474.947
474.947
675.201
675.201
675.201
675.201
675.201
667.816
667.816
667.816
667.816
667.816
561
561
561
561
561
490.71
490.71
490.71
490.71
490.71
740.61
740.61
740.61
740.61
740.61
647.938
647.938
647.938
647.938
647.938
708.5
708.5
708.5
708.5
708.5
327.424
327.424
327.424
327.424
327.424
721.813
721.813
721.813
721.813
721.813
670.219
670.219
670.219
670.219
670.219
220.446
220.446
220.446
220.446
220.446
404.469
404.469
404.469
404.469
404.469
584.875
584.875
584.875
584.875
584.875
385.625
385.625
385.625
385.625
385.625
596.75
596.75
596.75
596.75
596.75
448.616
448.616
448.616
448.616
448.616
473.247
473.247
473.247
473.247
473.247
765
765
765
765
765
461.063
461.063
461.063
461.063
461.063
528.65
528.65
528.65
528.65
528.65
471.391
471.391
471.391
471.391
471.391
480.447
480.447
480.447
480.447
480.447
369.813
369.813
369.813
369.813
369.813
509.5
509.5
509.5
509.5
509.5
500.656
500.656
500.656
500.656
500.656
376.242
376.242
376.242
376.242
376.242
551.237
551.237
551.237
551.237
551.237
671.633
671.633
671.633
671.633
671.633
562.879
562.879
562.879
562.879
562.879
176.081
176.081
176.081
176.081
176.081
462.313
462.313
462.313
462.313
462.313
406.313
406.313
406.313
406.313
406.313
466.714
466.714
466.714
466.714
466.714
426.25
426.25
426.25
426.25
426.25
439.338
439.338
439.338
439.338
439.338
235.969
235.969
235.969
235.969
235.969
458.938
458.938
458.938
458.938
458.938
390.34
390.34
390.34
390.34
390.34
527
527
527
527
527
391.564
391.564
391.564
391.564
391.564
476.757
476.757
476.757
476.757
476.757
696.014
696.014
696.014
696.014
696.014
615.198
615.198
615.198
615.198
615.198
516.094
516.094
516.094
516.094
516.094
186.422
186.422
186.422
186.422
186.422
705.911
705.911
705.911
705.911
705.911
286.395
286.395
286.395
286.395
286.395
450.19
450.19
450.19
450.19
450.19
344.75
344.75
344.75
344.75
344.75
604.514
604.514
604.514
604.514
604.514
699.633
699.633
699.633
699.633
699.633
689.891
689.891
689.891
689.891
689.891
468.11
468.11
468.11
468.11
468.11
455.828
455.828
455.828
455.828
455.828
516
516
516
516
516
583.746
583.746
583.746
583.746
583.746
286.555
286.555
286.555
286.555
286.555
541.688
541.688
541.688
541.688
541.688
454.625
454.625
454.625
454.625
454.625
453.265
453.265
453.265
453.265
453.265
728.922
728.922
728.922
728.922
728.922
480.141
480.141
480.141
480.141
480.141
395.37
395.37
395.37
395.37
395.37
548.398
548.398
548.398
548.398
548.398
483.193
483.193
483.193
483.193
483.193
605.044
605.044
605.044
605.044
605.044
396
396
396
396
396
537.469
537.469
537.469
537.469
537.469
514.25
514.25
514.25
514.25
514.25
607.25
607.25
607.25
607.25
607.25
584.5
584.5
584.5
584.5
584.5
605.395
605.395
605.395
605.395
605.395
429.641
429.641
429.641
429.641
429.641
588.926
588.926
588.926
588.926
588.926
418.627
418.627
418.627
418.627
418.627
552.207
552.207
552.207
552.207
552.207
518.25
518.25
518.25
518.25
518.25
550.855
550.855
550.855
550.855
550.855
481.613
481.613
481.613
481.613
481.613
591.992
591.992
591.992
591.992
591.992
382.656
382.656
382.656
382.656
382.656
546.438
546.438
546.438
546.438
546.438
604.695
604.695
604.695
604.695
604.695
434.25
434.25
434.25
434.25
434.25
465.578
465.578
465.578
465.578
465.578
548.706
548.706
548.706
548.706
548.706
506.737
506.737
506.737
506.737
506.737
581.672
581.672
581.672
581.672
581.672
706.102
706.102
706.102
706.102
706.102
614.625
614.625
614.625
614.625
614.625
639
639
639
639
639
599.876
599.876
599.876
599.876
599.876
500.25
500.25
500.25
500.25
500.25
206.42
206.42
206.42
206.42
206.42
511.32
511.32
511.32
511.32
511.32
471.988
471.988
471.988
471.988
471.988
372.754
372.754
372.754
372.754
372.754
399.906
399.906
399.906
399.906
399.906
419.139
419.139
419.139
419.139
419.139
480
480
480
480
480
558.047
558.047
558.047
558.047
558.047
568.513
568.513
568.513
568.513
568.513
303.632
303.632
303.632
303.632
303.632
532.82
532.82
532.82
532.82
532.82
672.938
672.938
672.938
672.938
672.938
345.781
345.781
345.781
345.781
345.781
342.743
342.743
342.743
342.743
342.743
335.25
335.25
335.25
335.25
335.25
444.688
444.688
444.688
444.688
444.688
653.25
653.25
653.25
653.25
653.25
388.578
388.578
388.578
388.578
388.578
603.348
603.348
603.348
603.348
603.348
483.563
483.563
483.563
483.563
483.563
347.938
347.938
347.938
347.938
347.938
564
564
564
564
564
714.613
714.613
714.613
714.613
714.613
575.609
575.609
575.609
575.609
575.609
554.797
554.797
554.797
554.797
554.797
589.999
589.999
589.999
589.999
589.999
461.969
461.969
461.969
461.969
461.969
592.558
592.558
592.558
592.558
592.558
629.809
629.809
629.809
629.809
629.809
479.813
479.813
479.813
479.813
479.813
333.544
333.544
333.544
333.544
333.544
408.32
408.32
408.32
408.32
408.32
510.571
510.571
510.571
510.571
510.571
395
395
395
395
395
587.523
587.523
587.523
587.523
587.523
464.258
464.258
464.258
464.258
464.258
622.313
622.313
622.313
622.313
622.313
539.781
539.781
539.781
539.781
539.781
527.469
527.469
527.469
527.469
527.469
216.242
216.242
216.242
216.242
216.242
332.313
332.313
332.313
332.313
332.313
376.449
376.449
376.449
376.449
376.449
587.897
587.897
587.897
587.897
587.897
278.25
278.25
278.25
278.25
278.25
519.375
519.375
519.375
519.375
519.375
468.75
468.75
468.75
468.75
468.75
326.305
326.305
326.305
326.305
326.305
661.199
661.199
661.199
661.199
661.199
523.226
523.226
523.226
523.226
523.226
699.438
699.438
699.438
699.438
699.438
536.344
536.344
536.344
536.344
536.344
435.594
435.594
435.594
435.594
435.594
556.156
556.156
556.156
556.156
556.156
421.805
421.805
421.805
421.805
421.805
392.688
392.688
392.688
392.688
392.688
507.703
507.703
507.703
507.703
507.703
671.25
671.25
671.25
671.25
671.25
423.125
423.125
423.125
423.125
423.125
796.5
796.5
796.5
796.5
796.5
610.212
610.212
610.212
610.212
610.212
635.773
635.773
635.773
635.773
635.773
690.981
690.981
690.981
690.981
690.981
168.912
168.912
168.912
168.912
168.912
756.425
756.425
756.425
756.425
756.425
522.188
522.188
522.188
522.188
522.188
728.532
728.532
728.532
728.532
728.532
691.25
691.25
691.25
691.25
691.25
437.125
437.125
437.125
437.125
437.125
555.859
555.859
555.859
555.859
555.859
539.055
539.055
539.055
539.055
539.055
674.266
674.266
674.266
674.266
674.266
685.686
685.686
685.686
685.686
685.686
534
534
534
534
534
566.305
566.305
566.305
566.305
566.305
603.044
603.044
603.044
603.044
603.044
611.188
611.188
611.188
611.188
611.188
429.094
429.094
429.094
429.094
429.094
406.609
406.609
406.609
406.609
406.609
627.438
627.438
627.438
627.438
627.438
372.75
372.75
372.75
372.75
372.75
441
441
441
441
441
573.164
573.164
573.164
573.164
573.164
418.461
418.461
418.461
418.461
418.461
649
649
649
649
649
678.054
678.054
678.054
678.054
678.054
314.01
314.01
314.01
314.01
314.01
287.484
287.484
287.484
287.484
287.484
403.664
403.664
403.664
403.664
403.664
594.777
594.777
594.777
594.777
594.777
702.5
702.5
702.5
702.5
702.5
722.172
722.172
722.172
722.172
722.172
476.938
476.938
476.938
476.938
476.938
405.188
405.188
405.188
405.188
405.188
554.703
554.703
554.703
554.703
554.703
712.5
712.5
712.5
712.5
712.5
507.25
507.25
507.25
507.25
507.25
484.438
484.438
484.438
484.438
484.438
479.75
479.75
479.75
479.75
479.75
512
512
512
512
512
571.188
571.188
571.188
571.188
571.188
646.719
646.719
646.719
646.719
646.719
654
654
654
654
654
438.734
438.734
438.734
438.734
438.734
574.218
574.218
574.218
574.218
574.218
496.346
496.346
496.346
496.346
496.346
704.125
704.125
704.125
704.125
704.125
538.26
538.26
538.26
538.26
538.26
509.215
509.215
509.215
509.215
509.215
599.287
599.287
599.287
599.287
599.287
563.524
563.524
563.524
563.524
563.524
609.078
609.078
609.078
609.078
609.078
664.711
664.711
664.711
664.711
664.711
491.375
491.375
491.375
491.375
491.375
534.21
534.21
534.21
534.21
534.21
465.518
465.518
465.518
465.518
465.518
449.625
449.625
449.625
449.625
449.625
725.375
725.375
725.375
725.375
725.375
619.406
619.406
619.406
619.406
619.406
713.094
713.094
713.094
713.094
713.094
587.537
587.537
587.537
587.537
587.537
520.266
520.266
520.266
520.266
520.266
587.181
587.181
587.181
587.181
587.181
471.625
471.625
471.625
471.625
471.625
414.688
414.688
414.688
414.688
414.688
592.545
592.545
592.545
592.545
592.545
523.396
523.396
523.396
523.396
523.396
578.324
578.324
578.324
578.324
578.324
250.688
250.688
250.688
250.688
250.688
702.293
702.293
702.293
702.293
702.293
158.039
158.039
158.039
158.039
158.039
553
553
553
553
553
675.242
675.242
675.242
675.242
675.242
557
557
557
557
557
537.75
537.75
537.75
537.75
537.75
630.379
630.379
630.379
630.379
630.379
310.867
310.867
310.867
310.867
310.867
720.886
720.886
720.886
720.886
720.886
627.036
627.036
627.036
627.036
627.036
325.242
325.242
325.242
325.242
325.242
643.875
643.875
643.875
643.875
643.875
602.719
602.719
602.719
602.719
602.719
577.75
577.75
577.75
577.75
577.75
267.211
267.211
267.211
267.211
267.211
744.5
744.5
744.5
744.5
744.5
361.717
361.717
361.717
361.717
361.717
668.186
668.186
668.186
668.186
668.186
271.422
271.422
271.422
271.422
271.422
440.109
440.109
440.109
440.109
440.109
575.178
575.178
575.178
575.178
575.178
703.842
703.842
703.842
703.842
703.842
469.516
469.516
469.516
469.516
469.516
347.342
347.342
347.342
347.342
347.342
491.25
491.25
491.25
491.25
491.25
318.5
318.5
318.5
318.5
318.5
398.967
398.967
398.967
398.967
398.967
684.197
684.197
684.197
684.197
684.197
233.602
233.602
233.602
233.602
233.602
372.619
372.619
372.619
372.619
372.619
310.594
310.594
310.594
310.594
310.594
555.75
555.75
555.75
555.75
555.75
438.563
438.563
438.563
438.563
438.563
631.813
631.813
631.813
631.813
631.813
548.031
548.031
548.031
548.031
548.031
630.85
630.85
630.85
630.85
630.85
289.156
289.156
289.156
289.156
289.156
637
637
637
637
637
677.468
677.468
677.468
677.468
677.468
561.121
561.121
561.121
561.121
561.121
651.276
651.276
651.276
651.276
651.276
661.229
661.229
661.229
661.229
661.229
635.264
635.264
635.264
635.264
635.264
740
740
740
740
740
507.871
507.871
507.871
507.871
507.871
634.384
634.384
634.384
634.384
634.384
537.875
537.875
537.875
537.875
537.875
333.397
333.397
333.397
333.397
333.397
278.56
278.56
278.56
278.56
278.56
494.25
494.25
494.25
494.25
494.25
647.75
647.75
647.75
647.75
647.75
487.344
487.344
487.344
487.344
487.344
528.578
528.578
528.578
528.578
528.578
391.25
391.25
391.25
391.25
391.25
390.061
390.061
390.061
390.061
390.061
422.848
422.848
422.848
422.848
422.848
443.568
443.568
443.568
443.568
443.568
649.75
649.75
649.75
649.75
649.75
0
0
0
0
0
736.928
736.928
736.928
736.928
736.928
534
534
534
534
534
600.361
600.361
600.361
600.361
600.361
466.813
466.813
466.813
466.813
466.813
443.749
443.749
443.749
443.749
443.749
575.703
575.703
575.703
575.703
575.703
595.938
595.938
595.938
595.938
595.938
330.5
330.5
330.5
330.5
330.5
404.258
404.258
404.258
404.258
404.258
552.539
552.539
552.539
552.539
552.539
631.125
631.125
631.125
631.125
631.125
617.488
617.488
617.488
617.488
617.488
433.375
433.375
433.375
433.375
433.375
355.61
355.61
355.61
355.61
355.61
621.125
621.125
621.125
621.125
621.125
498.85
498.85
498.85
498.85
498.85
566.5
566.5
566.5
566.5
566.5
523.441
523.441
523.441
523.441
523.441
444.547
444.547
444.547
444.547
444.547
544.125
544.125
544.125
544.125
544.125
589.734
589.734
589.734
589.734
589.734
603.585
603.585
603.585
603.585
603.585
476.383
476.383
476.383
476.383
476.383
655.625
655.625
655.625
655.625
655.625
606.508
606.508
606.508
606.508
606.508
501.797
501.797
501.797
501.797
501.797
337.487
337.487
337.487
337.487
337.487
256.439
256.439
256.439
256.439
256.439
484.014
484.014
484.014
484.014
484.014
588.266
588.266
588.266
588.266
588.266
670.205
670.205
670.205
670.205
670.205
663.109
663.109
663.109
663.109
663.109
575.375
575.375
575.375
575.375
575.375
268.617
268.617
268.617
268.617
268.617
569.809
569.809
569.809
569.809
569.809
571.75
571.75
571.75
571.75
571.75
705.5
705.5
705.5
705.5
705.5
231.188
231.188
231.188
231.188
231.188
400.586
400.586
400.586
400.586
400.586
512.416
512.416
512.416
512.416
512.416
308.813
308.813
308.813
308.813
308.813
474.541
474.541
474.541
474.541
474.541
478.457
478.457
478.457
478.457
478.457
244.781
244.781
244.781
244.781
244.781
379.615
379.615
379.615
379.615
379.615
353.047
353.047
353.047
353.047
353.047
407.22
407.22
407.22
407.22
407.22
563.052
563.052
563.052
563.052
563.052
402.484
402.484
402.484
402.484
402.484
482.28
482.28
482.28
482.28
482.28
609.524
609.524
609.524
609.524
609.524
477.984
477.984
477.984
477.984
477.984
330.753
330.753
330.753
330.753
330.753
425.9
425.9
425.9
425.9
425.9
364.125
364.125
364.125
364.125
364.125
457.031
457.031
457.031
457.031
457.031
280.951
280.951
280.951
280.951
280.951
460.836
460.836
460.836
460.836
460.836
577.5
577.5
577.5
577.5
577.5
657.25
657.25
657.25
657.25
657.25
609.527
609.527
609.527
609.527
609.527
540
540
540
540
540
469.385
469.385
469.385
469.385
469.385
422.625
422.625
422.625
422.625
422.625
513.388
513.388
513.388
513.388
513.388
701.215
701.215
701.215
701.215
701.215
540.486
540.486
540.486
540.486
540.486
417.5
417.5
417.5
417.5
417.5
692.625
692.625
692.625
692.625
692.625
585.103
585.103
585.103
585.103
585.103
0
