0
0
0
0
0
0
0
0
0
0
0
0
0
0
0
0
0
0
0
0
0
0
0
0
0
0
0
0
0
0
0
0
0
0
0
0
0
0
0
0
0
0
0
0
0
0
0
0
0
0
0
0
0
0
0
0
0
0
0
0
0
0
0
0
0
0
0
0
0
0
0
0
0
0
0
0
0
0
0
0
0
0
0
0
0
0
0
0
0
0
0
0
0
0
0
0
0
0
0
0
0
0
0
0
0
0
0
0
0
0
0
0
0
0
0
0
0
0
0
0
0
0
0
0
0
0
0
0
0
0
0
0
0
0
0
0
0
0
0
0
0
0
0
0
0
0
0
0
0
0
0
0
0
0
0
0
0
0
0
0
0
0
0
0
0
0
0
0
0
0
0
0
0
0
0
0
0
0
0
0
0
0
0
0
0
0
0
0
0
0
0
0
0
0
0
0
0
0
0
754.775
754.775
754.775
754.775
754.775
770.38
770.38
770.38
770.38
770.38
763.331
763.331
763.331
763.331
763.331
742.42
742.42
742.42
742.42
742.42
775.9
775.9
775.9
775.9
775.9
751.121
751.121
751.121
751.121
751.121
775.38
775.38
775.38
775.38
775.38
789.786
789.786
789.786
789.786
789.786
758.248
758.248
758.248
758.248
758.248
749.371
749.371
749.371
749.371
749.371
786.341
786.341
786.341
786.341
786.341
761.091
761.091
761.091
761.091
761.091
765.223
765.223
765.223
765.223
765.223
790.156
790.156
790.156
790.156
790.156
790.7
790.7
790.7
790.7
790.7
766.847
766.847
766.847
766.847
766.847
792.111
792.111
792.111
792.111
792.111
767.758
767.859
767.859
767.859
767.859
718.125
718.125
718.125
718.125
718.125
774.78
774.78
774.78
774.78
774.78
744.555
744.555
744.555
744.555
744.555
422.867
422.867
422.867
422.867
422.867
331.072
331.072
331.072
331.072
331.072
719.094
719.094
719.094
719.094
719.094
678.414
678.414
678.414
678.414
678.414
747.995
747.995
747.995
747.995
747.995
752.272
752.272
752.272
752.272
752.272
695.511
695.511
695.511
695.511
695.511
764.708
764.708
764.708
764.708
764.708
714.427
714.427
714.427
714.427
714.427
508.621
508.621
508.621
508.621
508.621
484.615
484.615
484.615
484.615
484.615
474.004
474.004
474.004
474.004
474.004
575.301
575.301
575.301
575.301
575.301
705.71
705.71
705.71
705.71
705.71
608.834
608.834
608.834
608.834
608.834
449.581
449.581
449.581
449.581
449.581
690.901
690.901
690.901
690.901
690.901
731.043
731.043
731.043
731.043
731.043
609.3
609.3
609.3
609.3
609.3
594.043
594.043
594.043
594.043
594.043
779
779
779
779
779
467.133
467.133
467.133
467.133
467.133
704.326
704.326
704.326
704.326
704.326
676.466
676.466
676.466
676.466
676.466
724.776
724.776
724.776
724.776
724.776
602.223
602.223
602.223
602.223
602.223
507.664
507.664
507.664
507.664
507.664
722.917
722.917
722.917
722.917
722.917
456.442
456.442
456.442
456.442
456.442
580.459
580.459
580.459
580.459
580.459
562.58
562.58
562.58
562.58
562.58
607.989
607.989
607.989
607.989
607.989
739.916
740.145
740.145
740.145
740.145
536.602
536.602
536.602
536.602
536.602
765.177
765.177
765.177
765.177
765.177
761.115
761.115
761.115
761.115
761.115
681.679
681.679
681.679
681.679
681.679
790.949
790.949
790.949
790.949
790.949
778.318
778.318
778.318
778.318
778.318
765.01
765.01
765.01
765.01
765.01
775.841
775.841
775.841
775.841
775.841
758.084
758.084
758.084
758.084
758.084
720.708
720.708
720.708
720.708
720.708
730.653
730.653
730.653
730.653
730.653
763.361
763.361
763.361
763.361
763.361
788.89
788.89
788.89
788.89
788.89
792.03
792.03
792.03
792.03
792.03
771.791
771.791
771.791
771.791
771.791
780.543
780.543
780.543
780.543
780.543
782.268
782.268
782.268
782.268
782.268
776.925
776.925
776.925
776.925
776.925
770.727
770.727
770.727
770.727
770.727
791.613
791.613
791.613
791.613
791.613
788.248
788.248
788.248
788.248
788.248
781.22
781.22
781.22
781.22
781.22
789.454
789.454
789.454
789.454
789.454
750.789
750.789
750.789
750.789
750.789
744.035
744.035
744.035
744.035
744.035
757.085
757.085
757.085
757.085
757.085
644.833
644.833
644.833
644.833
644.833
344.721
344.721
344.721
344.721
344.721
703.032
703.032
703.032
703.032
703.032
733.222
733.222
733.222
733.222
733.222
701.437
701.437
701.437
701.437
701.437
747.536
747.536
747.536
747.536
747.536
735.083
735.083
735.083
735.083
735.083
730.933
730.933
730.933
730.933
730.933
763.899
763.899
763.899
763.899
763.899
593.1
593.1
593.1
593.1
593.1
461.169
461.169
461.169
461.169
461.169
468.466
468.466
468.466
468.466
468.466
679.291
679.291
679.291
679.291
679.291
398.464
398.464
398.464
398.464
398.464
672.957
672.957
672.957
672.957
672.957
708.769
708.769
708.769
708.769
708.769
260.156
260.156
260.156
260.156
260.156
422.623
422.623
422.623
422.623
422.623
558.375
558.375
558.375
558.375
558.375
331.45
331.45
331.45
331.45
331.45
443.901
443.901
443.901
443.901
443.901
638.634
638.634
638.634
638.634
638.634
367.212
367.212
367.212
367.212
367.212
644.708
644.708
644.708
644.708
644.708
410.089
410.089
410.089
410.089
410.089
487.797
487.797
487.797
487.797
487.797
722.713
722.713
722.713
722.713
722.713
680.392
680.392
680.392
680.392
680.392
657.524
657.524
657.524
657.524
657.524
754.387
754.387
754.387
754.387
754.387
754.873
754.873
754.873
754.873
754.873
767.595
767.595
767.595
767.595
767.595
774.205
774.205
774.205
774.205
774.205
740.952
740.952
740.952
740.952
740.952
720.127
720.127
720.127
720.127
720.127
383.201
383.201
383.201
383.201
383.201
643.659
643.659
643.659
643.659
643.659
749.652
749.652
749.652
749.652
749.652
737.264
737.264
737.264
737.264
737.264
733.812
733.812
733.812
733.812
733.812
767.46
767.46
767.46
767.46
767.46
774.757
774.757
774.757
774.757
774.757
718.277
718.398
718.398
718.398
718.398
724.572
724.572
724.572
724.572
724.572
759.582
759.582
759.582
759.582
759.582
740.76
740.76
740.76
740.76
740.76
738.013
738.013
738.013
738.013
738.013
262.892
262.892
262.892
262.892
262.892
420.941
420.941
420.941
420.941
420.941
387.65
387.65
387.65
387.65
387.65
700.017
700.017
700.017
700.017
700.017
632.903
632.903
632.903
632.903
632.903
765.267
765.267
765.267
765.267
765.267
695.575
695.575
695.575
695.575
695.575
386.734
386.734
386.734
386.734
386.734
545.423
545.423
545.423
545.423
545.423
362.635
362.635
362.635
362.635
362.635
767.637
767.637
767.637
767.637
767.637
771.691
771.691
771.691
771.691
771.691
775.313
775.313
775.313
775.313
775.313
717.288
717.288
717.288
717.288
717.288
650.372
650.372
650.372
650.372
650.372
760.028
760.028
760.028
760.028
760.028
573.053
573.053
573.053
573.053
573.053
484.375
484.375
484.375
484.375
484.375
719.858
719.858
719.858
719.858
719.858
739.931
739.931
739.931
739.931
739.931
734.101
734.101
734.101
734.101
734.101
592.144
592.144
592.144
592.144
592.144
664.008
664.008
664.008
664.008
664.008
532.377
532.377
532.377
532.377
532.377
677.016
677.016
677.016
677.016
677.016
758.073
758.073
758.073
758.073
758.073
765.606
765.243
765.243
765.243
765.243
780.866
780.866
780.866
780.866
780.866
773.64
773.64
773.64
773.64
773.64
774.839
774.839
774.839
774.839
774.839
780.871
780.871
780.871
780.871
780.871
777.008
777.008
777.008
777.008
777.008
749.381
749.381
749.381
749.381
749.381
735.085
735.085
735.085
735.085
735.085
756.805
756.805
756.805
756.805
756.805
726.183
726.183
726.183
726.183
726.183
771.661
771.661
771.661
771.661
771.661
751.36
751.36
751.36
751.36
751.36
694.44
694.44
694.44
694.44
694.44
789.299
789.299
789.299
789.299
789.299
536.776
536.776
536.776
536.776
536.776
434.138
434.138
434.138
434.138
434.138
395.363
395.363
395.363
395.363
395.363
767.213
767.213
767.213
767.213
767.213
702.902
702.902
702.902
702.902
702.902
618.669
618.707
618.707
618.707
618.707
445.721
445.721
445.721
445.721
445.721
768.376
768.376
768.376
768.376
768.376
473.965
473.965
473.965
473.965
473.965
745.715
745.715
745.715
745.715
745.715
760.956
760.956
760.956
760.956
760.956
680.146
680.146
680.146
680.146
680.146
704.184
704.184
704.184
704.184
704.184
729.543
729.543
729.543
729.543
729.543
773.721
773.721
773.721
773.721
773.721
769.649
769.649
769.649
769.649
769.649
753.811
753.811
753.811
753.811
753.811
763.239
763.239
763.239
763.239
763.239
759.821
759.821
759.821
759.821
759.821
746.055
746.055
746.055
746.055
746.055
749.295
749.295
749.295
749.295
749.295
719.785
719.785
719.785
719.785
719.785
759.028
759.028
759.028
759.028
759.028
782.451
782.451
782.451
782.451
782.451
653.335
653.335
653.335
653.335
653.335
747.649
747.649
747.649
747.649
747.649
344.697
344.697
344.697
344.697
344.697
448.275
448.275
448.275
448.275
448.275
761.668
761.668
761.668
761.668
761.668
775.613
775.613
775.613
775.613
775.613
662.188
662.188
662.188
662.188
662.188
560.231
560.231
560.231
560.231
560.231
510.906
510.906
510.906
510.906
510.906
474.8
474.8
474.8
474.8
539.1
278.796
278.796
278.796
278.796
278.796
584.183
584.183
584.183
584.183
584.183
594.833
594.833
594.833
594.833
594.833
733.05
733.05
733.05
733.05
733.05
751.694
751.694
751.694
751.694
751.694
749.486
749.486
749.486
749.486
749.486
715.294
715.294
715.294
715.294
715.294
716.021
716.021
716.021
716.021
716.021
715.335
715.335
715.335
715.335
715.335
775.564
775.564
775.564
775.564
775.564
778.693
778.693
778.693
778.693
778.693
782.51
782.51
782.51
782.51
782.51
772.046
772.046
772.046
772.046
772.046
733.755
733.755
733.755
733.755
733.755
782.057
782.057
782.057
782.057
782.057
761.482
761.482
761.482
761.482
761.482
734.629
734.629
734.629
734.629
734.629
573.427
573.427
573.427
573.427
573.427
650.692
650.692
650.692
650.692
650.692
280.978
280.978
280.978
280.978
280.978
767.089
767.089
767.089
767.089
767.089
764.786
764.786
764.786
764.786
764.786
774.316
774.316
774.316
774.316
774.316
774.4
774.4
774.4
774.4
774.4
761.819
761.819
761.819
761.819
761.819
765.256
765.256
765.256
765.256
765.256
719.087
719.087
719.087
719.087
719.087
606.649
606.649
606.649
606.649
606.649
777.32
777.639
777.639
777.639
777.639
727.182
727.182
727.182
727.182
727.182
652.664
652.664
652.664
652.664
652.664
476.424
476.424
476.424
476.424
476.424
439.783
439.783
439.783
439.783
439.783
633.41
633.41
633.41
633.41
633.41
747.814
747.814
747.814
747.814
747.814
789.491
789.491
789.491
789.491
789.491
675.73
675.73
675.73
675.73
675.73
657.878
657.878
657.878
657.878
657.878
415.734
415.563
415.563
415.563
415.563
586.632
586.632
586.632
586.632
586.632
422.71
422.71
422.71
422.71
422.71
506.668
506.668
506.668
506.668
506.668
539.389
539.389
539.389
539.389
539.389
465.643
465.643
465.643
465.643
465.643
508.266
508.266
508.266
508.266
508.266
610.572
610.572
610.572
610.572
610.572
755.306
755.306
755.306
755.306
755.306
480.998
480.998
480.998
480.998
480.998
580.032
580.032
580.032
580.032
580.032
419.478
419.478
419.478
419.478
419.478
521.969
521.969
521.969
521.969
521.969
688.026
688.026
688.026
688.026
688.026
760.924
760.924
760.924
760.924
760.924
782.086
782.086
782.086
782.086
782.086
775.417
775.417
775.99
775.99
775.99
788.916
788.916
788.916
788.916
788.916
785.005
785.005
785.005
785.005
785.005
768.365
768.365
768.365
768.365
768.365
762.897
762.897
762.897
762.897
762.897
702.394
702.394
702.394
702.394
702.394
385.741
385.741
385.741
385.741
385.741
507.052
507.052
507.052
507.052
507.052
666.672
666.672
666.672
666.672
666.672
447.504
447.504
447.504
447.504
447.504
680.603
680.603
680.603
680.603
680.603
769.476
769.476
769.476
769.476
769.476
763.964
763.964
763.964
763.964
763.964
787.233
787.233
787.233
787.233
787.233
762.615
762.615
762.615
762.615
762.615
736.185
736.185
736.185
736.185
736.185
411.803
411.803
411.803
411.803
411.803
395.423
395.423
395.423
395.423
395.423
679.416
679.416
679.416
679.416
679.416
723.292
723.292
723.292
723.292
723.292
716.068
716.068
716.068
716.068
716.068
445.227
445.227
445.227
445.227
445.227
788.8
788.8
788.8
788.8
788.8
778.446
778.446
778.446
778.446
778.446
754.776
754.776
754.776
754.776
754.776
523.974
523.974
523.974
523.974
523.974
758.812
758.812
758.812
758.812
758.812
635.687
635.687
635.687
635.687
635.687
538.266
538.266
538.266
538.266
538.266
734.363
734.363
734.363
734.363
734.363
717.628
717.628
717.628
717.628
717.628
690.389
690.389
690.389
690.389
690.389
615.1
615.1
615.1
615.1
615.1
652.305
652.305
652.305
652.305
652.305
320.39
320.39
320.39
320.39
320.39
511.25
511.25
511.25
511.25
511.25
441.387
441.387
441.387
441.387
441.387
471.884
471.884
471.884
471.884
471.884
612.229
612.229
612.229
612.229
612.229
772.483
772.483
772.483
772.483
772.483
715.211
715.211
715.211
715.211
715.211
610.097
610.097
610.097
610.097
610.097
744.432
744.432
744.432
744.432
744.432
720.046
720.046
720.046
720.046
720.046
727.863
727.863
727.863
727.863
727.863
206.194
206.194
206.194
206.194
206.194
611.71
611.71
611.71
611.71
611.71
559.533
559.533
559.533
559.533
559.533
319.07
319.07
319.07
319.07
319.07
644.718
644.718
644.718
644.718
644.718
256.77
256.77
256.77
256.77
256.77
728.98
728.98
728.98
728.98
728.98
783.686
783.686
783.686
783.686
783.686
645.837
645.837
645.837
645.837
645.837
703.75
703.75
703.75
703.75
703.75
562.381
562.381
562.381
562.381
562.381
756.789
756.789
756.789
756.789
756.789
553.755
553.755
553.755
553.755
553.755
331.449
331.449
331.449
331.449
331.449
371.739
371.739
371.739
371.739
371.739
704.552
704.552
704.552
704.552
704.552
743.74
743.74
743.74
743.74
743.74
765.17
765.17
765.17
765.17
765.17
772.587
772.587
772.587
772.587
772.587
770.2
770.2
770.2
770.2
770.2
777.958
777.958
777.958
777.958
777.958
753.848
753.848
753.848
753.848
753.848
791.616
791.616
791.616
791.616
791.616
768.992
768.992
768.992
768.992
768.992
773.737
773.737
773.737
773.737
773.737
773.884
773.884
773.884
773.884
773.884
723.717
723.717
723.717
723.717
723.717
700.963
700.963
700.963
700.963
700.963
758.36
758.36
758.36
758.36
758.36
726.67
726.67
726.67
726.67
726.67
519.076
519.076
519.076
519.076
519.076
384.041
384.041
384.041
384.041
384.041
758.524
758.524
758.524
758.524
758.524
516.369
516.369
516.367
516.367
516.367
758.858
758.858
758.858
758.858
758.858
364.407
364.407
364.407
364.407
364.407
243.404
243.404
243.404
243.404
243.404
443.867
443.867
443.867
456.233
456.233
600.902
600.902
600.902
600.902
600.902
745.222
745.222
745.222
745.222
745.222
688.206
688.206
688.206
688.206
688.206
651.091
651.091
651.091
651.091
651.091
653.076
653.076
653.076
653.076
653.076
739.73
739.73
739.733
739.733
739.733
729.959
729.959
729.959
729.959
729.959
705.155
705.155
705.155
705.155
705.155
728.726
728.726
728.726
728.726
728.726
770.381
770.381
770.381
770.381
770.381
753.214
753.214
753.214
753.214
753.214
790.097
790.097
790.097
790.097
790.097
658.263
658.263
658.263
658.263
658.263
158.935
158.935
158.935
158.935
158.935
480.32
480.32
480.32
480.32
480.32
697.518
697.518
697.518
697.518
697.518
524.959
524.959
524.959
524.959
524.959
685.483
685.483
685.483
685.483
685.483
771.331
771.331
771.331
771.331
771.331
768.892
768.892
768.892
768.892
768.892
785.142
785.142
785.142
785.142
785.142
777.13
777.13
777.13
777.13
777.13
775.29
775.29
775.29
775.29
775.29
781.847
781.847
781.847
781.847
781.847
779.146
779.146
779.146
779.146
779.146
778.423
778.423
778.423
778.423
778.423
796.264
796.264
796.264
796.264
796.264
794.444
794.444
794.444
794.444
794.444
783.706
783.706
783.706
783.706
783.706
790.302
790.302
790.302
790.302
790.302
790.419
790.419
790.419
790.419
790.419
777.957
777.957
777.957
777.957
777.957
791.386
791.386
791.386
791.386
791.386
792.113
792.113
792.113
792.113
792.113
794.373
794.373
794.373
794.373
794.373
796.404
796.404
796.404
796.404
796.404
794.93
794.93
794.93
794.93
794.93
791.795
791.795
791.795
791.795
791.795
796.317
796.317
796.317
796.317
796.317
783.161
783.161
783.161
783.161
783.161
788.9
788.9
788.9
788.9
788.9
796.184
796.184
796.184
796.184
796.184
773.35
773.35
773.35
773.35
773.35
769.669
769.669
769.669
769.669
769.669
796.382
796.382
796.382
796.382
796.382
780.559
780.559
780.559
780.559
780.559
762.488
762.488
762.488
762.488
762.488
770.398
770.398
770.398
770.398
770.398
760.592
760.592
760.592
760.592
760.592
788.795
788.795
788.795
788.795
788.795
793.86
793.86
793.86
793.86
793.86
782.24
782.24
782.24
782.24
782.24
788.554
788.554
788.554
788.554
788.554
794.024
794.024
794.024
794.024
794.024
787.039
787.039
787.039
787.039
787.039
784.547
784.547
784.547
784.547
784.547
794.131
794.131
794.131
794.131
794.131
793.436
793.436
793.436
793.436
793.436
789.487
789.487
789.487
789.487
789.487
793.315
793.315
793.315
793.315
793.315
782.403
782.403
782.403
782.403
782.403
767.034
767.034
767.034
767.034
767.034
790.811
790.811
790.811
790.811
790.811
780.896
780.896
780.896
780.896
780.896
778.201
778.201
778.201
778.201
778.201
787.891
787.891
787.891
787.891
787.891
774.206
774.206
774.206
774.206
774.206
762.615
762.615
762.615
762.615
762.615
784.548
784.548
784.548
784.548
784.548
785.287
785.287
785.287
785.287
785.287
763.065
763.065
763.065
763.065
763.065
781.416
781.416
781.416
781.416
781.416
763.817
763.817
763.817
763.817
763.817
784.642
784.642
784.642
784.642
784.642
792.908
792.908
792.908
792.908
792.908
783.737
783.737
783.737
783.737
783.737
769.61
769.61
769.61
769.61
769.61
764.375
756.75
756.75
756.75
756.75
782.092
782.092
782.092
782.092
782.092
748.522
748.522
748.522
748.522
748.522
669.06
669.06
669.06
669.06
669.06
747.247
747.247
747.247
747.247
747.247
659.415
659.415
659.415
659.415
659.415
615.486
615.486
615.486
615.486
615.486
502.157
502.157
502.157
502.157
502.157
497.343
497.343
497.343
497.343
497.343
321.339
321.339
321.339
321.339
321.339
602.009
602.009
602.009
602.009
602.009
486.055
486.055
486.055
486.055
486.055
344.63
344.63
344.63
344.63
344.63
780.736
780.736
780.736
780.736
780.736
781.673
781.673
781.673
781.673
781.673
763.377
763.377
763.377
763.377
763.377
660.332
660.332
660.332
660.332
660.332
723.073
723.073
723.073
723.073
723.073
767.678
767.678
767.678
767.678
767.678
728.516
728.516
728.516
728.516
728.516
747.194
747.194
747.194
747.194
747.194
774.128
774.128
774.128
774.128
774.128
774.478
774.478
774.478
774.478
774.478
749.286
749.286
749.286
749.286
749.286
442.666
442.666
442.666
442.666
442.666
313.638
313.638
313.638
313.638
313.638
403.744
403.744
403.744
403.744
403.744
557.524
557.524
557.524
557.524
557.524
737.814
737.814
737.814
737.814
737.814
784.355
784.355
784.355
784.355
784.355
778.417
778.417
778.417
778.417
778.417
784.844
784.844
784.844
784.844
784.844
782.453
782.453
782.453
782.453
782.453
794.278
794.278
794.278
794.278
794.278
786.714
786.714
786.714
786.714
786.714
787.827
787.827
787.827
787.827
787.827
784.746
784.746
784.746
784.746
784.746
784.62
784.62
784.62
784.62
784.62
777.476
777.476
777.476
777.476
777.476
790.059
790.059
790.059
790.059
790.059
763.262
763.262
763.262
763.262
763.262
788.908
788.908
788.908
788.908
788.908
784.901
784.901
784.901
784.901
784.901
766.391
766.391
766.391
766.391
766.391
785.562
785.562
785.562
785.562
785.562
793.068
793.068
793.068
793.068
793.068
789.414
789.414
789.414
789.414
789.414
775.856
775.856
775.856
775.856
775.856
781.434
781.434
781.434
781.434
781.434
794.491
794.491
794.491
794.491
794.491
786.96
786.96
786.96
786.96
786.96
794.258
794.258
794.258
794.258
794.258
762.223
762.223
762.227
762.227
762.227
756.804
756.804
756.804
756.804
756.804
773.358
773.358
773.358
773.358
773.358
782.538
782.538
782.538
782.538
782.538
787.218
787.218
787.218
787.218
787.218
793.023
793.023
793.023
793.023
793.023
779.974
779.974
779.974
779.974
779.974
779.044
779.044
779.044
779.044
779.044
788.693
788.693
788.693
788.693
788.693
786.249
786.249
786.249
786.249
786.249
774.074
774.074
774.074
774.074
774.074
771.227
792.454
792.454
792.454
792.454
766.119
766.119
766.119
766.119
766.119
767.663
767.663
767.663
767.663
767.663
788.917
788.917
788.917
788.917
788.917
775.007
775.007
775.007
775.007
775.007
777.222
777.222
777.222
777.222
777.222
778.6
778.6
778.6
778.6
778.6
774.945
774.945
774.945
774.945
774.945
758.437
758.437
758.437
758.437
758.437
782.112
782.112
782.112
782.112
782.112
764.124
764.124
764.124
764.124
764.124
753.119
753.119
753.119
753.119
753.119
780.497
780.497
780.497
780.497
780.497
785.629
785.629
785.629
785.629
785.629
740.464
740.464
740.464
740.464
740.464
795.8
795.8
795.8
795.8
795.8
786.268
786.268
786.268
786.268
786.268
739.267
739.267
739.267
739.267
739.267
771.3
771.3
771.3
771.3
771.3
640.341
640.341
640.341
640.341
640.341
460.325
460.325
460.325
460.325
460.325
764.127
764.127
764.127
764.127
764.127
558.4
558.4
558.4
558.4
558.4
601.308
601.308
601.308
601.308
601.308
753.38
753.38
753.38
753.38
753.38
754.376
754.376
754.376
754.376
754.376
650.46
650.46
650.46
650.46
650.46
389.084
389.084
389.084
389.084
389.084
512
512
512
512
512
582.899
582.899
582.899
582.899
582.899
454.907
454.907
454.907
454.907
454.907
616.246
616.246
616.246
616.246
616.246
425.166
425.166
425.166
425.166
425.166
415.734
415.734
415.734
415.734
415.734
391.94
391.94
391.94
391.94
391.94
576.379
576.379
576.379
576.379
576.379
708.887
708.887
708.887
708.887
708.887
735.584
735.584
735.584
735.584
735.584
741.315
741.315
741.315
741.315
741.315
337.653
337.653
337.653
337.653
337.653
755.775
755.775
755.775
755.775
755.775
516.095
516.095
516.095
516.095
516.095
743.507
743.507
743.507
743.507
743.507
658.717
658.717
658.717
658.717
658.717
392.228
392.228
392.228
392.228
392.228
568.512
568.512
568.512
568.512
568.512
775.227
775.227
775.227
775.227
775.227
738.682
738.682
738.682
738.682
738.682
786.542
786.542
786.542
786.542
786.542
765.491
765.491
765.491
765.491
765.491
751.427
751.427
751.427
751.427
751.427
743.367
743.367
743.367
743.367
743.367
726.661
726.661
726.661
726.661
726.661
721.482
721.482
719.964
719.964
719.964
773.961
773.961
773.961
773.961
773.961
781.423
781.423
781.423
781.423
781.423
771.424
771.424
771.424
771.424
771.424
788.625
788.625
788.625
788.625
788.625
718.055
718.055
718.055
718.055
718.055
764.592
764.592
764.592
764.592
764.592
755.032
755.032
755.032
755.032
755.032
759.277
759.277
759.277
759.277
759.277
757.911
757.911
757.911
757.911
757.911
785.553
785.553
785.553
785.553
785.553
773.058
773.058
773.058
773.058
773.058
768.29
768.29
768.29
768.29
768.29
781.906
781.906
781.906
781.906
781.906
779.825
779.825
779.825
779.825
779.825
786.593
786.593
786.593
786.593
786.593
786.709
786.709
786.709
786.709
786.709
781.523
781.523
781.523
781.523
781.523
765.983
765.983
765.983
765.983
765.983
767.272
767.272
767.272
767.272
767.272
753.082
753.082
753.082
753.082
753.082
773.165
773.165
773.165
773.165
773.165
773.295
773.295
773.295
773.295
773.295
771.453
771.453
771.453
771.453
771.453
736.065
736.065
736.065
736.065
736.065
779.734
779.734
779.734
779.734
779.734
759.304
759.304
759.304
759.304
759.304
787.741
787.741
787.741
787.741
787.741
788.719
788.719
788.719
788.719
788.719
783.681
783.681
783.681
783.681
783.681
784.082
784.082
784.082
784.082
784.082
793.49
793.49
793.49
793.49
793.49
789.562
789.562
789.562
789.562
789.562
787.45
787.45
787.45
787.45
787.45
791.703
791.703
791.703
791.703
791.703
787.118
787.118
787.118
787.118
787.118
784.655
784.655
784.655
784.655
784.655
786.469
786.469
786.469
786.469
786.469
781.505
781.505
781.505
781.505
781.505
756.406
756.406
756.406
756.406
756.406
766.898
766.898
766.898
766.898
766.898
770.958
770.958
770.958
770.958
770.958
742.108
742.108
742.108
742.108
742.108
769.86
769.86
769.86
769.86
769.86
769.956
769.956
769.956
769.956
769.956
701.655
701.656
701.656
701.656
701.656
718.817
687.633
687.633
687.633
687.633
774.759
774.759
774.759
774.759
774.759
738.41
738.41
738.41
738.41
738.41
772.853
772.853
772.853
772.853
772.853
773.908
773.908
773.908
773.908
773.908
745.034
745.034
745.034
745.034
745.034
767.127
767.127
767.127
767.127
767.127
748.411
748.411
748.411
748.411
748.411
697.66
697.66
697.66
697.66
697.66
740.334
740.334
740.334
740.334
740.334
641.289
641.289
641.289
641.289
641.289
507.085
507.085
507.085
507.085
507.085
531.03
531.03
531.03
531.03
531.03
273.25
273.25
273.25
273.25
273.25
786.335
786.335
786.335
786.335
786.335
766.501
766.501
766.501
766.501
766.501
754.068
754.068
754.068
754.068
754.068
759.916
759.916
759.916
759.916
759.916
791.467
791.467
791.467
791.467
791.467
783.555
783.555
783.555
783.555
783.555
771.394
771.394
771.394
771.394
771.394
763.922
763.922
763.922
763.922
763.922
737.852
737.852
737.852
737.852
737.852
765.936
765.936
765.936
765.936
765.936
784.501
784.501
784.501
784.501
784.501
782.54
782.54
782.54
782.54
782.54
782.696
782.696
782.696
782.696
782.696
760.132
760.132
760.132
760.132
760.132
775.744
775.744
775.744
775.744
775.744
767.399
767.399
767.399
767.399
767.399
769.616
769.616
769.616
769.616
769.616
783.595
783.595
783.595
783.595
783.595
774.263
774.263
774.263
774.263
774.263
790.648
790.648
790.648
790.648
790.648
786.306
786.306
786.306
786.306
786.306
750.889
750.889
750.889
750.889
750.889
769.698
769.698
769.698
769.698
769.698
779.249
779.249
779.249
779.249
779.249
747.086
747.086
747.086
747.086
747.086
748.604
748.604
748.604
748.604
748.604
739.188
739.188
739.188
739.188
739.188
750.287
750.287
750.287
750.287
750.287
778.513
778.513
778.513
778.513
778.513
754.235
754.235
754.235
754.235
754.235
697.334
697.334
697.334
697.334
697.334
747.749
747.749
747.749
747.749
747.749
779.13
779.13
779.13
779.13
779.13
768.602
768.602
768.602
768.602
768.602
775.607
775.607
775.607
775.607
775.607
754.127
754.127
754.127
754.127
754.127
767.309
767.309
767.309
767.309
767.309
749.834
749.834
749.834
749.834
749.834
682.314
682.314
682.314
682.314
682.314
737.265
737.265
737.265
737.265
737.265
780.384
780.384
780.384
780.384
780.384
653.487
653.487
653.487
653.487
653.487
722.703
722.703
722.703
722.703
722.703
739.792
739.792
739.792
739.792
739.792
743.412
743.411
743.411
743.411
743.411
557.099
557.099
557.099
557.099
557.099
274.95
274.95
274.95
274.95
274.95
734.545
734.545
734.545
734.545
734.545
765.494
765.494
765.494
765.494
765.494
750.956
750.956
750.956
750.956
750.956
727.844
727.844
727.844
727.844
727.844
473.847
473.847
473.847
473.847
473.847
710.509
710.509
710.509
710.509
710.509
699.93
699.93
697.486
697.486
697.486
706.179
706.179
706.179
706.179
706.179
578.934
578.934
578.934
578.934
578.934
700.112
700.112
700.112
700.112
700.112
542.078
542.078
542.078
542.078
542.078
678.941
678.941
678.941
678.941
678.941
438.614
438.614
438.614
438.614
438.614
641.706
641.706
641.706
641.706
641.706
720.323
720.323
720.323
720.323
720.323
674.876
674.876
674.876
674.876
674.876
733.208
733.208
733.208
733.208
733.208
709.265
709.265
709.265
709.265
709.265
757.347
757.347
757.347
757.347
757.347
709.346
709.346
709.346
709.346
709.346
522.9
522.9
522.9
522.9
522.9
587.78
587.78
587.78
587.78
587.78
352.548
352.548
352.548
352.548
352.548
700.516
700.516
700.516
700.516
700.516
491.418
491.418
491.418
491.418
491.418
413.432
413.432
413.432
413.432
413.432
595.484
595.484
595.484
595.484
595.484
784.216
784.216
784.216
784.216
784.216
481.018
481.018
481.018
481.018
481.018
564.127
564.127
564.127
564.127
564.127
272.35
272.35
272.35
272.35
272.35
392.728
392.728
392.728
392.728
392.728
781.434
781.434
781.434
781.434
781.434
763.234
763.234
763.234
763.234
763.234
754.18
754.18
754.18
754.18
754.18
762.475
762.475
762.475
762.475
762.475
787.356
787.356
787.356
787.356
787.356
790.157
790.157
790.157
790.157
790.157
793.51
793.51
793.51
793.51
793.51
762.675
762.675
762.675
762.675
762.675
767.893
767.893
767.893
767.893
767.893
755.092
755.092
755.092
755.092
755.092
787.457
787.457
787.457
787.457
787.457
752.584
752.584
752.584
752.584
752.584
786.575
786.575
786.575
786.575
786.575
777.984
777.984
777.984
777.984
777.984
778.754
778.754
778.754
778.754
778.754
768.263
768.263
768.263
768.263
768.263
782.041
782.041
782.041
782.041
782.041
764.022
764.022
764.022
764.022
764.022
788.133
788.133
788.133
788.133
788.133
757.983
757.983
757.983
757.983
757.983
787.554
787.554
787.554
787.554
787.554
767.676
767.676
767.676
767.676
767.676
732.336
732.336
732.336
732.336
732.336
580.597
580.597
580.597
580.597
580.597
527.827
527.827
527.827
527.827
527.827
528.957
528.957
528.957
528.957
528.957
638.051
638.051
638.051
638.051
638.051
616.75
616.75
616.75
616.75
616.75
636.043
636.043
636.043
636.043
636.043
709.967
709.967
709.967
709.967
709.967
731.226
731.226
731.226
731.226
731.226
678.01
678.01
678.01
678.01
678.01
630.598
630.598
630.598
630.598
630.598
613.919
613.919
613.919
613.919
613.919
308.581
308.581
308.581
308.581
308.581
425.129
425.129
425.129
425.129
425.129
423.388
423.388
423.388
423.388
423.388
318.886
318.886
318.886
318.886
318.886
720.623
720.623
720.623
720.623
720.623
768.118
768.118
768.118
768.118
768.118
775.688
775.688
775.688
775.688
775.688
773.066
773.066
773.066
773.066
773.066
769.506
769.506
769.506
769.506
769.506
757.084
757.084
757.084
757.084
757.084
758.635
758.635
758.635
758.635
758.635
770.516
770.516
770.516
770.516
770.516
748.752
748.752
748.752
748.752
748.752
733.5
733.5
733.5
733.5
733.5
775.372
775.372
775.372
775.372
775.372
744.078
744.078
744.078
744.078
744.078
733.283
733.283
733.283
733.283
733.283
773.787
773.787
773.787
773.787
773.787
737.676
737.676
737.676
737.676
737.676
727.63
727.63
727.63
727.63
727.63
784.78
784.78
784.78
784.78
784.78
777.614
777.614
777.614
777.614
777.614
765.27
765.27
765.27
765.27
765.27
773.266
773.266
773.266
773.266
773.266
668.839
668.839
668.839
668.839
668.839
727.375
727.375
727.375
727.375
727.375
657.536
657.536
657.536
657.536
657.536
421.25
421.25
421.25
421.25
421.25
453.337
453.337
453.337
453.337
453.337
696.572
696.572
696.572
696.572
696.572
673.698
673.698
673.698
673.698
673.698
278.33
278.33
278.33
278.33
278.33
648.973
648.973
648.973
648.973
648.973
718.139
718.139
718.139
718.139
718.139
738.77
738.77
738.77
738.77
738.77
769.63
769.63
769.635
769.635
769.635
613.23
613.23
613.23
613.23
613.23
590.892
590.892
590.892
590.892
590.892
352.401
352.401
352.401
352.401
352.401
557.431
557.431
557.431
557.431
557.431
750.094
750.094
750.094
750.094
750.094
649.154
649.154
649.154
649.154
649.154
670.432
670.432
670.432
670.432
670.432
411.596
411.596
411.596
411.596
411.596
547.72
547.72
547.72
547.72
547.72
665.804
665.804
665.804
665.804
665.804
583.571
583.571
583.571
583.571
583.571
742.091
742.091
742.091
742.091
742.091
785.308
785.308
785.308
785.308
785.308
778.677
778.677
778.677
778.677
778.677
786.446
786.446
786.446
786.446
786.446
763.894
763.894
763.894
763.894
763.894
741.087
741.087
741.087
741.087
741.087
795.778
795.778
795.778
795.778
795.778
783.306
783.306
783.306
783.306
783.306
770.57
770.57
770.571
770.571
770.571
773.743
773.743
773.743
773.743
773.743
671.934
671.934
671.934
671.934
671.934
534.673
534.673
534.673
534.673
534.673
486.531
486.531
486.531
486.531
486.531
700.89
700.89
700.89
700.89
700.89
448.632
448.632
448.632
448.632
448.632
665.263
665.263
665.263
665.263
665.263
649.688
649.688
649.688
649.688
649.688
783.328
783.328
783.328
783.328
783.328
753.041
753.041
753.041
753.041
753.041
761.623
761.623
761.623
761.623
761.623
761.872
761.872
761.872
761.872
761.872
726.176
726.176
726.176
726.176
726.176
774.44
774.44
774.44
774.44
774.44
771.332
771.332
771.332
771.332
771.332
791.65
791.65
791.65
791.65
791.65
783.116
783.116
783.116
783.116
783.116
749.76
749.76
749.76
749.76
749.76
759.918
759.918
759.918
759.918
759.918
751.379
751.379
751.379
751.379
751.379
761.672
761.672
761.672
761.672
761.672
793.631
793.631
793.631
793.631
793.631
783.97
783.97
783.97
783.97
783.97
775.876
775.876
775.876
775.876
775.876
771.084
771.084
771.084
771.084
771.084
756.714
756.714
756.714
756.714
756.714
742.702
742.702
742.702
742.702
742.702
785.761
785.761
785.761
785.761
785.761
757.378
757.378
757.378
757.378
757.378
765.563
765.563
765.563
765.563
765.563
790.341
790.341
790.341
790.341
790.341
770.196
770.196
770.196
770.196
770.196
781.027
781.027
781.027
781.027
781.027
780.905
780.905
780.905
780.905
780.905
773.775
773.775
773.775
773.775
773.775
777.874
777.874
777.874
777.874
777.874
782.787
782.787
782.787
782.787
782.787
781.534
781.534
781.534
781.534
781.534
768.144
768.144
768.144
768.144
768.144
752.315
752.315
752.315
752.315
752.315
791.286
791.286
791.286
791.286
791.286
777.922
777.922
777.922
777.922
777.922
772.41
772.41
772.41
772.41
772.41
792.022
792.022
792.022
792.022
792.022
773.419
773.419
773.419
773.419
773.419
786.043
786.043
786.043
786.043
786.043
776.728
776.728
776.728
776.728
776.728
771.705
771.705
771.705
771.705
771.705
792.591
792.591
792.591
792.591
792.591
782.622
782.622
782.622
782.622
782.622
771.025
771.025
771.025
771.025
771.025
779.475
779.475
779.475
779.475
779.475
767.356
767.356
767.356
767.356
767.356
779.333
779.333
779.333
779.333
779.333
717.356
717.356
717.356
717.356
717.356
770.013
770.013
770.013
770.013
770.013
779.893
779.893
779.893
779.893
779.893
765.152
765.152
765.152
765.152
765.152
666.298
666.298
666.298
666.298
666.298
701.165
701.165
701.165
701.165
701.165
729.454
729.454
729.454
729.454
729.454
326.521
326.521
326.521
326.521
326.521
637.994
637.994
637.994
637.994
637.994
533.003
533.003
533.003
533.003
533.003
695.004
695.004
695.004
695.004
695.004
793.797
793.797
793.797
793.797
793.797
767.892
767.892
767.892
767.892
767.892
721.328
721.328
721.328
721.328
721.328
728.81
728.81
728.81
728.81
728.81
689.654
689.654
689.654
689.654
689.654
777.997
777.997
777.997
777.997
777.997
734.671
734.671
734.671
734.671
734.671
771.833
771.833
771.833
771.833
771.833
770.612
770.612
770.612
770.612
770.612
788.881
788.881
788.881
788.881
788.881
789.821
789.821
789.821
789.821
789.821
792.192
792.192
792.192
792.192
792.192
785.541
785.541
785.541
785.541
785.541
782.787
782.787
782.787
782.787
782.787
771.933
771.933
771.933
771.933
771.933
773.669
773.669
773.669
773.669
773.669
772.273
772.273
772.273
772.273
772.273
754.303
754.303
754.303
754.303
754.303
735.702
735.702
735.702
735.702
735.702
631.498
631.498
631.498
631.498
631.498
674.579
674.579
674.579
674.579
674.579
706.024
706.024
706.024
706.024
706.024
788.303
788.303
788.303
788.303
788.303
773.067
773.067
773.067
773.067
773.067
781.938
782.188
782.188
782.188
782.188
773.363
773.363
773.363
773.363
773.363
642.319
642.319
642.319
642.319
642.319
786.187
786.187
786.187
786.187
786.187
749.121
757.242
757.242
757.242
757.242
740.783
740.783
740.783
740.783
740.783
774.58
774.58
774.58
774.58
774.58
777.849
777.849
777.849
777.849
777.849
783.922
783.922
783.922
783.922
783.922
770.781
770.781
770.781
770.781
770.781
784.95
784.95
784.95
784.95
784.95
755.164
755.164
755.164
755.164
755.164
722.143
722.143
722.143
722.143
722.143
749.622
749.622
749.622
749.622
749.622
666.887
666.887
666.887
666.887
666.887
727.019
727.019
727.019
727.019
727.019
743.076
743.076
743.076
743.076
743.076
772.255
772.255
772.255
772.255
772.255
774.026
774.026
774.026
774.026
774.026
792.108
792.108
792.108
792.108
792.108
762.214
762.214
762.214
762.214
762.214
767.6
767.6
767.6
767.6
767.6
763.472
763.472
763.472
763.472
763.472
710.624
710.624
710.624
710.624
710.624
734.135
734.135
734.135
734.135
734.135
752.428
752.428
752.428
752.428
752.428
586.629
586.629
586.629
586.629
586.629
663.795
663.795
663.795
663.795
663.795
712.744
712.744
712.744
712.744
712.744
512.149
512.149
512.149
512.149
512.149
762.8
762.8
762.8
762.8
762.8
731.74
731.74
731.74
731.74
731.74
507.547
507.547
507.547
507.547
507.547
578.91
578.91
578.91
578.91
578.91
404.039
404.039
404.039
404.039
404.039
786.1
786.1
786.1
786.1
786.1
754.863
754.863
754.863
754.863
754.863
738.099
738.099
738.099
738.099
738.099
788.758
788.758
788.758
788.758
788.758
783.46
783.46
783.46
783.46
783.46
767.362
767.362
767.362
767.362
767.362
665.232
665.232
665.232
665.232
665.232
441.802
441.802
441.802
441.802
441.802
722.556
722.556
722.556
722.556
722.556
763.245
763.245
763.245
763.245
763.245
661.697
661.697
661.697
661.697
661.697
541.238
541.238
541.238
541.238
541.238
600.41
600.41
600.41
600.41
600.41
432.659
432.659
432.659
432.659
432.659
683.602
683.602
683.602
683.602
683.602
682.962
682.962
682.962
682.962
682.962
743.475
743.475
743.475
743.475
743.475
679.721
679.721
679.721
679.721
679.721
739.416
739.416
739.416
739.416
739.416
585.239
585.239
585.239
585.239
585.239
781.469
781.469
781.469
781.469
781.469
779.978
779.978
779.978
779.978
779.978
722.897
722.897
722.897
722.897
722.897
513.73
513.73
513.73
513.73
513.73
491.137
491.137
491.137
491.137
491.137
638.322
638.322
638.322
638.322
638.322
396.535
396.535
396.535
396.535
396.535
551.162
551.162
551.162
551.162
551.162
453.156
453.156
453.156
453.156
453.156
776.789
776.789
776.789
776.789
776.789
767.176
767.176
767.176
767.176
767.176
466.279
466.279
466.279
466.279
466.279
515.052
515.052
515.052
515.052
515.052
393.578
393.578
393.578
393.578
393.578
411.344
411.344
411.344
411.344
411.344
702.72
702.72
702.72
702.72
702.72
638.549
638.549
638.549
638.549
638.549
520.021
520.021
520.021
520.021
520.021
777.651
777.651
777.651
777.651
777.651
530.91
530.91
530.91
530.91
530.91
665.477
665.477
665.477
665.477
665.477
788.035
788.035
788.035
788.035
788.035
783.206
783.206
783.206
783.206
783.206
771.217
771.217
771.217
771.217
771.217
782.782
782.782
782.782
782.782
782.782
752.456
752.456
752.456
752.456
752.456
699.607
699.607
699.607
699.607
699.607
754.817
754.817
754.817
754.817
754.817
723.18
723.18
723.18
723.18
723.18
769.991
769.991
769.991
769.991
769.991
757.268
757.268
757.268
757.268
757.268
746.221
746.221
746.221
746.221
746.221
696.581
696.581
696.581
696.581
696.581
775.801
775.801
775.801
775.801
775.801
773.684
773.684
773.684
773.684
773.684
772.972
772.972
772.972
772.972
772.972
786.428
786.428
786.428
786.428
786.428
760.825
760.825
760.825
760.825
760.825
715.598
715.598
715.598
715.598
715.598
783.629
783.629
783.629
783.629
783.629
773.756
773.756
773.756
773.756
773.756
775.526
775.526
775.526
775.526
775.526
785.834
785.834
785.834
785.834
785.834
774.82
774.82
774.82
774.82
774.82
752.758
752.758
752.758
752.758
752.758
793.025
793.025
793.025
793.025
793.025
784.641
784.641
784.641
784.641
784.641
716.158
716.158
716.158
716.158
716.158
783.895
783.895
783.895
783.895
783.895
772.58
772.58
772.58
772.58
772.58
738.749
738.749
738.749
738.749
738.749
775.453
775.453
775.453
775.453
775.453
746.66
746.66
746.66
746.66
746.66
677.595
677.595
677.595
677.595
677.595
783.557
783.557
783.557
783.557
783.557
730.579
730.579
730.579
730.579
730.579
661.653
661.653
661.653
661.653
661.653
0
