0
0
0
0
629.009
629.009
629.009
629.009
629.009
723.152
723.152
723.152
723.152
723.152
647.641
647.641
647.641
647.641
647.641
550.467
550.467
550.467
550.467
550.467
307.066
307.066
307.066
307.066
307.066
613.294
613.294
613.294
613.294
613.294
210.566
210.566
210.566
210.566
210.566
675.258
675.258
675.258
675.258
675.258
420.109
420.109
420.109
420.109
420.109
644.662
644.662
644.662
644.662
644.662
325.472
325.472
325.472
325.472
325.472
622.231
622.231
622.231
622.231
622.231
402.145
402.145
402.145
402.145
402.145
365.852
365.852
365.852
365.852
365.852
428.687
428.687
428.687
428.687
428.687
626.776
626.776
626.776
626.776
626.776
622.625
622.625
622.625
622.625
622.625
497.182
497.182
497.182
497.182
497.182
281.906
281.906
281.906
281.906
281.906
219.723
219.723
219.723
219.723
419.447
752.301
752.301
752.301
752.301
752.301
786.085
786.085
786.085
786.085
786.085
786.66
786.66
786.66
786.66
786.66
770.523
770.523
770.523
770.523
770.523
786.626
786.626
786.626
786.626
786.626
782.252
782.252
782.252
782.252
782.252
789.153
789.153
789.153
789.153
789.153
776.266
776.266
776.266
776.266
776.266
794.842
794.842
794.842
794.842
794.842
780.315
780.315
780.315
780.315
780.315
778.072
778.072
778.072
778.072
778.072
794.163
794.163
794.163
794.163
794.163
793.304
793.304
793.304
793.304
793.304
788.146
788.146
788.146
788.146
788.146
786.738
786.738
786.738
786.738
786.738
788.573
788.573
788.573
788.573
788.573
776.917
776.917
776.917
776.917
776.917
737.083
737.083
737.083
737.083
737.083
774.191
774.191
774.191
774.191
774.191
758.977
758.977
758.977
758.977
758.977
756.561
756.561
756.561
756.561
756.561
790.764
790.764
790.764
790.764
790.764
781.004
781.004
781.004
781.004
781.004
786.64
786.64
786.64
786.64
786.64
766.298
766.298
766.298
766.298
766.298
781.902
781.902
781.902
781.902
781.902
767.564
767.564
767.564
767.564
767.564
775.637
775.637
775.637
775.637
775.637
780.493
780.493
780.493
780.493
780.493
795.35
795.35
795.35
795.35
795.35
792.717
792.717
792.717
792.717
792.717
782.107
782.107
782.107
782.107
782.107
786.99
786.99
786.99
786.99
786.99
796.42
796.42
796.42
796.42
796.42
784.079
784.079
784.079
784.079
784.079
777.717
777.717
777.717
777.717
777.717
791.723
791.723
791.723
791.723
791.723
776.211
776.211
776.211
776.211
776.211
783.525
783.525
783.525
783.525
783.525
775.856
775.856
775.856
775.856
775.856
774.734
774.734
774.734
774.734
774.734
760.716
760.716
760.716
760.716
760.716
786.208
786.208
786.208
786.208
786.208
761.637
773.275
773.275
773.275
773.275
726.083
726.083
726.083
726.083
726.083
771.106
771.106
771.106
771.106
771.106
759.939
759.939
759.939
759.939
759.939
732.562
732.562
732.562
732.562
732.562
484.453
484.453
484.453
484.453
484.453
454.781
454.781
454.781
454.781
454.781
583.064
583.064
583.064
583.064
583.064
787.33
787.33
787.33
787.33
787.33
765.789
765.789
765.789
765.789
765.789
766.877
766.877
766.877
766.877
766.877
793.963
793.963
793.963
793.963
793.963
765.707
765.707
765.707
765.707
765.707
754.337
754.337
754.337
754.337
754.337
761.916
761.916
761.916
761.916
761.916
773.93
773.93
773.93
773.93
773.93
779.596
779.596
779.596
779.596
779.596
777.141
777.141
777.141
777.141
777.141
742.257
742.257
742.257
742.257
742.257
790.901
790.901
790.901
790.901
790.901
768.605
768.605
768.605
768.605
768.605
780.015
780.015
780.015
780.015
780.015
792.424
792.424
792.424
792.424
792.424
795.623
795.623
795.623
795.623
795.623
781.711
781.711
781.711
781.711
781.711
792.838
792.838
792.838
792.838
792.838
787.748
787.748
787.748
787.748
787.748
777.373
777.373
777.373
777.373
777.373
782.955
782.955
782.955
782.955
782.955
781.509
781.509
781.509
781.509
781.509
779.657
779.657
779.657
779.657
779.657
770.81
770.81
770.81
770.81
770.81
773.145
773.145
773.145
773.145
773.145
754.601
754.601
754.601
754.601
754.601
738.443
738.443
738.443
738.443
738.443
788.604
788.604
788.604
788.604
788.604
777.524
777.524
777.524
777.524
777.524
718.437
718.437
718.437
718.437
718.437
753.578
753.578
753.578
753.578
753.578
745.955
745.955
745.955
745.955
745.955
638.701
638.701
638.701
638.701
638.701
791.604
791.604
791.604
791.604
791.604
779.645
779.645
779.645
779.645
779.645
769.747
769.747
769.747
769.747
769.747
791.638
791.638
791.638
791.638
791.638
747.195
747.195
747.195
747.195
747.195
764.511
764.511
764.511
764.511
764.511
751.526
751.526
751.526
751.526
751.526
767.88
767.88
767.88
767.88
767.88
755.984
755.984
755.984
755.984
755.984
772.201
772.201
772.201
772.201
772.201
782.525
782.525
782.525
782.525
782.525
782.85
782.85
782.85
782.85
782.85
792.551
792.551
792.551
792.551
792.551
780.336
780.336
780.336
780.336
780.336
777.786
777.786
777.786
777.786
777.786
787.9
787.9
787.9
787.9
787.9
776.597
776.597
776.597
776.597
776.597
786.256
786.256
786.256
786.256
786.256
778.528
778.528
778.528
778.528
778.528
774.023
774.023
774.023
774.023
774.023
789.967
789.967
789.967
789.967
789.967
770.548
770.548
770.548
770.548
770.548
756.703
756.703
756.703
756.703
756.703
770.566
770.566
770.566
770.566
770.566
788.728
788.728
788.728
788.728
788.728
754.837
754.837
754.837
754.837
754.837
782.426
782.426
782.426
782.426
782.426
789.213
789.213
789.213
789.213
789.213
784.835
784.835
784.835
784.835
784.835
765.958
765.958
765.958
765.958
765.958
795.902
795.902
795.902
795.902
795.902
794.824
794.824
794.824
794.824
794.824
794.029
794.029
794.029
794.029
794.029
788.455
788.455
788.455
788.455
788.455
788.994
788.994
788.994
788.994
788.994
782.291
782.291
782.291
782.291
782.291
796.96
796.96
796.96
796.96
796.96
766.1
766.1
766.1
766.1
766.1
737.365
737.365
737.365
737.365
737.365
789.915
789.915
789.915
789.915
789.915
786.595
786.595
786.595
786.595
786.595
782.408
782.408
782.408
782.408
782.408
779.531
779.531
779.531
779.531
779.531
758.249
758.249
758.249
758.249
758.249
782.363
782.363
782.363
782.363
782.363
773.494
773.494
773.494
773.494
773.494
770.871
770.871
770.871
770.871
770.871
725.317
725.317
725.317
725.317
725.317
730.98
730.98
730.98
730.98
730.98
749.088
749.088
749.088
749.088
749.088
692.853
692.853
692.853
692.853
692.853
790.492
790.492
790.492
790.492
790.492
764.144
764.144
764.144
764.144
764.144
788.787
788.787
788.787
788.787
788.787
781.143
781.143
781.143
781.143
781.143
784.447
784.447
784.447
784.447
784.447
771.048
771.048
771.048
771.048
771.048
786.471
786.471
786.471
786.471
786.471
777.027
777.027
777.027
777.027
777.027
789.303
789.303
789.303
789.303
789.303
784.209
784.209
784.209
784.209
784.209
778.426
778.426
778.426
778.426
778.426
788.559
788.559
788.559
788.559
788.559
786.544
786.544
786.544
786.544
786.544
778.214
778.214
778.214
778.214
778.214
788.675
788.675
788.675
788.675
788.675
779.801
779.801
779.801
779.801
779.801
783.616
783.616
783.616
783.616
783.616
795.444
795.444
795.444
795.444
795.444
776.825
776.825
776.825
776.825
776.825
758.593
758.593
758.593
758.593
758.593
781.862
781.862
781.862
781.862
781.862
771.725
771.725
771.725
771.725
771.725
750.614
750.614
750.614
750.614
750.614
755.016
755.016
755.016
755.016
755.016
785.272
785.272
785.272
785.272
785.272
754.453
754.453
754.453
754.453
754.453
743.116
743.116
743.116
743.116
743.116
789.421
789.421
789.421
789.421
789.421
777.146
777.146
777.146
777.146
777.146
792.375
792.375
792.375
792.375
792.375
729.909
729.909
729.909
729.909
729.909
763.431
763.431
763.431
763.431
763.431
757.891
757.891
757.891
757.891
757.891
772.854
772.854
772.854
772.854
772.854
764.462
764.462
764.462
764.462
764.462
751.923
751.923
751.923
751.923
751.923
790.335
790.335
790.335
790.335
790.335
790.001
790.001
790.001
790.001
790.001
779.741
779.741
779.741
779.741
779.741
781.656
781.656
781.656
781.656
781.656
791.479
791.479
791.479
791.479
791.479
780.099
780.099
780.099
780.099
780.099
770.619
770.619
770.619
770.619
770.619
779.421
779.421
779.421
779.421
779.421
775.229
775.229
775.229
775.229
775.229
792.955
792.955
792.955
792.955
792.955
788.61
788.61
788.61
788.61
788.61
793.211
793.211
793.211
793.211
793.211
796.485
796.485
796.485
796.485
796.485
782.973
782.973
782.973
782.973
782.973
777.483
777.483
777.483
777.483
777.483
796.336
796.336
796.336
796.336
796.336
789.749
789.749
789.749
789.749
789.749
787.691
787.691
787.691
787.691
787.691
796.716
796.716
796.716
796.716
796.716
791.826
791.826
791.826
791.826
791.826
797.021
797.021
797.021
797.021
797.021
788.048
788.048
788.048
788.048
788.048
767.104
767.104
767.104
767.104
767.104
783.227
783.227
783.227
783.227
783.227
789.149
789.149
789.149
789.149
789.149
783.136
783.136
783.136
783.136
783.136
790.961
790.961
790.961
790.961
790.961
773.018
773.018
773.018
773.018
773.018
772.487
772.487
772.487
772.487
772.487
797.389
797.389
797.389
797.389
797.389
791.675
791.675
791.675
791.675
791.675
778.068
778.068
778.068
778.068
778.068
762.522
762.522
762.522
762.522
762.522
785.105
785.105
785.105
785.105
785.105
776.173
776.173
776.173
776.173
776.173
793.821
793.821
793.821
793.821
793.821
791.714
791.714
791.714
791.714
791.714
785.746
785.746
785.746
785.746
785.746
789.165
789.165
789.165
789.165
789.165
793.456
793.456
793.456
793.456
793.456
782.046
782.046
782.046
782.046
782.046
792.094
792.094
792.094
792.094
792.094
775.608
775.608
775.608
775.608
775.608
751.38
751.38
751.38
751.38
751.38
778.895
778.895
778.895
778.895
778.895
792.147
792.147
792.147
792.147
792.147
775.614
775.614
775.614
775.614
775.614
762.012
762.012
762.012
762.012
762.012
788.039
788.039
788.039
788.039
788.039
741.921
741.921
741.921
741.921
741.921
734.278
734.278
734.278
734.278
734.278
780.181
780.181
780.181
780.181
780.181
764.664
764.664
764.664
764.664
764.664
778.849
778.849
778.849
778.849
778.849
778.813
778.813
778.813
778.813
778.813
764.077
764.077
764.077
764.077
764.077
777.833
777.833
777.833
777.833
777.833
772.183
772.204
772.204
772.204
772.204
745.362
745.362
745.362
745.362
745.362
750.639
750.639
750.639
750.639
750.639
792.411
792.411
792.411
792.411
792.411
760.983
760.983
760.983
760.983
760.983
722.996
722.996
722.996
722.996
722.996
636.898
636.898
636.898
636.898
636.898
772.9
772.9
772.9
772.9
772.9
754.504
754.504
754.504
754.504
754.504
725.741
725.741
725.741
725.741
725.741
615.325
615.325
615.325
615.325
615.325
693.776
693.776
693.776
693.776
693.776
792.598
792.598
792.598
792.598
792.598
789.622
789.622
789.622
789.622
789.622
773.6
773.6
773.6
773.6
773.6
785.626
785.626
785.626
785.626
785.626
771.197
771.197
771.197
771.197
771.197
793.38
793.38
793.38
793.38
793.38
789.398
789.398
789.398
789.398
789.398
780.849
780.849
780.849
780.849
780.849
774.318
774.318
774.318
774.318
774.318
782.568
782.568
782.568
782.568
782.568
760.49
760.49
760.49
760.49
760.49
759.332
759.332
759.332
759.332
759.332
775.526
775.526
775.526
775.526
775.526
790.815
790.815
790.815
790.815
790.815
782.909
782.909
782.909
782.909
782.909
777.021
777.021
777.021
777.021
777.021
745.674
745.674
745.674
745.674
745.674
764.925
779.85
779.85
779.85
779.85
795.13
795.13
795.13
795.13
795.13
783
783
783
783
783
791.96
791.96
791.96
791.96
791.96
786.989
786.989
786.989
786.989
786.989
766.762
766.762
766.762
766.762
766.762
780.896
780.896
780.896
780.896
780.896
759.966
759.966
759.966
759.966
759.966
759.892
759.892
759.892
759.892
759.892
754.114
754.114
754.114
754.114
754.114
793.054
793.054
793.054
793.054
793.054
767.978
767.978
767.978
767.978
767.978
788.534
788.534
788.534
788.534
788.534
771.66
771.66
771.66
771.66
771.66
774.427
774.427
774.427
774.427
774.427
788.649
788.649
788.649
788.649
788.649
784.642
784.642
784.642
784.642
784.642
767.21
767.21
767.21
767.21
767.21
766.977
766.977
766.977
766.977
766.977
786.365
786.365
786.365
786.365
786.365
742.19
742.19
742.19
742.19
742.19
683.196
683.196
683.196
683.196
683.196
724.735
724.735
724.735
724.735
724.735
741.769
741.769
741.769
741.769
741.769
776.392
776.392
776.392
776.392
776.392
766.667
766.667
766.667
766.667
766.667
744.661
744.661
744.661
744.661
744.661
753.119
753.119
753.119
753.119
753.119
777.074
777.074
777.074
777.074
777.074
766.798
766.798
766.798
766.798
766.798
789.155
789.155
789.155
789.155
789.155
764.071
764.071
764.071
764.071
764.071
768.92
768.92
768.92
768.92
768.92
774.396
774.396
774.396
774.396
774.396
740.629
740.629
740.629
740.629
740.629
720.801
720.801
720.801
720.801
720.801
644.622
644.622
644.622
644.622
644.622
759.92
759.92
759.92
759.92
759.92
750.322
750.322
750.322
750.322
750.322
759.057
759.057
759.057
759.057
759.057
777.713
777.713
777.713
777.713
777.713
772.88
772.88
772.88
772.88
772.88
784.028
784.028
784.028
784.028
784.028
764.671
764.671
764.671
764.671
764.671
746.438
746.438
746.438
746.438
746.438
786.625
786.625
786.625
786.625
786.625
754.655
754.655
754.655
754.655
754.655
788.37
788.37
788.37
788.37
788.37
766.728
766.728
766.728
766.728
766.728
735.217
735.217
735.217
735.217
735.217
773.846
773.846
773.846
773.846
773.846
771.659
771.659
771.659
771.659
771.659
770.723
770.723
770.723
770.723
770.723
708.092
708.092
708.092
708.092
708.092
738.601
738.601
738.601
738.601
738.601
727.713
727.713
727.713
727.713
727.713
672.623
672.623
672.623
672.623
672.623
520.422
520.422
520.422
520.422
520.422
695.285
695.285
695.285
695.285
695.285
657.772
657.772
657.772
657.772
657.772
594.085
594.085
594.085
594.085
594.085
574.381
574.381
574.381
574.381
574.381
572.764
572.764
572.764
572.764
572.764
724.745
724.745
724.745
724.745
724.745
304.809
304.809
304.809
304.809
304.809
661.57
661.57
661.57
661.57
661.57
418.235
418.235
418.235
418.235
418.235
504.261
504.261
504.261
504.261
504.261
752.889
752.889
752.889
752.889
752.889
334.312
334.312
334.312
334.312
334.312
606.887
606.887
606.887
606.887
606.887
349.875
349.875
349.875
349.875
349.875
536.613
536.613
536.613
536.613
536.613
300.232
300.232
300.232
300.232
300.232
563.228
563.228
563.228
563.228
563.228
622.875
622.875
622.875
622.875
622.875
772.046
772.046
772.046
772.046
772.046
755.372
755.372
755.372
755.372
755.372
790.533
790.533
790.533
790.533
790.533
796.355
796.355
796.355
796.355
796.355
768.312
768.312
768.365
768.365
768.365
792.292
792.292
792.292
792.292
792.292
777.534
777.534
777.534
777.534
777.534
776.225
776.225
776.225
776.225
776.225
754.241
754.241
754.241
754.241
754.241
768.009
768.009
768.009
768.009
768.009
755.324
755.324
755.324
755.324
755.324
779.639
779.639
779.639
779.639
779.639
772.074
772.074
772.074
772.074
772.074
783.792
783.792
783.792
783.792
783.792
791.277
791.277
791.277
791.277
791.277
792.074
792.074
792.074
792.074
792.074
790.804
790.804
790.804
790.804
790.804
790.907
790.907
790.907
790.907
790.907
788.234
788.234
788.234
788.234
788.234
782.202
782.202
782.202
782.202
782.202
785.388
785.388
785.388
785.388
785.388
795.198
795.198
795.198
795.198
795.198
793.9
793.9
793.9
793.9
793.9
792.09
792.09
792.09
792.09
792.09
791.297
791.297
791.297
791.297
791.297
791.8
791.8
791.8
791.8
791.8
791.095
791.095
791.095
791.095
791.095
784.486
784.486
784.486
784.486
784.486
778.358
778.358
778.358
778.358
778.358
785.705
785.705
785.705
785.705
785.705
796.763
796.763
796.763
796.763
796.763
793.659
793.659
793.659
793.659
793.659
791.806
791.806
791.806
791.806
791.806
793.004
793.004
793.004
793.004
793.004
784.873
784.873
784.873
784.873
784.873
794.993
794.993
794.993
794.993
794.993
794.138
794.138
794.138
794.138
794.138
786.274
786.274
786.274
786.274
786.274
790.94
790.94
790.94
790.94
790.94
798.153
798.153
798.153
798.153
798.153
792.456
792.456
792.456
792.456
792.456
792.434
792.434
792.434
792.434
792.434
784.2
784.2
784.2
784.2
784.2
789.217
789.217
789.217
789.217
789.217
784.863
784.863
784.863
784.863
784.863
791.991
791.991
791.991
791.991
791.991
779.756
779.756
779.756
779.756
779.756
775.681
775.681
775.681
775.681
775.681
791.455
791.455
791.455
791.455
791.455
792.102
792.102
792.102
792.102
792.102
788.964
788.964
788.964
788.964
788.964
796.01
796.01
796.01
796.01
796.01
794.267
794.267
794.267
794.267
794.267
793.331
793.331
793.331
793.331
793.331
789.799
789.799
789.799
789.799
789.799
783.364
783.364
783.364
783.364
783.364
779.121
779.121
779.121
779.121
779.121
795.513
795.513
795.513
795.513
795.513
791.994
791.994
791.994
791.994
791.994
796.927
796.927
796.927
796.927
796.927
794.293
794.293
794.293
794.293
794.293
777.76
777.76
777.76
777.76
777.76
797.559
797.559
797.559
797.559
797.559
789.736
789.736
789.736
789.736
789.736
790.921
790.921
790.921
790.921
790.921
795.024
795.024
795.024
795.024
795.024
793.378
793.378
793.378
793.378
793.378
789.703
789.703
789.703
789.703
789.703
794.625
794.625
794.625
794.625
794.625
788.896
788.896
788.896
788.896
788.896
776.575
776.575
776.575
776.575
776.575
777.959
777.959
777.959
777.959
777.959
797.033
797.033
797.033
797.033
797.033
790.044
790.044
790.044
790.044
790.044
789.515
789.515
789.515
789.515
789.515
793.188
793.188
793.188
793.188
793.188
787.001
787.001
787.001
787.001
787.001
791.957
791.957
791.957
791.957
791.957
789.52
789.52
789.52
789.52
789.52
788.296
788.296
788.296
788.296
788.296
777.342
777.342
777.342
777.342
777.342
791.097
791.097
791.097
791.097
791.097
791.276
791.276
791.276
791.276
791.276
791.613
791.613
791.613
791.613
791.613
784.744
784.744
784.744
784.744
784.744
784.054
784.054
784.054
784.054
784.054
778.217
778.217
778.217
778.217
778.217
783.006
783.006
783.006
783.006
783.006
782.131
782.131
782.131
782.131
782.131
791.136
791.136
791.136
791.136
791.136
788.841
788.841
788.841
788.841
788.841
787.534
787.534
787.534
787.534
787.534
786.478
786.478
786.478
786.478
786.478
796.725
796.725
796.725
796.725
796.725
791.339
791.339
791.339
791.339
791.339
787.245
787.245
787.245
787.245
787.245
796.677
796.677
796.677
796.677
796.677
792.297
792.297
792.297
792.297
792.297
796.2
796.2
796.2
796.2
796.2
786.626
786.626
786.626
786.626
786.626
785.006
785.006
785.006
785.006
785.006
797.731
797.731
797.731
797.731
797.731
794.263
794.263
794.263
794.263
794.263
788.287
788.287
788.287
788.287
788.287
789.807
789.807
789.807
789.807
789.807
795.33
795.33
795.33
795.33
795.33
793.056
793.056
793.056
793.056
793.056
796.519
796.519
796.519
796.519
796.519
790.955
790.955
790.955
790.955
790.955
790.488
790.488
790.488
790.488
790.488
787.431
787.431
787.431
787.431
787.431
790.234
790.234
790.234
790.234
790.234
781.069
781.069
781.069
781.069
781.069
779.078
779.078
779.078
779.078
779.078
797.172
797.172
797.172
797.172
797.172
777.857
777.857
777.857
777.857
777.857
790.43
790.43
790.43
790.43
790.43
792.778
792.778
792.778
792.778
792.778
790.225
790.225
790.225
790.225
790.225
796.783
796.783
796.783
796.783
796.783
790.537
790.537
790.537
790.537
790.537
788.637
788.637
788.637
788.637
788.637
794.197
794.197
794.197
794.197
794.197
788.269
788.269
788.269
788.269
788.269
791.247
791.247
791.247
791.247
791.247
797.022
797.022
797.022
797.022
797.022
790.663
790.663
790.663
790.663
790.663
789.696
789.696
789.696
789.696
789.696
791.625
791.625
791.625
791.625
791.625
786.595
786.595
786.595
786.595
786.595
785.356
785.356
785.356
785.356
785.356
796.306
796.306
796.306
796.306
796.306
794.326
794.326
794.326
794.326
794.326
786.778
786.778
786.778
786.778
786.778
796.708
796.708
796.708
796.708
796.708
793.457
793.457
793.457
793.457
793.457
791.223
791.223
791.223
791.223
791.223
790.054
790.054
790.054
790.054
790.054
796.27
796.27
796.27
796.27
796.27
791.915
791.915
791.915
791.915
791.915
789.584
789.584
789.584
789.584
789.584
796.756
796.756
796.756
796.756
796.756
794.562
794.562
794.562
794.562
794.562
795.095
795.095
795.095
795.095
795.095
795.818
795.818
795.818
795.818
795.818
796.94
796.94
796.94
796.94
796.94
797.455
797.455
797.455
797.455
797.455
796.756
796.756
796.756
796.756
796.756
795.166
795.166
795.166
795.166
795.166
795.458
795.458
795.458
795.458
795.458
792.493
792.493
792.493
792.493
792.493
794.347
794.347
794.347
794.347
794.347
795.624
795.624
795.624
795.624
795.624
791.948
791.948
791.948
791.948
791.948
789.885
789.885
789.885
789.885
789.885
796.926
796.926
796.926
796.926
796.926
792.206
792.206
792.206
792.206
792.206
792.881
792.881
792.881
792.881
792.881
788.558
788.558
788.558
788.558
788.558
797.788
797.788
797.788
797.788
797.788
794.106
794.106
794.106
794.106
794.106
792.785
792.785
792.785
792.785
792.785
795.07
795.07
795.07
795.07
795.07
797.409
797.409
797.409
797.409
797.409
796.745
796.745
796.745
796.745
796.745
791.378
791.378
791.378
791.378
791.378
793.705
793.705
793.705
793.705
793.705
796.911
796.911
796.911
796.911
796.911
791.97
791.97
791.97
791.97
791.97
792.504
792.504
792.504
792.504
792.504
788.472
788.472
788.472
788.472
788.472
797.061
797.061
797.061
797.061
797.061
794.811
794.811
794.811
794.811
794.811
791.889
791.889
791.889
791.889
791.889
795.122
795.122
795.122
795.122
795.122
789.77
789.77
789.77
789.77
789.77
786.292
786.292
786.292
786.292
786.292
795.495
795.495
795.495
795.495
795.495
791.223
791.223
791.223
791.223
791.223
785.709
785.709
785.709
785.709
785.709
794.126
794.126
794.126
794.126
794.126
791.959
791.959
791.959
791.959
791.959
792.676
792.676
792.676
792.676
792.676
789.302
789.302
789.302
789.302
789.302
789.582
789.582
789.582
789.582
789.582
795.851
795.851
795.851
795.851
795.851
793.335
793.335
793.335
793.335
793.335
792.372
792.372
792.372
792.372
792.372
789.024
789.024
789.024
789.024
789.024
797.753
797.753
797.753
797.753
797.753
796.885
796.885
796.885
796.885
796.885
795.962
795.962
795.962
795.962
795.962
794.497
794.497
794.497
794.497
794.497
794.623
794.623
794.623
794.623
794.623
792.577
792.577
792.577
792.577
792.577
793.248
793.248
793.248
793.248
793.248
794.519
794.519
794.519
794.519
794.519
797.421
797.421
797.421
797.421
797.421
793.933
793.933
793.933
793.933
793.933
791.42
791.42
791.42
791.42
791.42
789.386
789.386
789.386
789.386
789.386
797.193
797.193
797.193
797.193
797.193
793.609
793.609
793.609
793.609
793.609
796.455
796.455
796.455
796.455
796.455
793.759
793.759
793.759
793.759
793.759
791.41
791.41
791.41
791.41
791.41
794.56
794.56
794.56
794.56
794.56
791.507
791.507
791.507
791.507
791.507
790.992
790.992
790.992
790.992
790.992
791.952
791.952
791.952
791.952
791.952
793.281
793.281
793.281
793.281
793.281
794.375
794.375
794.375
794.375
794.375
790.841
790.841
790.841
790.841
790.841
790.4
790.4
790.4
790.4
790.4
786.91
786.91
786.91
786.91
786.91
784.765
784.765
784.765
784.765
784.765
794.244
794.244
794.244
794.244
794.244
787.853
787.853
787.853
787.853
787.853
797.419
797.419
797.419
797.419
797.419
797.718
797.718
797.718
797.718
797.718
783.6
783.6
783.6
783.6
783.6
771.372
771.372
771.372
771.372
771.372
794.868
794.868
794.868
794.868
794.868
794.047
794.047
794.047
794.047
794.047
797.487
797.487
797.487
797.487
797.487
795.882
795.882
795.882
795.882
795.882
788.007
788.007
788.007
788.007
788.007
789.835
789.835
789.835
789.835
789.835
795.01
795.01
795.01
795.01
795.01
792.123
792.123
792.123
792.123
792.123
795.937
795.937
795.937
795.937
795.937
794
794
794
794
794
790.65
790.65
790.65
790.65
790.65
793.948
793.948
793.948
793.948
793.948
791.684
791.684
791.684
791.684
791.684
790.196
790.196
790.196
790.196
790.196
785.962
785.962
785.962
785.962
785.962
796.057
796.057
796.057
796.057
796.057
790.065
790.065
790.065
790.065
790.065
784.728
784.728
784.728
784.728
784.728
783.358
783.358
783.358
783.358
783.358
784.447
784.447
784.447
784.447
784.447
774.133
774.133
774.133
774.133
774.133
781.183
781.183
781.183
781.183
781.183
783.06
783.06
783.06
783.06
783.06
792.519
792.519
792.519
792.519
792.519
795.144
795.144
795.144
795.144
795.144
784.2
784.2
784.2
784.2
784.2
792.392
792.392
792.392
792.392
792.392
796.298
796.298
796.298
796.298
796.298
789.836
789.836
789.836
789.836
789.836
792.938
792.938
792.938
792.938
792.938
794.116
794.116
794.116
794.116
794.116
785.086
785.086
785.086
785.086
785.086
781.258
781.258
781.258
781.258
781.258
796.34
796.34
796.34
796.34
796.34
786.716
786.716
786.716
786.716
786.716
795.102
795.102
795.102
795.102
795.102
791.211
791.211
791.211
791.211
791.211
775.441
775.441
775.441
775.441
775.441
781.675
781.675
781.675
781.675
781.675
790.07
790.07
790.07
790.07
790.07
768.871
768.871
768.871
768.871
768.871
788.252
788.252
788.252
788.252
788.252
770.317
770.317
770.317
770.317
770.317
769.251
769.251
769.251
769.251
769.251
784.6
784.6
784.6
784.6
784.6
793.219
793.219
793.219
793.219
793.219
791.72
791.72
791.72
791.72
791.72
794.171
794.171
794.171
794.171
794.171
782.722
782.722
782.722
782.722
782.722
776.006
776.006
776.006
776.006
776.006
785.077
785.077
785.077
785.077
785.077
797.27
797.27
797.27
797.27
797.27
793.032
793.032
793.032
793.032
793.032
790.325
790.325
790.325
790.325
790.325
782.254
782.254
782.254
782.254
782.254
772.807
772.807
772.807
772.807
772.807
796.157
796.157
796.157
796.157
796.157
782.434
782.434
782.434
782.434
782.434
771.712
771.712
771.712
771.712
771.712
754.209
754.209
754.209
754.209
754.209
789.797
789.797
789.797
789.797
789.797
787.219
787.219
787.219
787.219
787.219
777.241
777.241
777.241
777.241
777.241
795.063
795.063
795.063
795.063
795.063
790.835
790.835
790.835
790.835
790.835
787.424
787.544
787.544
787.544
787.544
792.847
792.847
792.847
792.847
792.847
789.142
789.142
789.142
789.142
789.142
788.692
788.692
788.692
788.692
788.692
787.249
787.249
787.249
787.249
787.249
779.356
779.356
779.356
779.356
779.356
791.664
791.664
791.664
791.664
791.664
791.258
791.258
791.258
791.258
791.258
780.836
780.836
780.836
780.836
780.836
784.375
784.375
784.375
784.375
784.375
791.982
791.982
791.982
791.982
791.982
774.523
774.523
774.523
774.523
774.523
775.473
775.473
775.473
775.473
775.473
765.162
765.162
765.162
765.162
765.162
765.971
765.971
765.971
765.971
765.971
792.863
792.863
792.863
792.863
792.863
777.349
777.349
777.349
777.349
777.349
753.768
753.768
753.768
753.768
753.768
774.038
774.038
774.038
774.038
774.038
778.331
778.331
778.331
778.331
778.331
788.191
788.191
788.191
788.191
788.191
783.822
783.822
783.822
783.822
783.822
787.351
787.351
787.351
787.351
787.351
778.819
778.819
778.819
778.819
778.819
767.815
767.815
767.815
767.815
767.815
790.905
790.905
790.905
790.905
790.905
789.555
789.555
789.555
789.555
789.555
767.063
767.063
767.063
767.063
767.063
790.772
790.772
790.772
790.772
790.772
791.14
791.14
791.14
791.14
791.14
759.447
759.447
759.447
759.447
759.447
790.913
790.913
790.913
790.913
790.913
764.008
764.008
764.008
764.008
764.008
793.288
793.288
793.288
793.288
793.288
787.447
787.447
787.447
787.447
787.447
785.751
785.751
785.751
785.751
785.751
781.943
781.943
781.943
781.943
781.943
777.694
777.694
777.694
777.694
777.694
769.754
769.754
769.754
769.754
769.754
789.272
789.272
789.272
789.272
789.272
775.66
775.66
775.66
775.66
775.66
780.092
780.092
780.092
780.092
780.092
789.416
789.416
789.416
789.416
789.416
774.838
774.838
774.838
774.838
774.838
786.819
786.819
786.819
786.819
786.819
777.69
777.69
777.69
777.69
777.69
794.588
794.588
794.588
794.588
794.588
767.248
767.248
767.248
767.248
767.248
793.92
793.92
793.92
793.92
793.92
786.224
786.224
786.224
786.224
786.224
760.186
760.186
760.186
760.186
760.186
791.584
791.584
791.584
791.584
791.584
778.748
778.748
778.748
778.748
778.748
771.938
771.938
771.938
771.938
771.938
763.772
763.772
763.772
763.772
763.772
788.832
788.832
788.832
788.832
788.832
778.347
778.347
778.347
778.347
778.347
751.273
751.273
751.273
751.273
751.273
787.764
787.764
787.764
787.764
787.764
781.644
781.644
781.644
781.644
781.644
791.565
791.565
791.565
791.565
791.565
783.06
783.06
783.06
783.06
783.06
781.701
781.701
781.701
781.701
781.701
792.35
792.35
792.35
792.35
792.35
778.748
778.748
778.748
778.748
778.748
788.24
788.24
788.24
788.24
788.24
771.681
771.681
771.681
771.681
771.681
791.758
791.758
791.758
791.758
791.758
787.354
787.354
787.354
787.354
787.354
793.625
793.625
793.625
793.625
793.625
793.777
793.777
793.777
793.777
793.777
786.838
786.838
786.838
786.838
786.838
781.237
781.237
781.237
781.237
781.237
790.454
790.454
790.454
790.454
790.454
785.537
785.537
785.537
785.537
785.537
787.213
787.213
787.213
787.213
787.213
783.249
783.249
783.249
783.249
783.249
773.825
773.825
773.825
773.825
773.825
780.318
780.318
780.318
780.318
780.318
776.605
776.605
776.605
776.605
776.605
766.632
766.632
766.632
766.632
766.632
791.445
791.445
791.445
791.445
791.445
785.405
785.405
785.405
785.405
785.405
784.72
784.72
784.72
784.72
784.72
775.895
775.895
775.895
775.895
775.895
793.416
793.416
793.416
793.416
793.416
787.519
787.519
787.519
787.519
787.519
783.983
783.983
783.983
783.983
783.983
789.927
789.927
789.927
789.927
789.927
795.178
795.178
795.178
795.178
795.178
790.577
790.577
790.577
790.577
790.577
791.885
791.885
791.885
791.885
791.885
790.291
790.291
790.291
790.291
790.291
794.663
794.663
794.663
794.663
794.663
791.273
791.273
791.273
791.273
791.273
786.075
786.075
786.075
786.075
786.075
790.419
790.419
790.419
790.419
790.419
796.105
796.105
796.105
796.105
796.105
791.584
791.584
791.584
791.584
791.584
773.828
773.828
773.828
773.828
773.828
794.972
794.972
794.972
794.972
794.972
792.21
792.21
792.21
792.21
792.21
792.199
792.199
792.199
792.199
792.199
787.703
787.703
787.703
787.703
787.703
774.153
774.153
774.153
774.153
774.153
777.497
777.497
777.497
777.497
777.497
792.678
792.678
792.678
792.678
792.678
789.359
789.359
789.359
789.359
789.359
794.516
794.516
794.516
794.516
794.516
790.207
790.207
790.207
790.207
790.207
789.032
789.032
789.032
789.032
789.032
781.722
781.722
781.722
781.722
781.722
794.189
794.189
794.189
794.189
794.189
792.496
792.496
792.496
792.496
792.496
788.254
788.254
788.254
788.254
788.254
787.55
787.55
787.55
787.55
787.55
789.545
789.545
789.545
789.545
789.545
797.28
797.28
797.28
797.28
797.28
794.869
794.869
794.869
794.869
794.869
785.306
785.306
785.306
785.306
785.306
791.761
791.761
791.761
791.761
791.761
796.894
796.894
796.894
796.894
796.894
789.491
789.491
789.491
789.491
789.491
796.905
796.905
796.905
796.905
796.905
792.481
792.481
792.481
792.481
792.481
783.381
783.381
783.381
783.381
783.381
790.456
790.456
790.456
790.456
790.456
778.757
778.757
778.757
778.757
778.757
779.815
779.815
779.815
779.815
779.815
789.214
789.214
789.214
789.214
789.214
784.122
784.122
784.122
784.122
784.122
789.898
789.898
789.898
789.898
789.898
794.969
794.969
794.969
794.969
794.969
794.563
794.563
794.563
794.563
794.563
788.031
788.031
788.031
788.031
788.031
787.451
787.451
787.451
787.451
787.451
794.826
794.826
794.826
794.826
794.826
792.796
792.796
792.796
792.796
792.796
791.66
791.66
791.66
791.66
791.66
791.823
791.823
791.823
791.823
791.823
789.193
789.193
789.193
789.193
789.193
793.074
793.074
793.074
793.074
793.074
785.516
785.516
785.516
785.516
785.516
790.638
790.638
790.638
790.638
790.638
782.262
782.262
782.262
782.262
782.262
782.327
782.327
782.327
782.327
782.327
776.507
776.507
776.507
776.507
776.507
791.454
791.454
791.454
791.454
791.454
795.274
795.274
795.274
795.274
795.274
789.515
789.515
789.515
789.515
789.515
787.503
787.503
787.503
787.503
787.503
785.866
785.866
785.866
785.866
785.866
788.196
788.196
788.196
788.196
788.196
793.088
793.088
793.088
793.088
793.088
781.93
781.93
781.93
781.93
781.93
774.2
774.2
774.2
774.2
774.2
766.123
766.123
766.123
766.123
766.123
788.383
788.383
788.383
788.383
788.383
776.254
776.254
776.254
776.254
776.254
776.111
776.111
776.111
776.111
776.111
794.556
794.556
794.556
794.556
794.556
785.501
785.501
785.501
785.501
785.501
785.915
785.915
785.915
785.915
785.915
780.67
780.67
780.67
780.67
780.67
772.125
772.125
772.125
772.125
772.125
793.589
793.589
793.589
793.589
793.589
789.48
789.48
789.48
789.48
789.48
783.778
783.778
783.778
783.778
783.778
775.807
775.807
775.807
775.807
775.807
791.515
791.515
791.515
791.515
791.515
787.757
787.757
787.757
787.757
787.757
765.707
765.707
765.707
765.707
765.707
797.978
797.978
797.978
797.978
797.978
783.602
783.602
783.602
783.602
783.602
780.215
780.215
780.215
780.215
780.215
789.434
789.434
789.434
789.434
789.434
779.267
779.267
779.267
779.267
779.267
787.027
787.027
787.027
787.027
787.027
773.363
773.363
773.363
773.363
773.363
766.861
766.861
766.861
766.861
766.861
774.778
774.778
774.778
774.778
774.778
772.382
772.382
772.382
772.382
772.382
768.598
768.598
768.598
768.598
768.598
752.468
752.468
752.468
752.468
752.468
791.091
791.091
791.091
791.091
791.091
775.455
775.455
775.455
775.455
775.455
788.118
788.118
788.118
788.118
788.118
766.207
766.207
766.207
766.207
766.207
745.048
745.048
745.048
745.048
745.048
758.688
758.688
758.688
758.688
758.688
791.072
791.072
791.072
791.072
791.072
786.132
786.132
786.132
786.132
786.132
791.087
791.087
791.087
791.087
791.087
786.299
786.299
786.299
786.299
786.299
774.522
774.522
774.522
774.522
774.522
785.614
785.614
785.614
785.614
785.614
778.148
778.148
778.148
778.148
778.148
772.493
772.493
772.493
772.493
772.493
769.717
769.717
769.717
769.717
769.717
792.966
792.966
792.966
792.966
792.966
790.929
790.929
790.929
790.929
790.929
767.09
767.09
767.09
767.09
767.09
785.416
785.416
785.416
785.416
785.416
791.164
791.164
791.164
791.164
791.164
775.024
775.024
775.024
775.024
775.024
792.097
792.097
792.097
792.097
792.097
781.85
781.85
781.85
781.85
781.85
773.683
773.683
773.683
773.683
773.683
781.48
781.48
781.48
781.48
781.48
793.177
793.177
793.177
793.177
793.177
786.901
786.901
786.901
786.901
786.901
790.726
790.726
790.726
790.726
790.726
779.671
779.671
779.671
779.671
779.671
770.054
770.054
770.054
770.054
770.054
785.411
785.411
785.411
785.411
785.411
780.946
780.946
780.946
780.946
780.946
767.136
767.136
767.136
767.136
767.136
786.486
786.486
786.486
786.486
786.486
792.715
792.715
792.715
792.715
792.715
778.724
778.724
778.724
778.724
778.724
793.284
793.284
793.284
793.284
793.284
788.679
788.679
788.679
788.679
788.679
793.528
793.528
793.528
793.528
793.528
784.907
784.907
784.907
784.907
784.907
776.499
776.499
776.499
776.499
776.499
792.111
792.111
792.111
792.111
792.111
788.788
788.788
788.788
788.788
788.788
787.585
787.585
787.585
787.585
787.585
777.12
777.12
777.12
777.12
777.12
788.216
788.216
788.216
788.216
788.216
779.103
779.103
779.103
779.103
779.103
770.521
770.521
770.521
770.521
770.521
792.428
792.428
792.428
792.428
792.428
788.1
788.1
788.1
788.1
788.1
790.15
790.15
790.15
790.15
790.15
784.702
784.702
784.702
784.702
784.702
775.665
775.665
775.665
775.665
775.665
772.234
772.234
772.234
772.234
772.234
791.621
791.621
791.621
791.621
791.621
788.131
788.131
788.131
788.131
788.131
796.176
796.176
796.176
796.176
796.176
788.588
788.588
788.588
788.588
788.588
783.054
783.054
783.054
783.054
783.054
788.386
788.386
788.386
788.386
788.386
781.357
781.357
781.357
781.357
781.357
771.755
771.755
771.755
771.755
771.755
763.482
763.482
763.482
763.482
763.482
795.552
795.552
795.552
795.552
795.552
786.372
786.372
786.372
786.372
786.372
779.727
779.727
779.727
779.727
779.727
781.284
781.284
781.284
781.284
781.284
759.317
759.317
759.317
759.317
759.317
779.254
779.254
779.254
779.254
779.254
782.307
782.307
782.307
782.307
782.307
779.642
779.642
779.642
779.642
779.642
775.493
775.493
775.493
775.493
775.493
791.603
791.603
791.603
791.603
791.603
768.553
768.553
768.553
768.553
768.553
790.529
790.529
790.529
790.529
790.529
770.168
770.168
770.168
770.168
770.168
750.544
750.544
750.544
750.544
750.544
688.988
688.988
688.988
688.988
688.988
763.072
763.072
763.072
763.072
763.072
748.328
748.328
748.328
748.328
748.328
728.01
728.01
728.01
728.01
728.01
711.959
711.959
711.959
711.959
711.959
672.965
672.965
672.965
672.965
672.965
739.257
739.257
739.257
739.257
739.257
780.525
780.525
780.525
780.525
780.525
784.23
784.23
784.23
784.23
784.23
754.653
754.653
754.653
754.653
754.653
755.539
755.539
755.539
755.539
755.539
684.454
684.454
684.454
684.454
684.454
694.074
694.074
694.074
694.074
694.074
789.294
789.294
789.294
789.294
789.294
764.763
764.763
764.763
764.763
764.763
769.291
769.291
769.291
769.291
769.291
773.466
773.466
773.466
773.466
773.466
766.53
766.53
766.53
766.53
766.53
763.926
763.926
763.926
763.926
763.926
738.671
738.671
738.671
738.671
738.671
781.478
781.478
781.478
781.478
781.478
784.688
784.688
784.688
784.688
784.688
783.909
783.909
783.909
783.909
783.909
785.069
785.069
785.069
785.069
785.069
790.66
790.66
790.66
790.66
790.66
767.666
767.666
767.666
767.666
767.666
753.733
753.733
753.733
753.733
753.733
765.952
765.952
765.952
765.952
765.952
744.28
744.28
744.28
744.28
744.28
779.881
779.881
779.881
779.881
779.881
788.839
788.839
788.839
788.839
788.839
761.422
761.422
761.422
761.422
761.422
777.965
777.965
777.965
777.965
777.965
784.232
784.232
784.232
784.232
784.232
765.13
765.13
765.13
765.13
765.13
739.116
739.116
739.116
739.116
739.116
760.659
760.659
760.659
760.659
760.659
794.026
794.026
794.026
794.026
794.026
788.4
788.4
788.4
788.4
788.4
774.504
774.504
774.504
774.504
774.504
781.388
781.388
781.388
781.388
781.388
774.651
774.651
774.651
774.651
774.651
763.433
763.433
763.433
763.433
763.433
781.371
781.371
781.371
781.371
781.371
770.29
770.29
770.29
770.29
770.29
793.576
793.576
793.576
793.576
793.576
747.015
747.015
747.015
747.015
747.015
732.067
732.067
732.067
732.067
732.067
725.158
725.158
725.158
725.158
725.158
673.543
673.543
673.543
673.543
673.543
703.54
703.54
703.54
703.54
703.54
470.897
470.897
470.897
470.897
470.897
465.847
465.847
465.847
465.847
465.847
776.047
776.047
776.047
776.047
776.047
770.175
770.175
770.175
770.175
770.175
729.666
729.666
729.666
729.666
729.666
717.561
717.561
717.561
717.561
717.561
751.408
751.408
751.408
751.408
751.408
653.78
653.78
653.78
653.78
653.78
754.081
754.081
754.081
754.081
754.081
718.054
718.054
718.054
718.054
718.054
722.463
722.463
722.463
722.463
722.463
771.11
771.11
771.11
771.11
771.11
713.519
713.519
713.519
713.519
713.519
768.199
768.199
768.199
768.199
768.199
702.955
702.955
702.955
702.955
702.955
652.485
652.485
652.485
652.485
652.485
668.93
668.93
668.93
668.93
668.93
540.115
540.115
540.115
540.115
540.115
153.719
153.719
153.719
153.719
153.719
633.199
633.199
633.199
633.199
633.199
393.798
393.798
393.798
393.798
393.798
785.772
785.772
785.772
785.772
785.772
788.333
788.333
788.333
788.333
788.333
726.435
726.435
726.435
726.435
726.435
743.063
743.063
743.063
743.063
743.063
740.255
740.255
740.255
740.255
740.255
784.667
784.667
784.667
784.667
784.667
761.453
761.453
761.453
761.453
761.453
786.096
786.096
786.096
786.096
786.096
790.099
790.099
790.099
790.099
790.099
765.702
765.702
765.702
765.702
765.702
785.138
785.138
785.138
785.138
785.138
764.112
764.112
764.112
764.112
764.112
781.791
781.791
781.791
781.791
781.791
768.338
768.338
768.338
768.338
768.338
759.545
759.545
759.545
759.545
759.545
784.356
784.356
784.356
784.356
784.356
719.141
719.141
719.141
719.141
719.141
753.327
753.327
753.327
753.327
753.327
741.097
741.097
741.097
741.097
741.097
680.719
680.719
680.719
680.719
680.719
432.863
432.863
432.863
432.863
432.863
237.243
237.243
237.243
237.243
237.243
739.279
739.279
739.279
739.279
739.279
769.392
769.392
769.392
769.392
769.392
782.726
782.726
782.726
782.726
782.726
776.087
776.087
776.087
776.087
776.087
750.105
750.105
750.105
750.105
750.105
0
