0
0
0
0
228.802
228.802
228.802
228.802
228.802
644.041
644.041
644.041
644.041
644.041
596.969
596.969
596.969
596.969
596.969
610.438
610.438
610.438
610.438
610.438
639.811
639.811
639.811
639.811
639.811
574.397
574.397
574.397
574.397
574.397
486.209
486.209
486.209
486.209
486.209
607.153
607.153
607.153
607.153
607.153
545.875
545.875
545.875
545.875
545.875
577.699
577.699
577.699
577.699
577.699
610.014
610.014
610.014
610.014
610.014
472.125
472.125
472.125
472.125
472.125
278.703
278.703
278.703
278.703
278.703
317.75
317.75
317.75
317.75
317.75
385.906
385.906
385.906
385.906
385.906
643.277
643.277
643.277
643.277
643.277
395.129
395.129
395.129
395.129
395.129
490
490
490
490
490
448.953
448.953
448.953
448.953
448.953
381.75
381.75
381.75
381.75
381.75
422.774
422.774
422.774
422.774
422.774
458.828
458.828
458.828
458.828
458.828
720.968
720.968
720.968
720.968
720.968
635.235
635.235
635.235
635.235
635.235
448.807
448.807
448.807
448.807
448.807
711.17
711.17
711.17
711.17
711.17
578.467
578.467
578.467
578.467
578.467
703.125
703.125
703.125
703.125
703.125
656
656
656
656
656
446.484
446.484
446.484
446.484
446.484
330.43
330.43
330.43
330.43
330.43
662.321
662.321
662.321
662.321
662.321
584.277
584.277
584.277
584.277
584.277
488.936
488.936
488.936
488.936
488.936
429.5
429.5
429.5
429.5
429.5
289
289
289
289
289
555.688
555.688
555.688
555.688
555.688
615.5
615.5
615.5
615.5
615.5
689.359
689.359
689.359
689.359
689.359
739.156
739.156
739.156
739.156
739.156
548.352
548.352
548.352
548.352
548.352
508.75
508.75
508.75
508.75
508.75
460.25
460.25
460.25
460.25
460.25
307.58
307.58
307.58
307.58
307.58
265.65
265.65
265.65
265.65
265.65
507.5
507.5
507.5
507.5
507.5
472.329
472.329
472.329
472.329
472.329
474.305
474.305
474.305
474.305
474.305
505.888
505.888
505.888
505.888
505.888
538.957
538.957
538.957
538.957
538.957
580.25
580.25
580.25
580.25
580.25
711.875
711.875
711.875
711.875
711.875
619.031
619.031
619.031
619.031
619.031
537.516
537.516
537.516
537.516
537.516
597.857
597.857
597.857
597.857
597.857
535.046
535.046
535.046
535.046
535.046
667.344
667.344
667.344
667.344
667.344
507.375
507.375
507.375
507.375
507.375
698.873
698.873
698.873
698.873
698.873
561.406
561.406
561.406
561.406
561.406
419.375
419.375
419.375
419.375
419.375
578.938
578.938
578.938
578.938
578.938
581
581
581
581
581
599.344
599.344
599.344
599.344
599.344
486.438
486.438
486.438
486.438
486.438
693.25
693.25
693.25
693.25
693.25
285.744
285.744
285.744
285.744
285.744
307.422
307.422
307.422
307.422
307.422
195.755
195.755
195.755
195.755
195.755
454
454
454
454
454
619.344
619.344
619.344
619.344
619.344
497.74
497.74
497.74
497.74
497.74
624.719
624.719
624.719
624.719
624.719
588.375
588.375
588.375
588.375
588.375
574.922
574.922
574.922
574.922
574.922
409.219
409.219
409.219
409.219
409.219
375.013
375.013
375.013
375.013
375.013
488.047
488.047
488.047
488.047
488.047
662.484
662.484
662.484
662.484
662.484
420.438
420.438
420.438
420.438
420.438
557.925
557.925
557.925
557.925
557.925
627.75
627.75
627.75
627.75
627.75
336.375
336.375
336.375
336.375
336.375
665.375
665.375
665.375
665.375
665.375
292.5
292.5
292.5
292.5
292.5
699.992
699.992
699.992
699.992
699.992
571.416
571.416
571.416
571.416
571.416
439.578
439.578
439.578
439.578
439.578
643.476
643.476
643.476
643.476
643.476
537.375
537.375
537.375
537.375
537.375
502.688
502.688
502.688
502.688
502.688
611.854
611.854
611.854
611.854
611.854
569.625
569.625
569.625
569.625
569.625
344.5
344.5
344.5
344.5
344.5
614.688
614.688
614.688
614.688
614.688
768
768
768
768
768
526.25
526.25
526.25
526.25
526.25
719.813
719.813
719.813
719.813
719.813
650.222
650.222
650.222
650.222
650.222
563.094
563.094
563.094
563.094
563.094
472.125
472.125
472.125
472.125
472.125
525.563
525.563
525.563
525.563
525.563
524.75
524.75
524.75
524.75
524.75
444.744
444.744
444.744
444.744
444.744
693.92
693.92
693.92
693.92
693.92
429.195
429.195
429.195
429.195
429.195
401.984
401.984
401.984
401.984
401.984
488.5
488.5
488.5
488.5
488.5
631.377
631.377
631.377
631.377
631.377
420.055
420.055
420.055
420.055
420.055
622.4
622.4
622.4
622.4
622.4
612.125
612.125
612.125
612.125
612.125
552.004
552.004
552.004
552.004
552.004
585.023
585.023
585.023
585.023
585.023
512.281
512.281
512.281
512.281
512.281
465.302
465.302
465.302
465.302
465.302
539.844
539.844
539.844
539.844
539.844
616.5
616.5
616.5
616.5
616.5
406.452
406.452
406.452
406.452
406.452
607.096
607.096
607.096
607.096
607.096
502.773
502.773
502.773
502.773
502.773
588.656
588.656
588.656
588.656
588.656
446
446
446
446
446
444
444
444
444
444
516.406
516.406
516.406
516.406
516.406
320.477
320.477
320.477
320.477
320.477
474.375
474.375
474.375
474.375
474.375
525.242
525.242
525.242
525.242
525.242
570.906
570.906
570.906
570.906
570.906
441.875
441.875
441.875
441.875
441.875
605.969
605.969
605.969
605.969
605.969
345.5
345.5
345.5
345.5
345.5
578.031
578.031
578.031
578.031
578.031
458.648
458.648
458.648
458.648
458.648
592.272
592.272
592.272
592.272
592.272
497.75
497.75
497.75
497.75
497.75
647.094
647.094
647.094
647.094
647.094
571.313
571.313
571.313
571.313
571.313
505.375
505.375
505.375
505.375
505.375
420.24
420.24
420.24
420.24
420.24
400.563
400.563
400.563
400.563
400.563
676
676
676
676
676
603.5
603.5
603.5
603.5
603.5
625.422
625.422
625.422
625.422
625.422
443.422
443.422
443.422
443.422
443.422
275.706
275.706
275.706
275.706
275.706
565.911
565.911
565.911
565.911
565.911
577.008
577.008
577.008
577.008
577.008
345.5
345.5
345.5
345.5
345.5
571.672
571.672
571.672
571.672
571.672
362.885
362.885
362.885
362.885
362.885
539.453
539.453
539.453
539.453
539.453
383.125
383.125
383.125
383.125
383.125
313.375
313.375
313.375
313.375
313.375
562.25
562.25
562.25
562.25
562.25
390.226
390.226
390.226
390.226
390.226
556.25
556.25
556.25
556.25
556.25
659.065
659.065
659.065
659.065
659.065
704.219
704.219
704.219
704.219
704.219
552.531
552.531
552.531
552.531
552.531
532.531
532.531
532.531
532.531
532.531
481.375
481.375
481.375
481.375
481.375
437.5
437.5
437.5
437.5
437.5
685.25
685.25
685.25
685.25
685.25
690.563
690.563
690.563
690.563
690.563
644.313
644.313
644.313
644.313
644.313
620.369
620.369
620.369
620.369
620.369
722.75
722.75
722.75
722.75
722.75
509.125
509.125
509.125
509.125
509.125
619.485
619.485
619.485
619.485
619.485
677.732
677.732
677.732
677.732
677.732
412.441
412.441
412.441
412.441
412.441
483
483
483
483
483
405.266
405.266
405.266
405.266
405.266
490.313
490.313
490.313
490.313
490.313
518.996
518.996
518.996
518.996
518.996
574.618
574.618
574.618
574.618
574.618
292.75
292.75
292.75
292.75
292.75
491.787
491.787
491.787
491.787
491.787
671.064
671.064
671.064
671.064
671.064
701.063
701.063
701.063
701.063
701.063
639.989
639.989
639.989
639.989
639.989
386.547
386.547
386.547
386.547
386.547
344.625
344.625
344.625
344.625
344.625
409.75
409.75
409.75
409.75
409.75
649.625
649.625
649.625
649.625
649.625
661.316
661.316
661.316
661.316
661.316
746.363
746.363
746.363
746.363
746.363
348.964
348.964
348.964
348.964
348.964
461.438
461.438
461.438
461.438
461.438
517.599
517.599
517.599
517.599
517.599
401.5
401.5
401.5
401.5
401.5
517.5
517.5
517.5
517.5
517.5
421.028
421.028
421.028
421.028
421.028
264.852
264.852
264.852
264.852
264.852
555.037
555.037
555.037
555.037
555.037
524.367
524.367
524.367
524.367
524.367
295.196
295.196
295.196
295.196
295.196
500.624
500.624
500.624
500.624
500.624
399.431
399.431
399.431
399.431
399.431
415.021
415.021
415.021
415.021
415.021
592.125
592.125
592.125
592.125
592.125
578.125
578.125
578.125
578.125
578.125
530.347
530.347
530.347
530.347
530.347
564.571
564.571
564.571
564.571
564.571
462.207
462.207
462.207
462.207
462.207
670.063
670.063
670.063
670.063
670.063
332.813
332.813
332.813
332.813
332.813
683.766
683.766
683.766
683.766
683.766
394.05
394.05
394.05
394.05
394.05
504.5
504.5
504.5
504.5
504.5
423.688
423.688
423.688
423.688
423.688
570.211
570.211
570.211
570.211
570.211
285.5
285.5
285.5
285.5
285.5
401
401
401
401
401
315.746
315.746
315.746
315.746
315.746
462.5
462.5
462.5
462.5
462.5
557.81
557.81
557.81
557.81
557.81
494.536
494.536
494.536
494.536
494.536
753.065
753.065
753.065
753.065
753.065
388.105
388.105
388.105
388.105
388.105
588.299
588.299
588.299
588.299
588.299
551.161
551.161
551.161
551.161
551.161
271.75
271.75
271.75
271.75
378.5
275.938
264.125
264.125
264.125
264.125
519.844
519.844
519.844
519.844
519.844
623.563
623.563
623.563
623.563
623.563
652.055
652.055
652.055
652.055
652.055
570.703
570.703
570.703
570.703
570.703
605.625
605.625
605.625
605.625
605.625
441.547
441.547
441.547
441.547
441.547
683.816
683.816
683.816
683.816
683.816
389.5
389.5
389.5
389.5
389.5
296.31
296.31
296.31
296.31
296.31
671.038
671.038
671.038
671.038
671.038
493.125
493.125
493.125
493.125
493.125
374.258
374.258
374.258
374.258
374.258
519.272
519.272
519.272
519.272
519.272
595.992
595.992
595.992
595.992
595.992
503.172
503.172
503.172
503.172
503.172
479.439
479.439
479.439
479.439
479.439
525.703
525.703
525.703
525.703
525.703
565
565
565
565
565
403.125
403.125
403.125
403.125
403.125
166.317
166.317
166.317
166.317
166.317
582.075
582.075
582.075
582.075
582.075
672.75
672.75
672.75
672.75
672.75
556.5
556.5
556.5
556.5
556.5
528.875
528.875
528.875
528.875
528.875
605.875
605.875
605.875
605.875
605.875
442.784
442.784
442.784
442.784
442.784
625.125
625.125
625.125
625.125
625.125
288.281
288.281
288.281
288.281
288.281
568.902
568.902
568.902
568.902
568.902
664.031
664.031
664.031
664.031
664.031
501.227
501.227
501.227
501.227
501.227
467.331
467.331
467.331
467.331
467.331
427.293
427.293
427.293
427.293
427.293
756.438
756.438
756.438
756.438
756.438
533.875
533.875
533.875
533.875
533.875
560.032
560.032
560.032
560.032
560.032
559.922
559.922
559.922
559.922
559.922
437.003
437.003
437.003
437.003
437.003
301.18
301.18
301.18
301.18
301.18
573.059
573.059
573.059
573.059
573.059
327.915
327.915
327.915
327.915
327.915
627.43
627.547
627.547
627.547
627.547
547.25
547.25
547.25
547.25
547.25
481.25
481.25
481.25
481.25
481.25
482.063
482.063
482.063
482.063
482.063
400.925
400.925
400.925
400.925
400.925
603.118
603.118
603.118
603.118
603.118
303.219
303.219
303.219
303.219
303.219
703.125
703.125
703.125
703.125
703.125
695.953
695.953
695.953
695.953
695.953
498.428
498.428
498.428
498.428
498.428
598.5
598.5
598.5
598.5
598.5
215.625
215.625
215.625
215.625
215.625
643.25
643.25
643.25
643.25
643.25
408.563
408.563
408.563
408.563
408.563
471.684
471.684
471.684
471.684
471.684
597.207
597.207
597.207
597.207
597.207
339.547
339.547
339.547
339.547
339.547
363.313
363.313
363.313
363.313
363.313
689.781
689.781
689.781
689.781
689.781
519.125
519.125
519.125
519.125
519.125
340.5
340.5
340.5
340.5
340.5
573.281
573.281
573.281
573.281
573.281
599.813
599.813
599.813
599.813
599.813
643.457
643.457
643.457
643.457
643.457
754
754
754
754
754
380.891
380.891
380.891
380.891
380.891
598.609
598.609
598.609
598.609
598.609
677.019
677.019
677.019
677.019
677.019
477.689
477.689
477.689
477.689
477.689
581
581
581
581
581
383.125
383.125
383.125
383.125
383.125
527.562
527.562
527.562
527.562
527.562
395.967
395.967
395.967
395.967
395.967
544.125
544.125
544.125
544.125
544.125
603.75
603.75
603.75
603.75
603.75
580.125
580.125
580.125
580.125
580.125
500.375
500.375
500.375
500.375
500.375
684.491
684.491
684.491
684.491
684.491
393.252
393.252
393.252
393.252
393.252
205.506
205.506
205.506
205.506
205.506
439.141
439.141
439.141
439.141
439.141
411.563
411.563
411.563
411.563
411.563
495.211
495.211
495.211
495.211
495.211
714.962
714.962
714.962
714.962
714.962
490.508
490.508
490.508
490.508
490.508
445.25
445.25
445.25
445.25
445.25
738.828
738.828
738.828
738.828
738.828
490.445
490.445
490.445
490.445
490.445
591.75
591.75
591.75
591.75
591.75
596.569
596.569
596.569
596.569
596.569
626.25
626.25
626.25
626.25
626.25
542.739
542.739
542.739
542.739
542.739
559.75
559.75
559.75
559.75
559.75
491.25
491.25
491.25
491.25
491.25
167.5
167.5
167.5
167.5
167.5
652.309
652.309
652.309
652.309
652.309
393.637
393.637
393.637
393.637
393.637
509.938
509.938
509.938
509.938
509.938
477.984
477.984
477.984
477.984
477.984
340.594
340.594
340.594
340.594
340.594
593.563
593.563
593.563
593.563
593.563
721.731
721.731
721.731
721.731
721.731
329.395
329.395
329.395
329.395
329.395
480.746
480.746
480.746
480.746
480.746
0
0
0
0
0
555.969
555.969
555.969
555.969
555.969
543.571
543.571
543.571
543.571
543.571
648.698
648.698
648.698
648.698
648.698
694.983
694.983
694.983
694.983
694.983
519.358
519.358
519.358
519.358
519.358
580
580
580
580
580
491.75
491.75
491.75
491.75
491.75
627
627
627
627
627
609.793
609.793
609.793
609.793
609.793
509.049
509.049
509.049
509.049
509.049
544.922
544.922
544.922
544.922
544.922
507.56
507.56
507.56
507.56
507.56
469.645
469.645
469.645
469.645
469.645
386.25
386.25
386.25
386.25
386.25
665.13
665.13
665.13
665.13
665.13
362.184
362.184
362.184
362.184
362.184
643.085
643.085
643.085
643.085
643.085
388.125
388.125
388.125
388.125
388.125
448.633
448.633
448.633
448.633
448.633
441.274
441.274
441.274
441.274
441.274
655.824
655.824
655.824
655.824
655.824
512.938
512.938
512.938
512.938
512.938
473.285
473.285
473.285
473.285
473.285
651.125
651.125
651.125
651.125
651.125
486.09
486.09
486.09
486.09
486.09
592.688
592.688
592.688
592.688
592.688
312.188
312.188
312.188
312.188
312.188
705.351
705.351
705.351
705.351
705.351
329.018
329.018
329.018
329.018
329.018
459
459
459
459
459
318.168
318.168
318.168
318.168
318.168
387.304
387.304
387.304
387.304
387.304
563.07
563.07
563.07
563.07
563.07
707.032
707.032
707.032
707.032
707.032
284
284
284
284
284
488.5
488.5
488.5
488.5
488.5
573.813
573.813
573.813
573.813
573.813
649.802
649.802
649.802
649.802
649.802
470.258
470.258
470.258
470.258
470.258
527.25
527.25
527.25
527.25
527.25
639.063
639.063
639.063
639.063
639.063
376.719
376.719
376.719
376.719
376.719
746.857
746.857
746.857
746.857
746.857
310.719
310.719
310.719
310.719
310.719
554.59
554.59
554.59
554.59
554.59
674.5
674.5
674.5
674.5
674.5
603.242
603.242
603.242
603.242
603.242
684.094
684.094
684.094
684.094
684.094
273
273
273
273
273
467.445
467.445
467.445
467.445
467.445
682.875
682.875
682.875
682.875
682.875
629.5
629.5
629.5
629.5
629.5
468.701
468.701
468.701
468.701
468.701
561.945
561.945
561.945
561.945
561.945
439.688
439.688
439.688
439.688
439.688
655.548
655.548
655.548
655.548
655.548
587.832
587.832
587.832
587.832
587.832
715.432
715.432
715.432
715.432
715.432
338.07
338.07
338.07
338.07
338.07
698.375
698.375
698.375
698.375
698.375
474.634
474.634
474.634
474.634
474.634
539.844
539.844
539.844
539.844
539.844
577.063
577.063
577.063
577.063
577.063
560.988
560.988
560.988
560.988
560.988
736.305
736.305
736.305
736.305
736.305
427.875
427.875
427.875
427.875
427.875
662.681
662.681
662.681
662.681
662.681
309.016
309.016
309.016
309.016
309.016
589.781
589.781
589.781
589.781
589.781
319.877
319.877
319.877
319.877
319.877
381.563
381.563
381.563
381.563
381.563
489.229
489.229
489.229
489.229
489.229
482.75
482.75
482.75
482.75
482.75
460.005
460.005
460.005
460.005
460.005
357.5
357.5
357.5
357.5
357.5
556.063
556.063
556.063
556.063
556.063
592.625
592.625
592.625
592.625
592.625
337
337
337
337
337
667.573
667.573
667.573
667.573
667.573
413
413
413
413
413
351.5
351.5
351.5
351.5
351.5
506.262
506.262
506.262
506.262
506.262
550.5
550.5
550.5
550.5
550.5
458.188
458.188
458.188
458.188
458.188
515.688
515.688
515.688
515.688
515.688
288.375
288.375
288.375
288.375
288.375
568.375
568.375
568.375
568.375
568.375
627.642
627.642
627.642
627.642
627.642
644.375
644.375
644.375
644.375
644.375
720.219
720.219
720.219
720.219
720.219
497.375
497.375
497.375
497.375
497.375
443.375
443.375
443.375
443.375
443.375
322.094
322.094
322.094
322.094
322.094
251
251
251
251
251
292.172
292.172
292.172
292.172
292.172
652.992
652.992
652.992
652.992
652.992
180.594
180.594
180.594
180.594
180.594
558.422
558.422
558.422
558.422
558.422
609.297
609.297
609.297
609.297
609.297
620.625
620.625
620.625
620.625
620.625
500.451
500.451
500.451
500.451
500.451
457.07
457.07
457.07
457.07
457.07
479.5
479.5
479.5
479.5
479.5
688.5
688.5
688.5
688.5
688.5
534.88
534.88
534.88
534.88
534.88
498.695
498.695
498.695
498.695
498.695
595.675
595.675
595.675
595.675
595.675
302.88
302.88
302.88
302.88
302.88
539.406
539.406
539.406
539.406
539.406
612.125
612.125
612.125
612.125
612.125
661.922
661.922
661.922
661.922
661.922
442.745
442.745
442.745
442.745
442.745
375.246
375.246
375.246
375.246
375.246
499.5
499.5
499.5
499.5
499.5
614.156
614.156
614.156
614.156
614.156
464.172
464.172
464.172
464.172
464.172
625.788
625.788
625.788
625.788
625.788
381.281
381.281
381.281
381.281
381.281
286.682
286.682
286.682
286.682
286.682
692.714
692.714
692.714
692.714
692.714
587.5
587.5
587.5
587.5
587.5
390.441
390.441
390.441
390.441
390.441
546.569
546.569
546.569
546.569
546.569
685.984
685.984
685.984
685.984
685.984
481.125
481.125
481.125
481.125
481.125
208.125
208.125
208.125
208.125
208.125
523.352
523.352
523.352
523.352
523.352
466.581
466.581
466.581
466.581
466.581
696.5
696.5
696.5
696.5
696.5
595.781
595.781
595.781
595.781
595.781
459.233
459.233
459.233
459.233
459.233
468.849
468.849
468.849
468.849
468.849
435.078
435.078
435.078
435.078
435.078
556.446
556.446
556.446
556.446
556.446
682.316
682.316
682.316
682.316
682.316
365
365
365
365
365
378.672
378.672
378.672
378.672
378.672
490.895
490.895
490.895
490.895
490.895
385.192
385.192
385.192
385.192
385.192
478.875
478.875
478.875
478.875
478.875
511.059
511.059
511.059
511.059
511.059
638.969
638.969
638.969
638.969
638.969
618.045
618.045
618.045
618.045
618.045
615.875
615.875
615.875
615.875
615.875
621.477
621.477
621.477
621.477
621.477
557.625
557.625
557.625
557.625
557.625
470.017
470.017
470.017
470.017
470.017
509
509
509
509
509
396.969
396.969
396.969
396.969
396.969
609.434
609.434
609.434
609.434
609.434
425.5
425.5
425.5
425.5
425.5
323.857
323.857
323.857
323.857
323.857
692.5
692.5
692.5
692.5
692.5
656.844
656.844
656.844
656.844
656.844
451.316
451.316
451.316
451.316
451.316
698.656
698.656
698.656
698.656
698.656
505.438
505.438
505.438
505.438
505.438
505.41
505.41
505.41
505.41
505.41
638.141
638.141
638.141
638.141
638.141
597.605
597.605
597.605
597.605
597.605
623.037
623.037
623.037
623.037
623.037
753.25
753.25
753.25
753.25
753.25
492.203
492.203
492.203
492.203
492.203
478.288
478.288
478.288
478.288
478.288
702
702
702
702
702
319.271
319.271
319.271
319.271
319.271
580.385
580.385
580.385
580.385
580.385
585.451
585.451
585.451
585.451
585.451
251.207
251.207
251.207
251.207
251.207
390.72
390.72
390.72
390.72
390.72
379.5
379.5
379.5
379.5
379.5
556.125
556.125
556.125
556.125
556.125
554.469
554.469
554.469
554.469
554.469
573.563
573.563
573.563
573.563
573.563
496.023
496.023
496.023
496.023
496.023
587.587
587.587
587.587
587.587
587.587
281.769
281.769
281.769
281.769
281.769
555.313
555.313
555.313
555.313
555.313
569.512
569.512
569.512
569.512
569.512
604.109
604.109
604.109
604.109
604.109
490.75
490.75
490.75
490.75
490.75
391.406
391.406
391.406
391.406
391.406
572.234
572.234
572.234
572.234
572.234
307.563
307.563
307.563
307.563
307.563
493.813
493.813
493.813
493.813
493.813
382.188
382.188
382.188
382.188
382.188
560.531
560.531
560.531
560.531
560.531
491.281
491.281
491.281
491.281
491.281
665.719
665.719
665.719
665.719
665.719
628.625
628.625
628.625
628.625
628.625
315.448
315.448
315.448
315.448
315.448
561.875
561.875
561.875
561.875
561.875
326.547
326.547
326.547
326.547
326.547
469.639
469.639
469.639
469.639
469.639
514.938
514.938
514.938
514.938
514.938
541.731
541.731
541.731
541.731
541.731
363.492
363.492
363.492
363.492
363.492
515.975
515.975
515.975
515.975
515.975
415.363
415.363
415.363
415.363
415.363
265.609
265.609
265.609
265.609
265.609
694.75
694.75
694.75
694.75
694.75
542.469
542.469
542.469
542.469
556.813
632.25
632.25
632.25
632.25
632.25
464.691
464.691
464.691
464.691
464.691
710.125
710.125
710.125
710.125
710.125
418.5
418.5
418.5
418.5
418.5
241.27
241.27
241.27
241.27
241.27
442.328
442.328
442.328
442.328
442.328
630.25
630.25
630.25
630.25
630.25
464.761
464.761
464.761
464.761
464.761
627.25
627.25
627.25
627.25
627.25
348.875
348.875
348.875
348.875
348.875
708.109
708.109
708.109
708.109
708.109
480.43
480.43
480.43
480.43
480.43
441.664
441.664
441.664
441.664
441.664
392.323
392.323
392.323
392.323
392.323
681.502
681.502
681.502
681.502
681.502
582.666
582.666
582.666
582.666
582.666
519.391
519.391
519.391
519.391
519.391
287.924
287.924
287.924
287.924
287.924
418.57
418.57
418.57
418.57
418.57
536.25
536.25
536.25
536.25
536.25
507
507
507
507
507
297.25
297.25
297.25
297.25
297.25
454.891
454.891
454.891
454.891
454.891
440.206
440.206
440.206
440.206
440.206
675.25
675.25
675.25
675.25
675.25
576
576
576
576
576
719.945
719.945
719.945
719.945
719.945
501.25
501.25
501.25
501.25
501.25
275.461
275.461
275.461
275.461
275.461
621.25
621.25
621.25
621.25
621.25
575.094
575.094
575.094
575.094
575.094
603.38
603.38
603.38
603.38
603.38
502.672
502.672
502.672
502.672
502.672
382.188
382.188
382.188
382.188
382.188
684
684
684
684
684
402.211
402.211
402.211
402.211
402.211
408.668
408.668
408.668
408.668
408.668
469.813
469.813
469.813
469.813
469.813
385.75
385.75
385.75
385.75
385.75
673.504
673.504
673.504
673.504
673.504
548.828
548.828
548.828
548.828
548.828
405.482
405.482
405.482
405.482
405.482
606.25
606.25
606.25
606.25
606.25
667.48
667.48
667.48
667.48
667.48
240.837
240.837
240.837
240.837
240.837
628.828
628.828
628.828
628.828
628.828
564.109
564.109
564.109
564.109
564.109
440.742
440.742
440.742
440.742
440.742
220.875
220.875
220.875
220.875
220.875
249.989
249.989
249.989
249.989
249.989
402.25
402.25
402.25
402.25
402.25
563.522
563.522
563.522
563.522
563.522
688.586
688.586
688.586
688.586
688.586
390.563
390.563
390.563
390.563
390.563
591.867
591.867
591.867
591.867
591.867
494.234
494.234
494.234
494.234
494.234
229.594
229.594
229.594
229.594
229.594
585.906
585.906
585.906
585.906
585.906
593.469
593.469
593.469
593.469
593.469
486.5
486.5
486.5
486.5
486.5
636.18
636.18
636.18
636.18
636.18
518.511
518.511
518.511
518.511
518.511
344.359
344.359
344.359
344.359
344.359
323.344
323.344
323.344
323.344
323.344
448.324
448.324
448.324
448.324
448.324
395.707
395.707
395.707
395.707
395.707
634.206
634.206
634.206
634.206
634.206
626.422
626.422
626.422
626.422
626.422
483.383
483.383
483.383
483.383
483.383
530.251
530.251
530.251
530.251
530.251
672.289
672.289
672.289
672.289
672.289
496.75
496.75
496.75
496.75
496.75
567.781
567.781
567.781
567.781
567.781
616.602
616.602
616.602
616.602
616.602
376.438
376.438
376.438
376.438
376.438
636.707
636.707
636.729
636.729
636.729
490.566
490.566
490.566
490.566
490.566
493.861
493.861
493.861
493.861
493.861
457.57
457.57
457.57
457.57
457.57
441.125
441.125
441.125
441.125
441.125
700.969
700.969
700.969
700.969
700.969
476.591
476.591
476.591
476.591
476.591
433.25
433.25
433.25
433.25
433.25
392.375
392.375
392.375
392.375
392.375
417
417
417
417
417
290.063
290.063
290.063
290.063
290.063
262.267
262.267
262.267
262.267
262.267
593.498
593.498
593.498
593.498
593.498
597.809
597.809
597.809
597.809
597.809
588.422
588.422
588.422
588.422
588.422
551.75
551.75
551.75
551.75
551.75
353.969
353.969
353.969
353.969
353.969
466.032
466.032
466.032
466.032
466.032
620.625
620.625
620.625
620.625
620.625
408.461
408.461
408.461
408.461
408.461
556.784
556.784
556.784
556.784
556.784
444.609
444.609
444.609
444.609
444.609
383.609
383.609
383.609
383.609
383.609
390.238
390.238
390.238
390.238
390.238
540.147
540.147
540.147
540.147
540.147
448.743
448.743
448.742
448.742
448.742
489
489
489
489
489
668
668
668
668
668
343
343
343
343
343
335
335
335
335
335
455.75
455.75
455.75
455.75
455.75
720.58
720.58
720.58
720.58
720.58
566
566
566
566
566
561.422
561.422
561.422
561.422
561.422
611.219
611.219
611.219
611.219
611.219
504.045
504.045
504.045
504.045
504.045
518.469
518.469
518.469
518.469
518.469
407.641
407.641
407.641
407.641
407.641
489.439
489.439
489.439
489.439
489.439
550.822
550.822
550.822
550.822
550.822
563.311
563.311
563.311
563.311
563.311
384.813
384.813
384.813
384.813
384.813
663.52
663.52
663.52
663.52
663.52
311.826
311.826
311.826
311.826
311.826
482.063
482.063
482.063
482.063
482.063
319.836
319.836
319.836
319.836
319.836
697.628
697.628
697.628
697.628
697.628
523.625
523.625
523.625
523.625
523.625
606
606
606
606
606
669.034
669.034
669.034
669.034
669.034
564.867
564.867
564.867
564.867
564.867
588.512
588.512
588.512
588.512
588.512
466.767
466.767
466.767
466.767
466.767
547.031
547.031
547.031
547.031
547.031
575.75
575.75
575.75
575.75
575.75
494.545
494.545
494.545
494.545
494.545
607.125
607.125
607.125
607.125
607.125
652.384
652.312
652.312
652.312
652.312
519.111
519.111
519.111
519.111
519.111
453.785
453.785
453.785
453.785
453.785
572.115
572.115
572.115
572.115
572.115
366.5
366.5
366.5
366.5
366.5
733.627
733.627
733.627
733.627
733.627
627.938
627.938
627.938
627.938
627.938
540.633
540.633
540.633
540.633
540.633
617.5
617.5
617.5
617.5
617.5
338.375
338.375
338.375
338.375
338.375
694.234
694.234
694.234
694.234
694.234
648.156
648.156
648.156
648.156
648.156
471.258
471.258
471.258
471.258
471.258
610.625
610.625
610.625
610.625
610.625
425.463
425.463
425.463
425.463
425.463
533.813
533.813
533.813
533.813
533.813
734.735
734.735
734.735
734.735
734.735
360.958
360.958
360.958
360.958
360.958
500.375
500.375
500.375
500.375
500.375
541.179
541.179
541.179
541.179
541.179
679.852
679.852
679.852
679.852
679.852
534.25
534.25
534.25
534.25
534.25
769.5
769.5
769.5
769.5
769.5
574.758
574.758
574.758
574.758
574.758
744.188
744.188
744.188
744.188
744.188
704
704
704
704
704
726.479
726.479
726.479
726.479
726.479
518.755
580.51
580.51
580.51
580.51
581.257
581.257
581.257
581.257
581.257
385.5
385.5
385.5
385.5
385.5
597.25
597.25
597.25
597.25
597.25
195.5
195.5
195.5
195.5
195.5
450.418
450.418
450.418
450.418
450.418
544.094
544.094
544.094
544.094
544.094
460.563
460.563
460.563
460.563
460.563
577.867
577.867
577.867
577.867
577.867
640.875
640.875
640.875
640.875
640.875
470.484
470.484
470.484
470.484
470.484
522.418
522.418
522.418
522.418
522.418
591
591
591
591
591
353.438
353.438
353.438
353.438
353.438
668.5
668.5
668.5
668.5
668.5
424.375
424.375
424.375
424.375
424.375
393.541
393.541
393.541
393.541
393.541
514.969
514.969
514.969
514.969
514.969
428.327
428.327
428.327
428.327
428.327
507.964
507.964
507.964
507.964
507.964
473.859
473.859
473.859
473.859
473.859
576.75
576.75
576.75
576.75
576.75
196.375
196.375
196.375
196.375
196.375
365.185
365.185
365.185
365.185
365.185
368.362
368.362
368.362
368.362
368.362
446.625
446.625
446.625
446.625
446.625
553.75
553.75
553.75
553.75
553.75
387.563
387.563
387.563
387.563
387.563
521.438
521.438
521.438
521.438
521.438
480.125
480.125
480.125
480.125
480.125
465.912
465.912
465.912
465.912
465.912
533.063
533.063
533.063
533.063
533.063
534.875
534.875
534.875
534.875
534.875
292.156
292.156
292.156
292.156
292.156
414.875
414.875
414.875
414.875
414.875
187
187
187
187
187
663.375
663.375
663.375
663.375
663.375
702.875
702.875
702.875
702.875
702.875
716.26
716.26
688.52
688.52
688.52
411.648
411.648
411.648
411.648
411.648
630.815
630.815
630.815
630.815
630.815
381.211
381.211
381.211
381.211
381.211
625.55
625.55
625.55
625.55
625.55
528.25
528.25
528.25
528.25
528.25
601.738
601.738
601.738
601.738
601.738
582.152
582.152
582.152
582.152
582.152
463.04
463.04
463.04
463.04
463.04
533.619
533.619
533.619
533.619
533.619
490.626
490.626
490.626
490.626
490.626
486.75
486.75
486.75
486.75
486.75
444.691
444.691
444.691
444.691
444.691
381.81
381.81
381.81
381.81
381.81
288.635
288.635
288.635
288.635
288.635
483.375
483.375
483.375
483.375
483.375
700.75
700.75
700.75
700.75
700.75
408.868
408.868
408.868
408.868
408.868
458.972
458.972
458.972
458.972
458.972
531.103
531.103
531.103
531.103
531.103
274.375
274.375
274.375
274.375
274.375
397.237
397.237
397.237
397.237
397.237
673.332
673.332
673.332
673.332
673.332
633.875
633.875
633.875
633.875
633.875
596.125
596.125
596.125
596.125
596.125
493.855
493.855
493.855
493.855
493.855
411.5
411.5
411.5
411.5
411.5
670.063
670.063
670.063
670.063
670.063
310.313
310.313
310.313
310.313
310.313
603.079
603.079
603.079
603.079
603.079
518.75
518.75
518.75
518.75
518.75
400.875
400.875
400.875
400.875
400.875
632.289
632.289
632.289
632.289
632.289
543.198
543.198
543.198
543.198
543.198
500.197
500.197
500.197
500.197
500.197
642.438
642.438
642.438
642.438
642.438
563.938
563.938
563.938
563.938
563.938
504.014
504.014
504.014
504.014
504.014
609.008
609.008
609.008
609.008
609.008
564.161
564.161
564.161
564.161
564.161
647.227
647.227
647.227
647.227
647.227
570.5
570.5
570.5
570.5
570.5
640.5
640.5
640.5
640.5
640.5
706.056
706.056
706.056
706.056
706.056
436.125
436.125
436.125
436.125
436.125
520.563
520.563
520.563
520.563
520.563
644.609
644.609
644.609
644.609
644.609
424.423
424.423
424.423
424.423
424.423
436.173
436.173
436.173
436.173
436.173
667.5
667.5
667.5
667.5
667.5
633.56
633.56
633.56
633.56
633.56
374
374
374
374
374
544.078
544.078
544.078
544.078
544.078
262.346
262.346
262.346
262.346
262.346
398.537
398.537
398.537
398.537
398.537
381.668
381.668
381.668
381.668
381.668
448.875
448.875
448.875
448.875
448.875
269.625
269.625
269.625
269.625
269.625
419.354
419.354
419.354
419.354
419.354
557.08
557.08
557.08
557.08
557.08
541.25
541.25
541.25
541.25
541.25
337
337
337
337
337
631.903
631.903
631.903
631.903
631.903
642.071
642.071
642.071
642.071
642.071
519.469
519.469
519.469
519.469
519.469
582.555
582.555
582.555
582.555
582.555
583.539
583.539
583.539
583.539
583.539
225
225
225
225
225
383.3
383.3
383.3
383.3
383.3
451.395
451.395
451.395
451.395
451.395
433.348
433.348
433.348
433.348
433.348
575.133
575.133
575.133
575.133
575.133
374.351
374.351
374.351
374.351
374.351
501.791
501.791
501.791
501.791
501.791
735.964
735.964
726.927
726.927
726.927
722.625
722.625
722.625
722.625
722.625
528.375
528.375
528.375
528.375
528.375
463.109
463.109
463.109
463.109
463.109
483.5
483.5
483.5
483.5
483.5
505.188
505.188
505.188
505.188
505.188
537.487
537.487
537.487
537.487
537.487
595.805
595.805
595.805
595.805
595.805
493.873
493.873
493.873
493.873
493.873
649.164
649.164
649.164
649.164
649.164
657.871
657.871
657.871
657.871
657.871
690.5
690.5
690.5
690.5
690.5
514.5
514.5
514.5
514.5
514.5
500.719
500.719
500.719
500.719
500.719
196.875
196.875
196.875
196.875
196.875
495.232
495.232
495.232
495.232
495.232
577.491
577.491
577.491
577.491
577.491
624.922
624.922
624.922
624.922
624.922
540.188
540.188
540.188
540.188
540.188
403.531
403.531
403.531
403.531
403.531
474.219
474.219
474.219
474.219
474.219
366.508
366.508
366.508
366.508
366.508
581.408
581.408
581.408
581.408
581.408
219.819
219.819
219.819
219.819
219.819
643.087
643.087
643.087
643.087
643.087
477
477
477
477
477
593.75
593.75
593.75
593.75
593.75
543.037
543.037
543.037
543.037
543.037
327.877
327.877
327.877
327.877
327.877
526.687
526.687
526.687
526.687
526.687
420.688
420.688
420.688
420.688
420.688
504.05
504.05
504.05
504.05
504.05
425.969
425.969
425.969
425.969
425.969
584.211
584.211
584.211
584.211
584.211
187.591
187.591
187.591
187.591
187.591
582.924
582.924
582.924
582.924
582.924
563.359
563.359
563.359
563.359
563.359
768.5
768.5
768.5
768.5
768.5
780.095
780.095
780.095
780.095
780.095
579.182
579.182
579.182
579.182
579.182
512.451
512.451
512.451
512.451
512.451
507.625
507.625
507.625
507.625
507.625
343.084
343.084
343.084
343.084
343.084
440
440
440
440
440
405.179
405.179
405.179
405.179
405.179
377.064
377.064
377.064
377.064
377.064
657.85
657.85
657.85
657.85
657.85
400.9
400.9
400.9
400.9
400.9
452.901
452.901
452.901
452.901
452.901
614.737
614.737
614.737
614.737
614.737
653.109
653.109
653.109
653.109
653.109
495.602
495.602
495.602
495.602
495.602
643.375
643.375
643.375
643.375
643.375
463.861
463.861
463.861
463.861
463.861
438.934
438.934
438.934
438.934
438.934
274.125
274.125
274.125
274.125
274.125
352.289
352.289
352.289
352.289
352.289
526.984
526.984
526.984
526.984
526.984
519.289
519.289
519.289
519.289
519.289
390.883
390.883
390.883
390.883
390.883
671.999
671.999
671.999
671.999
671.999
673.625
673.625
673.625
673.625
673.625
526.563
526.563
526.563
526.563
526.563
656.477
656.477
656.477
656.477
656.477
408.115
408.115
408.115
408.115
408.115
663.069
663.069
663.069
663.069
663.069
735.396
735.396
735.396
735.396
735.396
667.107
667.107
667.107
667.107
667.107
671.378
671.378
671.378
671.378
671.378
397.117
397.117
397.117
397.117
397.117
484.018
484.018
484.018
484.018
484.018
282.439
282.439
282.439
282.439
282.439
278.337
278.337
278.337
278.337
278.337
480
480
480
480
480
432.188
432.188
432.188
432.188
432.188
560.414
560.414
560.414
560.414
560.414
498
498
498
498
498
360.5
360.5
360.5
360.5
360.5
364.998
364.998
364.998
364.998
364.998
518.531
518.531
518.531
518.531
518.531
353.875
353.875
353.875
353.875
353.875
314
314
314
314
314
583.961
583.961
583.961
583.961
583.961
424.626
424.626
424.626
424.626
424.626
514.078
514.078
514.078
514.078
514.078
681.5
681.5
681.5
681.5
681.5
567.813
567.813
567.813
567.813
567.813
403.891
403.891
403.891
403.891
403.891
463.035
463.035
463.035
463.035
463.035
306.461
306.461
306.461
306.461
306.461
601
601
601
601
601
492.75
492.75
492.75
492.75
492.75
616.375
616.375
616.375
616.375
616.375
592.701
592.701
592.701
592.701
592.701
549.383
549.383
549.383
549.383
549.383
409.516
409.516
409.516
409.516
409.516
541.625
541.625
541.625
541.625
541.625
653.855
653.855
653.855
653.855
653.855
670.5
670.5
670.5
670.5
670.5
348.909
348.909
348.909
348.909
348.909
688.5
688.5
688.5
688.5
688.5
590.625
590.625
590.625
590.625
590.625
423.582
423.582
423.582
423.582
423.582
484.801
484.801
484.801
484.801
484.801
480.262
480.262
480.262
480.262
480.262
280.547
280.547
280.547
280.547
280.547
376.047
376.047
376.047
376.047
376.047
711.603
711.603
711.603
711.603
711.603
344.31
344.31
344.31
344.31
344.31
717.813
717.813
717.813
717.813
717.813
414.02
414.02
414.02
414.02
414.02
371.523
371.523
371.523
371.523
371.523
221.688
221.688
221.688
221.688
221.688
539.833
539.833
539.833
539.833
539.833
625.766
625.766
625.766
625.766
625.766
456.484
456.484
456.484
456.484
456.484
550.609
550.609
550.609
550.609
550.609
667.156
667.156
667.156
667.156
667.156
478.035
478.035
478.035
478.035
478.035
484.75
484.75
484.75
484.75
484.75
294.281
294.281
294.281
294.281
294.281
415.915
415.915
415.915
415.915
415.915
673.57
673.57
673.57
673.57
673.57
590.04
590.04
590.04
590.04
590.04
471.086
471.086
471.086
471.086
471.086
496.058
496.058
496.058
496.058
496.058
543
543
543
543
543
467
467
467
467
467
534.468
534.468
534.468
534.468
534.468
676.117
676.117
676.117
676.117
676.117
403.25
403.25
403.25
403.25
403.25
268.273
268.273
270.858
270.858
270.858
123.791
123.791
123.791
123.791
123.791
665.018
665.018
665.018
665.018
665.018
276.75
276.75
276.75
276.75
276.75
614.197
614.197
614.197
614.197
614.197
549
549
549
549
549
647.75
647.75
647.75
647.75
647.75
703.063
703.063
703.063
703.063
703.063
421.898
421.898
421.898
421.898
421.898
237
237
237
237
237
281.266
281.266
281.266
281.266
281.266
549.664
549.664
549.664
549.664
549.664
307.547
307.547
307.547
307.547
307.547
441.233
441.233
441.233
441.233
441.233
192
192
192
192
192
529.344
529.344
529.344
529.344
529.344
424.57
424.57
424.57
424.57
424.57
512.25
512.25
512.25
512.25
512.25
549.125
549.125
549.125
549.125
549.125
682.445
682.445
682.445
682.445
682.445
406.29
406.29
406.29
406.29
406.29
627.75
627.75
627.75
627.75
627.75
530.875
530.875
530.875
530.875
530.875
690
690
690
690
690
370.136
370.136
370.136
370.136
370.136
440.781
440.781
440.781
440.781
440.781
253.773
253.773
253.773
253.773
253.773
425.247
425.247
425.247
425.247
425.247
483.133
483.133
483.133
483.133
483.133
434.859
434.859
434.859
434.859
434.859
619.625
619.625
619.625
619.625
619.625
562.918
562.918
562.918
562.918
562.918
695.734
695.734
695.734
695.734
695.734
565.563
565.563
565.563
565.563
565.563
549
549
549
549
549
435.54
435.54
435.54
435.54
435.54
581.93
581.93
581.93
581.93
581.93
460.398
460.398
460.398
460.398
460.398
736.5
736.5
736.5
736.5
736.5
386.364
386.364
386.364
386.364
386.364
638.855
638.855
638.855
638.855
638.855
618.852
618.852
618.852
618.852
618.852
517
517
517
517
517
605.778
605.778
605.778
605.778
605.778
353.891
353.891
353.891
353.891
353.891
514.938
514.938
514.938
514.938
514.938
654.063
654.063
654.063
654.063
654.063
666.427
666.427
666.427
666.427
666.427
663
663
663
663
663
531.093
531.093
531.093
531.093
531.093
456.309
456.309
456.309
456.309
456.309
478.234
478.234
478.234
478.234
478.234
692.594
692.594
692.594
692.594
692.594
369.387
369.387
369.387
369.387
369.387
606.75
606.75
606.75
606.75
606.75
675.125
675.125
675.125
675.125
675.125
464.833
464.833
464.833
464.833
464.833
208.664
208.664
208.664
208.664
208.664
752.813
752.813
752.813
752.813
752.813
683.786
683.786
683.786
683.786
683.786
462.64
462.64
462.64
462.64
462.64
251.606
251.606
251.606
251.606
251.606
464.857
464.857
464.857
464.857
464.857
505.179
505.179
505.179
505.179
505.179
508.787
508.787
508.787
508.787
508.787
0
