0
0
0
0
552.226
552.226
552.226
552.226
552.226
560.063
560.063
560.063
560.063
560.063
627.423
627.423
627.423
627.423
627.423
768.743
768.743
768.743
768.743
768.743
793.085
793.085
793.085
793.085
793.085
792.319
792.319
792.319
792.319
792.319
793.033
793.033
793.033
793.033
793.033
784.663
784.663
784.663
784.663
784.663
786.821
786.821
786.821
786.821
786.821
791.37
791.37
791.37
791.37
791.37
792.538
792.538
792.538
792.538
792.538
793.903
793.903
793.903
793.903
793.903
796.467
796.467
796.467
796.467
796.467
791.905
791.905
791.905
791.905
791.905
787.585
787.585
787.585
787.585
787.585
797.558
797.558
797.558
797.558
797.558
786.971
786.971
786.971
786.971
786.971
794.097
794.097
794.097
794.097
794.097
795.869
795.869
795.869
795.869
795.869
797.287
797.287
797.287
797.287
797.287
793.35
793.35
793.35
793.35
793.35
797.069
797.069
797.069
797.069
797.069
793.99
793.99
793.99
793.99
793.99
788.416
788.416
788.416
788.416
788.416
794.623
794.623
794.623
794.623
794.623
794.664
794.664
794.664
794.664
794.664
791.083
791.083
791.083
791.083
791.083
798.161
798.161
798.161
798.161
798.161
795.438
795.438
795.438
795.438
795.438
790.905
790.905
790.905
790.905
790.905
797.554
797.554
797.554
797.554
797.554
796.414
796.414
796.414
796.414
796.414
795.373
795.373
795.373
795.373
795.373
797.638
797.638
797.638
797.638
797.638
793.201
793.201
793.201
793.201
793.201
794.757
794.757
794.757
794.757
794.757
798.115
798.115
798.115
798.115
798.115
795.178
795.178
795.178
795.178
795.178
795.816
795.816
795.816
795.816
795.816
797.898
797.898
797.898
797.898
797.898
798.254
798.254
798.254
798.254
798.254
795.77
795.77
795.77
795.77
795.77
797.55
797.55
797.55
797.55
797.55
796.75
796.75
796.75
796.75
796.75
796.275
796.275
796.275
796.275
796.275
798.145
798.145
798.145
798.145
798.145
793.942
793.942
793.942
793.942
793.942
791.739
791.739
791.739
791.739
791.739
796.851
796.851
796.851
796.851
796.851
795.012
795.012
795.012
795.012
795.012
795.09
795.09
795.09
795.09
795.09
797.351
797.351
797.351
797.351
797.351
796.894
796.894
796.894
796.894
796.894
796.154
796.154
796.154
796.154
796.154
797.918
797.918
797.918
797.918
797.918
796.154
796.154
796.154
796.154
796.154
793.257
793.257
793.257
793.257
793.257
798.767
798.767
798.767
798.767
798.767
796.742
796.742
796.742
796.742
796.742
794.352
794.352
794.352
794.352
794.352
798.679
798.679
798.679
798.679
798.679
798.475
798.475
798.475
798.475
798.475
797.158
797.158
797.158
797.158
797.158
798.245
798.245
798.245
798.245
798.245
795.614
795.614
795.614
795.614
795.614
795.04
795.04
795.04
795.04
795.04
797.794
797.794
797.794
797.794
797.794
797.447
797.447
797.447
797.447
797.447
795.752
795.752
795.752
795.752
795.752
798.051
798.051
798.051
798.051
798.051
796.118
796.118
796.118
796.118
796.118
797.153
797.153
797.153
797.153
797.153
797.938
797.938
797.938
797.938
797.938
796.48
796.48
796.48
796.48
796.48
793.749
793.749
793.749
793.749
793.749
797.241
797.241
797.241
797.241
797.241
797.012
797.012
797.012
797.012
797.012
796.07
796.07
796.07
796.07
796.07
798.896
798.896
798.896
798.896
798.896
798.75
798.75
798.75
798.75
798.75
796.959
796.959
796.959
796.959
796.959
798.498
798.498
798.498
798.498
798.498
798.266
798.266
798.266
798.266
798.266
797.184
797.184
797.184
797.184
797.184
798.937
798.937
798.937
798.937
798.937
798.443
798.443
798.443
798.443
798.443
798.036
798.036
798.036
798.036
798.036
798.994
798.994
798.994
798.994
798.994
798.76
798.76
798.76
798.76
798.76
797.445
797.445
797.445
797.445
797.445
798.734
798.734
798.734
798.734
798.734
797.838
797.838
797.838
797.838
797.838
796.877
796.877
796.877
796.877
796.877
798.959
798.959
798.959
798.959
798.959
798.696
798.696
798.696
798.696
798.696
798.522
798.522
798.522
798.522
798.522
798.825
798.825
798.825
798.825
798.825
798.534
798.534
798.534
798.534
798.534
797.261
797.261
797.261
797.261
797.261
798.931
798.931
798.931
798.931
798.931
798.455
798.455
798.455
798.455
798.455
796.428
796.428
796.428
796.428
796.428
798.368
798.368
798.368
798.368
798.368
797.667
797.667
797.667
797.667
797.667
797.481
797.481
797.481
797.481
797.481
798.98
798.98
798.98
798.98
798.98
798.93
798.93
798.93
798.93
798.93
798.761
798.761
798.761
798.761
798.761
798.709
798.709
798.709
798.709
798.709
797.887
797.887
797.887
797.887
797.887
797.545
797.545
797.545
797.545
797.545
798.483
798.483
798.483
798.483
798.483
798.099
798.099
798.099
798.099
798.099
796.791
796.791
796.791
796.791
796.791
798.495
798.495
798.495
798.495
798.495
798.396
798.396
798.396
798.396
798.396
796.964
796.964
796.964
796.964
796.964
798.861
798.861
798.861
798.861
798.861
797.896
797.896
797.896
797.896
797.896
796.868
796.868
796.868
796.868
796.868
798.75
798.75
798.75
798.75
798.75
798.181
798.181
798.181
798.181
798.181
798.627
798.627
798.627
798.627
798.627
798.646
798.646
798.646
798.646
798.646
797.74
797.74
797.74
797.74
797.74
797.526
797.526
797.526
797.526
797.526
798.43
798.43
798.43
798.43
798.43
798.178
798.178
798.178
798.178
798.178
797.263
797.263
797.263
797.263
797.263
799
799
799
799
799
797.614
797.614
797.614
797.614
797.614
797.124
797.124
797.124
797.124
797.124
798.436
798.436
798.436
798.436
798.436
796.885
796.885
796.885
796.885
796.885
797.192
797.192
797.192
797.192
797.192
798.464
798.464
798.464
798.464
798.464
797.63
797.63
797.63
797.63
797.63
797.257
797.257
797.257
797.257
797.257
798.987
798.987
798.987
798.987
798.987
798.833
798.833
798.833
798.833
798.833
798.149
798.149
798.149
798.149
798.149
798.967
798.967
798.967
798.967
798.967
798.325
798.325
798.325
798.325
798.325
797.131
797.131
797.131
797.131
797.131
798.656
798.656
798.656
798.656
798.656
797.833
797.833
797.833
797.833
797.833
797.207
797.207
797.207
797.207
797.207
798.922
798.922
798.922
798.922
798.922
797.321
797.321
797.321
797.321
797.321
798.225
798.225
798.225
798.225
798.225
798.468
798.468
798.468
798.468
798.468
797.808
797.808
797.808
797.808
797.808
797.182
797.182
797.182
797.182
797.182
798.93
798.93
798.93
798.93
798.93
798.558
798.558
798.558
798.558
798.558
798.388
798.388
798.388
798.388
798.388
797.496
797.496
797.496
797.496
797.496
796.367
796.367
796.367
796.367
796.367
796.091
796.091
796.091
796.091
796.091
798.743
798.743
798.743
798.743
798.743
798.335
798.335
798.335
798.335
798.335
798.521
798.521
798.521
798.521
798.521
798.312
798.312
798.312
798.312
798.312
798.446
798.446
798.446
798.446
798.446
797.46
797.46
797.46
797.46
797.46
798.464
798.464
798.464
798.464
798.464
797.927
797.927
797.927
797.927
797.927
796.88
796.88
796.88
796.88
796.88
798.872
798.872
798.872
798.872
798.872
798.585
798.585
798.585
798.585
798.585
797.923
797.923
797.923
797.923
797.923
798.403
798.403
798.403
798.403
798.403
798.737
798.737
798.737
798.737
798.737
797.507
797.507
797.507
797.507
797.507
798.719
798.719
798.719
798.719
798.719
798.605
798.605
798.605
798.605
798.605
797.22
797.22
797.22
797.22
797.22
798.432
798.432
798.432
798.432
798.432
798.651
798.651
798.651
798.651
798.651
798.504
798.504
798.504
798.504
798.504
798.484
798.484
798.484
798.484
798.484
798.451
798.451
798.451
798.451
798.451
797.809
797.809
797.809
797.809
797.809
798.999
798.999
798.999
798.999
798.999
798.882
798.882
798.882
798.882
798.882
797.967
797.967
797.967
797.967
797.967
798.494
798.494
798.494
798.494
798.494
798.493
798.493
798.493
798.493
798.493
798.35
798.35
798.35
798.35
798.35
799
799
799
799
799
798.124
798.124
798.124
798.124
798.124
797.358
797.358
797.358
797.358
797.358
798.172
798.172
798.172
798.172
798.172
797.936
797.936
797.936
797.936
797.936
797.858
797.858
797.858
797.858
797.858
798.984
798.984
798.984
798.984
798.984
798.616
798.616
798.616
798.616
798.616
797.726
797.726
797.726
797.726
797.726
798.969
798.969
798.969
798.969
798.969
798.698
798.698
798.698
798.698
798.698
798.683
798.683
798.683
798.683
798.683
798.5
798.5
798.5
798.5
798.5
797.374
797.374
797.374
797.374
797.374
795.87
795.87
795.87
795.87
795.87
798.906
798.906
798.906
798.906
798.906
797.676
797.676
797.676
797.676
797.676
797.527
797.527
797.527
797.527
797.527
798.999
798.999
798.999
798.999
798.999
798.925
798.925
798.925
798.925
798.925
798.526
798.526
798.526
798.526
798.526
798.992
798.992
798.992
798.992
798.992
798.041
798.041
798.041
798.041
798.041
797.504
797.504
797.504
797.504
797.504
798.734
798.734
798.734
798.734
798.734
798.113
798.113
798.113
798.113
798.113
797.189
797.189
797.189
797.189
797.189
798.969
798.969
798.969
798.969
798.969
798.972
798.972
798.972
798.972
798.972
798.363
798.363
798.363
798.363
798.363
798.248
798.248
798.248
798.248
798.248
797.841
797.841
797.841
797.841
797.841
797.016
797.016
797.016
797.016
797.016
799
799
799
799
799
798.852
798.852
798.852
798.852
798.852
798.228
798.228
798.228
798.228
798.228
798.983
798.983
798.983
798.983
798.983
798.413
798.413
798.413
798.413
798.413
797.626
797.626
797.626
797.626
797.626
798.437
798.437
798.437
798.437
798.437
798.39
798.39
798.39
798.39
798.39
798.074
798.074
798.074
798.074
798.074
798.984
798.984
798.984
798.984
798.984
798.981
798.981
798.981
798.981
798.981
798.651
798.651
798.651
798.651
798.651
798.5
798.5
798.5
798.5
798.5
798.464
798.464
798.464
798.464
798.464
798.398
798.398
798.398
798.398
798.398
799
799
799
799
799
798.945
798.945
798.945
798.945
798.945
798.88
798.88
798.88
798.88
798.88
798.992
798.992
798.992
798.992
798.992
798.455
798.455
798.455
798.455
798.455
798.352
798.352
798.352
798.352
798.352
798.496
798.496
798.496
798.496
798.496
798.23
798.23
798.23
798.23
798.23
797.864
797.864
797.864
797.864
797.864
799
799
799
799
799
798.749
798.749
798.749
798.749
798.749
798.6
798.6
798.6
798.6
798.6
798.602
798.602
798.602
798.602
798.602
798.479
798.479
798.479
798.479
798.479
797.841
797.841
797.841
797.841
797.841
799
799
799
799
799
798.415
798.415
798.415
798.415
798.415
797.871
797.871
797.871
797.871
797.871
798.969
798.969
798.969
798.969
798.969
798.98
798.98
798.98
798.98
798.98
797.942
797.942
797.942
797.942
797.942
798.992
798.992
798.992
798.992
798.992
798.976
798.976
798.976
798.976
798.976
798.495
798.495
798.495
798.495
798.495
799
799
799
799
799
798.935
798.935
798.935
798.935
798.935
798.847
798.847
798.847
798.847
798.847
798.75
798.75
798.75
798.75
798.75
798.705
798.705
798.705
798.705
798.705
797.885
797.885
797.885
797.885
797.885
798.99
798.99
798.99
798.99
798.99
798.964
798.964
798.964
798.964
798.964
798.307
798.307
798.307
798.307
798.307
798.984
798.984
798.984
798.984
798.984
797.978
797.978
797.978
797.978
797.978
797.238
797.238
797.238
797.238
797.238
799
799
799
799
799
798.958
798.958
798.958
798.958
798.958
798.958
798.958
798.958
798.958
798.958
798.875
798.875
798.875
798.875
798.875
798.746
798.746
798.746
798.746
798.746
798.98
798.98
798.98
798.98
798.98
799
799
799
799
799
798.962
798.962
798.962
798.962
798.962
797.886
797.886
797.886
797.886
797.886
798.969
798.969
798.969
798.969
798.969
798.906
798.906
798.906
798.906
798.906
797.607
797.607
797.607
797.607
797.607
798.921
798.921
798.921
798.921
798.921
798.421
798.421
798.421
798.421
798.421
797.904
797.904
797.904
797.904
797.904
798.999
798.999
798.999
798.999
798.999
798.963
798.963
798.963
798.963
798.963
798.795
798.795
798.795
798.795
798.795
799
799
799
799
799
798.922
798.922
798.922
798.922
798.922
798.667
798.667
798.667
798.667
798.667
798.875
798.875
798.875
798.875
798.875
798.75
798.75
798.75
798.75
798.75
798.719
798.719
798.719
798.719
798.719
799
799
799
799
799
798.992
798.992
798.992
798.992
798.992
798.429
798.429
798.429
798.429
798.429
799
799
799
799
799
798.999
798.999
798.999
798.999
798.999
798.991
798.991
798.991
798.991
798.991
798.5
798.5
798.5
798.5
798.5
797.746
797.746
797.746
797.746
797.746
797.616
797.616
797.616
797.616
797.616
798.969
798.969
798.969
798.969
798.969
798.185
798.185
798.185
798.185
798.185
797.826
797.826
797.826
797.826
797.826
799
799
799
799
799
798.719
798.719
798.719
798.719
798.719
798.459
798.459
798.459
798.459
798.459
798.998
798.998
798.998
798.998
798.998
798.416
798.416
798.416
798.416
798.416
798.096
798.096
798.096
798.096
798.096
798.813
798.813
798.813
798.813
798.813
798.546
798.546
798.546
798.546
798.546
798.389
798.389
798.389
798.389
798.389
799
799
799
799
799
798.75
798.75
798.75
798.75
798.75
798.202
798.202
798.202
798.202
798.202
798.998
798.998
798.998
798.998
798.998
798.492
798.492
798.492
798.492
798.492
798.228
798.228
798.228
798.228
798.228
798.996
798.996
798.996
798.996
798.996
798.496
798.496
798.496
798.496
798.496
797.86
797.86
797.86
797.86
797.86
799
799
799
799
799
798.75
798.75
798.75
798.75
798.75
798.215
798.215
798.215
798.215
798.215
799
799
799
799
799
799
799
799
799
799
798.648
798.648
798.648
798.648
798.648
799
799
799
799
799
798.969
798.969
798.969
798.969
798.969
798.419
798.419
798.419
798.419
798.419
798.976
798.976
798.976
798.976
798.976
798.965
798.965
798.965
798.965
798.965
798.593
798.593
798.593
798.593
798.593
799
799
799
799
799
798.467
798.467
798.467
798.467
798.467
797.894
797.894
797.894
797.894
797.894
798.748
798.748
798.748
798.748
798.748
798.555
798.555
798.555
798.555
798.555
798.338
798.338
798.338
798.338
798.338
799
799
799
799
799
798.996
798.996
798.996
798.996
798.996
798.998
798.998
798.998
798.998
798.998
799
799
799
799
799
798.834
798.834
798.834
798.834
798.834
798.667
798.667
798.667
798.667
798.667
799
799
799
799
799
798.992
798.992
798.992
798.992
798.992
798.677
798.677
798.677
798.677
798.677
798.938
798.938
798.938
798.938
798.938
798.992
798.992
798.992
798.992
798.992
798.175
798.175
798.175
798.175
798.175
798.75
798.75
798.75
798.75
798.75
798.75
798.75
798.75
798.75
798.75
797.755
797.755
797.755
797.755
797.755
798.969
798.969
798.969
798.969
798.969
798.453
798.453
798.453
798.453
798.453
798.28
798.28
798.28
798.28
798.28
799
799
799
799
799
798.988
798.988
798.988
798.988
798.988
798.57
798.57
798.57
798.57
798.57
798.969
798.969
798.969
798.969
798.969
798.982
798.982
798.982
798.982
798.982
798.831
798.831
798.831
798.831
798.831
798.492
798.492
798.492
798.492
798.492
798.5
798.5
798.5
798.5
798.5
798.363
798.363
798.363
798.363
798.363
798.969
798.969
798.969
798.969
798.969
798.957
798.957
798.957
798.957
798.957
798.351
798.351
798.351
798.351
798.351
798.938
798.938
798.938
798.938
798.938
798.918
798.918
798.918
798.918
798.918
798.924
798.924
798.924
798.924
798.924
799
799
799
799
799
798.984
798.984
798.984
798.984
798.984
798.773
798.773
798.773
798.773
798.773
798.5
798.5
798.5
798.5
798.5
798.43
798.43
798.43
798.43
798.43
798.996
798.996
798.996
798.996
798.996
798.742
798.742
798.742
798.742
798.742
798.614
798.614
798.614
798.614
798.614
797.866
797.866
797.866
797.866
797.866
799
799
799
799
799
798.968
798.968
798.968
798.968
798.968
798.952
798.952
798.952
798.952
798.952
798.996
798.996
798.996
798.996
798.996
798.992
798.992
798.992
798.992
798.992
799
799
799
799
799
799
799
799
799
799
799
799
799
799
799
798.703
798.703
798.703
798.703
798.703
799
799
799
799
799
798.75
798.75
798.75
798.75
798.75
798.358
798.358
798.358
798.358
798.358
799
799
799
799
799
799
799
799
799
799
798.5
798.5
798.5
798.5
798.5
799
799
799
799
799
799
799
799
799
799
798.983
798.983
798.983
798.983
798.983
798.5
798.5
798.5
798.5
798.5
798.492
798.492
798.492
798.492
798.492
797.677
797.677
797.677
797.677
797.677
799
799
799
799
799
799
799
799
799
799
798.491
798.491
798.491
798.491
798.491
799
799
799
799
799
799
799
799
799
799
798.947
798.947
798.947
798.947
798.947
799
799
799
799
799
798.5
798.5
798.5
798.5
798.5
798.499
798.499
798.499
798.499
798.499
799
799
799
799
799
798.969
798.969
798.969
798.969
798.969
798.969
798.969
798.969
798.969
798.969
799
799
799
799
799
798.375
798.375
798.375
798.375
798.375
798.372
798.372
798.372
798.372
798.372
799
799
799
799
799
799
799
799
799
799
798.991
798.991
798.991
798.991
798.991
799
799
799
799
799
798.999
798.999
798.999
798.999
798.999
798.489
798.489
798.489
798.489
798.489
798.992
798.992
798.992
798.992
798.992
798.961
798.961
798.961
798.961
798.961
798.285
798.285
798.285
798.285
798.285
799
799
799
799
799
798.992
798.992
798.992
798.992
798.992
798.109
798.109
798.109
798.109
798.109
799
799
799
799
799
798.797
798.797
798.797
798.797
798.797
798.295
798.295
798.295
798.295
798.295
799
799
799
799
799
798.5
798.5
798.5
798.5
798.5
798.375
798.375
798.375
798.375
798.375
799
799
799
799
799
798.999
798.999
798.999
798.999
798.999
798.995
798.995
798.995
798.995
798.995
798.938
798.938
798.938
798.938
798.938
798.812
798.812
798.812
798.812
798.812
798.562
798.562
798.562
798.562
798.562
798.938
798.938
798.938
798.938
798.938
798.716
798.716
798.716
798.716
798.716
798.683
798.683
798.683
798.683
798.683
798.875
798.875
798.875
798.875
798.875
798.875
798.875
798.875
798.875
798.875
798.746
798.746
798.746
798.746
798.746
799
799
799
799
799
798.5
798.5
798.5
798.5
798.5
797.928
797.928
797.928
797.928
797.928
799
799
799
799
799
798.875
798.875
798.875
798.875
798.875
798.875
798.875
798.875
798.875
798.875
799
799
799
799
799
799
799
799
799
799
799
799
799
799
799
799
799
799
799
799
798.5
798.5
798.5
798.5
798.5
798.061
798.061
798.061
798.061
798.061
798.75
798.75
798.75
798.75
798.75
798.75
798.75
798.75
798.75
798.75
798.684
798.684
798.684
798.684
798.684
799
799
799
799
799
799
799
799
799
799
798.998
798.998
798.998
798.998
798.998
799
799
799
799
799
798.687
798.687
798.687
798.687
798.687
798.656
798.656
798.656
798.656
798.656
799
799
799
799
799
798.998
798.998
798.998
798.998
798.998
798.99
798.99
798.99
798.99
798.99
799
799
799
799
799
798.996
798.996
798.996
798.996
798.996
798.496
798.496
798.496
798.496
798.496
799
799
799
799
799
798.875
798.875
798.875
798.875
798.875
798.803
798.803
798.803
798.803
798.803
798.984
798.984
798.984
798.984
798.984
798.859
798.859
798.859
798.859
798.859
798.859
798.859
798.859
798.859
798.859
799
799
799
799
799
799
799
799
799
799
798.993
798.993
798.993
798.993
798.993
799
799
799
799
799
798.998
798.998
798.998
798.998
798.998
798.997
798.997
798.997
798.997
798.997
799
799
799
799
799
798.998
798.998
798.998
798.998
798.998
798.957
798.957
798.957
798.957
798.957
799
799
799
799
799
798.875
798.875
798.875
798.875
798.875
798.375
798.375
798.375
798.375
798.375
799
799
799
799
799
799
799
799
799
799
798.959
798.959
798.959
798.959
798.959
799
799
799
799
799
799
799
799
799
799
798.967
798.967
798.967
798.967
798.967
799
799
799
799
799
798.999
798.999
798.999
798.999
798.999
799
799
799
799
799
799
799
799
799
799
798.5
798.5
798.5
798.5
798.5
798.374
798.374
798.374
798.374
798.374
799
799
799
799
799
798.999
798.999
798.999
798.999
798.999
799
799
799
799
799
799
799
799
799
799
799
799
799
799
799
798.484
798.484
798.484
798.484
798.484
798.742
798.742
798.742
798.742
798.742
798.746
798.746
798.746
798.746
798.746
798.492
798.492
798.492
798.492
798.492
799
799
799
799
799
799
799
799
799
799
799
799
799
799
799
799
799
799
799
799
798.984
798.984
798.984
798.984
798.984
798.697
798.697
798.697
798.697
798.697
799
799
799
799
799
799
799
799
799
799
799
799
799
799
799
799
799
799
799
799
799
799
799
799
799
799
799
799
799
799
799
799
799
799
799
798.75
798.75
798.75
798.75
798.75
798.937
798.937
798.937
798.937
798.937
799
799
799
799
799
799
799
799
799
799
798.999
798.999
798.999
798.999
798.999
799
799
799
799
799
799
799
799
799
799
798.964
798.964
798.964
798.964
798.964
799
799
799
799
799
799
799
799
799
799
799
799
799
799
799
799
799
799
799
799
799
799
799
799
799
799
799
799
799
799
799
799
799
799
799
798.969
798.969
798.969
798.969
798.969
799
799
799
799
799
799
799
799
799
799
799
799
799
799
799
798.992
798.992
798.992
798.992
798.992
799
799
799
799
799
799
799
799
799
799
798.937
798.937
798.937
798.937
798.937
799
799
799
799
799
799
799
799
799
799
798.748
798.748
798.748
798.748
798.748
799
799
799
799
799
798.875
798.875
798.875
798.875
798.875
798.871
798.871
798.871
798.871
798.871
799
799
799
799
799
798.938
798.938
798.938
798.938
798.938
798.937
798.937
798.937
798.937
798.937
799
799
799
799
799
799
799
799
799
799
799
799
799
799
799
799
799
799
799
799
799
799
799
799
799
798.488
798.488
798.488
798.488
798.488
799
799
799
799
799
799
799
799
799
799
798.484
798.484
798.484
798.484
798.484
799
799
799
799
799
799
799
799
799
799
798.932
798.932
798.932
798.932
798.932
799
799
799
799
799
798.813
798.813
798.813
798.813
798.813
798.871
798.871
798.871
798.871
798.871
799
799
799
799
799
798.75
798.75
798.75
798.75
798.75
798.996
798.996
798.996
798.996
798.996
799
799
799
799
799
799
799
799
799
799
798.5
798.5
798.5
798.5
798.5
799
799
799
799
799
799
799
799
799
799
798.25
798.25
798.25
798.25
798.25
799
799
799
799
799
799
799
799
799
799
799
799
799
799
799
799
799
799
799
799
798.969
798.969
798.969
798.969
798.969
798.969
798.969
798.969
798.969
798.969
799
799
799
799
799
799
799
799
799
799
798.998
798.998
798.998
798.998
798.998
799
799
799
799
799
799
799
799
799
799
799
799
799
799
799
799
799
799
799
799
799
799
799
799
799
798.75
798.75
798.75
798.75
798.75
798.984
798.984
798.984
798.984
798.984
798.982
798.982
798.982
798.982
798.982
798.949
798.949
798.949
798.949
798.949
799
799
799
799
799
799
799
799
799
799
798.992
798.992
798.992
798.992
798.992
799
799
799
799
799
799
799
799
799
799
798.992
798.992
798.992
798.992
798.992
799
799
799
799
799
799
799
799
799
799
799
799
799
799
799
799
799
799
799
799
799
799
799
799
799
798.5
798.5
798.5
798.5
798.5
798.998
798.998
798.998
798.998
798.998
798.992
798.992
798.992
798.992
798.992
798.98
798.98
798.98
798.98
798.98
799
799
799
799
799
799
799
799
799
799
799
799
799
799
799
799
799
799
799
799
799
799
799
799
799
799
799
799
799
799
799
799
799
799
799
799
799
799
799
799
799
799
799
799
799
799
799
799
799
799
799
799
799
799
799
799
799
799
799
799
799
799
799
799
799
799
799
799
799
799
799
799
799
799
799
799
799
799
799
799
798.999
798.999
798.999
798.999
798.999
798.994
798.994
798.994
798.994
798.994
799
799
799
799
799
799
799
799
799
799
799
799
799
799
799
799
799
799
799
799
799
799
799
799
799
799
799
799
799
799
799
799
799
799
799
799
799
799
799
799
799
799
799
799
799
799
799
799
799
799
799
799
799
799
799
799
799
799
799
799
799
799
799
799
799
799
799
799
799
799
799
799
799
799
799
799
799
799
799
799
799
799
799
799
799
799
799
799
799
799
799
799
799
799
799
799
799
799
799
799
798.992
798.992
798.992
798.992
798.992
799
799
799
799
799
799
799
799
799
799
798.984
798.984
798.984
798.984
798.984
799
799
799
799
799
799
799
799
799
799
799
799
799
799
799
799
799
799
799
799
799
799
799
799
799
798.982
798.982
798.982
798.982
798.982
799
799
799
799
799
799
799
799
799
799
798.999
798.999
798.999
798.999
798.999
799
799
799
799
799
799
799
799
799
799
799
799
799
799
799
799
799
799
799
799
798.875
798.875
798.875
798.875
798.875
798.875
798.875
798.875
798.875
798.875
799
799
799
799
799
799
799
799
799
799
799
799
799
799
799
799
799
799
799
799
799
799
799
799
799
799
799
799
799
799
799
799
799
799
799
799
799
799
799
799
798.999
798.999
798.999
798.999
798.999
799
799
799
799
799
799
799
799
799
799
799
799
799
799
799
799
799
799
799
799
799
799
799
799
799
799
799
799
799
799
799
799
799
799
799
798.438
798.438
798.438
798.438
798.438
798.937
798.937
798.937
798.937
798.937
799
799
799
799
799
799
799
799
799
799
799
799
799
799
799
799
799
799
799
799
799
799
799
799
799
798.996
798.996
798.996
798.996
798.996
799
799
799
799
799
799
799
799
799
799
799
799
799
799
799
798.75
798.75
798.75
798.75
798.75
798.75
798.75
798.75
798.75
798.75
798.75
798.75
798.75
798.75
798.75
799
799
799
799
799
799
799
799
799
799
799
799
799
799
799
799
799
799
799
799
799
799
799
799
799
798.969
798.969
798.969
798.969
798.969
799
799
799
799
799
799
799
799
799
799
799
799
799
799
799
799
799
799
799
799
799
799
799
799
799
799
799
799
799
799
799
799
799
799
799
799
799
799
799
799
799
799
799
799
799
799
799
799
799
799
799
799
799
799
799
799
799
799
799
799
799
799
799
799
799
799
799
799
799
799
798.937
798.937
798.937
798.937
798.937
799
799
799
799
799
799
799
799
799
799
798.875
798.875
798.875
798.875
798.875
799
799
799
799
799
799
799
799
799
799
799
799
799
799
799
799
799
799
799
799
799
799
799
799
799
799
799
799
799
799
799
799
799
799
799
799
799
799
799
799
798.922
798.922
798.922
798.922
798.922
799
799
799
799
799
799
799
799
799
799
798.5
798.5
798.5
798.5
798.5
799
799
799
799
799
799
799
799
799
799
799
799
799
799
799
799
799
799
799
799
799
799
799
799
799
798.938
798.938
798.938
798.938
798.938
799
799
799
799
799
799
799
799
799
799
799
799
799
799
799
799
799
799
799
799
799
799
799
799
799
798.805
798.805
798.805
798.805
798.805
799
799
799
799
799
799
799
799
799
799
799
799
799
799
799
799
799
799
799
799
799
799
799
799
799
798.875
798.875
798.875
798.875
798.875
799
799
799
799
799
799
799
799
799
799
798.483
798.483
798.483
798.483
798.483
799
799
799
799
799
799
799
799
799
799
798.75
798.75
798.75
798.75
798.75
799
799
799
799
799
799
799
799
799
799
799
799
799
799
799
799
799
799
799
799
799
799
799
799
799
799
799
799
799
799
799
799
799
799
799
799
799
799
799
799
799
799
799
799
799
799
799
799
799
799
799
799
799
799
799
798.984
798.984
798.984
798.984
798.984
799
799
799
799
799
799
799
799
799
799
799
799
799
799
799
799
799
799
799
799
798.938
798.938
798.938
798.938
798.938
798.938
798.938
798.938
798.938
798.938
799
799
799
799
799
799
799
799
799
799
798.75
798.75
798.75
798.75
798.75
799
799
799
799
799
799
799
799
799
799
798.5
798.5
798.5
798.5
798.5
799
799
799
799
799
799
799
799
799
799
799
799
799
799
799
799
799
799
799
799
799
799
799
799
799
798.996
798.996
798.996
798.996
798.996
799
799
799
799
799
799
799
799
799
799
798.998
798.998
798.998
798.998
798.998
799
799
799
799
799
799
799
799
799
799
799
799
799
799
799
799
799
799
799
799
799
799
799
799
799
799
799
799
799
799
799
799
799
799
799
799
799
799
799
799
799
799
799
799
799
799
799
799
799
799
799
799
799
799
799
799
799
799
799
799
799
799
799
799
799
799
799
799
799
799
799
799
799
799
799
799
799
799
799
799
799
799
799
799
799
799
799
799
799
799
799
799
799
799
799
799
799
799
799
799
799
799
799
799
799
799
799
799
799
799
799
799
799
799
799
798.938
798.938
798.938
798.938
798.938
799
799
799
799
799
799
799
799
799
799
799
799
799
799
799
799
799
799
799
799
799
799
799
799
799
799
799
799
799
799
799
799
799
799
799
799
799
799
799
799
799
799
799
799
799
799
799
799
799
799
799
799
799
799
799
799
799
799
799
799
799
799
799
799
799
799
799
799
799
799
799
799
799
799
799
799
799
799
799
799
799
799
799
799
799
799
799
799
799
799
799
799
799
799
799
798.992
798.992
798.992
798.992
798.992
798.984
798.984
798.984
798.984
798.984
799
799
799
799
799
799
799
799
799
799
799
799
799
799
799
799
799
799
799
799
799
799
799
799
799
799
799
799
799
799
799
799
799
799
799
799
799
799
799
799
798.999
798.999
798.999
798.999
798.999
799
799
799
799
799
799
799
799
799
799
799
799
799
799
799
799
799
799
799
799
798.998
798.998
798.998
798.998
798.998
798.992
798.992
798.992
798.992
798.992
799
799
799
799
799
799
799
799
799
799
799
799
799
799
799
799
799
799
799
799
799
799
799
799
799
799
799
799
799
799
799
799
799
799
799
799
799
799
799
799
799
799
799
799
799
799
799
799
799
799
799
799
799
799
799
798.992
798.992
798.992
798.992
798.992
799
799
799
799
799
799
799
799
799
799
798.969
798.969
798.969
798.969
798.969
799
799
799
799
799
799
799
799
799
799
798.75
798.75
798.75
798.75
798.75
799
799
799
799
799
799
799
799
799
799
799
799
799
799
799
799
799
799
799
799
799
799
799
799
799
798.999
798.999
798.999
798.999
798.999
799
799
799
799
799
799
799
799
799
799
799
799
799
799
799
799
799
799
799
799
799
799
799
799
799
799
799
799
799
799
799
799
799
799
799
799
799
799
799
799
799
799
799
799
799
799
799
799
799
799
799
799
799
799
799
799
799
799
799
799
799
799
799
799
799
799
799
799
799
799
799
799
799
799
799
799
799
799
799
799
799
799
799
799
799
799
799
799
799
799
799
799
799
799
799
799
799
799
799
799
799
799
799
799
799
799
799
799
799
799
798.969
798.969
798.969
798.969
798.969
798.968
798.968
798.968
798.968
798.968
799
799
799
799
799
799
799
799
799
799
799
799
799
799
799
799
799
799
799
799
799
799
799
799
799
799
799
799
799
799
799
799
799
799
799
799
799
799
799
799
799
799
799
799
799
799
799
799
799
799
799
799
799
799
799
799
799
799
799
799
799
799
799
799
799
799
799
799
799
799
799
799
799
799
799
799
799
799
799
799
799
799
799
799
799
799
799
799
799
799
799
799
799
799
799
799
799
799
799
799
799
799
799
799
799
799
799
799
799
799
799
799
799
799
799
799
799
799
799
799
799
799
799
799
799
799
799
799
799
799
799
799
799
799
799
799
799
799
799
799
799
799
799
799
799
799
799
799
799
799
799
799
799
799
799
799
799
799
799
799
799
799
799
799
799
799
799
799
799
799
799
799
799
799
799
799
799
799
799
799
799
799
799
799
799
798.996
798.996
798.996
798.996
798.996
798.984
798.984
798.984
798.984
798.984
799
799
799
799
799
799
799
799
799
799
799
799
799
799
799
799
799
799
799
799
799
799
799
799
799
799
799
799
799
799
799
799
799
799
799
799
799
799
799
799
799
799
799
799
799
799
799
799
799
799
799
799
799
799
799
799
799
799
799
799
799
799
799
799
799
799
799
799
799
799
798.938
798.938
798.938
798.938
798.938
799
799
799
799
799
799
799
799
799
799
799
799
799
799
799
799
799
799
799
799
799
799
799
799
799
799
799
799
799
799
799
799
799
799
799
799
799
799
799
799
799
799
799
799
799
799
799
799
799
799
799
799
799
799
799
799
799
799
799
799
799
799
799
799
799
799
799
799
799
799
799
799
799
799
799
799
799
799
799
799
799
799
799
799
799
799
799
799
799
799
799
799
799
799
799
799
799
799
799
799
799
799
799
799
799
799
799
799
799
799
799
799
799
799
799
799
799
799
799
799
799
799
799
799
799
799
799
799
799
799
799
799
799
799
799
799
799
799
799
799
799
799
799
799
799
799
799
799
799
799
799
799
799
799
799
799
799
799
799
799
799
799
799
799
799
799
799
799
799
799
799
799
799
799
799
799
799
799
799
799
799
799
799
799
799
0
