0
0
0
0
698.054
698.054
698.054
698.054
698.054
766.876
766.876
766.876
766.876
766.876
783.889
793.778
793.778
793.778
793.778
779.4
779.4
779.4
779.4
779.4
759.523
759.523
759.523
759.523
759.523
790.244
790.244
790.244
790.244
790.244
792.832
792.832
792.832
792.832
792.832
791.205
791.205
791.205
791.205
791.205
782.853
782.853
782.853
782.853
782.853
793.892
793.892
793.892
793.892
793.892
792.58
792.58
792.58
792.58
792.58
793.533
793.533
793.533
793.533
793.533
790.184
790.184
790.184
790.184
790.184
788.777
788.777
788.777
788.777
788.777
794.033
794.033
794.033
794.033
794.033
798.812
798.812
798.812
798.812
798.812
797.599
797.599
797.599
797.599
797.599
796.801
796.801
796.801
796.801
796.801
790.281
790.281
790.281
790.281
790.281
787.377
787.377
787.377
787.377
787.377
797.483
797.483
797.483
797.483
797.483
793.918
793.918
793.918
793.918
793.918
791.253
791.253
791.253
791.253
791.253
798.017
798.017
798.017
798.017
798.017
796.971
796.971
796.971
796.971
796.971
796.22
796.22
796.22
796.22
796.22
797.765
797.765
797.765
797.765
797.765
791.859
791.859
791.859
791.859
791.859
793.465
793.465
793.465
793.465
793.465
796.484
796.484
796.484
796.484
796.484
793.875
793.875
793.875
793.875
793.875
793.599
793.599
793.599
793.599
793.599
794.835
794.835
794.835
794.835
794.835
791.084
791.084
791.084
791.084
791.084
789.935
789.935
789.935
789.935
789.935
787.727
787.727
787.727
787.727
787.727
795.535
795.535
795.535
795.535
795.535
794.896
794.896
794.896
794.896
794.896
792.07
792.07
792.07
792.07
792.07
796.263
796.263
796.263
796.263
796.263
792.511
792.511
792.511
792.511
792.511
791.745
791.745
791.745
791.745
791.745
796.04
796.04
796.04
796.04
796.04
792.296
792.296
792.296
792.296
792.296
797.428
797.428
797.428
797.428
797.428
794.605
794.605
794.605
794.605
794.605
793.554
793.554
793.554
793.554
793.554
797.149
797.149
797.149
797.149
797.149
797.628
797.628
797.628
797.628
797.628
796.704
796.704
796.704
796.704
796.704
796.797
796.797
796.797
796.797
796.797
793.228
793.228
793.228
793.228
793.228
797.341
797.341
797.341
797.341
797.341
794.989
794.989
794.989
794.989
794.989
798.84
798.84
798.84
798.84
798.84
797.5
797.5
797.5
797.5
797.5
794.044
794.044
794.044
794.044
794.044
793.355
793.355
793.355
793.355
793.355
792.001
792.001
792.001
792.001
792.001
794.238
794.238
794.238
794.238
794.238
795.89
795.89
795.89
795.89
795.89
796.296
796.296
796.296
796.296
796.296
793.299
793.299
793.299
793.299
793.299
798.299
798.299
798.299
798.299
798.299
797.13
797.13
797.13
797.13
797.13
798.426
798.426
798.426
798.426
798.426
796.309
796.309
796.309
796.309
796.309
795.637
795.637
795.637
795.637
795.637
797.321
797.321
797.321
797.321
797.321
796.898
796.898
796.898
796.898
796.898
795.914
795.914
795.914
795.914
795.914
796.152
796.152
796.152
796.152
796.152
795.669
795.669
795.669
795.669
795.669
793.815
793.815
793.815
793.815
793.815
792.865
792.865
792.865
792.865
792.865
797.931
797.931
797.931
797.931
797.931
798.114
798.114
798.114
798.114
798.114
797.334
797.334
797.334
797.334
797.334
798.871
798.871
798.871
798.871
798.871
795.33
795.33
795.33
795.33
795.33
798.778
798.778
798.778
798.778
798.778
797.864
797.864
797.864
797.864
797.864
797.831
797.831
797.831
797.831
797.831
797.205
797.205
797.205
797.205
797.205
796.893
796.893
796.893
796.893
796.893
798.314
798.314
798.314
798.314
798.314
794.587
794.587
794.587
794.587
794.587
798.701
798.701
798.701
798.701
798.701
798.058
798.058
798.058
798.058
798.058
798.927
798.927
798.927
798.927
798.927
797.265
797.265
797.265
797.265
797.265
797.697
797.697
797.697
797.697
797.697
798.174
798.174
798.174
798.174
798.174
798.03
798.03
798.03
798.03
798.03
797.423
797.423
797.423
797.423
797.423
798.096
798.096
798.096
798.096
798.096
798.343
798.343
798.343
798.343
798.343
797.764
797.764
797.764
797.764
797.764
797.437
797.437
797.437
797.437
797.437
796.705
796.705
796.705
796.705
796.705
795.132
795.132
795.132
795.132
795.132
797.983
797.983
797.983
797.983
797.983
797.667
797.667
797.667
797.667
797.667
797.509
797.509
797.509
797.509
797.509
795.625
795.625
795.625
795.625
795.625
797.136
797.136
797.136
797.136
797.136
795.781
795.781
795.781
795.781
795.781
798.87
798.87
798.87
798.87
798.87
796.814
796.814
796.814
796.814
796.814
795.837
795.837
795.837
795.837
795.837
794.535
794.535
794.535
794.535
794.535
798.678
798.678
798.678
798.678
798.678
798.157
798.157
798.157
798.157
798.157
797.62
797.62
797.62
797.62
797.62
798.999
798.999
798.999
798.999
798.999
798.363
798.363
798.363
798.363
798.363
798.453
798.453
798.453
798.453
798.453
797.645
797.645
797.645
797.645
797.645
796.435
796.435
796.435
796.435
796.435
799
799
799
799
799
797.87
797.87
797.87
797.87
797.87
797.422
797.422
797.422
797.422
797.422
797.384
797.384
797.384
797.384
797.384
798.498
798.498
798.498
798.498
798.498
797.832
797.832
797.832
797.832
797.832
796.794
796.794
796.794
796.794
796.794
798.971
798.971
798.971
798.971
798.971
798.223
798.223
798.223
798.223
798.223
797.484
797.484
797.484
797.484
797.484
797.976
797.976
797.976
797.976
797.976
797.452
797.452
797.452
797.452
797.452
798.801
798.801
798.801
798.801
798.801
797.343
797.343
797.343
797.343
797.343
795.764
795.764
795.764
795.764
795.764
798.929
798.929
798.929
798.929
798.929
798.892
798.892
798.892
798.892
798.892
798.22
798.22
798.22
798.22
798.22
798.161
798.161
798.161
798.161
798.161
798.929
798.929
798.929
798.929
798.929
798.488
798.488
798.488
798.488
798.488
798.23
798.23
798.23
798.23
798.23
797.939
797.939
797.939
797.939
797.939
797.104
797.104
797.104
797.104
797.104
798.749
798.749
798.749
798.749
798.749
798.477
798.477
798.477
798.477
798.477
798.168
798.168
798.168
798.168
798.168
799
799
799
799
799
798.361
798.361
798.361
798.361
798.361
797.969
797.969
797.969
797.969
797.969
798.01
798.01
798.01
798.01
798.01
798.873
798.873
798.873
798.873
798.873
798.739
798.739
798.739
798.739
798.739
798.286
798.286
798.286
798.286
798.286
798.996
798.996
798.996
798.996
798.996
798.559
798.559
798.559
798.559
798.559
798.999
798.999
798.999
798.999
798.999
798.959
798.959
798.959
798.959
798.959
798.399
798.399
798.399
798.399
798.399
798.873
798.873
798.873
798.873
798.873
798.545
798.545
798.545
798.545
798.545
797.793
797.793
797.793
797.793
797.793
798.833
798.833
798.833
798.833
798.833
798.665
798.665
798.665
798.665
798.665
798.598
798.598
798.598
798.598
798.598
799
799
799
799
799
798.992
798.992
798.992
798.992
798.992
798.971
798.971
798.971
798.971
798.971
798.241
798.241
798.241
798.241
798.241
798.969
798.969
798.969
798.969
798.969
798.72
798.72
798.72
798.72
798.72
797.949
797.949
797.949
797.949
797.949
798.499
798.499
798.499
798.499
798.499
798.715
798.715
798.715
798.715
798.715
798.873
798.873
798.873
798.873
798.873
798.875
798.875
798.875
798.875
798.875
797.977
797.977
797.977
797.977
797.977
797.935
797.935
797.935
797.935
797.935
799
799
799
799
799
798.93
798.93
798.93
798.93
798.93
798.992
798.992
798.992
798.992
798.992
798.624
798.624
798.624
798.624
798.624
798.347
798.347
798.347
798.347
798.347
799
799
799
799
799
797.874
797.874
797.874
797.874
797.874
797.334
797.334
797.334
797.334
797.334
797.62
797.62
797.62
797.62
797.62
798.715
798.715
798.715
798.715
798.715
798.895
798.895
798.895
798.895
798.895
798.945
798.945
798.945
798.945
798.945
798.998
798.998
798.998
798.998
798.998
798.222
798.222
798.222
798.222
798.222
798.992
798.992
798.992
798.992
798.992
798.918
798.918
798.918
798.918
798.918
798.455
798.455
798.455
798.455
798.455
798.594
798.594
798.594
798.594
798.594
799
799
799
799
799
797.372
797.372
797.372
797.372
797.372
797.217
797.217
797.217
797.217
797.217
798.75
798.75
798.75
798.75
798.75
798.343
798.343
798.343
798.343
798.343
798.717
798.717
798.717
798.717
798.717
798.46
798.46
798.46
798.46
798.46
798.337
798.337
798.337
798.337
798.337
797.899
797.899
797.899
797.899
797.899
798.996
798.996
798.996
798.996
798.996
797.675
797.675
797.675
797.675
797.675
796.712
796.712
796.712
796.712
796.712
798.719
798.719
798.719
798.719
798.719
798.809
798.809
798.809
798.809
798.809
798.992
798.992
798.992
798.992
798.992
798.888
798.888
798.888
798.888
798.888
798.053
798.053
798.053
798.053
798.053
797.531
797.531
797.531
797.531
797.531
798.71
798.71
798.71
798.71
798.71
797.597
797.597
797.597
797.597
797.597
797.588
797.588
797.588
797.588
797.588
798.75
798.75
798.75
798.75
798.75
798.422
798.422
798.422
798.422
798.422
798.686
798.686
798.686
798.686
798.686
798.937
798.937
798.937
798.937
798.937
798.476
798.476
798.476
798.476
798.476
799
799
799
799
799
798.855
798.855
798.855
798.855
798.855
798.221
798.221
798.221
798.221
798.221
798.137
798.137
798.137
798.137
798.137
798.998
798.998
798.998
798.998
798.998
798.87
798.87
798.87
798.87
798.87
799
799
799
799
799
798.75
798.75
798.75
798.75
798.75
797.185
797.185
797.185
797.185
797.185
797.83
797.83
797.83
797.83
797.83
798.25
798.25
798.25
798.25
798.25
798.185
798.185
798.185
798.185
798.185
798.429
798.429
798.429
798.429
798.429
798.984
798.984
798.984
798.984
798.984
798.719
798.719
798.719
798.719
798.719
798.999
798.999
798.999
798.999
798.999
798.5
798.5
798.5
798.5
798.5
798.245
798.245
798.245
798.245
798.245
798.107
798.107
798.107
798.107
798.107
799
799
799
799
799
798.964
798.964
798.964
798.964
798.964
798.466
798.466
798.466
798.466
798.466
799
799
799
799
799
798.551
798.551
798.551
798.551
798.551
798.969
798.969
798.969
798.969
798.969
798.974
798.974
798.974
798.974
798.974
798.818
798.818
798.818
798.818
798.818
798.937
798.937
798.937
798.937
798.937
798.922
798.922
798.922
798.922
798.922
798.655
798.655
798.655
798.655
798.655
799
799
799
799
799
798.982
798.982
798.982
798.982
798.982
798.487
798.487
798.487
798.487
798.487
797.946
797.946
797.946
797.946
797.946
799
799
799
799
799
798.953
798.953
798.953
798.953
798.953
798.413
798.413
798.413
798.413
798.413
799
799
799
799
799
798.975
798.975
798.975
798.975
798.975
798.82
798.82
798.82
798.82
798.82
799
799
799
799
799
798.937
798.937
798.937
798.937
798.937
798.956
798.956
798.956
798.956
798.956
799
799
799
799
799
798.492
798.492
798.492
798.492
798.492
798.492
798.492
798.492
798.492
798.492
798.494
798.494
798.494
798.494
798.494
798.632
798.632
798.632
798.632
798.632
799
799
799
799
799
798.749
798.749
798.749
798.749
798.749
798.608
798.608
798.608
798.608
798.608
798.1
798.1
798.1
798.1
798.1
799
799
799
799
799
798.5
798.5
798.5
798.5
798.5
799
799
799
799
799
798.965
798.965
798.965
798.965
798.965
798.443
798.443
798.443
798.443
798.443
798.984
798.984
798.984
798.984
798.984
798.991
798.991
798.991
798.991
798.991
798.471
798.471
798.471
798.471
798.471
799
799
799
799
799
798.742
798.742
798.742
798.742
798.742
798.742
798.742
798.742
798.742
798.742
798.996
798.996
798.996
798.996
798.996
798.92
798.92
798.92
798.92
798.92
798.991
798.991
798.991
798.991
798.991
798.943
798.943
798.943
798.943
798.943
799
799
799
799
799
798.998
798.998
798.998
798.998
798.998
798.978
798.978
798.978
798.978
798.978
799
799
799
799
799
798.937
798.937
798.937
798.937
798.937
798.921
798.921
798.921
798.921
798.921
799
799
799
799
799
798.995
798.995
798.995
798.995
798.995
798.969
798.969
798.969
798.969
798.969
798.968
798.968
798.968
798.968
798.968
798.777
798.777
798.777
798.777
798.777
798.961
798.961
798.961
798.961
798.961
798.937
798.937
798.937
798.937
798.937
798.452
798.452
798.452
798.452
798.452
799
799
799
799
799
798.999
798.999
798.999
798.999
798.999
798.968
798.968
798.968
798.968
798.968
798.75
798.75
798.75
798.75
798.75
798.75
798.75
798.75
798.75
798.75
798.437
798.437
798.437
798.437
798.437
798.56
798.56
798.56
798.56
798.56
798.992
798.992
798.992
798.992
798.992
798.984
798.984
798.984
798.984
798.984
798.929
798.929
798.929
798.929
798.929
799
799
799
799
799
798.984
798.984
798.984
798.984
798.984
798.969
798.969
798.969
798.969
798.969
798.187
798.187
798.187
798.187
798.187
797.96
797.96
797.96
797.96
797.96
797.419
797.419
797.419
797.419
797.419
799
799
799
799
799
798.988
798.988
798.988
798.988
798.988
798.484
798.484
798.484
798.484
798.484
799
799
799
799
799
798.187
798.187
798.187
798.187
798.187
799
799
799
799
799
799
799
799
799
799
798.68
798.68
798.68
798.68
798.68
799
799
799
799
799
798.5
798.5
798.5
798.5
798.5
798.248
798.248
798.248
798.248
798.248
798.115
798.115
798.115
798.115
798.115
798.998
798.998
798.998
798.998
798.998
798.873
798.873
798.873
798.873
798.873
799
799
799
799
799
799
799
799
799
799
799
799
799
799
799
798.867
798.867
798.867
798.867
798.867
799
799
799
799
799
799
799
799
799
799
798.999
798.999
798.999
798.999
798.999
799
799
799
799
799
798.953
798.953
798.953
798.953
798.953
799
799
799
799
799
798.742
798.742
798.742
798.742
798.742
798.68
798.68
798.68
798.68
798.68
799
799
799
799
799
798.984
798.984
798.984
798.984
798.984
798.98
798.98
798.98
798.98
798.98
798.933
798.933
798.933
798.933
798.933
799
799
799
799
799
798.842
798.842
798.842
798.842
798.842
799
799
799
799
799
798.934
798.934
798.934
798.934
798.934
798.684
798.684
798.684
798.684
798.684
798.605
798.605
798.605
798.605
798.605
799
799
799
799
799
798.75
798.75
798.75
798.75
798.75
798.625
798.625
798.625
798.625
798.625
799
799
799
799
799
798.937
798.937
798.937
798.937
798.937
798.996
798.996
798.996
798.996
798.996
798.998
798.998
798.998
798.998
798.998
798.597
798.597
798.597
798.597
798.597
799
799
799
799
799
798.992
798.992
798.992
798.992
798.992
798.998
798.998
798.998
798.998
798.998
799
799
799
799
799
798.984
798.984
798.984
798.984
798.984
798.984
798.984
798.984
798.984
798.984
798.984
798.984
798.984
798.984
798.984
798.99
798.99
798.99
798.99
798.99
798.928
798.928
798.928
798.928
798.928
798.797
798.797
798.797
798.797
798.797
799
799
799
799
799
798.969
798.969
798.969
798.969
798.969
798.968
798.968
798.968
798.968
798.968
798.742
798.742
798.742
798.742
798.742
798.742
798.742
798.742
798.742
798.742
798.867
798.867
798.867
798.867
798.867
799
799
799
799
799
798.984
798.984
798.984
798.984
798.984
799
799
799
799
799
799
799
799
799
799
798.984
798.984
798.984
798.984
798.984
798.984
798.984
798.984
798.984
798.984
799
799
799
799
799
798.75
798.75
798.75
798.75
798.75
799
799
799
799
799
799
799
799
799
799
799
799
799
799
799
799
799
799
799
799
798.992
798.992
798.992
798.992
798.992
798.996
798.996
798.996
798.996
798.996
799
799
799
799
799
799
799
799
799
799
798.75
798.75
798.75
798.75
798.75
798.246
798.246
798.246
798.246
798.246
799
799
799
799
799
798.996
798.996
798.996
798.996
798.996
799
799
799
799
799
799
799
799
799
799
799
799
799
799
799
798.4
798.4
798.4
798.4
798.4
799
799
799
799
799
798.5
798.5
798.5
798.5
798.5
798.372
798.372
798.372
798.372
798.372
799
799
799
799
799
799
799
799
799
799
799
799
799
799
799
799
799
799
799
799
798.971
798.971
798.971
798.971
798.971
799
799
799
799
799
799
799
799
799
799
798.373
798.373
798.373
798.373
798.373
798.123
798.123
798.123
798.123
798.123
799
799
799
799
799
798.5
798.5
798.5
798.5
798.5
798.375
798.375
798.375
798.375
798.375
799
799
799
799
799
799
799
799
799
799
798.998
798.998
798.998
798.998
798.998
799
799
799
799
799
798.875
798.875
798.875
798.875
798.875
798.812
798.812
798.812
798.812
798.812
799
799
799
799
799
798.75
798.75
798.75
798.75
798.75
798.749
798.749
798.749
798.749
798.749
799
799
799
799
799
799
799
799
799
799
798.375
798.375
798.375
798.375
798.375
799
799
799
799
799
798.875
798.875
798.875
798.875
798.875
798.875
798.875
798.875
798.875
798.875
799
799
799
799
799
799
799
799
799
799
799
799
799
799
799
798.75
798.75
798.75
798.75
798.75
798.497
798.497
798.497
798.497
798.497
798.249
798.249
798.249
798.249
798.249
799
799
799
799
799
798.992
798.992
798.992
798.992
798.992
799
799
799
799
799
799
799
799
799
799
798.75
798.75
798.75
798.75
798.75
798.687
798.687
798.687
798.687
798.687
799
799
799
799
799
799
799
799
799
799
799
799
799
799
799
799
799
799
799
799
798.937
798.937
798.937
798.937
798.937
799
799
799
799
799
798.875
798.875
798.875
798.875
798.875
798.812
798.812
798.812
798.812
798.812
799
799
799
799
799
799
799
799
799
799
798.998
798.998
798.998
798.998
798.998
798.461
798.461
798.461
798.461
798.461
799
799
799
799
799
799
799
799
799
799
798.872
798.872
798.872
798.872
798.872
799
799
799
799
799
799
799
799
799
799
799
799
799
799
799
799
799
799
799
799
799
799
799
799
799
798.875
798.875
798.875
798.875
798.875
799
799
799
799
799
799
799
799
799
799
798.999
798.999
798.999
798.999
798.999
798.999
798.999
798.999
798.999
798.999
798.999
798.999
798.999
798.999
798.999
799
799
799
799
799
799
799
799
799
799
799
799
799
799
799
799
799
799
799
799
799
799
799
799
799
799
799
799
799
799
799
799
799
799
799
798.992
798.992
798.992
798.992
798.992
798.749
798.749
798.749
798.749
798.749
799
799
799
799
799
799
799
799
799
799
798.851
798.851
798.851
798.851
798.851
799
799
799
799
799
799
799
799
799
799
799
799
799
799
799
799
799
799
799
799
799
799
799
799
799
799
799
799
799
799
799
799
799
799
799
799
799
799
799
799
799
799
799
799
799
799
799
799
799
799
799
799
799
799
799
799
799
799
799
799
799
799
799
799
799
799
799
799
799
799
799
799
799
799
799
799
799
799
799
799
799
799
799
799
799
799
799
799
799
799
799
799
799
799
799
799
799
799
799
799
799
799
799
799
799
799
799
799
799
799
799
799
799
799
799
798.938
798.938
798.938
798.938
798.938
799
799
799
799
799
799
799
799
799
799
798.749
798.749
798.749
798.749
798.749
798.874
798.874
798.874
798.874
798.874
798.938
798.938
798.938
798.938
798.938
798.938
798.938
798.938
798.938
798.938
799
799
799
799
799
799
799
799
799
799
799
799
799
799
799
799
799
799
799
799
799
799
799
799
799
798.492
798.492
798.492
798.492
798.492
798.977
798.977
798.977
798.977
798.977
799
799
799
799
799
799
799
799
799
799
799
799
799
799
799
799
799
799
799
799
798.938
798.938
798.938
798.938
798.938
799
799
799
799
799
799
799
799
799
799
798.75
798.75
798.75
798.75
798.75
798.746
798.746
798.746
798.746
798.746
799
799
799
799
799
799
799
799
799
799
799
799
799
799
799
799
799
799
799
799
798.75
798.75
798.75
798.75
798.75
799
799
799
799
799
799
799
799
799
799
799
799
799
799
799
798.969
798.969
798.969
798.969
798.969
799
799
799
799
799
799
799
799
799
799
799
799
799
799
799
799
799
799
799
799
799
799
799
799
799
799
799
799
799
799
799
799
799
799
799
799
799
799
799
799
799
799
799
799
799
798.984
798.984
798.984
798.984
798.984
798.984
798.984
798.984
798.984
798.984
799
799
799
799
799
799
799
799
799
799
799
799
799
799
799
798.938
798.938
798.938
798.938
798.938
798.984
798.984
798.984
798.984
798.984
798.992
798.992
798.992
798.992
798.992
799
799
799
799
799
799
799
799
799
799
799
799
799
799
799
799
799
799
799
799
799
799
799
799
799
799
799
799
799
799
799
799
799
799
799
799
799
799
799
799
799
799
799
799
799
799
799
799
799
799
798.5
798.5
798.5
798.5
798.5
798.5
798.5
798.5
798.5
798.5
799
799
799
799
799
799
799
799
799
799
799
799
799
799
799
799
799
799
799
799
799
799
799
799
799
799
799
799
799
799
799
799
799
799
799
799
799
799
799
799
798.999
798.999
798.999
798.999
798.999
798.996
798.996
798.996
798.996
798.996
799
799
799
799
799
799
799
799
799
799
798.75
798.75
798.75
798.75
798.75
799
799
799
799
799
799
799
799
799
799
799
799
799
799
799
799
799
799
799
799
799
799
799
799
799
799
799
799
799
799
799
799
799
799
799
799
799
799
799
799
799
799
799
799
799
799
799
799
799
799
799
799
799
799
799
799
799
799
799
799
799
799
799
799
799
799
799
799
799
799
799
799
799
799
799
799
799
799
799
799
799
799
799
799
799
799
799
799
799
799
799
799
799
799
799
799
799
799
799
799
799
799
799
799
799
799
799
799
799
799
799
799
799
799
799
799
799
799
799
799
799
799
799
799
799
799
799
799
799
799
799
799
799
799
799
799
799
799
799
799
799
799
799
799
799
799
799
799
799
799
799
799
799
799
799
799
799
799
799
799
799
799
799
799
799
799
799
799
799
799
799
799
799
799
799
799
799
799
799
799
799
799
799
799
799
799
799
799
799
799
799
799
799
799
799
799
799
799
799
799
799
799
799
799
799
799
799
799
799
799
799
799
799
799
799
799
799
799
799
799
798.844
798.844
798.844
798.844
798.844
799
799
799
799
799
799
799
799
799
799
798.992
798.992
798.992
798.992
798.992
799
799
799
799
799
799
799
799
799
799
799
799
799
799
799
799
799
799
799
799
799
799
799
799
799
799
799
799
799
799
799
799
799
799
799
799
799
799
799
799
799
799
799
799
799
799
799
799
799
799
799
799
799
799
799
799
799
799
799
799
799
799
799
799
799
799
799
799
799
799
799
799
799
799
799
799
799
799
799
799
799
799
799
799
799
799
799
799
799
799
799
799
799
799
799
799
799
799
799
799
799
799
799
799
799
799
799
799
799
799
799
799
799
799
799
799
799
799
799
799
799
799
799
799
799
799
799
799
799
799
799
799
799
799
799
799
799
799
799
799
799
799
799
799
799
798.968
798.968
798.968
798.968
798.968
799
799
799
799
799
799
799
799
799
799
799
799
799
799
799
799
799
799
799
799
799
799
799
799
799
799
799
799
799
799
799
799
799
799
799
799
799
799
799
799
799
799
799
799
799
799
799
799
799
799
799
799
799
799
799
799
799
799
799
799
799
799
799
799
799
798.968
798.968
798.968
798.968
798.968
798.969
798.969
798.969
798.969
798.969
799
799
799
799
799
799
799
799
799
799
799
799
799
799
799
799
799
799
799
799
799
799
799
799
799
799
799
799
799
799
799
799
799
799
799
799
799
799
799
799
799
799
799
799
799
799
799
799
799
799
799
799
799
799
799
799
799
799
799
799
799
799
799
799
799
799
799
799
799
799
799
799
799
799
799
799
799
799
799
799
799
799
799
799
799
799
799
799
799
799
799
799
799
799
799
799
799
799
799
799
799
799
799
799
799
799
799
799
799
799
799
799
799
799
799
799
799
799
799
799
799
799
799
799
799
799
799
799
799
799
799
799
799
799
799
799
799
799
799
799
798.996
798.996
798.996
798.996
798.996
799
799
799
799
799
799
799
799
799
799
799
799
799
799
799
799
799
799
799
799
799
799
799
799
799
799
799
799
799
799
799
799
799
799
799
799
799
799
799
799
799
799
799
799
799
799
799
799
799
799
799
799
799
799
799
799
799
799
799
799
799
799
799
799
799
799
799
799
799
799
799
799
799
799
799
798.984
798.984
798.984
798.984
798.984
799
799
799
799
799
799
799
799
799
799
799
799
799
799
799
799
799
799
799
799
799
799
799
799
799
798.934
798.934
798.934
798.934
798.934
799
799
799
799
799
799
799
799
799
799
799
799
799
799
799
799
799
799
799
799
799
799
799
799
799
799
799
799
799
799
799
799
799
799
799
799
799
799
799
799
799
799
799
799
799
799
799
799
799
799
799
799
799
799
799
799
799
799
799
799
799
799
799
799
799
799
799
799
799
799
799
799
799
799
799
799
799
799
799
799
799
799
799
799
799
799
799
799
799
799
799
799
799
799
799
799
799
799
799
799
799
799
799
799
799
799
799
799
799
799
799
799
799
799
799
799
799
799
799
799
799
799
799
799
799
799
799
799
799
799
799
799
799
799
799
799
799
799
799
799
799
799
799
799
799
799
799
799
799
799
799
799
799
799
799
799
799
799
799
799
799
799
799
799
799
799
799
799
799
799
799
799
799
799
799
799
799
799
799
799
799
799
799
799
799
799
799
799
799
799
799
799
799
799
799
799
799
799
799
799
799
799
799
799
799
799
799
799
799
799
799
799
799
799
799
799
799
799
799
799
799
799
799
799
799
799
799
799
799
799
799
799
799
799
799
799
799
799
799
799
799
799
799
799
799
799
799
799
799
799
799
799
799
799
799
799
799
799
799
799
799
799
799
799
799
799
799
799
799
799
799
799
799
799
799
799
799
799
799
799
799
799
799
799
799
799
799
799
799
799
799
799
799
799
799
799
799
799
799
799
799
799
799
799
799
799
799
799
799
799
799
799
799
799
799
799
799
799
799
799
799
799
799
799
799
799
799
799
799
799
799
799
799
799
799
799
799
799
799
799
799
799
799
799
799
799
799
799
799
799
799
799
799
799
799
799
799
799
799
799
799
799
799
799
799
799
799
799
799
799
799
799
799
799
799
799
799
799
799
799
799
799
799
799
799
799
799
799
799
799
799
799
799
799
799
799
799
799
799
799
799
799
799
799
799
799
799
799
799
799
799
799
799
799
799
799
799
799
799
799
799
799
799
799
799
799
799
799
799
799
799
799
799
799
799
799
799
799
799
799
799
799
799
799
799
799
799
799
799
799
799
799
799
799
799
799
799
799
799
799
799
799
799
799
799
799
799
799
799
799
799
799
799
799
799
799
799
799
799
799
799
799
799
799
799
799
799
799
799
799
798.969
798.969
798.969
798.969
798.969
799
799
799
799
799
799
799
799
799
799
799
799
799
799
799
799
799
799
799
799
799
799
799
799
799
799
799
799
799
799
799
799
799
799
799
799
799
799
799
799
799
799
799
799
799
799
799
799
799
799
799
799
799
799
799
799
799
799
799
799
799
799
799
799
799
799
799
799
799
799
799
799
799
799
799
799
799
799
799
799
799
799
799
799
799
799
799
799
799
799
799
799
799
799
799
798.969
798.969
798.969
798.969
798.969
799
799
799
799
799
799
799
799
799
799
799
799
799
799
799
799
799
799
799
799
799
799
799
799
799
799
799
799
799
799
799
799
799
799
799
799
799
799
799
799
799
799
799
799
799
799
799
799
799
799
799
799
799
799
799
799
799
799
799
799
799
799
799
799
799
799
799
799
799
799
799
799
799
799
799
799
799
799
799
799
799
799
799
799
799
799
799
799
799
799
799
799
799
799
799
799
799
799
799
799
799
799
799
799
799
799
799
799
799
799
799
799
799
799
799
799
799
799
799
799
799
799
799
799
799
799
799
799
799
799
799
799
799
799
799
799
799
799
799
799
799
799
799
799
799
799
799
799
799
799
799
799
799
799
799
799
799
799
799
799
799
799
799
799
799
799
799
799
799
799
799
799
799
799
799
799
799
799
799
799
799
799
799
799
799
799
799
799
799
799
799
799
799
799
799
799
799
799
799
799
799
799
799
799
799
799
799
799
799
799
799
799
799
799
799
799
799
799
799
799
799
799
799
799
799
799
799
799
799
799
799
799
799
799
799
799
799
799
799
799
799
799
799
799
799
799
799
799
799
799
799
799
799
799
799
799
799
799
799
799
799
799
799
799
799
799
799
799
799
799
799
799
799
799
799
799
799
799
799
799
799
799
799
799
799
799
799
799
799
799
799
799
799
799
799
799
799
799
799
799
799
799
799
799
799
799
799
799
799
799
799
799
799
799
799
799
799
799
799
799
799
799
799
799
799
799
799
799
799
799
799
799
799
799
799
799
799
799
799
799
799
799
799
799
799
799
799
799
799
799
799
799
799
799
799
799
799
799
799
799
799
799
799
799
799
799
799
799
799
799
799
799
799
799
799
798.875
798.875
798.875
798.875
798.875
799
799
799
799
799
799
799
799
799
799
799
799
799
799
799
799
799
799
799
799
799
799
799
799
799
799
799
799
799
799
799
799
799
799
799
799
799
799
799
799
799
799
799
799
799
799
799
799
799
799
799
799
799
799
799
799
799
799
799
799
799
799
799
799
799
799
799
799
799
799
799
799
799
799
799
799
799
799
799
799
799
799
799
799
799
799
799
799
799
799
799
799
799
799
799
799
799
799
799
799
799
799
799
799
799
799
799
799
799
799
799
799
799
799
799
799
799
799
799
799
799
799
799
799
799
799
799
799
799
799
799
799
799
799
799
799
799
799
799
799
799
799
799
799
799
799
799
799
799
799
799
799
799
799
799
799
799
799
799
799
799
799
799
799
799
799
799
799
799
799
799
799
799
799
799
799
799
799
799
799
799
799
799
799
799
799
799
799
799
799
799
799
799
799
799
799
799
799
799
799
799
799
799
799
799
799
799
799
799
799
799
799
799
799
799
799
799
799
799
799
799
799
799
799
799
799
799
799
799
799
799
799
799
799
799
799
799
799
799
799
799
799
799
799
799
799
799
799
799
799
799
799
799
799
799
799
799
799
799
799
799
799
799
799
799
799
799
799
799
799
799
799
799
799
799
799
799
799
799
799
799
799
799
799
799
799
799
799
799
799
799
799
799
799
799
799
799
799
799
799
799
799
799
799
799
799
799
799
799
799
799
799
799
799
799
799
799
799
799
799
799
799
799
799
799
799
799
799
799
799
799
799
799
799
799
799
799
799
799
799
799
799
799
799
799
799
799
799
799
799
799
799
799
799
799
799
799
799
799
799
799
799
799
799
799
799
799
799
799
799
799
799
799
799
799
799
799
799
799
799
799
799
799
799
799
799
799
799
799
799
799
799
799
799
799
799
799
799
799
799
799
799
799
799
799
799
799
799
799
799
0
