0
0
0
0
543.792
543.792
543.792
543.792
543.792
683.842
683.842
683.842
683.842
683.842
760.218
760.218
760.218
760.218
760.218
787.455
787.455
787.455
787.455
787.455
776.341
776.341
776.341
776.341
776.341
758.635
758.635
758.635
758.635
758.635
541.109
541.109
541.109
541.109
541.109
373.493
373.493
373.493
373.493
373.493
754.65
754.65
754.65
754.65
754.65
782.531
782.531
782.531
782.531
782.531
743.058
743.058
743.058
743.058
743.058
775.236
775.236
775.236
775.236
775.236
768.052
768.052
768.978
768.978
768.978
756.53
756.53
756.53
756.53
756.53
787.909
787.909
787.909
787.909
787.909
786.443
786.443
786.443
786.443
786.443
759.523
759.523
759.523
759.523
759.523
780.02
780.02
780.02
780.02
780.02
787.63
787.63
787.63
787.63
787.63
781.594
781.594
781.594
781.594
781.594
782.573
782.573
782.573
782.573
782.573
783.466
783.466
783.466
783.466
783.466
762.032
762.032
762.032
762.032
762.032
796.748
796.748
796.748
796.748
796.748
791.625
791.625
791.625
791.625
791.625
777.315
777.315
777.315
777.315
777.315
790.46
790.46
790.46
790.46
790.46
777.65
777.65
777.65
777.65
777.65
764.65
764.65
764.65
764.65
764.65
755.053
755.053
755.053
755.053
755.053
776.518
776.518
776.518
776.518
776.518
765.421
765.421
765.421
765.421
765.421
766.409
766.409
766.409
766.409
766.409
788.092
788.092
788.092
788.092
788.092
778.449
778.449
778.449
778.449
778.449
788.176
788.176
788.176
788.176
788.176
778.498
778.498
778.498
778.498
778.498
782.702
782.702
782.702
782.702
782.702
793.167
793.167
793.167
793.167
793.167
793.117
793.117
793.117
793.117
793.117
788.37
788.37
788.37
788.37
788.37
783.093
783.093
783.093
783.093
783.093
795.141
795.141
795.141
795.141
795.141
793.352
793.352
793.352
793.352
793.352
795.521
795.521
795.521
795.521
795.521
781.607
781.607
781.607
781.607
781.607
783.625
783.625
783.625
783.625
783.625
795.65
795.65
795.65
795.65
795.65
783.394
783.394
783.394
783.394
783.394
783.533
783.533
783.533
783.533
783.533
785.099
785.099
785.099
785.099
785.099
793.285
793.285
793.285
793.285
793.285
790.054
790.054
790.054
790.054
790.054
781.103
781.103
781.103
781.103
781.103
790.3
790.3
790.3
790.3
790.3
786.35
786.35
786.35
786.35
786.35
788.428
788.428
788.428
788.428
788.428
789.673
789.673
789.673
789.673
789.673
790.679
790.679
790.679
790.679
790.679
783.731
783.731
783.731
783.731
783.731
786.601
786.601
786.601
786.601
786.601
785.109
785.109
785.109
785.109
785.109
793.371
793.371
793.371
793.371
793.371
784.928
784.928
784.928
784.928
784.928
783.275
783.275
783.275
783.275
783.275
790.865
790.865
790.865
790.865
790.865
795.18
795.18
795.18
795.18
795.18
792.809
792.809
792.809
792.809
792.809
795.22
795.22
795.22
795.22
795.22
784.846
784.846
784.846
784.846
784.846
787.37
787.37
787.37
787.37
787.37
793.723
793.723
793.723
793.723
793.723
785.855
785.855
785.855
785.855
785.855
774.004
774.004
774.004
774.004
774.004
777.278
777.278
777.278
777.278
777.278
794.012
794.012
794.012
794.012
794.012
782.639
782.639
782.639
782.639
782.639
791.004
791.004
791.004
791.004
791.004
793.736
793.736
793.736
793.736
793.736
793.062
793.062
793.062
793.062
793.062
796.329
796.329
796.329
796.329
796.329
793.403
793.403
793.403
793.403
793.403
787.408
787.408
787.408
787.408
787.408
796.931
796.931
796.931
796.931
796.931
796.448
796.448
796.448
796.448
796.448
792.822
792.822
792.822
792.822
792.822
792.696
792.696
792.696
792.696
792.696
790.842
790.842
790.842
790.842
790.842
793.967
793.967
793.967
793.967
793.967
794.558
794.558
794.558
794.558
794.558
790.26
790.26
790.26
790.26
790.26
788.938
788.938
788.938
788.938
788.938
788.608
788.608
788.608
788.608
788.608
797.278
797.278
797.278
797.278
797.278
794.265
794.265
794.265
794.265
794.265
789.974
789.974
789.974
789.974
789.974
797.789
797.789
797.789
797.789
797.789
793.61
793.61
793.61
793.61
793.61
793.158
793.158
793.158
793.158
793.158
796.61
796.61
796.61
796.61
796.61
794.898
794.898
794.898
794.898
794.898
795.879
795.879
795.879
795.879
795.879
792.162
792.162
792.162
792.162
792.162
785.738
785.738
785.738
785.738
785.738
792.215
792.215
792.215
792.215
792.215
789.921
789.921
789.921
789.921
789.921
788.655
788.655
788.655
788.655
788.655
791.757
791.757
791.757
791.757
791.757
786.959
786.959
786.959
786.959
786.959
789.902
789.902
789.902
789.902
789.902
796.045
796.045
796.045
796.045
796.045
791.786
791.786
791.786
791.786
791.786
787.49
787.49
787.49
787.49
787.49
787.579
787.579
787.579
787.579
787.579
797.568
797.568
797.568
797.568
797.568
793.294
793.294
793.294
793.294
793.294
795.316
795.316
795.316
795.316
795.316
796.195
796.195
796.195
796.195
796.195
794.856
794.856
794.856
794.856
794.856
791.801
791.801
791.801
791.801
791.801
797.879
797.879
797.879
797.879
797.879
793.103
793.103
793.103
793.103
793.103
798.218
798.218
798.218
798.218
798.218
794.95
794.95
794.95
794.95
794.95
792.669
792.669
792.669
792.669
792.669
789.772
789.772
789.772
789.772
789.772
793.698
793.698
793.698
793.698
793.698
792.147
792.147
792.147
792.147
792.147
797.12
797.12
797.12
797.12
797.12
796.171
796.171
796.171
796.171
796.171
795.823
795.823
795.823
795.823
795.823
793.766
793.766
793.766
793.766
793.766
793.34
793.34
793.34
793.34
793.34
794.646
794.646
794.646
794.646
794.646
793.376
793.376
793.376
793.376
793.376
793.274
793.274
793.274
793.274
793.274
788.645
788.645
788.645
788.645
788.645
795.042
795.042
795.042
795.042
795.042
797.147
797.147
797.147
797.147
797.147
795.561
795.561
795.561
795.561
795.561
797.926
797.926
797.926
797.926
797.926
796.674
796.674
796.674
796.674
796.674
793.994
793.994
793.994
793.994
793.994
794.812
794.812
794.812
794.812
794.812
796.366
796.366
796.366
796.366
796.366
791.977
791.977
791.977
791.977
791.977
798.279
798.279
798.279
798.279
798.279
793.44
793.44
793.44
793.44
793.44
789.349
789.349
789.349
789.349
789.349
798.378
798.378
798.378
798.378
798.378
797.572
797.572
797.572
797.572
797.572
795.317
795.317
795.317
795.317
795.317
793.551
793.551
793.551
793.551
793.551
797.534
797.534
797.534
797.534
797.534
794.131
794.131
794.131
794.131
794.131
791.155
791.155
791.155
791.155
791.155
796.587
796.587
796.587
796.587
796.587
794.794
794.794
794.794
794.794
794.794
795.631
795.631
795.631
795.631
795.631
796.66
796.66
796.66
796.66
796.66
791.252
791.252
791.252
791.252
791.252
797.008
797.008
797.008
797.008
797.008
797.135
797.135
797.135
797.135
797.135
794.471
794.471
794.471
794.471
794.471
798.098
798.098
798.098
798.098
798.098
795.869
795.869
795.869
795.869
795.869
793.39
793.39
793.39
793.39
793.39
789.227
789.227
789.227
789.227
789.227
798.391
798.391
798.391
798.391
798.391
796.505
796.505
796.505
796.505
796.505
798.202
798.202
798.202
798.202
798.202
797.577
797.577
797.577
797.577
797.577
796.913
796.913
796.913
796.913
796.913
795.424
795.424
795.424
795.424
795.424
798.347
798.347
798.347
798.347
798.347
796.319
796.319
796.319
796.319
796.319
798.134
798.134
798.134
798.134
798.134
798.312
798.312
798.312
798.312
798.312
796.759
796.759
796.759
796.759
796.759
793.708
793.708
793.708
793.708
793.708
794.691
794.691
794.691
794.691
794.691
793.67
793.67
793.67
793.67
793.67
796.406
796.406
796.406
796.406
796.406
794.967
794.967
794.967
794.967
794.967
791.345
791.345
791.345
791.345
791.345
798.216
798.216
798.216
798.216
798.216
797.096
797.096
797.096
797.096
797.096
795.792
795.792
795.792
795.792
795.792
794.086
794.086
794.086
794.086
794.086
797.926
797.926
797.926
797.926
797.926
794.4
794.4
794.4
794.4
794.4
797.013
797.013
797.013
797.013
797.013
796.081
796.081
796.081
796.081
796.081
795.329
795.329
795.329
795.329
795.329
794.077
794.077
794.077
794.077
794.077
791.892
791.892
791.892
791.892
791.892
790.898
790.898
790.898
790.898
790.898
794.321
794.321
794.321
794.321
794.321
798.103
798.103
798.103
798.103
798.103
794.918
794.918
794.918
794.918
794.918
793.962
793.962
793.962
793.962
793.962
798.889
798.889
798.889
798.889
798.889
796.199
796.199
796.199
796.199
796.199
794.786
794.786
794.786
794.786
794.786
797.502
797.502
797.502
797.502
797.502
795.48
795.48
795.48
795.48
795.48
793.376
793.376
793.376
793.376
793.376
798.575
798.575
798.575
798.575
798.575
797.518
797.518
797.518
797.518
797.518
798.81
798.81
798.81
798.81
798.81
797.653
797.653
797.653
797.653
797.653
794.446
794.446
794.446
794.446
794.446
793.58
793.58
793.58
793.58
793.58
797.964
797.964
797.964
797.964
797.964
795.159
795.159
795.159
795.159
795.159
794.304
794.304
794.304
794.304
794.304
797.819
797.819
797.819
797.819
797.819
789.781
789.781
789.781
789.781
789.781
794.558
794.558
794.558
794.558
794.558
797.972
797.972
797.972
797.972
797.972
797.079
797.079
797.079
797.079
797.079
796.457
796.457
796.457
796.457
796.457
798.212
798.212
798.212
798.212
798.212
795.499
795.499
795.499
795.499
795.499
797.244
797.244
797.244
797.244
797.244
797.226
797.226
797.226
797.226
797.226
795.719
795.719
795.719
795.719
795.719
794.598
794.598
794.598
794.598
794.598
798.662
798.662
798.662
798.662
798.662
797.3
797.3
797.3
797.3
797.3
798.428
798.428
798.428
798.428
798.428
797.717
797.717
797.717
797.717
797.717
796.243
796.243
796.243
796.243
796.243
795.068
795.068
795.068
795.068
795.068
797.446
797.446
797.446
797.446
797.446
796.152
796.152
796.152
796.152
796.152
793.579
793.579
793.579
793.579
793.579
792.181
792.181
792.181
792.181
792.181
790.858
790.858
790.858
790.858
790.858
790.083
790.083
790.083
790.083
790.083
796.466
796.466
796.466
796.466
796.466
794.16
794.16
794.16
794.16
794.16
792.408
792.408
792.408
792.408
792.408
797.472
797.472
797.472
797.472
797.472
796.846
796.846
796.846
796.846
796.846
797.444
797.444
797.444
797.444
797.444
797.18
797.18
797.18
797.18
797.18
796.147
796.147
796.147
796.147
796.147
793.339
793.339
793.339
793.339
793.339
794.813
794.813
794.813
794.813
794.813
792.949
792.949
792.949
792.949
792.949
798.787
798.787
798.787
798.787
798.787
795.588
795.588
795.588
795.588
795.588
794.655
794.655
794.655
794.655
794.655
798.457
798.457
798.457
798.457
798.457
797.579
797.579
797.579
797.579
797.579
797.625
797.625
797.625
797.625
797.625
798.441
798.441
798.441
798.441
798.441
796.874
796.874
796.874
796.874
796.874
796.775
796.775
796.775
796.775
796.775
798.6
798.6
798.6
798.6
798.6
797.138
797.138
797.138
797.138
797.138
795.881
795.881
795.881
795.881
795.881
793.572
793.572
793.572
793.572
793.572
798.325
798.325
798.325
798.325
798.325
796.876
796.876
796.876
796.876
796.876
794.725
794.725
794.725
794.725
794.725
797.082
797.082
797.082
797.082
797.082
794.774
794.774
794.774
794.774
794.774
796.223
796.223
796.223
796.223
796.223
797.65
797.65
797.65
797.65
797.65
796.115
796.115
796.115
796.115
796.115
794.15
794.15
794.15
794.15
794.15
797.481
797.481
797.481
797.481
797.481
792.853
792.853
792.853
792.853
792.853
790.219
790.219
790.219
790.219
790.219
797.146
797.146
797.146
797.146
797.146
796.574
796.574
796.574
796.574
796.574
796.163
796.163
796.163
796.163
796.163
792.6
792.6
792.6
792.6
792.6
792.028
792.028
792.028
792.028
792.028
798.835
798.835
798.835
798.835
798.835
798.673
798.673
798.673
798.673
798.673
797.126
797.126
797.126
797.126
797.126
797.648
797.648
797.648
797.648
797.648
797.022
797.022
797.022
797.022
797.022
795.071
795.071
795.071
795.071
795.071
796.637
796.637
796.637
796.637
796.637
798.113
798.113
798.113
798.113
798.113
797.201
797.201
797.201
797.201
797.201
796.583
796.583
796.583
796.583
796.583
798.56
798.56
798.56
798.56
798.56
798.197
798.197
798.197
798.197
798.197
798.105
798.105
798.105
798.105
798.105
796.417
796.417
796.417
796.417
796.417
795.734
795.734
795.734
795.734
795.734
798.987
798.987
798.987
798.987
798.987
798.484
798.484
798.484
798.484
798.484
797.179
797.179
797.179
797.179
797.179
796.968
796.968
796.968
796.968
796.968
797.244
797.244
797.244
797.244
797.244
796.979
796.979
796.979
796.979
796.979
797.171
797.171
797.171
797.171
797.171
798.622
798.622
798.622
798.622
798.622
798.415
798.415
798.415
798.415
798.415
797.53
797.53
797.53
797.53
797.53
798.653
798.653
798.653
798.653
798.653
796.599
796.599
796.599
796.599
796.599
798.745
798.745
798.745
798.745
798.745
796.914
796.914
796.914
796.914
796.914
796.605
796.605
796.605
796.605
796.605
795.317
795.317
795.317
795.317
795.317
798.036
798.036
798.036
798.036
798.036
795.53
795.53
795.53
795.53
795.53
798.772
798.772
798.772
798.772
798.772
798.346
798.346
798.346
798.346
798.346
797.073
797.073
797.073
797.073
797.073
798.495
798.495
798.495
798.495
798.495
798.332
798.332
798.332
798.332
798.332
797.956
797.956
797.956
797.956
797.956
798.679
798.679
798.679
798.679
798.679
798.474
798.474
798.474
798.474
798.474
797.919
797.919
797.919
797.919
797.919
798.27
798.27
798.27
798.27
798.27
798.022
798.022
798.022
798.022
798.022
796.957
796.957
796.957
796.957
796.957
796.693
796.693
796.693
796.693
796.693
796.696
796.696
796.696
796.696
796.696
796.925
796.925
796.925
796.925
796.925
798.354
798.354
798.354
798.354
798.354
796.838
796.838
796.838
796.838
796.838
797.481
797.481
797.481
797.481
797.481
794.223
794.223
794.223
794.223
794.223
798.668
798.668
798.668
798.668
798.668
796.727
796.727
796.727
796.727
796.727
798.623
798.623
798.623
798.623
798.623
797.616
797.616
797.616
797.616
797.616
796.539
796.539
796.539
796.539
796.539
796.36
796.36
796.36
796.36
796.36
797.717
797.717
797.717
797.717
797.717
796.322
796.322
796.322
796.322
796.322
798.843
798.843
798.843
798.843
798.843
798.299
798.299
798.299
798.299
798.299
795.19
795.19
795.19
795.19
795.19
793.107
793.107
793.107
793.107
793.107
797.061
797.061
797.061
797.061
797.061
796.337
796.337
796.337
796.337
796.337
795.537
795.537
795.537
795.537
795.537
798.739
798.739
798.739
798.739
798.739
797
797
797
797
797
798.93
798.93
798.93
798.93
798.93
797.957
797.957
797.957
797.957
797.957
797.266
797.266
797.266
797.266
797.266
797.16
797.16
797.16
797.16
797.16
797.744
797.744
797.744
797.744
797.744
796.599
796.599
796.599
796.599
796.599
798.632
798.632
798.632
798.632
798.632
797.494
797.494
797.494
797.494
797.494
796.538
796.538
796.538
796.538
796.538
795.446
795.446
795.446
795.446
795.446
798.414
798.414
798.414
798.414
798.414
797.873
797.873
797.873
797.873
797.873
797.022
797.022
797.022
797.022
797.022
798.804
798.804
798.804
798.804
798.804
797.566
797.566
797.566
797.566
797.566
797.85
797.85
797.85
797.85
797.85
797.516
797.516
797.516
797.516
797.516
796.103
796.103
796.103
796.103
796.103
798.867
798.867
798.867
798.867
798.867
798.913
798.913
798.913
798.913
798.913
798.092
798.092
798.092
798.092
798.092
797.273
797.273
797.273
797.273
797.273
798.959
798.959
798.959
798.959
798.959
797.641
797.641
797.641
797.641
797.641
798.616
798.616
798.616
798.616
798.616
797.045
797.045
797.045
797.045
797.045
796.721
796.721
796.721
796.721
796.721
798.24
798.24
798.24
798.24
798.24
796.307
796.307
796.307
796.307
796.307
795.893
795.893
795.893
795.893
795.893
797.465
797.465
797.465
797.465
797.465
797.353
797.353
797.353
797.353
797.353
795.398
795.398
795.398
795.398
795.398
795.068
795.068
795.068
795.068
795.068
798.734
798.734
798.734
798.734
798.734
798.2
798.2
798.2
798.2
798.2
798.465
798.465
798.465
798.465
798.465
797.791
797.791
797.791
797.791
797.791
797.197
797.197
797.197
797.197
797.197
796.962
796.962
796.962
796.962
796.962
796.416
796.416
796.416
796.416
796.416
795.316
795.316
795.316
795.316
795.316
795.249
795.249
795.249
795.249
795.249
798.738
798.738
798.738
798.738
798.738
797.434
797.434
797.434
797.434
797.434
795.491
795.491
795.491
795.491
795.491
798.942
798.942
798.942
798.942
798.942
798.597
798.597
798.597
798.597
798.597
798.288
798.288
798.288
798.288
798.288
798.517
798.517
798.517
798.517
798.517
797.605
797.605
797.605
797.605
797.605
797.799
797.799
797.799
797.799
797.799
797.384
797.384
797.384
797.384
797.384
797.508
797.508
797.508
797.508
797.508
796.252
796.252
796.252
796.252
796.252
798.941
798.941
798.941
798.941
798.941
798.173
798.173
798.173
798.173
798.173
796.796
796.796
796.796
796.796
796.796
798.372
798.372
798.372
798.372
798.372
797.074
797.074
797.074
797.074
797.074
798.027
798.027
798.027
798.027
798.027
796.715
796.715
796.715
796.715
796.715
796.641
796.641
796.641
796.641
796.641
798.234
798.234
798.234
798.234
798.234
797.368
797.368
797.368
797.368
797.368
796.728
796.728
796.728
796.728
796.728
795.889
795.889
795.889
795.889
795.889
798.711
798.711
798.711
798.711
798.711
798.932
798.932
798.932
798.932
798.932
797.403
797.403
797.403
797.403
797.403
798.644
798.644
798.644
798.644
798.644
798.357
798.357
798.357
798.357
798.357
797.472
797.472
797.472
797.472
797.472
798.916
798.916
798.916
798.916
798.916
797.856
797.856
797.856
797.856
797.856
798.429
798.429
798.429
798.429
798.429
798.339
798.339
798.339
798.339
798.339
797.652
797.652
797.652
797.652
797.652
798.996
798.996
798.996
798.996
798.996
798.053
798.053
798.053
798.053
798.053
797.329
797.329
797.329
797.329
797.329
798.871
798.871
798.871
798.871
798.871
798.704
798.704
798.704
798.704
798.704
797.483
797.483
797.483
797.483
797.483
797.169
797.169
797.169
797.169
797.169
798.446
798.446
798.446
798.446
798.446
797.773
797.773
797.773
797.773
797.773
797.068
797.068
797.068
797.068
797.068
798.937
798.937
798.937
798.937
798.937
797.286
797.286
797.286
797.286
797.286
797.081
797.081
797.081
797.081
797.081
797.937
797.937
797.937
797.937
797.937
797.369
797.369
797.369
797.369
797.369
798.106
798.106
798.106
798.106
798.106
797.755
797.755
797.755
797.755
797.755
797.69
797.69
797.69
797.69
797.69
798.242
798.242
798.242
798.242
798.242
796.53
796.53
796.53
796.53
796.53
797.012
797.012
797.012
797.012
797.012
798.737
798.737
798.737
798.737
798.737
797.974
797.974
797.974
797.974
797.974
793.08
793.08
793.08
793.08
793.08
792.819
792.819
792.819
792.819
792.819
798.934
798.934
798.934
798.934
798.934
798.691
798.691
798.691
798.691
798.691
797.878
797.878
797.878
797.878
797.878
798.75
798.75
798.75
798.75
798.75
797.871
797.871
797.871
797.871
797.871
796.317
796.317
796.317
796.317
796.317
797.37
797.37
797.37
797.37
797.37
795.835
795.835
795.835
795.835
795.835
794.595
794.595
794.595
794.595
794.595
798.481
798.481
798.481
798.481
798.481
797.932
797.932
797.932
797.932
797.932
797.885
797.885
797.885
797.885
797.885
796.991
796.991
796.991
796.991
796.991
796.447
796.447
796.447
796.447
796.447
798.995
798.995
798.995
798.995
798.995
798.66
798.66
798.66
798.66
798.66
797.038
797.038
797.038
797.038
797.038
798.469
798.469
798.469
798.469
798.469
797.953
797.953
797.953
797.953
797.953
796.306
796.306
796.306
796.306
796.306
797.103
797.103
797.103
797.103
797.103
798.24
798.24
798.24
798.24
798.24
797.456
797.456
797.456
797.456
797.456
796.728
796.728
796.728
796.728
796.728
798.229
798.229
798.229
798.229
798.229
796.845
796.845
796.845
796.845
796.845
795.487
795.487
795.487
795.487
795.487
798.851
798.851
798.851
798.851
798.851
797.22
797.22
797.22
797.22
797.22
797.647
797.647
797.647
797.647
797.647
798.96
798.96
798.96
798.96
798.96
796.269
796.269
796.269
796.269
796.269
797.837
797.837
797.837
797.837
797.837
798.874
798.874
798.874
798.874
798.874
798.479
798.479
798.479
798.479
798.479
797.24
797.24
797.24
797.24
797.24
796.895
796.895
796.895
796.895
796.895
796.671
796.671
796.671
796.671
796.671
798.967
798.967
798.967
798.967
798.967
798.797
798.797
798.797
798.797
798.797
798.075
798.075
798.075
798.075
798.075
798.465
798.465
798.465
798.465
798.465
797.881
797.881
797.881
797.881
797.881
797.756
797.756
797.756
797.756
797.756
794.758
794.758
794.758
794.758
794.758
798.663
798.663
798.663
798.663
798.663
797.065
797.065
797.065
797.065
797.065
798.42
798.42
798.42
798.42
798.42
798.175
798.175
798.175
798.175
798.175
798.25
798.25
798.25
798.25
798.25
797.88
797.88
797.88
797.88
797.88
797.713
797.713
797.713
797.713
797.713
796.972
796.972
796.972
796.972
796.972
798.989
798.989
798.989
798.989
798.989
798.416
798.416
798.416
798.416
798.416
798.358
798.358
798.358
798.358
798.358
797.421
797.421
797.421
797.421
797.421
798.434
798.434
798.434
798.434
798.434
798.366
798.366
798.366
798.366
798.366
797.427
797.427
797.427
797.427
797.427
798.405
798.405
798.405
798.405
798.405
796.772
796.772
796.772
796.772
796.772
798.998
798.998
798.998
798.998
798.998
798.942
798.942
798.942
798.942
798.942
798.216
798.216
798.216
798.216
798.216
799
799
799
799
799
798.354
798.354
798.354
798.354
798.354
797.165
797.165
797.165
797.165
797.165
796.52
796.52
796.52
796.52
796.52
798.744
798.744
798.744
798.744
798.744
797.427
797.427
797.427
797.427
797.427
798.477
798.477
798.477
798.477
798.477
798.322
798.322
798.322
798.322
798.322
797.655
797.655
797.655
797.655
797.655
798.483
798.483
798.483
798.483
798.483
797.91
797.91
797.91
797.91
797.91
797.124
797.124
797.124
797.124
797.124
796.082
796.082
796.082
796.082
796.082
798.749
798.749
798.749
798.749
798.749
798.199
798.199
798.199
798.199
798.199
798.874
798.874
798.874
798.874
798.874
797.056
797.056
797.056
797.056
797.056
797.743
797.743
797.743
797.743
797.743
796.851
796.851
796.851
796.851
796.851
798.543
798.543
798.543
798.543
798.543
797.578
797.578
797.578
797.578
797.578
797.73
797.73
797.73
797.73
797.73
798.163
798.163
798.163
798.163
798.163
797.298
797.298
797.298
797.298
797.298
797.096
797.096
797.096
797.096
797.096
798.801
798.801
798.801
798.801
798.801
798.419
798.419
798.419
798.419
798.419
798.177
798.177
798.177
798.177
798.177
798.953
798.953
798.953
798.953
798.953
797.943
797.943
797.943
797.943
797.943
797.611
797.611
797.611
797.611
797.611
798.969
798.969
798.969
798.969
798.969
798.489
798.489
798.489
798.489
798.489
798.812
798.812
798.812
798.812
798.812
798.377
798.377
798.377
798.377
798.377
798.426
798.426
798.426
798.426
798.426
798.992
798.992
798.992
798.992
798.992
798.72
798.72
798.72
798.72
798.72
798.285
798.285
798.285
798.285
798.285
798.491
798.491
798.491
798.491
798.491
798.249
798.249
798.249
798.249
798.249
796.938
796.938
796.938
796.938
796.938
798.965
798.965
798.965
798.965
798.965
798.632
798.632
798.632
798.632
798.632
797.559
797.559
797.559
797.559
797.559
797.733
797.733
797.733
797.733
797.733
798.87
798.87
798.87
798.87
798.87
798.055
798.055
798.055
798.055
798.055
798.996
798.996
798.996
798.996
798.996
797.812
797.812
797.812
797.812
797.812
797.383
797.383
797.383
797.383
797.383
798.997
798.997
798.997
798.997
798.997
798.491
798.491
798.491
798.491
798.491
798.002
798.002
798.002
798.002
798.002
798.492
798.492
798.492
798.492
798.492
798.443
798.443
798.443
798.443
798.443
798.188
798.188
798.188
798.188
798.188
798
798
798
798
798
798.32
798.32
798.32
798.32
798.32
798.159
798.159
798.159
798.159
798.159
798.993
798.993
798.993
798.993
798.993
798.861
798.861
798.861
798.861
798.861
798.452
798.452
798.452
798.452
798.452
798.352
798.352
798.352
798.352
798.352
798.998
798.998
798.998
798.998
798.998
797.718
797.718
797.718
797.718
797.718
798.937
798.937
798.937
798.937
798.937
798.843
798.843
798.843
798.843
798.843
798.079
798.079
798.079
798.079
798.079
798.199
798.199
798.199
798.199
798.199
797.434
797.434
797.434
797.434
797.434
797.223
797.223
797.223
797.223
797.223
798.421
798.421
798.421
798.421
798.421
797.961
797.961
797.961
797.961
797.961
797.03
797.03
797.03
797.03
797.03
796.631
796.631
796.631
796.631
796.631
798.842
798.842
798.842
798.842
798.842
798.882
798.882
798.882
798.882
798.882
797.841
797.841
797.841
797.841
797.841
798.999
798.999
798.999
798.999
798.999
798.804
798.804
798.804
798.804
798.804
798.746
798.746
798.746
798.746
798.746
797.837
797.837
797.837
797.837
797.837
798.342
798.342
798.342
798.342
798.342
797.843
797.843
797.843
797.843
797.843
798.687
798.687
798.687
798.687
798.687
798.309
798.309
798.309
798.309
798.309
798.75
798.75
798.75
798.75
798.75
798.246
798.246
798.246
798.246
798.246
797.723
797.723
797.723
797.723
797.723
797.908
797.908
797.908
797.908
797.908
798.992
798.992
798.992
798.992
798.992
798.874
798.874
798.874
798.874
798.874
798.998
798.998
798.998
798.998
798.998
798.99
798.99
798.99
798.99
798.99
798.346
798.346
798.346
798.346
798.346
798.999
798.999
798.999
798.999
798.999
798.851
798.851
798.851
798.851
798.851
797.962
797.962
797.962
797.962
797.962
798.312
798.312
798.312
798.312
798.312
798.083
798.083
798.083
798.083
798.083
797.465
797.465
797.465
797.465
797.465
798.953
798.953
798.953
798.953
798.953
798.069
798.069
798.069
798.069
798.069
797.643
797.643
797.643
797.643
797.643
798.969
798.969
798.969
798.969
798.969
798.207
798.207
798.207
798.207
798.207
797.112
797.112
797.112
797.112
797.112
797.486
797.486
797.486
797.486
797.486
798.246
798.246
798.246
798.246
798.246
797.473
797.473
797.473
797.473
797.473
797.441
797.441
797.441
797.441
797.441
798.872
798.872
798.872
798.872
798.872
798.673
798.673
798.673
798.673
798.673
798.172
798.172
798.172
798.172
798.172
798.452
798.452
798.452
798.452
798.452
797.529
797.529
797.529
797.529
797.529
796.999
796.999
796.999
796.999
796.999
798.687
798.687
798.687
798.687
798.687
798.278
798.278
798.278
798.278
798.278
797.814
797.814
797.814
797.814
797.814
798.499
798.499
798.499
798.499
798.499
797.677
797.677
797.677
797.677
797.677
797.455
797.455
797.455
797.455
797.455
798.719
798.719
798.719
798.719
798.719
797.849
797.849
797.849
797.849
797.849
797.484
797.484
797.484
797.484
797.484
798.953
798.953
798.953
798.953
798.953
798.198
798.198
798.198
798.198
798.198
797.551
797.551
797.551
797.551
797.551
798.996
798.996
798.996
798.996
798.996
798.183
798.183
798.183
798.183
798.183
797.701
797.701
797.701
797.701
797.701
798.865
798.865
798.865
798.865
798.865
797.871
797.871
797.871
797.871
797.871
797.14
797.14
797.14
797.14
797.14
799
799
799
799
799
798.185
798.185
798.185
798.185
798.185
799
799
799
799
799
798.812
798.812
798.812
798.812
798.812
798.527
798.527
798.527
798.527
798.527
798.5
798.5
798.5
798.5
798.5
797.55
797.55
797.55
797.55
797.55
797.29
797.29
797.29
797.29
797.29
798.968
798.968
798.968
798.968
798.968
798.951
798.951
798.951
798.951
798.951
798.149
798.149
798.149
798.149
798.149
798.838
798.838
798.838
798.838
798.838
798.458
798.458
798.458
798.458
798.458
797.723
797.723
797.723
797.723
797.723
797.323
797.323
797.323
797.323
797.323
798.723
798.723
798.723
798.723
798.723
798.121
798.121
798.121
798.121
798.121
797.866
797.866
797.866
797.866
797.866
798.499
798.499
798.499
798.499
798.499
797.958
797.958
797.958
797.958
797.958
797.349
797.349
797.349
797.349
797.349
798.686
798.686
798.686
798.686
798.686
797.633
797.633
797.633
797.633
797.633
798.613
798.613
798.613
798.613
798.613
798.185
798.185
798.185
798.185
798.185
797.361
797.361
797.361
797.361
797.361
796.493
796.493
796.493
796.493
796.493
798.996
798.996
798.996
798.996
798.996
798.99
798.99
798.99
798.99
798.99
798.628
798.628
798.628
798.628
798.628
799
799
799
799
799
798.734
798.734
798.734
798.734
798.734
798.856
798.856
798.856
798.856
798.856
798.797
798.797
798.797
798.797
798.797
798.201
798.201
798.201
798.201
798.201
798.969
798.969
798.969
798.969
798.969
798.798
798.798
798.798
798.798
798.798
798.608
798.608
798.608
798.608
798.608
797.567
797.567
797.567
797.567
797.567
798.984
798.984
798.984
798.984
798.984
798.654
798.654
798.654
798.654
798.654
798.222
798.222
798.222
798.222
798.222
798.867
798.867
798.867
798.867
798.867
798.4
798.4
798.4
798.4
798.4
797.671
797.671
797.671
797.671
797.671
798.687
798.687
798.687
798.687
798.687
798.687
798.687
798.687
798.687
798.687
797.611
797.611
797.611
797.611
797.611
798.719
798.719
798.719
798.719
798.719
797.921
797.921
797.921
797.921
797.921
797.238
797.238
797.238
797.238
797.238
798.982
798.982
798.982
798.982
798.982
797.558
797.558
797.558
797.558
797.558
798.469
798.469
798.469
798.469
798.469
798.405
798.405
798.405
798.405
798.405
797.693
797.693
797.693
797.693
797.693
797.293
797.293
797.293
797.293
797.293
798.742
798.742
798.742
798.742
798.742
798.472
798.472
798.472
798.472
798.472
797.437
797.437
797.437
797.437
797.437
798.707
798.707
798.707
798.707
798.707
798.64
798.64
798.64
798.64
798.64
798.592
798.592
798.592
798.592
798.592
798.983
798.983
798.983
798.983
798.983
798.711
798.711
798.711
798.711
798.711
798.48
798.48
798.48
798.48
798.48
797.813
797.813
797.813
797.813
797.813
797.769
797.769
797.769
797.769
797.769
797.743
797.743
797.743
797.743
797.743
798.249
798.249
798.249
798.249
798.249
798.183
798.183
798.183
798.183
798.183
798.98
798.98
798.98
798.98
798.98
798.454
798.454
798.454
798.454
798.454
797
797
797
797
797
798.937
798.937
798.937
798.937
798.937
798.936
798.936
798.936
798.936
798.936
798.469
798.469
798.469
798.469
798.469
797.972
797.972
797.972
797.972
797.972
798.99
798.99
798.99
798.99
798.99
798.924
798.924
798.924
798.924
798.924
798.423
798.423
798.423
798.423
798.423
798.836
798.836
798.836
798.836
798.836
798.679
798.679
798.679
798.679
798.679
797.698
797.698
797.698
797.698
797.698
798.969
798.969
798.969
798.969
798.969
798.718
798.718
798.718
798.718
798.718
798.999
798.999
798.999
798.999
798.999
798.421
798.421
798.421
798.421
798.421
798.385
798.385
798.385
798.385
798.385
797.933
797.933
797.933
797.933
797.933
798.231
798.231
798.231
798.231
798.231
798.349
798.349
798.349
798.349
798.349
797.347
797.347
797.347
797.347
797.347
798.992
798.992
798.992
798.992
798.992
798.367
798.367
798.367
798.367
798.367
798.968
798.968
798.968
798.968
798.968
798.459
798.459
798.459
798.459
798.459
798.382
798.382
798.382
798.382
798.382
798.748
798.748
798.748
798.748
798.748
798.621
798.621
798.621
798.621
798.621
798.069
798.069
798.069
798.069
798.069
798.158
798.158
798.158
798.158
798.158
798.984
798.984
798.984
798.984
798.984
798.42
798.42
798.42
798.42
798.42
798.969
798.969
798.969
798.969
798.969
798.996
798.996
798.996
798.996
798.996
798.94
798.94
798.94
798.94
798.94
798.734
798.734
798.734
798.734
798.734
798.358
798.358
798.358
798.358
798.358
798.26
798.26
798.26
798.26
798.26
798.256
798.256
798.256
798.256
798.256
799
799
799
799
799
798.749
798.749
798.749
798.749
798.749
798.272
798.272
798.272
798.272
798.272
798.998
798.998
798.998
798.998
798.998
798.87
798.87
798.87
798.87
798.87
799
799
799
799
799
798.949
798.949
798.949
798.949
798.949
797.95
797.95
797.95
797.95
797.95
798.996
798.996
798.996
798.996
798.996
798.981
798.981
798.981
798.981
798.981
798.569
798.569
798.569
798.569
798.569
797.524
797.524
797.524
797.524
797.524
798.499
798.499
798.499
798.499
798.499
798.151
798.151
798.151
798.151
798.151
799
799
799
799
799
798.624
798.624
798.624
798.624
798.624
798.12
798.12
798.12
798.12
798.12
797.919
797.919
797.919
797.919
797.919
797.996
797.996
797.996
797.996
797.996
797.486
797.486
797.486
797.486
797.486
798.493
798.493
798.493
798.493
798.493
799
799
799
799
799
798.965
798.965
798.965
798.965
798.965
798.689
798.689
798.689
798.689
798.689
799
799
799
799
799
798.5
798.5
798.5
798.5
798.5
798.969
798.969
798.969
798.969
798.969
798.932
798.932
798.932
798.932
798.932
798.431
798.431
798.431
798.431
798.431
798.624
798.624
798.624
798.624
798.624
798.312
798.312
798.312
798.312
798.312
798.186
798.186
798.186
798.186
798.186
797.71
797.71
797.71
797.71
797.71
798.5
798.5
798.5
798.5
798.5
798.463
798.463
798.463
798.463
798.463
798.213
798.213
798.213
798.213
798.213
799
799
799
799
799
798.492
798.492
798.492
798.492
798.492
798.228
798.228
798.228
798.228
798.228
799
799
799
799
799
798.995
798.995
798.995
798.995
798.995
798.396
798.396
798.396
798.396
798.396
798.984
798.984
798.984
798.984
798.984
798.98
798.98
798.98
798.98
798.98
798.478
798.478
798.478
798.478
798.478
798.789
798.789
798.789
798.789
798.789
798.265
798.265
798.265
798.265
798.265
798.875
798.875
798.875
798.875
798.875
798.375
798.375
798.375
798.375
798.375
798.222
798.222
798.222
798.222
798.222
797.97
797.97
797.97
797.97
797.97
799
799
799
799
799
798.625
798.625
798.625
798.625
798.625
799
799
799
799
799
798.296
798.296
798.296
798.296
798.296
797.787
797.787
797.787
797.787
797.787
798.813
798.813
798.813
798.813
798.813
798.25
798.25
798.25
798.25
798.25
797.937
797.937
797.937
797.937
797.937
797.893
797.893
797.893
797.893
797.893
799
799
799
799
799
798.994
798.994
798.994
798.994
798.994
799
799
799
799
799
798.982
798.982
798.982
798.982
798.982
798.861
798.861
798.861
798.861
798.861
798.938
798.938
798.938
798.938
798.938
797.906
797.906
797.906
797.906
797.906
798.421
798.421
798.421
798.421
798.421
799
799
799
799
799
798.864
798.864
798.864
798.864
798.864
798.199
798.199
798.199
798.199
798.199
799
799
799
799
799
798.687
798.687
798.687
798.687
798.687
798.587
798.587
798.587
798.587
798.587
798.468
798.468
798.468
798.468
798.468
798.871
798.871
798.871
798.871
798.871
798.742
798.742
798.742
798.742
798.742
799
799
799
799
799
798.234
798.234
798.234
798.234
798.234
797.326
797.326
797.326
797.326
797.326
798.5
798.5
798.5
798.5
798.5
798.866
798.866
798.866
798.866
798.866
798.24
798.24
798.24
798.24
798.24
797.145
797.145
797.145
797.145
797.145
798.969
798.969
798.969
798.969
798.969
798.953
798.953
798.953
798.953
798.953
797.797
797.797
797.797
797.797
797.797
799
799
799
799
799
798.375
798.375
798.375
798.375
798.375
798.708
798.708
798.708
798.708
798.708
799
799
799
799
799
798.5
798.5
798.5
798.5
798.5
798.484
798.484
798.484
798.484
798.484
798.999
798.999
798.999
798.999
798.999
798.235
798.235
798.235
798.235
798.235
798.75
798.75
798.75
798.75
798.75
799
799
799
799
799
798.077
798.077
798.077
798.077
798.077
799
799
799
799
799
798.996
798.996
798.996
798.996
798.996
798.966
798.966
798.966
798.966
798.966
798.822
798.822
798.822
798.822
798.822
798.996
798.996
798.996
798.996
798.996
798.998
798.998
798.998
798.998
798.998
799
799
799
799
799
798.683
798.683
798.683
798.683
798.683
798.147
798.147
798.147
798.147
798.147
798.019
798.019
798.019
798.019
798.019
798.75
798.75
798.75
798.75
798.75
798.467
798.467
798.467
798.467
798.467
798.992
798.992
798.992
798.992
798.992
798.473
798.473
798.473
798.473
798.473
798.71
798.71
798.71
798.71
798.71
799
799
799
799
799
798.964
798.964
798.964
798.964
798.964
798.431
798.431
798.431
798.431
798.431
799
799
799
799
799
798.75
798.75
798.75
798.75
798.75
798.669
798.669
798.669
798.669
798.669
798.875
798.875
798.875
798.875
798.875
798.812
798.812
798.812
798.812
798.812
798.788
798.788
798.788
798.788
798.788
798.859
798.859
798.859
798.859
798.859
798.687
798.687
798.687
798.687
798.687
798.185
798.185
798.185
798.185
798.185
799
799
799
799
799
798.931
798.931
798.931
798.931
798.931
798.942
798.942
798.942
798.942
798.942
798.804
798.804
798.804
798.804
798.804
798.75
798.75
798.75
798.75
798.75
798.749
798.749
798.749
798.749
798.749
798.935
798.935
798.935
798.935
798.935
798.932
798.932
798.932
798.932
798.932
798.293
798.293
798.293
798.293
798.293
798.934
798.934
798.934
798.934
798.934
798.869
798.869
798.869
798.869
798.869
797.823
797.823
797.823
797.823
797.823
798.315
798.315
798.315
798.315
798.315
799
799
799
799
799
798.992
798.992
798.992
798.992
798.992
798.373
798.373
798.373
798.373
798.373
798.375
798.375
798.375
798.375
798.375
797.619
797.619
797.619
797.619
797.619
799
799
799
799
799
798.999
798.999
798.999
798.999
798.999
798.751
798.751
798.751
798.751
798.751
799
799
799
799
799
798.84
798.84
798.84
798.84
798.84
797.554
797.554
797.554
797.554
797.554
798.28
798.28
798.28
798.28
798.28
798.965
798.965
798.965
798.965
798.965
798.968
798.968
798.968
798.968
798.968
798.855
798.855
798.855
798.855
798.855
799
799
799
799
799
798.991
798.991
798.991
798.991
798.991
798.981
798.981
798.981
798.981
798.981
798.999
798.999
798.999
798.999
798.999
798.426
798.426
798.426
798.426
798.426
799
799
799
799
799
798.125
798.125
798.125
798.125
798.125
798.164
798.164
798.164
798.164
798.164
797.52
797.52
797.52
797.52
797.52
799
799
799
799
799
798.998
798.998
798.998
798.998
798.998
798.46
798.46
798.46
798.46
798.46
799
799
799
799
799
798.859
798.859
798.859
798.859
798.859
798.39
798.39
798.39
798.39
798.39
799
799
799
799
799
798.492
798.492
798.492
798.492
798.492
798.5
798.5
798.5
798.5
798.5
797.958
797.958
797.958
797.958
797.958
798.212
798.212
798.212
798.212
798.212
798.991
798.991
798.991
798.991
798.991
798.468
798.468
798.468
798.468
798.468
798.183
798.183
798.183
798.183
798.183
798.999
798.999
798.999
798.999
798.999
798.948
798.948
798.948
798.948
798.948
798.723
798.723
798.723
798.723
798.723
798.022
798.022
798.022
798.022
798.022
799
799
799
799
799
798.352
798.352
798.352
798.352
798.352
799
799
799
799
799
798.875
798.875
798.875
798.875
798.875
797.998
797.998
797.998
797.998
797.998
799
799
799
799
799
798.875
798.875
798.875
798.875
798.875
798.872
798.872
798.872
798.872
798.872
799
799
799
799
799
799
799
799
799
799
798.933
798.933
798.933
798.933
798.933
799
799
799
799
799
798.995
798.995
798.995
798.995
798.995
798.997
798.997
798.997
798.997
798.997
798.947
798.947
798.947
798.947
798.947
799
799
799
799
799
798.873
798.873
798.873
798.873
798.873
798.93
798.93
798.93
798.93
798.93
798.933
798.933
798.933
798.933
798.933
798.495
798.495
798.495
798.495
798.495
799
799
799
799
799
799
799
799
799
799
798.576
798.576
798.576
798.576
798.576
798.969
798.969
798.969
798.969
798.969
798.968
798.968
798.968
798.968
798.968
798.559
798.559
798.559
798.559
798.559
798.996
798.996
798.996
798.996
798.996
798.996
798.996
798.996
798.996
798.996
798.113
798.113
798.113
798.113
798.113
798.5
798.5
798.5
798.5
798.5
798.467
798.467
798.467
798.467
798.467
798.182
798.182
798.182
798.182
798.182
799
799
799
799
799
798.998
798.998
798.998
798.998
798.998
798.897
798.897
798.897
798.897
798.897
798.926
798.926
798.926
798.926
798.926
799
799
799
799
799
798.875
798.875
798.875
798.875
798.875
798.874
798.874
798.874
798.874
798.874
798.484
798.484
798.484
798.484
798.484
798.469
798.469
798.469
798.469
798.469
799
799
799
799
799
799
799
799
799
799
798.891
798.891
798.891
798.891
798.891
798.436
798.436
798.436
798.436
798.436
799
799
799
799
799
798.25
798.25
798.25
798.25
798.25
798.168
798.168
798.168
798.168
798.168
799
799
799
799
799
798.937
798.937
798.937
798.937
798.937
799
799
799
799
799
798.906
798.906
798.906
798.906
798.906
798.889
798.889
798.889
798.889
798.889
798.639
798.639
798.639
798.639
798.639
799
799
799
799
799
0
