0
0
0
0
772.042
772.042
772.042
772.042
772.042
782.096
782.096
782.096
782.096
782.096
758.213
758.213
758.213
758.213
758.213
789.595
789.595
789.595
789.595
789.595
762.453
762.453
762.453
762.453
762.453
774.23
774.23
774.23
774.23
774.23
777.01
777.01
777.01
777.01
777.01
767.382
767.382
767.382
767.382
767.382
765.522
765.522
765.522
765.522
765.522
783.945
783.945
783.945
783.945
783.945
789.438
789.438
789.438
789.438
789.438
782.83
782.83
782.83
782.83
782.83
795.426
795.426
795.426
795.426
795.426
794.23
794.23
794.23
794.23
794.23
790.347
790.347
790.347
790.347
790.347
796.684
796.684
796.684
796.684
796.684
795.047
795.047
795.047
795.047
795.047
793.896
793.896
793.896
793.896
793.896
795.943
795.943
795.943
795.943
795.943
793.971
793.971
793.971
793.971
793.971
792.664
792.664
792.664
792.664
792.664
794.923
794.923
794.923
794.923
794.923
794.02
794.02
794.02
794.02
794.02
791.113
791.113
791.113
791.113
791.113
795.621
795.621
795.621
795.621
795.621
794.911
794.911
794.911
794.911
794.911
793.496
793.496
793.496
793.496
793.496
796.172
796.172
796.172
796.172
796.172
795.718
795.718
795.718
795.718
795.718
794.337
794.337
794.337
794.337
794.337
797.334
797.334
797.334
797.334
797.334
796.089
796.089
796.089
796.089
796.089
791.816
791.816
791.816
791.816
791.816
797.276
797.276
797.276
797.276
797.276
797.742
797.742
797.742
797.742
797.742
793.679
793.679
793.679
793.679
793.679
798.037
798.037
798.037
798.037
798.037
795.754
795.754
795.754
795.754
795.754
796.534
796.534
796.534
796.534
796.534
796.29
796.29
796.29
796.29
796.29
796.28
796.28
796.28
796.28
796.28
794.215
794.215
794.215
794.215
794.215
797.367
797.367
797.367
797.367
797.367
796.564
796.564
796.564
796.564
796.564
796.88
796.88
796.88
796.88
796.88
797.877
797.877
797.877
797.877
797.877
796.204
796.204
796.204
796.204
796.204
794.907
794.907
794.907
794.907
794.907
798.61
798.61
798.61
798.61
798.61
797.773
797.773
797.773
797.773
797.773
796.35
796.35
796.35
796.35
796.35
797.701
797.701
797.701
797.701
797.701
796.48
796.48
796.48
796.48
796.48
795.656
795.656
795.656
795.656
795.656
797.708
797.708
797.708
797.708
797.708
795.745
795.745
795.745
795.745
795.745
795.931
795.931
795.931
795.931
795.931
798.02
798.02
798.02
798.02
798.02
797.396
797.396
797.396
797.396
797.396
796.292
796.292
796.292
796.292
796.292
797.375
797.375
797.375
797.375
797.375
796.748
796.748
796.748
796.748
796.748
796.8
796.8
796.8
796.8
796.8
798.664
798.664
798.664
798.664
798.664
798.337
798.337
798.337
798.337
798.337
798.471
798.471
798.471
798.471
798.471
796.632
796.632
796.632
796.632
796.632
795.752
795.752
795.752
795.752
795.752
795.199
795.199
795.199
795.199
795.199
798.974
798.974
798.974
798.974
798.974
798.447
798.447
798.447
798.447
798.447
797.511
797.511
797.511
797.511
797.511
798.843
798.843
798.843
798.843
798.843
798.162
798.162
798.162
798.162
798.162
797.872
797.872
797.872
797.872
797.872
798.967
798.967
798.967
798.967
798.967
798.705
798.705
798.705
798.705
798.705
798.296
798.296
798.296
798.296
798.296
798.865
798.865
798.865
798.865
798.865
798.237
798.237
798.237
798.237
798.237
797.234
797.234
797.234
797.234
797.234
798.435
798.435
798.435
798.435
798.435
798.363
798.363
798.363
798.363
798.363
797.303
797.303
797.303
797.303
797.303
798.625
798.625
798.625
798.625
798.625
797.145
797.145
797.145
797.145
797.145
797.069
797.069
797.069
797.069
797.069
798.187
798.187
798.187
798.187
798.187
797.822
797.822
797.822
797.822
797.822
798.036
798.036
798.036
798.036
798.036
798.187
798.187
798.187
798.187
798.187
797.64
797.64
797.64
797.64
797.64
797.611
797.611
797.611
797.611
797.611
798.984
798.984
798.984
798.984
798.984
798.099
798.099
798.099
798.099
798.099
797.379
797.379
797.379
797.379
797.379
798.969
798.969
798.969
798.969
798.969
798.614
798.614
798.614
798.614
798.614
797.879
797.879
797.879
797.879
797.879
798.999
798.999
798.999
798.999
798.999
798.562
798.562
798.562
798.562
798.562
796.974
796.974
796.974
796.974
796.974
798.926
798.926
798.926
798.926
798.926
798.479
798.479
798.479
798.479
798.479
798.195
798.195
798.195
798.195
798.195
798.406
798.406
798.406
798.406
798.406
797.887
797.887
797.887
797.887
797.887
797.331
797.331
797.331
797.331
797.331
798.928
798.928
798.928
798.928
798.928
798.676
798.676
798.676
798.676
798.676
798.41
798.41
798.41
798.41
798.41
798.484
798.484
798.484
798.484
798.484
797.353
797.353
797.353
797.353
797.353
796.595
796.595
796.595
796.595
796.595
798.726
798.726
798.726
798.726
798.726
798.067
798.067
798.067
798.067
798.067
797.066
797.066
797.066
797.066
797.066
798.968
798.968
798.968
798.968
798.968
798.945
798.945
798.945
798.945
798.945
798.148
798.148
798.148
798.148
798.148
798.933
798.933
798.933
798.933
798.933
798.866
798.866
798.866
798.866
798.866
796.986
796.986
796.986
796.986
796.986
798.982
798.982
798.982
798.982
798.982
798.71
798.71
798.71
798.71
798.71
798.078
798.078
798.078
798.078
798.078
798.898
798.898
798.898
798.898
798.898
797.709
797.709
797.709
797.709
797.709
797.567
797.567
797.567
797.567
797.567
798.498
798.498
798.498
798.498
798.498
798.433
798.433
798.433
798.433
798.433
798.288
798.288
798.288
798.288
798.288
798.989
798.989
798.989
798.989
798.989
798.712
798.712
798.712
798.712
798.712
798.101
798.101
798.101
798.101
798.101
798.469
798.469
798.469
798.469
798.469
798.961
798.961
798.961
798.961
798.961
797.981
797.981
797.981
797.981
797.981
799
799
799
799
799
798.99
798.99
798.99
798.99
798.99
798.993
798.993
798.993
798.993
798.993
798.984
798.984
798.984
798.984
798.984
798.933
798.933
798.933
798.933
798.933
798.171
798.171
798.171
798.171
798.171
798.494
798.494
798.494
798.494
798.494
798.408
798.408
798.408
798.408
798.408
797.971
797.971
797.971
797.971
797.971
799
799
799
799
799
798.995
798.995
798.995
798.995
798.995
798.244
798.244
798.244
798.244
798.244
798.437
798.437
798.437
798.437
798.437
797.953
797.953
797.953
797.953
797.953
798.446
798.446
798.446
798.446
798.446
799
799
799
799
799
798.456
798.456
798.456
798.456
798.456
797.876
797.876
797.876
797.876
797.876
799
799
799
799
799
798.949
798.949
798.949
798.949
798.949
798.459
798.459
798.459
798.459
798.459
798.992
798.992
798.992
798.992
798.992
798.991
798.991
798.991
798.991
798.991
798.446
798.446
798.446
798.446
798.446
799
799
799
799
799
798.468
798.468
798.468
798.468
798.468
798.568
798.568
798.568
798.568
798.568
799
799
799
799
799
798.9
798.9
798.9
798.9
798.9
798.643
798.643
798.643
798.643
798.643
798.93
798.93
798.93
798.93
798.93
798.687
798.687
798.687
798.687
798.687
798.866
798.866
798.866
798.866
798.866
799
799
799
799
799
798.5
798.5
798.5
798.5
798.5
798.49
798.49
798.49
798.49
798.49
799
799
799
799
799
798.687
798.687
798.687
798.687
798.687
798.708
798.708
798.708
798.708
798.708
798.998
798.998
798.998
798.998
798.998
798.988
798.988
798.988
798.988
798.988
798.99
798.99
798.99
798.99
798.99
798.969
798.969
798.969
798.969
798.969
798.906
798.906
798.906
798.906
798.906
798.616
798.616
798.616
798.616
798.616
798.484
798.484
798.484
798.484
798.484
798.468
798.468
798.468
798.468
798.468
797.811
797.811
797.811
797.811
797.811
799
799
799
799
799
798.961
798.961
798.961
798.961
798.961
798.899
798.899
798.899
798.899
798.899
799
799
799
799
799
798.905
798.905
798.905
798.905
798.905
798.668
798.668
798.668
798.668
798.668
798.875
798.875
798.875
798.875
798.875
798.5
798.5
798.5
798.5
798.5
798.717
798.717
798.717
798.717
798.717
798.992
798.992
798.992
798.992
798.992
798.984
798.984
798.984
798.984
798.984
798.498
798.498
798.498
798.498
798.498
799
799
799
799
799
799
799
799
799
799
798.999
798.999
798.999
798.999
798.999
798.5
798.5
798.5
798.5
798.5
798.219
798.219
798.219
798.219
798.219
797.436
797.436
797.436
797.436
797.436
799
799
799
799
799
798.719
798.719
798.719
798.719
798.719
798.46
798.46
798.46
798.46
798.46
799
799
799
799
799
798.25
798.25
798.25
798.25
798.25
797.681
797.681
797.681
797.681
797.681
798.984
798.984
798.984
798.984
798.984
798.015
798.015
798.015
798.015
798.015
798.03
798.03
798.03
798.03
798.03
799
799
799
799
799
799
799
799
799
799
798.343
798.343
798.343
798.343
798.343
799
799
799
799
799
798.5
798.5
798.5
798.5
798.5
798.199
798.199
798.199
798.199
798.199
798.992
798.992
798.992
798.992
798.992
798.75
798.75
798.75
798.75
798.75
798.802
798.802
798.802
798.802
798.802
799
799
799
799
799
798.875
798.875
798.875
798.875
798.875
798.272
798.272
798.272
798.272
798.272
799
799
799
799
799
799
799
799
799
799
798.989
798.989
798.989
798.989
798.989
799
799
799
799
799
798.937
798.937
798.937
798.937
798.937
798.917
798.917
798.917
798.917
798.917
799
799
799
799
799
798.976
798.976
798.976
798.976
798.976
798.695
798.695
798.695
798.695
798.695
799
799
799
799
799
798.617
798.617
798.617
798.617
798.617
798.417
798.417
798.417
798.417
798.417
799
799
799
799
799
798.995
798.995
798.995
798.995
798.995
798.745
798.745
798.745
798.745
798.745
799
799
799
799
799
798.812
798.812
798.812
798.812
798.812
798.686
798.686
798.686
798.686
798.686
799
799
799
799
799
798.742
798.742
798.742
798.742
798.742
798.728
798.728
798.728
798.728
798.728
799
799
799
799
799
798.999
798.999
798.999
798.999
798.999
798.811
798.811
798.811
798.811
798.811
798.5
798.5
798.5
798.5
798.5
798.484
798.484
798.484
798.484
798.484
797.623
797.623
797.623
797.623
797.623
799
799
799
799
799
799
799
799
799
799
798.847
798.847
798.847
798.847
798.847
799
799
799
799
799
798.984
798.984
798.984
798.984
798.984
798.98
798.98
798.98
798.98
798.98
798.5
798.5
798.5
798.5
798.5
798.969
798.969
798.969
798.969
798.969
798.481
798.481
798.481
798.481
798.481
799
799
799
799
799
799
799
799
799
799
798.496
798.496
798.496
798.496
798.496
799
799
799
799
799
798.984
798.984
798.984
798.984
798.984
798.844
798.844
798.844
798.844
798.844
799
799
799
799
799
798.967
798.967
798.967
798.967
798.967
798.433
798.433
798.433
798.433
798.433
798.992
798.992
798.992
798.992
798.992
798.617
798.617
798.617
798.617
798.617
798.364
798.364
798.364
798.364
798.364
799
799
799
799
799
799
799
799
799
799
798.937
798.937
798.937
798.937
798.937
799
799
799
799
799
799
799
799
799
799
798.969
798.969
798.969
798.969
798.969
799
799
799
799
799
798.748
798.748
798.748
798.748
798.748
798.75
798.75
798.75
798.75
798.75
799
799
799
799
799
798.499
798.499
798.499
798.499
798.499
798.499
798.499
798.499
798.499
798.499
799
799
799
799
799
799
799
799
799
799
798.999
798.999
798.999
798.999
798.999
799
799
799
799
799
799
799
799
799
799
798.491
798.491
798.491
798.491
798.491
799
799
799
799
799
798.5
798.5
798.5
798.5
798.5
798.748
798.748
798.748
798.748
798.748
799
799
799
799
799
799
799
799
799
799
799
799
799
799
799
799
799
799
799
799
798.437
798.437
798.437
798.437
798.437
798.406
798.406
798.406
798.406
798.406
799
799
799
799
799
799
799
799
799
799
798.449
798.449
798.449
798.449
798.449
799
799
799
799
799
799
799
799
799
799
798.999
798.999
798.999
798.999
798.999
798.992
798.992
798.992
798.992
798.992
798.988
798.988
798.988
798.988
798.988
798.477
798.477
798.477
798.477
798.477
799
799
799
799
799
798.871
798.871
798.871
798.871
798.871
798.734
798.734
798.734
798.734
798.734
799
799
799
799
799
798.875
798.875
798.875
798.875
798.875
798.375
798.375
798.375
798.375
798.375
799
799
799
799
799
799
799
799
799
799
798.812
798.812
798.812
798.812
798.812
799
799
799
799
799
798.984
798.984
798.984
798.984
798.984
798.967
798.967
798.967
798.967
798.967
799
799
799
799
799
798.719
798.719
798.719
798.719
798.719
798.718
798.718
798.718
798.718
798.718
799
799
799
799
799
799
799
799
799
799
798.875
798.875
798.875
798.875
798.875
799
799
799
799
799
798.5
798.5
798.5
798.5
798.5
798.492
798.492
798.492
798.492
798.492
799
799
799
799
799
799
799
799
799
799
798.875
798.875
798.875
798.875
798.875
799
799
799
799
799
799
799
799
799
799
798.5
798.5
798.5
798.5
798.5
799
799
799
799
799
798.749
798.749
798.749
798.749
798.749
798.249
798.249
798.249
798.249
798.249
799
799
799
799
799
798.992
798.992
798.992
798.992
798.992
798.998
798.998
798.998
798.998
798.998
799
799
799
799
799
799
799
799
799
799
799
799
799
799
799
799
799
799
799
799
798.996
798.996
798.996
798.996
798.996
798.996
798.996
798.996
798.996
798.996
799
799
799
799
799
799
799
799
799
799
798.992
798.992
798.992
798.992
798.992
799
799
799
799
799
798.749
798.749
798.749
798.749
798.749
798.812
798.812
798.812
798.812
798.812
799
799
799
799
799
799
799
799
799
799
798.934
798.934
798.934
798.934
798.934
799
799
799
799
799
799
799
799
799
799
799
799
799
799
799
799
799
799
799
799
798.998
798.998
798.998
798.998
798.998
798.998
798.998
798.998
798.998
798.998
799
799
799
799
799
798.875
798.875
798.875
798.875
798.875
798.375
798.375
798.375
798.375
798.375
799
799
799
799
799
798.999
798.999
798.999
798.999
798.999
798.981
798.981
798.981
798.981
798.981
799
799
799
799
799
798.991
798.991
798.991
798.991
798.991
798.873
798.873
798.873
798.873
798.873
799
799
799
799
799
799
799
799
799
799
798.999
798.999
798.999
798.999
798.999
799
799
799
799
799
799
799
799
799
799
799
799
799
799
799
799
799
799
799
799
799
799
799
799
799
798.992
798.992
798.992
798.992
798.992
799
799
799
799
799
798.996
798.996
798.996
798.996
798.996
798.742
798.742
798.742
798.742
798.742
799
799
799
799
799
798.875
798.875
798.875
798.875
798.875
798.851
798.851
798.851
798.851
798.851
799
799
799
799
799
799
799
799
799
799
798.875
798.875
798.875
798.875
798.875
799
799
799
799
799
799
799
799
799
799
799
799
799
799
799
799
799
799
799
799
798.875
798.875
798.875
798.875
798.875
798.75
798.75
798.75
798.75
798.75
799
799
799
799
799
799
799
799
799
799
799
799
799
799
799
799
799
799
799
799
799
799
799
799
799
798.999
798.999
798.999
798.999
798.999
799
799
799
799
799
799
799
799
799
799
799
799
799
799
799
799
799
799
799
799
799
799
799
799
799
799
799
799
799
799
799
799
799
799
799
799
799
799
799
799
798.75
798.75
798.75
798.75
798.75
799
799
799
799
799
799
799
799
799
799
799
799
799
799
799
799
799
799
799
799
799
799
799
799
799
798.875
798.875
798.875
798.875
798.875
798.938
798.938
798.938
798.938
798.938
798.875
798.875
798.875
798.875
798.875
798.875
798.875
798.875
798.875
798.875
799
799
799
799
799
799
799
799
799
799
799
799
799
799
799
799
799
799
799
799
798.992
798.992
798.992
798.992
798.992
798.488
798.488
798.488
798.488
798.488
799
799
799
799
799
799
799
799
799
799
798.5
798.5
798.5
798.5
798.5
799
799
799
799
799
799
799
799
799
799
798.75
798.75
798.75
798.75
798.75
799
799
799
799
799
798.875
798.875
798.875
798.875
798.875
798.866
798.866
798.866
798.866
798.866
799
799
799
799
799
799
799
799
799
799
799
799
799
799
799
799
799
799
799
799
799
799
799
799
799
799
799
799
799
799
799
799
799
799
799
799
799
799
799
799
799
799
799
799
799
799
799
799
799
799
799
799
799
799
799
799
799
799
799
799
799
799
799
799
799
799
799
799
799
799
799
799
799
799
799
799
799
799
799
799
799
799
799
799
799
799
799
799
799
799
799
799
799
799
799
799
799
799
799
799
798.75
798.75
798.75
798.75
798.75
798.969
798.969
798.969
798.969
798.969
798.969
798.969
798.969
798.969
798.969
798.977
798.977
798.977
798.977
798.977
799
799
799
799
799
799
799
799
799
799
799
799
799
799
799
798.992
798.992
798.992
798.992
798.992
798.992
798.992
798.992
798.992
798.992
798.871
798.871
798.871
798.871
798.871
799
799
799
799
799
799
799
799
799
799
799
799
799
799
799
799
799
799
799
799
799
799
799
799
799
798.988
798.988
798.988
798.988
798.988
799
799
799
799
799
799
799
799
799
799
799
799
799
799
799
799
799
799
799
799
799
799
799
799
799
799
799
799
799
799
799
799
799
799
799
799
799
799
799
799
799
799
799
799
799
799
799
799
799
799
799
799
799
799
799
799
799
799
799
799
799
799
799
799
799
798.999
798.999
798.999
798.999
798.999
798.999
798.999
798.999
798.999
798.999
799
799
799
799
799
799
799
799
799
799
799
799
799
799
799
799
799
799
799
799
799
799
799
799
799
799
799
799
799
799
799
799
799
799
799
799
799
799
799
799
799
799
799
799
799
799
799
799
799
799
799
799
799
799
799
798.996
798.996
798.996
798.996
798.996
799
799
799
799
799
799
799
799
799
799
799
799
799
799
799
799
799
799
799
799
799
799
799
799
799
799
799
799
799
799
799
799
799
799
799
799
799
799
799
799
799
799
799
799
799
799
799
799
799
799
799
799
799
799
799
799
799
799
799
799
799
799
799
799
799
799
799
799
799
799
799
799
799
799
799
799
799
799
799
799
799
799
799
799
799
799
799
799
799
799
799
799
799
799
799
799
799
799
799
799
799
799
799
799
799
799
799
799
799
799
798.875
798.875
798.875
798.875
798.875
798.875
798.875
798.875
798.875
798.875
799
799
799
799
799
799
799
799
799
799
799
799
799
799
799
799
799
799
799
799
799
799
799
799
799
798.992
798.992
798.992
798.992
798.992
799
799
799
799
799
799
799
799
799
799
799
799
799
799
799
799
799
799
799
799
799
799
799
799
799
799
799
799
799
799
799
799
799
799
799
798.938
798.938
798.938
798.938
798.938
798.438
798.438
798.438
798.438
798.438
799
799
799
799
799
799
799
799
799
799
799
799
799
799
799
799
799
799
799
799
799
799
799
799
799
798.996
798.996
798.996
798.996
798.996
799
799
799
799
799
799
799
799
799
799
799
799
799
799
799
799
799
799
799
799
799
799
799
799
799
799
799
799
799
799
799
799
799
799
799
799
799
799
799
799
799
799
799
799
799
799
799
799
799
799
799
799
799
799
799
799
799
799
799
799
799
799
799
799
799
799
799
799
799
799
799
799
799
799
799
799
799
799
799
799
799
799
799
799
799
799
799
799
799
799
799
799
799
799
799
799
799
799
799
799
799
799
799
799
799
799
799
799
799
799
799
799
799
799
799
799
799
799
799
799
799
799
799
799
799
799
799
799
799
799
799
799
799
799
799
799
799
799
799
799
799
799
799
799
799
799
799
799
799
799
799
799
799
799
799
799
799
799
799
799
798.996
798.996
798.996
798.996
798.996
799
799
799
799
799
799
799
799
799
799
799
799
799
799
799
799
799
799
799
799
799
799
799
799
799
799
799
799
799
799
799
799
799
799
799
799
799
799
799
799
799
799
799
799
799
799
799
799
799
799
799
799
799
799
799
798.867
798.867
798.867
798.867
798.867
799
799
799
799
799
799
799
799
799
799
799
799
799
799
799
799
799
799
799
799
799
799
799
799
799
799
799
799
799
799
799
799
799
799
799
799
799
799
799
799
799
799
799
799
799
799
799
799
799
799
799
799
799
799
799
799
799
799
799
799
799
799
799
799
799
799
799
799
799
799
799
799
799
799
799
799
799
799
799
799
799
799
799
799
799
799
799
799
799
799
799
799
799
799
799
799
799
799
799
799
799
799
799
799
799
799
799
799
799
799
799
799
799
799
799
799
799
799
799
799
799
799
799
799
799
799
799
799
799
799
798.75
798.75
798.75
798.75
798.75
799
799
799
799
799
799
799
799
799
799
799
799
799
799
799
799
799
799
799
799
799
799
799
799
799
799
799
799
799
799
799
799
799
799
799
798.996
798.996
798.996
798.996
798.996
798.998
798.998
798.998
798.998
798.998
799
799
799
799
799
799
799
799
799
799
799
799
799
799
799
799
799
799
799
799
799
799
799
799
799
799
799
799
799
799
799
799
799
799
799
799
799
799
799
799
799
799
799
799
799
799
799
799
799
799
799
799
799
799
799
799
799
799
799
799
799
799
799
799
799
799
799
799
799
799
799
799
799
799
799
799
799
799
799
799
799
799
799
799
799
799
799
799
799
799
799
799
799
799
799
799
799
799
799
799
799
799
799
799
799
799
799
799
799
799
799
799
799
799
799
799
799
799
799
799
799
799
799
799
799
799
799
799
799
799
799
799
799
799
799
799
799
799
799
799
799
799
799
799
799
799
799
799
799
799
799
799
799
799
799
799
799
799
799
799
799
799
799
799
799
799
799
799
799
799
799
799
799
799
799
799
799
799
799
799
799
799
799
799
799
799
799
799
799
799
799
799
799
799
799
799
799
799
799
799
799
799
799
799
799
799
799
799
799
799
799
799
799
799
799
799
799
799
799
799
799
799
799
799
799
799
799
799
799
799
799
799
799
799
799
799
799
799
799
799
799
799
799
799
799
799
799
799
799
799
799
799
799
799
799
799
799
799
799
799
799
799
799
799
799
799
799
799
799
799
799
799
799
799
799
799
799
799
799
799
799
799
799
799
799
799
799
799
799
799
799
799
799
799
799
798.992
798.992
798.992
798.992
798.992
799
799
799
799
799
799
799
799
799
799
799
799
799
799
799
799
799
799
799
799
798.75
798.75
798.75
798.75
798.75
798.75
798.75
798.75
798.75
798.75
799
799
799
799
799
799
799
799
799
799
799
799
799
799
799
799
799
799
799
799
799
799
799
799
799
799
799
799
799
799
799
799
799
799
799
799
799
799
799
799
799
799
799
799
799
799
799
799
799
799
799
799
799
799
799
799
799
799
799
799
799
799
799
799
799
799
799
799
799
799
799
799
799
799
799
799
799
799
799
799
799
799
799
799
799
799
799
799
799
799
799
799
799
799
799
799
799
799
799
799
798.999
798.999
798.999
798.999
798.999
799
799
799
799
799
799
799
799
799
799
799
799
799
799
799
799
799
799
799
799
799
799
799
799
799
799
799
799
799
799
799
799
799
799
799
799
799
799
799
799
799
799
799
799
799
799
799
799
799
799
799
799
799
799
799
799
799
799
799
799
799
799
799
799
799
799
799
799
799
799
799
799
799
799
799
799
799
799
799
799
799
799
799
799
799
799
799
799
799
799
799
799
799
799
799
799
799
799
799
799
799
799
799
799
799
799
799
799
799
799
799
799
799
799
799
799
799
799
799
799
799
799
799
799
799
799
799
799
799
799
799
799
799
799
799
799
799
799
799
799
799
799
799
799
799
799
799
799
799
799
799
799
799
799
799
799
799
799
799
799
799
799
799
799
799
799
799
799
799
799
799
799
799
799
799
799
799
799
799
799
799
799
799
799
799
799
799
799
799
799
799
799
799
799
799
799
799
799
799
799
799
799
799
799
799
799
799
799
799
799
799
799
799
799
799
799
799
799
799
799
799
799
799
799
799
799
799
799
799
799
799
799
799
799
799
799
799
799
799
799
799
799
799
799
799
799
799
799
799
799
799
799
799
799
799
799
799
799
799
799
799
799
799
799
799
799
799
799
799
799
799
799
799
799
799
799
799
799
799
799
799
799
799
799
799
799
799
799
799
799
799
799
799
799
799
799
799
799
799
799
799
799
799
799
799
799
799
799
799
799
799
799
799
799
799
799
799
799
799
799
799
799
799
799
799
799
799
799
799
799
799
799
799
799
799
799
799
799
799
799
799
799
799
799
799
799
799
799
799
799
799
799
799
799
799
799
799
799
799
799
799
799
799
799
799
799
799
799
799
799
799
799
799
799
799
799
799
799
799
799
799
799
799
799
799
799
799
799
799
799
799
799
799
799
799
799
799
799
799
799
799
799
799
799
799
799
799
799
799
799
799
799
799
799
799
799
799
799
799
799
799
799
799
799
799
799
799
799
799
799
799
799
799
799
799
799
799
799
799
799
799
799
799
799
799
799
799
799
799
799
799
799
799
799
799
799
799
799
799
799
799
799
799
799
799
799
799
799
799
799
799
799
799
799
799
799
799
799
799
799
799
799
799
799
799
799
799
799
799
799
799
799
799
799
799
799
799
799
799
799
799
799
799
799
799
799
799
799
799
799
799
799
799
799
799
799
799
799
799
799
798.992
798.992
798.992
798.992
798.992
799
799
799
799
799
799
799
799
799
799
799
799
799
799
799
799
799
799
799
799
799
799
799
799
799
799
799
799
799
799
799
799
799
799
799
799
799
799
799
799
799
799
799
799
799
799
799
799
799
799
799
799
799
799
799
799
799
799
799
799
799
799
799
799
799
799
799
799
799
799
799
799
799
799
799
799
799
799
799
799
799
799
799
799
799
799
799
799
799
799
799
799
799
799
799
799
799
799
799
799
799
799
799
799
799
799
799
799
799
799
799
799
799
799
799
799
799
799
799
799
799
799
799
799
799
799
799
799
799
799
799
799
799
799
799
799
799
799
799
799
799
799
799
799
799
799
799
799
799
799
799
799
799
799
799
799
799
799
799
799
799
799
799
799
799
799
799
799
799
799
799
799
799
799
799
799
799
799
799
799
799
799
799
799
799
799
799
799
799
799
799
799
799
799
799
799
799
799
799
799
799
799
799
799
799
799
799
799
799
799
799
799
799
799
799
799
799
799
799
799
799
799
799
799
799
799
799
799
799
799
799
799
799
799
799
799
799
799
799
799
799
799
799
799
799
799
799
799
799
799
799
799
799
799
799
799
799
799
799
799
798.5
798.5
798.5
798.5
798.5
798.5
798.5
798.5
798.5
798.5
799
799
799
799
799
799
799
799
799
799
799
799
799
799
799
799
799
799
799
799
799
799
799
799
799
799
799
799
799
799
799
799
799
799
799
799
799
799
799
799
799
799
799
799
799
799
799
799
799
799
799
799
799
799
799
799
799
799
799
799
799
799
799
799
799
799
799
799
799
799
799
799
799
799
799
799
799
799
799
799
799
799
799
799
799
799
799
799
799
799
799
799
799
799
799
799
799
799
799
799
799
799
799
799
799
799
799
799
799
799
799
799
799
799
799
799
799
799
799
799
799
799
799
799
799
799
799
799
799
799
799
799
799
799
799
799
799
799
799
799
799
799
799
799
799
799
799
799
799
799
799
799
799
799
799
799
799
799
799
799
799
799
799
799
799
799
799
799
799
799
799
799
799
799
799
799
799
799
799
799
799
799
799
799
799
799
799
799
799
799
799
799
799
799
799
799
799
799
799
799
799
799
799
799
799
799
799
799
799
799
799
799
799
799
799
799
799
799
799
799
799
799
799
799
799
799
799
799
799
799
799
799
799
799
799
799
799
799
799
799
799
799
799
799
799
799
799
799
799
799
799
799
799
799
799
799
799
799
799
799
799
799
799
799
799
799
799
799
799
799
799
799
799
799
799
799
799
799
799
799
799
799
799
799
799
799
799
799
799
799
799
799
799
799
799
799
799
799
799
799
799
799
799
799
799
799
799
799
799
799
799
799
799
799
799
799
799
799
799
799
799
799
799
799
799
799
799
799
799
799
799
799
799
799
799
799
799
799
799
799
799
799
799
799
799
799
799
799
799
799
799
799
799
799
799
799
799
799
799
799
799
799
799
799
799
799
799
799
799
799
799
799
799
799
799
799
799
799
799
799
799
799
799
799
799
799
799
799
799
799
799
799
799
799
799
799
799
799
799
799
799
799
799
799
799
799
799
799
799
799
799
799
799
799
799
799
799
799
799
799
799
799
799
799
799
799
799
799
799
799
799
799
799
799
799
799
799
799
799
799
799
799
799
799
799
799
799
799
799
799
799
799
799
799
799
799
799
799
799
799
799
799
799
799
799
799
799
799
799
799
799
799
799
799
799
799
799
799
799
799
799
799
799
799
799
799
799
799
799
799
799
799
799
799
799
799
799
799
799
799
799
799
799
799
799
799
799
799
799
799
799
799
799
799
799
799
799
799
799
799
799
799
799
799
799
799
799
799
799
799
799
799
799
799
799
799
799
799
799
799
799
799
799
799
799
799
799
799
799
799
799
799
799
799
799
799
799
799
799
799
799
799
799
799
799
799
799
799
799
799
799
799
799
799
799
799
799
799
799
799
799
799
799
799
799
799
799
799
799
799
799
799
799
799
799
799
799
799
799
799
799
799
799
799
799
799
799
799
799
799
799
799
799
799
799
799
799
799
799
799
799
799
799
799
799
799
799
799
799
799
799
799
799
799
799
799
799
799
799
799
799
799
799
799
799
799
799
799
799
799
0
