0
0
0
0
374.142
374.142
374.142
374.142
374.142
531.031
531.031
531.031
531.031
531.031
586.594
586.594
586.594
586.594
586.594
777.22
777.22
777.22
777.22
777.22
269.887
269.887
269.887
269.887
269.887
401.096
401.096
401.096
401.096
401.096
692.141
692.141
692.141
692.141
692.141
365.181
365.181
365.181
365.181
365.181
500.127
500.127
500.127
500.127
500.127
737.269
737.269
737.269
737.269
737.269
492.965
500.18
500.18
500.18
500.18
782.518
782.518
782.518
782.518
782.518
773.497
773.497
773.497
773.497
773.497
749.901
750.614
750.614
750.614
750.614
660.273
660.273
660.273
660.273
660.273
282.828
282.828
282.828
282.828
282.828
739.094
739.094
739.094
739.094
739.094
356.889
356.889
356.889
356.889
356.889
443.241
443.241
443.241
443.241
443.241
711.957
711.957
711.957
711.957
711.957
762.669
762.669
762.669
762.669
762.669
655.591
655.591
655.591
655.591
655.591
701.037
701.037
701.037
701.037
701.037
647.755
647.755
647.755
647.755
647.755
646.766
646.766
646.766
646.766
646.766
315.438
315.438
315.438
315.438
315.438
440.188
440.188
440.188
440.188
440.188
209.904
209.904
209.904
209.904
209.904
747.928
747.928
747.928
747.928
747.928
750.227
750.227
750.227
750.227
750.227
771.345
771.345
771.345
771.345
771.345
794.282
794.282
794.282
794.282
794.282
771.981
771.981
771.981
771.981
771.981
751.964
751.964
751.964
751.964
751.964
783.966
783.966
783.966
783.966
783.966
727.903
727.903
727.903
727.903
727.903
777.349
777.349
777.349
777.349
777.349
769.72
769.72
769.72
769.72
769.72
517.797
517.797
517.797
517.797
517.797
596.185
596.185
596.185
596.185
596.185
746.484
746.484
746.484
746.484
746.484
603.503
603.503
603.503
603.503
603.503
568.768
568.768
568.768
568.768
568.768
628.131
628.131
628.131
628.131
630.715
335.764
335.764
335.764
335.764
335.764
587.423
587.423
587.423
587.423
587.423
580.579
580.579
580.579
580.579
580.579
707.772
707.772
707.772
707.772
707.772
628.839
628.839
628.839
628.839
628.839
549.263
549.263
549.263
549.263
549.263
537.989
537.989
537.989
537.989
537.989
762.184
762.184
762.184
762.184
762.184
586.925
586.925
586.925
586.925
586.925
590.671
590.671
590.669
590.669
590.669
724.862
724.862
724.862
724.862
724.862
648.523
648.523
648.523
648.523
648.523
315.718
315.718
315.718
315.718
315.718
342.817
342.817
342.817
342.817
342.817
516.736
516.736
516.736
516.736
516.736
570.479
570.479
570.479
570.479
570.479
436.711
436.711
436.711
436.711
436.711
769.485
769.485
769.485
769.485
769.485
785.403
785.403
785.403
785.403
785.403
780.944
780.944
780.944
780.944
780.944
764.66
764.66
764.66
764.66
764.66
740.236
740.236
740.236
740.236
740.236
313.664
313.664
313.664
313.664
313.664
729.332
729.332
729.332
729.332
729.332
716.777
716.777
716.777
716.777
716.777
758.582
758.582
758.582
758.582
758.582
787.712
787.712
787.712
787.712
787.712
782.072
782.072
782.072
782.072
782.072
774.576
774.576
774.576
774.576
774.576
779.013
779.013
779.013
779.013
779.013
720.103
720.103
720.103
720.103
720.103
776.597
776.597
776.597
776.597
776.597
765.863
765.863
765.863
765.863
765.863
780.205
780.205
780.205
780.205
780.205
741.531
741.531
741.531
741.531
741.531
708.511
708.511
708.511
708.511
708.511
723.648
723.648
723.648
723.648
723.648
736.065
736.065
736.065
736.065
736.065
766.132
766.132
766.132
766.132
766.132
695.197
695.197
695.197
695.197
695.197
691.079
691.079
691.079
691.079
691.079
759.697
759.697
759.697
759.697
759.697
653.046
653.046
653.046
653.046
653.046
488.231
488.231
488.231
488.231
488.231
709.461
709.461
709.461
709.461
709.461
748.972
748.972
748.972
748.972
748.972
656.076
656.076
656.076
656.076
656.076
506.323
506.323
506.323
506.323
506.323
651.5
651.5
651.5
651.5
651.5
531.418
531.418
531.418
531.418
531.418
509.184
509.184
509.184
509.184
509.184
272.254
272.254
272.254
272.254
272.254
633.576
633.576
633.576
633.576
633.576
470.421
470.421
470.421
470.421
470.421
390.545
390.545
390.545
390.545
390.545
672.434
672.434
672.434
672.434
672.434
516.753
516.753
516.753
516.753
516.753
636.624
636.62
636.62
636.62
636.62
609.472
609.472
609.472
609.472
609.472
745.23
745.23
745.23
745.23
745.23
632.471
632.471
632.471
632.471
632.471
643.763
643.763
643.763
643.763
643.763
762.144
762.144
762.144
762.144
762.144
736.335
736.335
736.335
736.335
736.335
591.65
591.65
591.65
591.65
591.65
771.766
771.766
771.766
771.766
771.766
748.706
748.706
748.706
748.706
748.706
689.59
689.59
689.59
689.59
689.59
776.546
776.546
776.546
776.546
776.546
769.65
769.65
769.65
769.65
769.65
756.563
756.563
756.563
756.563
756.563
710.801
710.801
710.801
710.801
710.801
721.842
721.842
721.842
721.842
721.842
655.7
655.7
655.7
655.7
655.7
739.755
739.755
739.755
739.755
739.755
789.454
789.454
789.454
789.454
789.454
739.16
739.16
739.16
739.16
739.16
711.091
711.091
711.091
711.091
711.091
183.167
183.167
183.167
183.167
183.167
732.277
732.277
732.277
732.277
732.277
733.265
733.265
733.265
733.265
733.265
598.313
598.313
598.313
598.313
598.313
554.23
554.23
554.23
554.23
554.23
654.452
654.452
654.452
654.452
654.452
718.558
718.558
718.558
718.558
718.558
761.802
761.802
761.802
761.802
761.802
750.023
750.023
750.023
750.023
750.023
677.966
677.966
677.966
677.966
677.966
628.457
628.457
628.457
628.457
628.457
791.042
791.042
791.042
791.042
791.042
765.113
765.113
765.113
765.113
765.113
731.695
731.695
731.695
731.695
731.695
759.894
759.894
759.894
759.894
759.894
734.736
734.736
734.736
734.736
734.736
747.289
747.289
747.289
747.289
747.289
759.915
759.915
759.915
759.915
759.915
782.102
782.102
782.102
782.102
782.102
594.019
594.019
594.019
594.019
594.019
406.275
406.275
406.275
406.275
406.275
485.722
485.722
485.722
485.722
485.722
529
529
529
529
529
425.703
425.703
425.703
425.703
425.703
451.939
451.939
451.939
451.939
451.939
507.19
507.19
507.19
507.19
507.19
721.266
721.352
721.352
721.352
721.352
337.122
337.122
337.122
337.122
337.122
563.775
563.628
563.628
563.628
563.628
657.051
657.051
657.051
657.051
657.051
541.226
541.226
541.226
541.226
541.226
747.565
747.565
747.565
747.565
747.565
689.919
689.919
689.919
689.919
689.919
456.672
456.672
456.672
456.672
456.672
675.246
675.246
675.246
675.246
675.246
637.908
637.908
637.908
637.908
637.908
405.039
405.039
405.039
405.039
405.039
585.86
578.471
578.471
578.471
578.471
616.474
616.474
616.474
616.474
616.474
677.81
677.81
677.81
677.81
677.81
761.489
761.489
761.489
761.489
761.489
779.707
779.707
779.707
779.707
779.707
501.595
501.595
501.581
501.581
501.581
442.133
442.133
442.133
442.133
442.133
486.746
486.746
486.746
486.746
486.746
364.084
364.084
364.084
364.084
364.084
707.51
707.51
707.51
707.51
707.51
541.16
541.16
541.16
541.16
541.16
457.212
457.212
457.212
457.212
457.212
630.094
630.094
630.094
630.094
630.094
628.507
628.507
628.507
628.507
628.507
697.808
697.808
697.808
697.808
697.808
690.193
690.193
690.193
690.193
690.193
744.095
744.095
744.095
744.095
744.095
758.619
758.619
758.619
758.619
758.619
615.804
615.804
615.804
615.804
615.804
773.44
773.44
773.44
773.44
773.44
749.187
749.187
749.187
749.187
749.187
772.248
772.248
772.248
772.248
772.248
758.676
758.676
758.676
758.676
758.676
660.728
660.728
660.728
660.728
660.728
618.774
618.774
618.774
618.774
618.774
373.212
373.212
373.212
373.212
373.212
406.227
406.227
406.227
406.227
406.227
552.625
552.625
552.625
552.625
552.625
761.569
761.569
761.569
761.569
761.569
719.741
719.741
719.741
719.741
719.741
777.933
777.933
777.933
777.933
777.933
770.199
770.199
770.199
770.199
770.199
689.483
689.483
689.483
689.483
689.483
735.199
735.199
735.199
735.199
735.199
762.211
762.211
762.211
762.211
762.211
703.051
703.051
703.051
703.051
703.051
649.514
649.514
649.514
649.514
649.514
716.663
716.663
716.663
716.663
716.663
694.834
694.834
694.834
694.834
694.834
576.527
576.527
576.527
576.527
576.527
778.108
778.108
778.108
778.108
778.108
746.554
746.554
746.554
746.554
746.554
661.696
661.696
661.696
661.696
661.696
710.613
710.613
710.613
710.613
710.613
528.1
528.1
528.1
528.1
528.1
747.302
747.302
747.302
747.302
747.302
700.422
700.422
700.422
700.422
700.422
713.837
713.837
713.837
713.837
713.837
284.09
284.09
284.09
284.09
284.09
662.424
662.424
662.424
662.424
662.424
569.607
569.607
569.607
569.607
569.607
725.324
725.324
725.324
725.324
725.324
599.691
599.691
599.691
599.691
599.691
606.57
606.57
606.57
606.57
606.57
736.601
736.601
736.601
736.601
736.601
451.612
451.612
451.612
451.612
451.612
535.498
535.498
535.498
535.498
535.498
511.713
511.713
511.713
511.713
511.713
407.249
407.249
407.249
407.249
407.249
664.468
664.468
664.468
664.468
664.468
423.384
423.384
423.384
423.384
423.384
542.711
542.711
542.711
542.711
542.711
620.82
620.82
620.82
620.82
620.82
398.861
398.861
398.861
398.861
398.861
243.976
243.976
243.976
243.976
243.976
707.183
707.183
707.183
707.183
707.183
648.699
648.699
648.699
648.699
648.699
745.488
745.488
745.488
745.488
745.488
746.935
746.935
746.935
746.935
746.935
632.826
632.826
632.826
632.826
632.826
654.532
654.415
654.415
656.205
656.205
265.087
265.087
265.087
265.087
265.087
429.256
429.256
429.256
429.256
429.256
771.65
771.65
771.65
771.65
771.65
586.657
586.657
586.657
586.657
586.657
672.176
672.176
672.176
672.176
672.176
436.221
436.221
436.221
436.221
436.221
595.277
595.277
595.277
595.277
595.277
673.706
673.706
673.706
673.706
673.706
690.569
690.569
690.569
690.569
690.569
171.768
171.768
171.768
171.768
171.768
527.289
527.289
527.289
527.289
527.289
746.191
746.191
746.191
746.191
746.191
694.807
694.807
694.807
694.807
694.807
558.05
558.05
558.05
558.05
558.05
163.996
163.996
163.996
163.996
163.996
674.576
674.576
674.576
674.576
674.576
621.45
621.45
621.45
621.45
621.45
614.437
614.437
614.437
614.437
614.437
460.993
460.993
460.993
460.993
460.993
603.862
603.862
603.862
603.862
603.862
581.436
581.436
581.436
581.436
581.436
626.397
626.397
626.397
626.397
626.397
788.149
788.149
788.149
788.149
788.149
768.251
768.251
768.251
768.251
768.251
718.775
718.775
718.775
718.775
718.775
619.331
619.331
619.331
619.331
619.331
550.158
550.158
550.158
550.158
550.158
548.644
548.644
548.644
548.644
548.644
241.098
241.098
241.098
241.098
241.098
275.859
275.859
275.859
275.859
275.859
538.14
538.14
538.14
538.14
538.14
590.365
590.365
590.365
590.365
590.365
694.539
694.539
694.539
694.539
694.539
452.566
452.566
452.566
452.566
452.566
475.375
475.375
475.375
475.375
475.375
339.515
339.515
339.515
339.515
339.515
766.777
766.777
766.777
766.777
766.777
684.623
684.623
684.623
684.623
684.623
765.642
765.642
765.642
765.642
765.642
500.276
500.276
500.276
500.276
500.276
536.14
536.14
536.14
536.14
536.14
594.859
594.859
594.859
594.859
594.859
469.471
469.471
469.471
469.471
469.471
383.641
383.641
383.641
383.641
383.641
617.004
617.004
617.004
617.004
617.004
746.84
746.84
746.84
746.84
746.84
410.413
410.413
410.413
410.413
410.413
775.174
775.174
775.174
775.174
775.174
734.616
734.616
734.616
734.616
734.616
745.097
745.097
745.097
745.097
745.097
780.445
780.445
780.445
780.445
780.445
784.051
784.051
784.051
784.051
784.051
788.807
788.807
788.807
788.807
788.807
703.827
703.827
703.827
703.827
703.827
613.208
613.208
613.208
613.208
613.208
498.922
498.922
498.922
498.922
498.922
780.255
780.255
780.255
780.255
780.255
754.588
754.588
754.588
754.588
754.588
710.043
710.043
710.043
710.043
710.043
612.079
612.079
612.079
612.079
612.079
508.75
508.75
508.75
508.75
508.75
781.902
781.902
781.902
781.902
781.902
691.26
691.26
691.26
691.26
691.26
766.424
766.424
766.424
766.424
766.424
694.202
694.202
694.202
694.202
694.202
782.431
782.431
782.431
782.431
782.431
440.393
440.393
440.393
440.393
440.393
730.585
730.585
730.585
730.585
730.585
530.5
530.5
530.5
530.5
530.5
601.672
601.672
601.672
601.672
601.672
478.56
478.56
478.56
478.56
478.56
359.01
359.01
359.01
359.01
359.01
346.281
346.281
346.281
346.281
346.281
779.598
779.598
779.598
779.598
779.598
774.256
774.256
774.256
774.256
774.256
755.981
755.981
755.981
755.981
755.981
709.155
709.155
709.155
709.155
709.155
298.278
298.278
298.278
298.278
298.278
732.545
732.545
732.545
732.545
732.545
753.133
753.133
753.133
753.133
753.133
781.806
781.806
781.806
781.806
781.806
743.162
743.162
743.162
743.162
743.162
743.337
743.337
743.337
743.337
743.337
766.385
766.385
766.385
766.385
766.385
775.975
775.975
775.975
775.975
775.975
683.424
683.424
683.424
683.424
683.424
629.371
629.371
629.371
629.371
629.371
530.083
530.083
530.083
530.083
530.083
443.195
443.195
443.195
443.195
443.195
592.075
592.075
592.075
592.075
592.075
582.515
582.515
582.515
582.515
582.515
411.826
411.826
411.826
411.826
411.826
549.297
549.297
549.297
549.297
549.297
614.578
614.578
614.578
614.578
614.578
677.217
677.217
677.217
677.217
677.217
652.328
652.328
652.328
652.328
652.328
549.605
549.605
549.605
549.605
549.605
505.057
505.057
505.057
505.057
505.057
706.543
706.543
706.543
706.543
706.543
651.243
651.243
651.243
651.243
651.243
489.178
489.178
489.178
489.178
489.178
556.602
556.602
556.602
556.602
556.602
567.375
567.375
567.375
567.375
567.375
610.656
610.656
610.656
610.656
610.656
669.317
669.317
669.317
669.317
669.317
746.627
746.926
746.926
746.926
746.926
683.138
683.138
683.138
683.138
683.138
718.397
718.397
718.397
718.397
718.397
752.287
752.287
752.287
752.287
752.287
771.915
771.915
771.915
771.915
771.915
785.54
785.54
785.54
785.54
785.54
762.788
762.788
762.788
762.788
762.788
751.077
751.077
751.077
751.077
751.077
768.992
768.992
768.992
768.992
768.992
779.245
779.245
779.245
779.245
779.245
725.012
725.012
725.012
725.012
725.012
685.699
685.699
685.699
685.699
685.699
658.039
658.039
658.039
658.039
658.039
738.765
738.765
738.765
738.765
738.765
731.632
731.632
731.632
731.632
731.632
677.688
677.688
677.688
677.688
677.688
735.544
735.544
735.544
735.544
735.544
579.339
579.339
579.339
579.339
579.339
698.782
698.782
698.782
698.782
698.782
770.99
770.99
770.99
770.99
770.99
791.203
791.203
791.203
791.203
791.203
775.859
775.859
775.859
775.859
775.859
767.945
767.945
767.945
767.945
767.945
724.023
724.023
724.023
724.023
724.023
656.05
656.05
656.05
656.05
656.05
664.547
664.547
664.547
664.547
664.547
708.072
708.072
708.072
708.072
708.072
665.501
665.501
665.501
665.501
665.501
341.672
341.672
341.672
341.672
341.672
490.287
490.287
490.287
490.287
490.287
549.919
549.919
549.919
549.919
549.919
617.948
617.948
617.948
617.948
617.948
767.328
767.328
767.328
767.328
767.328
397.411
397.411
397.411
397.411
397.411
783.509
783.509
783.509
783.509
783.509
769.881
769.881
769.881
769.881
769.881
775.091
775.091
775.091
775.091
775.091
777.252
777.252
777.252
777.252
777.252
769.818
769.818
769.818
769.818
769.818
761.747
761.747
761.747
761.747
761.747
692.829
692.829
692.829
692.829
692.829
733.704
733.704
733.704
733.704
733.704
481.892
481.892
481.892
481.892
481.892
550.79
550.79
550.79
550.79
550.79
522.111
522.111
522.111
522.111
522.111
607.253
607.253
607.253
607.253
607.253
729.903
729.903
729.903
729.903
729.903
728.098
728.098
728.098
728.098
728.098
759.971
759.971
759.971
759.971
759.971
380.006
380.006
380.006
380.006
380.006
361.224
361.224
361.224
361.224
361.224
512.696
512.696
512.696
512.696
512.696
755.949
755.949
755.949
755.949
755.949
588.796
588.796
588.796
588.796
588.796
548.988
548.988
548.988
548.988
548.988
736.943
736.943
736.943
736.943
736.943
792.002
792.002
792.002
792.002
792.002
765.387
765.387
765.387
765.387
765.387
656.684
656.684
656.684
656.684
656.684
773.149
773.149
773.149
773.149
773.149
769.104
769.104
769.104
769.104
769.104
749.718
749.718
749.718
749.718
749.718
782.782
782.782
782.782
782.782
782.782
764.263
764.263
764.263
764.263
764.263
727.103
727.103
727.103
727.103
727.103
520.498
520.498
520.498
520.498
520.498
623.267
623.267
623.267
623.267
623.267
685.411
685.411
685.411
685.411
685.411
770.04
770.04
770.04
770.04
770.04
764.328
764.328
764.328
764.328
764.328
759.531
759.531
759.531
759.531
759.531
778.242
778.242
778.242
778.242
778.242
790.149
790.149
790.149
790.149
790.149
781.257
781.257
781.257
781.257
781.257
765.902
765.902
765.902
765.902
765.902
779.352
779.352
779.352
779.352
779.352
736.248
736.248
736.248
736.248
736.248
763.494
763.494
763.494
763.494
763.494
721.603
721.603
721.603
721.603
721.603
666.142
666.142
666.142
666.142
666.142
615.428
615.428
615.428
615.428
615.428
425.678
425.678
425.678
425.678
425.678
764.655
764.655
764.655
764.655
764.655
639.784
639.784
639.784
639.784
639.784
736.657
736.657
736.657
736.657
736.657
554.624
554.624
554.624
554.624
554.624
755.303
755.303
755.303
755.303
755.303
787.638
787.963
787.963
787.963
787.963
768.934
768.934
768.934
768.934
768.934
784.462
784.462
784.462
784.462
784.462
785.753
785.753
785.753
785.753
785.753
783.797
783.797
783.797
783.797
783.797
789.273
789.273
789.273
789.273
789.273
761.675
761.675
761.675
761.675
761.675
666.198
666.198
666.198
666.198
666.198
793.176
793.176
793.176
793.176
793.176
777.694
777.694
777.694
777.694
777.694
789.028
789.028
789.028
789.028
789.028
780.882
780.882
780.882
780.882
780.882
786.277
786.277
786.277
786.277
786.277
773.342
773.342
773.342
773.342
773.342
772.649
772.649
772.649
772.649
772.649
755.96
755.96
755.96
755.96
755.96
738.679
738.679
738.679
738.679
738.679
786.316
786.316
786.316
786.316
786.316
755.572
755.572
755.572
755.572
755.572
757.513
757.513
757.513
757.513
757.513
469.177
469.177
469.177
469.177
469.177
694.719
694.719
694.719
694.719
694.719
535.807
535.807
535.807
535.807
535.807
762.508
762.508
762.508
762.508
762.508
701.398
701.398
701.398
701.398
701.398
779.535
779.535
779.535
779.535
779.535
773.577
773.577
773.577
773.577
773.577
759.807
759.807
759.807
759.807
759.807
775.367
775.367
775.367
775.367
775.367
766.049
766.049
766.049
766.049
766.049
719.987
719.987
719.987
719.987
719.987
772.51
772.51
772.51
772.51
772.51
784.518
784.518
784.518
784.518
784.518
788.696
788.696
788.696
788.696
788.696
784.016
784.016
784.016
784.016
784.016
785.242
785.242
785.242
785.242
785.242
776.191
776.191
776.191
776.191
776.191
757.787
757.787
757.787
757.787
757.787
778.034
778.034
778.034
778.034
778.034
769.045
769.045
769.045
769.045
769.045
774.966
774.966
774.966
774.966
774.966
752.383
752.383
752.383
752.383
752.383
584.319
584.319
584.319
584.319
584.319
703.464
703.464
703.464
703.464
703.464
772.669
772.669
772.669
772.669
772.669
722.339
722.339
722.339
722.339
722.339
728.579
728.579
728.579
728.579
728.579
763.235
763.235
763.235
763.235
763.235
694.383
694.383
694.383
694.383
694.383
502.889
502.889
502.889
502.889
502.889
505.472
505.472
505.472
505.472
505.472
596.233
596.233
596.233
596.233
596.233
652.022
652.022
652.022
652.022
652.022
727.286
727.286
727.286
727.286
727.286
692.307
692.307
692.307
692.307
692.307
636.124
636.124
636.124
636.124
636.124
744.973
744.973
744.973
744.973
744.973
498.102
498.102
498.102
498.102
498.102
698.837
698.837
698.837
698.837
698.837
638.378
638.378
638.378
638.378
638.378
792.049
792.049
792.049
792.049
792.049
786.246
786.246
786.246
786.246
786.246
792.257
792.257
792.257
792.257
792.257
769.407
769.407
769.407
769.407
769.407
659.387
659.387
659.387
659.387
659.387
750.806
750.806
750.806
750.806
750.806
777.692
777.692
777.692
777.692
777.692
736.152
736.152
736.152
736.152
736.152
747.289
747.289
747.289
747.289
747.289
754.907
754.486
754.486
754.486
754.486
721.654
721.654
721.654
721.654
721.654
758.142
758.142
758.142
758.142
758.142
513.089
513.089
513.089
513.089
513.089
596.584
596.584
596.584
596.584
596.584
627.227
627.227
627.227
627.227
627.227
568.711
568.711
568.711
568.711
568.711
778.582
778.582
778.582
778.582
778.582
712.968
712.968
712.968
712.968
712.968
664.686
664.686
664.686
664.686
664.686
586.98
586.98
586.98
586.98
586.98
748.845
748.845
748.845
748.845
748.845
613.536
613.536
613.536
613.536
613.536
735.622
735.622
735.622
735.622
735.622
605.401
605.401
605.401
605.401
605.401
527.674
527.674
527.674
527.674
527.674
579.969
576.375
576.375
576.375
576.375
543.967
543.967
543.967
543.967
543.967
738.105
738.105
738.105
738.105
738.105
416.297
416.297
416.297
416.297
416.297
647.71
647.71
647.71
647.71
647.71
594.833
594.833
594.833
594.833
594.833
684.337
684.337
684.337
684.337
684.337
751.875
751.875
751.875
751.875
751.875
791.771
791.771
791.771
791.771
791.771
772.822
772.822
772.822
772.822
772.822
783.21
783.21
783.21
783.21
783.21
780.604
780.604
780.604
780.604
780.604
766.475
766.475
766.475
766.475
766.475
745.395
745.395
745.395
745.395
745.395
766.574
766.574
766.574
766.574
766.574
743.439
743.439
743.439
743.439
743.439
768.548
768.548
768.548
768.548
768.548
757.759
757.759
757.759
757.759
757.759
722.637
722.637
722.637
722.637
722.637
757.619
757.619
757.619
757.619
757.619
683.142
683.142
683.142
683.142
683.142
475.175
475.175
475.175
475.175
475.175
717.591
717.591
717.591
717.591
717.591
599.907
599.907
599.907
599.907
599.907
768.1
768.1
768.1
768.1
768.1
769.986
769.986
769.986
769.986
769.986
651.34
651.34
651.34
651.34
651.34
326.695
326.695
326.695
326.695
326.695
579.572
579.566
579.566
579.566
579.566
362.902
362.902
362.902
362.902
362.902
592.581
592.581
592.581
592.581
592.581
635.145
635.145
635.145
635.145
635.145
343.531
343.531
343.531
343.531
343.531
565.127
565.127
565.127
565.127
565.127
637.616
637.616
637.616
637.616
637.616
630.082
630.082
630.082
630.082
630.082
590.283
590.283
590.283
590.283
590.283
534.158
534.158
534.158
534.158
534.158
722.737
722.737
722.737
722.737
722.737
688.867
688.867
688.867
688.867
688.867
750.388
750.388
750.388
750.388
750.388
323.686
323.686
323.686
323.686
323.686
740.471
740.471
740.471
740.471
740.471
705.412
705.412
705.412
705.412
705.412
485.682
485.682
485.682
485.682
485.682
651.448
651.448
651.448
651.448
651.448
419.293
419.293
419.293
419.293
419.293
411.919
411.919
411.919
411.919
411.919
405.016
405.016
405.016
405.016
405.016
525.018
525.018
525.018
525.018
525.018
497.313
497.313
497.313
497.313
497.313
618.574
618.574
618.574
618.574
618.574
772.796
772.796
772.796
772.796
772.796
773.903
773.903
773.903
773.903
773.903
752.984
752.984
752.984
752.984
752.984
770.281
770.281
770.281
770.281
770.281
520.909
520.909
520.909
520.909
520.909
745.116
745.116
745.116
745.116
745.116
256.852
256.852
256.665
256.665
256.665
678.621
678.621
678.621
678.621
678.621
616.333
616.333
616.333
616.333
616.333
305.154
305.154
305.154
305.154
305.154
655.14
655.14
655.14
655.14
655.14
622.274
622.274
622.274
622.274
622.274
611.629
611.629
611.629
611.629
611.629
471.364
471.364
471.364
471.364
471.364
505.508
505.508
505.508
505.508
505.508
771.857
771.857
771.857
771.857
771.857
763.093
763.093
763.093
763.093
763.093
753.975
753.975
753.975
753.975
753.975
768.665
768.665
768.665
768.665
768.665
689.891
689.891
689.891
689.891
689.891
703.351
703.351
703.351
703.351
703.351
768.735
768.735
768.735
768.735
768.735
775.586
775.586
775.586
775.586
775.586
736.854
736.854
736.884
736.884
736.884
753.004
753.004
753.004
753.004
753.004
384.451
384.451
384.451
384.451
384.451
759.45
759.45
759.45
759.45
759.45
729.181
729.181
729.181
729.181
729.181
772.125
772.125
772.125
772.125
772.125
762.759
762.759
762.759
762.759
762.759
779.267
779.267
779.267
779.267
779.267
762.365
762.365
762.365
762.365
762.365
686.913
686.913
686.913
686.913
686.913
350.915
350.915
350.915
350.915
350.915
584.125
584.125
584.125
584.125
584.125
531.781
531.781
531.781
531.781
531.781
394.689
394.689
394.689
394.689
394.689
329.724
329.724
329.724
329.724
329.724
376.353
376.353
376.353
376.353
376.353
512.008
512.008
512.008
512.008
512.008
705.645
705.645
705.645
705.645
705.645
552.026
552.026
552.026
552.026
552.026
691.456
691.456
691.456
691.456
691.456
673.38
673.38
673.38
673.38
673.38
769.026
769.026
769.026
769.026
769.026
779.339
779.339
779.339
779.339
779.339
650.275
650.275
650.275
650.275
650.275
642.691
642.691
642.691
642.691
642.691
776.376
776.376
776.376
776.376
776.376
768.418
768.418
768.418
768.418
768.418
783.223
783.223
783.223
783.223
783.223
785.005
785.005
785.005
785.005
785.005
781.015
791.03
791.03
791.03
791.03
790.643
790.643
790.643
790.643
790.643
794.702
794.702
794.702
794.702
794.702
775.857
775.857
775.857
775.857
775.857
778.609
778.609
778.609
778.609
778.609
783.067
783.067
783.067
783.067
783.067
760.866
760.866
760.866
760.866
760.866
768.292
768.292
768.306
768.306
768.306
787.905
787.905
787.905
787.905
787.905
789.931
789.931
789.931
789.931
789.931
787.448
787.448
787.448
787.448
787.448
792.881
792.881
792.881
792.881
792.881
789.233
789.233
789.233
789.233
789.233
780.551
780.551
780.551
780.551
780.551
791.67
791.67
791.67
791.67
791.67
768.343
768.343
768.343
768.343
768.343
760.059
760.059
760.059
760.059
760.059
719.698
719.698
719.698
719.698
719.698
508.709
508.709
508.709
508.709
508.709
466.082
466.082
466.082
466.082
466.082
775.369
775.369
775.369
775.369
775.369
751.412
751.412
751.412
751.412
751.412
378.845
378.845
378.845
378.845
378.845
589.923
589.923
589.923
589.923
589.923
384.922
384.922
384.922
384.922
384.922
529.492
529.492
529.492
529.492
529.492
459.844
459.844
459.844
459.844
459.844
677.596
677.596
677.596
677.596
677.596
725.409
725.409
725.409
725.409
725.409
770.704
770.704
770.704
770.704
770.704
674.489
674.489
674.524
674.524
674.524
720.027
720.027
720.027
720.027
720.027
341.556
341.556
341.556
341.556
341.556
449.095
449.095
449.095
449.095
449.095
764.357
764.357
764.357
764.357
764.357
747.817
747.817
747.817
747.817
747.817
677.242
677.242
677.242
677.242
677.242
461.529
461.529
461.529
461.529
461.529
660.827
660.827
660.827
660.827
660.827
740.805
740.805
740.805
740.805
740.805
753.983
753.983
753.983
753.983
753.983
759.106
759.106
759.106
759.106
759.106
746.866
746.866
746.866
746.866
746.866
722.979
722.979
722.979
722.979
722.979
767.13
767.13
767.13
767.13
767.13
750.839
750.839
750.839
750.839
750.839
739.177
739.177
739.177
739.177
739.177
760.837
760.837
760.837
760.837
760.837
765.31
765.31
765.31
765.31
765.31
751.77
751.77
751.77
751.77
751.77
791.451
791.451
791.451
791.451
791.451
780.39
780.39
780.39
780.39
780.39
743.745
743.745
743.745
743.745
743.745
690.86
690.86
690.86
690.86
690.86
661.791
661.791
661.791
661.791
661.791
279.964
279.964
279.964
279.964
279.964
390.09
390.09
390.09
390.09
390.09
465.176
465.176
465.176
465.176
465.176
713.38
713.38
713.38
713.38
713.38
778.664
778.664
778.664
778.664
778.664
741.765
741.765
741.765
741.765
741.765
736.574
736.574
736.574
736.574
736.574
790.413
790.413
790.413
790.413
790.413
782.601
782.601
782.601
782.601
782.601
765.754
765.754
765.754
765.754
765.754
792.562
792.562
792.562
792.562
792.562
789.011
789.011
789.011
789.011
789.011
776.899
776.899
776.899
776.899
776.899
784.748
784.748
784.748
784.748
784.748
774.156
774.156
774.156
774.156
774.156
765.944
765.944
765.944
765.944
765.944
787.855
787.855
787.855
787.855
787.855
773.786
773.786
773.786
773.786
773.786
764.787
764.787
764.787
764.787
764.787
785.818
785.818
785.818
785.818
785.818
763.964
763.964
763.964
763.964
763.964
723.334
723.334
723.334
723.334
723.334
774.71
774.71
774.71
774.71
774.71
777.793
777.793
777.793
777.793
777.793
701.95
701.95
701.95
701.95
701.95
714.029
714.029
714.029
714.029
714.029
424.191
424.191
424.191
424.191
424.191
335.32
335.32
335.32
335.32
335.32
390.473
390.473
390.473
390.473
390.473
706.429
706.429
706.429
706.429
706.429
675.059
675.059
675.059
675.059
675.059
736.324
736.324
736.324
736.324
736.324
495.738
495.738
495.738
495.738
495.738
445.922
445.922
445.922
445.922
445.922
745.497
745.497
745.497
745.497
745.497
694.376
694.376
694.376
694.376
694.376
756.991
756.991
756.991
756.991
756.991
760.051
760.051
760.051
760.051
760.051
767.66
767.66
767.66
767.66
767.66
747.926
747.926
747.926
747.926
747.926
734.348
734.348
734.348
734.348
734.348
645.416
645.416
645.416
645.416
645.416
617.102
617.102
617.102
617.102
617.102
349.741
349.741
349.741
349.741
349.741
522.816
522.816
522.816
522.816
522.816
543.008
543.008
543.008
543.008
543.008
599.233
599.233
599.233
599.233
599.233
660.534
660.534
660.534
660.534
660.534
468.964
468.964
468.964
468.964
468.964
340.653
340.653
340.653
340.653
340.653
782.493
782.493
782.493
782.493
782.493
780.063
780.063
780.063
780.063
780.063
739.489
739.489
739.489
739.489
739.489
682.208
682.208
682.208
682.208
682.208
514.797
514.797
514.797
514.797
514.797
510.254
510.254
510.254
510.254
510.254
788.686
788.686
788.686
788.686
788.686
782.717
782.717
782.717
782.717
782.717
778.206
778.206
778.206
778.206
778.206
769.722
769.722
769.722
769.722
769.722
443.704
443.704
443.704
443.704
443.704
776.302
776.302
776.302
776.302
776.302
493.163
493.163
493.163
493.163
493.163
422.032
422.032
422.032
422.032
422.032
639.172
639.172
639.172
639.172
639.172
386.038
386.038
386.038
386.038
386.038
591.457
591.457
591.457
591.457
591.457
437.305
437.305
437.305
437.305
437.305
777.192
777.192
777.192
777.192
777.192
736.993
736.993
736.993
736.993
736.993
630.559
630.559
630.559
630.559
630.559
420.135
420.135
420.135
420.135
420.135
447.908
447.908
501.065
501.065
501.065
492.765
492.765
492.765
492.765
492.765
769.314
769.314
769.314
769.314
769.314
622.085
622.085
622.085
622.085
622.085
692.871
692.871
692.871
692.871
692.871
341.972
341.972
341.972
341.972
341.972
663.972
663.972
663.972
663.972
663.972
744.699
744.699
744.699
744.699
744.699
333.573
333.573
333.573
333.573
333.573
551.95
551.95
551.95
551.95
551.95
763.031
763.031
763.031
763.031
763.031
383.96
383.96
383.96
383.96
383.96
296.762
296.762
296.762
296.762
296.762
753.696
753.696
753.696
753.696
753.696
717.388
717.388
717.388
717.388
717.388
710.992
710.992
710.992
710.992
710.992
714.286
714.286
714.286
714.286
714.286
711.556
711.556
711.556
711.556
711.556
631.222
631.222
631.222
631.222
631.222
750.81
750.81
758.12
758.12
758.12
685.749
685.749
685.749
685.749
685.749
728.986
728.986
728.986
728.986
728.986
655.401
655.401
655.401
655.401
655.401
548.821
548.821
548.821
548.821
548.821
310.9
311.426
311.426
311.426
311.426
484.686
484.686
484.686
484.686
484.686
576.66
576.66
576.66
576.66
576.66
599.212
599.212
599.212
599.212
599.212
712.895
712.895
712.895
712.895
712.895
480.73
480.73
480.73
480.73
480.73
764.642
764.642
764.642
764.642
764.642
756.796
756.796
756.796
756.796
756.796
600.779
600.779
600.779
600.779
600.779
734.585
734.585
734.585
734.585
734.585
687.269
687.269
687.269
687.269
687.269
452.399
452.399
452.399
452.399
452.399
666.988
666.988
666.988
666.988
666.988
658.099
658.099
658.099
658.099
658.099
525.195
525.195
525.195
525.195
525.195
232.52
232.52
232.52
232.52
232.52
482.619
482.619
482.619
482.619
482.619
344.258
344.258
344.258
344.258
344.258
734.974
734.974
734.974
734.974
734.974
342.754
342.754
342.754
342.754
342.754
519.936
519.936
519.936
519.936
519.936
761.452
761.452
761.452
761.452
761.452
790.591
790.591
790.591
790.591
790.591
771.946
771.946
771.946
771.946
771.946
777.617
777.617
777.617
777.617
777.617
788.178
788.178
788.178
788.178
788.178
758.22
758.22
758.22
758.22
758.22
765.864
765.864
765.864
765.864
765.864
723.009
723.009
723.009
723.009
723.009
772.231
772.231
772.231
772.231
772.231
729.537
729.537
729.537
729.537
729.537
759.983
759.983
759.983
759.983
759.983
680.357
680.357
680.357
680.357
680.357
409.678
409.678
409.678
409.678
409.678
764.825
768.399
768.399
768.399
768.399
508.12
508.12
508.12
508.12
508.12
695.093
695.093
695.093
695.093
695.093
748.642
748.642
748.642
748.642
748.642
442.608
442.608
442.608
442.608
442.608
296.269
296.269
296.269
296.269
296.269
547.005
547.005
547.005
547.005
547.005
348.738
348.738
348.738
348.738
348.738
483.887
483.887
483.887
483.887
483.887
695.508
695.508
695.508
695.508
695.508
254.745
254.745
254.745
254.745
254.745
758.634
758.634
758.634
758.634
758.634
754.346
754.346
754.346
754.346
754.346
476.96
476.96
476.96
476.96
476.96
661.947
661.947
661.947
661.947
661.947
548.076
548.076
548.076
548.076
548.076
746.728
746.728
746.728
746.728
746.728
765.179
765.179
765.179
765.179
765.179
717.351
717.351
717.351
717.351
717.351
684.621
684.621
684.621
684.621
684.621
563.94
563.94
563.94
563.94
563.94
395.801
395.801
395.801
395.801
395.801
440.917
440.917
440.917
440.917
440.917
770.282
770.282
770.282
770.282
770.282
751.673
751.673
751.673
751.673
751.673
785.488
785.488
785.488
785.488
785.488
775.777
775.777
775.777
775.777
775.777
763.634
763.634
763.634
763.634
763.634
643.365
643.365
643.365
643.365
643.365
505.859
505.859
505.859
505.859
505.859
360.373
360.373
360.373
360.373
360.373
424.19
424.19
424.19
424.19
424.19
707.166
707.166
707.166
707.166
707.166
691.463
691.463
691.463
691.463
691.463
719.846
719.846
719.846
719.846
719.846
761.344
761.344
761.344
761.344
761.344
752.436
752.436
752.436
752.436
752.436
705.918
705.918
705.918
705.918
705.918
667.129
667.129
667.129
667.129
667.129
770.738
770.738
770.738
770.738
770.738
761.364
761.364
761.364
761.364
761.364
644.413
644.413
644.413
644.413
644.413
564.396
564.396
564.396
564.396
564.396
471.161
471.161
471.161
471.161
471.161
446.028
446.028
446.028
446.028
446.028
687.549
687.549
687.549
687.549
687.549
264.033
264.033
264.033
264.033
264.033
580.867
580.867
580.867
580.867
580.867
260.14
260.14
260.14
260.14
260.14
594.094
594.094
594.094
594.094
594.094
572.94
572.94
572.94
572.94
572.94
697.64
697.64
697.64
697.64
697.64
667.077
667.077
667.077
667.077
667.077
473.218
473.218
473.218
473.218
473.218
515.279
515.279
515.279
515.279
515.279
312.21
312.21
312.21
312.21
312.21
590.5
590.5
590.5
590.5
590.5
267.021
267.021
267.021
267.021
267.021
438.197
438.197
438.197
438.197
438.197
482.985
482.985
482.985
482.985
482.985
547.757
547.757
547.757
547.757
547.757
416.078
416.078
416.078
416.078
416.078
660.203
660.203
660.203
660.203
660.203
724.986
724.986
724.986
724.986
724.986
481.28
481.28
481.28
481.28
481.28
698.418
698.418
698.418
698.418
698.418
445.57
445.57
445.57
445.57
445.57
718.71
718.71
718.71
718.71
718.71
723.347
723.347
723.347
723.347
723.347
711.776
711.776
720.552
720.552
720.552
680.273
680.273
680.273
680.273
680.273
354.13
354.13
354.13
354.13
354.13
569.161
569.161
569.161
569.161
569.161
649.702
649.702
649.702
649.702
649.702
591.162
591.162
591.162
591.162
591.162
429.413
429.413
429.413
429.413
429.413
536.424
536.423
536.423
536.423
536.423
387.735
387.735
387.735
387.735
387.735
731.493
731.493
731.493
731.493
731.493
758.42
758.42
758.42
758.42
758.42
771.864
771.864
771.864
771.864
771.864
680.855
680.855
680.855
680.855
680.855
721.823
721.823
721.823
721.823
721.823
465.782
465.782
465.782
465.782
465.782
680.129
680.129
680.129
680.129
680.129
630.158
630.158
630.158
630.158
630.158
575.175
575.175
575.175
575.175
575.175
774.073
774.073
774.073
774.073
774.073
628.221
628.221
628.221
628.221
628.221
692.001
692.001
692.001
692.001
692.001
763.162
763.162
763.162
763.162
763.162
618.919
618.919
618.919
618.919
618.919
305.29
305.29
305.29
305.29
305.29
648.948
648.948
648.948
648.948
648.948
772.19
772.19
772.161
772.161
772.161
772.633
772.633
772.633
772.633
772.633
712.496
712.496
712.496
712.496
712.496
698.992
698.992
698.992
698.992
698.992
660.485
660.485
660.485
660.485
660.485
687.762
687.762
687.762
687.762
687.762
694.474
694.474
694.474
694.474
694.474
761.233
761.233
761.233
761.233
761.233
697.282
697.282
697.282
697.282
697.282
729.719
729.719
729.719
729.719
729.719
758.849
758.849
758.849
758.849
758.849
779.279
779.279
779.279
779.279
779.279
749.499
749.499
749.499
749.499
749.499
549.047
549.047
549.047
549.047
549.047
538.035
538.035
538.001
538.001
538.001
712.591
712.591
712.591
712.591
712.591
681.574
681.574
681.574
681.574
681.574
570.5
570.5
570.5
570.5
570.5
718.396
718.396
718.396
718.396
718.396
246.674
246.674
246.674
246.674
246.674
577.609
577.609
577.609
577.609
577.609
756.389
756.389
756.389
756.389
756.389
768.464
768.464
768.464
768.464
768.464
779.011
779.011
779.011
779.011
779.011
771.948
773.645
773.645
773.645
773.645
744.117
744.117
744.117
744.117
744.117
770.887
770.887
770.887
770.887
770.887
733.093
733.093
733.093
733.093
733.093
746.195
746.195
746.195
746.195
746.195
743.744
743.744
743.744
743.744
743.744
757.571
757.571
757.571
757.571
757.571
444.028
444.028
444.028
444.028
444.028
224.063
224.063
224.063
224.063
224.063
495.758
495.758
495.758
495.758
495.758
618.355
618.355
618.355
618.355
618.355
699.739
699.739
699.739
699.739
699.739
438.658
438.658
438.658
438.658
438.658
443.452
443.452
443.452
443.452
443.452
771.268
771.268
771.268
771.268
771.268
753.337
753.337
753.337
753.337
753.337
730.303
730.303
730.303
730.303
730.303
773.876
773.876
773.876
773.876
773.876
693.33
693.33
693.33
693.33
693.33
768.452
768.452
768.452
768.452
768.452
738.097
738.097
738.097
738.097
738.097
768.807
768.807
768.807
768.807
768.807
778.661
778.661
778.661
778.661
778.661
775.477
775.477
775.477
775.477
775.477
771.155
771.155
771.155
771.155
771.155
700.503
700.503
700.503
700.503
700.503
648.433
648.433
648.433
648.433
648.433
699.74
699.74
699.74
699.74
699.74
614.867
614.867
614.867
614.867
614.867
233.513
233.513
233.513
233.513
233.513
728.595
728.595
728.595
728.595
728.595
734.608
734.608
734.608
734.608
734.608
662.856
662.856
662.856
662.856
662.856
708.629
708.629
708.629
708.629
708.629
376.159
376.159
376.159
376.159
376.159
413.236
413.236
413.236
413.236
413.236
541.141
541.141
541.141
541.141
541.141
504.262
504.262
504.262
504.262
504.262
568.183
568.183
568.183
568.183
568.183
195.032
195.032
195.032
195.032
195.032
164.817
164.817
164.817
164.817
164.817
779.85
779.85
779.85
779.85
779.85
768.518
768.518
768.518
768.518
768.518
756.497
756.497
756.497
756.497
756.497
773.077
773.077
773.077
773.077
773.077
684.271
684.271
684.271
684.271
684.271
650.203
650.203
650.203
650.203
650.203
769.934
769.934
769.934
769.934
769.934
772.92
772.92
772.92
772.92
772.92
773.602
773.602
773.602
773.602
773.602
785.954
785.954
785.954
785.954
785.954
780.588
780.588
780.588
780.588
780.588
738.556
738.556
738.556
738.556
738.556
775.703
775.703
775.703
775.703
775.703
772.294
772.294
772.294
772.294
772.294
745.687
745.687
745.687
745.687
745.687
778.521
778.521
778.521
778.521
778.521
757.928
757.928
757.928
757.928
757.928
752.926
752.926
752.926
752.926
752.926
794.03
794.03
794.03
794.03
794.03
791.947
791.947
791.947
791.947
791.947
778.406
778.406
778.406
778.406
778.406
783.77
783.77
783.77
783.77
783.77
780.636
780.636
780.636
780.636
780.636
757.693
757.693
757.693
757.693
757.693
768.37
768.37
768.37
768.37
768.37
782.88
782.88
782.88
782.88
782.88
779.004
779.004
779.004
779.004
779.004
772.864
772.864
772.864
772.864
772.864
700.363
700.363
700.363
700.363
700.363
746.945
746.945
746.945
746.945
746.945
782.384
782.384
782.384
782.384
782.384
765.293
765.293
765.293
765.293
765.293
734.843
734.843
734.843
734.843
734.843
770.623
770.623
770.623
770.623
770.623
779.9
779.9
779.9
779.9
779.9
779.006
779.006
779.006
779.006
779.006
784.156
784.156
784.156
784.156
784.156
763.892
763.892
763.892
763.892
763.892
787.846
787.846
787.846
787.846
787.846
793.291
793.291
793.291
793.291
793.291
767.938
767.938
767.938
767.938
767.938
695.104
695.104
695.104
695.104
695.104
684.901
684.901
684.901
684.901
684.901
334.593
334.593
334.593
334.593
334.593
463.733
463.733
463.733
463.733
463.733
0
