0
0
0
0
313.533
313.533
313.533
313.533
313.533
406
406
406
406
406
648.5
648.5
648.5
648.5
648.5
493.656
493.656
493.656
493.656
493.656
617.25
617.25
617.25
617.25
617.25
152.625
152.625
152.625
152.625
152.625
700.608
700.608
700.608
700.608
700.608
331.781
331.781
331.781
331.781
331.781
215.75
215.75
215.75
215.75
215.75
651.695
651.695
651.695
651.695
651.695
331.678
331.678
331.678
331.678
331.678
362.75
362.75
362.75
362.75
362.75
664.68
664.68
664.68
664.68
664.68
628
628
628
628
628
642.188
642.188
642.188
642.188
642.188
725.916
725.916
725.916
725.916
725.916
574.252
574.252
574.252
574.252
574.252
386.316
386.316
386.316
386.316
386.316
471.723
471.723
471.723
471.723
471.723
556.125
556.125
556.125
556.125
556.125
626.258
626.258
626.258
626.258
626.258
605
605
605
605
605
394.708
394.708
394.708
394.708
394.708
607.524
607.524
607.524
607.524
607.524
510.414
510.414
510.414
510.414
510.414
511.146
511.146
511.146
511.146
511.146
459.75
459.75
459.75
459.75
459.75
486.963
486.963
486.963
486.963
486.963
368.711
368.711
368.711
368.711
368.711
528.75
528.75
528.75
528.75
528.75
370.866
370.866
370.866
370.866
370.866
769.216
769.216
769.216
769.216
769.216
345.703
345.703
345.703
345.703
345.703
332.614
332.614
332.614
332.614
332.614
475
475
475
475
475
545.141
545.141
545.141
545.141
545.141
335.538
335.538
335.538
335.538
335.538
349.515
349.515
349.515
349.515
349.515
390.869
390.869
390.869
390.869
390.869
670.07
670.07
670.07
670.07
670.07
348.203
348.203
348.203
348.203
348.203
376.202
376.202
376.202
376.202
376.202
710.453
710.453
710.453
710.453
710.453
524.832
524.832
524.832
524.832
524.832
664.672
664.672
664.672
664.672
664.672
572
572
572
572
572
505.893
505.893
505.893
505.893
505.893
509.063
509.063
509.063
509.063
509.063
654.602
654.602
654.602
654.602
654.602
468.984
468.984
468.984
468.984
468.984
392.358
392.358
392.358
392.358
392.358
639.672
639.672
639.672
639.672
639.672
567.625
567.625
567.625
567.625
567.625
466.5
466.5
466.5
466.5
466.5
734.754
734.754
734.754
734.754
734.754
458.688
458.688
458.688
458.688
458.688
612.856
612.856
612.856
612.856
612.856
294.082
294.082
294.082
294.082
294.082
684.028
684.028
684.028
684.028
684.028
512.938
512.938
512.938
512.938
512.938
645.719
645.719
645.719
645.719
645.719
511.424
511.424
511.424
511.424
511.424
402.136
402.136
402.136
402.136
402.136
586.031
586.031
586.031
586.031
586.031
374.933
374.933
374.933
374.933
374.933
546.426
546.426
546.426
546.426
546.426
255.207
255.207
255.207
255.207
255.207
486.765
486.765
486.765
486.765
486.765
521.721
521.721
521.721
521.721
521.721
612.895
612.895
612.895
612.895
612.895
442.875
442.875
442.875
442.875
442.875
766.663
766.663
766.663
766.663
766.663
446.603
446.603
446.603
446.603
446.603
567.856
567.856
567.856
567.856
567.856
491.969
491.969
491.969
491.969
491.969
430.125
430.125
430.125
430.125
430.125
450.82
450.82
450.82
450.82
450.82
537.75
537.75
537.75
537.75
537.75
356.146
356.146
356.146
356.146
356.146
369.69
369.69
369.69
369.69
369.69
491.5
491.5
491.5
491.5
491.5
596.5
596.5
596.5
596.5
596.5
583.849
583.849
583.848
583.848
583.848
497.229
497.229
497.229
497.229
497.229
632.013
632.013
632.013
632.013
632.013
615.477
615.477
615.477
615.477
615.477
639.75
639.75
639.75
639.75
639.75
281.313
281.313
281.313
281.313
281.313
347.784
347.784
347.784
347.784
347.784
649
649
649
649
649
670.98
670.98
670.98
670.98
670.98
309.438
309.438
309.438
309.438
309.438
714
714
714
714
714
498.379
498.379
498.379
498.379
498.379
304.125
304.125
304.125
304.125
304.125
639.813
639.813
639.813
639.813
639.813
559.31
559.31
559.31
559.31
559.31
578.938
578.938
578.938
578.938
578.938
535.021
535.021
535.021
535.021
535.021
396.692
396.692
396.692
396.692
396.692
714.346
714.346
714.346
714.346
714.346
619.5
619.5
619.5
619.5
619.5
730
730
730
730
730
478.952
478.952
478.952
478.952
478.952
522.841
522.841
522.841
522.841
522.841
557.19
557.19
557.19
557.19
557.19
717.299
717.299
717.299
717.299
717.299
316.016
316.016
316.016
316.016
316.016
692.5
692.5
692.5
692.5
692.5
545.891
545.891
545.891
545.891
545.891
216.469
216.469
216.469
216.469
216.469
561.516
561.516
561.516
561.516
561.516
626.75
626.75
626.75
626.75
626.75
433.125
433.125
433.125
433.125
433.125
215.125
215.125
215.125
215.125
215.125
639.306
639.306
639.306
639.306
639.306
508.002
508.002
508.002
508.002
508.002
424.092
424.092
424.092
424.092
424.092
659.553
659.553
659.553
659.553
659.553
680.906
680.906
680.906
680.906
680.906
464.375
464.375
464.375
464.375
464.375
393.188
393.188
393.188
393.188
393.188
684.913
684.913
684.913
684.913
684.913
439.469
439.469
439.469
439.469
439.469
521.688
521.688
521.688
521.688
521.688
543.438
543.438
543.438
543.438
543.438
370.875
370.875
370.875
370.875
370.875
443.474
443.474
443.474
443.474
443.474
594.674
594.674
594.674
594.674
594.674
626.547
626.547
626.547
626.547
626.547
570
570
570
570
570
774.797
774.797
774.797
774.797
774.797
610.856
610.856
610.856
610.856
610.856
306.781
306.781
306.781
306.781
306.781
704.391
704.391
704.391
704.391
704.391
503.218
503.218
503.218
503.218
503.218
612.445
612.445
612.445
612.445
612.445
512.93
512.93
512.93
512.93
512.93
295.922
295.922
295.922
295.922
295.922
545.56
545.56
545.56
545.56
545.56
697.543
697.543
697.538
697.538
697.538
369.157
369.157
369.157
369.157
369.157
349.594
349.594
349.594
349.594
349.594
422.063
422.063
422.063
422.063
422.063
443.108
443.108
443.108
443.108
443.108
458.125
458.125
458.125
458.125
458.125
480.496
480.496
480.496
480.496
480.496
611.326
611.326
611.326
611.326
611.326
590.645
590.645
590.645
590.645
590.645
439.793
439.793
439.793
439.793
439.793
429.371
429.371
429.371
429.371
429.371
700.573
700.573
700.573
700.573
700.573
479.211
479.211
479.211
479.211
479.211
668.802
668.802
668.802
668.802
668.802
604.41
604.41
604.41
604.41
604.41
632.25
632.25
632.25
632.25
632.25
532.219
532.219
532.219
532.219
532.219
597.375
597.375
597.375
597.375
597.375
551.75
551.75
551.75
551.75
551.75
383.413
383.413
383.413
383.413
383.413
392.213
392.213
392.213
392.213
392.213
416.25
416.25
416.25
416.25
416.25
622.719
622.719
622.719
622.719
622.719
187.891
187.891
187.891
187.891
187.891
564.211
564.211
564.211
564.211
564.211
535.059
535.059
535.059
535.059
535.059
598.875
598.875
598.875
598.875
598.875
453.994
453.994
453.986
453.986
453.986
538.352
538.352
538.352
538.352
538.352
456.5
456.5
456.5
456.5
456.5
688.891
688.891
688.891
688.891
688.891
708.25
708.25
708.25
708.25
708.25
424.25
424.25
424.25
424.25
424.25
429.914
429.914
429.914
429.914
429.914
532.906
532.906
532.906
532.906
532.906
548
548
548
548
548
643.492
643.492
643.492
643.492
643.492
387.109
387.109
387.109
387.109
387.109
536.722
536.722
536.722
536.722
536.722
366.308
366.308
366.308
366.308
366.308
517.244
517.244
517.244
517.244
517.244
570.742
570.742
570.742
570.742
570.742
531.75
531.75
531.75
531.75
531.75
526.563
526.563
526.563
526.563
526.563
428.49
428.49
428.49
428.49
428.49
532.266
532.266
532.266
532.266
532.266
417.612
417.612
417.612
417.612
417.612
434.148
434.148
434.148
434.148
434.148
610.25
610.25
610.25
610.25
610.25
632
632
632
632
632
435.894
435.894
435.894
435.894
435.894
508.188
508.188
508.188
508.188
508.188
456.75
456.75
456.75
456.75
456.75
609.5
609.5
609.5
609.5
609.5
343.518
343.518
343.518
343.518
343.518
719.5
719.5
719.5
719.5
719.5
407.438
407.438
407.438
407.438
407.438
521.688
521.688
521.688
521.688
521.688
487.867
487.867
487.867
487.867
487.867
460.328
460.328
460.328
460.328
460.328
626.266
626.266
626.266
626.266
626.266
607.703
607.703
607.703
607.703
607.703
324.004
324.004
324.004
324.004
324.004
420.938
420.938
420.938
420.938
420.938
443
443
443
443
443
611.427
611.427
611.427
611.427
611.427
657.758
657.758
657.758
657.758
657.758
285
285
285
285
285
761.791
761.791
761.791
761.791
761.791
586.76
586.76
586.76
586.76
586.76
462.302
462.302
462.302
462.302
462.302
536.227
536.227
536.227
536.227
536.227
490.411
490.411
490.411
490.411
490.411
634.458
634.458
634.458
634.458
634.458
398.998
398.998
398.998
398.998
398.998
596.75
596.75
596.75
596.75
596.75
497.172
497.172
497.172
497.172
497.172
736.359
736.359
736.359
736.359
736.359
638.031
638.031
638.031
638.031
638.031
628.203
628.203
628.203
628.203
628.203
529.938
529.938
529.938
529.938
529.938
641
641
641
641
641
373.007
373.007
373.007
373.007
373.007
389
389
389
389
389
602.031
602.031
602.031
602.031
602.031
376.78
376.78
376.78
376.78
376.78
608.158
608.158
608.158
608.158
608.158
723.75
723.75
723.75
723.75
723.75
708.367
708.367
708.367
708.367
708.367
272.227
272.227
272.227
272.227
272.227
330.041
330.041
330.041
330.041
330.041
753.586
753.586
753.586
753.586
753.586
438.293
438.293
438.293
438.293
438.293
712.375
712.375
712.375
712.375
712.375
321.385
321.385
321.385
321.385
321.385
561.313
561.313
561.313
561.313
561.313
468.469
468.469
468.469
468.469
468.469
586.484
586.484
586.484
586.484
586.484
713.234
713.234
713.234
713.234
713.234
395.75
395.75
395.75
395.75
395.75
608.287
608.287
608.287
608.287
608.287
600.703
600.703
600.703
600.703
600.703
404
404
404
404
404
486.867
486.867
486.867
486.867
486.867
428.09
428.09
428.09
428.09
428.09
244
244
244
244
244
540.635
540.635
540.635
540.635
540.635
504.238
504.238
504.238
504.238
504.238
592.702
592.702
592.702
592.702
592.702
294.234
294.234
294.234
294.234
294.234
355.688
355.688
355.688
355.688
355.688
307.51
307.51
307.51
307.51
307.51
671.469
671.469
671.469
671.469
671.469
365.235
365.235
365.235
365.235
365.235
446
446
446
446
446
414.966
414.966
414.966
414.966
414.966
717.398
717.398
717.398
717.398
717.398
688.5
688.5
688.5
688.5
688.5
422.987
422.987
422.987
422.987
422.987
385.156
385.156
385.156
385.156
385.156
712.381
712.381
712.381
712.381
712.381
351.095
351.095
351.095
351.095
552.19
598.911
598.911
598.911
598.911
598.911
526.219
526.219
526.219
526.219
526.219
384.909
384.909
384.909
384.909
384.909
362.625
362.625
362.625
362.625
362.625
632.281
632.281
632.281
632.281
632.281
404.728
404.728
404.728
404.728
404.728
373.745
373.745
373.745
373.745
373.745
329.688
329.688
329.688
329.688
329.688
408
408
408
408
408
421.32
421.32
421.32
421.32
421.32
297.991
297.991
297.991
297.991
297.991
468.594
468.594
468.594
468.594
468.594
441.414
441.414
441.414
441.414
441.414
453.875
453.875
453.875
453.875
453.875
485.684
485.684
485.684
485.684
485.684
387.376
387.376
387.376
387.376
387.376
544.5
544.5
544.5
544.5
544.5
680.737
680.737
680.737
680.737
680.737
631.162
631.162
631.162
631.162
631.162
189.921
189.921
189.921
189.921
189.921
587.484
587.484
587.484
587.484
587.484
677.25
677.25
677.25
677.25
677.25
461.152
461.152
461.152
461.152
461.152
625.901
625.901
625.901
625.901
625.901
239.188
239.188
239.188
239.188
239.188
700.385
700.385
700.385
700.385
700.385
589.188
589.188
589.188
589.188
589.188
592.009
592.009
592.009
592.009
592.009
557.938
557.938
557.938
557.938
557.938
581.359
581.359
581.359
581.359
581.359
293.719
293.719
293.719
293.719
293.719
310.665
310.665
310.665
310.665
310.665
540.044
540.044
540.044
540.044
540.044
650
650
650
650
650
201.917
201.917
201.917
201.917
354.834
587.348
587.348
587.348
587.348
587.348
779
779
779
779
779
581.156
581.156
581.156
581.156
581.156
591.008
591.008
591.008
591.008
591.008
458.515
458.515
458.515
458.515
458.515
256.773
256.773
256.773
256.773
256.773
532.711
532.711
532.711
532.711
532.711
602.969
602.969
602.969
602.969
602.969
678.5
678.5
678.5
678.5
678.5
672.031
672.031
672.031
672.031
672.031
504.484
504.484
504.484
504.484
504.484
396.124
396.124
396.124
396.124
396.124
467.084
473.355
473.355
473.355
473.355
383.123
383.123
383.123
383.123
383.123
524.031
524.031
524.031
524.031
524.031
324.87
324.87
324.87
324.87
324.87
628
628
628
628
628
485.311
485.311
511.121
511.121
511.121
454.438
454.438
454.438
454.438
454.438
397.859
397.859
397.859
397.859
397.859
355.108
355.108
355.108
355.108
355.108
603.063
603.063
603.063
603.063
603.063
527.695
527.695
527.695
527.695
527.695
530.563
530.563
530.563
530.563
530.563
715.377
715.377
715.377
715.377
715.377
515.339
515.339
515.339
515.339
515.339
719.469
719.469
719.469
719.469
719.469
649.16
649.16
649.16
649.16
649.16
587.154
587.154
587.154
587.154
587.154
530.025
530.025
530.025
530.025
530.025
389.719
389.719
389.719
389.719
389.719
525.141
525.141
525.141
525.141
525.141
302.721
302.721
302.721
302.721
302.721
378.55
378.55
378.55
378.55
378.55
375.895
375.895
375.895
375.895
375.895
626.438
626.438
626.438
626.438
626.438
570.938
570.938
570.938
570.938
570.938
422.281
422.281
422.281
422.281
422.281
554.31
554.31
554.31
554.31
554.31
450.114
450.114
450.114
450.114
450.114
600.38
600.38
600.38
600.38
600.38
479.962
479.962
479.962
479.962
479.962
542.486
542.486
542.486
542.486
542.486
606.626
606.626
606.626
606.626
606.626
740.5
740.5
740.5
740.5
740.5
577.975
577.975
577.975
577.975
577.975
526.25
526.25
526.25
526.25
526.25
643
643
643
643
643
731
731
731
731
731
408.859
408.859
408.859
408.859
408.859
437
437
437
437
437
220
220
220
220
220
753
753
753
753
753
386.875
386.875
386.875
386.875
386.875
519.041
519.041
519.041
519.041
519.041
517.34
517.34
517.34
517.34
517.34
459.125
459.125
459.125
459.125
459.125
587.625
587.625
587.625
587.625
587.625
696.438
696.438
696.438
696.438
696.438
668.875
668.875
668.875
668.875
668.875
476.883
476.883
476.883
476.883
476.883
556.465
556.465
556.465
556.465
556.465
694.281
694.281
694.281
694.281
694.281
578.5
578.5
578.5
578.5
578.5
650.326
650.326
650.326
650.326
650.326
354.563
354.563
354.563
354.563
354.563
143.766
143.766
143.766
143.766
143.766
575.438
575.438
575.438
575.438
575.438
277.816
277.816
277.816
277.816
277.816
572.25
572.25
572.25
572.25
572.25
526.25
526.25
526.25
526.25
526.25
561.125
561.125
561.125
561.125
561.125
648.5
648.5
648.5
648.5
648.5
323.953
323.953
323.953
323.953
323.953
550.125
550.125
550.125
550.125
550.125
483.406
483.406
483.406
483.406
483.406
734.838
734.838
734.838
734.838
734.838
195
195
195
195
195
323.875
323.875
323.875
323.875
323.875
649.594
649.594
649.594
649.594
649.594
652.359
652.359
652.359
652.359
652.359
406.363
406.363
406.363
406.363
406.363
302.406
302.406
302.406
302.406
302.406
440.723
440.723
440.723
440.723
440.723
544.375
544.375
544.375
544.375
544.375
403.821
403.821
403.821
403.821
403.821
445.001
445.001
445.001
445.001
445.001
550.195
550.195
550.195
550.195
550.195
375.75
375.75
375.75
375.75
633.5
449.749
449.749
449.749
449.749
449.749
728.848
728.848
728.848
728.848
728.848
574.645
574.645
574.645
574.645
574.645
387.906
387.906
387.906
387.906
387.906
404.702
404.702
404.702
404.702
404.702
340.661
340.661
340.661
340.661
340.661
490.793
490.793
490.793
490.793
490.793
326.371
326.371
326.371
326.371
326.371
521.406
521.406
521.406
521.406
521.406
633.25
633.25
633.25
633.25
633.25
499.715
499.715
499.715
499.715
499.715
533.414
533.414
533.414
533.414
533.414
707.25
707.25
707.25
707.25
707.25
467.994
467.994
467.994
467.994
467.994
447.844
447.844
447.844
447.844
447.844
661.652
661.652
661.652
661.652
661.652
507
507
507
507
507
510.5
510.5
510.5
510.5
510.5
620.67
620.67
620.67
620.67
620.67
683.941
683.941
683.941
683.941
683.941
597.164
597.164
597.164
597.164
597.164
691.432
691.432
691.432
691.432
691.432
438.164
438.164
438.164
438.164
438.164
650
650
650
650
650
150.969
150.969
150.969
150.969
150.969
271.898
271.898
271.898
271.898
271.898
152.388
152.388
152.388
152.388
152.388
674.36
674.36
674.36
674.36
674.36
552.719
552.719
552.719
552.719
552.719
481.219
481.219
481.219
481.219
481.219
479
479
479
479
479
358.429
358.429
358.429
358.429
358.429
291.445
291.445
291.445
291.445
291.445
686.5
686.5
686.5
686.5
686.5
415.063
415.063
415.063
415.063
415.063
538.602
538.602
538.602
538.602
538.602
629.688
629.688
629.688
629.688
629.688
367.66
367.66
367.66
367.66
376.695
583.474
583.474
583.474
583.474
583.474
324.1
324.1
324.1
324.1
324.1
625.828
625.828
625.828
625.828
625.828
655.137
655.137
655.137
655.137
655.137
587
587
587
587
587
701.188
701.188
701.188
701.188
701.188
595
595
595
595
595
412
412
412
412
412
395.125
395.125
395.125
395.125
395.125
390.714
390.714
390.714
390.714
390.714
581.836
581.836
581.836
581.836
581.836
170
170
170
170
170
348.469
348.469
348.469
348.469
348.469
207.75
207.75
207.75
207.75
207.75
508.156
508.156
508.156
508.156
508.156
690.547
690.547
690.547
690.547
690.547
679.897
679.897
679.897
679.897
679.897
436.814
436.814
436.814
436.814
436.814
521
521
521
521
521
382.891
382.891
382.891
382.891
382.891
418.04
418.04
418.04
418.04
418.04
342.586
342.586
342.586
342.586
342.586
520.781
520.781
520.781
520.781
520.781
475.469
475.469
475.469
475.469
475.469
398.75
398.75
398.75
398.75
398.75
474.52
474.52
474.52
474.52
474.52
649.828
649.828
649.828
649.828
649.828
621.358
621.358
621.358
621.358
621.358
760.27
760.27
760.27
760.27
760.27
519.403
519.403
519.403
519.403
519.403
448.969
448.969
448.969
448.969
448.969
715.563
715.563
715.563
715.563
715.563
534.336
534.336
534.336
534.336
534.336
477.25
477.25
477.25
477.25
477.25
351.813
351.813
351.813
351.813
351.813
552.164
552.164
552.164
552.164
552.164
619.313
619.313
619.313
619.313
619.313
565.874
565.874
565.874
565.874
565.874
289.781
289.781
289.781
289.781
289.781
652.5
652.5
652.5
652.5
652.5
252.367
252.367
252.367
252.367
252.367
645.312
645.312
645.312
645.312
645.312
594.594
594.594
594.594
594.594
594.594
426
426
426
426
426
595.445
595.445
595.445
595.445
595.445
356.984
356.984
356.984
356.984
356.984
384.267
384.267
384.267
384.267
384.267
524.741
524.741
524.741
524.741
524.741
725.464
725.464
725.464
725.464
725.464
392
392
392
392
392
642.625
642.625
642.625
642.625
642.625
736.702
736.702
736.702
736.702
736.702
577
577
577
577
577
665.5
665.5
665.5
665.5
665.5
0
0
0
0
0
481
481
481
481
481
437.953
437.953
437.953
437.953
437.953
723.25
723.25
723.25
723.25
723.25
477.313
477.313
477.313
477.313
477.313
581.55
581.55
581.55
581.55
581.55
361.5
361.5
361.5
361.5
361.5
348.516
348.516
348.516
348.516
348.516
570.5
570.5
570.5
570.5
570.5
276.875
276.875
276.875
276.875
276.875
494.75
494.75
494.75
494.75
494.75
561.75
561.75
561.75
561.75
561.75
575.672
575.672
575.672
575.672
575.672
310.16
310.16
310.16
310.16
310.16
442
442
442
442
442
306
305.998
305.998
305.998
305.998
618.81
618.81
618.81
618.81
618.81
525.38
525.38
525.38
525.38
525.38
443.008
443.008
443.008
443.008
443.008
711.442
711.442
711.442
711.442
711.442
484.147
484.147
484.147
484.147
484.147
564.5
564.5
564.5
564.5
564.5
423.234
423.234
423.234
423.234
423.234
579.063
579.063
579.063
579.063
579.063
494.25
494.25
494.25
494.25
494.25
509.125
509.125
509.125
509.125
509.125
495.139
495.139
495.139
495.139
495.139
546.008
546.008
546.008
546.008
546.008
643.688
643.688
643.688
643.688
643.688
317.164
317.164
317.164
317.164
317.164
348.109
348.109
348.109
348.109
348.109
610.599
610.599
610.599
610.599
610.599
583.889
583.889
583.889
583.889
583.889
762.486
762.486
762.486
762.486
762.486
397.559
397.559
397.559
397.559
397.559
428.458
428.458
428.458
428.458
428.458
597.563
597.563
597.563
597.563
597.563
542.749
542.749
542.749
542.749
542.749
419.25
419.25
419.25
419.25
419.25
361.094
361.094
361.094
361.094
361.094
658.189
658.191
658.191
658.191
658.191
383.642
383.642
383.642
383.642
383.642
356.219
356.219
356.219
356.219
356.219
677.342
677.342
677.342
677.342
677.342
259.875
259.875
259.875
259.875
259.875
431.219
431.219
431.219
431.219
431.219
510.5
510.5
510.5
510.5
510.5
574.125
574.125
574.125
574.125
574.125
250.926
250.926
250.926
250.926
250.926
423.953
423.953
423.953
423.953
423.953
354.116
354.116
354.116
354.116
354.116
576.969
576.969
576.969
576.969
576.969
553.875
553.875
553.875
553.875
553.875
522.234
522.234
522.234
522.234
522.234
368.5
368.5
368.5
368.5
368.5
533.684
533.684
533.684
533.684
533.684
452.313
452.313
452.313
452.313
452.313
358.523
358.523
358.523
358.523
358.523
514.686
514.686
514.686
514.686
514.686
221.025
221.025
221.025
221.025
221.025
596.625
596.625
596.625
596.625
596.625
292.392
292.392
292.392
292.392
292.392
551.081
551.081
551.081
551.081
551.081
394.242
394.242
394.242
394.242
394.242
231.726
231.726
231.726
231.726
231.726
398
398
398
398
398
517.375
517.375
517.375
517.375
538.375
591.159
591.159
591.159
591.159
591.159
531.921
531.921
531.921
531.921
531.921
380.281
380.281
380.281
380.281
380.281
385.042
385.042
385.042
385.042
385.042
476.367
476.367
476.367
476.367
476.367
666.971
666.971
666.971
666.971
666.971
394.957
394.957
394.957
394.957
394.957
504.844
504.844
504.844
504.844
504.844
285.41
285.41
285.41
285.41
285.41
747.804
748.092
748.092
748.092
748.092
472.953
472.953
472.953
472.953
472.953
262.536
262.536
262.536
262.536
262.536
525.188
525.188
525.188
525.188
525.188
497.945
497.945
497.945
497.945
497.945
216.781
216.781
216.781
216.781
216.781
724.458
724.458
724.458
724.458
724.458
379.18
379.18
379.18
379.18
379.18
415.5
415.5
415.5
415.5
415.5
506.929
506.929
506.929
506.929
506.929
361.939
361.939
361.939
361.939
361.939
454.431
454.431
454.431
454.431
454.431
261.408
261.408
261.408
261.408
261.408
575.859
575.859
575.859
575.859
575.859
566.5
566.5
566.5
566.5
566.5
342.995
342.995
342.995
342.995
342.995
0
0
0
0
0
616.399
616.399
616.399
616.399
616.399
664.125
664.125
664.125
664.125
664.125
307.429
307.429
307.429
307.429
307.429
598
598
598
598
598
348.969
348.969
348.969
348.969
348.969
451.609
451.609
451.609
451.609
451.609
495.516
495.516
495.516
495.516
495.516
493.492
493.492
493.492
493.492
493.492
411.547
411.547
411.547
411.547
411.547
272.664
272.664
272.664
272.664
272.664
396.5
396.5
396.5
396.5
396.5
492.28
492.28
492.28
492.28
492.28
601.375
601.375
601.375
601.375
601.375
353.324
353.324
353.324
353.324
353.324
598.41
598.41
598.41
598.41
598.41
390.595
396.189
396.189
396.189
396.189
712.56
712.56
712.56
712.56
712.56
510.527
510.527
510.563
510.563
510.563
541.766
541.766
541.766
541.766
541.766
432.264
432.264
432.264
432.264
432.264
426.313
426.313
426.313
426.313
426.313
681.638
681.638
681.76
681.76
681.76
673.25
673.25
673.25
673.25
673.25
276.375
276.375
276.375
276.375
276.375
610.203
610.203
610.203
610.203
610.203
354.481
354.481
354.481
354.481
354.481
554.786
554.786
554.786
554.786
554.786
690.011
690.011
690.011
690.011
690.011
235.973
235.973
235.973
235.973
235.973
712
712
712
712
712
581.844
581.844
581.844
581.844
581.844
353.202
353.202
353.202
353.202
353.202
564.422
564.422
564.422
564.422
564.422
674.702
674.702
674.702
674.702
674.702
346.188
346.188
346.188
346.188
346.188
444.035
444.035
444.035
444.035
444.035
270.457
270.457
270.457
371.414
371.414
735.288
735.288
735.288
735.288
735.288
560.063
560.063
560.063
560.063
560.063
458.637
458.637
458.637
458.637
458.637
514.296
514.296
514.296
514.296
514.296
606.375
606.375
606.375
606.375
606.375
428.286
428.286
428.286
428.286
428.286
521.969
521.969
521.969
521.969
521.969
465.75
465.75
465.75
465.75
465.75
557.406
557.406
557.406
557.406
557.406
652.906
652.906
652.906
652.906
652.906
638.568
638.568
638.568
638.568
638.568
560.484
560.484
560.484
560.484
560.484
454.688
454.688
454.688
454.688
454.688
379.781
379.781
379.781
379.781
379.781
433.679
433.679
433.679
433.679
433.679
543.018
543.018
543.018
543.018
543.018
513.557
513.557
513.557
513.557
513.557
335.408
335.408
335.408
335.408
335.408
729.844
729.844
729.844
729.844
729.844
362.102
362.102
362.102
362.102
362.102
333.094
333.094
333.094
333.094
333.094
434.928
434.928
434.928
434.928
434.928
532.875
532.875
532.875
532.875
532.875
631.266
631.266
631.266
631.266
631.266
666.125
666.125
666.125
666.125
666.125
471.758
471.758
471.758
471.758
471.758
535.813
535.813
535.813
535.813
535.813
658.896
658.896
658.896
658.896
658.896
693.842
693.842
693.842
693.842
693.842
717.356
717.356
717.356
717.356
717.356
558.516
558.516
558.516
558.516
558.516
629.484
629.484
629.484
629.484
629.484
285.211
285.211
285.211
285.211
285.211
340.406
340.406
340.406
340.406
340.406
581
581
581
581
581
503.75
503.75
503.75
503.75
503.75
530.07
530.07
530.07
530.07
530.07
556
556
556
556
556
692.203
692.203
692.203
692.203
692.203
423.5
423.5
423.5
423.5
423.5
533.813
533.813
533.813
533.813
533.813
651.938
651.938
651.938
651.938
651.938
724.441
724.441
724.441
724.441
724.441
657.75
657.75
657.75
657.75
657.75
563.75
563.75
563.75
563.75
563.75
409.016
409.016
409.016
409.016
409.016
653.25
653.25
653.25
653.25
653.25
430.068
430.068
430.068
430.068
430.068
237.75
237.75
237.75
237.75
237.75
419.125
419.125
419.125
419.125
419.125
657.633
657.633
657.633
657.633
657.633
556.656
556.656
556.656
556.656
556.656
596.079
596.079
596.079
596.079
596.079
411.436
411.436
411.436
411.436
411.436
361.086
361.086
361.086
361.086
361.086
324.823
324.823
324.823
324.823
324.823
689.509
689.509
689.509
689.509
689.509
590.75
590.75
590.75
590.75
590.75
642.625
642.625
642.625
642.625
642.625
610.836
610.836
610.836
610.836
610.836
473.938
473.938
473.938
473.938
473.938
575.563
575.563
575.563
575.563
575.563
451.25
451.25
451.25
451.25
451.25
643
643
643
643
643
562.906
562.906
562.906
562.906
562.906
408.75
408.75
408.75
408.75
408.75
545.625
545.625
545.625
545.625
545.625
511
511
511
511
511
507.473
507.473
507.473
507.473
507.473
521.961
521.961
521.961
521.961
521.961
528.5
528.5
528.5
528.5
528.5
330.358
330.358
330.358
330.358
330.358
445.5
445.5
445.5
445.5
445.5
637.769
637.769
637.769
637.769
637.769
292.311
292.311
292.311
292.311
292.311
395.09
395.09
395.09
395.09
395.09
403.617
403.617
403.617
403.617
403.617
525.996
525.996
525.996
525.996
525.996
434.641
434.641
434.641
434.641
434.641
450.82
450.82
450.82
450.82
450.82
602.5
602.5
602.5
602.5
602.5
533.5
533.5
533.5
533.5
533.5
479.984
479.984
479.984
479.984
479.984
744.25
744.25
744.25
744.25
744.25
536
536
536
536
536
493.489
493.489
493.489
493.489
493.489
465.086
465.086
465.086
465.086
465.086
556.619
556.619
556.619
556.619
556.619
654.5
654.5
654.5
654.5
654.5
655
655
655
655
655
483
483
483
483
483
472.328
472.328
472.328
472.328
472.328
566.42
566.42
566.42
566.42
566.42
681.925
681.925
681.925
681.925
681.925
677.104
677.104
677.104
677.104
677.104
262
262
262
262
262
697.688
697.688
697.688
697.688
697.688
601.875
601.875
601.875
601.875
601.875
612.235
612.235
612.235
612.235
612.235
450.968
450.968
450.968
450.968
450.968
587.672
587.672
587.672
587.672
587.672
383.375
383.375
383.375
383.375
383.375
576.926
576.926
576.926
576.926
576.926
299.222
299.222
299.222
299.222
299.222
545.656
545.656
545.656
545.656
545.656
359.004
359.004
359.004
359.004
359.004
362.813
362.813
362.813
362.813
362.813
359.177
359.177
359.177
359.177
359.177
477.141
477.141
477.141
477.141
477.141
475.5
475.5
475.5
475.5
475.5
480.307
480.307
480.307
480.307
480.307
257.875
257.875
257.875
257.875
257.875
410.443
410.443
410.443
410.443
410.443
312.328
312.328
312.328
312.328
312.328
546.563
546.563
546.563
546.563
546.563
393.268
393.268
393.268
393.268
393.268
607.281
607.281
607.281
607.281
607.281
744.5
744.5
744.5
744.5
744.5
532.207
532.207
532.207
532.207
532.207
717.453
717.453
717.453
717.453
717.453
471.006
471.006
471.006
471.006
471.006
275.377
275.377
275.377
275.377
275.377
539.572
539.572
539.572
539.572
539.572
458
458
458
458
458
512.454
512.454
512.454
512.454
512.454
654
654
654
654
654
358.145
358.145
358.145
358.145
358.145
508.792
508.792
508.792
508.792
508.792
298.707
298.707
298.707
298.707
298.707
466.695
466.695
466.695
466.695
466.695
686.227
686.227
686.227
686.227
686.227
275.719
275.719
275.719
275.719
275.719
430.922
430.922
430.922
430.922
430.922
460.031
460.031
460.031
460.031
460.031
591.35
591.35
591.35
591.35
591.35
506.75
506.75
506.75
506.75
506.75
599.454
599.454
599.454
599.454
599.454
147.219
147.219
147.219
147.219
147.219
651.75
651.75
651.75
651.75
651.75
630.063
630.063
630.063
630.063
630.063
691.691
691.691
691.691
691.691
691.691
394.008
394.008
394.008
394.008
394.008
493.574
493.574
493.574
493.574
493.574
483.75
483.75
483.75
483.75
483.75
369.276
369.276
369.276
369.276
369.276
336.591
336.591
336.591
336.591
336.591
460.125
460.125
460.125
460.125
460.125
596.25
596.25
596.25
596.25
596.25
462.5
462.5
462.5
462.5
462.5
447.109
447.109
447.109
447.109
447.109
556.344
556.344
556.344
556.344
556.344
566.813
564.313
564.313
564.313
609.625
445.441
445.441
445.441
445.441
445.441
332.734
332.734
332.734
332.734
332.734
544.348
544.348
544.348
544.348
544.348
519.492
519.492
519.492
519.492
519.492
540.938
540.938
540.938
540.938
540.938
669.369
669.369
669.369
669.369
669.369
662.938
662.938
662.938
662.938
662.938
442.934
442.934
442.934
442.934
442.934
488.75
488.75
488.75
488.75
488.75
472.375
472.375
472.375
472.375
472.375
534.842
534.842
534.842
534.842
534.842
319.913
319.913
319.913
319.913
319.913
643.363
643.363
643.363
643.363
643.363
493.822
493.822
493.822
493.822
493.822
232.073
232.073
232.073
232.073
232.073
617.797
617.797
617.797
617.797
617.797
668.5
668.5
668.5
668.5
668.5
443.047
443.047
443.047
443.047
443.047
560.969
560.969
560.969
560.969
560.969
486.852
486.852
486.852
486.852
486.852
409.794
409.794
409.794
409.794
409.794
523.822
523.822
523.822
523.822
523.822
570.039
570.039
570.039
570.039
570.039
453
453
453
453
453
413.234
413.234
413.234
413.234
413.234
689.012
689.012
689.012
689.012
689.012
733.688
733.688
733.688
764.875
764.875
513
513
513
513
513
627.469
627.469
627.469
627.469
627.469
543.5
543.5
543.5
543.5
543.5
473.25
473.25
473.25
473.25
473.25
379.932
379.932
379.932
379.932
379.932
463.844
463.844
463.844
463.844
463.844
711
711
711
711
711
518.25
518.25
518.25
518.25
518.25
512.625
512.625
512.625
512.625
512.625
456
456
456
456
456
651.5
651.5
651.5
651.5
651.5
702.484
702.484
702.484
702.484
702.484
211.129
211.129
211.129
211.129
211.129
674.75
674.75
674.75
674.75
674.75
599.864
599.864
599.864
599.864
599.864
427.194
427.194
427.194
427.194
427.194
515.813
515.813
515.813
515.813
515.813
536.375
536.375
536.375
536.375
536.375
520.308
520.308
520.308
520.308
520.308
397.51
397.51
397.51
397.51
397.51
518.781
518.781
518.781
518.781
518.781
584.943
584.943
584.943
584.943
584.943
665.091
665.091
665.091
665.091
665.091
284.969
284.969
284.969
284.969
284.969
541.563
541.563
541.563
541.563
541.563
538.875
538.875
538.875
538.875
538.875
528.496
528.496
528.496
528.496
528.496
487.276
487.276
487.276
487.276
487.276
247.012
247.012
247.012
247.012
247.012
574.531
574.531
574.531
574.531
574.531
440.563
440.563
440.563
440.563
440.563
430.523
430.523
430.523
430.523
430.523
510.953
510.953
510.953
510.953
510.953
723.502
723.502
723.502
723.502
723.502
686.75
686.75
686.75
686.75
686.75
350.063
350.063
350.063
350.063
350.063
716.375
716.375
716.375
716.375
716.375
530.528
530.528
530.528
530.528
530.528
614.57
614.57
614.57
614.57
614.57
403.393
403.393
403.393
403.393
403.393
558.531
558.531
558.531
558.531
558.531
661
661
661
661
661
646.746
646.746
646.746
646.746
646.746
217.768
217.768
217.768
217.768
217.768
398.063
398.063
398.063
398.063
398.063
700.588
700.588
700.588
700.588
700.588
299
299
299
299
299
646.138
646.138
646.138
646.138
646.138
578.047
578.047
578.047
578.047
578.047
569.734
569.734
569.734
569.734
569.734
400.25
400.25
400.25
400.25
400.25
489.824
489.824
489.824
489.824
489.824
448.859
448.859
448.859
448.859
448.859
669.313
669.313
669.313
669.313
669.313
584.531
584.531
584.531
584.531
584.531
433.433
433.433
433.433
433.433
433.433
553.5
553.5
553.5
553.5
553.5
453.74
453.74
453.74
453.74
453.74
419.982
419.982
419.982
419.982
419.982
435.941
435.941
435.941
435.941
435.941
570.625
570.625
570.625
570.625
570.625
390.391
390.391
390.391
390.391
390.391
614
614
614
614
614
633.086
633.086
633.086
633.086
633.086
487.25
487.25
487.25
487.25
487.25
721.84
721.84
721.84
721.84
721.84
442.125
442.125
442.125
442.125
442.125
363
363
363
363
363
380.758
380.758
380.758
380.758
380.758
639.881
639.881
639.881
639.881
639.881
395.125
395.125
395.125
395.125
395.125
515.688
515.688
515.688
515.688
515.688
734.75
734.75
734.75
734.75
734.75
376.145
376.145
376.145
376.145
376.145
496.1
496.1
496.1
496.1
496.1
427.621
427.621
427.621
427.621
427.621
484.503
484.503
484.503
484.503
484.503
423.96
423.96
423.96
423.96
423.96
595.594
595.594
595.594
595.594
595.594
389.375
389.375
389.375
389.375
389.375
735.382
735.382
735.382
735.382
735.382
563.179
563.179
563.179
563.179
563.179
479.25
479.25
479.25
479.25
479.25
386.563
386.563
386.563
386.563
386.563
245.5
245.5
245.5
245.5
245.5
514.942
514.942
514.942
514.942
514.942
464.32
464.32
464.32
464.32
464.32
574.031
574.031
574.031
574.031
574.031
755.715
755.715
755.715
755.715
755.715
480.313
480.313
480.313
480.313
480.313
740
740
740
740
740
447.75
447.75
447.75
447.75
447.75
623.567
623.567
623.567
623.567
623.567
474.684
474.684
474.684
474.684
474.684
482.973
482.973
482.973
482.973
482.973
682.016
682.016
682.016
682.016
682.016
597.25
597.25
597.25
597.25
597.25
515.972
515.972
515.972
515.972
515.972
415
415
415
415
415
584.594
584.594
584.594
584.594
584.594
558
558
558
558
558
611.695
611.695
611.695
611.695
611.695
273.063
273.063
273.063
273.063
273.063
453.813
453.813
453.813
453.813
453.813
623.344
623.344
623.344
623.344
623.344
406.205
406.205
406.205
406.205
406.205
684.436
684.436
684.436
684.436
684.436
256.875
256.875
256.875
256.875
256.875
450.104
450.104
450.104
450.104
450.104
552.822
552.822
552.822
552.822
552.822
500.307
500.307
500.307
500.307
500.307
597.906
597.906
597.906
597.906
597.906
508.191
508.191
508.191
508.191
508.191
585.494
585.494
585.494
585.494
585.494
640.809
640.809
640.809
640.809
640.809
377.406
377.406
377.406
377.406
377.406
704.453
704.453
704.453
704.453
704.453
510.426
510.426
510.426
510.426
510.426
373.313
373.313
373.313
373.313
373.313
149.5
149.5
149.5
149.5
149.5
404.391
404.391
404.391
404.391
404.391
437.625
437.625
437.625
437.625
437.625
699.281
699.281
699.281
699.281
699.281
544.969
544.969
544.969
544.969
544.969
515.125
515.125
515.125
515.125
515.125
668.587
668.587
668.587
668.587
668.587
497.844
497.844
497.844
497.844
497.844
361.982
361.982
361.982
361.982
361.982
322.388
322.388
322.388
322.388
322.388
412.793
412.793
412.793
412.793
412.793
374.25
374.25
374.25
374.25
374.25
407.08
407.08
407.08
407.08
407.08
480.188
480.188
480.188
480.188
480.188
158.004
158.004
158.004
158.004
158.004
377.59
377.59
377.59
377.59
377.59
431.103
431.103
431.103
431.103
431.103
381.102
381.102
381.102
381.102
381.102
603
603
603
603
603
515.317
515.317
515.317
515.317
515.317
568.317
568.317
568.317
568.317
568.317
524.84
524.84
524.84
524.84
524.84
553.781
553.781
553.781
553.781
553.781
254.893
254.893
254.893
254.893
254.893
567.145
567.145
567.145
567.145
567.145
665.5
665.5
665.5
665.5
665.5
316.442
316.442
316.442
316.442
316.442
574.283
574.283
574.283
574.283
574.283
670.5
670.5
670.5
670.5
670.5
445.711
445.711
445.711
445.711
445.711
486.5
486.5
486.5
486.5
486.5
408.796
408.796
408.796
408.796
408.796
544.688
544.688
544.688
544.688
544.688
575.5
575.5
575.5
575.5
575.5
594.813
594.813
594.813
594.813
594.813
306.125
306.125
306.125
306.125
306.125
612
612
612
612
612
569.522
569.522
570.356
570.356
570.356
544.5
544.5
544.5
544.5
544.5
410.875
410.875
410.875
410.875
410.875
415.916
415.916
415.426
415.426
415.426
649.484
649.484
649.484
649.484
649.484
546.25
546.25
546.25
546.25
546.25
574.711
574.711
574.711
574.711
574.711
516
516
516
516
516
616.894
616.894
616.894
616.894
616.894
228.557
228.557
228.557
228.557
228.557
587.391
587.391
587.391
587.391
587.391
595.712
595.712
595.712
595.712
595.712
420.75
420.75
420.75
420.75
420.75
741.375
741.375
741.375
741.375
741.375
572.438
572.438
572.438
572.438
572.438
462
462
462
462
462
692.82
692.82
692.82
692.82
692.82
270.228
270.228
270.228
270.228
270.228
363.125
363.125
363.125
363.125
363.125
616.861
616.861
616.861
616.861
616.861
451.446
451.446
451.446
451.446
451.446
676.552
676.552
676.552
676.552
676.552
726
726
726
726
726
440.942
440.942
440.942
440.942
440.942
490.404
490.404
490.404
490.404
490.404
386.647
386.647
386.647
386.647
386.647
278.943
278.943
278.943
278.943
278.943
498.773
498.773
498.773
498.773
498.773
351.138
351.138
351.138
351.138
351.138
327.5
327.5
327.5
327.5
327.5
745.719
745.719
745.719
745.719
745.719
405
405
405
405
405
591.783
591.783
591.783
591.783
591.783
521
521
521
521
521
337.906
337.906
337.906
337.906
337.906
319.797
319.797
319.797
319.797
319.797
408.037
408.037
408.037
408.037
408.037
418.75
418.75
418.75
418.75
418.75
633.32
633.32
633.32
633.32
633.32
428.844
428.844
428.844
428.844
428.844
569.813
569.813
569.813
569.813
569.813
606.207
606.207
606.207
606.207
606.207
657.781
657.781
657.781
657.781
657.781
681.813
681.813
681.813
681.813
681.813
523.428
523.428
523.428
523.428
523.428
402.846
402.846
402.846
402.846
402.846
368.875
368.875
368.875
368.875
368.875
529.915
529.915
529.915
529.915
529.915
533.75
533.75
533.75
533.75
533.75
427.75
427.75
427.75
427.75
427.75
349
349
349
349
349
489.941
489.941
489.941
489.941
489.941
613.904
613.904
613.904
613.904
613.904
275.453
275.453
275.453
275.453
275.453
449.219
449.219
449.219
449.219
449.219
390.385
390.385
390.385
390.385
390.385
522.641
522.641
522.641
522.641
522.641
0
