0
0
0
0
0
0
0
0
0
0
0
0
0
0
0
0
0
0
0
0
0
0
0
0
0
0
0
0
0
0
0
0
0
0
0
0
0
0
0
0
0
0
0
0
0
0
0
0
0
0
0
0
0
0
0
0
0
0
0
0
0
0
0
0
0
0
0
0
0
0
0
0
0
0
0
0
0
0
0
0
0
0
0
0
0
0
0
0
0
0
0
0
0
0
0
0
0
0
0
0
0
0
0
0
0
0
0
0
0
0
0
0
0
0
0
0
0
0
0
0
0
0
0
0
0
0
0
0
0
0
0
0
0
0
0
0
0
0
0
0
0
0
0
0
0
0
0
0
0
0
0
0
0
0
0
0
0
0
0
0
0
0
0
0
0
0
0
0
0
0
0
0
0
0
0
0
0
0
0
0
0
0
0
0
0
0
0
0
0
0
0
0
0
0
0
0
0
0
0
737.588
737.588
737.588
737.588
737.588
434.602
434.602
434.602
434.602
434.602
651.817
651.817
651.817
651.817
651.817
746.614
746.614
746.614
746.614
746.614
780.899
780.899
780.899
780.899
780.899
769.586
769.586
769.586
769.586
769.586
735.744
735.744
735.744
735.744
735.744
794.389
794.389
794.389
794.389
794.389
554.726
554.726
554.726
554.726
554.726
758.72
758.72
758.72
758.72
758.72
493.932
493.932
493.932
493.932
493.932
769.142
769.142
769.142
769.142
769.142
730.293
730.293
730.293
730.293
730.293
593.662
593.662
593.662
593.662
593.662
756.775
756.775
756.775
756.775
756.775
749.863
749.863
749.863
749.863
749.863
758.881
758.881
758.881
758.881
758.881
777.665
777.665
777.665
777.665
777.665
755.808
755.808
755.808
755.808
755.808
731.559
731.559
731.559
731.559
731.559
770.731
770.731
770.731
770.731
770.731
596.14
596.14
596.14
596.14
596.14
441.244
441.244
441.244
441.244
441.244
712.697
712.697
712.697
712.697
712.697
631.752
631.752
631.752
631.752
631.752
384.506
384.506
384.506
384.506
384.506
495.055
495.055
495.055
495.055
495.055
402.25
402.25
402.25
402.25
402.25
262.407
262.407
262.407
262.407
262.407
356.396
356.396
356.396
356.396
356.396
735.902
735.902
735.902
735.902
735.902
706.557
706.557
706.557
706.557
706.557
650.386
650.386
650.386
650.386
650.386
546.944
546.944
546.944
546.944
546.944
729.984
729.984
729.984
729.984
729.984
764.784
764.784
764.784
764.784
764.784
753.028
753.028
753.028
753.028
753.028
761.814
761.814
761.814
761.814
761.814
710.355
710.355
710.355
710.355
710.355
732.762
732.762
732.762
732.762
732.762
732.637
732.637
732.637
732.637
732.637
769.369
788.739
788.739
788.739
788.739
745.582
745.582
745.582
745.582
745.582
781.304
781.304
781.304
781.304
781.304
777.512
777.512
777.512
777.512
777.512
769.311
769.311
769.311
769.311
769.311
791.939
791.939
791.939
791.939
791.939
771.604
771.604
771.604
771.604
771.604
775.724
775.724
775.724
775.724
775.724
788.176
788.176
788.176
788.176
788.176
782.079
782.079
782.079
782.079
782.079
765.538
765.538
765.538
765.538
765.538
765.476
765.476
765.476
765.476
765.476
786.392
786.392
786.392
786.392
786.392
771.137
771.137
771.137
771.137
771.137
793.255
793.255
793.255
793.255
793.255
785.089
785.089
785.089
785.089
785.089
773.421
773.421
773.421
773.421
773.421
763.151
763.151
763.151
763.151
763.151
796.261
796.261
796.261
796.261
796.261
784.622
784.622
784.622
784.622
784.622
772.679
772.679
772.679
772.679
772.679
758.481
758.481
758.481
758.481
758.481
735.139
735.139
735.139
735.139
735.139
714.705
714.705
714.705
714.705
714.705
720.376
720.376
720.376
720.376
720.376
616.631
616.631
616.631
616.631
616.631
699.928
699.928
699.928
699.928
699.928
589.508
589.508
589.508
589.508
589.508
543.375
543.375
543.375
543.375
543.375
775.19
775.19
775.19
775.19
775.19
755.326
755.326
755.326
755.326
755.326
726.805
726.805
726.805
726.805
726.805
768.535
768.535
768.535
768.535
768.535
772.705
772.705
772.705
772.705
772.705
534.123
534.123
534.123
534.123
534.123
724.651
724.651
724.651
724.651
724.651
741.009
741.009
741.009
741.009
741.009
776.278
776.278
776.278
776.278
776.278
725.965
725.965
725.965
725.965
725.965
618.383
618.383
618.383
618.383
618.383
686.377
686.377
686.377
686.377
686.377
615.229
615.229
615.229
615.229
615.229
490.947
490.947
490.947
490.947
490.947
775.516
775.516
775.516
775.516
775.516
790.538
790.538
790.538
790.538
790.538
777.967
777.967
777.967
777.967
777.967
756.116
756.116
756.116
756.116
756.116
786.657
786.657
786.657
786.657
786.657
777.017
777.017
777.017
777.017
777.017
720.089
720.089
720.089
720.089
720.089
686.014
686.014
686.014
686.014
686.014
751.899
751.899
751.899
751.899
751.899
766.063
766.063
766.063
766.063
766.063
796.301
796.301
796.301
796.301
796.301
781.197
781.197
781.197
781.197
781.197
773.74
773.74
773.74
773.74
773.74
743.914
743.914
743.914
743.914
743.914
781.84
781.84
781.84
781.84
781.84
781.321
781.321
781.321
781.321
781.321
763.817
763.817
763.817
763.817
763.817
787.401
787.401
787.401
787.401
787.401
782.532
782.532
782.532
782.532
782.532
786.511
786.511
786.511
786.511
786.511
784.638
784.638
784.638
784.638
784.638
761.559
761.559
761.559
761.559
761.559
783.202
783.202
783.202
783.202
783.202
766.422
766.422
766.422
766.422
766.422
765.056
765.056
765.047
765.047
765.047
691.85
691.85
691.85
691.85
691.85
716.68
716.68
716.68
716.68
716.68
501.327
501.327
501.327
501.327
501.327
598.511
598.511
598.511
598.511
598.511
759.655
759.655
759.655
759.655
759.655
712.249
712.249
712.249
712.249
712.249
322.504
322.504
322.504
322.504
322.504
474.649
474.649
474.649
474.649
474.649
732.26
732.26
732.26
732.26
732.26
289.333
289.333
289.333
289.333
289.333
368.25
368.25
368.25
368.25
368.25
661.859
661.859
661.859
661.859
661.859
746.066
746.066
746.066
746.066
746.066
755.189
755.189
755.189
755.189
755.189
766.13
766.13
766.13
766.13
766.13
764.98
764.98
764.98
764.98
764.98
758.388
758.388
758.388
758.388
758.388
751.772
751.772
751.772
751.772
751.772
717.088
717.088
717.088
717.088
717.088
771.809
771.809
771.809
771.809
771.809
726.399
726.399
726.399
726.399
726.399
775.421
775.421
775.421
775.421
775.421
787.833
787.833
787.833
787.833
787.833
785.445
785.445
785.445
785.445
785.445
745.03
745.03
745.03
745.03
745.03
796.981
796.981
796.981
796.981
796.981
788.242
788.242
788.242
788.242
788.242
777.486
777.486
777.486
777.486
777.486
784.691
784.691
784.691
784.691
784.691
767.828
767.828
767.828
767.828
767.828
782.355
782.355
782.355
782.355
782.355
772.351
772.351
772.351
772.351
772.351
750.433
750.433
750.433
750.433
750.433
738.734
738.734
738.734
738.734
738.734
764.037
764.037
764.037
764.037
764.037
720.926
720.926
720.926
720.926
720.926
697.263
697.263
697.263
697.263
697.263
474.202
474.202
474.202
474.202
474.202
780.231
780.231
780.231
780.231
780.231
752.58
752.58
752.58
752.58
752.58
590.169
590.169
590.169
590.169
590.169
701.482
701.482
701.482
701.482
701.482
364.135
364.135
364.135
364.135
364.135
552.851
552.851
552.851
552.851
552.851
347.691
347.691
347.691
347.691
347.691
519.893
519.893
519.893
519.893
519.893
739.101
739.101
739.101
739.101
739.101
723.707
723.707
723.707
723.707
723.707
669.655
669.655
669.655
669.655
669.655
753.636
753.636
753.636
753.636
753.636
654.554
654.554
654.554
654.554
654.554
750.765
750.765
750.765
750.765
750.765
745.373
745.373
745.373
745.373
745.373
740.348
740.348
740.348
740.348
740.348
784.883
784.883
784.883
784.883
784.883
745.806
745.861
745.861
745.861
745.861
762.747
762.747
762.747
762.747
762.747
750.21
750.21
750.21
750.21
750.21
780.81
780.81
780.81
780.81
780.81
781.275
781.275
781.275
781.275
781.275
781.754
781.754
781.754
781.754
781.754
767.91
767.91
767.91
767.91
767.91
788.471
788.471
788.471
788.471
788.471
783.109
783.109
783.109
783.109
783.109
790.522
790.522
790.522
790.522
790.522
787.817
787.817
787.817
787.817
787.817
784.794
784.794
784.794
784.794
784.794
783.56
783.56
783.56
783.56
783.56
779.111
779.111
779.111
779.111
779.111
777.476
777.476
777.476
777.476
777.476
778.419
778.419
778.419
778.419
778.419
774.967
774.967
774.967
774.967
774.967
765.574
765.574
765.574
765.574
765.574
702.659
702.659
702.659
702.659
702.659
773.049
773.049
773.049
773.049
773.049
774.133
774.133
774.133
774.133
774.133
761.93
761.93
761.93
761.93
761.93
758.226
758.226
758.226
758.226
758.226
772.332
772.332
772.332
772.332
772.332
740.345
740.345
740.345
740.345
740.345
680.216
680.216
680.216
680.216
680.216
411.097
411.097
411.097
411.097
411.097
463.78
463.78
463.78
463.78
463.78
697.772
697.772
697.772
697.772
697.772
543.024
543.024
543.024
543.024
543.024
685.906
685.906
685.906
685.906
685.906
543.955
543.955
543.955
543.955
543.955
442.623
442.623
442.623
442.623
442.623
333.064
333.064
333.064
333.064
333.064
758.025
758.025
758.025
758.025
758.025
745.672
745.672
745.672
745.672
745.672
763.961
763.961
763.961
763.961
763.961
738.689
738.689
738.689
738.689
738.689
777.429
777.429
777.429
777.429
777.429
767.839
767.839
767.839
767.839
767.839
767.337
767.337
767.337
767.337
767.337
769.666
769.666
769.666
769.666
769.666
758.83
758.83
758.83
758.83
758.83
744.079
744.079
744.079
744.079
744.079
748.113
748.113
748.113
748.113
748.113
532.492
532.492
580.485
580.485
580.485
434.413
434.413
434.413
434.413
434.413
682.719
682.719
682.719
682.719
682.719
200.311
200.311
200.311
200.311
200.311
442.884
442.884
442.884
442.884
442.884
570.943
570.943
570.943
570.943
570.943
785.597
785.597
785.597
785.597
785.597
729.481
729.481
729.481
729.481
729.481
716.592
716.592
716.592
716.592
716.592
551.936
551.936
551.936
551.936
551.936
778.39
778.39
778.39
778.39
778.39
784.107
784.107
784.107
784.107
784.107
761.704
761.704
761.704
761.704
761.704
625.88
625.88
625.88
625.88
625.88
685.297
685.297
685.297
685.297
685.297
631.198
631.198
631.198
631.198
631.198
719.096
719.096
719.096
719.096
719.096
346.973
346.973
346.973
346.973
346.973
398.894
398.894
398.894
398.894
398.894
391.791
391.791
391.791
391.791
391.791
654.938
654.938
654.938
654.938
654.938
361.108
361.108
361.108
361.108
361.108
702.879
702.879
702.879
702.879
702.879
469.029
469.029
469.029
469.029
469.029
750.249
750.249
750.249
750.249
750.249
743.944
743.944
743.944
743.944
743.944
697.583
697.583
697.583
697.583
697.583
772.757
772.757
772.757
772.757
772.757
768.577
768.577
768.577
768.577
768.577
736.59
736.59
736.59
736.59
736.59
792.076
792.076
792.076
792.076
792.076
777.011
777.011
777.011
777.011
777.011
756.612
756.612
756.612
756.612
756.612
731.797
731.797
731.797
731.797
731.797
760.25
760.25
760.25
760.25
760.25
791.18
791.18
791.18
791.18
791.18
703.424
703.424
703.424
703.424
703.424
531.432
531.432
531.432
531.432
531.432
704.596
704.596
704.597
704.597
704.597
785.83
785.83
785.83
785.83
785.83
782.597
782.597
782.597
782.597
782.597
775.836
775.836
775.836
775.836
775.836
775.637
775.637
775.637
775.637
775.637
531.137
531.137
531.137
531.137
531.137
785.685
785.685
785.685
785.685
785.685
778.781
778.781
778.782
778.782
778.782
743.581
743.581
743.581
743.581
743.581
325.736
325.736
325.736
325.736
325.736
735.832
735.832
735.832
735.832
735.832
606.803
606.803
606.803
606.803
606.803
672.362
672.362
672.362
672.362
672.362
741.075
741.075
741.075
741.075
741.075
576.188
576.188
576.188
576.188
576.188
492.984
492.984
492.984
492.984
492.984
552.492
552.492
552.492
552.492
552.492
469.574
469.574
469.574
469.574
469.574
703.014
703.014
703.014
703.014
703.014
779.281
779.281
779.281
779.281
779.281
761.076
761.076
761.076
761.076
761.076
755.269
755.269
755.269
755.269
755.269
609.849
609.849
609.849
609.849
609.849
611.531
611.531
611.531
611.531
611.531
754.352
754.352
754.352
754.352
754.352
774.042
774.042
774.042
774.042
774.042
695.175
695.175
695.175
695.175
695.175
438.273
438.273
438.273
438.273
438.273
762.925
762.925
762.925
762.925
762.925
481.076
481.076
481.076
481.076
481.076
575.262
575.262
575.262
575.262
575.262
741.126
741.126
741.126
741.126
741.126
747.182
747.182
747.182
747.182
747.182
770.065
770.065
770.092
770.092
770.092
736.167
736.167
736.167
736.167
736.167
722.652
722.652
722.652
722.652
722.652
710.117
710.117
710.117
710.117
710.117
771.478
771.478
771.478
771.478
771.478
752.976
752.976
752.976
752.976
752.976
778.187
778.187
778.187
778.187
778.187
701.574
701.574
701.574
701.574
701.574
713.404
713.404
713.404
713.404
713.404
578.288
578.288
578.288
578.288
578.288
337.77
337.77
337.77
337.77
337.77
639.95
639.95
639.95
639.95
639.95
627.303
627.303
627.303
627.303
627.303
771.222
771.222
771.222
771.222
771.222
731.919
731.919
731.919
731.919
731.919
726.274
726.274
726.274
726.274
726.274
675.486
675.486
675.486
675.486
675.486
757.943
757.943
757.943
757.943
757.943
764.707
764.707
764.707
764.707
764.707
772.268
772.268
772.268
772.268
772.268
729.247
729.247
729.247
729.247
729.247
423.57
423.57
423.57
423.57
423.57
702.544
702.361
702.361
702.361
702.361
767.472
767.472
767.472
767.472
767.472
734.667
734.667
734.667
734.667
734.667
524.367
524.367
524.367
524.367
524.367
498.291
498.291
498.291
498.291
498.291
745.307
745.307
745.307
745.307
745.307
766.552
766.552
766.552
766.552
766.552
733.106
733.106
733.106
733.106
733.106
436.634
436.634
436.634
436.634
436.634
729.579
729.579
729.579
729.579
729.579
721.692
721.692
721.692
721.692
721.692
598.313
598.313
598.313
598.313
598.313
684.219
684.219
684.219
684.219
684.219
642.48
642.48
642.48
642.48
642.48
617.644
617.644
617.644
617.644
617.644
744.455
744.455
744.455
744.455
744.455
490.426
490.426
490.426
490.426
490.426
416.489
416.489
416.489
416.489
416.489
607.027
607.027
607.027
607.027
607.027
732.665
732.665
732.665
732.665
732.665
367.488
367.488
367.488
367.488
367.488
470.595
470.595
470.595
470.595
470.595
494.76
494.76
494.76
494.76
494.76
759.739
759.739
759.739
759.739
759.739
732.038
732.038
732.038
732.038
732.038
720.987
720.987
720.987
720.987
720.987
316.371
316.371
316.371
316.371
316.371
221.063
221.063
221.063
221.063
221.063
568.813
568.813
568.813
568.813
568.813
544.487
544.487
544.487
544.487
544.487
580.509
580.509
580.509
580.509
580.509
476.106
476.106
476.106
476.106
476.106
464.924
464.924
464.924
464.924
464.924
761.497
761.497
761.497
761.497
761.497
718.841
718.841
718.841
718.841
718.841
779.574
779.574
779.574
779.574
779.574
775.344
775.344
775.344
775.344
775.344
765.131
765.131
765.131
765.131
765.131
775.901
775.901
775.901
775.901
775.901
747.001
747.001
747.001
747.001
747.001
737.987
737.987
737.987
737.987
737.987
756.312
756.312
756.312
756.312
756.312
785.44
785.44
785.44
785.44
785.44
777.409
777.409
777.409
777.409
777.409
792.008
792.008
792.008
792.008
792.008
780.856
780.856
780.856
780.856
780.856
762.429
762.429
762.429
762.429
762.429
781.805
781.805
781.805
781.805
781.805
777.156
777.156
777.156
777.156
777.156
780.047
780.047
780.047
780.047
780.047
790.59
790.59
790.59
790.59
790.59
780.528
780.528
780.528
780.528
780.528
794.409
794.409
794.409
794.409
794.409
778.369
778.369
778.369
778.369
778.369
792.427
792.427
792.427
792.427
792.427
781.801
781.801
781.801
781.801
781.801
777.707
777.707
777.707
777.707
777.707
797.023
797.023
797.023
797.023
797.023
781.893
781.893
781.893
781.893
781.893
783.955
783.955
783.955
783.955
783.955
775.686
775.686
775.686
775.686
775.686
780.577
780.577
780.577
780.577
780.577
789.247
789.247
789.247
789.247
789.247
790.419
790.419
790.419
790.419
790.419
794.668
794.668
794.668
794.668
794.668
779.476
779.476
779.476
779.476
779.476
776.908
776.908
776.908
776.908
776.908
782.314
782.314
782.314
782.314
782.314
781.981
781.981
781.981
781.981
781.981
788.59
788.59
788.59
788.59
788.59
780.488
780.488
780.488
780.488
780.488
775.027
775.027
775.027
775.027
775.027
779.68
779.68
779.68
779.68
779.68
787.527
787.527
787.527
787.527
787.527
791.013
791.013
791.013
791.013
791.013
792.892
792.892
792.892
792.892
792.892
777.04
777.04
777.04
777.04
777.04
764.191
764.191
764.191
764.191
764.191
791.356
791.356
791.356
791.356
791.356
788.104
788.104
788.104
788.104
788.104
792.16
792.16
792.16
792.16
792.16
786.24
786.24
786.24
786.24
786.24
782.862
782.862
782.862
782.862
782.862
775.196
775.196
775.196
775.196
775.196
793.319
793.319
793.319
793.319
793.319
788.491
788.491
788.491
788.491
788.491
777.867
777.867
777.867
777.867
777.867
787.646
787.646
787.646
787.646
787.646
777.021
777.021
777.021
777.021
777.021
775.65
775.65
775.65
775.65
775.65
789.442
789.442
789.442
789.442
789.442
781.312
781.312
781.312
781.312
781.312
784.362
784.362
784.362
784.362
784.362
791.799
791.799
791.799
791.799
791.799
759.37
759.37
759.37
759.37
759.37
744.891
744.891
744.891
744.891
744.891
780.119
780.119
780.119
780.119
780.119
738.041
738.041
738.041
738.041
738.041
753.142
753.142
753.142
753.142
753.142
762.327
762.327
762.327
762.327
762.327
708.063
708.063
708.063
708.063
708.063
767.487
767.487
767.487
767.487
767.487
781.853
781.853
781.853
781.853
781.853
767.32
767.32
767.32
767.32
767.32
731.875
731.875
731.687
731.687
731.687
665.778
665.778
665.778
665.778
665.778
706.134
706.134
706.134
706.134
706.134
625.57
625.57
625.57
625.57
625.57
437.812
437.812
437.812
437.812
437.812
726.561
726.561
726.561
726.561
726.561
728.108
728.108
728.108
728.108
728.108
566.774
566.774
566.774
566.774
566.774
586.182
586.182
586.182
586.182
586.182
670.591
670.591
670.591
670.591
670.591
606.519
606.519
606.519
606.519
606.519
651.815
651.815
651.815
651.815
651.815
598.826
598.826
598.826
598.826
598.826
616.007
616.007
616.007
616.007
616.007
617.302
617.302
617.302
617.302
617.302
401.646
401.646
401.646
401.646
401.646
759.804
759.804
759.804
759.804
759.804
769.74
769.74
769.74
769.74
769.74
788.516
788.516
788.516
788.516
788.516
789.555
789.555
789.555
789.555
789.555
721.652
721.652
721.652
721.652
721.652
750.392
750.392
750.785
750.785
750.785
759.412
759.412
759.412
759.412
759.412
763.088
763.088
763.088
763.088
763.088
791.446
791.446
791.446
791.446
791.446
790.349
790.349
790.349
790.349
790.349
783.131
783.131
783.131
783.131
783.131
793.158
793.158
793.158
793.158
793.158
779.385
779.385
779.385
779.385
779.385
774.399
774.399
774.399
774.399
774.399
766.245
766.245
766.245
766.245
766.245
782.76
782.76
782.76
782.76
782.76
784.481
784.594
784.594
784.594
784.594
793.751
793.751
793.751
793.751
793.751
775.685
775.685
775.685
775.685
775.685
756.6
756.6
756.6
756.6
756.6
785.056
785.056
785.056
785.056
785.056
778.312
778.312
778.312
778.312
778.312
774.642
774.642
774.642
774.642
774.642
763.412
763.412
763.412
763.412
763.412
789.824
789.824
789.824
789.824
789.824
785.454
785.454
785.454
785.454
785.454
786.921
786.921
786.921
786.921
786.921
777.856
777.856
777.856
777.856
777.856
762.58
762.58
762.58
762.58
762.58
774.281
774.281
774.281
774.281
774.281
683.066
683.066
683.066
683.066
683.066
761.329
761.329
761.329
761.329
761.329
655.385
655.385
655.385
655.385
655.385
616.166
616.166
616.166
616.166
616.166
739.063
739.063
739.063
739.063
739.063
757.314
757.314
757.314
757.314
757.314
766.565
766.565
766.565
766.565
766.565
744.302
744.302
744.302
744.302
744.302
730.504
730.504
730.504
730.504
730.504
638.967
638.967
638.967
638.967
638.967
786.943
786.943
786.943
786.943
786.943
780.043
780.043
780.043
780.043
780.043
772.2
772.2
772.2
772.2
772.2
760.265
760.265
760.265
760.265
760.265
789.41
789.41
789.41
789.41
789.41
755.223
755.223
755.223
755.223
755.223
716.275
716.275
716.275
716.275
716.275
771.497
771.497
771.497
771.497
771.497
786.361
786.361
786.361
786.361
786.361
764.063
764.063
764.063
764.063
764.063
743.325
743.325
743.325
743.325
743.325
778.859
778.859
778.859
778.859
778.859
774.612
774.612
774.612
774.612
774.612
784.18
784.18
784.18
784.18
784.18
752.022
752.022
752.022
752.022
752.022
787.156
787.156
787.156
787.156
787.156
760.335
760.335
760.335
760.335
760.335
773.383
773.383
773.383
773.383
773.383
706.064
706.064
706.064
706.064
706.064
778.007
778.007
778.007
778.007
778.007
765.774
765.774
765.774
765.774
765.774
775.708
775.708
775.708
775.708
775.708
796.186
796.186
796.186
796.186
796.186
793.139
793.139
793.139
793.139
793.139
782.822
782.822
782.822
782.822
782.822
793.014
793.014
793.014
793.014
793.014
788.381
788.381
788.381
788.381
788.381
779.405
779.405
779.405
779.405
779.405
791.815
791.815
791.815
791.815
791.815
788.483
788.483
788.483
788.483
788.483
774.512
774.512
774.512
774.512
774.512
763.377
763.377
763.377
763.377
763.377
784.529
784.529
784.529
784.529
784.529
792.922
792.922
792.922
792.922
792.922
761.995
761.995
761.995
761.995
761.995
789.489
789.489
789.489
789.489
789.489
790.734
790.734
790.734
790.734
790.734
786.476
786.476
786.476
786.476
786.476
788.446
788.446
788.446
788.446
788.446
774.652
774.652
774.652
774.652
774.652
760.539
760.539
760.539
760.539
760.539
771.621
771.621
771.621
771.621
771.621
757.041
757.041
757.041
757.041
757.041
752.087
752.087
752.087
752.087
752.087
786.875
786.875
786.875
786.875
786.875
775.161
775.161
775.161
775.161
775.161
738.165
738.165
738.165
738.165
738.165
759.276
759.771
759.771
759.771
759.771
758.275
758.275
758.275
758.275
758.275
492.681
492.681
492.681
492.681
492.681
401.813
401.813
401.813
401.813
401.813
729.625
729.625
729.625
729.625
729.625
609.158
609.158
609.158
609.158
609.158
338.719
338.719
338.719
338.719
386.439
464.425
464.425
464.425
464.425
464.425
593.102
593.102
593.102
593.102
593.102
714.913
714.913
714.913
714.913
714.913
651.341
651.341
651.341
651.341
651.341
750.971
750.971
750.971
750.971
750.971
638.569
638.569
638.569
638.569
638.569
503.287
503.287
503.287
503.287
503.287
560.066
560.066
560.066
560.066
560.066
542.76
542.76
542.76
542.76
542.76
288.637
288.637
288.637
288.637
288.637
730.687
730.687
730.687
730.687
730.687
783.974
783.974
783.974
783.974
783.974
735.036
735.036
735.036
735.036
735.036
687.028
687.028
687.028
687.028
687.028
758.615
758.615
758.615
758.615
758.615
781.507
781.507
781.507
781.507
781.507
790.38
790.38
790.38
790.38
790.38
788.85
788.85
788.85
788.85
788.85
785.612
785.612
785.612
785.612
785.612
792.103
792.103
792.103
792.103
792.103
778.158
778.158
778.158
778.158
778.158
777.795
777.795
777.795
777.795
777.795
773.332
773.332
773.332
773.332
773.332
789.236
789.236
789.236
789.236
789.236
777.625
777.625
777.625
777.625
777.625
784.922
784.922
784.922
784.922
784.922
786.127
786.127
786.127
786.127
786.127
783.443
783.443
783.443
783.443
783.443
786.311
786.311
786.311
786.311
786.311
785.628
785.628
785.628
785.628
785.628
769.491
769.491
769.491
769.491
769.491
790.469
790.469
790.469
790.469
790.469
789.958
789.958
789.958
789.958
789.958
787.905
787.905
787.905
787.905
787.905
773.406
773.406
773.406
773.406
773.406
787.472
787.472
787.472
787.472
787.472
776.4
776.4
776.4
776.4
776.4
775.998
775.998
775.998
775.998
775.998
763.583
763.583
763.583
763.583
763.583
745.183
745.183
745.183
745.183
745.183
751.31
751.31
751.31
751.31
751.31
649.807
649.807
649.807
649.807
649.807
773.617
773.617
773.617
773.617
773.617
602.227
602.227
602.227
602.227
602.227
367.789
367.789
367.789
367.789
367.789
713.126
713.126
713.126
713.126
713.126
547.842
547.842
547.842
547.842
547.842
734.776
734.776
734.776
734.776
734.776
529.42
529.42
529.42
529.42
529.42
592
592
592
592
592
419.124
419.124
419.124
419.124
419.124
750.707
750.707
750.707
750.707
750.707
743.634
743.634
743.634
743.634
743.634
703.916
703.916
703.916
703.916
703.916
632.238
632.238
632.238
632.238
632.238
308.858
308.858
308.858
308.858
308.858
622.756
622.756
622.756
622.756
622.756
673.785
673.785
673.785
673.785
673.785
747.962
747.962
747.962
747.962
747.962
312.736
312.736
312.736
312.736
312.736
601.41
601.41
601.41
601.41
601.41
462.087
462.086
462.086
462.086
462.086
392.751
392.751
392.751
392.751
392.751
589.351
589.351
589.351
589.351
589.351
644.312
644.312
644.312
644.312
644.312
207.838
207.838
207.838
207.838
207.838
502.923
502.923
502.923
502.923
502.923
459.352
459.352
459.352
459.352
459.352
300.815
300.815
300.815
300.815
300.815
716.565
716.565
716.565
716.565
716.565
688.217
688.217
688.217
688.217
688.217
468.464
468.464
468.464
468.464
468.464
359.563
359.563
359.563
359.563
359.563
746.943
746.943
746.943
746.943
746.943
743.638
743.638
743.638
743.638
743.638
753.619
753.619
753.619
753.619
753.619
780.508
780.508
780.508
780.508
780.508
744.841
744.841
744.841
744.841
744.841
622.568
622.568
622.568
622.568
622.568
598.321
598.321
598.321
598.321
598.321
788.586
788.586
788.586
788.586
788.586
785.089
785.089
785.089
785.089
785.089
775.837
775.837
775.837
775.837
775.837
754.832
754.832
754.832
754.832
754.832
788.643
788.643
788.643
788.643
788.643
748.408
748.408
748.408
748.408
748.408
778.214
778.214
778.214
778.214
778.214
769.005
769.005
769.005
769.005
769.005
753.26
756.519
756.519
756.519
756.519
769.55
769.55
769.55
769.55
769.55
755.149
755.149
755.149
755.149
755.149
774.108
774.108
774.108
774.108
774.108
770.504
770.504
770.504
770.504
770.504
675.273
675.273
675.273
675.273
675.273
742.584
742.584
742.584
742.584
742.584
444.676
444.676
444.676
444.676
444.676
257.375
257.375
257.375
257.375
257.375
741.597
741.597
741.597
741.597
741.597
714.449
714.449
714.449
714.449
714.449
724.256
724.256
724.256
724.256
724.256
773.327
773.327
773.327
773.327
773.327
778.684
778.684
778.684
778.684
778.684
783.365
783.365
783.365
783.365
783.365
773.528
773.528
773.528
773.528
773.528
794.42
794.42
794.42
794.42
794.42
779.588
779.588
779.588
779.588
779.588
771.408
771.408
771.408
771.408
771.408
784.492
784.492
784.492
784.492
784.492
773.73
773.73
773.73
773.73
773.73
752.287
752.287
752.287
752.287
752.287
784.267
784.267
784.267
784.267
784.267
759.449
759.449
759.449
759.449
759.449
753.956
753.956
753.956
753.956
753.956
714.25
714.25
714.25
714.25
714.25
687.102
687.102
687.102
687.102
687.102
756.459
756.459
756.459
756.459
756.459
708.426
708.426
708.426
708.426
708.426
341.519
341.519
341.519
341.519
341.519
584.374
584.374
584.374
584.374
584.374
778.02
778.02
778.02
778.02
778.02
736.552
736.552
736.552
736.552
736.552
744.189
744.189
744.189
744.189
744.189
765.908
765.908
765.908
765.908
765.908
453.845
453.845
453.845
453.845
453.845
667.038
667.038
667.038
667.038
667.038
717.683
717.683
717.683
717.683
717.683
709.177
709.177
709.177
709.177
709.177
287.6
287.6
287.6
287.6
287.6
424.21
424.21
424.21
424.21
424.21
491.567
491.567
491.567
491.567
491.567
512.752
512.752
512.752
512.752
512.752
757.593
757.593
757.593
757.593
757.593
436.139
436.139
436.139
436.139
436.139
680.432
680.432
680.432
680.432
680.432
646.084
646.084
646.084
646.084
646.084
654.161
654.161
654.161
654.161
654.161
626.284
626.284
626.284
626.284
626.284
739.381
739.381
739.381
739.381
739.381
771.677
771.677
771.677
771.677
771.677
768.739
768.739
768.739
768.739
768.739
761.844
761.844
761.844
761.844
761.844
723.574
723.574
723.574
723.574
723.574
758.277
758.277
758.277
758.277
758.277
768.198
768.198
768.198
768.198
768.198
776.411
776.411
776.411
776.411
776.411
783.065
783.065
783.065
783.065
783.065
498.779
498.779
498.779
498.779
498.779
705.725
705.725
705.725
705.725
705.725
751.737
751.737
751.737
751.737
751.737
759.042
759.042
759.042
759.042
759.042
402.2
402.2
402.2
402.2
402.2
739.08
739.08
728.16
728.16
728.16
618.71
618.71
618.71
618.71
618.71
727.426
727.426
727.426
727.426
727.426
582.81
582.81
582.81
582.81
582.81
676.272
676.272
676.272
676.272
676.272
759.617
759.617
759.617
759.617
759.617
705.136
705.136
705.136
705.136
705.136
789.458
789.458
789.458
789.458
789.458
761.727
761.727
761.727
761.727
761.727
790.851
790.851
790.851
790.851
790.851
790.454
790.454
790.454
790.454
790.454
775.297
775.297
775.297
775.297
775.297
769.984
769.984
769.984
769.984
769.984
777.412
777.412
777.412
777.412
777.412
753.57
753.57
753.57
753.57
753.57
674.399
674.399
674.399
674.399
674.399
726.092
726.092
726.092
726.092
726.092
634.732
634.732
634.732
634.732
634.732
739.543
739.543
739.543
739.543
739.543
739.27
739.27
739.27
739.27
739.27
756.348
756.348
756.348
756.348
756.348
634.239
634.239
634.239
634.239
634.239
695.481
695.481
695.481
695.481
695.481
784.831
784.831
784.831
784.831
784.831
671.612
671.612
671.612
671.612
671.612
448.744
448.744
448.744
448.744
448.744
498.413
498.413
498.413
498.413
498.413
717.869
717.869
717.869
717.869
717.869
584.078
584.078
584.078
584.078
584.078
759.022
759.022
759.022
759.022
759.022
588.237
588.237
588.237
588.237
588.237
719.298
719.298
719.298
719.298
719.298
561.807
561.807
561.81
561.81
561.81
571.001
571.001
571.001
571.001
571.001
780.231
780.231
780.231
780.231
780.231
774.303
774.303
774.303
774.303
774.303
767.524
767.524
767.524
767.524
767.524
774.796
774.796
774.796
774.796
774.796
783.042
783.042
783.042
783.042
783.042
779.603
779.603
779.603
779.603
779.603
770.409
770.409
770.409
770.409
770.409
768.308
768.308
768.308
768.308
768.308
749.671
749.671
749.671
749.671
749.671
796.041
796.041
796.041
796.041
796.041
778.915
778.915
778.915
778.915
778.915
692.62
692.62
692.62
692.62
692.62
771.287
771.287
771.287
771.287
771.287
789.966
789.966
789.966
789.966
789.966
787.52
787.52
787.52
787.52
787.52
775.557
784.614
784.614
784.614
784.614
776.908
776.908
776.908
776.908
776.908
769.214
769.214
769.214
769.214
769.214
748.46
748.46
748.46
748.46
748.46
676.498
676.498
676.498
676.498
676.498
760.664
760.664
760.664
760.664
760.664
696.595
696.595
696.595
696.595
696.595
686.23
686.23
686.23
686.23
686.23
676.964
676.964
676.964
676.964
676.964
288.715
288.715
288.715
288.715
288.715
530.733
530.733
530.733
530.733
530.733
399.613
399.613
399.613
399.613
399.613
750.65
750.65
750.65
750.65
750.65
774.408
774.408
774.408
774.408
774.408
776.588
776.588
776.588
776.588
776.588
750.233
750.233
750.233
750.233
750.233
666.444
666.444
666.444
666.444
666.444
768.01
768.01
768.01
768.01
768.01
716.933
716.933
716.933
716.933
716.933
769.938
769.938
769.938
769.938
769.938
790.829
790.829
790.829
790.829
790.829
777.686
777.686
777.686
777.686
777.686
759.543
759.543
759.543
759.543
759.543
763.505
763.505
763.505
763.505
763.505
780.999
780.999
780.999
780.999
780.999
776.536
776.536
776.536
776.536
776.536
746.806
746.806
746.806
746.806
746.806
786.093
786.093
786.093
786.093
786.093
770.127
770.127
770.127
770.127
770.127
779.784
779.784
779.784
779.784
779.784
771.19
771.19
771.19
771.19
771.19
719.911
719.911
719.911
719.911
719.911
690.083
690.083
690.083
690.083
690.083
729.417
729.417
729.417
729.417
729.417
757.811
757.811
757.811
757.811
757.811
786.318
786.318
786.318
786.318
786.318
775.477
775.477
775.477
775.477
775.477
774.915
774.915
774.915
774.915
774.915
780.419
780.419
780.419
780.419
780.419
779.492
779.492
779.492
779.492
779.492
741.045
741.045
741.045
741.045
741.045
779.968
779.968
779.968
779.968
779.968
778.592
778.592
778.592
778.592
778.592
779.464
779.464
779.464
779.464
779.464
788.548
788.548
788.548
788.548
788.548
785.053
785.053
785.053
785.053
785.053
770.424
770.424
770.424
770.424
770.424
788.681
788.681
788.681
788.681
788.681
792.122
792.122
792.122
792.122
792.122
789.581
789.581
789.581
789.581
789.581
778.763
778.763
778.763
778.763
778.763
762.374
762.374
762.374
762.374
762.374
754.336
754.336
754.336
754.336
754.336
781.856
781.856
781.856
781.856
781.856
755.756
755.756
755.756
755.756
755.756
741.358
741.358
741.358
741.358
741.358
703.508
703.508
703.508
703.508
703.508
716.885
716.885
716.885
716.885
716.885
607.86
607.86
607.907
607.907
607.907
579.744
579.744
579.744
579.744
579.744
574.906
574.906
574.906
574.906
574.906
343.852
343.852
343.852
343.852
343.852
430.807
430.807
430.807
430.807
430.807
731.432
731.432
731.432
731.432
731.432
738.349
738.349
738.349
738.349
738.349
747.933
747.933
747.933
747.933
747.933
431.144
431.144
431.144
431.144
431.144
481.843
481.843
481.843
481.843
481.843
445.37
445.37
445.37
445.37
445.37
348.844
348.844
348.844
348.844
348.844
773.246
773.246
773.246
773.246
773.246
750.002
750.002
750.002
750.002
750.002
518.406
518.406
518.406
518.406
518.406
535.406
535.406
535.406
535.406
535.406
643.022
643.022
643.022
643.022
643.022
760.272
760.272
760.272
760.272
760.272
612.898
612.898
612.898
612.898
612.898
707.645
707.645
707.645
707.645
707.645
688.294
688.294
688.294
688.294
688.294
659.791
659.791
659.791
659.791
659.791
634.018
634.018
634.018
634.018
634.018
761.888
761.888
761.888
761.888
761.888
544.185
544.185
544.185
544.185
544.185
368.502
368.502
368.502
368.502
368.502
755.125
755.125
755.125
755.125
755.125
699.414
699.414
699.414
699.414
699.414
640.891
640.891
640.891
640.891
640.891
229.679
229.679
229.679
229.679
229.679
445.456
445.456
445.456
445.456
445.456
373.309
373.309
373.309
373.309
373.309
522.594
522.594
522.594
522.594
522.594
607.421
607.421
607.421
607.421
607.421
760.507
760.507
760.507
760.507
760.507
748.32
748.32
748.32
748.32
748.32
557.453
557.453
557.453
557.453
557.453
427.602
427.602
427.602
427.602
427.602
774.279
774.279
774.279
774.279
774.279
772.023
772.023
772.023
772.023
772.023
714.466
714.466
714.466
714.466
714.466
687.335
687.335
687.335
687.335
687.335
746.603
746.603
746.603
746.603
746.603
752.694
752.694
752.694
752.694
752.694
678.448
678.448
678.448
678.448
678.448
756.779
756.779
756.779
756.779
756.779
774.542
774.542
774.542
774.542
774.542
788.592
788.592
788.592
788.592
788.592
777.797
777.797
777.797
777.797
777.797
761.752
761.752
761.752
761.752
761.752
764.685
764.685
764.685
764.685
764.685
765.943
765.943
765.943
765.943
765.943
717.551
717.551
717.551
717.551
717.551
790.589
790.589
790.589
790.589
790.589
699.785
699.785
699.785
699.785
699.785
727.701
727.701
727.701
727.701
727.701
731.969
731.969
731.969
731.969
731.969
729.979
729.979
729.979
729.979
729.979
763.498
763.498
763.498
763.498
763.498
743.596
743.596
743.596
743.596
743.596
770.26
770.26
770.26
770.26
770.26
773.856
773.856
773.856
773.856
773.856
749.475
749.475
749.475
749.475
749.475
506.616
506.616
506.616
506.616
506.616
511.266
511.266
511.266
511.266
511.266
758.572
758.572
758.572
758.572
758.572
754.509
754.509
754.509
754.509
754.509
762.505
762.505
762.505
762.505
762.505
784.965
784.965
784.965
784.965
784.965
757.468
757.468
757.468
757.468
757.468
781.5
781.5
781.5
781.5
781.5
729.141
729.141
729.141
729.141
729.141
587.138
587.138
587.038
587.038
587.038
733.59
733.59
733.59
733.59
733.59
400.338
400.338
400.338
400.338
400.338
621.516
621.516
621.516
621.516
621.516
535.248
535.248
535.248
535.248
535.248
561.817
561.817
561.817
561.817
561.817
594.602
594.602
594.602
594.602
594.602
756.357
756.357
756.357
756.357
756.357
769.925
769.925
769.933
769.933
769.933
531.125
531.125
531.125
531.125
531.125
760.668
760.668
760.668
760.668
760.668
707.385
707.385
707.385
707.385
707.385
748.237
748.237
748.237
748.237
748.237
773.614
773.614
773.614
773.614
773.614
766.988
766.988
766.988
766.988
766.988
768.651
768.651
768.651
768.651
768.651
788.704
788.704
788.704
788.704
788.704
774.906
774.906
774.906
774.906
774.906
774.579
774.579
774.579
774.579
774.579
769.089
769.089
769.089
769.089
769.089
759.572
759.572
759.572
759.572
759.572
736.812
736.812
736.812
736.812
736.812
614.205
614.205
614.205
614.205
614.205
510.499
510.499
510.499
510.499
510.499
742.506
742.506
742.506
742.506
742.506
776.728
776.728
776.728
776.728
776.728
725.059
725.059
725.059
725.059
725.059
721.607
721.607
721.607
721.607
721.607
741.955
741.955
741.955
741.955
741.955
782.289
782.289
782.289
782.289
782.289
705.144
705.144
705.144
705.144
705.144
485.194
485.194
485.194
485.194
485.194
774.377
774.377
774.377
774.377
774.377
759.276
759.276
759.276
759.276
759.276
795.832
795.832
795.832
795.832
795.832
793.528
793.528
793.528
793.528
793.528
771.566
771.566
771.566
771.566
771.566
792.702
792.702
792.702
792.702
792.702
777.632
777.632
777.632
777.632
777.632
776.957
776.957
776.957
776.957
776.957
771.176
771.176
771.176
771.176
771.176
765.764
765.764
765.764
765.764
765.764
769.633
769.633
769.633
769.633
769.633
768.687
768.687
768.687
768.687
768.687
751.579
751.579
751.579
751.579
751.579
751.888
751.888
751.888
751.888
751.888
748.123
748.123
748.123
748.123
748.123
470.812
470.812
470.812
470.812
470.812
694.773
694.773
694.773
694.773
694.773
403.213
403.213
403.213
403.213
403.213
595.276
595.276
595.276
595.276
595.276
632.582
632.582
632.582
632.582
632.582
382.868
382.868
382.868
382.868
382.868
458.066
458.066
458.066
458.066
458.066
676.295
676.295
676.295
676.295
676.295
483.906
483.906
483.906
483.906
483.906
497.076
497.076
497.076
497.076
497.076
588.457
588.457
588.457
588.457
588.457
578.9
578.9
578.9
578.9
578.9
746.258
746.258
746.258
746.258
746.258
682.094
682.094
682.094
682.094
682.094
712.168
712.168
712.168
712.168
712.168
687.31
687.31
687.31
687.31
687.31
474.866
474.866
474.866
474.866
474.866
608.34
608.34
608.34
608.34
608.34
414.07
414.07
414.07
414.07
414.07
341
341
341
341
341
695.645
695.645
695.645
695.645
695.645
551.328
551.328
551.328
551.328
551.328
457.658
457.658
457.658
457.658
457.658
415.718
415.718
415.718
415.718
415.718
662.707
662.707
662.707
662.707
662.707
740.535
740.535
740.535
740.535
740.535
729.079
729.079
729.079
729.079
729.079
771.706
771.706
771.706
771.706
771.706
468.392
468.392
468.392
468.392
468.392
677.815
677.815
677.815
677.815
677.815
633.881
633.881
633.881
633.881
633.881
664.882
664.882
664.882
664.882
664.882
711.044
711.044
711.044
711.044
711.044
740.145
740.145
740.145
740.145
740.145
446.663
446.663
446.663
446.663
446.663
535.835
535.835
535.835
535.835
535.835
560.111
560.111
560.111
560.111
560.111
760.846
760.846
760.846
760.846
760.846
779.695
779.695
779.695
779.695
779.695
761.453
761.453
761.453
761.453
761.453
712.336
712.336
712.336
712.336
712.336
751.778
751.778
751.778
751.778
751.778
790.7
790.7
790.7
790.7
790.7
612.196
612.196
612.196
612.196
612.196
771.338
771.338
771.338
771.338
771.338
743.111
743.111
743.111
743.111
743.111
777.316
777.316
777.316
777.316
777.316
771.466
771.466
771.466
771.466
771.466
777.437
777.437
777.437
777.437
777.437
738.893
738.893
738.893
738.893
738.893
752.113
752.113
752.113
752.113
752.113
752.77
752.77
752.77
752.77
752.77
702.504
702.504
702.504
702.504
702.504
670.525
670.525
670.525
670.525
670.525
780.952
780.952
780.952
780.952
780.952
719.63
719.63
719.63
719.63
719.63
608.639
608.639
608.639
608.639
608.639
761.268
761.268
761.268
761.268
761.268
792.772
792.772
792.772
792.772
792.772
777.65
777.65
777.666
777.666
777.666
762.12
762.12
762.12
762.12
762.12
773.653
773.653
773.653
773.653
773.653
766.134
766.134
766.134
766.134
766.134
773.166
773.166
773.166
773.166
773.166
761.021
761.021
761.021
761.021
761.021
704.695
704.695
704.695
704.695
704.695
728.54
728.54
728.54
728.54
728.54
760.12
760.12
760.12
760.12
760.12
0
