0
0
0
0
743.134
743.134
743.134
743.134
743.134
665.056
665.056
665.056
665.056
665.056
561.305
561.305
561.317
561.317
561.317
566.755
566.755
566.755
566.755
566.755
616.353
616.353
616.353
616.353
616.353
738.279
738.279
738.279
738.279
738.279
749.013
749.013
749.013
749.013
749.013
714.979
714.979
714.979
714.979
714.979
748.571
748.571
748.571
748.571
748.571
790.602
790.602
790.602
790.602
790.602
593.805
593.805
593.805
593.805
593.805
612.541
612.541
612.541
612.541
612.541
714.387
714.387
714.387
714.387
714.387
598.646
598.646
598.646
598.646
598.646
707.954
707.954
707.954
707.954
707.954
597.224
597.224
597.224
597.224
597.224
457.943
457.943
457.943
457.943
457.943
705.021
705.021
705.021
705.021
705.021
422.408
422.408
422.408
422.408
422.408
637.082
637.082
637.082
637.082
637.082
682.787
682.787
682.787
682.787
682.787
654.19
654.19
654.19
654.19
654.19
756.693
756.693
756.693
756.693
756.693
770.972
770.972
770.972
770.972
770.972
772.238
772.238
772.238
772.238
772.238
776.997
776.997
776.997
776.997
776.997
754.803
754.803
754.803
754.803
754.803
777.108
777.108
777.108
777.108
777.108
749.052
749.052
749.052
749.052
749.052
761.772
761.772
761.772
761.772
761.772
780.395
780.395
780.395
780.395
780.395
758.443
758.443
758.443
758.443
758.443
773.072
773.072
773.072
773.072
773.072
761.873
761.873
761.873
761.873
761.873
737.401
737.401
737.401
737.401
737.401
758.559
758.559
758.559
758.559
758.559
769.752
769.752
769.752
769.752
769.752
757.481
757.481
757.481
757.481
757.481
744.867
744.867
744.867
744.867
744.867
699.673
699.673
699.673
699.673
699.673
696.105
696.105
696.105
696.105
696.105
559.134
559.134
559.134
559.134
559.134
653.326
653.326
653.326
653.326
653.326
624.199
624.199
624.199
624.199
624.199
778.458
778.458
778.479
778.479
778.479
719.345
719.345
719.345
719.345
719.345
704.166
704.166
704.166
704.166
704.166
458.948
458.948
458.948
458.948
458.948
613.259
613.259
613.259
613.259
613.259
444.227
444.227
444.227
444.227
444.227
638.408
638.408
638.408
638.408
638.408
697.159
697.159
697.159
697.159
697.159
501.074
501.074
501.074
501.074
501.074
649.731
649.731
649.731
649.731
649.731
554.791
554.791
554.791
554.791
554.791
659.278
659.278
659.278
659.278
659.278
553.993
553.993
553.993
553.993
553.993
772.021
772.021
772.021
772.021
772.021
579.207
579.207
579.207
579.207
579.207
654.512
654.512
654.512
654.512
654.512
377.604
376.958
376.958
376.958
376.958
478.607
478.607
478.607
478.607
478.607
543.108
543.108
543.108
543.108
543.108
576.277
576.277
576.277
576.277
576.277
783.531
783.531
783.531
783.531
783.531
769.719
769.719
769.719
769.719
769.719
775.178
775.178
775.178
775.178
775.178
787.758
787.758
787.758
787.758
787.758
769.245
769.245
769.245
769.245
769.245
767.32
767.32
767.32
767.32
767.32
775.632
775.632
775.632
775.632
775.632
736.685
736.685
736.685
736.685
736.685
753.388
753.388
753.388
753.388
753.388
723.477
723.477
723.477
723.477
723.477
557.364
557.364
557.364
557.364
557.364
570.699
570.699
570.699
570.699
570.699
718.48
718.48
718.48
718.48
718.48
755.855
755.855
755.855
755.855
755.855
724.611
724.611
724.611
724.611
724.611
724.905
724.905
724.905
724.905
724.905
769.398
769.398
769.398
769.398
769.398
733.226
733.226
733.226
733.226
733.226
753.329
753.329
753.329
753.329
753.329
430.284
430.284
430.284
430.284
430.284
447.992
447.992
447.992
447.992
447.992
488.952
488.952
488.952
488.952
488.952
472.107
472.107
472.107
472.107
472.107
537.315
537.315
537.315
537.315
537.315
665.074
665.074
665.074
665.074
665.074
756.211
756.211
756.211
756.211
756.211
776.964
776.964
776.964
776.964
776.964
766.109
766.109
766.109
766.109
766.109
457.057
457.057
457.057
457.057
457.057
664.926
664.926
664.926
664.926
664.926
591.024
591.024
591.024
591.024
591.024
739.205
739.205
739.205
739.205
739.205
773.298
773.298
773.298
773.298
773.298
750.858
750.858
750.858
750.858
750.858
739.374
739.374
739.374
739.374
739.374
785.866
785.866
785.866
785.866
785.866
707.694
707.694
707.653
707.653
707.653
737.35
737.35
737.35
737.35
737.35
727.232
727.232
727.232
727.232
727.232
582.945
582.945
582.945
582.945
582.945
362.643
362.643
362.643
362.643
362.643
756.421
756.421
756.421
756.421
756.421
782.56
782.56
782.56
782.56
782.56
744.146
744.146
744.146
744.146
744.146
789.591
789.591
789.591
789.591
789.591
778.318
778.318
778.318
778.318
778.318
734.628
734.628
734.628
734.628
734.628
763.137
763.137
763.137
763.137
763.137
776.475
776.475
776.475
776.475
776.475
731.452
731.452
731.452
731.452
731.452
764.702
764.702
764.702
764.702
764.702
776.407
776.407
776.407
776.407
776.407
760.823
760.823
760.823
760.823
760.823
792.281
792.281
792.281
792.281
792.281
786.633
786.633
786.633
786.633
786.633
764.929
764.929
764.929
764.929
764.929
758.776
758.776
758.776
758.776
758.776
758.661
758.661
758.661
758.661
758.661
792.483
792.483
792.483
792.483
792.483
787.635
787.635
787.635
787.635
787.635
767.547
767.547
767.547
767.547
767.547
759.293
759.293
759.293
759.293
759.293
759.365
759.365
759.365
759.365
759.365
758.13
758.13
758.13
758.13
758.13
742.873
742.873
742.873
742.873
742.873
768.881
768.881
768.881
768.881
768.881
755.629
755.629
755.629
755.629
755.629
722.944
722.944
722.944
722.944
722.944
716.815
716.815
716.815
716.815
716.815
737.439
737.439
737.439
737.439
737.439
575.846
575.846
575.846
575.846
575.846
716.989
716.989
716.989
716.989
716.989
788.617
788.617
788.617
788.617
788.617
762.348
762.348
762.348
762.348
762.348
755.025
755.025
755.025
755.025
755.025
727.502
727.502
727.502
727.502
727.502
644.237
644.237
644.237
644.237
644.237
443.405
443.405
443.405
443.405
443.405
413.202
413.202
413.202
413.202
413.202
591.605
591.605
591.605
591.605
591.605
646.538
646.538
646.538
646.538
646.538
490.458
490.458
490.458
490.458
490.458
143.13
143.13
143.13
143.13
143.13
570.14
570.14
570.14
570.14
570.14
666.832
666.832
666.832
666.832
666.832
680.691
680.691
680.691
680.691
680.691
758.06
758.06
758.06
758.06
758.06
679.69
679.69
679.69
679.69
679.69
411.623
411.623
411.623
411.623
411.623
532.793
532.793
532.793
532.793
532.793
712.825
712.825
712.825
712.825
712.825
493.035
493.035
493.035
493.035
493.035
308.269
308.269
308.269
308.269
308.269
548.12
548.12
548.12
548.12
548.12
632.666
632.666
632.666
632.666
632.666
693.354
693.354
693.354
693.354
693.354
316.093
316.093
316.093
316.093
316.093
348.477
348.477
348.477
348.477
348.477
509.455
509.455
509.455
509.455
509.455
482.663
482.663
482.663
482.663
482.663
774.646
774.646
774.646
774.646
774.646
561.534
561.534
561.534
561.534
561.534
554.592
554.592
554.592
554.592
554.592
155.855
155.855
155.855
155.855
155.855
775.562
775.562
775.562
775.562
775.562
785.887
785.887
785.887
785.887
785.887
765.799
765.799
765.799
765.799
765.799
784.785
784.785
784.785
784.785
784.785
730.239
730.239
730.239
730.239
730.239
685.728
685.728
685.728
685.728
685.728
743.683
743.683
743.683
743.683
743.683
789.781
789.781
789.781
789.781
789.781
742.484
742.484
742.484
742.484
742.484
784.065
784.065
784.065
784.065
784.065
758.589
758.589
758.589
758.589
758.589
773.753
773.753
773.753
773.753
773.753
761.263
761.263
761.263
761.263
761.263
695.442
695.442
695.442
695.442
695.442
509.643
509.643
509.643
509.643
509.643
668.852
668.852
668.852
668.852
668.852
563.365
563.365
563.365
563.365
563.365
398.808
398.808
398.808
398.808
398.808
749.9
749.9
749.9
749.9
749.9
761.867
761.867
761.867
761.867
761.867
760.316
760.316
760.316
760.316
760.316
724.236
724.236
724.236
724.236
724.236
750.721
750.721
750.721
750.721
750.721
754.002
754.002
754.002
754.002
754.002
777.652
777.652
777.652
777.652
777.652
707.762
707.762
707.762
707.762
707.762
751.092
751.092
751.092
751.092
751.092
739.71
739.71
739.71
739.71
739.71
710.736
710.736
710.736
710.736
710.736
647.65
647.65
647.65
647.65
647.65
777.001
777.001
777.001
777.001
777.001
555.347
555.347
555.347
555.347
555.347
712.389
712.389
712.389
712.389
712.389
737.977
737.977
737.977
737.977
737.977
713.777
713.777
713.777
713.777
713.777
451.217
451.217
451.217
451.217
451.217
230.762
230.762
230.762
230.762
230.762
761.569
761.569
761.569
761.569
761.569
747.522
747.522
747.522
747.522
747.522
708.727
708.727
708.727
708.727
708.727
649.278
649.278
649.278
649.278
649.278
777.989
777.989
777.989
777.989
777.989
730.76
730.76
730.76
730.76
730.76
675.863
675.863
675.863
675.863
675.863
757.959
757.959
757.959
757.959
757.959
727.623
727.623
727.623
727.623
727.623
686.371
686.371
686.371
686.371
686.371
752.304
752.304
752.304
752.304
752.304
617.271
617.271
617.271
617.271
617.271
730.271
730.271
730.271
730.271
730.271
735.869
735.869
735.869
735.869
735.869
786.341
786.341
786.341
786.341
786.341
782.173
782.173
782.173
782.173
782.173
784.742
784.742
784.742
784.742
784.742
785.958
785.958
785.958
785.958
785.958
768.943
768.943
768.943
768.943
768.943
764.746
764.746
764.746
764.746
764.746
795.036
795.036
795.036
795.036
795.036
716.475
716.475
716.475
716.475
716.475
788.045
788.045
788.045
788.045
788.045
781.397
781.397
781.397
781.397
781.397
763.351
763.351
763.351
763.351
763.351
733.548
733.548
733.548
733.548
733.548
775.892
775.892
775.892
775.892
775.892
760.426
760.426
760.426
760.426
760.426
773.392
773.392
773.392
773.392
773.392
750.662
750.662
750.662
750.662
750.662
464.195
464.195
464.195
464.195
464.195
731.267
731.267
731.267
731.267
731.267
602.904
602.904
602.904
602.904
602.904
559.549
559.549
559.549
559.549
559.549
429.548
429.548
429.548
429.548
429.548
668.614
668.614
668.614
668.614
668.614
698.416
698.416
698.416
698.416
698.416
438.937
438.937
438.937
438.937
438.937
705.376
705.376
705.376
705.376
705.376
672.888
672.888
673.181
673.181
673.181
464.335
464.335
464.335
464.335
464.335
462.469
462.469
462.469
462.469
462.469
564.561
564.561
564.561
564.561
564.561
483.736
483.736
483.736
483.736
483.736
768.367
768.367
768.367
768.367
768.367
790.904
790.904
790.904
790.904
790.904
782.828
782.833
782.833
782.833
782.833
758.914
758.914
758.914
758.914
758.914
753.615
753.615
753.615
753.615
753.615
712.475
712.475
712.475
712.475
712.475
610.254
610.254
610.254
610.254
610.254
414.375
414.375
414.375
414.375
414.375
722.089
722.089
722.089
722.089
722.089
740.934
740.934
740.934
740.934
740.934
744.806
744.806
744.806
744.806
744.806
320.954
320.954
320.954
320.954
320.954
570.851
570.851
570.851
570.851
570.851
686.878
686.878
686.878
686.878
686.878
335.563
335.563
335.563
335.563
335.563
689.437
689.437
689.437
689.437
689.437
713.658
713.658
713.658
713.658
713.658
390.743
390.743
390.743
390.743
390.743
469.411
469.411
469.411
469.411
469.411
471.234
471.234
471.234
471.234
471.234
758.67
758.67
758.67
758.67
758.67
764.823
764.823
764.823
764.823
764.823
743.635
743.635
743.635
743.635
743.635
591.638
591.638
591.638
591.638
591.638
786.012
786.012
786.012
786.012
786.012
790.589
790.589
790.589
790.589
790.589
773.021
773.021
773.021
773.021
773.021
756.213
756.213
756.213
756.213
756.213
780.333
780.333
780.333
780.333
780.333
718.764
718.764
718.764
718.764
718.764
790.571
790.571
790.571
790.571
790.571
719.385
719.385
719.385
719.385
719.385
704.655
704.655
704.655
704.655
704.655
747.72
747.72
747.72
747.72
747.72
785.761
785.761
785.761
785.761
785.761
782.479
782.479
782.576
782.576
782.576
771.186
771.186
771.186
771.186
771.186
743.713
743.713
743.713
743.713
743.713
654.494
654.494
654.494
654.494
654.494
665.109
665.109
665.109
665.109
665.109
619.816
619.816
619.816
619.816
619.816
767.518
767.518
767.518
767.518
767.518
643.274
643.274
643.274
643.274
643.274
473.315
473.315
473.315
473.315
473.315
673.89
673.89
673.89
673.89
673.89
686.711
686.711
686.711
686.711
686.711
253.569
253.569
253.569
253.569
253.569
550.791
550.791
550.791
550.791
550.791
435.922
435.922
435.922
435.922
435.922
711.31
711.31
711.31
711.31
711.31
666.873
666.873
666.873
666.873
666.873
681.494
681.494
681.494
681.494
681.494
738.201
738.201
738.201
738.201
738.201
701.56
701.56
701.56
701.56
701.56
616.203
616.203
616.203
616.203
616.203
744.927
744.927
744.927
744.927
744.927
783.332
783.332
783.332
783.332
783.332
748.502
748.502
748.502
748.502
748.502
768.945
768.945
768.945
768.945
768.945
709.686
709.686
709.686
709.686
709.686
498.513
498.513
498.513
498.513
498.513
639.705
639.705
639.705
639.705
639.705
505.317
505.317
505.317
505.317
505.317
556.621
556.621
556.621
556.621
556.621
673.837
673.837
673.837
673.837
673.837
713.534
713.534
713.534
713.534
713.534
181.625
181.625
181.625
181.625
181.625
505.817
505.817
505.817
505.817
505.817
742.318
742.318
742.318
742.318
742.318
697.198
697.198
697.198
697.198
697.198
701.065
701.065
701.065
701.065
701.065
635.65
635.65
635.65
635.65
635.65
508.571
508.571
508.571
508.571
508.571
367.047
370.594
370.594
370.594
370.594
776.068
776.068
776.068
776.068
776.068
783.361
783.361
783.361
783.361
783.361
773.591
773.591
773.591
773.591
773.591
775.023
775.023
775.023
775.023
775.023
790.297
790.297
790.297
790.297
790.297
770.322
770.322
770.322
770.322
770.322
749.39
749.39
749.39
749.39
749.39
788.649
788.649
788.649
788.649
788.649
762.509
762.509
762.509
762.509
762.509
772.894
772.894
772.894
772.894
772.894
793.43
793.43
793.43
793.43
793.43
767.93
767.93
767.93
767.93
767.93
734.203
734.203
734.203
734.203
734.203
549.608
549.608
549.608
549.608
549.608
764.165
764.165
764.165
764.165
764.165
738.637
738.637
738.637
738.637
738.637
749.102
749.102
749.102
749.102
749.102
589.712
589.712
589.712
589.712
589.712
536.212
536.212
536.212
536.212
536.212
622.233
622.233
622.233
622.233
622.233
496.84
496.84
496.84
496.84
496.84
539.278
539.278
539.278
539.278
539.278
741.878
741.882
741.882
741.882
741.882
612.575
612.575
612.575
612.575
612.575
431.77
431.77
431.77
431.77
431.77
577.843
577.843
577.843
577.843
577.843
450.798
450.798
450.798
450.798
450.798
475.451
475.451
475.451
475.451
475.451
372.318
372.318
372.318
372.318
372.318
203.787
203.787
203.787
203.787
203.787
626.415
626.415
626.415
626.415
626.415
758.348
758.348
758.348
758.348
758.348
667.289
667.289
667.289
667.289
667.289
683.939
683.939
683.939
683.939
683.939
386.047
386.047
386.047
386.047
386.047
466.064
466.064
466.064
466.064
466.064
706.818
706.818
706.818
706.818
706.818
545.227
545.227
545.227
545.227
545.227
654.667
654.667
654.667
654.667
654.667
769.398
769.398
769.398
769.398
769.398
755.998
755.998
755.998
755.998
755.998
743.933
743.933
743.933
743.933
743.933
585.301
585.301
585.301
585.301
585.301
718.851
718.851
718.851
718.851
718.851
234.244
234.244
234.244
234.244
391.487
730.434
730.434
730.434
730.434
730.434
526.53
526.53
526.53
526.53
526.53
549.581
549.581
549.581
549.581
549.581
403.772
403.772
403.772
403.772
403.772
430.884
430.884
430.884
430.884
430.884
537.87
537.87
537.87
537.87
537.87
746.002
746.002
746.002
746.002
746.002
619.044
619.044
619.044
619.044
619.044
715.721
715.721
715.721
715.721
715.721
749.388
749.388
749.388
749.388
749.388
684.547
684.547
684.595
684.595
684.595
290.656
290.656
290.656
290.656
290.656
608.371
608.371
608.371
608.371
608.371
705.278
705.278
705.278
705.278
705.278
718.32
718.32
718.32
718.32
718.32
545.04
545.04
545.04
545.04
545.04
679.211
679.211
679.211
679.211
679.211
259.778
259.778
259.778
259.778
259.778
545.685
545.685
545.685
545.685
545.685
716.344
716.344
716.344
716.344
716.344
535.988
535.988
535.988
535.988
535.988
760.833
760.833
760.833
760.833
760.833
746.063
746.063
746.063
746.063
746.063
710.698
710.698
710.698
710.698
710.698
408.892
408.892
408.892
408.892
408.892
667.639
667.639
667.639
667.639
667.639
501.143
501.143
501.143
501.143
501.143
306.532
306.532
306.532
306.532
306.532
765.696
765.696
765.696
765.696
765.696
721.619
721.619
721.619
721.619
721.619
752.332
752.332
752.332
752.332
752.332
388.419
388.419
388.419
388.419
388.419
673.25
673.25
673.25
673.25
673.25
784.78
784.78
784.78
784.78
784.78
768.831
768.831
768.831
768.831
768.831
756.877
756.877
756.877
756.877
756.877
785.294
785.294
785.294
785.294
785.294
779.256
779.256
779.256
779.256
779.256
752.854
752.854
752.854
752.854
752.854
758.439
758.439
758.439
758.439
758.439
765.768
765.768
765.768
765.768
765.768
783.329
783.329
783.329
783.329
783.329
758.808
758.808
758.808
758.808
758.808
758.888
758.888
758.888
758.888
758.888
765.822
765.822
765.822
765.822
765.822
700.633
700.633
700.633
700.633
700.633
777.909
777.909
777.909
777.909
777.909
559.817
559.817
559.817
559.817
559.817
604.892
604.892
604.892
604.892
604.892
371.53
371.53
371.53
371.53
371.53
697.672
697.672
697.672
697.672
697.672
564.774
564.774
564.774
564.774
564.774
588.711
588.711
588.711
588.711
656.172
769.741
769.741
769.741
769.741
769.741
569.461
569.461
569.461
569.461
569.461
459.831
459.831
459.831
459.831
459.831
669.149
669.149
669.149
669.149
669.149
490.123
490.123
490.123
490.123
490.123
603.095
603.095
603.095
603.095
603.095
762.279
762.279
762.279
762.279
762.279
511.496
511.496
511.496
511.496
511.496
479.717
479.717
479.717
479.717
479.717
656.58
656.58
656.58
656.58
656.58
728.172
728.172
728.172
728.172
728.172
646.593
646.593
646.593
646.593
646.593
572.415
572.415
572.415
572.415
572.415
291.511
291.511
291.511
291.511
291.511
251.372
251.372
251.372
251.372
251.372
556.553
556.553
556.553
556.553
556.553
750.927
750.927
750.927
750.927
750.927
745.935
745.935
745.935
745.935
745.935
770.16
770.16
770.16
770.16
770.16
701.081
701.081
701.081
701.081
701.081
681.964
681.964
681.964
681.964
681.964
570.315
570.315
570.315
570.315
570.315
197.145
197.145
197.145
197.145
197.145
754.533
754.533
754.533
754.533
754.533
690.397
690.397
690.397
690.397
690.397
731.587
731.587
731.587
731.587
731.587
786.381
786.381
786.381
786.381
786.381
658.527
658.527
658.527
658.527
658.527
637.099
637.099
637.099
637.099
637.099
789.012
789.012
789.012
789.012
789.012
788.214
788.214
788.214
788.214
788.214
780.786
780.786
780.786
780.786
780.786
748.813
748.813
748.813
748.813
748.813
622.046
622.046
622.046
622.046
622.046
241.635
241.635
241.635
241.635
241.635
676.263
676.263
676.263
676.263
676.263
697.576
697.576
697.576
697.576
697.576
683.438
683.438
683.438
683.438
683.438
681.936
681.936
681.936
681.936
681.936
765.175
765.175
765.175
765.175
765.175
675.578
675.578
675.578
675.578
675.578
369.56
369.56
369.56
369.56
369.56
626.516
626.516
626.516
626.516
626.516
737.327
737.327
737.327
737.327
737.327
531.863
531.863
531.863
531.863
531.863
647.555
647.555
647.555
647.555
647.555
684.259
684.259
684.259
684.259
684.259
708.96
708.96
708.96
708.96
708.96
694.799
694.799
694.799
694.799
694.799
677.054
677.054
677.054
677.054
677.054
769.352
769.352
769.352
769.352
769.352
736.697
736.697
736.697
736.697
736.697
535.279
535.279
535.279
535.279
535.279
618.688
618.688
618.688
618.688
618.688
671.019
671.019
671.019
671.019
671.019
724.105
724.105
724.105
724.105
724.105
657.962
657.962
657.962
657.962
657.962
728.777
728.777
728.777
728.777
728.777
727.291
727.291
727.291
727.291
727.291
757.928
757.928
757.928
757.928
757.928
769.176
769.176
769.176
769.176
769.176
741.13
741.13
741.13
741.13
741.13
777.078
777.078
777.078
777.078
777.078
772.025
772.025
772.025
772.025
772.025
775.964
775.964
775.964
775.964
775.964
781.179
781.179
781.179
781.179
781.179
775.683
775.683
775.683
775.683
775.683
775.19
775.19
775.19
775.19
775.19
787.17
787.17
787.17
787.17
787.17
672.39
672.39
672.39
672.39
672.39
612.962
612.962
612.962
612.962
612.962
613.969
613.969
613.969
613.969
613.969
645.443
645.443
645.443
645.443
645.443
368.62
368.62
368.62
368.62
368.62
476.41
476.41
476.41
476.41
476.41
665.304
665.304
665.304
665.304
665.304
249.379
249.379
249.379
249.379
249.379
430.979
430.979
430.979
430.979
430.979
467.596
467.596
467.596
467.596
467.596
330.523
330.523
330.523
330.523
330.523
530.161
530.161
530.161
530.161
530.161
449.65
449.65
449.65
449.65
449.65
374.258
374.258
374.258
374.258
374.258
268.318
268.318
268.318
268.318
268.318
358.497
358.497
358.497
358.497
358.497
574.611
574.611
574.611
574.611
574.611
584.247
584.247
584.247
584.247
584.247
715.701
715.701
715.701
715.701
715.701
551.006
551.006
551.006
551.006
551.006
590.342
590.342
590.342
590.342
590.342
435.406
435.406
435.406
435.406
435.406
384.523
384.523
384.523
384.523
384.523
652.422
652.422
652.422
652.422
652.422
208.484
208.484
208.484
208.484
208.484
292.609
292.609
292.609
292.609
292.609
684.938
684.938
684.938
684.938
684.938
639.336
639.336
639.336
639.336
639.336
295.972
295.972
295.972
295.972
295.972
478.847
478.847
478.847
478.847
478.847
427.134
427.134
427.134
427.134
427.134
500.578
500.578
500.578
500.578
500.578
758.453
758.453
758.453
758.453
758.453
693.107
693.107
693.107
693.107
693.107
625.533
625.533
625.533
625.533
625.533
594.22
594.22
594.22
594.22
594.22
322.787
322.787
322.787
322.787
322.787
740.977
740.977
740.977
740.977
740.977
595.126
595.126
595.126
595.126
595.126
525.266
525.266
525.266
525.266
525.266
721.532
721.532
721.532
721.532
721.532
760.258
760.258
760.258
760.258
760.258
502.727
502.727
502.727
502.727
502.727
288.857
288.857
288.857
288.857
288.857
741.266
741.266
741.266
741.266
741.266
388.128
388.128
388.128
388.128
388.128
765.576
765.576
765.576
765.576
765.576
792.089
792.089
792.089
792.089
792.089
745.9
745.9
745.9
745.9
745.9
734.439
734.439
734.439
734.439
734.439
694.232
694.232
694.232
694.232
694.232
737.38
737.38
737.38
737.38
737.38
754.015
754.015
754.015
754.015
754.015
776.365
776.365
776.365
776.365
776.365
788.262
788.262
788.262
788.262
788.262
771.746
771.746
771.746
771.746
771.746
760.215
760.215
760.215
760.215
760.215
742.639
742.639
742.639
742.639
742.639
743.727
743.727
743.727
743.727
743.727
727.805
727.805
727.805
727.805
727.805
535.518
535.518
535.518
535.518
535.518
667.264
667.264
667.264
667.264
667.264
746.252
746.252
746.252
746.252
746.252
592.825
592.825
592.825
592.825
592.825
506.5
506.5
506.5
506.5
506.5
780.468
780.468
780.468
780.468
780.468
758.869
758.869
758.869
758.869
758.869
320.627
320.627
320.627
320.627
320.627
737.511
737.511
737.511
737.511
737.511
615
615
615
615
615
447.19
447.19
447.19
447.19
447.19
692.03
692.03
692.03
692.03
692.03
447.297
447.297
447.297
447.297
447.297
318.984
318.984
318.984
318.984
318.984
431.631
431.631
431.631
431.631
431.631
570.105
570.105
570.105
570.105
570.105
744.167
744.167
744.167
744.167
744.167
424.196
424.196
424.196
424.196
424.196
458.19
458.19
458.19
458.19
470.006
730.551
730.551
730.551
730.551
730.551
695.682
695.682
695.682
695.682
695.682
769.58
769.58
769.58
769.58
769.58
761.942
761.942
761.942
761.942
761.942
701.679
701.679
701.679
701.679
701.679
489.047
489.047
489.047
489.047
489.047
407.454
407.454
407.454
407.454
407.454
460.428
460.428
460.428
460.428
460.428
338.695
338.695
338.695
338.695
338.695
529
529
529
529
529
592.688
592.688
592.688
592.688
592.688
622.73
622.73
622.73
622.73
622.73
755.348
755.348
755.348
755.348
755.348
688.92
688.92
688.92
688.92
688.92
772.412
772.412
772.412
772.412
772.412
673.845
673.845
673.845
673.845
673.845
709.904
709.904
709.904
709.904
709.904
695.397
695.397
695.397
695.397
695.397
758.716
758.716
758.716
758.716
758.716
722.152
722.152
722.152
722.152
722.152
593.049
593.049
593.049
593.049
593.049
520.643
520.643
520.643
520.643
520.643
755.623
755.623
755.623
755.623
755.623
746.296
746.296
746.296
746.296
746.296
758.558
758.558
758.558
758.558
758.558
788.5
788.5
788.5
788.5
788.5
781.166
781.166
781.166
781.166
781.166
724.45
724.45
724.45
724.45
724.45
428.989
428.989
428.989
428.989
428.989
488.048
488.048
488.048
488.048
488.048
766.472
766.472
766.472
766.472
766.472
725.405
725.405
725.405
725.405
725.405
425.97
425.97
425.97
425.97
425.97
733.429
733.429
733.429
733.429
733.429
429.259
429.259
429.259
429.259
429.259
637.756
637.756
637.756
637.756
637.756
628.154
628.154
628.154
628.154
628.154
511.281
511.281
511.281
511.281
511.281
617.22
617.22
617.22
617.22
617.22
649.964
649.964
649.964
649.964
649.964
771.793
771.793
771.793
771.793
771.793
789.905
789.905
789.905
789.905
789.905
784.761
784.761
784.761
784.761
784.761
769.922
769.922
769.922
769.922
769.922
752.212
752.212
752.212
752.212
752.212
742.584
742.584
742.584
742.584
742.584
787.706
787.706
787.706
787.706
787.706
775.905
775.905
775.905
775.905
775.905
776.886
776.886
776.886
776.886
776.886
768.65
768.65
768.65
768.65
768.65
692.847
692.847
692.847
692.847
692.847
711.7
711.7
711.7
711.7
711.7
691.82
691.82
691.82
691.82
691.82
772.694
772.694
772.694
772.694
772.694
767.72
767.72
767.72
767.72
767.72
756.155
756.155
756.155
756.155
756.155
753.854
753.854
753.854
753.854
753.854
746.76
746.76
746.76
746.76
746.76
773.702
773.702
773.702
773.702
773.702
778.116
778.116
778.116
778.116
778.116
770.038
770.038
770.038
770.038
770.038
784.191
784.191
784.191
784.191
784.191
767.416
767.416
767.416
767.416
767.416
761.351
761.351
761.351
761.351
761.351
769.163
769.163
769.163
769.163
769.163
764.631
764.631
764.631
764.631
764.631
794.026
794.026
794.026
794.026
794.026
786.788
786.788
786.788
786.788
786.788
715.455
715.455
715.454
715.454
715.454
752.019
752.019
752.019
752.019
752.019
767.582
767.582
767.582
767.582
767.582
771.25
771.25
771.25
771.25
771.25
763.37
763.37
763.37
763.37
763.37
779.993
779.993
779.993
779.993
779.993
745.076
745.076
745.076
745.076
745.076
668.843
668.843
668.843
668.843
668.843
777.499
777.499
777.499
777.499
777.499
772.344
772.344
772.344
772.344
772.344
768.11
768.11
768.11
768.11
768.11
786.404
786.404
786.404
786.404
786.404
773.815
773.815
773.815
773.815
773.815
771.049
771.049
771.049
771.049
771.049
750.344
750.344
750.344
750.344
750.344
733.616
733.616
733.616
733.616
733.616
727.545
727.545
727.545
727.545
727.545
755.608
755.608
755.608
755.608
755.608
728.494
728.494
728.494
728.494
728.494
571.391
571.391
571.391
571.391
571.391
399.43
399.43
399.43
399.43
399.43
769.325
769.325
769.325
769.325
769.325
730.804
730.804
730.804
730.804
730.804
758.589
758.589
758.628
758.628
758.628
750.138
750.138
750.138
750.138
750.138
768.572
768.572
768.572
768.572
768.572
772.472
772.472
772.472
772.472
772.472
640.153
640.153
640.153
640.153
640.153
577.698
577.698
577.698
577.698
577.698
769.726
769.726
769.726
769.726
769.726
662.475
662.475
662.475
662.475
662.475
708.483
708.483
708.483
708.483
708.483
480.25
480.25
480.25
480.25
480.25
422.111
422.111
422.111
422.111
422.111
481.465
481.465
481.465
481.465
481.465
742.791
742.791
742.791
742.791
742.791
695.146
695.146
695.146
695.146
695.146
445.736
445.736
445.736
445.736
445.736
772.742
772.742
772.742
772.742
772.742
756.759
756.759
756.759
756.759
756.759
542.636
542.636
542.636
542.636
542.636
784.937
784.937
784.937
784.937
784.937
672.723
672.723
672.723
672.723
672.723
499.346
499.346
499.346
499.346
499.346
553.465
553.465
553.465
553.465
553.465
545.016
545.016
545.016
545.016
545.016
771.439
771.439
771.439
771.439
771.439
715.253
715.253
715.253
715.253
715.253
737.687
737.687
737.687
737.687
737.687
781.062
781.062
781.062
781.062
781.062
789.064
789.064
789.064
789.064
789.064
792.358
792.358
792.358
792.358
792.358
774.044
774.044
774.044
774.044
774.044
731.189
731.192
731.192
731.192
731.192
446.935
446.935
446.935
446.935
446.935
304.881
304.881
304.881
304.881
304.881
643.847
643.847
643.847
643.847
643.847
553.781
553.781
553.781
553.781
553.781
710.592
710.592
710.592
710.592
710.592
599.857
599.857
599.857
599.857
599.857
317.532
317.532
317.532
317.532
317.532
375.707
375.707
375.707
375.707
375.707
521.697
521.697
521.697
521.697
521.697
764.498
764.498
764.498
764.498
764.498
621.719
621.719
621.719
621.719
621.719
731.642
731.642
731.642
731.642
731.642
758.762
758.762
758.762
758.762
758.762
748.684
748.684
748.684
748.684
748.684
755.806
755.806
755.806
755.806
755.806
774.108
774.108
774.108
774.108
774.108
498.616
498.616
498.616
498.616
498.616
635.922
635.922
635.922
635.922
635.922
380.727
380.727
380.727
380.727
380.727
695.14
695.14
695.14
695.14
695.14
775.266
775.266
775.266
775.266
775.266
785.498
785.498
785.498
785.498
785.498
762.715
762.715
762.715
762.715
762.715
780.995
780.995
780.995
780.995
780.995
767.566
767.566
767.566
767.566
767.566
760.575
760.575
760.575
760.575
760.575
774.275
774.275
774.275
774.275
774.275
764.15
764.15
764.15
764.15
764.15
740.943
740.943
740.943
740.943
740.943
789.025
789.025
789.025
789.025
789.025
744.283
744.283
744.283
744.283
744.283
785.378
785.378
785.378
785.378
785.378
780.712
780.712
780.712
780.712
780.712
764.425
764.425
764.425
764.425
764.425
735.851
735.851
735.851
735.851
735.851
766.748
766.748
766.748
766.748
766.748
759.88
759.88
759.88
759.88
759.88
781.356
781.356
781.356
781.356
781.356
781.548
781.548
781.548
781.548
781.548
777.135
777.135
777.135
777.135
777.135
739.75
739.75
739.75
739.75
739.75
719.731
719.731
719.731
719.731
719.731
542.725
542.725
542.725
542.725
542.725
316.247
316.247
316.247
316.247
316.247
340.787
340.787
340.787
340.787
340.787
757.046
757.046
757.046
757.046
757.046
747.063
747.063
747.063
747.063
747.063
765.278
765.278
765.278
765.278
765.278
477.685
477.685
477.685
477.685
477.685
705.266
705.266
705.266
705.266
705.266
768.588
768.588
768.769
768.769
768.769
723.478
723.478
723.478
723.478
723.478
752.601
752.601
752.601
752.601
752.601
723.135
723.135
723.135
723.135
723.135
290.861
290.861
290.861
290.861
290.861
770.833
770.833
770.833
770.833
770.833
772.611
772.611
772.611
772.611
772.611
557.561
557.561
557.561
557.561
557.561
767.639
767.639
767.639
767.639
767.639
789.638
789.638
789.638
789.638
789.638
762.503
762.503
762.503
762.503
762.503
769.681
769.681
769.681
769.681
769.681
777.689
777.689
777.689
777.689
777.689
752.309
752.309
752.309
752.309
752.309
789.996
789.996
789.996
789.996
789.996
754.362
754.362
754.362
754.362
754.362
710.908
710.908
710.908
710.908
710.908
678.454
678.454
678.454
678.454
678.454
740.365
740.365
740.365
740.365
740.365
573.335
573.335
573.335
573.335
573.335
547.006
547.006
547.006
547.006
547.006
268.132
268.132
268.132
268.132
268.132
454.469
454.469
454.469
454.469
454.469
214.883
214.883
214.883
214.883
214.883
764.67
764.67
764.67
764.67
764.67
719.898
719.898
719.898
719.898
719.898
405.712
405.712
405.712
405.712
405.712
547.51
547.51
547.51
547.51
547.51
500.947
500.947
500.947
500.947
500.947
757.505
757.505
757.505
757.505
757.505
770.498
770.498
770.498
770.498
770.498
763.629
763.629
763.629
763.629
763.629
743.527
743.527
743.527
743.527
743.527
781.524
781.524
781.524
781.524
781.524
758.375
758.375
758.375
758.375
758.375
742.478
742.478
742.478
742.478
742.478
760.676
760.676
760.676
760.676
760.676
768.469
768.469
768.469
768.469
768.469
760.566
760.566
760.566
760.566
760.566
775.786
775.786
775.786
775.786
775.786
627.033
627.033
627.033
627.033
627.033
707.168
707.168
707.168
707.168
707.168
764.083
764.083
764.083
764.083
764.083
744.623
744.623
744.623
744.623
744.623
656.553
656.553
656.553
656.553
656.553
556.809
556.809
556.809
556.809
556.809
483.605
483.605
483.605
483.605
483.605
350.824
350.824
350.824
350.824
350.824
274.637
274.637
274.637
274.637
274.637
405.996
405.996
405.996
405.996
405.996
435.868
435.868
435.868
435.868
435.868
609.084
609.084
609.084
609.084
609.084
663.523
663.523
663.523
663.523
663.523
750.721
750.721
750.721
750.721
750.721
619.856
619.856
619.856
619.856
619.856
666.781
666.781
666.781
666.781
666.781
162.203
162.203
162.203
162.203
162.203
275.136
275.136
275.136
275.136
275.136
737.924
737.924
737.924
737.924
737.924
705.569
705.569
705.569
705.569
705.569
617.536
617.536
617.536
617.536
617.536
487.23
487.23
487.23
487.23
487.23
368.487
368.487
368.487
368.487
368.487
369.754
369.754
369.754
369.754
369.754
485.178
485.178
485.178
485.178
485.178
641.606
641.606
641.606
641.606
641.606
236.038
236.038
236.038
236.038
236.038
443.891
443.891
443.891
443.891
443.891
476.079
476.079
476.079
476.079
476.079
556.751
556.751
556.751
556.751
556.751
628.309
628.309
628.309
628.309
628.309
673.032
673.032
673.032
673.032
673.032
552.199
552.199
552.199
552.199
552.199
690.08
690.08
690.08
690.08
690.08
771.398
771.398
771.398
771.398
771.398
763.228
763.228
763.228
763.228
763.228
780.137
780.137
780.137
780.137
780.137
781.655
781.655
781.655
781.655
781.655
782.406
782.406
782.406
782.406
782.406
773.165
773.165
773.165
773.165
773.165
740.704
740.704
740.704
740.704
740.704
793.29
793.29
793.29
793.29
793.29
774.014
774.014
774.014
774.014
774.014
762.938
762.938
762.938
762.938
762.938
796.526
796.526
796.526
796.526
796.526
787.821
787.821
787.821
787.821
787.821
770.271
770.271
770.271
770.271
770.271
790.256
790.256
790.256
790.256
790.256
774.693
774.693
774.693
774.693
774.693
705.438
705.438
705.438
705.438
705.438
768.283
768.283
768.283
768.283
768.283
760.602
760.602
760.602
760.602
760.602
744.664
744.664
744.664
744.664
744.664
777.481
777.481
777.481
777.481
777.481
773.928
773.928
773.928
773.928
773.928
756.295
756.295
756.295
756.295
756.295
739.359
739.359
739.359
739.359
739.359
429.293
429.293
429.293
429.293
429.293
619.966
619.966
619.966
619.966
619.966
413.701
413.701
413.701
413.701
413.701
407.403
407.403
407.403
407.403
407.403
458.535
458.535
458.535
458.535
458.535
772.104
772.104
772.104
772.104
772.104
714.453
714.453
714.453
714.453
714.453
743.613
743.613
743.613
743.613
743.613
772.653
772.653
772.653
772.653
772.653
745.409
745.409
745.409
745.409
745.409
767.369
767.369
767.369
767.369
767.369
770.017
770.017
770.017
770.017
770.017
711.836
711.836
711.836
711.836
711.836
309.251
309.251
309.251
309.251
309.251
475.562
475.562
475.562
475.562
475.562
619.385
619.385
619.385
619.385
619.385
580.509
580.509
580.509
580.509
580.509
704.009
704.009
704.009
704.009
704.009
481.138
481.138
481.036
481.036
481.036
605.838
605.838
605.838
605.838
605.838
300.761
300.761
300.761
300.761
300.761
317.734
317.734
317.734
317.734
317.734
409.056
409.056
409.056
409.056
409.056
644.971
644.971
644.971
644.971
644.971
735.917
735.917
735.917
735.917
735.917
428.811
428.811
428.811
428.811
428.811
457.075
457.075
457.075
457.075
457.075
560.498
560.498
560.498
560.498
560.498
636.317
636.317
636.317
636.317
636.317
292.614
292.614
292.614
292.614
292.614
467.293
467.293
467.271
467.271
467.271
728.512
728.512
728.512
728.512
728.512
769.281
769.281
769.281
769.281
769.281
430.8
430.8
430.8
430.8
430.8
623.469
623.469
623.469
623.469
623.469
271.54
271.54
271.54
271.54
271.54
328.483
328.483
328.483
328.483
328.483
655.309
655.309
655.309
655.309
655.309
778.071
778.071
778.071
778.071
778.071
786.319
786.319
786.319
786.319
786.319
768.047
768.047
768.047
768.047
768.047
778.448
778.448
778.448
778.448
778.448
751.102
751.102
751.102
751.102
751.102
777.66
777.66
777.66
777.66
777.66
785.451
785.451
785.451
785.451
785.451
778.275
778.275
778.275
778.275
778.275
779.296
779.296
779.296
779.296
779.296
790.712
790.712
790.712
790.712
790.712
782.423
782.423
782.423
782.423
782.423
764.349
764.349
764.349
764.349
764.349
786.315
786.315
786.315
786.315
786.315
771.377
771.377
771.377
771.377
771.377
763.061
763.061
763.061
763.061
763.061
788.855
788.855
788.855
788.855
788.855
776.171
776.171
776.171
776.171
776.171
775.472
775.472
775.472
775.472
775.472
757.236
757.236
757.236
757.236
757.236
792.125
792.125
792.125
792.125
792.125
732.08
732.08
732.08
732.08
732.08
783.111
783.111
783.111
783.111
783.111
730.374
730.374
730.374
730.374
730.374
511.949
511.949
511.949
511.949
511.949
709.041
709.041
709.041
709.041
709.041
710.137
710.137
710.137
710.137
710.137
707.017
707.017
707.017
707.017
707.017
767.005
767.005
767.005
767.005
767.005
637.284
637.284
637.284
637.284
637.284
728.496
728.496
728.496
728.496
728.496
745.812
745.812
745.812
745.812
745.812
333.961
333.961
333.961
333.961
333.961
504.458
504.458
504.458
504.458
504.458
595.716
595.716
595.716
595.716
595.716
300.959
300.959
300.959
300.959
300.959
381.945
381.945
381.945
381.945
381.945
450.75
450.75
450.75
450.75
450.75
780.232
780.232
780.232
780.232
780.232
747.801
747.801
747.801
747.801
747.801
702.046
702.046
702.046
702.046
702.046
406.545
406.545
406.545
406.545
406.545
748.833
748.833
748.833
748.833
748.833
534.112
534.112
534.112
534.112
534.112
795.012
795.012
795.012
795.012
795.012
770.099
770.099
770.099
770.099
770.099
753.957
753.957
753.957
753.957
753.957
414.011
414.011
414.011
414.011
414.011
382.179
382.179
382.179
382.179
382.179
754.75
754.75
754.75
754.75
754.75
602.201
602.201
602.201
602.201
602.201
745.703
745.703
745.703
745.703
745.703
771.327
771.327
771.327
771.327
771.327
697.72
697.72
697.72
697.72
697.72
672.032
672.032
672.032
672.032
672.032
540.616
540.616
540.616
540.616
540.616
765.875
765.875
765.875
765.875
765.875
781.095
781.095
781.095
781.095
781.095
769.003
769.003
769.003
769.003
769.003
717.249
717.249
717.249
717.249
717.249
714.375
714.375
714.375
714.375
714.375
528.721
528.721
528.721
528.721
528.721
334.25
334.25
334.25
334.25
334.25
611.837
611.837
611.837
611.837
611.837
719.139
719.139
719.139
719.139
719.139
683.804
683.804
683.804
683.804
683.804
668.376
668.376
668.376
668.376
668.376
786.438
786.438
786.438
786.438
786.438
772.188
772.188
772.188
772.188
772.188
686.136
686.136
686.136
686.136
686.136
581.881
581.881
581.881
581.881
581.881
474.719
474.719
474.719
474.719
474.719
657.183
657.183
657.183
657.183
657.183
686.565
686.565
686.566
686.566
686.566
638.587
638.587
638.549
638.549
638.549
684.403
684.403
684.403
684.403
684.403
764.382
764.382
764.382
764.382
764.382
752.97
752.97
752.97
752.97
752.97
461.617
461.617
461.617
461.617
461.617
677.219
677.219
677.219
677.219
677.219
737.882
737.882
737.882
737.882
737.882
635.086
635.086
635.086
635.086
635.086
591.385
591.385
591.385
591.385
591.385
475.075
475.075
475.075
475.075
475.075
652.149
652.149
652.149
652.149
652.149
374.623
374.623
374.623
374.623
374.623
315.775
315.775
315.775
315.775
315.775
783.758
783.758
783.758
783.758
783.758
789.337
789.337
789.337
789.337
789.337
781.454
781.454
781.454
781.454
781.454
766.866
766.866
766.866
766.866
766.866
781.871
781.871
781.871
781.871
781.871
741.752
741.752
741.752
741.752
741.752
749.495
749.495
749.495
749.495
749.495
792.259
792.259
792.259
792.259
792.259
787.879
787.879
787.879
787.879
787.879
778.728
778.728
778.728
778.728
778.728
766.963
766.963
766.963
766.963
766.963
762.789
762.789
762.789
762.789
762.789
778.938
778.938
778.938
778.938
778.938
793.673
793.673
793.673
793.673
793.673
769.793
769.793
769.793
769.793
769.793
745.528
745.528
745.528
745.528
745.528
784.516
784.516
784.516
784.516
784.516
727.534
727.534
727.534
727.534
727.534
699.601
699.601
699.601
699.601
699.601
345.068
345.068
345.068
345.068
345.068
660.875
660.875
660.875
660.875
660.875
633.137
633.137
633.137
633.137
633.137
728.18
728.18
728.18
728.18
728.18
406.477
406.477
406.477
406.477
406.477
459.25
459.25
459.25
459.25
459.25
605.214
605.214
605.214
605.214
605.214
395.689
395.689
395.689
395.689
395.689
677.682
677.682
677.682
677.682
677.682
740.384
740.384
740.384
740.384
740.384
703.219
703.219
703.219
703.219
703.219
742.701
742.701
742.701
742.701
742.701
742.141
742.141
742.141
742.141
742.141
765.156
765.156
765.156
765.156
765.156
755.401
755.401
755.401
755.401
755.401
782.464
782.464
782.464
782.464
782.464
754.661
754.661
754.661
754.661
754.661
767.811
767.811
767.811
767.811
767.811
682.243
682.243
682.243
682.243
682.243
0
