0
0
0
0
543.792
543.792
543.792
543.792
543.792
504.184
504.184
504.184
504.184
504.184
510.497
510.497
510.497
510.497
510.497
765.783
767.066
767.066
767.066
767.066
736.223
736.223
736.223
736.223
736.223
230.748
230.748
230.748
230.748
230.748
321.146
321.146
321.146
321.146
321.146
563.861
563.861
563.861
563.861
563.861
708.188
708.188
708.188
708.188
708.188
494.906
494.906
494.906
494.906
494.906
531.445
531.445
531.445
531.445
531.445
504.281
504.281
502.75
502.75
502.75
634.993
634.993
634.993
634.993
634.993
580.08
580.08
580.08
580.08
580.08
783.209
783.209
783.209
783.209
783.209
762.941
762.941
762.941
762.941
762.941
503.319
503.319
503.319
503.319
503.319
672.062
672.062
672.062
672.062
672.062
742.383
742.383
742.383
742.383
742.383
420.349
420.349
420.349
420.349
420.349
320.673
320.673
320.673
320.673
320.673
481.479
481.479
481.479
481.479
481.479
395.959
395.959
395.959
395.959
395.959
545.806
545.806
545.806
545.806
545.806
712.917
712.917
712.917
712.917
712.917
482.408
482.408
482.408
482.408
482.408
455.084
455.084
455.084
455.084
455.084
655.293
655.293
655.293
655.293
655.293
551.875
551.875
551.875
551.875
551.875
594.953
594.953
594.953
594.953
594.953
306.545
306.545
306.545
306.545
306.545
647.386
647.386
647.386
647.386
647.386
649.175
649.175
649.175
649.175
649.175
539.95
539.95
539.95
539.95
539.95
670.906
670.906
670.906
670.906
670.906
700.328
700.328
700.328
700.328
700.328
424.613
424.613
424.613
424.613
424.613
376.406
376.406
376.406
376.406
376.406
650.828
650.828
650.828
650.828
650.828
479.715
479.715
479.715
479.715
479.715
422.62
422.62
422.62
422.62
422.62
355.496
355.496
355.496
355.496
355.496
283.125
283.125
283.125
283.125
283.125
253.225
253.225
253.225
253.225
253.225
319.648
319.648
319.648
319.648
319.648
426.683
426.683
426.683
426.683
426.683
384.048
384.048
384.048
384.048
384.048
694.281
694.281
694.281
694.281
694.281
303.875
303.875
303.875
303.875
303.875
745.241
745.241
745.241
745.241
745.241
725.463
725.463
725.463
725.463
725.463
750.105
750.105
750.105
750.105
750.105
520.516
520.516
520.516
520.516
520.516
608.688
608.688
608.688
608.688
608.688
675.3
675.3
675.3
675.3
675.3
432.598
432.598
432.598
432.598
432.598
614.318
614.318
614.318
614.318
614.318
559.561
559.561
559.561
559.561
559.561
236.11
236.11
236.11
236.11
236.11
682.722
682.722
682.722
682.722
682.722
726.696
726.696
726.696
726.696
726.696
595.89
595.89
595.89
595.89
595.89
491.153
491.153
491.153
491.153
491.153
515.488
515.488
515.488
515.488
515.488
376.278
376.278
376.278
376.278
376.278
617.25
617.25
617.25
617.25
617.25
666.045
666.045
666.045
666.045
666.045
680.56
680.56
680.56
680.56
680.56
375.188
375.188
375.188
375.188
375.188
606.531
606.531
606.531
606.531
606.531
706.373
706.373
706.373
706.373
706.373
472.851
472.851
472.851
472.851
472.851
369.416
369.416
369.416
369.416
369.416
695.188
695.188
695.188
695.188
695.188
639.453
639.453
639.453
639.453
639.453
330.588
330.588
330.588
330.588
330.588
558.826
558.826
558.826
558.826
558.826
525.878
525.878
525.878
525.878
525.878
732.418
732.418
732.418
732.418
732.418
516.754
516.754
516.754
516.754
516.754
661.068
661.068
661.068
661.068
661.068
767.915
767.915
767.915
767.915
767.915
598.47
598.47
598.47
598.47
598.47
683.094
683.094
683.094
683.094
683.094
383.226
383.226
383.226
383.226
383.226
373.25
373.25
373.25
373.25
373.25
531.25
531.25
531.25
531.25
531.25
658.997
658.997
658.997
658.997
658.997
511.391
511.391
511.391
511.391
511.391
543.178
543.178
543.178
543.178
543.178
500.564
500.564
500.564
500.564
500.564
303
303
303
303
303
446.416
446.416
446.416
446.416
446.416
549.248
549.248
549.248
549.248
549.248
544.244
544.244
544.244
544.244
544.244
525.508
525.508
525.508
525.508
525.508
512.388
512.388
512.388
512.388
512.388
371.26
371.26
371.26
371.26
371.26
648.329
648.329
648.329
648.329
648.329
634.883
634.883
634.883
634.883
634.883
527.529
527.529
527.529
527.529
527.529
372.419
372.419
372.419
372.419
372.419
675.624
675.624
675.624
675.624
675.624
705.914
705.914
705.914
705.914
705.914
431.951
431.951
431.951
431.951
431.951
334.244
334.244
334.244
334.244
334.244
523.47
523.47
523.47
523.47
523.47
325.484
325.484
325.484
325.484
325.484
602.28
602.28
602.28
602.28
602.28
378.137
378.137
378.137
378.137
378.137
780.188
780.188
780.188
780.188
780.188
756.168
756.168
756.168
756.168
756.168
697.554
697.554
697.554
697.554
697.554
703.653
703.653
703.653
703.653
703.653
415.467
415.467
415.467
415.467
415.467
595.823
595.823
595.823
595.823
595.823
447
447
447
447
447
561.265
561.265
561.265
561.265
561.265
529
529
529
529
529
677.279
677.279
677.279
677.279
677.279
360.692
360.692
360.692
360.692
360.692
754.929
754.929
754.929
754.929
754.929
767.544
767.544
767.544
767.544
767.544
758.095
758.095
758.095
758.095
758.095
707.117
707.117
707.117
707.117
707.117
648.266
648.266
648.266
648.266
648.266
604.975
604.975
604.975
604.975
604.975
621.753
621.753
621.753
621.753
621.753
546.725
546.725
546.725
546.725
546.725
732.173
732.173
732.173
732.173
732.173
364.306
364.306
364.306
364.306
364.306
590.625
590.625
590.625
590.625
590.625
618.6
618.6
618.6
618.6
618.6
492.535
492.535
492.535
492.535
492.535
547.352
547.352
547.352
547.352
547.352
483.387
483.387
483.387
483.387
483.387
598.966
598.966
598.966
655.181
655.181
417.375
417.375
417.375
417.375
417.375
338.121
338.121
338.121
338.121
338.121
686.179
686.179
686.179
686.179
686.179
646.755
646.755
646.755
646.755
646.755
600.893
600.893
600.87
600.87
600.87
769.253
769.253
769.253
769.253
769.253
234.573
234.573
234.573
234.573
234.573
576.969
576.969
576.969
576.969
576.969
550.995
550.995
550.995
550.995
550.995
411.406
411.406
411.406
411.406
411.406
701.619
701.619
701.619
701.619
701.619
515.156
515.156
515.156
515.156
515.156
397.246
397.246
397.246
397.246
397.246
557.603
557.603
557.603
557.603
557.603
704.934
704.934
704.934
704.934
704.934
660.853
660.853
660.853
660.853
660.853
476.214
476.214
476.214
476.214
476.214
541.438
541.438
541.438
541.438
541.438
572.559
572.559
572.559
572.559
572.559
578.799
578.799
578.799
578.799
578.799
562.204
562.204
562.204
562.204
562.204
557.713
557.713
557.713
557.713
557.713
608.563
608.563
608.563
608.563
608.563
612.437
612.437
612.437
612.437
612.437
439
439
439
439
439
743.203
743.203
743.203
743.203
743.203
408.769
408.769
408.769
408.769
408.769
448.456
448.456
448.456
448.456
448.456
546.79
546.79
546.79
546.79
546.79
506.956
506.956
506.956
506.956
506.956
609.664
609.664
609.664
609.664
609.664
307.058
307.058
307.058
307.058
307.058
671.33
671.33
671.33
671.33
671.33
395.89
395.89
395.89
395.89
395.89
714.872
714.872
714.872
714.872
714.872
540.853
540.853
540.853
540.853
540.853
548.145
548.145
548.145
548.145
548.145
659.819
659.819
659.819
659.819
659.819
624.218
624.218
624.218
624.218
624.218
482.75
482.75
482.75
482.75
482.75
653.732
653.732
653.732
653.732
653.732
554.517
554.517
554.517
554.517
554.517
713.259
713.259
713.259
713.259
713.259
479.77
479.77
479.77
479.77
479.77
583.187
583.187
583.187
583.187
583.187
553.913
553.913
553.913
553.913
553.913
260
260
260
260
260
757.763
757.763
757.763
757.763
757.763
750.241
750.241
750.241
750.241
750.241
713.243
713.243
713.243
713.243
713.243
503.574
503.574
503.574
503.574
503.574
609.563
609.563
609.563
609.563
609.563
624.046
624.046
624.046
624.046
624.046
706.766
706.766
706.766
706.766
706.766
645.691
645.691
645.691
645.691
645.691
722.889
722.889
722.889
722.889
722.889
590.022
590.022
590.022
590.022
590.022
751.311
751.311
751.311
751.311
751.311
700.246
700.246
700.246
700.246
700.246
519.573
519.573
519.573
519.573
519.573
442.157
442.157
442.157
442.157
442.157
777.836
777.836
777.836
777.836
777.836
286.207
286.207
286.207
286.207
286.207
711.25
711.25
711.25
711.25
711.25
738.191
738.191
738.191
738.191
738.191
540.819
540.819
540.819
540.819
540.819
714.846
714.846
714.846
714.846
714.846
406.728
406.728
406.728
406.728
406.728
524.375
524.375
524.375
524.375
524.375
518.406
518.406
518.406
518.406
518.406
280.756
280.756
280.756
280.756
280.756
583.445
583.445
583.445
583.445
583.445
579.158
579.158
579.158
579.158
579.158
622.6
622.6
622.293
622.293
622.293
295.265
295.265
295.265
295.265
295.265
556.185
556.185
556.185
556.185
556.185
543.205
543.208
543.208
543.208
543.208
592.753
592.753
592.753
592.753
592.753
284.652
284.652
284.652
284.652
284.652
502.297
502.297
502.297
502.297
502.297
336.59
336.59
336.59
336.59
336.59
340.127
340.127
340.127
340.127
340.127
553.014
553.014
553.014
553.014
553.014
708.181
708.181
708.181
708.181
708.181
555.801
555.801
555.801
555.801
555.801
435.802
435.802
435.802
435.802
435.802
583.249
583.249
583.249
583.249
583.249
504.62
504.62
504.62
504.62
504.62
392.125
392.125
392.125
392.125
392.125
689.133
689.133
689.133
689.133
689.133
702.508
702.508
702.508
702.508
702.508
618.869
618.869
618.869
618.869
618.869
638.281
638.281
638.281
638.281
638.281
376.911
376.911
376.911
376.911
376.911
624.344
624.344
624.344
624.344
624.344
506.189
506.189
506.189
506.189
506.189
709.099
709.099
709.099
709.099
709.099
565.406
565.406
565.406
565.406
565.406
610.313
610.313
610.313
610.313
610.313
596.508
596.508
596.508
596.508
596.508
244.153
244.153
244.153
244.153
244.153
554.051
554.051
554.051
554.051
554.051
490.656
490.656
490.656
490.656
490.656
482.152
482.152
482.152
482.152
482.152
587
587
587
587
587
437.625
437.625
437.625
437.625
437.625
513.091
513.091
513.091
513.091
513.091
721.959
721.959
721.959
721.959
721.959
741.767
741.767
741.767
741.767
741.767
338.886
338.886
338.886
338.886
338.886
387.313
387.313
387.313
387.313
387.313
742.468
742.468
742.468
742.468
742.468
270.632
270.632
270.632
270.632
270.632
364.251
364.251
364.251
364.251
364.251
495.938
495.938
495.938
495.938
495.938
545.046
545.046
545.046
545.046
545.046
557.508
557.508
557.508
557.508
557.508
288.875
288.875
288.875
288.875
288.875
404.268
404.268
404.268
404.268
404.268
580.152
580.152
580.152
580.152
580.152
743.353
743.353
743.353
743.353
743.353
758.086
758.086
758.086
758.086
758.086
768.285
770.569
770.569
770.569
770.569
679.468
679.468
679.468
679.468
679.468
723.902
723.902
723.902
723.902
723.902
372.943
372.943
372.943
372.943
372.943
476.656
476.656
476.656
476.656
476.656
705.271
705.271
705.271
705.271
705.271
465.805
465.805
465.805
465.805
465.805
711.625
711.625
711.625
711.625
711.625
640.828
640.828
640.828
640.828
640.828
543.303
543.303
543.303
543.303
543.303
507.907
507.907
507.907
507.907
507.907
390.227
390.227
390.227
390.227
390.227
244.876
244.876
244.876
244.876
244.876
486.764
486.764
486.764
486.764
486.764
754.191
754.191
754.191
754.191
754.191
750.057
750.057
750.057
750.057
750.057
501.963
501.963
501.963
501.963
501.963
770.377
770.377
770.377
770.377
770.377
298.628
298.628
298.628
298.628
298.628
521.906
521.906
521.906
521.906
521.906
393.142
393.142
393.142
393.142
393.142
480.688
480.688
480.688
480.688
480.688
574.008
574.008
574.008
574.008
574.008
592.645
592.645
592.645
592.645
592.645
350.803
350.803
350.803
350.803
350.803
464.184
464.184
464.184
464.184
464.184
414.365
414.365
414.365
414.365
414.365
362.485
362.485
362.485
362.485
362.485
598.844
598.844
598.844
598.844
598.844
577.438
577.438
577.438
577.438
577.438
690.363
690.363
690.363
690.363
690.363
387.951
387.951
387.951
387.951
387.951
463.089
463.089
463.089
463.089
463.089
384.323
384.323
384.323
384.323
384.323
540.791
540.791
540.791
540.791
540.791
509.358
509.358
509.358
509.358
509.358
563.765
563.765
563.765
563.765
563.765
305.833
305.833
305.833
305.833
305.833
598
598
598
598
598
678.13
678.13
678.13
678.13
678.13
339
339
339
339
339
458.366
458.366
458.366
458.366
458.366
418.346
418.346
418.346
418.346
418.346
467.909
467.909
467.909
467.909
467.909
660.524
660.524
660.524
660.524
660.524
271.637
271.637
271.637
271.637
271.637
291.241
291.241
291.241
291.241
291.241
710.954
710.954
710.954
710.954
710.954
264.339
264.339
264.339
264.339
264.339
573.211
573.211
573.211
573.211
573.211
419.156
419.156
419.156
419.156
466.813
533.807
533.807
533.807
533.807
533.807
497.325
497.325
497.325
497.325
497.325
439.219
439.219
439.219
439.219
439.219
578.215
578.215
578.215
578.215
578.215
544.529
544.529
544.529
544.529
544.529
504.172
504.172
504.172
504.172
504.172
468.739
468.739
468.739
468.739
468.739
501.75
501.75
501.75
501.75
501.75
470.578
470.579
470.579
470.579
470.579
380.219
380.219
380.219
380.219
380.219
614.471
614.471
614.471
614.471
614.471
536.687
536.687
536.687
536.687
536.687
279.992
279.992
279.992
279.992
279.992
732.302
732.302
732.302
732.302
732.302
508.381
508.381
508.381
508.381
508.381
632.977
632.977
632.977
632.977
632.977
642.741
642.741
642.741
642.741
642.741
654.5
654.5
654.5
654.5
654.5
671.897
671.897
671.897
671.897
671.897
581.953
581.953
581.953
581.953
581.953
410.906
410.906
410.906
410.906
410.906
585.563
585.563
585.563
585.563
585.563
412.889
412.889
412.889
412.889
412.889
471.764
471.764
471.764
471.764
471.764
440.134
440.134
440.134
440.134
440.134
672.775
672.775
672.775
672.775
672.775
369.443
369.443
369.443
369.443
369.443
473.279
473.279
473.279
473.279
473.279
718.587
718.587
718.587
718.587
718.587
486.5
486.5
486.5
486.5
486.5
580.008
580.008
580.008
580.008
580.008
408.383
408.383
408.383
408.383
408.383
638.39
638.39
638.39
638.39
638.39
618.205
618.205
618.205
618.205
618.205
607.387
607.387
607.387
607.387
607.387
621.175
621.175
621.175
621.175
621.175
411.438
411.438
411.438
411.438
411.438
678.531
678.531
678.531
678.531
678.531
374.935
374.935
374.935
374.935
374.935
533.487
533.487
533.487
533.487
533.487
693.482
693.482
693.482
693.482
693.482
600.522
600.522
600.522
600.522
600.522
586.864
586.864
586.864
586.864
586.864
531.38
531.38
531.38
531.38
531.38
357.01
357.01
357.01
357.01
357.01
718.755
718.755
718.755
718.755
718.755
546.516
546.516
546.516
546.516
546.516
309.063
309.063
309.063
309.063
309.063
609.16
609.16
609.16
609.16
609.16
582.645
582.645
582.645
582.645
582.645
579.62
579.62
579.62
579.62
579.62
395.629
395.629
395.629
395.629
395.629
345.612
345.612
345.612
345.612
345.612
561.608
561.608
561.608
561.608
561.608
475.781
475.781
475.781
475.781
475.781
208.486
208.486
208.486
208.486
208.486
338.437
338.437
338.437
338.437
338.437
662.716
662.716
662.716
662.716
662.716
424.18
424.18
424.18
424.18
424.18
635.255
635.255
635.255
635.255
635.255
508.981
508.981
508.981
508.981
508.981
500.054
500.054
500.054
500.054
500.054
366.051
366.051
366.051
366.051
366.051
536.922
536.922
536.922
536.922
536.922
691.984
691.984
691.984
691.984
691.984
519.645
519.645
519.645
519.645
519.645
596.978
596.978
596.978
596.978
596.978
501.85
501.85
501.85
501.85
501.85
518.232
518.232
518.232
518.232
518.232
522.625
522.625
522.625
522.625
522.625
455.117
455.117
455.117
455.117
455.117
474.922
474.922
474.922
474.922
474.922
435.001
435.001
435.001
435.001
435.001
589.1
589.1
589.1
589.1
589.1
625.684
625.684
625.684
625.684
625.684
317.933
317.933
317.933
317.933
317.933
645.75
645.75
645.75
645.75
645.75
496.941
496.941
496.941
496.941
496.941
763.175
763.175
763.175
763.175
763.175
324.873
324.873
324.873
324.873
324.873
562.625
562.625
562.625
562.625
562.625
526.334
526.334
526.334
526.334
526.334
465.625
465.625
465.625
465.625
465.625
392.846
392.846
392.846
392.846
392.846
419.648
419.648
419.648
419.648
419.648
472.075
472.075
472.075
472.075
472.075
403
403
403
403
403
685.422
685.422
685.422
685.422
685.422
752.222
752.222
752.222
752.222
752.222
591.132
591.132
591.132
591.132
591.132
560.18
560.18
560.18
560.18
560.18
623.5
623.5
623.5
623.5
623.5
524.402
524.402
524.402
524.402
524.402
553.73
553.73
553.73
553.73
553.73
608.894
608.894
608.894
608.894
608.894
699.922
699.922
699.922
699.922
699.922
471.971
471.971
471.971
471.971
471.971
414.598
414.598
414.598
414.598
414.598
553.372
553.372
553.372
553.372
553.372
663.5
663.5
663.5
663.5
663.5
338.75
338.75
338.75
338.75
338.75
581.125
581.125
581.125
581.125
581.125
583.727
583.727
583.727
583.727
583.727
613.699
613.699
613.699
613.699
613.699
504.138
504.138
504.138
504.138
504.138
529.803
529.803
529.803
529.803
529.803
617.628
617.628
617.628
617.628
617.628
435.457
435.457
435.457
435.457
435.457
666.566
666.566
666.566
666.566
666.566
483.781
483.781
483.781
483.781
483.781
740.159
740.159
740.159
740.159
740.159
398.547
398.547
398.547
398.547
398.547
709.127
709.127
709.127
709.127
709.127
745.23
745.23
745.23
745.23
745.23
571.302
571.302
571.302
571.302
571.302
501.535
501.535
501.535
501.535
501.535
700.75
700.75
700.75
700.75
700.75
736.413
736.413
736.413
736.413
736.413
614.629
614.629
614.629
614.629
614.629
587.484
587.484
587.484
587.484
587.484
545
545
545
545
545
250.876
250.876
250.876
250.876
250.876
409.062
409.062
409.062
409.062
409.062
680.566
680.566
680.566
680.566
680.566
730.857
730.857
730.857
730.857
730.857
600.28
600.28
600.28
600.28
600.28
568.204
567.534
567.534
567.534
567.534
284.88
284.88
278.259
278.259
278.259
493.606
493.606
493.606
493.606
493.606
740.546
740.546
740.546
740.546
740.546
477.578
477.578
477.578
477.578
477.578
549.297
549.297
549.297
549.297
549.297
720.939
720.939
720.939
720.939
720.939
692.832
692.832
692.832
692.832
692.832
594.793
594.793
594.793
594.793
594.793
641.151
641.151
641.151
641.151
641.151
536.734
536.734
536.734
536.734
536.734
474.406
474.406
474.406
474.406
474.406
518.462
518.462
518.462
518.462
518.462
696.494
696.494
696.494
696.494
696.494
513.096
513.096
513.096
513.096
513.096
632.348
632.348
632.348
632.348
632.348
746.388
742.775
742.775
742.775
742.775
772.253
772.253
772.253
772.253
772.253
660.137
660.137
660.137
660.137
660.137
504.273
504.273
504.273
504.273
504.273
782.51
782.51
782.51
782.51
782.51
739.845
739.845
739.845
739.845
739.845
342.498
342.498
342.498
342.498
342.498
218.5
218.5
218.5
218.5
218.5
681.652
681.652
681.652
681.652
681.652
605.293
605.293
605.293
605.293
605.293
168.508
168.508
168.508
168.508
168.508
721.89
721.89
721.89
721.89
721.89
298.182
298.182
298.182
298.182
298.182
566.393
566.393
566.393
566.393
566.393
611.874
611.874
611.874
611.874
611.874
492.75
492.75
492.75
492.75
492.75
442.891
442.891
442.891
442.891
442.891
719.163
719.163
719.163
719.163
719.163
718.348
718.348
718.348
718.348
718.348
745.957
745.957
745.957
745.957
745.957
519.415
519.415
519.415
519.415
519.415
774.239
774.239
774.239
774.239
774.239
762.659
762.659
762.659
762.659
762.659
702.503
702.503
702.503
702.503
702.503
428.73
428.73
428.73
428.73
428.73
742.523
742.523
742.523
742.523
742.523
701.188
701.188
701.188
701.188
701.188
376.478
376.478
376.478
376.478
376.478
350.999
350.999
350.999
350.999
350.999
512.733
512.733
512.733
512.733
512.733
480.356
480.356
480.356
480.356
480.356
625.02
625.02
625.02
625.02
625.02
338.305
338.305
338.305
338.305
338.305
755.912
755.912
755.912
755.912
755.912
477.32
477.32
477.32
477.32
477.32
564.208
564.208
564.208
564.208
564.208
776.827
776.827
776.827
776.827
776.827
714.101
714.101
714.101
714.101
714.101
741.274
741.274
741.274
741.274
741.274
752.694
752.694
752.694
752.694
752.694
747.767
747.767
747.767
747.767
747.767
714.425
714.425
714.425
714.425
714.425
401.024
401.024
401.024
401.024
401.024
458.266
458.266
458.266
458.266
458.266
474.047
474.047
474.047
474.047
474.047
546.75
546.75
546.75
546.75
546.75
667.919
667.919
667.919
667.919
667.919
387.469
387.469
387.469
387.469
387.469
636.227
636.227
636.227
636.227
636.227
722.75
722.75
722.75
722.75
722.75
583.432
583.432
583.432
583.432
583.432
552
552
552
552
552
277.657
277.657
277.657
277.657
277.657
232.251
232.251
232.251
232.251
232.251
154.298
154.298
154.298
154.298
154.298
634.521
634.521
634.521
634.521
634.521
520.011
520.011
520.011
520.011
520.011
375.656
375.656
375.656
375.656
375.656
673.956
673.956
673.956
673.956
673.956
332.239
332.239
332.239
332.239
332.239
474.188
474.188
474.188
474.188
474.188
724.948
724.948
724.948
724.948
724.948
472.137
472.137
472.137
472.137
472.137
516.048
516.048
516.048
516.048
516.048
625.544
625.544
625.544
625.544
625.544
246.039
246.039
246.039
246.039
246.039
695.937
695.937
695.937
695.937
695.937
557.456
557.456
557.456
557.456
557.456
379.001
379.001
379.001
379.001
379.001
539.5
539.5
539.5
539.5
539.5
714.49
714.49
714.49
714.49
714.49
650.193
650.193
650.193
650.193
650.193
686.45
686.45
686.45
686.45
686.45
649.891
649.891
649.891
649.891
649.891
676.957
676.957
676.957
676.957
676.957
623.219
623.219
623.219
623.219
623.219
405.088
405.088
405.088
405.088
405.088
401.876
401.876
401.876
401.876
401.876
750.506
750.506
750.506
750.506
750.506
239.031
239.031
239.031
239.031
239.031
652.808
652.808
652.808
652.808
652.808
484.563
484.563
484.563
484.563
484.563
550.313
550.313
550.313
550.313
550.313
470.26
470.26
470.26
470.26
470.26
666.031
666.031
666.031
666.031
666.031
700.164
700.164
700.164
700.164
700.164
648.536
648.536
648.536
648.536
648.536
542.022
542.022
542.022
542.022
542.022
526.54
526.54
526.54
526.54
526.54
484.151
484.151
484.151
484.151
484.151
594.517
594.517
594.517
594.517
594.517
413.613
413.613
413.613
413.613
413.613
460.625
460.625
460.625
460.625
460.625
511.594
511.594
511.594
511.594
511.594
553.518
553.518
553.518
553.518
553.518
546.341
546.341
546.341
546.341
546.341
606.293
606.293
606.293
606.293
606.293
352.5
352.5
352.5
352.5
352.5
648.431
648.431
648.431
648.431
648.431
552.5
552.5
552.5
552.5
552.5
575.655
575.655
575.655
575.655
575.655
642.261
642.261
642.261
642.261
642.261
310.235
310.235
310.235
310.235
310.235
355.082
355.082
355.082
355.082
355.082
389.145
389.145
389.145
389.145
389.145
709.053
709.053
709.053
709.053
709.053
774.631
774.631
774.631
774.631
774.631
772.982
772.982
772.982
772.982
772.982
765.688
765.688
765.688
765.688
765.688
620.912
620.912
620.912
620.912
620.912
601.25
601.25
601.25
601.25
601.25
509.656
509.656
509.656
509.656
509.656
702.094
702.094
702.094
702.094
702.094
551.317
551.317
551.317
551.317
551.317
611.601
611.601
611.601
611.601
611.601
581.437
581.437
581.437
581.437
581.437
562.927
562.927
562.927
562.927
562.927
745.694
745.694
745.694
745.694
745.694
715.453
715.453
715.453
715.453
715.453
635.119
635.119
635.119
635.119
635.119
734.761
734.761
734.761
734.761
734.761
759.639
759.639
759.639
759.639
759.639
718.581
718.581
718.581
718.581
718.581
457.835
457.835
457.835
457.835
457.835
719.69
719.69
719.69
719.69
719.69
695.438
695.438
695.438
695.438
695.438
714.528
714.528
714.528
714.528
714.528
711.019
711.019
711.019
711.019
711.019
642.202
642.202
642.202
642.202
642.202
599.943
599.943
599.943
599.943
599.943
768.779
768.779
768.779
768.779
768.779
757.148
757.148
757.148
757.148
757.148
502.209
502.209
502.209
502.209
502.209
553.114
553.114
553.114
553.114
553.114
429.602
429.602
429.602
429.602
429.602
332.901
332.901
332.901
332.901
332.901
393.65
393.65
393.65
393.65
393.65
704.336
704.336
704.336
704.336
704.336
770.086
770.086
770.086
770.086
770.086
737.499
737.499
737.499
737.499
737.499
658.405
658.405
658.405
658.405
658.405
622.48
622.48
622.48
622.48
622.48
649.596
649.596
649.596
649.596
649.596
498.75
498.75
498.75
498.75
498.75
633.727
633.727
633.727
633.727
633.727
753.682
753.682
753.682
753.682
753.682
744.896
744.896
744.896
744.896
744.896
542.313
542.313
542.313
542.313
542.313
547.847
547.847
547.847
547.847
547.847
297.129
297.129
297.129
297.129
297.129
387.662
387.662
387.662
387.662
387.662
519.892
519.892
519.892
519.892
519.892
295.377
295.377
295.377
301.316
301.316
480.75
480.75
480.75
480.75
480.75
448.558
448.558
448.558
448.558
448.558
674.114
674.114
674.114
674.114
674.114
392.42
392.42
392.42
392.42
392.42
367.804
367.804
367.804
367.804
367.804
602.752
602.752
602.752
602.752
602.752
738.375
738.375
738.375
738.375
738.375
705.125
705.125
705.125
705.125
705.125
445.188
445.188
445.188
445.188
445.188
633.125
633.125
633.125
633.125
633.125
732.253
732.253
732.253
732.253
732.253
552.391
552.391
552.391
552.391
552.391
236.715
236.715
236.715
236.715
236.715
695.129
695.14
695.14
695.14
695.14
598.369
598.369
598.369
598.369
598.369
568.094
568.094
568.094
568.094
568.094
318.413
318.413
318.413
318.413
318.413
742.781
742.781
742.781
742.781
742.781
747.607
747.607
747.607
747.607
747.607
348.629
348.629
348.629
348.629
348.629
787.542
787.542
787.542
787.542
787.542
281.239
281.239
281.239
281.239
281.239
704.859
704.859
704.859
704.859
704.859
618.938
618.938
618.938
618.938
618.938
613.462
613.462
613.462
613.462
613.462
727.5
727.5
727.5
727.5
727.5
726.844
726.844
726.844
726.844
726.844
708.199
708.199
708.199
708.199
708.199
405.768
405.768
405.768
405.768
405.768
719.717
719.717
719.717
719.717
719.717
299.756
299.756
299.756
299.756
299.756
238.461
237.984
237.984
237.984
237.984
693.174
693.174
693.174
693.174
693.174
677.813
677.813
677.813
677.813
677.813
609.648
609.648
609.648
609.648
609.648
572.469
572.469
572.469
572.469
572.469
501.52
501.52
501.52
501.52
501.52
511.248
511.248
511.248
511.248
511.248
647.931
647.931
647.931
647.931
647.931
749.074
749.074
749.074
749.074
749.074
661.242
661.242
661.242
661.242
661.242
685.563
685.563
685.563
685.563
685.563
466.72
466.72
466.72
466.72
466.72
506.424
506.424
506.424
506.424
506.424
517.211
517.211
517.211
517.211
517.211
534.511
534.511
534.511
534.511
534.511
425.869
425.869
425.869
425.869
425.869
676.333
676.333
676.333
676.333
676.333
659.852
659.852
659.852
659.852
659.852
688.531
688.531
688.531
688.531
688.531
492.313
492.313
492.313
492.313
492.313
535.543
535.543
535.543
535.543
535.543
731.279
731.279
731.279
731.279
731.279
491
491
491
491
491
390.513
390.513
390.513
390.513
390.513
755.076
755.076
755.076
755.076
755.076
447.956
447.956
447.956
447.956
447.956
526.013
526.013
526.013
526.013
526.013
539.146
539.146
539.146
539.146
539.146
543.129
543.129
543.129
543.129
543.129
576.624
576.624
576.624
576.624
576.624
681.613
681.613
681.613
681.613
681.613
445.529
445.529
445.529
445.529
445.529
667.25
667.25
667.25
667.25
667.25
253.67
253.67
253.67
253.67
253.67
564.556
564.556
564.556
564.556
564.556
437.146
437.146
437.146
437.146
437.146
752.781
752.781
752.781
752.781
752.781
744.501
744.501
744.501
744.501
744.501
668.757
668.757
668.757
668.757
668.757
563.807
563.807
563.807
563.807
563.807
745.727
745.727
745.727
745.727
745.727
756.389
756.389
756.389
756.389
756.389
513.052
513.052
513.052
513.052
513.052
564.971
564.971
564.971
564.971
564.971
604.643
604.643
604.643
604.643
604.643
607.799
607.799
607.799
607.799
607.799
441.25
441.25
441.25
441.25
441.25
705.398
705.398
705.398
705.398
705.398
592.887
592.887
592.887
592.887
592.887
626.937
626.937
626.937
626.937
626.937
600.571
600.571
600.571
600.571
600.571
541.127
541.127
541.127
541.127
541.127
775.204
775.204
775.204
775.204
775.204
496.112
496.112
496.112
496.112
496.112
551.058
551.058
551.058
551.058
551.058
324.114
324.114
324.114
324.114
324.114
418.094
418.094
418.094
418.094
418.094
547.927
547.927
547.927
547.927
547.927
539.351
539.351
539.351
539.351
539.351
454.073
454.073
454.073
454.073
454.073
495.078
495.078
495.078
495.078
495.078
678.929
678.929
678.929
678.929
678.929
496.874
496.874
496.874
496.874
496.874
664.256
664.256
664.256
664.256
664.256
583.074
583.074
583.074
583.074
583.074
637.038
637.038
637.038
637.038
637.038
693.889
693.889
693.889
693.889
693.889
499.672
499.672
499.672
499.672
499.672
582.585
582.585
582.585
582.585
582.585
512.044
512.044
512.044
512.044
512.044
361.444
361.444
361.444
361.444
361.444
697.523
697.523
697.523
697.523
697.523
419.631
419.631
419.631
419.631
419.631
526
526
526
526
526
388.977
388.977
388.977
388.977
388.977
453.99
453.99
453.99
453.99
453.99
544.762
544.762
544.762
544.762
544.762
531.387
531.387
531.387
531.387
531.387
626.902
626.902
626.902
626.902
626.902
381.598
381.598
381.598
381.598
381.598
658.57
658.57
658.57
658.57
658.57
521.354
521.354
521.354
521.354
521.354
659.464
659.464
659.464
659.464
659.464
628.461
628.461
628.461
628.461
628.461
333
333
333
333
333
381.998
381.998
381.998
381.998
381.998
289.851
289.851
289.851
289.851
289.851
677.219
677.219
677.219
677.219
677.219
528.321
528.321
528.357
528.357
528.357
772.801
772.801
772.801
772.801
772.801
442.19
442.19
442.19
442.19
442.19
503.234
503.234
503.234
503.234
503.234
518.179
518.179
518.179
518.179
518.179
592.68
592.68
592.68
592.68
592.68
523.641
523.641
523.641
523.641
523.641
615.172
615.172
615.172
615.172
615.172
372.696
372.696
372.696
372.696
372.696
297.298
297.298
297.298
297.298
297.298
581.565
581.565
581.565
581.565
581.565
629.847
629.847
629.847
629.847
629.847
642.75
642.75
642.75
642.75
642.75
601.462
601.462
601.462
601.462
601.462
674.73
674.73
674.73
674.73
674.73
619.297
619.297
619.297
619.297
619.297
527.655
527.655
527.655
527.655
527.655
616.304
616.304
616.304
616.304
616.304
467.227
467.227
467.227
467.227
467.227
242.711
242.711
242.711
242.711
242.711
529.375
529.375
529.375
529.375
529.375
342.203
342.203
342.203
342.203
342.203
357.625
357.625
357.625
357.625
357.625
459.025
459.025
459.025
459.025
459.025
290.564
290.564
290.564
290.564
290.564
383.765
383.765
383.765
383.765
383.765
584.623
584.623
584.623
584.623
584.623
535.94
535.94
535.94
535.94
535.94
411.134
411.134
411.134
411.134
411.134
531.686
531.686
531.686
531.686
531.686
346.565
346.565
346.565
346.565
346.565
291.038
291.038
291.038
291.038
291.038
626.891
626.891
626.891
626.891
626.891
734.68
734.68
734.68
734.68
734.68
597.381
597.381
597.381
597.381
597.381
573.973
573.973
573.973
573.973
573.973
470.169
470.169
470.169
470.169
470.169
535.732
535.732
535.732
535.732
535.732
582.344
582.344
582.344
582.344
582.344
623.25
623.25
623.25
623.25
623.25
417.041
417.041
417.041
417.041
417.041
557.125
557.125
557.125
557.125
557.125
395.594
395.594
395.594
395.594
395.594
590.73
595.709
595.709
595.709
595.709
440.466
440.466
440.466
440.466
440.466
617.78
617.78
617.78
617.78
617.78
525
525
525
525
525
605.976
605.976
605.977
605.977
605.977
188.202
188.202
188.202
188.202
188.202
679.563
679.563
679.563
679.563
679.563
502.43
502.43
502.43
502.43
502.43
765.782
765.782
765.782
765.782
765.782
379.619
379.619
379.619
379.619
379.619
538.681
538.681
538.681
538.681
538.681
465.444
465.444
465.444
465.444
465.444
386.996
386.996
386.996
386.996
386.996
345.413
345.413
345.413
345.413
345.413
596.672
596.672
596.672
596.672
596.672
394.958
394.958
394.958
394.958
394.958
553.266
553.266
553.266
553.266
553.266
772.191
772.191
772.191
772.191
772.191
773.451
773.451
773.451
773.451
773.451
589.563
589.563
589.563
589.563
589.563
277.55
277.55
277.55
277.55
277.55
307.811
307.811
307.811
307.811
307.811
700.429
700.429
700.429
700.429
700.429
745.732
745.732
745.732
745.732
745.732
485.094
483.688
483.688
483.688
483.688
285.537
285.537
285.537
285.537
285.537
626.483
626.483
626.483
626.483
626.483
613.875
613.875
613.875
613.875
613.875
768.233
768.233
768.233
768.233
768.233
755.903
755.903
755.903
755.903
755.903
627.622
627.622
627.622
627.622
627.622
274.84
274.84
274.84
274.84
274.84
696.464
696.464
696.464
696.464
696.464
677.238
677.238
677.238
677.238
677.238
434.852
434.852
434.852
434.852
434.852
322.342
322.342
322.342
322.342
322.342
759.491
759.491
759.491
759.491
759.491
529.101
529.101
529.101
529.101
529.101
424.094
424.094
424.094
424.094
424.094
550.897
550.897
550.897
550.897
550.897
652.708
652.708
652.708
652.708
652.708
702.142
702.142
702.142
702.142
702.142
579.67
579.67
579.67
579.67
579.67
497.75
497.75
497.75
497.75
497.75
461.093
461.093
461.093
461.093
461.093
412.426
412.426
412.426
412.426
412.426
521.373
521.373
521.373
521.373
521.373
659.445
659.445
659.445
659.445
659.445
463.805
463.805
463.805
463.805
463.805
397.438
397.438
397.438
397.438
397.438
664.139
664.139
664.139
664.139
664.139
619.625
619.625
619.625
619.625
619.625
508.953
508.953
508.953
508.953
508.953
511.979
511.979
511.979
511.979
511.979
329.62
329.62
329.62
329.62
329.62
754.509
754.509
754.509
754.509
754.509
615.066
615.066
615.066
615.066
615.066
454.698
454.698
454.698
454.698
454.698
309.641
309.641
309.641
309.641
309.641
587.561
587.561
587.561
587.561
587.561
749.977
749.977
749.977
749.977
749.977
701.618
701.618
701.618
701.618
701.618
275.668
275.668
275.668
275.668
275.668
554.831
554.831
554.831
554.831
554.831
728.875
728.875
728.875
728.875
728.875
764.798
764.798
764.798
764.798
764.798
640.96
640.96
640.96
640.96
640.96
603.266
603.266
603.266
603.266
603.266
371.085
371.085
371.085
371.085
371.085
553.462
553.462
553.462
553.462
553.462
759.173
759.173
759.173
759.173
759.173
684.63
684.63
684.63
684.63
684.63
432.336
432.336
432.336
432.336
432.336
649.849
649.849
649.849
649.849
649.849
405.648
405.648
405.648
405.648
405.648
530.397
530.397
530.397
530.397
530.397
504.625
504.625
504.625
504.625
504.625
583.188
583.188
583.188
583.188
583.188
391.174
391.174
391.174
391.174
391.174
279.996
279.996
279.996
279.996
279.996
591
591
591
591
591
515.219
515.219
515.219
515.219
515.219
768.907
768.907
768.907
768.907
768.907
746.894
746.894
746.894
746.894
746.894
760.176
760.176
760.176
760.176
760.176
499.1
499.1
499.1
499.1
499.1
328.827
328.827
328.827
328.827
328.827
753.074
753.074
753.074
753.074
753.074
597.255
597.255
597.255
597.255
597.255
687.979
687.979
687.979
687.979
687.979
263.534
263.534
263.534
263.534
263.534
420.981
420.981
420.981
420.981
420.981
469.494
469.494
469.494
469.494
469.494
736.968
736.968
736.968
736.968
736.968
614.358
614.358
614.358
614.358
614.358
341.211
341.211
341.211
341.211
341.211
776.839
776.839
776.839
776.839
776.839
763.061
763.061
763.061
763.061
763.061
742.33
742.33
742.33
742.33
742.33
452.094
452.094
452.094
452.094
452.094
428.909
428.909
428.909
428.909
428.909
537.227
537.227
537.227
537.227
537.227
579.342
579.342
579.342
579.342
579.342
592.078
592.078
592.078
592.078
592.078
564.828
564.828
564.828
564.828
564.828
508.188
508.188
508.188
508.188
508.188
402.833
402.833
402.833
402.833
402.833
629.341
629.341
629.341
629.341
629.341
524.218
524.218
524.218
524.218
524.218
311.846
311.846
311.846
311.846
311.846
506.817
506.817
506.817
506.817
506.817
479.125
479.125
479.125
479.125
479.125
534.585
534.585
534.585
534.585
534.585
504.656
504.656
504.656
504.656
504.656
781.999
781.999
781.999
781.999
781.999
746.863
746.863
746.863
746.863
746.863
559.238
559.238
559.238
559.238
559.238
684.984
684.984
684.984
684.984
684.984
524.391
524.391
524.391
524.391
524.391
388.328
388.328
388.328
388.328
388.328
439.307
439.307
439.307
439.307
439.307
664.412
664.412
664.412
664.412
664.412
672.463
672.463
672.463
672.463
672.463
673.98
673.98
673.98
673.98
673.98
564.785
564.785
564.785
564.785
564.785
628
628
628
628
628
489.723
489.723
489.723
489.723
489.723
777.042
777.042
777.042
777.042
777.042
680.173
680.173
680.173
680.173
680.173
593.834
593.834
593.834
593.834
593.834
695.428
695.428
695.428
695.428
695.428
745.291
745.291
745.291
745.291
745.291
718.12
718.12
718.12
718.12
718.12
496.097
496.097
496.097
496.097
496.097
614.803
614.803
614.803
614.803
614.803
358.869
358.869
358.869
358.869
358.869
478.522
478.522
478.522
478.522
478.522
706.927
706.927
706.927
706.927
706.927
540.992
540.992
540.992
540.992
540.992
586.125
586.125
586.125
586.125
586.125
534.893
534.893
534.893
534.893
534.893
633.563
633.563
633.563
633.563
633.563
477.001
477.001
477.001
477.001
477.001
334.281
334.281
334.281
334.281
334.281
462.375
462.375
462.375
462.375
462.375
571.608
571.608
571.608
571.608
571.608
712.432
712.432
712.432
712.432
712.432
761.52
761.52
761.52
761.52
761.52
727.297
727.297
727.297
727.297
727.297
700.206
700.206
700.206
700.206
700.206
790.373
790.373
790.373
790.373
790.373
674.81
674.81
674.81
674.81
674.81
727.069
727.069
727.069
727.069
727.069
681.637
681.637
681.637
681.637
681.637
646.914
646.914
646.914
646.914
646.914
347
347
347
347
347
662.46
662.46
662.46
662.46
662.46
632.734
632.734
632.734
632.734
632.734
672.689
672.689
672.689
672.689
672.689
738.617
738.617
738.617
738.617
738.617
754.396
754.396
754.396
754.396
754.396
447.004
447.004
447.004
447.004
447.004
358.353
358.353
358.353
358.353
358.353
662.979
662.979
662.979
662.979
662.979
628.979
628.979
628.979
628.979
628.979
388.651
388.651
388.651
388.651
388.651
452.458
452.458
452.458
452.458
452.458
534.844
534.844
534.844
534.844
534.844
425.566
425.566
425.566
425.566
425.566
510.923
510.923
510.923
510.923
510.923
543.688
543.688
543.688
543.688
543.688
304.987
304.987
304.987
304.987
304.987
463.354
463.354
463.354
463.354
463.354
762.992
762.992
762.992
762.992
762.992
638.532
638.532
638.532
638.532
638.532
357.801
357.801
357.801
357.801
357.801
624.238
624.238
624.238
624.238
624.238
384.772
384.772
384.772
384.772
384.772
392.198
392.198
392.198
392.198
392.198
722.813
722.813
722.813
722.813
722.813
725.677
725.677
725.677
725.677
725.677
505.03
505.03
505.03
505.03
505.03
682.756
682.756
682.756
682.756
682.756
325.422
325.422
325.422
325.422
325.422
639.357
639.357
639.357
639.357
639.357
708.691
708.691
708.691
708.691
708.691
312.907
312.907
312.907
312.907
312.907
662.546
662.546
662.546
662.546
662.546
530.909
530.909
530.909
530.909
530.909
423.799
423.799
423.799
423.799
423.799
708.028
708.028
708.028
708.028
708.028
627.695
627.695
627.695
627.695
627.695
447.004
447.004
447.004
447.004
447.004
411.907
411.907
411.907
411.907
411.907
647
647
647
647
647
672.532
672.532
672.532
672.532
672.532
460.031
460.031
460.031
460.031
460.031
508.725
508.725
508.725
508.725
508.725
643.323
643.323
643.323
643.323
643.323
698.615
698.615
698.615
698.615
698.615
504.817
504.817
504.817
504.817
504.817
419.888
419.888
419.888
419.888
419.888
526.875
526.875
526.875
526.875
526.875
656.739
656.739
656.739
656.739
656.739
491.281
491.281
491.281
491.281
491.281
386.8
386.8
386.8
386.8
386.8
438.679
438.679
438.679
438.679
438.679
551.408
551.408
551.408
551.408
551.408
614.52
614.52
614.52
614.52
614.52
768.977
768.977
768.977
768.977
768.977
615.53
615.53
731.059
731.059
731.059
769.39
769.39
769.39
769.39
769.39
498.193
498.193
498.193
498.193
498.193
345.029
345.029
345.029
345.029
345.029
563.579
563.579
563.579
563.579
563.579
776.126
776.126
776.126
776.126
776.126
767.164
767.164
767.164
767.164
767.164
768.575
768.575
768.575
768.575
768.575
513.004
513.004
513.004
513.004
513.004
458.919
458.919
458.919
458.919
458.919
523.788
523.788
523.788
523.788
523.788
510.653
510.653
510.653
510.653
510.653
640.203
640.203
640.203
640.203
640.203
691.127
691.127
691.127
691.127
691.127
753.894
753.894
753.894
753.894
753.894
206.397
206.397
206.397
206.397
206.397
388.559
388.559
388.559
388.559
388.559
567.929
567.929
567.929
567.929
567.929
733.157
733.157
733.157
733.157
733.157
742.619
742.619
742.619
742.619
742.619
356.487
356.487
356.487
356.487
356.487
297.111
297.111
297.111
297.111
297.111
669.676
669.676
669.676
669.676
669.676
0
