0
0
0
0
466.182
466.182
466.182
466.182
466.182
752.665
752.665
752.665
752.665
752.665
724.425
724.425
724.425
724.425
724.425
669.94
669.94
669.94
669.94
669.94
774.931
774.931
774.931
774.931
774.931
729.751
729.751
729.751
729.751
729.751
665.878
665.878
665.878
665.878
665.878
773.108
773.108
773.108
773.108
773.108
781.502
781.502
781.502
781.502
781.502
777.442
777.442
777.442
777.442
777.442
790.97
790.97
790.97
790.97
790.97
781.489
781.489
781.489
781.489
781.489
786.49
786.49
786.49
786.49
786.49
790.602
790.602
790.602
790.602
790.602
776.318
776.318
776.318
776.318
776.318
766.143
766.143
766.143
766.143
766.143
771.106
771.106
771.106
771.106
771.106
757.384
757.384
757.384
757.384
757.384
772.827
772.827
772.827
772.827
772.827
790.785
790.785
790.785
790.785
790.785
775.027
775.027
775.027
775.027
775.027
778.983
778.983
778.983
778.983
778.983
780.42
780.42
780.42
780.42
780.42
767.713
767.713
767.713
767.713
767.713
757.499
757.499
757.499
757.499
757.499
779.965
779.965
779.965
779.965
779.965
786.161
786.161
786.161
786.161
786.161
780.132
780.132
780.132
780.132
780.132
775.934
775.934
775.934
775.934
775.934
783.024
783.024
783.024
783.024
783.024
773.463
773.463
773.463
773.463
773.463
791.469
791.469
791.469
791.469
791.469
790.01
790.01
790.01
790.01
790.01
780.616
780.616
780.616
780.616
780.616
791.32
791.32
791.32
791.32
791.32
785.98
785.98
785.98
785.98
785.98
781.673
781.673
781.673
781.673
781.673
792.208
792.208
792.208
792.208
792.208
796.881
796.881
796.881
796.881
796.881
792.745
792.745
792.745
792.745
792.745
797.343
797.343
797.343
797.343
797.343
795.937
795.937
795.937
795.937
795.937
792.363
792.363
792.363
792.363
792.363
797.11
797.11
797.11
797.11
797.11
793.715
793.715
793.715
793.715
793.715
790.031
790.031
790.031
790.031
790.031
792.694
792.694
792.694
792.694
792.694
786.813
786.813
786.813
786.813
786.813
779.146
779.146
779.146
779.146
779.146
793.213
793.213
793.213
793.213
793.213
791.402
791.402
791.402
791.402
791.402
789.837
789.837
789.837
789.837
789.837
798.101
798.101
798.101
798.101
798.101
794.258
794.258
794.258
794.258
794.258
792.636
792.636
792.636
792.636
792.636
796.42
796.42
796.42
796.42
796.42
795.888
795.888
795.888
795.888
795.888
794.055
794.055
794.055
794.055
794.055
795.317
795.317
795.317
795.317
795.317
793.515
793.515
793.515
793.515
793.515
787.24
787.24
787.24
787.24
787.24
794.801
794.801
794.801
794.801
794.801
783.858
783.858
783.858
783.858
783.858
786.271
786.271
786.271
786.271
786.271
793.351
793.351
793.351
793.351
793.351
785.63
785.63
785.63
785.63
785.63
782.649
782.649
782.649
782.649
782.649
791.458
791.458
791.458
791.458
791.458
791.946
791.946
791.946
791.946
791.946
788.926
788.926
788.926
788.926
788.926
793.292
793.292
793.292
793.292
793.292
791.872
791.872
791.872
791.872
791.872
790.544
790.544
790.544
790.544
790.544
798.002
798.002
798.002
798.002
798.002
792.661
792.661
792.661
792.661
792.661
791.012
791.012
791.012
791.012
791.012
795.91
795.91
795.91
795.91
795.91
793.26
793.26
793.26
793.26
793.26
782.151
782.151
782.151
782.151
782.151
790.942
790.942
790.942
790.942
790.942
792.022
792.022
792.022
792.022
792.022
790.26
790.26
790.26
790.26
790.26
795.529
795.529
795.529
795.529
795.529
790.733
790.733
790.733
790.733
790.733
785.437
785.437
785.437
785.437
785.437
797.92
797.92
797.92
797.92
797.92
795.43
795.43
795.43
795.43
795.43
794.026
794.026
794.026
794.026
794.026
797.878
797.878
797.878
797.878
797.878
795.392
795.392
795.392
795.392
795.392
794.028
794.028
794.028
794.028
794.028
795.697
795.697
795.697
795.697
795.697
795.408
795.408
795.408
795.408
795.408
794.091
794.091
794.091
794.091
794.091
795.782
795.782
795.782
795.782
795.782
793.504
793.504
793.504
793.504
793.504
786.589
786.589
786.589
786.589
786.589
797.811
797.811
797.811
797.811
797.811
793.065
793.065
793.065
793.065
793.065
795.287
795.287
795.287
795.287
795.287
798.378
798.378
798.378
798.378
798.378
791.931
791.931
791.931
791.931
791.931
791.408
791.408
791.408
791.408
791.408
793.278
793.278
793.278
793.278
793.278
794.321
794.321
794.321
794.321
794.321
789.608
789.608
789.608
789.608
789.608
794.605
794.605
794.605
794.605
794.605
796.969
796.969
796.969
796.969
796.969
797.778
797.778
797.778
797.778
797.778
797.665
797.665
797.665
797.665
797.665
796.014
796.014
796.014
796.014
796.014
794.773
794.773
794.773
794.773
794.773
797.152
797.152
797.152
797.152
797.152
796.761
796.761
796.761
796.761
796.761
793.166
793.166
793.166
793.166
793.166
797.765
797.765
797.765
797.765
797.765
793.901
793.901
793.901
793.901
793.901
793.047
793.047
793.047
793.047
793.047
797.413
797.413
797.413
797.413
797.413
796.098
796.098
796.098
796.098
796.098
795.515
795.515
795.515
795.515
795.515
798.388
798.388
798.388
798.388
798.388
796.525
796.525
796.525
796.525
796.525
796.799
796.799
796.799
796.799
796.799
797.51
797.51
797.51
797.51
797.51
796.764
796.764
796.764
796.764
796.764
795.607
795.607
795.607
795.607
795.607
797.605
797.605
797.605
797.605
797.605
796.842
796.842
796.842
796.842
796.842
794.816
794.816
794.816
794.816
794.816
798.84
798.84
798.84
798.84
798.84
798.494
798.494
798.494
798.494
798.494
794.22
794.22
794.22
794.22
794.22
798.099
798.099
798.099
798.099
798.099
792.943
792.943
792.943
792.943
792.943
789.922
789.922
789.922
789.922
789.922
797.923
797.923
797.923
797.923
797.923
796.823
796.823
796.823
796.823
796.823
794.045
794.045
794.045
794.045
794.045
797.515
797.515
797.515
797.515
797.515
796.933
796.933
796.933
796.933
796.933
794.713
794.713
794.713
794.713
794.713
798.791
798.791
798.791
798.791
798.791
795.362
795.362
795.362
795.362
795.362
793.934
793.934
793.934
793.934
793.934
796.902
796.902
796.902
796.902
796.902
795.823
795.823
795.823
795.823
795.823
794.578
794.578
794.578
794.578
794.578
797.937
797.937
797.937
797.937
797.937
797.466
797.466
797.466
797.466
797.466
796.72
796.72
796.72
796.72
796.72
797.297
797.297
797.297
797.297
797.297
796.033
796.033
796.033
796.033
796.033
790.549
790.549
790.549
790.549
790.549
797.572
797.572
797.572
797.572
797.572
796.379
796.379
796.379
796.379
796.379
793.965
793.965
793.965
793.965
793.965
797.884
797.884
797.884
797.884
797.884
797.173
797.173
797.173
797.173
797.173
797.188
797.188
797.188
797.188
797.188
796.294
796.294
796.294
796.294
796.294
795.608
795.608
795.608
795.608
795.608
795.566
795.566
795.566
795.566
795.566
797.89
797.89
797.89
797.89
797.89
796.832
796.832
796.832
796.832
796.832
796.127
796.127
796.127
796.127
796.127
797.055
797.055
797.055
797.055
797.055
795.185
795.185
795.185
795.185
795.185
794.266
794.266
794.266
794.266
794.266
797.945
797.945
797.945
797.945
797.945
795.186
795.186
795.186
795.186
795.186
793.275
793.275
793.275
793.275
793.275
797.047
797.047
797.047
797.047
797.047
796.014
796.014
796.014
796.014
796.014
794.991
794.991
794.991
794.991
794.991
798.232
798.232
798.232
798.232
798.232
796.782
796.782
796.782
796.782
796.782
795.958
795.958
795.958
795.958
795.958
798.828
798.828
798.828
798.828
798.828
798.09
798.09
798.09
798.09
798.09
794.619
794.619
794.619
794.619
794.619
798.516
798.516
798.516
798.516
798.516
796.842
796.842
796.842
796.842
796.842
795.192
795.192
795.192
795.192
795.192
798.138
798.138
798.138
798.138
798.138
797.91
797.91
797.91
797.91
797.91
794.323
794.323
794.323
794.323
794.323
797.258
797.258
797.258
797.258
797.258
796.764
796.764
796.764
796.764
796.764
793.944
793.944
793.944
793.944
793.944
796.045
796.045
796.045
796.045
796.045
794.457
794.457
794.457
794.457
794.457
793.091
793.091
793.091
793.091
793.091
797.099
797.099
797.099
797.099
797.099
795.2
795.2
795.2
795.2
795.2
792.964
792.964
792.964
792.964
792.964
796.147
796.147
796.147
796.147
796.147
793.629
793.629
793.629
793.629
793.629
794.923
794.923
794.923
794.923
794.923
798.156
798.156
798.156
798.156
798.156
797.256
797.256
797.256
797.256
797.256
796.723
796.723
796.723
796.723
796.723
797.612
797.612
797.612
797.612
797.612
794.882
794.882
794.882
794.882
794.882
794.405
794.405
794.405
794.405
794.405
798.682
798.682
798.682
798.682
798.682
797.222
797.222
797.222
797.222
797.222
796.128
796.128
796.128
796.128
796.128
798.044
798.044
798.044
798.044
798.044
795.531
795.531
795.531
795.531
795.531
794.655
794.655
794.655
794.655
794.655
798.063
798.063
798.063
798.063
798.063
797.548
797.548
797.548
797.548
797.548
795.691
795.691
795.691
795.691
795.691
798.364
798.364
798.364
798.364
798.364
796.769
796.769
796.769
796.769
796.769
796.923
796.923
796.923
796.923
796.923
798.584
798.584
798.584
798.584
798.584
797.186
797.186
797.186
797.186
797.186
794.818
794.818
794.818
794.818
794.818
797.244
797.244
797.244
797.244
797.244
797.127
797.127
797.127
797.127
797.127
795.821
795.821
795.821
795.821
795.821
796.28
796.28
796.28
796.28
796.28
797.97
797.97
797.97
797.97
797.97
795.055
795.055
795.055
795.055
795.055
798.341
798.341
798.341
798.341
798.341
797.823
797.823
797.823
797.823
797.823
796.859
796.859
796.859
796.859
796.859
798.546
798.546
798.546
798.546
798.546
796.603
796.603
796.603
796.603
796.603
796.356
796.356
796.356
796.356
796.356
798.562
798.562
798.562
798.562
798.562
798.416
798.416
798.416
798.416
798.416
797.778
797.778
797.778
797.778
797.778
798.693
798.693
798.693
798.693
798.693
796.62
796.62
796.62
796.62
796.62
794.52
794.52
794.52
794.52
794.52
798.695
798.695
798.695
798.695
798.695
798.092
798.092
798.092
798.092
798.092
795.935
795.935
795.935
795.935
795.935
798.634
798.634
798.634
798.634
798.634
797.969
797.969
797.969
797.969
797.969
796.268
796.268
796.268
796.268
796.268
797.798
797.798
797.798
797.798
797.798
797.662
797.662
797.662
797.662
797.662
797.096
797.096
797.096
797.096
797.096
798.687
798.687
798.687
798.687
798.687
797.561
797.561
797.561
797.561
797.561
796.205
796.205
796.205
796.205
796.205
798.362
798.362
798.362
798.362
798.362
798.834
798.834
798.834
798.834
798.834
795.191
795.191
795.191
795.191
795.191
796.781
796.781
796.781
796.781
796.781
795.802
795.802
795.802
795.802
795.802
796.895
796.895
796.895
796.895
796.895
797.981
797.981
797.981
797.981
797.981
797.446
797.446
797.446
797.446
797.446
795.907
795.907
795.907
795.907
795.907
796.355
796.355
796.355
796.355
796.355
795.504
795.504
795.504
795.504
795.504
795.38
795.38
795.38
795.38
795.38
798.692
798.692
798.692
798.692
798.692
796.536
796.536
796.536
796.536
796.536
796.17
796.17
796.17
796.17
796.17
798.371
798.371
798.371
798.371
798.371
795.999
795.999
795.999
795.999
795.999
795.431
795.431
795.431
795.431
795.431
798.643
798.643
798.643
798.643
798.643
797.807
797.807
797.807
797.807
797.807
795.436
795.436
795.436
795.436
795.436
798.811
798.811
798.811
798.811
798.811
798.234
798.234
798.234
798.234
798.234
797.002
797.002
797.002
797.002
797.002
797.171
797.171
797.171
797.171
797.171
797.752
797.752
797.752
797.752
797.752
796.386
796.386
796.386
796.386
796.386
798.302
798.302
798.302
798.302
798.302
797.24
797.24
797.24
797.24
797.24
797.011
797.011
797.011
797.011
797.011
798.495
798.495
798.495
798.495
798.495
797.46
797.46
797.46
797.46
797.46
796.495
796.495
796.495
796.495
796.495
798.306
798.306
798.306
798.306
798.306
797.66
797.66
797.66
797.66
797.66
795.631
795.631
795.631
795.631
795.631
798.444
798.444
798.444
798.444
798.444
798.433
798.433
798.433
798.433
798.433
797.409
797.409
797.409
797.409
797.409
798.478
798.478
798.478
798.478
798.478
796.563
796.563
796.563
796.563
796.563
794.181
794.181
794.181
794.181
794.181
796.74
796.74
796.74
796.74
796.74
796.59
796.59
796.59
796.59
796.59
796.632
796.632
796.632
796.632
796.632
797.656
797.656
797.656
797.656
797.656
796.875
796.875
796.875
796.875
796.875
795.397
795.397
795.397
795.397
795.397
798.771
798.771
798.771
798.771
798.771
796.432
796.432
796.432
796.432
796.432
796.055
796.055
796.055
796.055
796.055
798.933
798.933
798.933
798.933
798.933
798.074
798.074
798.074
798.074
798.074
797.78
797.78
797.78
797.78
797.78
798.729
798.729
798.729
798.729
798.729
797.749
797.749
797.749
797.749
797.749
794.802
794.802
794.802
794.802
794.802
798.232
798.232
798.232
798.232
798.232
797.597
797.597
797.597
797.597
797.597
797.169
797.169
797.169
797.169
797.169
797.114
797.114
797.114
797.114
797.114
797.775
797.775
797.775
797.775
797.775
796.045
796.045
796.045
796.045
796.045
798.868
798.868
798.868
798.868
798.868
795.834
795.834
795.834
795.834
795.834
794.303
794.303
794.303
794.303
794.303
797.235
797.235
797.235
797.235
797.235
795.814
795.814
795.814
795.814
795.814
793.951
793.951
793.951
793.951
793.951
798.958
798.958
798.958
798.958
798.958
798.793
798.793
798.793
798.793
798.793
798.02
798.02
798.02
798.02
798.02
798.185
798.185
798.185
798.185
798.185
797.555
797.555
797.555
797.555
797.555
797.054
797.054
797.054
797.054
797.054
798.431
798.431
798.431
798.431
798.431
798.161
798.161
798.161
798.161
798.161
797.778
797.778
797.778
797.778
797.778
798.857
798.857
798.857
798.857
798.857
798.048
798.048
798.048
798.048
798.048
796.196
796.196
796.196
796.196
796.196
798.978
798.978
798.978
798.978
798.978
798.557
798.557
798.557
798.557
798.557
797.247
797.247
797.247
797.247
797.247
798.344
798.344
798.344
798.344
798.344
797.741
797.741
797.741
797.741
797.741
797.512
797.512
797.512
797.512
797.512
798.948
798.948
798.948
798.948
798.948
797.856
797.856
797.856
797.856
797.856
798.784
798.784
798.784
798.784
798.784
798.808
798.808
798.808
798.808
798.808
797.686
797.686
797.686
797.686
797.686
796.616
796.616
796.616
796.616
796.616
798.85
798.85
798.85
798.85
798.85
798.449
798.449
798.449
798.449
798.449
796.428
796.428
796.428
796.428
796.428
798.863
798.863
798.863
798.863
798.863
797.728
797.728
797.728
797.728
797.728
797.195
797.195
797.195
797.195
797.195
799
799
799
799
799
798.941
798.941
798.941
798.941
798.941
798.915
798.915
798.915
798.915
798.915
798.711
798.711
798.711
798.711
798.711
797.64
797.64
797.64
797.64
797.64
797.818
797.818
797.818
797.818
797.818
798.467
798.467
798.467
798.467
798.467
797.355
797.355
797.355
797.355
797.355
798.033
798.033
798.033
798.033
798.033
798.494
798.494
798.494
798.494
798.494
798.68
798.68
798.68
798.68
798.68
798.109
798.109
798.109
798.109
798.109
798.608
798.608
798.608
798.608
798.608
798.731
798.731
798.731
798.731
798.731
797.979
797.979
797.979
797.979
797.979
798.922
798.922
798.922
798.922
798.922
798.437
798.437
798.437
798.437
798.437
796.793
796.793
796.793
796.793
796.793
798.801
798.801
798.801
798.801
798.801
798.229
798.229
798.229
798.229
798.229
796.453
796.453
796.453
796.453
796.453
798.996
798.996
798.996
798.996
798.996
797.539
797.539
797.539
797.539
797.539
797.351
797.351
797.351
797.351
797.351
797.748
797.748
797.748
797.748
797.748
797.113
797.113
797.113
797.113
797.113
797.059
797.059
797.059
797.059
797.059
798.874
798.874
798.874
798.874
798.874
798.483
798.483
798.483
798.483
798.483
798.704
798.704
798.704
798.704
798.704
798.449
798.449
798.449
798.449
798.449
796.138
796.138
796.138
796.138
796.138
796.587
796.587
796.587
796.587
796.587
798.433
798.433
798.433
798.433
798.433
798.087
798.087
798.087
798.087
798.087
796.763
796.763
796.763
796.763
796.763
798.933
798.933
798.933
798.933
798.933
798.951
798.951
798.951
798.951
798.951
798.394
798.394
798.394
798.394
798.394
798.989
798.989
798.989
798.989
798.989
798.449
798.449
798.449
798.449
798.449
798.2
798.2
798.2
798.2
798.2
798.75
798.75
798.75
798.75
798.75
796.597
796.597
796.597
796.597
796.597
794.967
794.967
794.967
794.967
794.967
798.461
798.461
798.461
798.461
798.461
797.344
797.344
797.344
797.344
797.344
796.782
796.782
796.782
796.782
796.782
798.68
798.68
798.68
798.68
798.68
798.466
798.466
798.466
798.466
798.466
797.505
797.505
797.505
797.505
797.505
798.93
798.93
798.93
798.93
798.93
798.467
798.467
798.467
798.467
798.467
797.864
797.864
797.864
797.864
797.864
796.871
796.871
796.871
796.871
796.871
796.613
796.613
796.613
796.613
796.613
796.296
796.296
796.296
796.296
796.296
798.745
798.745
798.745
798.745
798.745
798.344
798.344
798.344
798.344
798.344
797.468
797.468
797.468
797.468
797.468
798.678
798.678
798.678
798.678
798.678
798.058
798.058
798.058
798.058
798.058
798.271
798.271
798.271
798.271
798.271
798.953
798.953
798.953
798.953
798.953
798.398
798.398
798.398
798.398
798.398
797.123
797.123
797.123
797.123
797.123
798.372
798.372
798.372
798.372
798.372
797.544
797.544
797.544
797.544
797.544
798.033
798.033
798.033
798.033
798.033
798.701
798.701
798.701
798.701
798.701
797.463
797.463
797.463
797.463
797.463
797.531
797.531
797.531
797.531
797.531
798.734
798.734
798.734
798.734
798.734
798.358
798.358
798.358
798.358
798.358
797.657
797.657
797.657
797.657
797.657
798.656
798.656
798.656
798.656
798.656
798.699
798.699
798.699
798.699
798.699
797.596
797.596
797.596
797.596
797.596
798.951
798.951
798.951
798.951
798.951
798.473
798.473
798.473
798.473
798.473
798.343
798.343
798.343
798.343
798.343
798.499
798.499
798.499
798.499
798.499
798.726
798.726
798.726
798.726
798.726
798.553
798.553
798.553
798.553
798.553
798.936
798.936
798.936
798.936
798.936
798.52
798.52
798.52
798.52
798.52
797.236
797.236
797.236
797.236
797.236
798.497
798.497
798.497
798.497
798.497
798.459
798.459
798.459
798.459
798.459
797.732
797.732
797.732
797.732
797.732
798.623
798.623
798.623
798.623
798.623
797.694
797.694
797.694
797.694
797.694
797.192
797.192
797.192
797.192
797.192
798.249
798.249
798.249
798.249
798.249
797.925
797.925
797.925
797.925
797.925
797.63
797.63
797.63
797.63
797.63
798.25
798.25
798.25
798.25
798.25
797.982
797.982
797.982
797.982
797.982
797.608
797.608
797.608
797.608
797.608
798.499
798.499
798.499
798.499
798.499
798.576
798.576
798.576
798.576
798.576
796.488
796.488
796.488
796.488
796.488
798.936
798.936
798.936
798.936
798.936
798.683
798.683
798.683
798.683
798.683
798.667
798.667
798.667
798.667
798.667
798.468
798.468
798.468
798.468
798.468
798.616
798.616
798.616
798.616
798.616
795.756
795.756
795.756
795.756
795.756
798.927
798.927
798.927
798.927
798.927
798.482
798.482
798.482
798.482
798.482
798.163
798.163
798.163
798.163
798.163
798.968
798.968
798.968
798.968
798.968
797.801
797.801
797.801
797.801
797.801
798.347
798.347
798.347
798.347
798.347
798.961
798.961
798.961
798.961
798.961
798.428
798.428
798.428
798.428
798.428
798.384
798.384
798.384
798.384
798.384
798.492
798.492
798.492
798.492
798.492
797.421
797.421
797.421
797.421
797.421
797.563
797.563
797.563
797.563
797.563
798.726
798.726
798.726
798.726
798.726
798.041
798.041
798.041
798.041
798.041
797.013
797.013
797.013
797.013
797.013
798.98
798.98
798.98
798.98
798.98
797.9
797.9
797.9
797.9
797.9
797.598
797.598
797.598
797.598
797.598
798.812
798.812
798.812
798.812
798.812
798.849
798.849
798.849
798.849
798.849
798.597
798.597
798.597
798.597
798.597
798.925
798.925
798.925
798.925
798.925
798.192
798.192
798.192
798.192
798.192
797.579
797.579
797.579
797.579
797.579
799
799
799
799
799
798.793
798.793
798.793
798.793
798.793
797.943
797.943
797.943
797.943
797.943
798.967
798.967
798.967
798.967
798.967
797.878
797.878
797.878
797.878
797.878
797.027
797.027
797.027
797.027
797.027
798.437
798.437
798.437
798.437
798.437
798.4
798.4
798.4
798.4
798.4
797.932
797.932
797.932
797.932
797.932
798.966
798.966
798.966
798.966
798.966
798.643
798.643
798.643
798.643
798.643
797.489
797.489
797.489
797.489
797.489
798.929
798.929
798.929
798.929
798.929
798.432
798.432
798.432
798.432
798.432
797.988
797.988
797.988
797.988
797.988
798.999
798.999
798.999
798.999
798.999
798.429
798.429
798.429
798.429
798.429
798.685
798.685
798.685
798.685
798.685
799
799
799
799
799
798.953
798.953
798.953
798.953
798.953
797.761
797.761
797.761
797.761
797.761
798.492
798.492
798.492
798.492
798.492
797.856
797.856
797.856
797.856
797.856
797.43
797.43
797.43
797.43
797.43
798.246
798.246
798.246
798.246
798.246
797.659
797.659
797.659
797.659
797.659
797.344
797.344
797.344
797.344
797.344
798.244
798.244
798.244
798.244
798.244
798.233
798.233
798.233
798.233
798.233
797.977
797.977
797.977
797.977
797.977
799
799
799
799
799
798.56
798.56
798.56
798.56
798.56
797.798
797.798
797.798
797.798
797.798
797.984
797.984
797.984
797.984
797.984
797.882
797.882
797.882
797.882
797.882
797.551
797.551
797.551
797.551
797.551
798.988
798.988
798.988
798.988
798.988
798.143
798.143
798.143
798.143
798.143
797.124
797.124
797.124
797.124
797.124
798.984
798.984
798.984
798.984
798.984
797.891
797.891
797.891
797.891
797.891
797.661
797.661
797.661
797.661
797.661
798.992
798.992
798.992
798.992
798.992
798.476
798.476
798.476
798.476
798.476
798.223
798.223
798.223
798.223
798.223
798.957
798.957
798.957
798.957
798.957
798.978
798.978
798.978
798.978
798.978
798.311
798.311
798.311
798.311
798.311
798.984
798.984
798.984
798.984
798.984
798.674
798.674
798.674
798.674
798.674
798.533
798.533
798.533
798.533
798.533
798.905
798.905
798.905
798.905
798.905
798.897
798.897
798.897
798.897
798.897
797.876
797.876
797.876
797.876
797.876
798.992
798.992
798.992
798.992
798.992
798.339
798.339
798.339
798.339
798.339
798.303
798.303
798.303
798.303
798.303
798.984
798.984
798.984
798.984
798.984
797.603
797.603
797.603
797.603
797.603
797.86
797.86
797.86
797.86
797.86
799
799
799
799
799
798.929
798.929
798.929
798.929
798.929
798.871
798.871
798.871
798.871
798.871
798.875
798.875
798.875
798.875
798.875
798.902
798.902
798.902
798.902
798.902
798.19
798.19
798.19
798.19
798.19
798.988
798.988
798.988
798.988
798.988
798.97
798.97
798.97
798.97
798.97
798.94
798.94
798.94
798.94
798.94
799
799
799
799
799
798.937
798.937
798.937
798.937
798.937
797.603
797.603
797.603
797.603
797.603
798.718
798.718
798.718
798.718
798.718
797.296
797.296
797.296
797.296
797.296
797.509
797.509
797.509
797.509
797.509
798.461
798.461
798.461
798.461
798.461
797.81
797.81
797.81
797.81
797.81
797.404
797.404
797.404
797.404
797.404
798.96
798.96
798.96
798.96
798.96
798.377
798.377
798.377
798.377
798.377
797.868
797.868
797.868
797.868
797.868
798.999
798.999
798.999
798.999
798.999
798.807
798.807
798.807
798.807
798.807
798.574
798.574
798.574
798.574
798.574
798.687
798.687
798.687
798.687
798.687
797.932
797.932
797.932
797.932
797.932
798.449
798.449
798.449
798.449
798.449
798.75
798.75
798.75
798.75
798.75
798.685
798.685
798.685
798.685
798.685
798.079
798.079
798.079
798.079
798.079
799
799
799
799
799
798.871
798.871
798.871
798.871
798.871
798.464
798.464
798.464
798.464
798.464
799
799
799
799
799
798.216
798.216
798.216
798.216
798.216
798.774
798.774
798.774
798.774
798.774
798.999
798.999
798.999
798.999
798.999
798.999
798.999
798.999
798.999
798.999
798.946
798.946
798.946
798.946
798.946
798.25
798.25
798.25
798.25
798.25
797.989
797.989
797.989
797.989
797.989
797.592
797.592
797.592
797.592
797.592
798.359
798.359
798.359
798.359
798.359
797.922
797.922
797.922
797.922
797.922
797.697
797.697
797.697
797.697
797.697
798.938
798.938
798.938
798.938
798.938
798.718
798.718
798.718
798.718
798.718
798.389
798.389
798.389
798.389
798.389
798.984
798.984
798.984
798.984
798.984
798.937
798.937
798.937
798.937
798.937
798.42
798.42
798.42
798.42
798.42
799
799
799
799
799
798.168
798.168
798.168
798.168
798.168
798.298
798.298
798.298
798.298
798.298
798.546
798.546
798.546
798.546
798.546
797.539
797.539
797.539
797.539
797.539
797.249
797.249
797.249
797.249
797.249
799
799
799
799
799
798.968
798.968
798.968
798.968
798.968
798.59
798.59
798.59
798.59
798.59
798.734
798.734
798.734
798.734
798.734
797.976
797.976
797.976
797.976
797.976
797.585
797.585
797.585
797.585
797.585
798.999
798.999
798.999
798.999
798.999
798.217
798.217
798.217
798.217
798.217
798.187
798.187
798.187
798.187
798.187
798.996
798.996
798.996
798.996
798.996
797.675
797.675
797.675
797.675
797.675
797.475
797.475
797.475
797.475
797.475
798.875
798.875
798.875
798.875
798.875
798.215
798.215
798.215
798.215
798.215
798.643
798.643
798.643
798.643
798.643
799
799
799
799
799
798.875
798.875
798.875
798.875
798.875
798.184
798.184
798.184
798.184
798.184
799
799
799
799
799
798.634
798.634
798.634
798.634
798.634
798.271
798.271
798.271
798.271
798.271
798.999
798.999
798.999
798.999
798.999
798.951
798.951
798.951
798.951
798.951
798.388
798.388
798.388
798.388
798.388
798.84
798.84
798.84
798.84
798.84
798.82
798.82
798.82
798.82
798.82
798.616
798.616
798.616
798.616
798.616
798.998
798.998
798.998
798.998
798.998
798.722
798.722
798.722
798.722
798.722
797.627
797.627
797.627
797.627
797.627
798.926
798.926
798.926
798.926
798.926
798.348
798.348
798.348
798.348
798.348
798.029
798.029
798.029
798.029
798.029
798.741
798.741
798.741
798.741
798.741
798.569
798.569
798.569
798.569
798.569
798.127
798.127
798.127
798.127
798.127
798.98
798.98
798.98
798.98
798.98
798.991
798.991
798.991
798.991
798.991
798.631
798.631
798.631
798.631
798.631
799
799
799
799
799
798.371
798.371
798.371
798.371
798.371
798.214
798.214
798.214
798.214
798.214
798.969
798.969
798.969
798.969
798.969
798.929
798.929
798.929
798.929
798.929
798.294
798.294
798.294
798.294
798.294
798.746
798.746
798.746
798.746
798.746
798.521
798.521
798.521
798.521
798.521
798.425
798.425
798.425
798.425
798.425
798.998
798.998
798.998
798.998
798.998
797.956
797.956
797.956
797.956
797.956
797.86
797.86
797.86
797.86
797.86
798.875
798.875
798.875
798.875
798.875
798.812
798.812
798.812
798.812
798.812
798.367
798.367
798.367
798.367
798.367
798.749
798.749
798.749
798.749
798.749
797.945
797.945
797.945
797.945
797.945
797.729
797.729
797.729
797.729
797.729
798.965
798.965
798.965
798.965
798.965
798.437
798.437
798.437
798.437
798.437
798.216
798.216
798.216
798.216
798.216
798.969
798.969
798.969
798.969
798.969
798.843
798.843
798.843
798.843
798.843
798.205
798.205
798.205
798.205
798.205
798.988
798.988
798.988
798.988
798.988
798.579
798.579
798.579
798.579
798.579
798.068
798.068
798.068
798.068
798.068
798.961
798.961
798.961
798.961
798.961
798.711
798.711
798.711
798.711
798.711
798.629
798.629
798.629
798.629
798.629
798.498
798.498
798.498
798.498
798.498
797.947
797.947
797.947
797.947
797.947
797.229
797.229
797.229
797.229
797.229
798.25
798.25
798.25
798.25
798.25
798.246
798.246
798.246
798.246
798.246
798.133
798.133
798.133
798.133
798.133
798.968
798.968
798.968
798.968
798.968
798.827
798.827
798.827
798.827
798.827
797.807
797.807
797.807
797.807
797.807
798.936
798.936
798.936
798.936
798.936
798.723
798.723
798.723
798.723
798.723
798.673
798.673
798.673
798.673
798.673
798.484
798.484
798.484
798.484
798.484
798.71
798.71
798.71
798.71
798.71
798.261
798.261
798.261
798.261
798.261
798.969
798.969
798.969
798.969
798.969
798.687
798.687
798.687
798.687
798.687
798.401
798.401
798.401
798.401
798.401
798.998
798.998
798.998
798.998
798.998
798.367
798.367
798.367
798.367
798.367
798.387
798.387
798.387
798.387
798.387
798.616
798.616
798.616
798.616
798.616
797.865
797.865
797.865
797.865
797.865
798.23
798.23
798.23
798.23
798.23
799
799
799
799
799
798.949
798.949
798.949
798.949
798.949
798.717
798.717
798.717
798.717
798.717
798.992
798.992
798.992
798.992
798.992
798.984
798.984
798.984
798.984
798.984
798.344
798.344
798.344
798.344
798.344
799
799
799
799
799
798.96
798.96
798.96
798.96
798.96
798.964
798.964
798.964
798.964
798.964
798.996
798.996
798.996
798.996
798.996
798.998
798.998
798.998
798.998
798.998
798.73
798.73
798.73
798.73
798.73
798.5
798.5
798.5
798.5
798.5
798.343
798.343
798.343
798.343
798.343
798.466
798.466
798.466
798.466
798.466
799
799
799
799
799
798.499
798.499
798.499
798.499
798.499
798.482
798.482
798.482
798.482
798.482
798.999
798.999
798.999
798.999
798.999
798.499
798.499
798.499
798.499
798.499
798.365
798.365
798.365
798.365
798.365
799
799
799
799
799
798.891
798.891
798.891
798.891
798.891
798.975
798.975
798.975
798.975
798.975
798.498
798.498
798.498
798.498
798.498
798.468
798.468
798.468
798.468
798.468
797.525
797.525
797.525
797.525
797.525
799
799
799
799
799
798.482
798.482
798.482
798.482
798.482
798.605
798.605
798.605
798.605
798.605
799
799
799
799
799
798.99
798.99
798.99
798.99
798.99
797.844
797.844
797.844
797.844
797.844
798.859
798.859
798.859
798.859
798.859
798.965
798.965
798.965
798.965
798.965
798.965
798.965
798.965
798.965
798.965
798.992
798.992
798.992
798.992
798.992
798.937
798.937
798.937
798.937
798.937
798.745
798.745
798.745
798.745
798.745
799
799
799
799
799
798.5
798.5
798.5
798.5
798.5
798.213
798.213
798.213
798.213
798.213
798.498
798.498
798.498
798.498
798.498
797.748
797.748
797.748
797.748
797.748
797.78
797.78
797.78
797.78
797.78
798.996
798.996
798.996
798.996
798.996
798.355
798.355
798.355
798.355
798.355
798.098
798.098
798.098
798.098
798.098
799
799
799
799
799
798.997
798.997
798.997
798.997
798.997
798.361
798.361
798.361
798.361
798.361
799
799
799
799
799
798.997
798.997
798.997
798.997
798.997
798.47
798.47
798.47
798.47
798.47
798.992
798.992
798.992
798.992
798.992
798.896
798.896
798.896
798.896
798.896
798.006
798.006
798.006
798.006
798.006
798.875
798.875
798.875
798.875
798.875
798.746
798.746
798.746
798.746
798.746
798.222
798.222
798.222
798.222
798.222
799
799
799
799
799
798.873
798.873
798.873
798.873
798.873
798.06
798.06
798.06
798.06
798.06
799
799
799
799
799
798.375
798.375
798.375
798.375
798.375
798.156
798.156
798.156
798.156
798.156
798.938
798.938
798.938
798.938
798.938
798.312
798.312
798.312
798.312
798.312
798.249
798.249
798.249
798.249
798.249
799
799
799
799
799
798.994
798.994
798.994
798.994
798.994
798.995
798.995
798.995
798.995
798.995
799
799
799
799
799
798.984
798.984
798.984
798.984
798.984
798.977
798.977
798.977
798.977
798.977
798.938
798.938
798.938
798.938
798.938
798.672
798.672
798.672
798.672
798.672
798.562
798.562
798.562
798.562
798.562
798.995
798.995
798.995
798.995
798.995
798.359
798.359
798.359
798.359
798.359
798.569
798.569
798.569
798.569
798.569
799
799
799
799
799
798.499
798.499
798.499
798.499
798.499
798.18
798.18
798.18
798.18
798.18
799
799
799
799
799
798.5
798.5
798.5
798.5
798.5
798.237
798.237
798.237
798.237
798.237
799
799
799
799
799
797.865
797.865
797.865
797.865
797.865
797.114
797.114
797.114
797.114
797.114
798.875
798.875
798.875
798.875
798.875
798.875
798.875
798.875
798.875
798.875
798.219
798.219
798.219
798.219
798.219
798.996
798.996
798.996
798.996
798.996
798.976
798.976
798.976
798.976
798.976
798.805
798.805
798.805
798.805
798.805
799
799
799
799
799
798.969
798.969
798.969
798.969
798.969
798.979
798.979
798.979
798.979
798.979
799
799
799
799
799
798.312
798.312
798.312
798.312
798.312
797.737
797.737
797.737
797.737
797.737
798.749
798.749
798.749
798.749
798.749
798.745
798.745
798.745
798.745
798.745
798.241
798.241
798.241
798.241
798.241
799
799
799
799
799
798.996
798.996
798.996
798.996
798.996
798.992
798.992
798.992
798.992
798.992
798.996
798.996
798.996
798.996
798.996
798.929
798.929
798.929
798.929
798.929
798.744
798.744
798.744
798.744
798.744
799
799
799
799
799
798.312
798.312
798.312
798.312
798.312
798.4
798.4
798.4
798.4
798.4
798.75
798.75
798.75
798.75
798.75
798.496
798.496
798.496
798.496
798.496
797.902
797.902
797.902
797.902
797.902
799
799
799
799
799
798.992
798.992
798.992
798.992
798.992
798.915
798.915
798.915
798.915
798.915
799
799
799
799
799
798.996
798.996
798.996
798.996
798.996
798.427
798.427
798.427
798.427
798.427
799
799
799
799
799
798.951
798.951
798.951
798.951
798.951
798.749
798.749
798.749
798.749
798.749
798.873
798.873
798.873
798.873
798.873
798.872
798.872
798.872
798.872
798.872
798.622
798.622
798.622
798.622
798.622
798.969
798.969
798.969
798.969
798.969
798.859
798.859
798.859
798.859
798.859
798.825
798.825
798.825
798.825
798.825
799
799
799
799
799
798.748
798.748
798.748
798.748
798.748
798.7
798.7
798.7
798.7
798.7
799
799
799
799
799
798.5
798.5
798.5
798.5
798.5
798.715
798.715
798.715
798.715
798.715
798.935
798.935
798.935
798.935
798.935
798.997
798.997
798.997
798.997
798.997
798.337
798.337
798.337
798.337
798.337
798.998
798.998
798.998
798.998
798.998
798.898
798.898
798.898
798.898
798.898
798.584
798.584
798.584
798.584
798.584
799
799
799
799
799
798.938
798.938
798.938
798.938
798.938
798.437
798.437
798.437
798.437
798.437
798.875
798.875
798.875
798.875
798.875
798.373
798.373
798.373
798.373
798.373
797.998
797.998
797.998
797.998
797.998
798.995
798.995
798.995
798.995
798.995
798.729
798.729
798.729
798.729
798.729
798.808
798.808
798.808
798.808
798.808
798.984
798.984
798.984
798.984
798.984
798.983
798.983
798.983
798.983
798.983
798.963
798.963
798.963
798.963
798.963
799
799
799
799
799
798.874
798.874
798.874
798.874
798.874
798.671
798.671
798.671
798.671
798.671
798.999
798.999
798.999
798.999
798.999
798.936
798.936
798.936
798.936
798.936
798.849
798.849
798.849
798.849
798.849
799
799
799
799
799
798.844
798.844
798.844
798.844
798.844
797.616
797.616
797.616
797.616
797.616
799
799
799
799
799
798.999
798.999
798.999
798.999
798.999
798.936
798.936
798.936
798.936
798.936
799
799
799
799
799
799
799
799
799
799
798.328
798.328
798.328
798.328
798.328
799
799
799
799
799
798.5
798.5
798.5
798.5
798.5
798.5
798.5
798.5
798.5
798.5
798.496
798.496
798.496
798.496
798.496
798.488
798.488
798.488
798.488
798.488
798.488
798.488
798.488
798.488
798.488
799
799
799
799
799
798.5
798.5
798.5
798.5
798.5
798.148
798.148
798.148
798.148
798.148
799
799
799
799
799
798.969
798.969
798.969
798.969
798.969
798.819
798.819
798.819
798.819
798.819
799
799
799
799
799
798.947
798.947
798.947
798.947
798.947
798.967
798.967
798.967
798.967
798.967
799
799
799
799
799
798.625
798.625
798.625
798.625
798.625
798.496
798.496
798.496
798.496
798.496
799
799
799
799
799
799
799
799
799
799
798.996
798.996
798.996
798.996
798.996
799
799
799
799
799
799
799
799
799
799
798.998
798.998
798.998
798.998
798.998
799
799
799
799
799
798.875
798.875
798.875
798.875
798.875
798.965
798.965
798.965
798.965
798.965
799
799
799
799
799
799
799
799
799
799
798.46
798.46
798.46
798.46
798.46
799
799
799
799
799
798.969
798.969
798.969
798.969
798.969
798.969
798.969
798.969
798.969
798.969
799
799
799
799
799
798.969
798.969
798.969
798.969
798.969
798.867
798.867
798.867
798.867
798.867
799
799
799
799
799
798.937
798.937
798.937
798.937
798.937
798.717
798.717
798.717
798.717
798.717
799
799
799
799
799
798.937
798.937
798.937
798.937
798.937
798.932
798.932
798.932
798.932
798.932
799
799
799
799
799
799
799
799
799
799
799
799
799
799
799
799
799
799
799
799
798.904
798.904
798.904
798.904
798.904
798.608
798.608
798.608
798.608
798.608
799
799
799
799
799
799
799
799
799
799
798.179
798.179
798.179
798.179
798.179
799
799
799
799
799
798.999
798.999
798.999
798.999
798.999
798.992
798.992
798.992
798.992
798.992
798.969
798.969
798.969
798.969
798.969
798.906
798.906
798.906
798.906
798.906
798.812
798.812
798.812
798.812
798.812
799
799
799
799
799
798.624
798.624
798.624
798.624
798.624
798.124
798.124
798.124
798.124
798.124
798.999
798.999
798.999
798.999
798.999
798.937
798.937
798.937
798.937
798.937
798.678
798.678
798.678
798.678
798.678
798.938
798.938
798.938
798.938
798.938
798.937
798.937
798.937
798.937
798.937
798.625
798.625
798.625
798.625
798.625
799
799
799
799
799
799
799
799
799
799
798.999
798.999
798.999
798.999
798.999
798.5
798.5
798.5
798.5
798.5
797.992
797.992
797.992
797.992
797.992
798.906
798.906
798.906
798.906
798.906
799
799
799
799
799
798.999
798.999
798.999
798.999
798.999
798.479
798.479
798.479
798.479
798.479
799
799
799
799
799
799
799
799
799
799
798.117
798.117
798.117
798.117
798.117
798.999
798.999
798.999
798.999
798.999
798.936
798.936
798.936
798.936
798.936
798.436
798.436
798.436
798.436
798.436
799
799
799
799
799
798.984
798.984
798.984
798.984
798.984
798.73
798.73
798.73
798.73
798.73
798.875
798.875
798.875
798.875
798.875
798.812
798.812
798.812
798.812
798.812
798.605
798.605
798.605
798.605
798.605
799
799
799
799
799
798.992
798.992
798.992
798.992
798.992
798.744
798.744
798.744
798.744
798.744
799
799
799
799
799
798.968
798.968
798.968
798.968
798.968
798.968
798.968
798.968
798.968
798.968
799
799
799
799
799
799
799
799
799
799
798.5
798.5
798.5
798.5
798.5
798.5
798.5
798.5
798.5
798.5
798.75
798.75
798.75
798.75
798.75
798.742
798.742
798.742
798.742
798.742
799
799
799
799
799
799
799
799
799
799
798.937
798.937
798.937
798.937
798.937
799
799
799
799
799
798.996
798.996
798.996
798.996
798.996
798.917
798.917
798.917
798.917
798.917
799
799
799
799
799
798.969
798.969
798.969
798.969
798.969
798.957
798.957
798.957
798.957
798.957
799
799
799
799
799
799
799
799
799
799
798.989
798.989
798.989
798.989
798.989
799
799
799
799
799
798.937
798.937
798.937
798.937
798.937
798.748
798.748
798.748
798.748
798.748
799
799
799
799
799
799
799
799
799
799
798.748
798.748
798.748
798.748
798.748
799
799
799
799
799
798.746
798.746
798.746
798.746
798.746
798.748
798.748
798.748
798.748
798.748
798.977
798.977
798.977
798.977
798.977
798.98
798.98
798.98
798.98
798.98
798.964
798.964
798.964
798.964
798.964
799
799
799
799
799
799
799
799
799
799
798.836
798.836
798.836
798.836
798.836
799
799
799
799
799
799
799
799
799
799
798.683
798.683
798.683
798.683
798.683
798.992
798.992
798.992
798.992
798.992
798.867
798.867
798.867
798.867
798.867
798.842
798.842
798.842
798.842
798.842
799
799
799
799
799
798.99
798.99
798.99
798.99
798.99
798.999
798.999
798.999
798.999
798.999
799
799
799
799
799
799
799
799
799
799
798.234
798.234
798.234
798.234
798.234
0
