0
0
0
0
481.032
481.032
482.736
482.736
482.736
250.766
250.766
250.766
250.766
250.766
564.746
564.746
564.746
564.746
564.746
462.784
462.784
462.784
462.784
462.784
468.057
468.057
468.057
468.057
468.057
728.525
728.525
728.525
728.525
728.525
675.074
675.074
675.074
675.074
675.074
764.789
764.789
764.789
764.789
764.789
779.416
779.416
779.416
779.416
779.416
784.936
784.936
784.936
784.936
784.936
765.939
765.939
765.939
765.939
765.939
771.051
771.051
771.051
771.051
771.051
783.537
783.537
783.537
783.537
783.537
779.649
779.649
779.649
779.649
779.649
776.205
776.205
776.205
776.205
776.205
751.993
751.993
751.993
751.993
751.993
759.519
759.519
759.519
759.519
759.519
774.896
774.896
774.896
774.896
774.896
775.173
775.173
775.173
775.173
775.173
773.394
773.394
773.394
773.394
773.394
697.952
697.952
697.952
697.952
697.952
676.193
676.193
676.193
676.193
676.193
776.893
776.893
776.893
776.893
776.893
771.072
771.072
771.072
771.072
771.072
761.476
761.476
761.476
761.476
761.476
794.448
794.448
794.448
794.448
794.448
786.479
786.479
786.479
786.479
786.479
790.156
790.156
790.156
790.156
790.156
788.684
788.684
788.684
788.684
788.684
778.008
778.008
778.008
778.008
778.008
764.33
764.33
764.33
764.33
764.33
792.504
792.504
792.504
792.504
792.504
791.356
791.356
791.356
791.356
791.356
785.166
785.166
785.166
785.166
785.166
792.532
792.532
792.532
792.532
792.532
789.733
789.733
789.733
789.733
789.733
787.816
787.816
787.816
787.816
787.816
795.29
795.29
795.29
795.29
795.29
791.002
791.002
791.002
791.002
791.002
789.19
789.19
789.19
789.19
789.19
792.89
792.89
792.89
792.89
792.89
789.646
789.646
789.646
789.646
789.646
785.166
785.166
785.166
785.166
785.166
795.45
795.45
795.45
795.45
795.45
783.441
783.441
783.441
783.441
783.441
790.535
790.535
790.535
790.535
790.535
792.302
792.302
792.302
792.302
792.302
787.707
787.707
787.707
787.707
787.707
787.141
787.141
787.141
787.141
787.141
786.813
786.813
786.813
786.813
786.813
784.221
784.221
784.221
784.221
784.221
793.392
793.392
793.392
793.392
793.392
797.109
797.109
797.109
797.109
797.109
792.515
792.515
792.515
792.515
792.515
790.966
790.966
790.966
790.966
790.966
796.373
796.373
796.373
796.373
796.373
797.271
797.271
797.271
797.271
797.271
794.539
794.539
794.539
794.539
794.539
794.07
794.07
794.07
794.07
794.07
793.267
793.267
793.267
793.267
793.267
787.932
787.932
787.932
787.932
787.932
798.005
798.005
798.005
798.005
798.005
796.914
796.914
796.914
796.914
796.914
793.031
793.031
793.031
793.031
793.031
797.233
797.233
797.233
797.233
797.233
795.318
795.318
795.318
795.318
795.318
791.78
791.78
791.78
791.78
791.78
798.123
798.123
798.123
798.123
798.123
795.617
795.617
795.617
795.617
795.617
791.386
791.386
791.386
791.386
791.386
792.886
792.886
792.886
792.886
792.886
792.453
792.453
792.453
792.453
792.453
793.709
793.709
793.709
793.709
793.709
797.249
797.249
797.249
797.249
797.249
790.722
790.722
790.722
790.722
790.722
787.176
787.176
787.176
787.176
787.176
794.42
794.42
794.42
794.42
794.42
796.311
796.311
796.311
796.311
796.311
791.685
791.685
791.685
791.685
791.685
793.256
793.256
793.256
793.256
793.256
788.785
788.785
788.785
788.785
788.785
785.86
785.86
785.86
785.86
785.86
795.912
795.912
795.912
795.912
795.912
795.738
795.738
795.738
795.738
795.738
794.695
794.695
794.695
794.695
794.695
798.003
798.003
798.003
798.003
798.003
796.009
796.009
796.009
796.009
796.009
793.344
793.344
793.344
793.344
793.344
798.955
798.955
798.955
798.955
798.955
797.042
797.042
797.042
797.042
797.042
793.847
793.847
793.847
793.847
793.847
798.575
798.575
798.575
798.575
798.575
796.043
796.043
796.043
796.043
796.043
793.96
793.96
793.96
793.96
793.96
796.9
796.9
796.9
796.9
796.9
795.569
795.569
795.569
795.569
795.569
794.201
794.201
794.201
794.201
794.201
797.745
797.745
797.745
797.745
797.745
798.018
798.018
798.018
798.018
798.018
795.593
795.593
795.593
795.593
795.593
797.697
797.697
797.697
797.697
797.697
794.974
794.974
794.974
794.974
794.974
794.637
794.637
794.637
794.637
794.637
798.578
798.578
798.578
798.578
798.578
797.621
797.621
797.621
797.621
797.621
794.94
794.94
794.94
794.94
794.94
797.526
797.526
797.526
797.526
797.526
792.752
792.752
792.752
792.752
792.752
796.592
796.592
796.592
796.592
796.592
798.047
798.047
798.047
798.047
798.047
797.6
797.6
797.6
797.6
797.6
795.538
795.538
795.538
795.538
795.538
796.933
796.933
796.933
796.933
796.933
795.946
795.946
795.946
795.946
795.946
793.724
793.724
793.724
793.724
793.724
796.458
796.458
796.458
796.458
796.458
793.342
793.342
793.342
793.342
793.342
793.679
793.679
793.679
793.679
793.679
795.891
795.891
795.891
795.891
795.891
792.611
792.611
792.611
792.611
792.611
793.074
793.074
793.074
793.074
793.074
798.413
798.413
798.413
798.413
798.413
796.193
796.193
796.193
796.193
796.193
794.901
794.901
794.901
794.901
794.901
795.638
795.638
795.638
795.638
795.638
797.324
797.324
797.324
797.324
797.324
795.053
795.053
795.053
795.053
795.053
797.871
797.871
797.871
797.871
797.871
794.507
794.507
794.507
794.507
794.507
793.653
793.653
793.653
793.653
793.653
797.847
797.847
797.847
797.847
797.847
797.892
797.892
797.892
797.892
797.892
794.521
794.521
794.521
794.521
794.521
797.817
797.817
797.817
797.817
797.817
796.739
796.739
796.739
796.739
796.739
794.743
794.743
794.743
794.743
794.743
796.976
796.976
796.976
796.976
796.976
795.074
795.074
795.074
795.074
795.074
793.891
793.891
793.891
793.891
793.891
797.937
797.937
797.937
797.937
797.937
796.042
796.042
796.042
796.042
796.042
795.986
795.986
795.986
795.986
795.986
798.901
798.901
798.901
798.901
798.901
797.35
797.35
797.35
797.35
797.35
796.497
796.497
796.497
796.497
796.497
798.175
798.175
798.175
798.175
798.175
796.679
796.679
796.679
796.679
796.679
795.508
795.508
795.508
795.508
795.508
798.664
798.664
798.664
798.664
798.664
796.355
796.355
796.355
796.355
796.355
793.822
793.822
793.822
793.822
793.822
797.839
797.839
797.839
797.839
797.839
798.13
798.13
798.13
798.13
798.13
797.405
797.405
797.405
797.405
797.405
798.562
798.562
798.562
798.562
798.562
796.776
796.776
796.776
796.776
796.776
794.511
794.511
794.511
794.511
794.511
798.272
798.272
798.272
798.272
798.272
796.771
796.771
796.771
796.771
796.771
793.795
793.795
793.795
793.795
793.795
798.208
798.208
798.208
798.208
798.208
797.906
797.906
797.906
797.906
797.906
796.987
796.987
796.987
796.987
796.987
797.496
797.496
797.496
797.496
797.496
795.767
795.767
795.767
795.767
795.767
795.495
795.495
795.495
795.495
795.495
798.233
798.233
798.233
798.233
798.233
797.491
797.491
797.491
797.491
797.491
795.8
795.8
795.8
795.8
795.8
795.739
795.739
795.739
795.739
795.739
798.502
798.502
798.502
798.502
798.502
795.632
795.632
795.632
795.632
795.632
796.677
796.677
796.677
796.677
796.677
795.785
795.785
795.785
795.785
795.785
795.373
795.373
795.373
795.373
795.373
798.831
798.831
798.831
798.831
798.831
795.584
795.584
795.584
795.584
795.584
793.636
793.636
793.636
793.636
793.636
798.471
798.471
798.471
798.471
798.471
795.7
795.7
795.7
795.7
795.7
793.824
793.824
793.824
793.824
793.824
798.536
798.536
798.536
798.536
798.536
796.89
796.89
796.89
796.89
796.89
795.604
795.604
795.604
795.604
795.604
789.27
789.27
789.27
789.27
789.27
797.302
797.302
797.302
797.302
797.302
786.785
786.785
786.785
786.785
786.785
797.621
797.621
797.621
797.621
797.621
795.506
795.506
795.506
795.506
795.506
795.042
795.042
795.042
795.042
795.042
798.482
798.482
798.482
798.482
798.482
798.002
798.002
798.002
798.002
798.002
793.21
793.21
793.21
793.21
793.21
796.427
796.427
796.427
796.427
796.427
794.94
794.94
794.94
794.94
794.94
794.545
794.545
794.545
794.545
794.545
797.87
797.87
797.87
797.87
797.87
797.017
797.017
797.017
797.017
797.017
795.683
795.683
795.683
795.683
795.683
797.426
797.426
797.426
797.426
797.426
796.039
796.039
796.039
796.039
796.039
794.034
794.034
794.034
794.034
794.034
795.185
795.185
795.185
795.185
795.185
794.807
794.807
794.807
794.807
794.807
796.362
796.362
796.362
796.362
796.362
797.932
797.932
797.932
797.932
797.932
796.578
796.578
796.578
796.578
796.578
796.437
796.437
796.437
796.437
796.437
797.936
797.936
797.936
797.936
797.936
797.658
797.658
797.658
797.658
797.658
794.725
794.725
794.725
794.725
794.725
795.696
795.696
795.696
795.696
795.696
794.542
794.542
794.542
794.542
794.542
791.872
791.872
791.872
791.872
791.872
796.258
796.258
796.258
796.258
796.258
797.631
797.631
797.631
797.631
797.631
796.679
796.679
796.679
796.679
796.679
798.485
798.485
798.485
798.485
798.485
797.964
797.964
797.964
797.964
797.964
795.817
795.817
795.817
795.817
795.817
796.951
796.951
796.951
796.951
796.951
795.815
795.815
795.815
795.815
795.815
795.343
795.343
795.343
795.343
795.343
798.326
798.326
798.326
798.326
798.326
798.066
798.066
798.066
798.066
798.066
796.241
796.241
796.241
796.241
796.241
798.297
798.297
798.297
798.297
798.297
797.127
797.127
797.127
797.127
797.127
793.324
793.324
793.324
793.324
793.324
794.338
794.338
794.338
794.338
794.338
792.446
792.446
792.446
792.446
792.446
795.836
795.836
795.836
795.836
795.836
798.216
798.216
798.216
798.216
798.216
795.494
795.494
795.494
795.494
795.494
794.349
794.349
794.349
794.349
794.349
797.601
797.601
797.601
797.601
797.601
796.346
796.346
796.346
796.346
796.346
795.403
795.403
795.403
795.403
795.403
798.575
798.575
798.575
798.575
798.575
797.402
797.402
797.402
797.402
797.402
795.318
795.318
795.318
795.318
795.318
793.655
793.655
793.655
793.655
793.655
790.644
790.644
790.644
790.644
790.644
792.42
792.42
792.42
792.42
792.42
798.831
798.831
798.831
798.831
798.831
797.552
797.552
797.552
797.552
797.552
795.094
795.094
795.094
795.094
795.094
798.351
798.351
798.351
798.351
798.351
797.538
797.538
797.538
797.538
797.538
796.53
796.53
796.53
796.53
796.53
797.043
797.043
797.043
797.043
797.043
796.787
796.787
796.787
796.787
796.787
794.652
794.652
794.652
794.652
794.652
798.446
798.446
798.446
798.446
798.446
796.75
796.75
796.75
796.75
796.75
794.79
794.79
794.79
794.79
794.79
797.733
797.733
797.733
797.733
797.733
795.995
795.995
795.995
795.995
795.995
795.579
795.579
795.579
795.579
795.579
796.403
796.403
796.403
796.403
796.403
795.432
795.432
795.432
795.432
795.432
794.279
794.279
794.279
794.279
794.279
798.635
798.635
798.635
798.635
798.635
797.486
797.486
797.486
797.486
797.486
792.147
792.147
792.147
792.147
792.147
798.1
798.1
798.1
798.1
798.1
796.775
796.775
796.775
796.775
796.775
796.389
796.389
796.389
796.389
796.389
797.608
797.608
797.608
797.608
797.608
795.958
795.958
795.958
795.958
795.958
795.421
795.421
795.421
795.421
795.421
798.855
798.855
798.855
798.855
798.855
797.097
797.097
797.097
797.097
797.097
796.145
796.145
796.145
796.145
796.145
798.228
798.228
798.228
798.228
798.228
795.822
795.822
795.822
795.822
795.822
794.226
794.226
794.226
794.226
794.226
798.177
798.177
798.177
798.177
798.177
798.133
798.133
798.133
798.133
798.133
798.076
798.076
798.076
798.076
798.076
798.841
798.841
798.841
798.841
798.841
797.408
797.408
797.408
797.408
797.408
797.439
797.439
797.439
797.439
797.439
798.99
798.99
798.99
798.99
798.99
797.385
797.385
797.385
797.385
797.385
796.192
796.192
796.192
796.192
796.192
797.062
797.062
797.062
797.062
797.062
795.964
795.964
795.964
795.964
795.964
795.848
795.848
795.848
795.848
795.848
798.922
798.922
798.922
798.922
798.922
798.448
798.448
798.448
798.448
798.448
795.995
795.995
795.995
795.995
795.995
797.991
797.991
797.991
797.991
797.991
797.409
797.409
797.409
797.409
797.409
797.251
797.251
797.251
797.251
797.251
798.486
798.486
798.486
798.486
798.486
794.753
794.753
794.753
794.753
794.753
793.369
793.369
793.369
793.369
793.369
798.467
798.467
798.467
798.467
798.467
796.897
796.897
796.897
796.897
796.897
796.561
796.561
796.561
796.561
796.561
798.194
798.194
798.194
798.194
798.194
797.919
797.919
797.919
797.919
797.919
795.893
795.893
795.893
795.893
795.893
798.774
798.774
798.774
798.774
798.774
798.226
798.226
798.226
798.226
798.226
797.467
797.467
797.467
797.467
797.467
797.953
797.953
797.953
797.953
797.953
797.853
797.853
797.853
797.853
797.853
797.767
797.767
797.767
797.767
797.767
798.597
798.597
798.597
798.597
798.597
796.711
796.711
796.711
796.711
796.711
792.772
792.772
792.772
792.772
792.772
797.968
797.968
797.968
797.968
797.968
796.726
796.726
796.726
796.726
796.726
796.764
796.764
796.764
796.764
796.764
798.656
798.656
798.656
798.656
798.656
797.476
797.476
797.476
797.476
797.476
796.306
796.306
796.306
796.306
796.306
797.183
797.183
797.183
797.183
797.183
795.785
795.785
795.785
795.785
795.785
796.176
796.176
796.176
796.176
796.176
798.522
798.522
798.522
798.522
798.522
796.987
796.987
796.987
796.987
796.987
797.546
797.546
797.546
797.546
797.546
798.072
798.072
798.072
798.072
798.072
796.094
796.094
796.094
796.094
796.094
795.995
795.995
795.995
795.995
795.995
798.487
798.487
798.487
798.487
798.487
798.423
798.423
798.423
798.423
798.423
797.46
797.46
797.46
797.46
797.46
798.957
798.957
798.957
798.957
798.957
798.357
798.357
798.357
798.357
798.357
797.94
797.94
797.94
797.94
797.94
798.621
798.621
798.621
798.621
798.621
798.585
798.585
798.585
798.585
798.585
797.415
797.415
797.415
797.415
797.415
798.862
798.862
798.862
798.862
798.862
798.539
798.539
798.539
798.539
798.539
797.65
797.65
797.65
797.65
797.65
798.811
798.811
798.811
798.811
798.811
798.655
798.655
798.655
798.655
798.655
798.746
798.746
798.746
798.746
798.746
798.666
798.666
798.666
798.666
798.666
798.543
798.543
798.543
798.543
798.543
798.219
798.219
798.219
798.219
798.219
798.59
798.59
798.59
798.59
798.59
798.414
798.414
798.414
798.414
798.414
797.346
797.346
797.346
797.346
797.346
797.498
797.498
797.498
797.498
797.498
796.454
796.454
796.454
796.454
796.454
795.887
795.887
795.887
795.887
795.887
798.99
798.99
798.99
798.99
798.99
797.761
797.761
797.761
797.761
797.761
797.606
797.606
797.606
797.606
797.606
798.998
798.998
798.998
798.998
798.998
798.076
798.076
798.076
798.076
798.076
797.671
797.671
797.671
797.671
797.671
798.235
798.235
798.235
798.235
798.235
798.081
798.081
798.081
798.081
798.081
796.365
796.365
796.365
796.365
796.365
797.09
797.09
797.09
797.09
797.09
795.76
795.76
795.76
795.76
795.76
797.139
797.139
797.139
797.139
797.139
798.967
798.967
798.967
798.967
798.967
796.987
796.987
796.987
796.987
796.987
797.104
797.104
797.104
797.104
797.104
798.316
798.316
798.316
798.316
798.316
797.903
797.903
797.903
797.903
797.903
797.343
797.343
797.343
797.343
797.343
798.719
798.719
798.719
798.719
798.719
797.082
797.082
797.082
797.082
797.082
796.445
796.445
796.445
796.445
796.445
798.736
798.736
798.736
798.736
798.736
797.647
797.647
797.647
797.647
797.647
795.122
795.122
795.122
795.122
795.122
798.707
798.707
798.707
798.707
798.707
797.154
797.154
797.154
797.154
797.154
796.308
796.308
796.308
796.308
796.308
798.707
798.707
798.707
798.707
798.707
798.476
798.476
798.476
798.476
798.476
797.529
797.529
797.529
797.529
797.529
798.969
798.969
798.969
798.969
798.969
798.633
798.633
798.633
798.633
798.633
798.011
798.011
798.011
798.011
798.011
797.956
797.956
797.956
797.956
797.956
797.783
797.783
797.783
797.783
797.783
796.973
796.973
796.973
796.973
796.973
798.25
798.25
798.25
798.25
798.25
797.527
797.527
797.527
797.527
797.527
796.927
796.927
796.927
796.927
796.927
798.9
798.9
798.9
798.9
798.9
797.976
797.976
797.976
797.976
797.976
797.813
797.813
797.813
797.813
797.813
798.951
798.951
798.951
798.951
798.951
798.566
798.566
798.566
798.566
798.566
796.888
796.888
796.888
796.888
796.888
798.937
798.937
798.937
798.937
798.937
798.673
798.673
798.673
798.673
798.673
797.972
797.972
797.972
797.972
797.972
798.98
798.98
798.98
798.98
798.98
798.375
798.375
798.375
798.375
798.375
798.579
798.579
798.579
798.579
798.579
798.49
798.49
798.49
798.49
798.49
797.834
797.834
797.834
797.834
797.834
797.126
797.126
797.126
797.126
797.126
798.621
798.621
798.621
798.621
798.621
798.568
798.568
798.568
798.568
798.568
797.502
797.502
797.502
797.502
797.502
798.968
798.968
798.968
798.968
798.968
798.334
798.334
798.334
798.334
798.334
797.882
797.882
797.882
797.882
797.882
798.492
798.492
798.492
798.492
798.492
798.791
798.791
798.791
798.791
798.791
798.229
798.229
798.229
798.229
798.229
798.248
798.248
798.248
798.248
798.248
797.794
797.794
797.794
797.794
797.794
797.468
797.468
797.468
797.468
797.468
798.124
798.124
798.124
798.124
798.124
797.961
797.961
797.961
797.961
797.961
797.355
797.355
797.355
797.355
797.355
798.984
798.984
798.984
798.984
798.984
798.464
798.464
798.464
798.464
798.464
797.81
797.81
797.81
797.81
797.81
798.901
798.901
798.901
798.901
798.901
798.449
798.449
798.449
798.449
798.449
797.276
797.276
797.276
797.276
797.276
798.742
798.742
798.742
798.742
798.742
798.614
798.614
798.614
798.614
798.614
797.928
797.928
797.928
797.928
797.928
798.968
798.968
798.968
798.968
798.968
798.996
798.996
798.996
798.996
798.996
798.014
798.014
798.014
798.014
798.014
798.982
798.982
798.982
798.982
798.982
798.14
798.14
798.14
798.14
798.14
797.185
797.185
797.185
797.185
797.185
798.996
798.996
798.996
798.996
798.996
798.948
798.948
798.948
798.948
798.948
797.908
797.908
797.908
797.908
797.908
799
799
799
799
799
798.604
798.604
798.604
798.604
798.604
798.431
798.431
798.431
798.431
798.431
798.5
798.5
798.5
798.5
798.5
798.372
798.372
798.372
798.372
798.372
797.824
797.824
797.824
797.824
797.824
798.996
798.996
798.996
798.996
798.996
797.667
797.667
797.667
797.667
797.667
797.245
797.245
797.245
797.245
797.245
798.374
798.374
798.374
798.374
798.374
798.428
798.428
798.428
798.428
798.428
798.345
798.345
798.345
798.345
798.345
798.116
798.116
798.116
798.116
798.116
796.975
796.975
796.975
796.975
796.975
797.143
797.143
797.143
797.143
797.143
798.969
798.969
798.969
798.969
798.969
798.411
798.411
798.411
798.411
798.411
797.827
797.827
797.827
797.827
797.827
798.988
798.988
798.988
798.988
798.988
798.907
798.907
798.907
798.907
798.907
798.42
798.42
798.42
798.42
798.42
797.875
797.875
797.875
797.875
797.875
797.547
797.547
797.547
797.547
797.547
796.844
796.844
796.844
796.844
796.844
798.427
798.427
798.427
798.427
798.427
797.847
797.847
797.847
797.847
797.847
797.541
797.541
797.541
797.541
797.541
798.75
798.75
798.75
798.75
798.75
798.703
798.703
798.703
798.703
798.703
797.86
797.86
797.86
797.86
797.86
797.996
797.996
797.996
797.996
797.996
796.703
796.703
796.703
796.703
796.703
796.362
796.362
796.362
796.362
796.362
798.918
798.918
798.918
798.918
798.918
798.885
798.885
798.885
798.885
798.885
797.832
797.832
797.832
797.832
797.832
798.984
798.984
798.984
798.984
798.984
798.744
798.744
798.744
798.744
798.744
798.616
798.616
798.616
798.616
798.616
799
799
799
799
799
798.492
798.492
798.492
798.492
798.492
797.671
797.671
797.671
797.671
797.671
797.934
797.934
797.934
797.934
797.934
797.59
797.59
797.59
797.59
797.59
797.525
797.525
797.525
797.525
797.525
799
799
799
799
799
798.863
798.863
798.863
798.863
798.863
798.333
798.333
798.333
798.333
798.333
798.844
798.844
798.844
798.844
798.844
798.312
798.312
798.312
798.312
798.312
797.31
797.31
797.31
797.31
797.31
798.998
798.998
798.998
798.998
798.998
798.247
798.247
798.247
798.247
798.247
797.562
797.562
797.562
797.562
797.562
798.742
798.742
798.742
798.742
798.742
798.072
798.072
798.072
798.072
798.072
797.785
797.785
797.785
797.785
797.785
799
799
799
799
799
798.37
798.37
798.37
798.37
798.37
798.488
798.488
798.488
798.488
798.488
798.748
798.748
798.748
798.748
798.748
798.866
798.866
798.866
798.866
798.866
797.897
797.897
797.897
797.897
797.897
799
799
799
799
799
798.552
798.552
798.552
798.552
798.552
798.253
798.253
798.253
798.253
798.253
797.992
797.992
797.992
797.992
797.992
797.477
797.477
797.477
797.477
797.477
797.461
797.461
797.461
797.461
797.461
798.803
798.803
798.803
798.803
798.803
798.259
798.259
798.259
798.259
798.259
797.861
797.861
797.861
797.861
797.861
798.734
798.734
798.734
798.734
798.734
798.297
798.297
798.297
798.297
798.297
798.086
798.086
798.086
798.086
798.086
798.742
798.742
798.742
798.742
798.742
798.089
798.089
798.089
798.089
798.089
797.226
797.226
797.226
797.226
797.226
798.934
798.934
798.934
798.934
798.934
798.79
798.79
798.79
798.79
798.79
798.035
798.035
798.035
798.035
798.035
798.965
798.965
798.965
798.965
798.965
798.197
798.197
798.197
798.197
798.197
797.575
797.575
797.575
797.575
797.575
798.375
798.375
798.375
798.375
798.375
797.875
797.875
797.875
797.875
797.875
797.685
797.685
797.685
797.685
797.685
798.812
798.812
798.812
798.812
798.812
798.677
798.677
798.677
798.677
798.677
797.831
797.831
797.831
797.831
797.831
798.992
798.992
798.992
798.992
798.992
798.998
798.998
798.998
798.998
798.998
797.989
797.989
797.989
797.989
797.989
798.968
798.968
798.968
798.968
798.968
798.981
798.981
798.981
798.981
798.981
798.708
798.708
798.708
798.708
798.708
798.875
798.875
798.875
798.875
798.875
798.81
798.81
798.81
798.81
798.81
798.446
798.446
798.446
798.446
798.446
798.937
798.937
798.937
798.937
798.937
798.529
798.529
798.529
798.529
798.529
798.485
798.485
798.485
798.485
798.485
798.873
798.873
798.873
798.873
798.873
798.185
798.185
798.185
798.185
798.185
797.792
797.792
797.792
797.792
797.792
798.996
798.996
798.996
798.996
798.996
798.627
798.627
798.627
798.627
798.627
798.512
798.512
798.512
798.512
798.512
798.865
798.865
798.865
798.865
798.865
798.479
798.479
798.479
798.479
798.479
797.872
797.872
797.872
797.872
797.872
799
799
799
799
799
798.5
798.5
798.5
798.5
798.5
797.973
797.973
797.973
797.973
797.973
798.875
798.875
798.875
798.875
798.875
797.484
797.484
797.484
797.484
797.484
796.815
796.815
796.815
796.815
796.815
798.499
798.499
798.499
798.499
798.499
798.433
798.433
798.433
798.433
798.433
797.459
797.459
797.459
797.459
797.459
798.875
798.875
798.875
798.875
798.875
798.687
798.687
798.687
798.687
798.687
797.453
797.453
797.453
797.453
797.453
798.976
798.976
798.976
798.976
798.976
798.906
798.906
798.906
798.906
798.906
798.371
798.371
798.371
798.371
798.371
798.375
798.375
798.375
798.375
798.375
798.342
798.342
798.342
798.342
798.342
798.023
798.023
798.023
798.023
798.023
798.969
798.969
798.969
798.969
798.969
798.92
798.92
798.92
798.92
798.92
798.449
798.449
798.449
798.449
798.449
798.496
798.496
798.496
798.496
798.496
797.997
797.997
797.997
797.997
797.997
797.492
797.492
797.492
797.492
797.492
798.738
798.738
798.738
798.738
798.738
798.683
798.683
798.683
798.683
798.683
798.103
798.103
798.103
798.103
798.103
798.5
798.5
798.5
798.5
798.5
798.25
798.25
798.25
798.25
798.25
797.477
797.477
797.477
797.477
797.477
799
799
799
799
799
798.869
798.869
798.869
798.869
798.869
798.651
798.651
798.651
798.651
798.651
798.967
798.967
798.967
798.967
798.967
798.95
798.95
798.95
798.95
798.95
798.481
798.481
798.481
798.481
798.481
798.5
798.5
798.5
798.5
798.5
798.678
798.678
798.678
798.678
798.678
798.341
798.341
798.341
798.341
798.341
799
799
799
799
799
798.553
798.553
798.553
798.553
798.553
798.779
798.779
798.779
798.779
798.779
798.717
798.717
798.717
798.717
798.717
798.725
798.725
798.725
798.725
798.725
798.222
798.222
798.222
798.222
798.222
799
799
799
799
799
798.949
798.949
798.949
798.949
798.949
797.787
797.787
797.787
797.787
797.787
799
799
799
799
799
798.367
798.367
798.367
798.367
798.367
797.713
797.713
797.713
797.713
797.713
798.965
798.965
798.965
798.965
798.965
798.433
798.433
798.433
798.433
798.433
798.098
798.098
798.098
798.098
798.098
799
799
799
799
799
798.69
798.69
798.69
798.69
798.69
798.51
798.51
798.51
798.51
798.51
798.873
798.873
798.873
798.873
798.873
798.123
798.123
798.123
798.123
798.123
797.893
797.893
797.893
797.893
797.893
798.999
798.999
798.999
798.999
798.999
798.53
798.53
798.53
798.53
798.53
798.825
798.825
798.825
798.825
798.825
798.969
798.969
798.969
798.969
798.969
798.664
798.664
798.664
798.664
798.664
798.602
798.602
798.602
798.602
798.602
798.968
798.968
798.968
798.968
798.968
798.706
798.706
798.706
798.706
798.706
798.554
798.554
798.554
798.554
798.554
799
799
799
799
799
798.976
798.976
798.976
798.976
798.976
798.653
798.653
798.653
798.653
798.653
798.998
798.998
798.998
798.998
798.998
798.248
798.248
798.248
798.248
798.248
797.424
797.424
797.424
797.424
797.424
798.871
798.871
798.871
798.871
798.871
798.097
798.097
798.097
798.097
798.097
798.768
798.768
798.768
798.768
798.768
797.933
797.933
797.933
797.933
797.933
798.083
798.083
798.083
798.083
798.083
798.128
798.128
798.128
798.128
798.128
798.984
798.984
798.984
798.984
798.984
798.991
798.991
798.991
798.991
798.991
798.725
798.725
798.725
798.725
798.725
798.187
798.187
798.187
798.187
798.187
797.869
797.869
797.869
797.869
797.869
796.769
796.769
796.769
796.769
796.769
799
799
799
799
799
797.67
797.67
797.67
797.67
797.67
797.246
797.246
797.246
797.246
797.246
798.996
798.996
798.996
798.996
798.996
798.823
798.823
798.823
798.823
798.823
798.742
798.742
798.742
798.742
798.742
798.499
798.499
798.499
798.499
798.499
798.432
798.432
798.432
798.432
798.432
797.556
797.556
797.556
797.556
797.556
798.945
798.945
798.945
798.945
798.945
798.899
798.899
798.899
798.899
798.899
798.97
798.97
798.97
798.97
798.97
799
799
799
799
799
798.684
798.684
798.684
798.684
798.684
798.614
798.614
798.614
798.614
798.614
798.998
798.998
798.998
798.998
798.998
798.498
798.498
798.498
798.498
798.498
798.769
798.769
798.769
798.769
798.769
798.999
798.999
798.999
798.999
798.999
798.543
798.543
798.543
798.543
798.543
797.956
797.956
797.956
797.956
797.956
798.25
798.25
798.25
798.25
798.25
797.615
797.615
797.615
797.615
797.615
797.598
797.598
797.598
797.598
797.598
799
799
799
799
799
798.998
798.998
798.998
798.998
798.998
797.898
797.898
797.898
797.898
797.898
798.874
798.874
798.874
798.874
798.874
798.812
798.812
798.812
798.812
798.812
798.171
798.171
798.171
798.171
798.171
798.499
798.499
798.499
798.499
798.499
798.464
798.464
798.464
798.464
798.464
798.45
798.45
798.45
798.45
798.45
798.75
798.75
798.75
798.75
798.75
798.372
798.372
798.372
798.372
798.372
797.532
797.532
797.532
797.532
797.532
798.496
798.496
798.496
798.496
798.496
798.397
798.397
798.397
798.397
798.397
797.908
797.908
797.908
797.908
797.908
798.983
798.983
798.983
798.983
798.983
798.238
798.238
798.238
798.238
798.238
798.167
798.167
798.167
798.167
798.167
798.999
798.999
798.999
798.999
798.999
798.64
798.64
798.64
798.64
798.64
798.042
798.042
798.042
798.042
798.042
798.875
798.875
798.875
798.875
798.875
798.867
798.867
798.867
798.867
798.867
797.809
797.809
797.809
797.809
797.809
798.977
798.977
798.977
798.977
798.977
798.933
798.933
798.933
798.933
798.933
798.856
798.856
798.856
798.856
798.856
798.719
798.719
798.719
798.719
798.719
798.748
798.748
798.748
798.748
798.748
798.402
798.402
798.402
798.402
798.402
798.875
798.875
798.875
798.875
798.875
798.873
798.873
798.873
798.873
798.873
798.556
798.556
798.556
798.556
798.556
798.969
798.969
798.969
798.969
798.969
798.937
798.937
798.937
798.937
798.937
798.93
798.93
798.93
798.93
798.93
798.99
798.99
798.99
798.99
798.99
798.988
798.988
798.988
798.988
798.988
798.993
798.993
798.993
798.993
798.993
799
799
799
799
799
798.875
798.875
798.875
798.875
798.875
797.835
797.835
797.835
797.835
797.835
798.937
798.937
798.937
798.937
798.937
798.591
798.591
798.591
798.591
798.591
797.532
797.532
797.532
797.532
797.532
798.937
798.937
798.937
798.937
798.937
798.996
798.996
798.996
798.996
798.996
798.69
798.69
798.69
798.69
798.69
799
799
799
799
799
798.594
798.594
798.594
798.594
798.594
798.592
798.592
798.592
798.592
798.592
799
799
799
799
799
798.967
798.967
798.967
798.967
798.967
798.932
798.932
798.932
798.932
798.932
798.742
798.742
798.742
798.742
798.742
798.602
798.602
798.602
798.602
798.602
797.739
797.739
797.739
797.739
797.739
799
799
799
799
799
798.435
798.435
798.435
798.435
798.435
798.427
798.427
798.427
798.427
798.427
799
799
799
799
799
798.906
798.906
798.906
798.906
798.906
798.889
798.889
798.889
798.889
798.889
799
799
799
799
799
798.998
798.998
798.998
798.998
798.998
798.937
798.937
798.937
798.937
798.937
798.5
798.5
798.5
798.5
798.5
798.484
798.484
798.484
798.484
798.484
797.672
797.672
797.672
797.672
797.672
799
799
799
799
799
798.95
798.95
798.95
798.95
798.95
798.592
798.592
798.592
798.592
798.592
798.999
798.999
798.999
798.999
798.999
799
799
799
799
799
798.124
798.124
798.124
798.124
798.124
798.996
798.996
798.996
798.996
798.996
798.867
798.867
798.867
798.867
798.867
798.812
798.812
798.812
798.812
798.812
798.984
798.984
798.984
798.984
798.984
798.922
798.922
798.922
798.922
798.922
798.906
798.906
798.906
798.906
798.906
798.937
798.937
798.937
798.937
798.937
798.843
798.843
798.843
798.843
798.843
798.498
798.498
798.498
798.498
798.498
798.75
798.75
798.75
798.75
798.75
798.749
798.749
798.749
798.749
798.749
798.403
798.403
798.403
798.403
798.403
798.996
798.996
798.996
798.996
798.996
798.78
798.78
798.78
798.78
798.78
798.421
798.421
798.421
798.421
798.421
798.859
798.859
798.859
798.859
798.859
798.608
798.608
798.608
798.608
798.608
798.593
798.593
798.593
798.593
798.593
798.906
798.906
798.906
798.906
798.906
798.398
798.398
798.398
798.398
798.398
798.265
798.265
798.265
798.265
798.265
799
799
799
799
799
798.997
798.997
798.997
798.997
798.997
798.866
798.866
798.866
798.866
798.866
799
799
799
799
799
798.422
798.422
798.422
798.422
798.422
798.678
798.678
798.678
798.678
798.678
798.984
798.984
798.984
798.984
798.984
798.984
798.984
798.984
798.984
798.984
798.412
798.412
798.412
798.412
798.412
798.496
798.496
798.496
798.496
798.496
798.37
798.37
798.37
798.37
798.37
798.474
798.474
798.474
798.474
798.474
799
799
799
799
799
798.994
798.994
798.994
798.994
798.994
798.094
798.094
798.094
798.094
798.094
799
799
799
799
799
798.906
798.906
798.906
798.906
798.906
798.575
798.575
798.575
798.575
798.575
799
799
799
799
799
798.986
798.986
798.986
798.986
798.986
798.312
798.312
798.312
798.312
798.312
798.969
798.969
798.969
798.969
798.969
798.577
798.577
798.577
798.577
798.577
798.476
798.476
798.476
798.476
798.476
798.875
798.875
798.875
798.875
798.875
798.732
798.732
798.732
798.732
798.732
798.627
798.627
798.627
798.627
798.627
799
799
799
799
799
798.748
798.748
798.748
798.748
798.748
798.746
798.746
798.746
798.746
798.746
798.969
798.969
798.969
798.969
798.969
798.904
798.904
798.904
798.904
798.904
798.653
798.653
798.653
798.653
798.653
799
799
799
799
799
798.875
798.875
798.875
798.875
798.875
798.187
798.187
798.187
798.187
798.187
799
799
799
799
799
798.499
798.499
798.499
798.499
798.499
798.218
798.218
798.218
798.218
798.218
799
799
799
799
799
798.742
798.742
798.742
798.742
798.742
798.742
798.742
798.742
798.742
798.742
799
799
799
799
799
798.961
798.961
798.961
798.961
798.961
798.93
798.93
798.93
798.93
798.93
798.984
798.984
798.984
798.984
798.984
798.96
798.96
798.96
798.96
798.96
798.896
798.896
798.896
798.896
798.896
798.968
798.968
798.968
798.968
798.968
798.937
798.937
798.937
798.937
798.937
798.085
798.085
798.085
798.085
798.085
799
799
799
799
799
799
799
799
799
799
798.842
798.842
798.842
798.842
798.842
798.813
798.813
798.813
798.813
798.813
798.904
798.904
798.904
798.904
798.904
798.617
798.617
798.617
798.617
798.617
799
799
799
799
799
799
799
799
799
799
798.872
798.872
798.872
798.872
798.872
799
799
799
799
799
798.625
798.625
798.625
798.625
798.625
798.738
798.738
798.738
798.738
798.738
799
799
799
799
799
798.75
798.75
798.75
798.75
798.75
797.995
797.995
797.995
797.995
797.995
798.965
798.965
798.965
798.965
798.965
798.836
798.836
798.836
798.836
798.836
798.715
798.715
798.715
798.715
798.715
798.984
798.984
798.984
798.984
798.984
798.937
798.937
798.937
798.937
798.937
798.887
798.887
798.887
798.887
798.887
799
799
799
799
799
798.242
798.242
798.242
798.242
798.242
798.43
798.43
798.43
798.43
798.43
799
799
799
799
799
798.996
798.996
798.996
798.996
798.996
798.997
798.997
798.997
798.997
798.997
798.984
798.984
798.984
798.984
798.984
798.722
798.722
798.722
798.722
798.722
798.836
798.836
798.836
798.836
798.836
798.484
798.484
798.484
798.484
798.484
798.73
798.73
798.73
798.73
798.73
798.352
798.352
798.352
798.352
798.352
799
799
799
799
799
799
799
799
799
799
798.749
798.749
798.749
798.749
798.749
799
799
799
799
799
798.5
798.5
798.5
798.5
798.5
798.497
798.497
798.497
798.497
798.497
798.988
798.988
798.988
798.988
798.988
798.992
798.992
798.992
798.992
798.992
798.648
798.648
798.648
798.648
798.648
799
799
799
799
799
798.994
798.994
798.994
798.994
798.994
798.988
798.988
798.988
798.988
798.988
798.875
798.875
798.875
798.875
798.875
798.648
798.648
798.648
798.648
798.648
798.699
798.699
798.699
798.699
798.699
798.984
798.984
798.984
798.984
798.984
798.867
798.867
798.867
798.867
798.867
798.702
798.702
798.702
798.702
798.702
799
799
799
799
799
798.5
798.5
798.5
798.5
798.5
798.186
798.186
798.186
798.186
798.186
798.5
798.5
798.5
798.5
798.5
798.5
798.5
798.5
798.5
798.5
798.433
798.433
798.433
798.433
798.433
798.999
798.999
798.999
798.999
798.999
798.996
798.996
798.996
798.996
798.996
798.726
798.726
798.726
798.726
798.726
799
799
799
799
799
798.933
798.933
798.933
798.933
798.933
798.31
798.31
798.31
798.31
798.31
799
799
799
799
799
798.859
798.859
798.859
798.859
798.859
798.844
798.844
798.844
798.844
798.844
799
799
799
799
799
798.719
798.719
798.719
798.719
798.719
798.673
798.673
798.673
798.673
798.673
798.998
798.998
798.998
798.998
798.998
798.993
798.993
798.993
798.993
798.993
798.989
798.989
798.989
798.989
798.989
798.734
798.734
798.734
798.734
798.734
798.734
798.734
798.734
798.734
798.734
798.484
798.484
798.484
798.484
798.484
798.875
798.875
798.875
798.875
798.875
798.873
798.873
798.873
798.873
798.873
798.623
798.623
798.623
798.623
798.623
799
799
799
799
799
798.922
798.922
798.922
798.922
798.922
798.922
798.922
798.922
798.922
798.922
799
799
799
799
799
798.748
798.748
798.748
798.748
798.748
798.719
798.719
798.719
798.719
798.719
799
799
799
799
799
798.998
798.998
798.998
798.998
798.998
798.875
798.875
798.875
798.875
798.875
798.998
798.998
798.998
798.998
798.998
798.998
798.998
798.998
798.998
798.998
798.228
798.228
798.228
798.228
798.228
799
799
799
799
799
799
799
799
799
799
798.964
798.964
798.964
798.964
798.964
798.75
798.75
798.75
798.75
798.75
798.749
798.749
798.749
798.749
798.749
798.617
798.617
798.617
798.617
798.617
799
799
799
799
799
798.998
798.998
798.998
798.998
798.998
798.953
798.953
798.953
798.953
798.953
799
799
799
799
799
798.74
798.74
798.74
798.74
798.74
798.83
798.83
798.83
798.83
798.83
799
799
799
799
799
798.75
798.75
798.75
798.75
798.75
798.218
798.218
798.218
798.218
798.218
798.992
798.992
798.992
798.992
798.992
798.499
798.499
798.499
798.499
798.499
798.855
798.855
798.855
798.855
798.855
799
799
799
799
799
798.937
798.937
798.937
798.937
798.937
798.152
798.152
798.152
798.152
798.152
799
799
799
799
799
798.992
798.992
798.992
798.992
798.992
798.371
798.371
798.371
798.371
798.371
799
799
799
799
799
799
799
799
799
799
798.983
798.983
798.983
798.983
798.983
799
799
799
799
799
798.984
798.984
798.984
798.984
798.984
798.953
798.953
798.953
798.953
798.953
798.996
798.996
798.996
798.996
798.996
798.996
798.996
798.996
798.996
798.996
798.462
798.462
798.462
798.462
798.462
799
799
799
799
799
798.999
798.999
798.999
798.999
798.999
798.629
798.629
798.629
798.629
798.629
799
799
799
799
799
799
799
799
799
799
798.81
798.81
798.81
798.81
798.81
799
799
799
799
799
799
799
799
799
799
799
799
799
799
799
799
799
799
799
799
798.999
798.999
798.999
798.999
798.999
798.965
798.965
798.965
798.965
798.965
798.871
798.871
798.871
798.871
798.871
798.965
798.965
798.965
798.965
798.965
798.99
798.99
798.99
798.99
798.99
798.999
798.999
798.999
798.999
798.999
798.969
798.969
798.969
798.969
798.969
798.968
798.968
798.968
798.968
798.968
799
799
799
799
799
798.453
798.453
798.453
798.453
798.453
797.82
797.82
797.82
797.82
797.82
799
799
799
799
799
798.999
798.999
798.999
798.999
798.999
798.964
798.964
798.964
798.964
798.964
799
799
799
799
799
799
799
799
799
799
798.99
798.99
798.99
798.99
798.99
799
799
799
799
799
798.998
798.998
798.998
798.998
798.998
798.982
798.982
798.982
798.982
798.982
798.969
798.969
798.969
798.969
798.969
798.937
798.937
798.937
798.937
798.937
798.935
798.935
798.935
798.935
798.935
799
799
799
799
799
799
799
799
799
799
798.981
798.981
798.981
798.981
798.981
799
799
799
799
799
798.984
798.984
798.984
798.984
798.984
798.5
798.5
798.5
798.5
798.5
799
799
799
799
799
798.422
798.422
798.422
798.422
798.422
798.867
798.867
798.867
798.867
798.867
798.5
798.5
798.5
798.5
798.5
798.437
798.437
798.437
798.437
798.437
798.368
798.368
798.368
798.368
798.368
798.992
798.992
798.992
798.992
798.992
798.998
798.998
798.998
798.998
798.998
798.709
798.709
798.709
798.709
798.709
798.984
798.984
798.984
798.984
798.984
798.996
798.996
798.996
798.996
798.996
798.734
798.734
798.734
798.734
798.734
798.75
798.75
798.75
798.75
798.75
798.999
798.999
798.999
798.999
798.999
798.744
798.744
798.744
798.744
798.744
799
799
799
799
799
798.996
798.996
798.996
798.996
798.996
798.461
798.461
798.461
798.461
798.461
799
799
799
799
799
798.5
798.5
798.5
798.5
798.5
798.062
798.062
798.062
798.062
798.062
798.75
798.75
798.75
798.75
798.75
798.75
798.75
798.75
798.75
798.75
798.749
798.749
798.749
798.749
798.749
799
799
799
799
799
798.998
798.998
798.998
798.998
798.998
798.749
798.749
798.749
798.749
798.749
799
799
799
799
799
799
799
799
799
799
798.936
798.936
798.936
798.936
798.936
0
