0
0
0
0
722.539
722.539
722.539
722.539
722.539
605.118
605.118
605.118
605.118
605.118
341.829
341.829
341.829
341.829
341.829
729.241
729.241
729.241
729.241
729.241
597.998
597.998
597.998
597.998
597.998
776.68
776.68
776.68
776.68
776.68
768.75
768.75
768.75
768.75
768.75
740.043
740.043
740.043
740.043
740.043
771.764
771.764
771.764
771.764
771.764
768.236
768.236
768.236
768.236
768.236
771.386
771.386
771.386
771.386
771.386
779.669
779.669
779.669
779.669
779.669
777.879
777.879
777.879
777.879
777.879
762.119
762.119
762.119
762.119
762.119
792.104
792.104
792.104
792.104
792.104
787.328
787.328
787.328
787.328
787.328
769.858
769.858
769.858
769.858
769.858
781.185
781.185
781.185
781.185
781.185
794.955
794.955
794.955
794.955
794.955
775.268
775.268
775.268
775.268
775.268
762.34
762.34
762.34
762.34
762.34
794.443
794.443
794.443
794.443
794.443
792.478
792.478
792.478
792.478
792.478
797.438
797.438
797.438
797.438
797.438
795.6
795.6
795.6
795.6
795.6
791.723
791.723
791.723
791.723
791.723
787.867
787.867
787.867
787.867
787.867
796.391
796.391
796.391
796.391
796.391
788.304
788.304
788.304
788.304
788.304
787.218
787.218
787.218
787.218
787.218
796.6
796.6
796.6
796.6
796.6
791.334
791.334
791.334
791.334
791.334
792.175
792.175
792.175
792.175
792.175
795.974
795.974
795.974
795.974
795.974
797.39
797.39
797.39
797.39
797.39
798.421
798.421
798.421
798.421
798.421
796.506
796.506
796.506
796.506
796.506
795.556
795.556
795.556
795.556
795.556
782.664
782.664
782.664
782.664
782.664
797.973
797.973
797.973
797.973
797.973
796.015
796.015
796.015
796.015
796.015
792.238
792.238
792.238
792.238
792.238
797.845
797.845
797.845
797.845
797.845
794.901
794.901
794.901
794.901
794.901
794.217
794.217
794.217
794.217
794.217
797.446
797.446
797.446
797.446
797.446
794.792
794.792
794.792
794.792
794.792
795.462
795.462
795.462
795.462
795.462
798.131
798.131
798.131
798.131
798.131
794.627
794.627
794.627
794.627
794.627
794.371
794.371
794.371
794.371
794.371
795.252
795.252
795.252
795.252
795.252
791.236
791.236
791.236
791.236
791.236
796.635
796.635
796.635
796.635
796.635
796.333
796.333
796.333
796.333
796.333
795.734
795.734
795.734
795.734
795.734
798.038
798.038
798.038
798.038
798.038
798.63
798.63
798.63
798.63
798.63
797.47
797.47
797.47
797.47
797.47
795.94
795.94
795.94
795.94
795.94
792.874
792.874
792.874
792.874
792.874
789.775
789.775
789.775
789.775
789.775
789.641
789.641
789.641
789.641
789.641
796.6
796.6
796.6
796.6
796.6
796.288
796.288
796.288
796.288
796.288
797.776
797.776
797.776
797.776
797.776
795.064
795.064
795.064
795.064
795.064
793.327
793.327
793.327
793.327
793.327
791.478
791.478
791.478
791.478
791.478
796.217
796.217
796.217
796.217
796.217
793.744
793.744
793.744
793.744
793.744
797.385
797.385
797.385
797.385
797.385
793.281
793.281
793.281
793.281
793.281
797.588
797.588
797.588
797.588
797.588
797.96
797.96
797.96
797.96
797.96
795.934
795.934
795.934
795.934
795.934
796.17
796.17
796.17
796.17
796.17
794.752
794.752
794.752
794.752
794.752
798.615
798.615
798.615
798.615
798.615
795.486
795.486
795.486
795.486
795.486
794.993
794.993
794.993
794.993
794.993
798.601
798.601
798.601
798.601
798.601
797.456
797.456
797.456
797.456
797.456
798.053
798.053
798.053
798.053
798.053
796.715
796.715
796.715
796.715
796.715
795.66
795.66
795.66
795.66
795.66
798.662
798.662
798.662
798.662
798.662
797.565
797.565
797.565
797.565
797.565
794.943
794.943
794.943
794.943
794.943
797.113
797.113
797.113
797.113
797.113
795.826
795.826
795.826
795.826
795.826
795.288
795.288
795.288
795.288
795.288
798.828
798.828
798.828
798.828
798.828
797.679
797.679
797.679
797.679
797.679
796.764
796.764
796.764
796.764
796.764
793.506
793.506
793.506
793.506
793.506
798.218
798.218
798.218
798.218
798.218
797.903
797.903
797.903
797.903
797.903
796.502
796.502
796.502
796.502
796.502
796.961
796.961
796.961
796.961
796.961
797.077
797.077
797.077
797.077
797.077
794.716
794.716
794.716
794.716
794.716
797.207
797.207
797.207
797.207
797.207
796.542
796.542
796.542
796.542
796.542
798.064
798.064
798.064
798.064
798.064
798.783
798.783
798.783
798.783
798.783
797.599
797.599
797.599
797.599
797.599
798.914
798.914
798.914
798.914
798.914
798.132
798.132
798.132
798.132
798.132
797.517
797.517
797.517
797.517
797.517
798.739
798.739
798.739
798.739
798.739
798.011
798.011
798.011
798.011
798.011
796.459
796.459
796.459
796.459
796.459
798.616
798.616
798.616
798.616
798.616
797.044
797.044
797.044
797.044
797.044
796.176
796.176
796.176
796.176
796.176
796.211
796.211
796.211
796.211
796.211
797.971
797.971
797.971
797.971
797.971
796.625
796.625
796.625
796.625
796.625
798.437
798.437
798.437
798.437
798.437
797.207
797.207
797.207
797.207
797.207
796.573
796.573
796.573
796.573
796.573
797.049
797.049
797.049
797.049
797.049
798.859
798.859
798.859
798.859
798.859
798.43
798.43
798.43
798.43
798.43
797.84
797.84
797.84
797.84
797.84
798.465
798.465
798.465
798.465
798.465
797.371
797.371
797.371
797.371
797.371
796.966
796.966
796.966
796.966
796.966
796.929
796.929
796.929
796.929
796.929
796.36
796.36
796.36
796.36
796.36
796.345
796.345
796.345
796.345
796.345
797.929
797.929
797.929
797.929
797.929
796.412
796.412
796.412
796.412
796.412
796.11
796.11
796.11
796.11
796.11
798.214
798.214
798.214
798.214
798.214
798.421
798.421
798.421
798.421
798.421
798.254
798.254
798.254
798.254
798.254
798.355
798.355
798.355
798.355
798.355
798.524
798.524
798.524
798.524
798.524
797.247
797.247
797.247
797.247
797.247
798.951
798.951
798.951
798.951
798.951
798.379
798.379
798.379
798.379
798.379
798.488
798.488
798.488
798.488
798.488
797.761
797.761
797.761
797.761
797.761
796.845
796.845
796.845
796.845
796.845
798.403
798.403
798.403
798.403
798.403
798.027
798.027
798.027
798.027
798.027
797.135
797.135
797.135
797.135
797.135
795.492
795.492
795.492
795.492
795.492
798.687
798.687
798.687
798.687
798.687
797.825
797.825
797.825
797.825
797.825
798.273
798.273
798.273
798.273
798.273
798.727
798.727
798.727
798.727
798.727
798.565
798.565
798.565
798.565
798.565
798.92
798.92
798.92
798.92
798.92
798.508
798.508
798.508
798.508
798.508
797.425
797.425
797.425
797.425
797.425
797.227
797.227
797.227
797.227
797.227
798.464
798.464
798.464
798.464
798.464
798.674
798.674
798.674
798.674
798.674
798.071
798.071
798.071
798.071
798.071
798.999
798.999
798.999
798.999
798.999
798.576
798.576
798.576
798.576
798.576
797.673
797.673
797.673
797.673
797.673
798.875
798.875
798.875
798.875
798.875
798.34
798.34
798.34
798.34
798.34
797.321
797.321
797.321
797.321
797.321
798.428
798.428
798.428
798.428
798.428
798.366
798.366
798.366
798.366
798.366
797.834
797.834
797.834
797.834
797.834
798.875
798.875
798.875
798.875
798.875
797.737
797.737
797.737
797.737
797.737
798.179
798.179
798.179
798.179
798.179
798.335
798.335
798.335
798.335
798.335
797.818
797.818
797.818
797.818
797.818
798.969
798.969
798.969
798.969
798.969
798.76
798.76
798.76
798.76
798.76
797.909
797.909
797.909
797.909
797.909
798.484
798.484
798.484
798.484
798.484
796.661
796.661
796.661
796.661
796.661
796.631
796.631
796.631
796.631
796.631
798.303
798.303
798.303
798.303
798.303
798.998
798.998
798.998
798.998
798.998
798.686
798.686
798.686
798.686
798.686
796.806
796.806
796.806
796.806
796.806
798.961
798.961
798.961
798.961
798.961
798.731
798.731
798.731
798.731
798.731
797.842
797.842
797.842
797.842
797.842
798.391
798.391
798.391
798.391
798.391
797.261
797.261
797.261
797.261
797.261
797.121
797.121
797.121
797.121
797.121
798.996
798.996
798.996
798.996
798.996
798.714
798.714
798.714
798.714
798.714
798.492
798.492
798.492
798.492
798.492
797.933
797.933
797.933
797.933
797.933
797.081
797.081
797.081
797.081
797.081
797.291
797.291
797.291
797.291
797.291
798.726
798.726
798.726
798.726
798.726
798.041
798.041
798.041
798.041
798.041
798.98
798.98
798.98
798.98
798.98
797.952
797.952
797.952
797.952
797.952
798.831
798.831
798.831
798.831
798.831
797.692
797.692
797.692
797.692
797.692
798.935
798.935
798.935
798.935
798.935
798.777
798.777
798.777
798.777
798.777
798.998
798.998
798.998
798.998
798.998
798.607
798.607
798.607
798.607
798.607
796.972
796.972
796.972
796.972
796.972
798.969
798.969
798.969
798.969
798.969
798.396
798.396
798.396
798.396
798.396
798.119
798.119
798.119
798.119
798.119
797.367
797.367
797.367
797.367
797.367
798.498
798.498
798.498
798.498
798.498
798.418
798.418
798.418
798.418
798.418
798.992
798.992
798.992
798.992
798.992
798.674
798.674
798.674
798.674
798.674
798.897
798.897
798.897
798.897
798.897
797.592
797.592
797.592
797.592
797.592
798.5
798.5
798.5
798.5
798.5
798.395
798.395
798.395
798.395
798.395
799
799
799
799
799
798.984
798.984
798.984
798.984
798.984
798.908
798.908
798.908
798.908
798.908
798.124
798.124
798.124
798.124
798.124
798.996
798.996
798.996
798.996
798.996
798.242
798.242
798.242
798.242
798.242
798.492
798.492
798.492
798.492
798.492
798.316
798.316
798.316
798.316
798.316
798.285
798.285
798.285
798.285
798.285
797.873
797.873
797.873
797.873
797.873
798.999
798.999
798.999
798.999
798.999
798.215
798.215
798.215
798.215
798.215
798.225
798.225
798.225
798.225
798.225
798.875
798.875
798.875
798.875
798.875
798.609
798.609
798.609
798.609
798.609
798.484
798.484
798.484
798.484
798.484
797.806
797.806
797.806
797.806
797.806
797.82
797.82
797.82
797.82
797.82
797.779
797.779
797.779
797.779
797.779
798.937
798.937
798.937
798.937
798.937
798.907
798.907
798.907
798.907
798.907
799
799
799
799
799
798.492
798.492
798.492
798.492
798.492
798.213
798.213
798.213
798.213
798.213
797.296
797.296
797.296
797.296
797.296
798.922
798.922
798.922
798.922
798.922
798.478
798.478
798.478
798.478
798.478
799
799
799
799
799
798.74
798.74
798.74
798.74
798.74
798.537
798.537
798.537
798.537
798.537
798.499
798.499
798.499
798.499
798.499
799
799
799
799
799
798.899
798.899
798.899
798.899
798.899
798.625
798.625
798.625
798.625
798.625
798.965
798.965
798.965
798.965
798.965
798.308
798.308
798.308
798.308
798.308
799
799
799
799
799
798.988
798.988
798.988
798.988
798.988
798.541
798.541
798.541
798.541
798.541
798.961
798.961
798.961
798.961
798.961
798.769
798.769
798.769
798.769
798.769
798.817
798.817
798.817
798.817
798.817
798.076
798.076
798.076
798.076
798.076
798.875
798.875
798.875
798.875
798.875
798.996
798.996
798.996
798.996
798.996
798.72
798.72
798.72
798.72
798.72
799
799
799
799
799
798.676
798.676
798.676
798.676
798.676
798.969
798.969
798.969
798.969
798.969
798.906
798.906
798.906
798.906
798.906
798.561
798.561
798.561
798.561
798.561
798.406
798.406
798.406
798.406
798.406
798.448
798.448
798.448
798.448
798.448
797.715
797.715
797.715
797.715
797.715
798.96
798.96
798.96
798.96
798.96
798.377
798.377
798.377
798.377
798.377
797.752
797.752
797.752
797.752
797.752
798.998
798.998
798.998
798.998
798.998
798.934
798.934
798.934
798.934
798.934
798.933
798.933
798.933
798.933
798.933
798.969
798.969
798.969
798.969
798.969
798.695
798.695
798.695
798.695
798.695
798.412
798.412
798.412
798.412
798.412
797.933
797.933
797.933
797.933
797.933
799
799
799
799
799
798.875
798.875
798.875
798.875
798.875
798.984
798.984
798.984
798.984
798.984
798.483
798.483
798.483
798.483
798.483
797.979
797.979
797.979
797.979
797.979
799
799
799
799
799
798.999
798.999
798.999
798.999
798.999
798.99
798.99
798.99
798.99
798.99
798.802
798.802
798.802
798.802
798.802
798.25
798.25
798.25
798.25
798.25
797.683
797.683
797.683
797.683
797.683
798.969
798.969
798.969
798.969
798.969
798.187
798.187
798.187
798.187
798.187
797.841
797.841
797.841
797.841
797.841
799
799
799
799
799
798.469
798.469
798.469
798.469
798.469
798.425
798.425
798.425
798.425
798.425
798.867
798.867
798.867
798.867
798.867
798.363
798.363
798.363
798.363
798.363
798.298
798.298
798.298
798.298
798.298
798.329
798.329
798.329
798.329
798.329
798.718
798.718
798.718
798.718
798.718
798.046
798.046
798.046
798.046
798.046
797.507
797.507
797.507
797.507
797.507
799
799
799
799
799
798.998
798.998
798.998
798.998
798.998
798.304
798.304
798.304
798.304
798.304
799
799
799
799
799
798.48
798.48
798.48
798.48
798.48
798.998
798.998
798.998
798.998
798.998
798.747
798.747
798.747
798.747
798.747
798.194
798.194
798.194
798.194
798.194
798.072
798.072
798.072
798.072
798.072
798.873
798.873
798.873
798.873
798.873
798.992
798.992
798.992
798.992
798.992
798.239
798.239
798.239
798.239
798.239
799
799
799
799
799
798.75
798.75
798.75
798.75
798.75
798.777
798.777
798.777
798.777
798.777
799
799
799
799
799
798.98
798.98
798.98
798.98
798.98
798.662
798.662
798.662
798.662
798.662
798.998
798.998
798.998
798.998
798.998
798.873
798.873
798.873
798.873
798.873
798.355
798.355
798.355
798.355
798.355
798.75
798.75
798.75
798.75
798.75
798.211
798.211
798.211
798.211
798.211
797.953
797.953
797.953
797.953
797.953
798.998
798.998
798.998
798.998
798.998
798.426
798.426
798.426
798.426
798.426
798.748
798.748
798.748
798.748
798.748
798.623
798.623
798.623
798.623
798.623
798.144
798.144
798.144
798.144
798.144
799
799
799
799
799
798.996
798.996
798.996
798.996
798.996
798.937
798.937
798.937
798.937
798.937
798.973
798.973
798.973
798.973
798.973
799
799
799
799
799
798.811
798.811
798.811
798.811
798.811
798.772
798.772
798.772
798.772
798.772
799
799
799
799
799
798.806
798.806
798.806
798.806
798.806
798.984
798.984
798.984
798.984
798.984
798.932
798.932
798.932
798.932
798.932
797.927
797.927
797.927
797.927
797.927
798.336
798.336
798.336
798.336
798.336
799
799
799
799
799
798.937
798.937
798.937
798.937
798.937
798.312
798.312
798.312
798.312
798.312
799
799
799
799
799
798.906
798.906
798.906
798.906
798.906
798.969
798.969
798.969
798.969
798.969
798.687
798.687
798.687
798.687
798.687
798.433
798.433
798.433
798.433
798.433
798.992
798.992
798.992
798.992
798.992
798.717
798.717
798.717
798.717
798.717
798.847
798.847
798.847
798.847
798.847
798.535
798.535
798.535
798.535
798.535
798.998
798.998
798.998
798.998
798.998
798.972
798.972
798.972
798.972
798.972
798.838
798.838
798.838
798.838
798.838
798.5
798.5
798.5
798.5
798.5
798.498
798.498
798.498
798.498
798.498
799
799
799
799
799
798.937
798.937
798.937
798.937
798.937
797.893
797.893
797.893
797.893
797.893
798.996
798.996
798.996
798.996
798.996
798.928
798.928
798.928
798.928
798.928
798.867
798.867
798.867
798.867
798.867
799
799
799
799
799
798.773
798.773
798.773
798.773
798.773
797.929
797.929
797.929
797.929
797.929
798.998
798.998
798.998
798.998
798.998
798.967
798.967
798.967
798.967
798.967
798.442
798.442
798.442
798.442
798.442
798.298
798.298
798.298
798.298
798.298
798.484
798.484
798.484
798.484
798.484
798.367
798.367
798.367
798.367
798.367
799
799
799
799
799
798.953
798.953
798.953
798.953
798.953
798.969
798.969
798.969
798.969
798.969
798.999
798.999
798.999
798.999
798.999
798.982
798.982
798.982
798.982
798.982
798.985
798.985
798.985
798.985
798.985
798.942
798.942
798.942
798.942
798.942
799
799
799
799
799
799
799
799
799
799
799
799
799
799
799
798.996
798.996
798.996
798.996
798.996
798.984
798.984
798.984
798.984
798.984
798.716
798.716
798.716
798.716
798.716
798.998
798.998
798.998
798.998
798.998
798.375
798.375
798.375
798.375
798.375
798.373
798.373
798.373
798.373
798.373
799
799
799
799
799
798.977
798.977
798.977
798.977
798.977
798.5
798.5
798.5
798.5
798.5
798.5
798.5
798.5
798.5
798.5
798.182
798.182
798.182
798.182
798.182
798.027
798.027
798.027
798.027
798.027
799
799
799
799
799
798.871
798.871
798.871
798.871
798.871
799
799
799
799
799
798.992
798.992
798.992
798.992
798.992
798.723
798.723
798.723
798.723
798.723
799
799
799
799
799
798.5
798.5
798.5
798.5
798.5
797.999
797.999
797.999
797.999
797.999
799
799
799
799
799
798.969
798.969
798.969
798.969
798.969
798.969
798.969
798.969
798.969
798.969
798.464
798.464
798.464
798.464
798.464
798.5
798.5
798.5
798.5
798.5
798.188
798.188
798.188
798.188
798.188
799
799
799
799
799
799
799
799
799
799
798.871
798.871
798.871
798.871
798.871
798.614
798.614
798.614
798.614
798.614
799
799
799
799
799
798.984
798.984
798.984
798.984
798.984
798.469
798.469
798.469
798.469
798.469
798.969
798.969
798.969
798.969
798.969
798.875
798.875
798.875
798.875
798.875
799
799
799
799
799
798.498
798.498
798.498
798.498
798.498
798.31
798.31
798.31
798.31
798.31
799
799
799
799
799
798.857
798.857
798.857
798.857
798.857
798.588
798.588
798.588
798.588
798.588
798.875
798.875
798.875
798.875
798.875
799
799
799
799
799
798.875
798.875
798.875
798.875
798.875
798.296
798.296
798.296
798.296
798.296
799
799
799
799
799
798.998
798.998
798.998
798.998
798.998
799
799
799
799
799
798.967
798.967
798.967
798.967
798.967
798.969
798.969
798.969
798.969
798.969
799
799
799
799
799
798.281
798.281
798.281
798.281
798.281
798.637
798.637
798.637
798.637
798.637
798.279
798.279
798.279
798.279
798.279
799
799
799
799
799
799
799
799
799
799
799
799
799
799
799
799
799
799
799
799
798.363
798.363
798.363
798.363
798.363
799
799
799
799
799
798.25
798.25
798.25
798.25
798.25
798.371
798.371
798.371
798.371
798.371
797.992
797.992
797.992
797.992
797.992
799
799
799
799
799
798.937
798.937
798.937
798.937
798.937
799
799
799
799
799
799
799
799
799
799
798.484
798.484
798.484
798.484
798.484
798.429
798.429
798.429
798.429
798.429
799
799
799
799
799
798.124
798.124
798.124
798.124
798.124
797.936
797.936
797.936
797.936
797.936
798.75
798.75
798.75
798.75
798.75
798.75
798.75
798.75
798.75
798.75
798.617
798.617
798.617
798.617
798.617
799
799
799
799
799
798.992
798.992
798.992
798.992
798.992
798.998
798.998
798.998
798.998
798.998
799
799
799
799
799
798.75
798.75
798.75
798.75
798.75
798.687
798.687
798.687
798.687
798.687
799
799
799
799
799
798.999
798.999
798.999
798.999
798.999
798.295
798.295
798.295
798.295
798.295
799
799
799
799
799
799
799
799
799
799
799
799
799
799
799
798.937
798.937
798.937
798.937
798.937
798.964
798.964
798.964
798.964
798.964
798.891
798.891
798.891
798.891
798.891
799
799
799
799
799
798.875
798.875
798.875
798.875
798.875
798.312
798.312
798.312
798.312
798.312
799
799
799
799
799
798.969
798.969
798.969
798.969
798.969
798.967
798.967
798.967
798.967
798.967
799
799
799
799
799
798.75
798.75
798.75
798.75
798.75
798.998
798.998
798.998
798.998
798.998
798.996
798.996
798.996
798.996
798.996
798.871
798.871
798.871
798.871
798.871
798.807
798.807
798.807
798.807
798.807
799
799
799
799
799
798.75
798.75
798.75
798.75
798.75
799
799
799
799
799
798.996
798.996
798.996
798.996
798.996
798.373
798.373
798.373
798.373
798.373
798.121
798.121
798.121
798.121
798.121
799
799
799
799
799
798.992
798.992
798.992
798.992
798.992
798.999
798.999
798.999
798.999
798.999
798.967
798.967
798.967
798.967
798.967
798.967
798.967
798.967
798.967
798.967
798.971
798.971
798.971
798.971
798.971
799
799
799
799
799
799
799
799
799
799
798.991
798.991
798.991
798.991
798.991
799
799
799
799
799
798.5
798.5
798.5
798.5
798.5
798.122
798.122
798.122
798.122
798.122
799
799
799
799
799
799
799
799
799
799
799
799
799
799
799
799
799
799
799
799
798.498
798.498
798.498
798.498
798.498
798.999
798.999
798.999
798.999
798.999
798.75
798.75
798.75
798.75
798.75
798.5
798.5
798.5
798.5
798.5
798.474
798.474
798.474
798.474
798.474
799
799
799
799
799
798.996
798.996
798.996
798.996
798.996
798.875
798.875
798.875
798.875
798.875
798.719
798.719
798.719
798.719
798.719
798.852
798.852
798.852
798.852
798.852
799
799
799
799
799
799
799
799
799
799
798.969
798.969
798.969
798.969
798.969
798.531
798.531
798.531
798.531
798.531
799
799
799
799
799
799
799
799
799
799
799
799
799
799
799
798.999
798.999
798.999
798.999
798.999
798.999
798.999
798.999
798.999
798.999
798.998
798.998
798.998
798.998
798.998
798.937
798.937
798.937
798.937
798.937
798.937
798.937
798.937
798.937
798.937
798.557
798.557
798.557
798.557
798.557
799
799
799
799
799
799
799
799
799
799
798.999
798.999
798.999
798.999
798.999
798.998
798.998
798.998
798.998
798.998
798.998
798.998
798.998
798.998
798.998
799
799
799
799
799
798.969
798.969
798.969
798.969
798.969
798.469
798.469
798.469
798.469
798.469
799
799
799
799
799
799
799
799
799
799
799
799
799
799
799
799
799
799
799
799
799
799
799
799
799
798.984
798.984
798.984
798.984
798.984
798.468
798.468
798.468
798.468
798.468
799
799
799
799
799
799
799
799
799
799
799
799
799
799
799
799
799
799
799
799
798.937
798.937
798.937
798.937
798.937
798.937
798.937
798.937
798.937
798.937
799
799
799
799
799
799
799
799
799
799
799
799
799
799
799
799
799
799
799
799
798.812
798.812
798.812
798.812
798.812
798.875
798.875
798.875
798.875
798.875
798.938
798.938
798.938
798.938
798.938
798.875
798.875
798.875
798.875
798.875
799
799
799
799
799
799
799
799
799
799
798.998
798.998
798.998
798.998
798.998
799
799
799
799
799
798.992
798.992
798.992
798.992
798.992
798.988
798.988
798.988
798.988
798.988
798.488
798.488
798.488
798.488
798.488
799
799
799
799
799
798.999
798.999
798.999
798.999
798.999
799
799
799
799
799
799
799
799
799
799
799
799
799
799
799
798.646
798.646
798.646
798.646
798.646
799
799
799
799
799
798.797
798.797
798.797
798.797
798.797
798.656
798.656
798.656
798.656
798.656
799
799
799
799
799
799
799
799
799
799
798.735
798.735
798.735
798.735
798.735
799
799
799
799
799
799
799
799
799
799
798.995
798.995
798.995
798.995
798.995
799
799
799
799
799
799
799
799
799
799
799
799
799
799
799
798.75
798.75
798.75
798.75
798.75
798.749
798.749
798.749
798.749
798.749
798.718
798.718
798.718
798.718
798.718
799
799
799
799
799
799
799
799
799
799
799
799
799
799
799
798.937
798.937
798.937
798.937
798.937
798.936
798.936
798.936
798.936
798.936
799
799
799
799
799
799
799
799
799
799
799
799
799
799
799
798.904
798.904
798.904
798.904
798.904
799
799
799
799
799
799
799
799
799
799
799
799
799
799
799
799
799
799
799
799
799
799
799
799
799
798.75
798.75
798.75
798.75
798.75
798.937
798.937
798.937
798.937
798.937
798.953
798.953
798.953
798.953
798.953
798.964
798.964
798.964
798.964
798.964
799
799
799
799
799
799
799
799
799
799
799
799
799
799
799
799
799
799
799
799
798.715
798.715
798.715
798.715
798.715
798.7
798.7
798.7
798.7
798.7
799
799
799
799
799
798.992
798.992
798.992
798.992
798.992
799
799
799
799
799
799
799
799
799
799
798.5
798.5
798.5
798.5
798.5
798.5
798.5
798.5
798.5
798.5
799
799
799
799
799
798.992
798.992
798.992
798.992
798.992
798.994
798.994
798.994
798.994
798.994
799
799
799
799
799
798.996
798.996
798.996
798.996
798.996
799
799
799
799
799
799
799
799
799
799
798.875
798.875
798.875
798.875
798.875
798.875
798.875
798.875
798.875
798.875
799
799
799
799
799
798.5
798.5
798.5
798.5
798.5
798.5
798.5
798.5
798.5
798.5
799
799
799
799
799
799
799
799
799
799
798.992
798.992
798.992
798.992
798.992
799
799
799
799
799
799
799
799
799
799
799
799
799
799
799
799
799
799
799
799
799
799
799
799
799
798.998
798.998
798.998
798.998
798.998
799
799
799
799
799
799
799
799
799
799
799
799
799
799
799
799
799
799
799
799
798.75
798.75
798.75
798.75
798.75
799
799
799
799
799
799
799
799
799
799
799
799
799
799
799
799
799
799
799
799
799
799
799
799
799
798.996
798.996
798.996
798.996
798.996
799
799
799
799
799
799
799
799
799
799
799
799
799
799
799
799
799
799
799
799
798.999
798.999
798.999
798.999
798.999
798.998
798.998
798.998
798.998
798.998
798.998
798.998
798.998
798.998
798.998
799
799
799
799
799
799
799
799
799
799
799
799
799
799
799
799
799
799
799
799
799
799
799
799
799
799
799
799
799
799
799
799
799
799
799
799
799
799
799
799
799
799
799
799
799
799
799
799
799
799
799
799
799
799
799
799
799
799
799
799
799
799
799
799
799
799
799
799
799
799
798.469
798.469
798.469
798.469
798.469
799
799
799
799
799
799
799
799
799
799
799
799
799
799
799
799
799
799
799
799
799
799
799
799
799
799
799
799
799
799
798.875
798.875
798.875
798.875
798.875
798.875
798.875
798.875
798.875
798.875
798.75
798.75
798.75
798.75
798.75
799
799
799
799
799
799
799
799
799
799
799
799
799
799
799
799
799
799
799
799
799
799
799
799
799
798.998
798.998
798.998
798.998
798.998
799
799
799
799
799
799
799
799
799
799
799
799
799
799
799
799
799
799
799
799
799
799
799
799
799
799
799
799
799
799
799
799
799
799
799
799
799
799
799
799
799
799
799
799
799
799
799
799
799
799
798.469
798.469
798.469
798.469
798.469
798.375
798.375
798.375
798.375
798.375
799
799
799
799
799
799
799
799
799
799
798.75
798.75
798.75
798.75
798.75
798.75
798.75
798.75
798.75
798.75
798.742
798.742
798.742
798.742
798.742
799
799
799
799
799
799
799
799
799
799
799
799
799
799
799
798.75
798.75
798.75
798.75
798.75
798.75
798.75
798.75
798.75
798.75
798.75
798.75
798.75
798.75
798.75
799
799
799
799
799
799
799
799
799
799
799
799
799
799
799
799
799
799
799
799
799
799
799
799
799
799
799
799
799
799
799
799
799
799
799
799
799
799
799
799
799
799
799
799
799
799
799
799
799
799
799
799
799
799
799
799
799
799
799
799
799
799
799
799
799
799
799
799
799
799
798.998
798.998
798.998
798.998
798.998
799
799
799
799
799
799
799
799
799
799
799
799
799
799
799
799
799
799
799
799
799
799
799
799
799
799
799
799
799
799
799
799
799
799
799
799
799
799
799
799
799
799
799
799
799
799
799
799
799
799
799
799
799
799
799
798.992
798.992
798.992
798.992
798.992
798.998
798.998
798.998
798.998
798.998
799
799
799
799
799
799
799
799
799
799
799
799
799
799
799
799
799
799
799
799
798.968
798.968
798.968
798.968
798.968
798.922
798.922
798.922
798.922
798.922
799
799
799
799
799
799
799
799
799
799
798.5
798.5
798.5
798.5
798.5
799
799
799
799
799
799
799
799
799
799
799
799
799
799
799
799
799
799
799
799
799
799
799
799
799
798.594
798.594
798.594
798.594
798.594
799
799
799
799
799
799
799
799
799
799
799
799
799
799
799
799
799
799
799
799
799
799
799
799
799
799
799
799
799
799
798.996
798.996
798.996
798.996
798.996
798.934
798.934
798.934
798.934
798.934
798.875
798.875
798.875
798.875
798.875
799
799
799
799
799
798.982
798.982
798.982
798.982
798.982
799
799
799
799
799
799
799
799
799
799
798.998
798.998
798.998
798.998
798.998
799
799
799
799
799
799
799
799
799
799
798.999
798.999
798.999
798.999
798.999
799
799
799
799
799
799
799
799
799
799
799
799
799
799
799
799
799
799
799
799
799
799
799
799
799
799
799
799
799
799
799
799
799
799
799
799
799
799
799
799
799
799
799
799
799
799
799
799
799
799
799
799
799
799
799
799
799
799
799
799
798.998
798.998
798.998
798.998
798.998
799
799
799
799
799
799
799
799
799
799
798.969
798.969
798.969
798.969
798.969
799
799
799
799
799
799
799
799
799
799
798.5
798.5
798.5
798.5
798.5
799
799
799
799
799
798.984
798.984
798.984
798.984
798.984
798.75
798.75
798.75
798.75
798.75
799
799
799
799
799
798.234
798.234
798.234
798.234
798.234
799
799
799
799
799
799
799
799
799
799
799
799
799
799
799
798.996
798.996
798.996
798.996
798.996
799
799
799
799
799
799
799
799
799
799
799
799
799
799
799
799
799
799
799
799
798.998
798.998
798.998
798.998
798.998
799
799
799
799
799
799
799
799
799
799
799
799
799
799
799
799
799
799
799
799
799
799
799
799
799
799
799
799
799
799
799
799
799
799
799
799
799
799
799
799
799
799
799
799
799
798.5
798.5
798.5
798.5
798.5
799
799
799
799
799
799
799
799
799
799
799
799
799
799
799
799
799
799
799
799
799
799
799
799
799
799
799
799
799
799
799
799
799
799
799
799
799
799
799
799
798.999
798.999
798.999
798.999
798.999
799
799
799
799
799
799
799
799
799
799
798.969
798.969
798.969
798.969
798.969
799
799
799
799
799
799
799
799
799
799
799
799
799
799
799
799
799
799
799
799
799
799
799
799
799
798.938
798.938
798.938
798.938
798.938
799
799
799
799
799
799
799
799
799
799
799
799
799
799
799
799
799
799
799
799
799
799
799
799
799
799
799
799
799
799
799
799
799
799
799
799
799
799
799
799
798.93
798.93
798.93
798.93
798.93
799
799
799
799
799
799
799
799
799
799
799
799
799
799
799
799
799
799
799
799
799
799
799
799
799
799
799
799
799
799
799
799
799
799
799
799
799
799
799
799
799
799
799
799
799
799
799
799
799
799
799
799
799
799
799
799
799
799
799
799
799
799
799
799
799
799
799
799
799
799
799
799
799
799
799
799
799
799
799
799
799
799
799
799
799
799
799
799
799
799
799
799
799
799
799
799
799
799
799
799
799
799
799
799
799
799
799
799
799
799
799
799
799
799
799
799
799
799
799
799
799
799
799
799
799
799
799
799
799
799
799
799
799
799
799
799
799
799
799
799
799
799
799
799
799
799
799
799
799
799
799
799
799
799
799
799
799
799
799
799
799
799
799
799
799
799
799
799
799
799
799
799
799
799
799
798.719
798.719
798.719
798.719
798.719
799
799
799
799
799
798.992
798.992
798.992
798.992
798.992
798.734
798.734
798.734
798.734
798.734
799
799
799
799
799
799
799
799
799
799
799
799
799
799
799
799
799
799
799
799
799
799
799
799
799
799
799
799
799
799
799
799
799
799
799
799
799
799
799
799
799
799
799
799
799
799
799
799
799
799
799
799
799
799
799
799
799
799
799
799
799
799
799
799
799
799
799
799
799
799
799
799
799
799
799
799
799
799
799
799
799
799
799
799
799
799
799
799
799
799
799
799
799
799
799
799
799
799
799
799
799
799
799
799
799
799
799
799
799
799
799
799
799
799
799
799
799
799
799
799
799
799
799
799
799
798.75
798.75
798.75
798.75
798.75
799
799
799
799
799
799
799
799
799
799
799
799
799
799
799
798.983
798.983
798.983
798.983
798.983
799
799
799
799
799
799
799
799
799
799
799
799
799
799
799
799
799
799
799
799
799
799
799
799
799
799
799
799
799
799
799
799
799
799
799
798.969
798.969
798.969
798.969
798.969
799
799
799
799
799
799
799
799
799
799
799
799
799
799
799
799
799
799
799
799
799
799
799
799
799
799
799
799
799
799
799
799
799
799
799
799
799
799
799
799
799
799
799
799
799
799
799
799
799
799
799
799
799
799
799
798.75
798.75
798.75
798.75
798.75
799
799
799
799
799
799
799
799
799
799
799
799
799
799
799
799
799
799
799
799
799
799
799
799
799
799
799
799
799
799
799
799
799
799
799
799
799
799
799
799
799
799
799
799
799
799
799
799
799
799
799
799
799
799
799
799
799
799
799
799
799
799
799
799
799
799
799
799
799
799
798.936
798.936
798.936
798.936
798.936
798.871
798.871
798.871
798.871
798.871
799
799
799
799
799
799
799
799
799
799
799
799
799
799
799
799
799
799
799
799
799
799
799
799
799
799
799
799
799
799
799
799
799
799
799
799
799
799
799
799
799
799
799
799
799
799
799
799
799
799
799
799
799
799
799
798.996
798.996
798.996
798.996
798.996
798.996
798.996
798.996
798.996
798.996
798.996
798.996
798.996
798.996
798.996
798.996
798.996
798.996
798.996
798.996
799
799
799
799
799
799
799
799
799
799
799
799
799
799
799
799
799
799
799
799
799
799
799
799
799
799
799
799
799
799
799
799
799
799
799
799
799
799
799
799
799
799
799
799
799
799
799
799
799
799
799
799
799
799
799
799
799
799
799
799
799
799
799
799
799
799
799
799
799
799
799
799
799
799
799
799
799
799
799
799
799
799
799
799
799
799
799
799
799
799
799
799
799
799
799
799
799
799
799
799
798.936
798.936
798.936
798.936
798.936
799
799
799
799
799
799
799
799
799
799
799
799
799
799
799
799
799
799
799
799
799
799
799
799
799
799
799
799
799
799
799
799
799
799
799
799
799
799
799
799
798.996
798.996
798.996
798.996
798.996
799
799
799
799
799
0
