0
0
0
0
682.427
682.427
682.427
682.427
682.427
739.611
739.611
739.611
739.611
739.611
788.469
788.469
788.469
788.469
788.469
782.838
782.838
782.838
782.838
782.838
753.016
753.016
753.016
753.016
753.016
787.311
787.311
787.311
787.311
787.311
755.364
755.364
755.364
755.364
755.364
784.098
784.098
784.098
784.098
784.098
780.76
780.76
780.76
780.76
780.76
787.832
787.832
787.832
787.832
787.832
785.684
785.684
785.684
785.684
785.684
795.473
795.473
795.473
795.473
795.473
793.555
793.555
793.555
793.555
793.555
789.778
789.778
789.778
789.778
789.778
784.672
784.672
784.672
784.672
784.672
785.74
785.74
785.74
785.74
785.74
794.058
794.058
794.058
794.058
794.058
792.592
792.592
792.592
792.592
792.592
798.714
798.714
798.714
798.714
798.714
797.494
797.494
797.494
797.494
797.494
794.017
794.017
794.017
794.017
794.017
787.957
787.957
787.957
787.957
787.957
788.467
788.467
788.467
788.467
788.467
792.777
792.777
792.777
792.777
792.777
794.045
794.045
794.045
794.045
794.045
786.833
786.833
786.833
786.833
786.833
793.683
793.683
793.683
793.683
793.683
791.766
791.766
791.766
791.766
791.766
783.95
783.95
783.95
783.95
783.95
793.645
793.645
793.645
793.645
793.645
796.997
796.997
796.997
796.997
796.997
795.894
795.894
795.894
795.894
795.894
797.754
797.754
797.754
797.754
797.754
791.267
791.267
791.267
791.267
791.267
794.11
794.11
794.11
794.11
794.11
796.246
796.246
796.246
796.246
796.246
793.484
793.484
793.484
793.484
793.484
790.177
790.177
790.177
790.177
790.177
794.878
794.878
794.878
794.878
794.878
792.84
792.84
792.84
792.84
792.84
791.307
791.307
791.307
791.307
791.307
790.237
790.237
790.237
790.237
790.237
792.729
792.729
792.729
792.729
792.729
790.608
790.608
790.608
790.608
790.608
795.511
795.511
795.511
795.511
795.511
792.923
792.923
792.923
792.923
792.923
792.815
792.815
792.815
792.815
792.815
790.872
790.872
790.872
790.872
790.872
793.478
793.478
793.478
793.478
793.478
792.439
792.439
792.439
792.439
792.439
789.105
789.105
789.105
789.105
789.105
793.736
793.736
793.736
793.736
793.736
791.015
791.015
791.015
791.015
791.015
791.385
791.385
791.385
791.385
791.385
794.005
794.005
794.005
794.005
794.005
793.494
793.494
793.494
793.494
793.494
791.104
791.104
791.104
791.104
791.104
797.63
797.63
797.63
797.63
797.63
791.302
791.302
791.302
791.302
791.302
797.703
797.703
797.703
797.703
797.703
793.908
793.908
793.908
793.908
793.908
789.074
789.074
789.074
789.074
789.074
794.288
794.288
794.288
794.288
794.288
797.332
797.332
797.332
797.332
797.332
791.673
791.673
791.673
791.673
791.673
790.23
790.23
790.23
790.23
790.23
798.268
798.268
798.268
798.268
798.268
798.273
798.273
798.273
798.273
798.273
798.832
798.832
798.832
798.832
798.832
796.051
796.051
796.051
796.051
796.051
794.124
794.124
794.124
794.124
794.124
794.007
794.007
794.007
794.007
794.007
792.955
792.955
792.955
792.955
792.955
791.65
791.65
791.65
791.65
791.65
797.69
797.69
797.69
797.69
797.69
793.992
793.992
793.992
793.992
793.992
792.212
792.212
792.212
792.212
792.212
792.352
792.352
792.352
792.352
792.352
797.599
797.599
797.599
797.599
797.599
797.564
797.564
797.564
797.564
797.564
798.303
798.303
798.303
798.303
798.303
795.893
795.893
795.893
795.893
795.893
795.515
795.515
795.515
795.515
795.515
790.139
790.139
790.139
790.139
790.139
798.176
798.176
798.176
798.176
798.176
797.276
797.276
797.276
797.276
797.276
796.557
796.557
796.557
796.557
796.557
795.507
795.507
795.507
795.507
795.507
793.996
793.996
793.996
793.996
793.996
791.203
791.203
791.203
791.203
791.203
797.374
797.374
797.374
797.374
797.374
796.826
796.826
796.826
796.826
796.826
795.808
795.808
795.808
795.808
795.808
795.579
795.579
795.579
795.579
795.579
793.963
793.963
793.963
793.963
793.963
792.406
792.406
792.406
792.406
792.406
797.713
797.713
797.713
797.713
797.713
796.025
796.025
796.025
796.025
796.025
796.561
796.561
796.561
796.561
796.561
797.74
797.74
797.74
797.74
797.74
795.706
795.706
795.706
795.706
795.706
798.297
798.297
798.297
798.297
798.297
796.209
796.209
796.209
796.209
796.209
795.731
795.731
795.731
795.731
795.731
791.587
791.587
791.587
791.587
791.587
798.792
798.792
798.792
798.792
798.792
797.939
797.939
797.939
797.939
797.939
796.86
796.86
796.86
796.86
796.86
796.877
796.877
796.877
796.877
796.877
797.153
797.153
797.153
797.153
797.153
794.132
794.132
794.132
794.132
794.132
798.702
798.702
798.702
798.702
798.702
798.218
798.218
798.218
798.218
798.218
795.52
795.52
795.52
795.52
795.52
798.914
798.914
798.914
798.914
798.914
797.275
797.275
797.275
797.275
797.275
798.835
798.835
798.835
798.835
798.835
797.133
797.133
797.133
797.133
797.133
797.143
797.143
797.143
797.143
797.143
798.283
798.283
798.283
798.283
798.283
796.81
796.81
796.81
796.81
796.81
794.905
794.905
794.905
794.905
794.905
794.305
794.305
794.305
794.305
794.305
798.464
798.464
798.464
798.464
798.464
798.142
798.142
798.142
798.142
798.142
798.121
798.121
798.121
798.121
798.121
797.867
797.867
797.867
797.867
797.867
796.176
796.176
796.176
796.176
796.176
797.904
797.904
797.904
797.904
797.904
798.203
798.203
798.203
798.203
798.203
797.487
797.487
797.487
797.487
797.487
797.16
797.16
797.16
797.16
797.16
795.826
795.826
795.826
795.826
795.826
795.185
795.185
795.185
795.185
795.185
796.929
796.929
796.929
796.929
796.929
797.927
797.927
797.927
797.927
797.927
795.968
795.968
795.968
795.968
795.968
794.35
794.35
794.35
794.35
794.35
798.871
798.871
798.871
798.871
798.871
796.347
796.347
796.347
796.347
796.347
795.653
795.653
795.653
795.653
795.653
798.391
798.391
798.391
798.391
798.391
798.054
798.054
798.054
798.054
798.054
798.874
798.874
798.874
798.874
798.874
798.561
798.561
798.561
798.561
798.561
797.892
797.892
797.892
797.892
797.892
796.934
796.934
796.934
796.934
796.934
798.332
798.332
798.332
798.332
798.332
796.409
796.409
796.409
796.409
796.409
794.635
794.635
794.635
794.635
794.635
798.39
798.39
798.39
798.39
798.39
798.404
798.404
798.404
798.404
798.404
797.087
797.087
797.087
797.087
797.087
798.238
798.238
798.238
798.238
798.238
797.713
797.713
797.713
797.713
797.713
796.896
796.896
796.896
796.896
796.896
798.498
798.498
798.498
798.498
798.498
797.671
797.671
797.671
797.671
797.671
797.691
797.691
797.691
797.691
797.691
798.478
798.478
798.478
798.478
798.478
797.665
797.665
797.665
797.665
797.665
797.49
797.49
797.49
797.49
797.49
797.919
797.919
797.919
797.919
797.919
797.117
797.117
797.117
797.117
797.117
795.832
795.832
795.832
795.832
795.832
798.195
798.195
798.195
798.195
798.195
797.445
797.445
797.445
797.445
797.445
798.793
798.793
798.793
798.793
798.793
798.257
798.257
798.257
798.257
798.257
798.327
798.327
798.327
798.327
798.327
797.634
797.634
797.634
797.634
797.634
798.904
798.904
798.904
798.904
798.904
798.255
798.255
798.255
798.255
798.255
796.465
796.465
796.465
796.465
796.465
798.857
798.857
798.857
798.857
798.857
798.302
798.302
798.302
798.302
798.302
798.241
798.241
798.241
798.241
798.241
796.486
796.486
796.486
796.486
796.486
797.445
797.445
797.445
797.445
797.445
796.284
796.284
796.284
796.284
796.284
797.215
797.215
797.215
797.215
797.215
797.36
797.36
797.36
797.36
797.36
794.782
794.782
794.782
794.782
794.782
798.963
798.963
798.963
798.963
798.963
798.884
798.884
798.884
798.884
798.884
798.995
798.995
798.995
798.995
798.995
798.36
798.36
798.36
798.36
798.36
797.963
797.963
797.963
797.963
797.963
798.719
798.719
798.719
798.719
798.719
798.923
798.923
798.923
798.923
798.923
798.007
798.007
798.007
798.007
798.007
798.997
798.997
798.997
798.997
798.997
798.519
798.519
798.519
798.519
798.519
798.413
798.413
798.413
798.413
798.413
798.374
798.374
798.374
798.374
798.374
797.958
797.958
797.958
797.958
797.958
797.876
797.876
797.876
797.876
797.876
798.933
798.933
798.933
798.933
798.933
797.848
797.848
797.848
797.848
797.848
798.771
798.771
798.771
798.771
798.771
797.105
797.105
797.105
797.105
797.105
798.777
798.777
798.777
798.777
798.777
797.838
797.838
797.838
797.838
797.838
797.008
797.008
797.008
797.008
797.008
798.85
798.85
798.85
798.85
798.85
798.461
798.461
798.461
798.461
798.461
798.87
798.87
798.87
798.87
798.87
798.709
798.709
798.709
798.709
798.709
798.37
798.37
798.37
798.37
798.37
798.969
798.969
798.969
798.969
798.969
798.386
798.386
798.386
798.386
798.386
798.066
798.066
798.066
798.066
798.066
797.663
797.663
797.663
797.663
797.663
798.723
798.723
798.723
798.723
798.723
797.907
797.907
797.907
797.907
797.907
798.983
798.983
798.983
798.983
798.983
798.212
798.212
798.212
798.212
798.212
798.349
798.349
798.349
798.349
798.349
797.777
797.777
797.777
797.777
797.777
798.496
798.496
798.496
798.496
798.496
798.186
798.186
798.186
798.186
798.186
796.936
796.936
796.936
796.936
796.936
798.93
798.93
798.93
798.93
798.93
797.437
797.437
797.437
797.437
797.437
797.185
797.185
797.185
797.185
797.185
798.859
798.859
798.859
798.859
798.859
798.311
798.311
798.311
798.311
798.311
798.92
798.92
798.92
798.92
798.92
798.291
798.291
798.291
798.291
798.291
797.998
797.998
797.998
797.998
797.998
798.091
798.091
798.091
798.091
798.091
798.687
798.687
798.687
798.687
798.687
798.166
798.166
798.166
798.166
798.166
797.803
797.803
797.803
797.803
797.803
798.969
798.969
798.969
798.969
798.969
797.852
797.852
797.852
797.852
797.852
797.277
797.277
797.277
797.277
797.277
798.475
798.475
798.475
798.475
798.475
797.918
797.918
797.918
797.918
797.918
798.232
798.232
798.232
798.232
798.232
797.699
797.699
797.699
797.699
797.699
796.764
796.764
796.764
796.764
796.764
796.484
796.484
796.484
796.484
796.484
798.933
798.933
798.933
798.933
798.933
798.914
798.914
798.914
798.914
798.914
798.481
798.481
798.481
798.481
798.481
798.387
798.387
798.387
798.387
798.387
797.965
797.965
797.965
797.965
797.965
798.5
798.5
798.5
798.5
798.5
797.982
797.982
797.982
797.982
797.982
797.469
797.469
797.469
797.469
797.469
798.437
798.437
798.437
798.437
798.437
798.355
798.355
798.355
798.355
798.355
797.588
797.588
797.588
797.588
797.588
798.748
798.748
798.748
798.748
798.748
798.353
798.353
798.353
798.353
798.353
798.276
798.276
798.276
798.276
798.276
797.496
797.496
797.496
797.496
797.496
798.238
798.238
798.238
798.238
798.238
796.358
796.358
796.358
796.358
796.358
798.983
798.983
798.983
798.983
798.983
798.973
798.973
798.973
798.973
798.973
798.609
798.609
798.609
798.609
798.609
798.959
798.959
798.959
798.959
798.959
798.085
798.085
798.085
798.085
798.085
797.698
797.698
797.698
797.698
797.698
798.98
798.98
798.98
798.98
798.98
798.467
798.467
798.467
798.467
798.467
798.608
798.608
798.608
798.608
798.608
798.71
798.71
798.71
798.71
798.71
797.668
797.668
797.668
797.668
797.668
797.493
797.493
797.493
797.493
797.493
796.443
796.443
796.443
796.443
796.443
798.75
798.75
798.75
798.75
798.75
798.672
798.672
798.672
798.672
798.672
798.348
798.348
798.348
798.348
798.348
798.742
798.742
798.742
798.742
798.742
798.894
798.894
798.894
798.894
798.894
798.155
798.155
798.155
798.155
798.155
798.984
798.984
798.984
798.984
798.984
798.346
798.346
798.346
798.346
798.346
799
799
799
799
799
798.842
798.842
798.842
798.842
798.842
798.523
798.523
798.523
798.523
798.523
797.362
797.362
797.362
797.362
797.362
798.494
798.494
798.494
798.494
798.494
798.491
798.491
798.491
798.491
798.491
798.938
798.938
798.938
798.938
798.938
797.874
797.874
797.874
797.874
797.874
797.091
797.091
797.091
797.091
797.091
796.798
796.798
796.798
796.798
796.798
798.171
798.171
798.171
798.171
798.171
797.999
797.999
797.999
797.999
797.999
798.011
798.011
798.011
798.011
798.011
798.867
798.867
798.867
798.867
798.867
798.25
798.25
798.25
798.25
798.25
799
799
799
799
799
798.703
798.703
798.703
798.703
798.703
798.94
798.94
798.94
798.94
798.94
799
799
799
799
799
798.989
798.989
798.989
798.989
798.989
798.114
798.114
798.114
798.114
798.114
798.125
798.125
798.125
798.125
798.125
798.263
798.263
798.263
798.263
798.263
798.466
798.466
798.466
798.466
798.466
797.22
797.22
797.22
797.22
797.22
798.996
798.996
798.996
798.996
798.996
798.366
798.366
798.366
798.366
798.366
798.23
798.23
798.23
798.23
798.23
797.989
797.989
797.989
797.989
797.989
797.831
797.831
797.831
797.831
797.831
797.03
797.03
797.03
797.03
797.03
798.984
798.984
798.984
798.984
798.984
797.666
797.666
797.666
797.666
797.666
797.314
797.314
797.314
797.314
797.314
798.844
798.844
798.844
798.844
798.844
798.891
798.891
798.891
798.891
798.891
798.257
798.257
798.257
798.257
798.257
798.232
798.232
798.232
798.232
798.232
797.583
797.583
797.583
797.583
797.583
798.992
798.992
798.992
798.992
798.992
798.859
798.859
798.859
798.859
798.859
798.208
798.208
798.208
798.208
798.208
796.784
796.784
796.784
796.784
796.784
798.499
798.499
798.499
798.499
798.499
798.411
798.411
798.411
798.411
798.411
798.99
798.99
798.99
798.99
798.99
798.691
798.691
798.691
798.691
798.691
797.68
797.68
797.68
797.68
797.68
798.969
798.969
798.969
798.969
798.969
798.433
798.433
798.433
798.433
798.433
798.242
798.242
798.242
798.242
798.242
799
799
799
799
799
798.999
798.999
798.999
798.999
798.999
798.884
798.884
798.884
798.884
798.884
798.992
798.992
798.992
798.992
798.992
798.367
798.367
798.367
798.367
798.367
798.716
798.716
798.716
798.716
798.716
798.496
798.496
798.496
798.496
798.496
798.474
798.474
798.474
798.474
798.474
798.065
798.065
798.065
798.065
798.065
799
799
799
799
799
798.749
798.749
798.749
798.749
798.749
798.248
798.248
798.248
798.248
798.248
797.582
797.582
797.582
797.582
797.582
798.75
798.75
798.75
798.75
798.75
798.193
798.193
798.193
798.193
798.193
799
799
799
799
799
798.478
798.478
798.478
798.478
798.478
797.624
797.624
797.624
797.624
797.624
799
799
799
799
799
798.443
798.443
798.443
798.443
798.443
797.943
797.943
797.943
797.943
797.943
797.855
797.855
797.855
797.855
797.855
798.992
798.992
798.992
798.992
798.992
798.975
798.975
798.975
798.975
798.975
798.392
798.392
798.392
798.392
798.392
798.938
798.938
798.938
798.938
798.938
798.859
798.859
798.859
798.859
798.859
799
799
799
799
799
798.896
798.896
798.896
798.896
798.896
798.188
798.188
798.188
798.188
798.188
798.052
798.052
798.052
798.052
798.052
798.984
798.984
798.984
798.984
798.984
798.84
798.84
798.84
798.84
798.84
798.806
798.806
798.806
798.806
798.806
799
799
799
799
799
798.998
798.998
798.998
798.998
798.998
798.964
798.964
798.964
798.964
798.964
799
799
799
799
799
798.961
798.961
798.961
798.961
798.961
798.511
798.511
798.511
798.511
798.511
798.992
798.992
798.992
798.992
798.992
798.993
798.993
798.993
798.993
798.993
798.986
798.986
798.986
798.986
798.986
799
799
799
799
799
798.969
798.969
798.969
798.969
798.969
798.625
798.625
798.625
798.625
798.625
798.906
798.906
798.906
798.906
798.906
798.418
798.418
798.418
798.418
798.418
798.186
798.186
798.186
798.186
798.186
798.961
798.961
798.961
798.961
798.961
798.461
798.461
798.461
798.461
798.461
797.94
797.94
797.94
797.94
797.94
799
799
799
799
799
798.995
798.995
798.995
798.995
798.995
798.965
798.965
798.965
798.965
798.965
798.875
798.875
798.875
798.875
798.875
798.703
798.703
798.703
798.703
798.703
798.42
798.42
798.42
798.42
798.42
799
799
799
799
799
798.875
798.875
798.875
798.875
798.875
798.5
798.5
798.5
798.5
798.5
798.984
798.984
798.984
798.984
798.984
798.921
798.921
798.921
798.921
798.921
799
799
799
799
799
798.967
798.967
798.967
798.967
798.967
798.494
798.494
798.494
798.494
798.494
798.344
798.344
798.344
798.344
798.344
797.937
797.937
797.937
797.937
797.937
798.3
798.3
798.3
798.3
798.3
797.32
797.32
797.32
797.32
797.32
798.969
798.969
798.969
798.969
798.969
798.734
798.734
798.734
798.734
798.734
799
799
799
799
799
798.246
798.246
798.246
798.246
798.246
797.555
797.555
797.555
797.555
797.555
797.424
797.424
797.424
797.424
797.424
798.484
798.484
798.484
798.484
798.484
798.828
798.828
798.828
798.828
798.828
799
799
799
799
799
799
799
799
799
799
798.585
798.585
798.585
798.585
798.585
798.984
798.984
798.984
798.984
798.984
798.484
798.484
798.484
798.484
798.484
798.772
798.772
798.772
798.772
798.772
797.862
797.862
797.862
797.862
797.862
798.75
798.75
798.75
798.75
798.75
798.487
798.487
798.487
798.487
798.487
798.996
798.996
798.996
798.996
798.996
798.864
798.864
798.864
798.864
798.864
798.542
798.542
798.542
798.542
798.542
797.582
797.582
797.582
797.582
797.582
799
799
799
799
799
799
799
799
799
799
798.875
798.875
798.875
798.875
798.875
799
799
799
799
799
798.494
798.494
798.494
798.494
798.494
798.458
798.458
798.458
798.458
798.458
799
799
799
799
799
798.921
798.921
798.921
798.921
798.921
798.914
798.914
798.914
798.914
798.914
799
799
799
799
799
798.453
798.453
798.453
798.453
798.453
798.187
798.187
798.187
798.187
798.187
798.934
798.934
798.934
798.934
798.934
798.848
798.848
798.848
798.848
798.848
798.377
798.377
798.377
798.377
798.377
798.748
798.748
798.748
798.748
798.748
798.742
798.742
798.742
798.742
798.742
799
799
799
799
799
798.996
798.996
798.996
798.996
798.996
798.995
798.995
798.995
798.995
798.995
799
799
799
799
799
798.836
798.836
798.836
798.836
798.836
798.758
798.758
798.758
798.758
798.758
799
799
799
799
799
798.608
798.608
798.608
798.608
798.608
798.353
798.353
798.353
798.353
798.353
798.68
798.68
798.68
798.68
798.68
798.938
798.938
798.938
798.938
798.938
798.937
798.937
798.937
798.937
798.937
798.496
798.496
798.496
798.496
798.496
798.75
798.75
798.75
798.75
798.75
798.203
798.203
798.203
798.203
798.203
798.937
798.937
798.937
798.937
798.937
798.965
798.965
798.965
798.965
798.965
798.671
798.671
798.671
798.671
798.671
798.273
798.273
798.273
798.273
798.273
798.984
798.984
798.984
798.984
798.984
798.624
798.624
798.624
798.624
798.624
798.595
798.595
798.595
798.595
798.595
799
799
799
799
799
798.961
798.961
798.961
798.961
798.961
798.5
798.5
798.5
798.5
798.5
798.496
798.496
798.496
798.496
798.496
798.441
798.441
798.441
798.441
798.441
798.999
798.999
798.999
798.999
798.999
798.969
798.969
798.969
798.969
798.969
798.463
798.463
798.463
798.463
798.463
797.933
797.933
797.933
797.933
797.933
798.992
798.992
798.992
798.992
798.992
798.934
798.934
798.934
798.934
798.934
798.875
798.875
798.875
798.875
798.875
798.836
798.836
798.836
798.836
798.836
798.483
798.483
798.483
798.483
798.483
798.648
798.648
798.648
798.648
798.648
799
799
799
799
799
798.936
798.936
798.936
798.936
798.936
798.992
798.992
798.992
798.992
798.992
798.617
798.617
798.617
798.617
798.617
797.859
797.859
797.859
797.859
797.859
797.93
797.93
797.93
797.93
797.93
799
799
799
799
799
798.992
798.992
798.992
798.992
798.992
798.812
798.812
798.812
798.812
798.812
799
799
799
799
799
799
799
799
799
799
798.984
798.984
798.984
798.984
798.984
799
799
799
799
799
799
799
799
799
799
799
799
799
799
799
799
799
799
799
799
798.999
798.999
798.999
798.999
798.999
798.982
798.982
798.982
798.982
798.982
799
799
799
799
799
798.999
798.999
798.999
798.999
798.999
798.498
798.498
798.498
798.498
798.498
799
799
799
799
799
798.992
798.992
798.992
798.992
798.992
799
799
799
799
799
798.999
798.999
798.999
798.999
798.999
798.491
798.491
798.491
798.491
798.491
799
799
799
799
799
799
799
799
799
799
798.725
798.725
798.725
798.725
798.725
799
799
799
799
799
799
799
799
799
799
798.374
798.374
798.374
798.374
798.374
799
799
799
799
799
799
799
799
799
799
798.469
798.469
798.469
798.469
798.469
798.185
798.185
798.185
798.185
798.185
799
799
799
799
799
798.496
798.496
798.496
798.496
798.496
798.343
798.343
798.343
798.343
798.343
799
799
799
799
799
799
799
799
799
799
798.992
798.992
798.992
798.992
798.992
799
799
799
799
799
798.996
798.996
798.996
798.996
798.996
798.875
798.875
798.875
798.875
798.875
798.805
798.805
798.805
798.805
798.805
798.785
798.785
798.785
798.785
798.785
798.126
798.126
798.126
798.126
798.126
799
799
799
799
799
798.998
798.998
798.998
798.998
798.998
798.875
798.875
798.875
798.875
798.875
798.375
798.375
798.375
798.375
798.375
798.375
798.375
798.375
798.375
798.375
799
799
799
799
799
798.998
798.998
798.998
798.998
798.998
798.996
798.996
798.996
798.996
798.996
799
799
799
799
799
798.968
798.968
798.968
798.968
798.968
798.984
798.984
798.984
798.984
798.984
798.938
798.938
798.938
798.938
798.938
798.719
798.719
798.719
798.719
798.719
798.435
798.435
798.435
798.435
798.435
797.95
797.95
797.95
797.95
797.95
799
799
799
799
799
798.998
798.998
798.998
798.998
798.998
799
799
799
799
799
799
799
799
799
799
798.25
798.25
798.25
798.25
798.25
799
799
799
799
799
798.875
798.875
798.875
798.875
798.875
798.875
798.875
798.875
798.875
798.875
799
799
799
799
799
799
799
799
799
799
798.498
798.498
798.498
798.498
798.498
799
799
799
799
799
799
799
799
799
799
798.499
798.499
798.499
798.499
798.499
798.75
798.75
798.75
798.75
798.75
798.5
798.5
798.5
798.5
798.5
798.249
798.249
798.249
798.249
798.249
798.244
798.244
798.244
798.244
798.244
799
799
799
799
799
799
799
799
799
799
799
799
799
799
799
799
799
799
799
799
798.312
798.312
798.312
798.312
798.312
799
799
799
799
799
798.982
798.982
798.982
798.982
798.982
798.716
798.716
798.716
798.716
798.716
798.615
798.615
798.615
798.615
798.615
799
799
799
799
799
799
799
799
799
799
799
799
799
799
799
799
799
799
799
799
798.963
798.963
798.963
798.963
798.963
799
799
799
799
799
798.874
798.874
798.874
798.874
798.874
798.281
798.281
798.281
798.281
798.281
799
799
799
799
799
799
799
799
799
799
798.981
798.981
798.981
798.981
798.981
798.978
798.978
798.978
798.978
798.978
799
799
799
799
799
798.75
798.75
798.75
798.75
798.75
798.873
798.873
798.873
798.873
798.873
798.75
798.75
798.75
798.75
798.75
798.871
798.871
798.871
798.871
798.871
799
799
799
799
799
798.992
798.992
798.992
798.992
798.992
798.992
798.992
798.992
798.992
798.992
798.21
798.21
798.21
798.21
798.21
799
799
799
799
799
798.75
798.75
798.75
798.75
798.75
799
799
799
799
799
799
799
799
799
799
798.983
798.983
798.983
798.983
798.983
799
799
799
799
799
798.467
798.467
798.467
798.467
798.467
798.873
798.873
798.873
798.873
798.873
798.999
798.999
798.999
798.999
798.999
798.995
798.995
798.995
798.995
798.995
798.37
798.37
798.37
798.37
798.37
799
799
799
799
799
799
799
799
799
799
799
799
799
799
799
799
799
799
799
799
799
799
799
799
799
798.5
798.5
798.5
798.5
798.5
798.466
798.466
798.466
798.466
798.466
799
799
799
799
799
799
799
799
799
799
798.5
798.5
798.5
798.5
798.5
798.996
798.996
798.996
798.996
798.996
798.734
798.734
798.734
798.734
798.734
798.683
798.683
798.683
798.683
798.683
799
799
799
799
799
799
799
799
799
799
798.998
798.998
798.998
798.998
798.998
799
799
799
799
799
798.977
798.977
798.977
798.977
798.977
799
799
799
799
799
799
799
799
799
799
799
799
799
799
799
799
799
799
799
799
799
799
799
799
799
799
799
799
799
799
799
799
799
799
799
799
799
799
799
799
798.998
798.998
798.998
798.998
798.998
799
799
799
799
799
799
799
799
799
799
799
799
799
799
799
798.609
798.609
798.609
798.609
798.609
799
799
799
799
799
798.967
798.967
798.967
798.967
798.967
799
799
799
799
799
799
799
799
799
799
798.492
798.492
798.492
798.492
798.492
798.249
798.249
798.249
798.249
798.249
799
799
799
799
799
799
799
799
799
799
798.999
798.999
798.999
798.999
798.999
799
799
799
799
799
799
799
799
799
799
799
799
799
799
799
799
799
799
799
799
799
799
799
799
799
799
799
799
799
799
799
799
799
799
799
798.937
798.937
798.937
798.937
798.937
798.434
798.434
798.434
798.434
798.434
799
799
799
799
799
798.969
798.969
798.969
798.969
798.969
798.969
798.969
798.969
798.969
798.969
799
799
799
799
799
799
799
799
799
799
798.938
798.938
798.938
798.938
798.938
798.937
798.937
798.937
798.937
798.937
798.625
798.625
798.625
798.625
798.625
799
799
799
799
799
799
799
799
799
799
799
799
799
799
799
799
799
799
799
799
799
799
799
799
799
798.992
798.992
798.992
798.992
798.992
798.492
798.492
798.492
798.492
798.492
799
799
799
799
799
798.998
798.998
798.998
798.998
798.998
798.996
798.996
798.996
798.996
798.996
799
799
799
799
799
799
799
799
799
799
799
799
799
799
799
799
799
799
799
799
798.734
798.734
798.734
798.734
798.734
798.875
798.875
798.875
798.875
798.875
798.873
798.873
798.873
798.873
798.873
798.804
798.804
798.804
798.804
798.804
798.783
798.783
798.783
798.783
798.783
799
799
799
799
799
798.75
798.75
798.75
798.75
798.75
798.746
798.746
798.746
798.746
798.746
799
799
799
799
799
799
799
799
799
799
798.5
798.5
798.5
798.5
798.5
799
799
799
799
799
798.5
798.5
798.5
798.5
798.5
799
799
799
799
799
799
799
799
799
799
799
799
799
799
799
799
799
799
799
799
799
799
799
799
799
798.968
798.968
798.968
798.968
798.968
799
799
799
799
799
799
799
799
799
799
798.992
798.992
798.992
798.992
798.992
798.719
798.719
798.719
798.719
798.719
799
799
799
799
799
799
799
799
799
799
799
799
799
799
799
799
799
799
799
799
798.75
798.75
798.75
798.75
798.75
798.5
798.5
798.5
798.5
798.5
799
799
799
799
799
798.996
798.996
798.996
798.996
798.996
799
799
799
799
799
799
799
799
799
799
798.992
798.992
798.992
798.992
798.992
799
799
799
799
799
799
799
799
799
799
798.991
798.991
798.991
798.991
798.991
798.85
798.85
798.85
798.85
798.85
799
799
799
799
799
799
799
799
799
799
798.984
798.984
798.984
798.984
798.984
799
799
799
799
799
799
799
799
799
799
798.5
798.5
798.5
798.5
798.5
799
799
799
799
799
798.977
798.977
798.977
798.977
798.977
799
799
799
799
799
799
799
799
799
799
798.836
798.836
798.836
798.836
798.836
798.727
798.727
798.727
798.727
798.727
799
799
799
799
799
799
799
799
799
799
799
799
799
799
799
799
799
799
799
799
798.5
798.5
798.5
798.5
798.5
799
799
799
799
799
799
799
799
799
799
799
799
799
799
799
798.495
798.495
798.495
798.495
798.495
799
799
799
799
799
799
799
799
799
799
798.998
798.998
798.998
798.998
798.998
798.999
798.999
798.999
798.999
798.999
798.999
798.999
798.999
798.999
798.999
799
799
799
799
799
799
799
799
799
799
798.734
798.734
798.734
798.734
798.734
799
799
799
799
799
799
799
799
799
799
798.992
798.992
798.992
798.992
798.992
799
799
799
799
799
798.999
798.999
798.999
798.999
798.999
799
799
799
799
799
799
799
799
799
799
799
799
799
799
799
799
799
799
799
799
799
799
799
799
799
799
799
799
799
799
798.999
798.999
798.999
798.999
798.999
799
799
799
799
799
798.984
798.984
798.984
798.984
798.984
798.999
798.999
798.999
798.999
798.999
799
799
799
799
799
799
799
799
799
799
799
799
799
799
799
799
799
799
799
799
799
799
799
799
799
799
799
799
799
799
799
799
799
799
799
799
799
799
799
799
799
799
799
799
799
799
799
799
799
799
799
799
799
799
799
799
799
799
799
799
799
799
799
799
799
799
799
799
799
799
798.999
798.999
798.999
798.999
798.999
798.992
798.992
798.992
798.992
798.992
799
799
799
799
799
799
799
799
799
799
799
799
799
799
799
799
799
799
799
799
799
799
799
799
799
798.875
798.875
798.875
798.875
798.875
799
799
799
799
799
799
799
799
799
799
799
799
799
799
799
799
799
799
799
799
799
799
799
799
799
799
799
799
799
799
799
799
799
799
799
799
799
799
799
799
798.988
798.988
798.988
798.988
798.988
799
799
799
799
799
799
799
799
799
799
799
799
799
799
799
799
799
799
799
799
799
799
799
799
799
799
799
799
799
799
798.469
798.469
798.469
798.469
798.469
798.438
798.438
798.438
798.438
798.438
798.433
798.433
798.433
798.433
798.433
799
799
799
799
799
799
799
799
799
799
799
799
799
799
799
798.75
798.75
798.75
798.75
798.75
798.75
798.75
798.75
798.75
798.75
798.742
798.742
798.742
798.742
798.742
799
799
799
799
799
799
799
799
799
799
799
799
799
799
799
798.75
798.75
798.75
798.75
798.75
798.75
798.75
798.75
798.75
798.75
799
799
799
799
799
799
799
799
799
799
799
799
799
799
799
799
799
799
799
799
799
799
799
799
799
799
799
799
799
799
799
799
799
799
799
799
799
799
799
799
799
799
799
799
799
799
799
799
799
799
799
799
799
799
799
799
799
799
799
799
799
799
799
799
799
799
799
799
799
799
799
799
799
799
799
799
799
799
799
799
799
799
799
799
799
799
799
799
799
799
799
799
799
799
799
799
799
799
799
799
798.937
798.937
798.937
798.937
798.937
798.936
798.936
798.936
798.936
798.936
799
799
799
799
799
798.875
798.875
798.875
798.875
798.875
798.875
798.875
798.875
798.875
798.875
799
799
799
799
799
799
799
799
799
799
799
799
799
799
799
799
799
799
799
799
799
799
799
799
799
799
799
799
799
799
799
799
799
799
799
798.937
798.937
798.937
798.937
798.937
798.921
798.921
798.921
798.921
798.921
799
799
799
799
799
798.992
798.992
798.992
798.992
798.992
799
799
799
799
799
799
799
799
799
799
799
799
799
799
799
799
799
799
799
799
799
799
799
799
799
799
799
799
799
799
799
799
799
799
799
799
799
799
799
799
799
799
799
799
799
799
799
799
799
799
799
799
799
799
799
798.934
798.934
798.934
798.934
798.934
798.934
798.934
798.934
798.934
798.934
799
799
799
799
799
799
799
799
799
799
799
799
799
799
799
799
799
799
799
799
798.999
798.999
798.999
798.999
798.999
799
799
799
799
799
799
799
799
799
799
798.996
798.996
798.996
798.996
798.996
799
799
799
799
799
799
799
799
799
799
798.998
798.998
798.998
798.998
798.998
798.499
798.499
798.499
798.499
798.499
799
799
799
799
799
799
799
799
799
799
799
799
799
799
799
799
799
799
799
799
799
799
799
799
799
798.996
798.996
798.996
798.996
798.996
799
799
799
799
799
799
799
799
799
799
799
799
799
799
799
799
799
799
799
799
798.984
798.984
798.984
798.984
798.984
799
799
799
799
799
799
799
799
799
799
798.5
798.5
798.5
798.5
798.5
798.96
798.96
798.96
798.96
798.96
799
799
799
799
799
799
799
799
799
799
799
799
799
799
799
799
799
799
799
799
799
799
799
799
799
799
799
799
799
799
798.75
798.75
798.75
798.75
798.75
798.219
798.219
798.219
798.219
798.219
799
799
799
799
799
799
799
799
799
799
799
799
799
799
799
799
799
799
799
799
799
799
799
799
799
799
799
799
799
799
798.992
798.992
798.992
798.992
798.992
798.998
798.998
798.998
798.998
798.998
798.998
798.998
798.998
798.998
798.998
798.998
798.998
798.998
798.998
798.998
799
799
799
799
799
799
799
799
799
799
799
799
799
799
799
799
799
799
799
799
799
799
799
799
799
799
799
799
799
799
799
799
799
799
799
799
799
799
799
799
798.5
798.5
798.5
798.5
798.5
799
799
799
799
799
799
799
799
799
799
799
799
799
799
799
799
799
799
799
799
799
799
799
799
799
798.998
798.998
798.998
798.998
798.998
799
799
799
799
799
799
799
799
799
799
799
799
799
799
799
799
799
799
799
799
799
799
799
799
799
799
799
799
799
799
798.5
798.5
798.5
798.5
798.5
798.5
798.5
798.5
798.5
798.5
799
799
799
799
799
799
799
799
799
799
799
799
799
799
799
799
799
799
799
799
798.996
798.996
798.996
798.996
798.996
798.734
798.734
798.734
798.734
798.734
798.934
798.934
798.934
798.934
798.934
799
799
799
799
799
799
799
799
799
799
799
799
799
799
799
799
799
799
799
799
799
799
799
799
799
799
799
799
799
799
799
799
799
799
799
799
799
799
799
799
799
799
799
799
799
799
799
799
799
799
799
799
799
799
799
799
799
799
799
799
799
799
799
799
799
799
799
799
799
799
799
799
799
799
799
799
799
799
799
799
799
799
799
799
799
799
799
799
799
799
799
799
799
799
799
799
799
799
799
799
799
799
799
799
799
799
799
799
799
799
799
799
799
799
799
799
799
799
799
799
799
799
799
799
799
799
799
799
799
799
799
799
799
799
799
799
799
799
799
799
798.998
798.998
798.998
798.998
798.998
798.99
798.99
798.99
798.99
798.99
799
799
799
799
799
799
799
799
799
799
799
799
799
799
799
799
799
799
799
799
798.992
798.992
798.992
798.992
798.992
798.961
798.961
798.961
798.961
798.961
799
799
799
799
799
799
799
799
799
799
799
799
799
799
799
799
799
799
799
799
799
799
799
799
799
799
799
799
799
799
799
799
799
799
799
799
799
799
799
799
799
799
799
799
799
799
799
799
799
799
798.984
798.984
798.984
798.984
798.984
798.984
798.984
798.984
798.984
798.984
799
799
799
799
799
799
799
799
799
799
799
799
799
799
799
799
799
799
799
799
799
799
799
799
799
799
799
799
799
799
799
799
799
799
799
799
799
799
799
799
799
799
799
799
799
799
799
799
799
799
799
799
799
799
799
799
799
799
799
799
799
799
799
799
799
799
799
799
799
799
799
799
799
799
799
799
799
799
799
799
799
799
799
799
799
799
799
799
799
799
799
799
799
799
799
799
799
799
799
799
799
799
799
799
799
799
799
799
799
799
798.992
798.992
798.992
798.992
798.992
799
799
799
799
799
799
799
799
799
799
0
