0
0
0
0
605.938
605.938
605.938
605.938
605.938
603.063
603.063
603.063
603.063
603.063
488.615
488.615
488.615
488.615
488.615
543.578
543.578
543.578
543.578
543.578
584.937
584.937
584.937
584.937
584.937
173.703
173.703
173.703
173.703
173.703
457.703
457.703
457.703
457.703
457.703
378.516
378.516
378.516
378.516
378.516
567.594
567.594
567.594
567.594
567.594
427.377
427.377
427.377
427.377
427.377
713
713
713
713
713
617.625
617.625
617.625
617.625
617.625
494.131
494.131
494.131
494.131
494.131
691.227
691.227
691.227
691.227
691.227
669.813
669.813
669.813
669.813
669.813
533.555
533.555
533.555
533.555
533.555
541.57
541.57
541.57
541.57
541.57
715.443
715.443
715.443
715.443
715.443
506.927
506.927
506.927
506.927
506.927
584
584
584
584
584
370.059
370.059
370.059
370.059
370.059
558.039
558.039
558.039
558.039
558.039
417.5
417.5
417.5
417.5
417.5
630.25
630.25
630.25
630.25
630.25
601.213
601.213
601.213
601.213
601.213
499
499
499
499
499
271.685
271.685
271.685
271.685
271.685
718.188
718.188
718.188
718.188
718.188
469
469
469
469
469
588.868
588.868
588.868
588.868
588.868
525.973
525.973
525.973
525.973
525.973
428.137
428.137
428.137
428.137
428.137
430.608
430.608
430.608
430.608
430.608
533.375
533.375
533.375
533.375
533.375
633.359
633.359
633.359
633.359
633.359
532.375
532.375
532.375
532.375
532.375
460.141
460.141
460.141
460.141
460.141
721.896
721.896
721.896
721.896
721.896
567.145
567.145
567.145
567.145
567.145
425.273
425.273
425.273
425.273
425.273
297.334
297.334
297.334
297.334
297.334
646.016
646.016
646.016
646.016
646.016
476.283
476.283
476.283
476.283
476.283
430.453
430.453
430.453
430.453
430.453
527.734
527.734
527.734
527.734
527.734
528.362
528.362
528.362
528.362
528.362
630.629
630.629
630.629
630.629
630.629
363.188
363.188
363.188
363.188
363.188
654.297
654.297
654.297
654.297
654.297
402.313
402.313
402.313
402.313
402.313
688.043
688.043
688.043
688.043
688.043
446.203
446.203
446.203
449.781
449.781
404.406
404.406
404.406
404.406
404.406
493.257
493.257
493.257
493.257
493.257
568.609
568.609
568.609
568.609
568.609
514.75
514.75
514.75
514.75
514.75
442.281
442.281
442.281
442.281
442.281
384.422
384.422
384.422
384.422
384.422
324.25
324.25
324.25
324.25
324.25
530.875
530.875
530.875
530.875
530.875
540.996
540.996
540.996
540.996
540.996
550.301
550.301
550.301
550.301
550.301
475.023
475.023
475.023
475.023
475.023
486.648
486.648
486.648
486.648
486.648
590.481
590.481
590.481
590.481
590.481
496.625
496.625
496.625
496.625
496.625
540.5
540.5
540.5
540.5
540.5
342.646
342.646
342.646
342.646
342.646
568.523
568.523
568.523
568.523
568.523
395.828
395.828
395.828
395.828
395.828
533.438
533.438
533.438
533.438
533.438
550.469
550.469
550.469
550.469
550.469
514.5
514.5
514.5
514.5
514.5
462.539
462.539
462.539
462.539
462.539
366.633
366.633
366.633
366.633
366.633
467.804
467.804
467.804
467.804
467.804
430.328
430.328
430.328
430.328
430.328
460.477
460.477
460.477
460.477
460.477
583.426
583.426
583.426
583.426
583.426
652.489
652.489
652.489
652.489
652.489
673.306
673.306
673.306
673.306
673.306
310
310
310
310
310
414.102
414.102
414.102
414.102
414.102
476.875
476.875
476.875
476.875
476.875
350.574
350.574
350.574
350.574
350.574
366.033
366.033
366.033
366.033
366.033
380.375
380.375
380.375
380.375
380.375
349.578
349.582
349.582
349.582
349.582
584.25
584.25
584.25
584.25
584.25
513.376
513.376
513.376
513.376
513.376
437.586
437.586
437.586
437.586
437.586
313.034
313.034
313.034
313.034
313.034
539.813
539.813
539.813
539.813
539.813
540.908
540.908
540.908
540.908
540.908
636.688
636.688
636.688
636.688
636.688
385.461
385.461
385.461
385.461
385.461
602.663
602.663
602.663
602.663
618.201
420.227
420.227
420.227
420.227
420.227
565.813
565.813
565.813
565.813
565.813
638.836
638.836
638.836
638.836
638.836
213.898
213.898
213.898
213.898
213.898
521.568
521.568
521.568
521.568
521.568
489.916
489.916
489.916
489.916
489.916
460.656
460.656
460.656
460.656
460.656
522.781
522.781
522.781
522.781
522.781
720.819
720.819
720.819
720.819
720.819
569.779
569.779
569.779
569.779
569.779
528.347
528.347
528.347
528.347
528.347
528.932
528.932
528.932
528.932
528.932
541.844
541.844
541.844
541.844
541.844
559.766
559.766
559.766
559.766
559.766
607
607
607
607
607
463.625
463.625
463.625
463.625
463.625
494.938
494.938
494.938
494.938
494.938
301.555
301.555
301.555
301.555
301.555
569.567
569.567
569.567
569.567
569.567
550.138
550.138
550.138
550.138
550.138
548.479
548.479
548.479
548.479
548.479
590.5
590.5
590.5
590.5
590.5
663.925
663.925
663.925
663.925
663.925
510
510
510
510
510
636.438
636.438
636.438
636.438
636.438
603.67
603.67
603.67
603.67
603.67
448.543
448.543
448.543
448.543
448.543
651.529
651.529
651.529
651.529
651.529
583.313
583.313
583.313
583.313
583.313
376.593
376.593
376.593
376.593
376.593
318.281
318.281
318.281
318.281
318.281
317.359
317.359
317.359
317.359
317.359
420
420
420
420
420
345.158
345.158
345.158
345.158
345.158
509.714
509.714
509.714
509.714
509.714
420.125
420.125
420.125
420.125
420.125
351
351
351
351
351
0
0
0
0
0
592
592
592
592
592
449.938
449.938
449.938
449.938
449.938
325.576
325.576
325.576
325.576
325.576
685.984
685.984
685.984
685.984
685.984
545.656
545.656
545.656
545.656
545.656
356.891
356.891
356.891
356.891
356.891
664.531
664.531
664.531
664.531
664.531
547
547
547
547
547
542.25
542.25
542.25
542.25
542.25
540.313
540.313
540.313
540.313
540.313
625.387
625.387
625.387
625.387
625.387
284.204
284.204
284.204
284.204
284.204
589.646
589.646
589.646
589.646
589.646
434.25
434.25
434.25
434.25
434.25
620.25
620.25
620.25
620.25
620.25
558
558
558
558
558
387.159
387.159
387.159
387.159
387.159
397.383
397.383
397.383
397.383
397.383
490.875
490.875
490.875
490.875
490.875
561.766
561.766
561.766
561.766
561.766
665.608
665.608
665.608
665.608
665.608
252.5
252.5
252.5
252.5
252.5
635.859
635.859
635.859
635.859
635.859
414.211
414.211
414.211
414.211
414.211
419.594
419.594
419.594
419.594
419.594
408.613
408.613
408.613
408.613
408.613
465.875
465.875
465.875
465.875
465.875
676.313
676.313
676.313
676.313
676.313
468.75
468.75
468.75
468.75
468.75
225.578
225.578
225.578
225.578
225.578
417.516
417.516
417.516
417.516
417.516
393.1
393.1
393.1
393.1
393.1
613.535
613.535
613.535
613.535
613.535
610.5
610.5
610.5
610.5
610.5
309.234
309.234
309.234
309.234
309.234
569.344
569.344
569.344
569.344
569.344
367.498
367.498
367.498
367.498
367.498
613.207
613.207
613.207
613.207
613.207
420
420
420
420
420
294.16
294.16
294.16
294.16
294.16
512.406
512.406
512.406
512.406
512.406
467.201
467.201
467.201
467.201
467.201
480.754
480.754
480.754
480.754
480.754
659.875
659.875
659.875
659.875
659.875
644.469
644.469
644.469
644.469
644.469
484.977
484.977
484.977
484.977
484.977
511.665
511.665
511.665
511.665
511.665
636.304
636.304
636.304
636.304
636.304
525.688
525.688
525.688
525.688
525.688
281.297
281.297
281.297
281.297
281.297
442.766
442.766
442.766
442.766
442.766
383
383
383
383
383
440
440
440
440
440
547
547
547
547
547
542.5
542.5
542.5
542.5
542.5
413.488
413.488
413.488
413.488
413.488
510.222
510.222
510.222
510.222
510.222
534.398
534.398
534.398
534.398
534.398
443.938
443.938
443.938
443.938
443.938
250
250
250
250
250
705.031
705.031
705.031
705.031
705.031
625.03
625.03
625.03
625.03
625.03
390.875
390.875
390.875
390.875
390.875
449.5
449.5
449.5
449.5
449.5
589.324
589.324
589.324
589.324
589.324
371.063
371.063
371.063
371.063
371.063
372.203
372.203
372.203
372.203
372.203
626.093
626.093
626.093
626.093
626.093
543.25
543.25
543.25
543.25
543.25
528.25
528.25
528.25
528.25
528.25
232.313
232.313
232.313
232.313
232.313
333.853
333.853
333.853
333.853
333.853
572.688
572.688
572.688
572.688
572.688
459.75
459.75
459.75
459.75
459.75
600.375
600.375
600.375
600.375
600.375
360.512
360.512
360.512
360.512
360.512
267.625
267.625
267.625
267.625
267.625
515.168
515.168
515.168
515.168
515.168
658.57
658.57
658.57
658.57
658.57
322.75
322.75
322.75
322.75
322.75
471.438
471.438
471.438
471.438
471.438
607
607
607
607
607
593
593
593
593
593
465.781
465.781
465.781
465.781
465.781
500.285
500.285
500.285
500.285
500.285
709.047
709.047
709.047
709.047
709.047
471.906
471.906
471.906
471.906
471.906
626.75
626.75
626.75
626.75
626.75
538
538
538
538
538
395.798
395.798
395.798
395.798
395.798
401.84
401.84
401.84
401.84
401.84
365.719
365.719
365.719
365.719
365.719
422.813
422.813
422.813
422.813
422.813
475.594
475.594
475.594
475.594
475.594
300.402
300.402
300.402
300.402
300.402
335.277
335.277
335.277
335.277
335.277
348.586
348.586
348.586
348.586
348.586
516.578
516.578
516.578
516.578
516.578
587.869
587.869
587.869
587.869
587.869
492.95
492.95
492.95
492.95
492.95
447.781
447.781
447.781
447.781
447.781
599.198
599.198
599.198
599.198
599.198
444.75
444.75
444.75
444.75
444.75
590.535
590.535
590.535
590.535
590.535
425
425
425
425
425
599.148
599.148
599.148
599.148
599.148
602.375
602.375
602.375
602.375
602.375
714.469
714.469
714.469
714.469
714.469
639.563
639.563
639.563
639.563
639.563
745.669
745.669
745.669
745.669
745.669
499.586
499.586
499.586
499.586
499.586
690.202
690.202
690.202
690.202
690.202
349
349
349
349
349
653.174
653.174
653.174
653.174
653.174
523.101
523.101
523.101
523.101
523.101
630.819
630.819
630.819
630.819
630.819
322.566
322.566
322.566
322.566
322.566
565.234
565.234
565.234
565.234
565.234
415.094
415.094
415.094
415.094
415.094
425.36
425.36
425.36
425.36
425.36
551.031
551.031
551.031
551.031
551.031
528.225
528.225
528.225
528.225
528.225
628.57
628.57
628.57
628.57
628.57
530.734
530.734
530.734
530.734
530.734
403.992
403.488
403.488
403.488
403.488
488.881
488.881
488.881
488.881
488.881
280.758
280.758
280.758
280.758
280.758
553.25
553.25
553.25
553.25
553.25
651.231
651.231
651.231
651.231
651.231
656.5
656.5
656.5
656.5
656.5
650.646
650.646
650.646
650.646
650.646
347.344
347.344
347.344
347.344
347.344
668.225
668.225
668.225
668.225
668.225
338.313
338.313
338.313
338.313
338.313
533.641
533.641
533.641
533.641
533.641
577.31
577.31
577.31
577.31
577.31
230.203
230.203
230.203
230.203
230.203
195.014
195.014
195.014
195.014
195.014
342
342
342
342
342
531.9
531.9
531.9
531.9
531.9
631.063
631.063
631.063
631.063
631.063
523.938
523.938
523.938
523.938
523.938
604.547
604.547
604.547
604.547
604.547
433.125
433.125
433.125
433.125
433.125
486
486
486
486
486
430
430
430
430
430
499.984
499.984
499.984
499.984
499.984
589.5
589.5
589.5
589.5
589.5
452.75
452.75
452.75
452.75
452.75
659.551
659.551
659.551
659.551
659.551
552.969
552.969
552.969
552.969
552.969
456.043
456.043
456.043
456.043
456.043
664
664
664
664
664
519.611
519.611
519.611
519.611
519.611
344.242
344.242
344.242
344.242
344.242
550.344
550.344
550.344
550.344
550.344
426.48
426.48
426.48
426.48
426.48
420.5
420.5
420.5
420.5
420.5
746.201
746.201
746.201
746.201
746.201
328.75
328.75
328.75
328.75
328.75
524.059
524.059
524.059
524.059
524.059
469.688
469.688
469.688
469.688
469.688
532.185
532.185
532.185
532.185
532.185
672.024
672.024
672.024
672.024
672.024
318.582
318.582
318.582
318.582
318.582
589.125
589.125
589.125
589.125
589.125
556.664
556.664
556.664
556.664
556.664
184.844
184.844
184.844
184.844
184.844
332.041
332.041
332.041
332.041
332.041
504.41
504.41
504.41
504.41
504.41
635
635
635
635
635
540.906
540.906
540.906
540.906
540.906
500.034
500.034
500.034
500.034
500.034
417.246
417.246
417.246
417.246
417.246
357.5
357.5
357.5
357.5
357.5
662.063
662.063
662.063
662.063
662.063
710.719
710.719
710.719
710.719
710.719
634
634
634
634
634
539.098
539.098
539.098
539.098
539.098
618.895
618.895
618.895
618.895
618.895
633.219
633.219
633.219
633.219
633.219
666.109
666.109
666.109
666.109
666.109
582.807
582.807
582.807
582.807
582.807
605.469
605.469
605.469
605.469
605.469
530.266
530.266
530.266
530.266
530.266
269.896
269.896
269.896
269.896
269.896
637.211
637.211
637.211
637.211
637.211
687.188
687.188
687.188
687.188
687.188
513.941
513.941
513.941
513.941
513.941
504.75
504.75
504.75
504.75
504.75
566.567
566.567
566.567
566.567
566.567
269.313
269.313
269.313
269.313
269.313
355.5
355.5
355.5
355.5
355.5
629.906
629.906
629.906
629.906
629.906
388.875
388.875
388.875
388.875
388.875
689.64
689.64
689.64
689.64
689.64
579.732
579.732
579.732
579.732
579.732
343.406
343.406
343.406
343.406
343.406
675.977
675.977
675.977
675.977
675.977
536.596
536.596
536.596
536.596
536.596
676.711
676.711
676.711
676.711
676.711
464.5
464.5
464.5
464.5
464.5
556.594
556.594
556.594
556.594
556.594
509.224
509.224
509.224
509.224
509.224
589.625
589.625
589.625
589.625
589.625
447.141
447.141
447.141
447.141
447.141
290.055
290.055
290.055
290.055
290.055
558.375
558.375
558.375
558.375
558.375
461.719
461.719
461.719
461.719
461.719
612.123
612.123
612.123
612.123
612.123
508.212
508.212
508.212
508.212
508.212
334.167
334.167
334.167
334.167
334.167
596.906
596.906
596.906
596.906
596.906
441.641
441.641
441.641
441.641
441.641
648.523
648.523
648.523
648.523
648.523
401.25
401.25
401.25
401.25
401.25
528.068
528.068
528.068
528.068
528.068
507.836
507.836
507.836
507.836
507.836
422.654
422.654
422.654
422.654
422.654
624.395
624.395
624.395
624.395
624.395
587.398
587.398
587.398
587.398
587.398
605.969
605.969
605.969
605.969
605.969
432.585
432.585
432.585
432.585
432.585
493.25
493.25
493.25
493.25
493.25
589.5
589.5
589.5
589.5
589.5
294.719
294.719
294.719
294.719
294.719
266.705
266.705
266.705
266.705
266.705
318.672
318.672
318.672
318.672
318.672
467.67
467.67
467.67
467.67
467.67
525.906
525.906
525.906
525.906
525.906
436.547
436.547
436.547
436.547
436.547
464
464
464
464
464
365.875
365.875
365.875
365.875
365.875
473.125
473.125
473.125
473.125
473.125
406
406
406
406
406
386.656
386.656
386.656
386.656
386.656
498.195
498.195
498.195
498.195
498.195
619.547
619.547
619.547
619.547
619.547
635.941
635.941
635.941
635.941
635.941
535.311
535.311
535.311
535.311
535.311
562.188
562.188
562.188
562.188
562.188
558.625
558.625
558.625
558.625
558.625
642.063
642.063
642.063
642.063
642.063
581.277
581.277
581.277
581.277
581.277
464.375
464.375
464.375
464.375
464.375
600.805
600.805
600.805
600.805
600.805
616.344
616.344
616.344
616.344
616.344
526.219
526.219
526.219
526.219
526.219
619.297
619.297
619.297
619.297
619.297
408.242
408.242
408.242
408.242
408.242
539.273
539.273
539.273
539.273
539.273
375.697
375.697
375.697
375.697
375.697
461.625
461.625
461.625
461.625
461.625
379.25
379.25
379.25
379.25
379.25
390.942
390.942
390.942
390.942
390.942
531.797
531.797
531.797
531.797
531.797
393.432
393.432
393.432
393.432
393.432
419.289
419.289
419.289
419.289
419.289
498.008
498.008
498.008
498.008
498.008
433.504
433.504
433.504
433.504
433.504
469.039
469.039
469.039
469.039
469.039
600.281
600.281
600.281
600.281
600.281
663.25
663.25
663.25
663.25
663.25
657.229
657.229
657.229
657.229
657.229
727.625
727.625
727.625
727.625
727.625
547.277
547.277
547.277
547.277
547.277
493
493
493
493
493
401.648
401.648
401.648
401.648
401.648
282
282
282
282
282
446.321
446.321
446.321
446.321
446.321
331.125
331.125
331.125
331.125
331.125
253.415
252.501
252.501
252.501
252.501
388
388
388
388
388
469.244
469.244
469.244
469.244
469.244
514.715
514.715
514.715
514.715
514.715
500.852
500.852
500.852
500.852
500.852
624.5
624.5
624.5
624.5
624.5
513.053
513.053
513.053
513.053
513.053
689.359
689.359
689.359
689.359
689.359
524.438
524.438
524.438
524.438
524.438
548.26
548.26
548.26
548.26
548.26
479.484
479.484
479.484
479.484
479.484
440.645
440.645
440.645
440.645
440.645
427
427
427
427
427
395.438
395.438
395.438
395.438
395.438
661.205
661.205
661.205
661.205
661.205
507.398
507.398
507.398
507.398
507.398
496.844
496.844
496.844
496.844
496.844
611.75
611.75
611.75
611.75
611.75
518.625
518.625
518.625
518.625
518.625
520.329
520.329
520.329
520.329
520.329
507.145
507.145
507.145
507.145
507.145
445.539
445.539
445.539
445.539
445.539
409.685
409.685
409.685
409.685
409.685
446.724
446.724
446.724
446.724
446.724
503.09
503.09
503.09
503.09
503.09
568.828
568.828
568.828
568.828
568.828
477.25
477.25
477.25
477.25
477.25
640.5
640.5
640.5
640.5
640.5
471.344
471.344
471.344
471.344
471.344
357.375
357.375
357.375
357.375
357.375
391.094
391.094
391.094
391.094
391.094
665.031
665.031
665.031
665.031
665.031
653.289
653.289
653.289
653.289
653.289
478.935
478.935
478.935
478.935
478.935
589.234
589.234
589.234
589.234
589.234
642
642
642
642
642
684.34
684.34
684.34
684.34
684.34
495
495
495
495
495
313
313
313
313
313
282.734
282.734
282.734
282.734
282.734
642.531
642.531
642.531
642.531
642.531
305.847
305.847
305.847
305.847
305.847
589.381
589.381
589.381
589.381
589.381
510.625
510.625
510.625
510.625
510.625
422.947
422.947
422.947
422.947
422.947
692.459
692.459
692.459
692.459
692.459
530
530
530
530
530
481
481
481
481
481
505
505
505
505
505
411.24
411.24
411.24
411.24
411.24
589.875
589.875
589.875
589.875
589.875
383.68
383.68
383.68
383.68
383.68
612.48
612.48
612.48
612.48
612.48
560.098
560.098
560.098
560.098
560.098
709.25
709.25
709.25
709.25
709.25
573.875
573.875
573.875
573.875
573.875
576.611
576.611
576.611
576.611
576.611
679.063
679.063
679.063
679.063
679.063
648.375
648.375
648.375
648.375
648.375
605.376
605.376
605.376
605.376
605.376
138.277
138.277
138.277
138.277
138.277
713.625
713.625
713.625
713.625
713.625
534.582
534.582
534.582
534.582
534.582
700.269
700.269
700.269
700.269
700.269
594.766
594.766
594.766
594.766
594.766
644.425
644.425
644.425
644.425
644.425
330.939
330.939
330.939
330.939
330.939
729.426
729.426
729.426
729.426
729.426
425.905
425.905
425.905
425.905
425.905
538.607
538.607
538.607
538.607
538.607
634.011
634.011
634.011
634.011
634.011
345.75
345.75
345.75
345.75
345.75
562
562
562
562
562
488.688
488.688
488.688
488.688
488.688
584.75
584.75
584.75
584.75
584.75
567.75
567.75
567.75
567.75
567.75
229.938
229.938
229.938
229.938
229.938
239.547
239.547
239.547
239.547
239.547
484.422
484.422
484.422
484.422
484.422
375.5
375.5
375.5
375.5
375.5
608.5
608.5
608.5
608.5
608.5
337.661
337.661
337.661
337.661
337.661
390.696
390.696
390.696
390.696
390.696
378.792
378.792
378.792
378.792
378.792
698.297
698.297
698.297
698.297
698.297
260.625
260.625
260.625
260.625
260.625
241.455
241.455
241.455
241.455
241.455
679.979
679.979
679.979
679.979
679.979
414
414
414
414
414
563.281
563.281
563.281
563.281
563.281
597.469
597.469
597.469
597.469
597.469
522.938
522.938
522.938
522.938
522.938
625.359
625.359
625.359
625.359
625.359
581.438
581.438
581.438
581.438
581.438
569.063
569.063
569.063
569.063
569.063
518.527
518.527
518.527
518.527
518.527
677.5
677.5
677.5
677.5
677.5
620
620
620
620
620
734.459
734.459
734.459
734.459
734.459
276.188
276.188
276.188
276.188
276.188
518.455
518.455
518.455
518.455
518.455
308.063
308.063
308.063
308.063
308.063
219.063
219.063
219.063
219.063
219.063
366.667
366.667
366.667
366.667
366.667
620.828
620.828
620.828
620.828
620.828
350.649
350.649
350.649
350.649
350.649
597.844
597.844
695.688
695.688
695.688
723
723
723
723
723
670.285
670.285
670.285
670.285
670.285
315.309
315.309
315.309
315.309
315.309
656.813
656.813
656.813
656.813
656.813
552.563
552.563
552.563
552.563
552.563
450.625
450.625
450.625
450.625
450.625
556.802
556.802
556.802
556.802
556.802
694.062
694.062
694.062
694.062
694.062
611.539
611.539
611.539
623.266
623.266
418.625
418.625
418.625
418.625
418.625
532.25
532.25
532.25
532.25
532.25
675.906
675.906
675.906
675.906
675.906
522.173
522.173
522.173
522.173
522.173
518.355
518.355
518.355
518.355
518.355
431
431
431
431
431
518.072
518.072
518.072
518.072
518.072
377.475
377.475
377.475
377.475
377.475
440.226
440.226
440.226
440.226
440.226
704.941
704.941
704.941
704.941
704.941
520.188
520.188
520.188
520.188
520.188
438.175
438.175
438.175
438.175
438.175
369.79
369.79
369.79
369.79
369.79
340.875
340.875
340.875
340.875
340.875
514.092
514.092
514.092
514.092
514.092
449.676
449.676
449.676
449.676
449.676
430.875
430.875
430.875
430.875
430.875
486.125
486.125
486.125
486.125
486.125
613.703
613.703
613.703
613.703
613.703
348.392
348.392
348.392
348.392
348.392
676.938
676.938
676.938
676.938
676.938
735.797
735.797
735.797
735.797
735.797
437.364
437.364
437.364
437.364
437.364
389.875
389.875
389.875
389.875
389.875
316.062
316.062
316.062
316.062
316.062
614.162
614.162
614.162
614.162
614.162
533.836
533.836
533.836
533.836
533.836
347.281
347.281
347.281
347.281
347.281
426.959
426.959
426.959
426.959
426.959
370.5
370.5
370.5
370.5
370.5
676.938
676.938
676.938
676.938
676.938
472.4
472.4
472.4
472.4
472.4
370.526
370.526
370.526
370.526
370.526
458.75
458.75
458.75
458.75
458.75
518.406
518.406
518.406
518.406
518.406
476.5
476.5
476.5
476.5
476.5
177.84
177.84
177.84
177.84
177.84
503.172
503.172
503.172
503.172
503.172
700.125
700.125
700.125
700.125
700.125
514.453
514.453
514.453
514.453
514.453
327.234
327.234
327.234
327.234
327.234
744
744
744
744
744
610.25
610.25
610.25
610.25
610.25
527.239
527.239
527.239
527.239
527.239
530.031
530.031
530.031
530.031
530.031
646.473
646.473
646.473
646.473
646.473
523.375
523.375
523.375
523.375
523.375
695.755
695.755
695.755
695.755
695.755
631.406
631.406
631.406
631.406
631.406
273.445
273.445
273.445
273.445
273.445
383.25
383.25
383.25
383.25
383.25
360.551
360.551
360.551
360.551
360.551
405
405
405
405
405
396.604
396.604
396.604
396.604
396.604
646.725
646.725
646.725
646.725
646.725
493.953
493.953
493.953
493.953
493.953
506.453
506.453
506.453
506.453
506.453
355.383
355.383
355.383
355.383
355.383
390.651
390.651
390.651
390.651
390.651
592.25
592.25
592.25
592.25
592.25
610.5
610.5
610.5
610.5
610.5
529.5
529.5
529.5
529.5
529.5
619.25
619.25
619.25
619.25
619.25
500.977
500.977
500.977
500.977
500.977
513.969
513.969
513.969
513.969
513.969
344.419
344.419
344.419
344.419
344.419
495.547
495.547
495.547
495.547
495.547
289.25
289.25
289.25
289.25
289.25
255.233
255.233
255.233
255.233
255.233
597.806
597.806
597.806
597.806
597.806
476.973
476.973
476.973
476.973
476.973
519.436
519.436
519.436
519.436
519.436
593.188
593.188
593.188
593.188
593.188
550.239
550.239
550.239
550.239
550.239
574.317
574.317
574.317
574.317
574.317
426.766
426.766
426.766
426.766
426.766
420.063
420.063
420.063
420.063
420.063
252.563
252.563
252.563
252.563
252.563
644.875
644.875
644.875
644.875
644.875
503.881
503.881
503.881
503.881
503.881
476.445
476.445
476.445
476.445
476.445
371.25
371.25
371.25
371.25
371.25
629.085
629.085
629.085
629.085
629.085
447.75
447.75
447.75
447.75
447.75
564.57
564.57
564.57
564.57
564.57
648.5
648.5
648.5
648.5
648.5
530.601
530.601
530.601
530.601
530.601
558.462
558.462
558.462
558.462
558.462
496.5
496.5
496.5
496.5
496.5
616.289
616.289
616.289
616.289
616.289
323.141
323.141
323.141
323.141
323.141
721.006
721.006
721.006
721.006
721.006
431.234
431.234
431.234
431.234
431.234
469.342
469.342
469.342
469.342
469.342
328.273
328.273
328.273
328.273
328.273
381.069
381.069
381.069
381.069
381.069
613.75
613.75
613.75
613.75
613.75
506.766
506.766
506.766
506.766
506.766
620.086
620.086
620.086
620.086
620.086
316.561
316.561
316.561
316.561
316.561
537.239
537.239
537.239
537.239
537.239
493.868
493.868
493.868
493.868
493.868
582.375
582.375
582.375
582.375
582.375
646.281
646.281
646.281
646.281
646.281
366
366
366
366
366
501.5
501.5
501.5
501.5
501.5
621.531
621.531
621.531
621.531
621.531
379.813
379.813
379.813
379.813
379.813
429
429
429
429
429
280.175
280.175
280.175
280.175
280.175
665.659
665.659
665.659
665.659
665.659
467.5
467.5
467.5
467.5
467.5
330.081
330.081
330.081
330.081
330.081
521.536
521.536
521.536
521.536
521.536
454.041
454.041
454.041
454.041
454.041
521.969
521.969
521.969
521.969
521.969
453.777
453.777
453.777
453.777
453.777
304.438
304.438
304.438
304.438
304.438
371.719
371.719
371.719
371.719
371.719
501.945
501.945
501.945
501.945
501.945
514.263
514.263
514.263
514.263
514.263
693.859
693.859
693.859
693.859
693.859
236
236
236
236
236
687.638
687.638
687.638
687.638
687.638
591.25
591.25
591.25
591.25
591.25
700.406
700.406
700.406
700.406
700.406
682.843
682.843
682.843
682.843
682.843
370.967
370.967
370.967
370.967
370.967
755
755
755
755
755
660.188
660.188
660.188
660.188
660.188
410.125
410.125
410.125
410.125
410.125
654.059
654.059
654.059
654.059
654.059
663.148
663.148
663.148
663.148
663.148
471.494
471.494
471.494
471.494
471.494
457.629
457.629
457.629
457.629
457.629
625.969
625.969
625.969
625.969
625.969
650.313
650.313
650.313
650.313
650.313
345.094
345.094
345.094
345.094
345.094
641.059
641.059
641.059
641.059
641.059
543.031
543.031
543.031
543.031
543.031
529.063
529.063
529.063
529.063
529.063
681.813
681.813
681.813
681.813
681.813
539.09
539.09
539.09
539.09
539.09
248.5
248.5
248.5
248.5
248.5
604.443
604.443
604.443
604.443
604.443
484.84
484.84
484.84
484.84
484.84
665.5
665.5
665.5
665.5
665.5
651.531
651.531
651.531
651.531
651.531
691.349
691.349
691.349
691.349
691.349
587.34
587.34
587.34
587.34
587.34
696.256
696.256
696.256
696.256
696.256
666.18
666.18
666.18
666.18
666.18
535.281
535.281
535.281
535.281
535.281
584.25
584.25
584.25
584.25
584.25
378.893
378.893
378.893
378.893
378.893
338.196
338.196
338.196
338.196
338.196
431.828
431.828
431.828
431.828
431.828
0
0
0
0
0
604
604
604
604
604
590.694
590.694
590.694
590.694
590.694
431.125
431.125
431.125
431.125
431.125
614.115
614.115
614.115
614.115
614.115
570.141
570.141
570.141
570.141
570.141
646.75
646.75
646.75
646.75
646.75
542
542
542
542
542
523.59
523.59
523.59
523.59
523.59
651.625
651.625
651.625
651.625
651.625
524.74
524.74
524.74
524.74
524.74
347.75
347.75
347.75
347.75
347.75
630.25
630.25
630.25
630.25
630.25
614.973
614.973
614.973
614.973
614.973
648.5
648.5
648.5
648.5
648.5
584.106
584.106
584.106
584.106
584.106
506.25
506.25
506.25
506.25
506.25
341.647
341.647
341.647
341.647
341.647
713.107
713.107
713.107
713.107
713.107
520.141
520.141
520.141
520.141
520.141
500.5
500.5
500.5
500.5
500.5
530.414
530.414
530.414
530.414
530.414
565.313
565.313
565.313
565.313
565.313
478.086
478.086
478.086
478.086
478.086
519.75
519.75
519.75
519.75
519.75
355.406
355.406
355.406
355.406
355.406
712.241
712.241
712.241
712.241
712.241
607.559
607.559
607.559
607.559
607.559
210.547
210.547
210.547
210.547
210.547
354.1
354.1
354.1
354.1
354.1
699.338
699.338
699.338
699.338
699.338
411.659
411.659
411.659
411.659
411.659
393.944
393.944
393.944
393.944
393.944
470.602
470.602
470.602
470.602
470.602
606.706
606.706
606.706
606.706
606.706
648.561
648.561
648.561
648.561
648.561
368.277
368.277
368.277
368.277
368.277
431.346
431.346
431.346
431.346
431.346
314.242
314.242
314.242
314.242
314.242
281.656
281.656
281.656
281.656
281.656
290.5
290.5
290.5
290.5
290.5
543.24
543.24
543.24
543.24
543.24
480.5
480.5
480.5
480.5
480.5
600.75
600.75
600.75
600.75
600.75
537.375
537.375
537.375
537.375
537.375
591.75
591.75
591.75
591.75
591.75
462.688
462.688
462.688
462.688
462.688
774
774
774
774
774
603
603
603
603
603
758.188
758.188
758.188
758.188
758.188
166.938
166.938
166.938
166.938
166.938
539.267
539.267
539.267
539.267
539.267
576.484
576.484
576.484
576.484
576.484
429.5
429.5
429.5
429.5
429.5
532.571
532.571
532.571
532.571
532.571
537.922
537.922
537.922
537.922
537.922
392.789
392.789
392.789
392.789
392.789
519.187
519.187
519.187
519.187
519.187
635.808
635.808
635.808
635.808
635.808
527.945
527.453
527.453
527.453
527.453
703.85
703.85
703.85
703.85
703.85
517.208
517.208
513.415
513.415
513.415
681.297
681.297
681.297
681.297
681.297
483
483
483
483
483
556.907
556.907
556.907
556.907
556.907
532.609
532.609
532.609
532.609
532.609
340.242
340.242
340.242
340.242
340.242
382.373
382.373
382.373
382.373
382.373
449.063
449.063
449.063
449.063
449.063
459.25
459.25
459.25
459.25
459.25
630.125
630.125
630.125
630.125
630.125
466
466
466
466
466
536.609
536.609
536.609
536.609
536.609
492.969
492.969
492.969
492.969
492.969
505.188
505.188
505.188
505.188
505.188
445.625
445.625
445.625
445.625
445.625
445.418
445.418
445.418
445.418
445.418
516.623
516.623
516.623
516.623
516.623
540.688
540.688
540.688
540.688
540.688
376.796
376.796
376.796
376.796
376.796
532.5
532.5
532.5
532.5
532.5
640.129
640.129
640.129
640.129
640.129
699.938
699.938
699.938
699.938
699.938
743.25
743.25
743.25
743.25
743.25
417.5
417.5
417.5
417.5
417.5
546.74
546.74
546.74
546.74
546.74
448.359
448.359
448.359
448.359
448.359
647.453
647.453
647.453
647.453
647.453
617.932
617.932
617.932
617.932
617.932
744.662
744.662
744.662
744.662
744.662
617.352
617.352
617.352
617.352
617.352
701.099
701.099
701.099
701.099
701.099
577.844
577.844
577.844
577.844
577.844
688.438
688.438
688.438
688.438
688.438
571.5
571.5
571.5
571.5
571.5
513.125
513.125
513.125
513.125
513.125
675.383
675.383
675.383
675.383
675.383
480.207
480.207
480.207
480.207
480.207
473.691
473.691
473.691
473.691
473.691
541.5
541.5
541.5
541.5
541.5
645.375
645.375
645.375
645.375
645.375
480.125
480.125
480.125
480.125
480.125
405.78
405.78
405.78
405.78
405.78
414.608
414.608
414.608
414.608
414.608
521.84
521.84
521.84
521.84
521.84
335.75
335.75
335.75
335.75
335.75
366.094
366.094
366.094
366.094
366.094
255.148
255.148
255.148
255.148
255.148
487.699
487.699
487.699
487.699
487.699
295.652
295.652
295.652
295.652
295.652
793
793
793
793
793
677.077
677.077
677.077
677.077
677.077
747.813
747.813
747.813
747.813
747.813
526.415
526.415
526.415
526.415
526.415
586
586
586
586
586
279.75
279.75
279.75
279.75
279.75
598.5
598.5
598.5
598.5
598.5
362
362
362
362
362
289.938
289.938
289.938
289.938
289.938
296.125
296.125
296.125
296.125
296.125
534.811
534.811
534.811
534.811
534.811
483.605
483.605
483.605
483.605
483.605
273.604
273.604
273.604
273.604
273.604
513.563
513.563
513.563
513.563
513.563
490.844
490.844
490.844
490.844
490.844
712.99
713.018
713.018
713.018
713.018
371.766
371.766
371.766
371.766
371.766
607.752
607.752
607.752
607.752
607.752
628.973
628.973
628.973
628.973
628.973
494.18
494.18
494.18
494.18
494.18
537.232
537.232
537.232
537.232
537.232
284.701
284.701
284.701
284.701
284.701
527.156
527.156
527.156
527.156
527.156
692.965
692.965
692.965
692.965
692.965
662.492
662.492
662.492
662.492
662.492
409.664
409.664
409.664
409.664
409.664
566.69
566.69
566.69
566.69
566.69
513.469
513.469
513.469
513.469
513.469
478.012
478.012
478.012
478.012
478.012
705.031
705.031
705.031
705.031
705.031
407.25
407.25
407.25
407.25
407.25
437.875
437.875
437.875
437.875
437.875
745.5
745.5
745.5
745.5
745.5
545.901
545.901
545.901
545.901
545.901
593.758
593.758
593.758
593.758
593.758
685.5
685.5
685.5
685.5
685.5
410.465
410.465
410.465
410.465
410.465
459.344
459.344
459.344
459.344
459.344
477.891
477.891
477.891
477.891
477.891
531.5
531.5
531.5
531.5
531.5
430.055
430.055
430.055
430.055
430.055
453.656
453.656
453.656
453.656
453.656
627.803
627.803
627.803
627.803
627.803
544.766
544.766
544.766
544.766
544.766
635.688
635.688
635.688
635.688
635.688
581.203
581.203
581.203
581.203
581.203
632.162
632.162
632.162
632.162
632.162
433.396
433.396
433.396
433.396
433.396
589.188
589.188
589.188
589.188
589.188
319.768
319.768
319.768
319.768
319.768
353.75
353.75
353.75
353.75
353.75
536
536
536
536
536
531.016
531.016
531.016
531.016
531.016
414.5
414.5
414.5
414.5
414.5
291.266
291.266
291.266
291.266
291.266
382.656
382.656
382.656
382.656
382.656
523.5
523.5
523.5
523.5
523.5
619.441
619.441
619.441
619.441
619.441
516.174
516.174
516.174
516.174
516.174
531
531
531
531
531
465.25
465.25
465.25
465.25
465.25
566.094
566.094
566.094
566.094
566.094
678.977
678.977
678.977
678.977
678.977
572.012
572.012
572.012
572.012
572.012
424.949
424.949
424.949
424.949
424.949
179.25
179.25
179.25
179.25
179.25
419.139
419.139
419.139
419.139
419.139
485.656
485.656
485.656
485.656
485.656
529.813
529.813
529.813
529.813
529.813
647.498
647.498
647.498
647.498
647.498
374.436
374.436
374.436
374.436
374.436
521.422
521.422
521.422
521.422
521.422
274.149
274.149
274.149
274.149
274.149
573.369
573.369
573.369
573.369
573.369
542.125
542.125
542.125
542.125
542.125
620.641
620.641
620.641
620.641
620.641
567.601
567.601
567.601
567.601
567.601
503.375
503.375
503.375
503.375
503.375
499.5
499.5
499.5
499.5
499.5
450.272
450.272
450.272
450.272
450.272
633.741
633.741
633.741
633.741
633.741
649.006
649.006
649.006
649.006
649.006
511.32
511.32
511.32
511.32
511.32
648.344
648.344
648.344
648.344
648.344
582
582
582
582
582
544.891
544.891
544.891
544.891
544.891
522.289
522.289
522.289
522.289
522.289
738.391
738.391
738.391
738.391
738.391
118.592
118.592
118.592
118.592
118.592
526.031
526.031
526.031
526.031
526.031
744.109
744.109
744.109
744.109
744.109
631.398
631.398
631.398
631.398
631.398
610
610
610
610
610
512.427
512.427
512.427
512.427
512.427
238.719
238.719
238.719
238.719
238.719
610.25
610.25
610.25
610.25
610.25
543.891
543.891
543.891
543.891
543.891
651.313
651.313
651.313
651.313
651.313
553.172
553.172
553.172
553.172
553.172
434
434
434
434
434
651.605
651.605
651.605
651.605
651.605
383.5
383.5
383.5
383.5
383.5
609.75
609.75
609.75
609.75
609.75
359.68
359.68
359.68
359.68
359.68
623.076
623.076
623.076
623.076
623.076
656.438
656.438
656.438
656.438
656.438
641.344
641.344
641.344
641.344
641.344
278
278
278
278
278
559.188
559.188
559.188
559.188
559.188
575.08
575.08
575.08
575.08
575.08
641.798
641.798
641.798
641.798
641.798
478.688
478.688
478.688
478.688
478.688
288.625
288.625
288.625
288.625
288.625
545
545
545
545
545
551.336
551.336
551.336
551.336
551.336
508.625
508.625
508.625
508.625
508.625
266.764
266.764
266.764
266.764
266.764
572.27
572.27
572.27
572.27
572.27
484.594
484.594
484.594
484.594
484.594
534
534
534
534
534
525.97
525.97
525.97
525.97
525.97
705.188
705.188
705.188
705.188
705.188
537.5
537.5
537.5
537.5
537.5
411.125
411.125
411.125
411.125
411.125
692.75
692.75
692.75
692.75
692.75
579.5
579.5
579.5
579.5
579.5
496.156
496.156
496.156
496.156
496.156
333
333
333
333
333
694.251
694.251
694.251
694.251
694.251
444.189
444.189
444.189
444.189
444.189
693.756
693.756
693.756
693.756
693.756
661.125
661.125
661.125
661.125
661.125
387.313
387.313
387.313
387.313
387.313
626.906
626.906
626.906
626.906
626.906
547.844
547.844
547.844
547.844
547.844
377.094
377.094
377.094
377.094
377.094
453.417
453.417
453.417
453.417
453.417
406.584
406.584
406.584
406.584
406.584
315.359
315.359
315.359
315.359
315.359
562.938
562.938
562.938
562.938
562.938
514.156
514.156
514.156
514.156
514.156
654.234
654.234
654.234
654.234
654.234
446.93
446.93
446.93
446.93
446.93
286.834
286.834
286.834
286.834
286.834
504.826
504.826
504.826
504.826
504.826
268.148
268.148
268.148
268.148
268.148
731.808
731.808
731.808
731.808
731.808
732.275
732.275
732.275
732.275
732.275
651.929
651.929
651.929
651.929
651.929
698.431
698.431
698.431
698.431
698.431
729.14
729.14
729.14
729.14
729.14
657.789
657.789
657.789
657.789
657.789
681.469
681.469
681.469
681.469
681.469
495.078
495.078
495.078
495.078
495.078
523.25
523.25
523.25
523.25
523.25
633.875
633.875
633.875
633.875
633.875
680.75
680.75
680.75
680.75
680.75
548.813
548.813
548.813
548.813
548.813
309.732
309.732
309.732
309.732
309.732
683.68
683.68
683.68
683.68
683.68
544.742
544.742
544.742
544.742
544.742
395.687
395.687
395.687
395.687
395.687
531.063
531.063
531.063
531.063
531.063
419.453
419.453
419.453
419.453
419.453
314.234
314.234
314.234
314.234
314.234
650.25
650.25
650.25
650.25
650.25
504.137
504.137
504.137
504.137
504.137
629.547
629.547
629.547
629.547
629.547
281.625
281.625
281.625
281.625
281.625
420.986
420.986
420.986
420.986
420.986
600.439
600.439
600.439
600.439
600.439
485.699
485.699
485.699
485.699
485.699
499.648
499.648
499.648
499.648
499.648
704.5
704.5
704.5
704.5
704.5
575.135
575.135
575.135
575.135
575.135
525.89
525.89
525.89
525.89
525.89
309.688
309.688
309.688
309.688
309.688
363.875
363.875
363.875
363.875
363.875
649.75
649.75
649.75
649.75
649.75
653.25
653.25
653.25
653.25
653.25
532.604
532.604
532.604
532.604
532.604
430.321
430.321
430.321
430.321
430.321
379.357
379.357
379.357
379.357
379.357
538.249
538.249
538.249
538.249
538.249
524.818
524.818
524.818
524.818
524.818
496.75
496.75
496.75
496.75
496.75
451.713
451.713
451.713
451.713
451.713
738.339
738.339
738.339
738.339
738.339
553.563
553.563
553.563
553.563
553.563
345.899
345.899
345.899
345.899
345.899
429.566
429.566
429.566
429.566
429.566
462.66
462.273
462.273
462.273
462.273
267.516
267.516
267.516
267.516
267.516
428.148
428.148
428.148
428.148
428.148
623.297
623.297
626.657
626.657
626.657
596.156
596.156
596.156
596.156
596.156
371.369
371.369
371.369
371.369
371.369
358
358
358
358
358
572.439
572.439
572.439
572.439
572.439
346.5
346.5
346.5
346.5
346.5
494.641
494.641
494.641
494.641
494.641
464.94
464.94
464.94
464.94
464.94
619.552
619.552
619.552
619.552
619.552
610.492
610.492
610.492
610.492
610.492
350.719
350.719
350.719
350.719
350.719
592.309
592.309
583.867
583.867
583.867
704.984
704.984
704.984
704.984
704.984
557.938
557.938
557.938
557.938
557.938
244.82
244.82
244.82
244.82
244.82
624.214
624.214
624.214
624.214
624.214
293.362
293.362
293.362
293.362
293.362
0
