0
0
0
0
0
0
0
0
0
0
0
0
0
0
0
0
0
0
0
0
0
0
0
0
0
0
0
0
0
0
0
0
0
0
0
0
0
0
0
0
0
0
0
0
0
0
0
0
0
0
0
0
0
0
0
0
0
0
0
0
0
0
0
0
0
0
0
0
0
0
0
0
0
0
0
0
0
0
0
0
0
0
0
0
0
0
0
0
0
0
0
0
0
0
0
0
0
0
0
0
0
0
0
0
0
0
0
0
0
0
0
0
0
0
0
0
0
0
0
0
0
0
0
0
0
0
0
0
0
0
0
0
0
0
0
0
0
0
0
0
0
0
0
0
0
0
0
0
0
0
0
0
0
0
0
0
0
0
0
0
0
0
0
0
0
0
0
0
0
0
0
0
0
0
0
0
0
0
0
0
0
0
0
0
0
0
0
0
0
0
0
0
0
0
0
0
0
0
0
597.826
597.826
597.826
597.826
597.826
659.953
659.953
659.953
659.953
659.953
590.682
590.682
590.682
590.682
590.682
606.445
606.445
606.445
606.445
606.445
768.282
768.282
768.282
768.282
768.282
752.126
752.126
752.126
752.126
752.126
779.726
779.726
779.726
779.726
779.726
764.299
764.299
764.299
764.299
764.299
757.145
757.145
757.145
757.145
757.145
742.515
742.515
742.515
742.515
742.515
724.252
724.252
724.252
724.252
724.252
630.742
630.742
630.742
630.742
630.742
726.585
726.585
726.585
726.585
726.585
648.884
648.884
648.884
648.884
648.884
509.307
509.307
509.307
509.307
509.307
643.867
643.867
643.867
643.867
643.867
355.65
355.65
355.65
355.65
355.65
600.324
600.324
600.324
600.324
600.324
694.467
694.467
694.467
694.467
694.467
410.142
410.142
410.142
410.142
410.142
762.039
762.039
762.039
762.039
762.039
780.613
780.613
780.613
780.613
780.613
763.899
763.899
763.899
763.899
763.899
795.225
795.225
795.225
795.225
795.225
762.731
762.731
762.731
762.731
762.731
705.727
705.727
705.727
705.727
705.727
550.626
550.626
550.626
550.626
550.626
440.938
440.938
440.938
440.938
440.938
622.109
622.109
622.109
622.109
622.109
532.294
532.294
532.294
532.294
532.294
766.388
766.388
766.388
766.388
766.388
781.856
781.856
781.856
781.856
781.856
778.876
778.876
778.876
778.876
778.876
766.983
766.983
766.983
766.983
766.983
761.857
761.857
761.857
761.857
761.857
749.419
749.419
749.419
749.419
749.419
691.878
691.878
691.878
691.878
691.878
695.129
695.129
695.129
695.129
695.129
558.613
558.613
558.613
558.613
558.613
459.75
459.75
459.75
459.75
459.75
775.176
775.176
775.176
775.176
775.176
790.771
790.771
790.771
790.771
790.771
763.08
763.08
763.08
763.08
763.08
778.57
778.57
778.57
778.57
778.57
769.054
769.054
769.054
769.054
769.054
787.795
787.795
787.795
787.795
787.795
775.192
775.192
775.192
775.192
775.192
749.661
749.661
749.661
749.661
749.661
776.668
776.668
776.668
776.668
776.668
777.925
777.925
777.925
777.925
777.925
774.519
774.519
774.519
774.519
774.519
789.968
789.968
789.968
789.968
789.968
784.178
784.178
784.178
784.178
784.178
781.429
781.429
781.429
781.429
781.429
769.112
769.112
769.112
769.112
769.112
761.541
761.541
761.541
761.541
761.541
765.518
765.518
765.518
765.518
765.518
791.826
791.826
791.826
791.826
791.826
778.689
778.689
778.689
778.689
778.689
786.574
786.574
786.574
786.574
786.574
781.868
781.868
781.868
781.868
781.868
752.293
752.293
752.293
752.293
752.293
619.598
619.598
619.598
619.598
619.598
723.064
723.064
723.064
723.064
723.064
756.356
756.356
756.356
756.356
756.356
532.156
532.156
532.155
532.155
532.155
413.801
413.801
413.801
413.801
413.801
660.095
660.095
660.095
660.095
660.095
718.612
718.612
718.612
718.612
718.612
542.81
542.81
542.81
542.81
542.81
481.623
481.623
481.623
481.623
481.623
770.906
770.906
770.906
770.906
770.906
786.13
786.13
786.17
786.17
786.17
325.931
325.931
325.931
325.931
325.931
653.4
653.4
653.4
653.4
653.4
654.645
654.645
654.645
654.645
654.645
572.92
572.92
572.92
572.92
572.92
437.688
437.688
437.688
437.688
437.688
563.315
563.315
563.315
563.315
563.315
699.961
699.961
699.961
699.961
699.961
603.209
603.209
603.209
603.209
603.209
767.9
767.9
767.9
767.9
767.9
665.32
665.32
665.32
665.32
665.32
513.062
513.062
513.062
513.062
513.062
783.507
783.507
783.507
783.507
783.507
736.749
736.749
736.749
736.749
736.749
713.769
713.769
713.769
713.769
713.769
612.986
612.986
612.986
612.986
612.986
466.391
466.391
466.391
466.391
466.391
442.924
442.924
442.924
442.924
442.924
628.112
628.112
628.112
628.112
628.112
508.369
508.369
508.369
508.369
508.369
739.048
739.048
739.048
739.048
739.048
770.221
770.221
770.221
770.221
770.221
261.61
261.61
261.61
261.61
261.61
769.207
769.207
769.207
769.207
769.207
762.647
762.647
762.647
762.647
762.647
751.027
751.027
751.027
751.027
751.027
734.303
734.303
734.303
734.303
734.303
754.65
754.65
754.65
754.65
754.65
772.087
772.087
772.087
772.087
772.087
779.927
779.927
779.927
779.927
779.927
774.353
774.353
774.353
774.353
774.353
736.15
736.15
736.15
736.15
736.15
763.612
763.612
763.612
763.612
763.612
775.733
775.733
775.733
775.733
775.733
787.39
787.39
787.39
787.39
787.39
781.317
781.317
781.317
781.317
781.317
776.295
776.295
776.295
776.295
776.295
760.522
760.522
760.522
760.522
760.522
790.605
790.605
790.605
790.605
790.605
776.357
776.357
776.357
776.357
776.357
754.602
754.602
754.602
754.602
754.602
763.366
763.366
763.366
763.366
763.366
721.561
721.561
721.561
721.561
721.561
649.492
649.492
649.492
649.492
649.492
628.487
628.487
628.487
628.487
628.487
744.867
744.867
744.867
744.867
744.867
674.385
674.385
674.385
674.385
674.385
609.171
609.171
609.171
609.171
609.171
773.978
773.978
773.978
773.978
773.978
752.979
752.979
752.979
752.979
752.979
777.086
777.086
777.086
777.086
777.086
777.587
777.587
777.587
777.587
777.587
741.374
741.374
741.374
741.374
741.374
686.015
686.015
686.015
686.015
686.015
737.594
737.594
737.594
737.594
737.594
374.252
374.252
374.252
374.252
374.252
639.971
639.971
639.971
639.971
639.971
396.898
396.898
396.898
396.898
396.898
661.927
661.923
661.923
661.923
661.923
513.928
513.928
513.928
513.928
513.928
735.092
735.092
735.092
735.092
735.092
511.668
511.668
511.668
511.668
511.668
642.321
642.321
642.321
642.321
642.321
593.656
593.656
593.656
593.656
593.656
234.711
234.711
234.711
234.711
234.711
629.804
629.804
629.804
629.804
629.804
465.263
465.263
465.263
465.263
465.263
686.733
686.733
686.733
686.733
686.733
634.739
634.739
634.739
634.739
634.739
719.917
719.917
719.893
719.893
719.893
767.844
767.844
767.844
767.844
767.844
430.784
430.784
430.784
430.784
430.784
662.756
662.756
662.756
662.756
662.756
654.516
654.516
654.516
654.516
654.516
521.62
521.62
521.62
521.62
521.62
781.776
781.776
781.776
781.776
781.776
784.138
784.138
784.138
784.138
784.138
776.266
776.266
776.266
776.266
776.266
787.765
787.765
787.765
787.765
787.765
783.877
783.877
783.877
783.877
783.877
777.951
777.951
777.951
777.951
777.951
739.62
739.62
739.62
739.62
739.62
748.441
748.441
748.441
748.441
748.441
741.296
741.296
741.296
741.296
741.296
742.383
742.383
742.383
742.383
742.383
770.499
770.499
770.499
770.499
770.499
791.138
791.138
791.138
791.138
791.138
784.328
784.328
784.328
784.328
784.328
766.934
766.934
766.934
766.934
766.934
754.443
754.443
754.443
754.443
754.443
790.474
790.474
790.474
790.474
790.474
775.733
775.733
775.733
775.733
775.733
791.159
791.159
791.159
791.159
791.159
782.428
782.428
782.428
782.428
782.428
741.889
741.889
741.889
741.889
741.889
785.699
785.699
785.699
785.699
785.699
766.137
766.137
766.137
766.137
766.137
774.021
774.021
774.021
774.021
774.021
784.149
784.149
784.149
784.149
784.149
774.001
774.001
774.001
774.001
774.001
783.242
783.242
783.242
783.242
783.242
727.485
727.485
727.485
727.485
727.485
788.421
788.421
788.421
788.421
788.421
756.885
756.885
756.885
756.885
756.885
331.768
331.769
331.769
331.769
331.769
405.852
405.852
405.852
405.852
405.852
715.991
715.991
715.991
715.991
715.991
775.286
775.286
775.286
775.286
775.286
739.682
739.682
739.682
739.682
739.682
779.453
779.453
779.453
779.453
779.453
372.297
372.297
372.297
372.297
372.297
357.763
357.763
357.763
357.763
357.763
437.162
437.162
437.162
437.162
437.162
462.313
462.313
462.313
462.313
462.313
429.241
429.241
429.241
429.241
429.241
707.86
707.86
707.86
707.86
707.86
672.244
672.244
672.244
672.244
672.244
660.259
660.259
660.259
660.259
660.259
697.143
697.143
697.143
697.143
697.143
766.905
766.908
766.908
766.908
766.908
495.131
495.131
495.131
495.131
495.131
729.91
729.91
729.91
729.91
729.91
501.601
501.601
501.601
501.601
501.601
397.306
397.306
397.306
397.306
397.306
460.602
460.602
460.602
460.602
460.602
696.109
696.109
696.109
696.109
696.109
466.061
466.061
466.061
466.061
466.061
660.584
660.584
660.584
660.584
660.584
416.028
416.028
416.028
416.028
416.028
709.367
709.367
709.367
709.367
709.367
749.866
749.866
749.866
749.866
749.866
490.187
490.187
490.187
490.187
490.187
769.744
769.744
769.744
769.744
769.744
659.576
659.576
659.576
659.576
659.576
687.832
687.832
687.832
687.832
687.832
512.13
512.13
512.13
512.13
512.13
737.409
737.409
737.409
737.409
737.409
520.273
520.273
520.273
520.273
520.273
230.962
230.962
230.962
230.962
230.962
628.111
628.111
628.111
628.111
628.111
656.112
656.112
656.112
656.112
656.112
767.799
767.799
767.799
767.799
767.799
508.826
508.826
508.826
508.826
508.826
195.594
195.594
195.594
195.594
195.594
507.631
507.631
507.631
507.631
507.631
540.045
540.045
540.045
540.045
540.045
769.4
769.4
769.4
769.4
769.4
735.832
735.832
735.832
735.832
735.832
712.034
712.034
712.034
712.034
712.034
721.507
721.507
721.507
721.507
721.507
652.965
652.965
652.965
652.965
652.965
384.875
384.875
384.875
384.875
384.875
355.126
355.126
355.126
355.126
355.126
634.077
634.077
634.077
634.077
634.077
692.669
692.669
692.669
692.669
692.669
744.163
744.163
744.163
744.163
744.163
741.958
741.958
741.958
741.958
741.958
728.175
728.175
728.175
728.175
728.175
730.901
730.901
730.901
730.901
730.901
513.907
513.907
513.907
513.907
513.907
434.188
434.188
434.188
434.188
434.188
687.789
687.789
687.789
687.789
687.789
474.743
474.743
474.743
474.743
474.743
686.633
686.633
686.633
686.633
686.633
741.348
741.348
741.348
741.348
741.348
484.688
484.688
484.688
484.688
484.688
519.885
519.885
519.885
519.885
519.885
670.134
670.134
670.134
670.134
670.134
429.375
429.375
429.375
429.375
429.375
523.813
523.813
523.813
523.813
523.813
437.763
437.763
437.763
437.763
437.763
468.594
468.594
468.594
468.594
468.594
313.757
313.757
313.757
313.757
313.757
245.508
245.508
245.508
245.508
245.508
607.538
607.538
607.538
607.538
607.538
773.862
773.862
773.863
773.863
773.863
538.792
538.792
538.792
538.792
538.792
513.851
513.851
513.851
513.851
513.851
205.973
205.973
205.973
205.973
205.973
355.844
355.844
355.844
355.844
355.844
559.603
559.603
559.603
559.603
559.603
503.32
503.32
503.32
503.32
503.32
379.491
379.491
379.491
379.491
379.491
377.875
377.875
377.875
377.875
377.875
435.922
435.922
435.922
435.922
435.922
697.154
697.154
697.154
697.154
697.154
616.537
616.537
616.537
616.537
616.537
562.293
562.293
562.293
562.293
562.293
688.796
688.796
688.796
688.796
688.796
731.561
731.561
731.561
731.561
731.561
583.323
583.323
583.323
583.323
583.323
554.703
554.703
554.703
554.703
554.703
482.379
482.379
482.379
482.379
482.379
777.636
777.636
777.636
777.636
777.636
786.62
786.62
786.62
786.62
786.62
759.338
759.338
759.338
759.338
759.338
717.536
717.536
717.536
717.536
717.536
277.747
277.747
277.747
277.747
277.747
623.256
623.256
623.256
623.256
623.256
760.906
760.906
760.906
760.906
760.906
721.347
721.347
721.347
721.347
721.347
776.765
776.765
776.765
776.765
776.765
714.664
714.664
714.664
714.664
714.664
634.421
634.421
634.421
634.421
634.421
750.106
750.106
750.106
750.106
750.106
756.313
756.313
756.313
756.313
756.313
768.277
768.277
768.277
768.277
768.277
657.843
657.843
657.843
657.843
657.843
783.632
783.632
783.632
783.632
783.632
707.897
707.897
707.929
707.929
707.929
733.872
733.872
733.872
733.872
733.872
617.516
617.516
617.516
617.516
617.516
743.673
743.673
743.673
743.673
743.673
742.964
742.964
742.964
742.964
742.964
308.563
308.563
308.563
308.563
308.563
773.678
773.678
773.678
773.678
773.678
778.357
778.357
778.357
778.357
778.357
697.021
697.021
697.021
697.021
697.021
755.902
755.902
755.902
755.902
755.902
746.097
746.097
746.097
746.097
746.097
700.583
700.583
700.583
700.583
700.583
602.585
602.585
602.585
602.585
602.585
764.561
764.561
764.561
764.561
764.561
740.461
740.461
740.461
740.461
740.461
689.349
689.349
689.349
689.349
689.349
781.681
781.681
781.681
781.681
781.681
737.876
737.876
737.876
737.876
737.876
766.374
766.374
766.374
766.374
766.374
737.805
737.805
737.805
737.805
737.805
760.042
760.042
760.042
760.042
760.042
785.775
785.775
785.775
785.775
785.775
786.096
786.096
786.096
786.096
786.096
783.712
783.712
783.712
783.712
783.712
773.833
773.833
773.833
773.833
773.833
784.523
784.523
784.523
784.523
784.523
784.374
784.374
784.374
784.374
784.374
793.996
793.996
793.996
793.996
793.996
781.355
781.355
781.355
781.355
781.355
772.296
772.296
772.296
772.296
772.296
789.895
789.895
789.895
789.895
789.895
797.339
797.339
797.339
797.339
797.339
795.257
795.257
795.257
795.257
795.257
790.48
790.48
790.48
790.48
790.48
785.895
785.895
785.895
785.895
785.895
788.738
788.738
788.738
788.738
788.738
796.001
796.001
796.001
796.001
796.001
789.401
789.401
789.401
789.401
789.401
776.023
776.023
776.023
776.023
776.023
781.731
781.731
781.731
781.731
781.731
787.76
787.76
787.76
787.76
787.76
787.852
787.852
787.852
787.852
787.852
795.418
795.418
795.418
795.418
795.418
784.962
784.962
784.962
784.962
784.962
791.681
791.681
791.681
791.681
791.681
786.536
786.536
786.536
786.536
786.536
785.123
785.123
785.123
785.123
785.123
781.411
781.411
781.411
781.411
781.411
787.025
787.025
787.025
787.025
787.025
794.373
794.373
794.373
794.373
794.373
784.937
784.937
784.937
784.937
784.937
796.854
796.854
796.854
796.854
796.854
792.533
792.533
792.533
792.533
792.533
774.127
774.127
774.127
774.127
774.127
793.506
793.506
793.506
793.506
793.506
791.685
791.685
791.685
791.685
791.685
779.876
779.876
779.876
779.876
779.876
789.244
789.244
789.244
789.244
789.244
789.306
789.306
789.306
789.306
789.306
784.071
784.071
784.071
784.071
784.071
790.666
790.666
790.666
790.666
790.666
786.859
786.859
786.859
786.859
786.859
781.558
781.558
781.558
781.558
781.558
766.868
766.868
766.868
766.868
766.868
796.749
796.749
796.749
796.749
796.749
782.417
782.417
782.417
782.417
782.417
776.948
776.948
776.948
776.948
776.948
755.205
755.205
755.205
755.205
755.205
771.277
771.277
771.277
771.277
771.277
781.77
781.77
781.77
781.77
781.77
784.838
784.838
784.838
784.838
784.838
760.636
760.636
760.636
760.636
760.636
729.274
729.274
729.274
729.274
729.274
763.712
763.712
763.712
763.712
763.712
514.697
514.697
514.697
514.697
514.697
711.768
711.768
711.768
711.768
711.768
552.138
552.138
552.138
552.138
552.138
588.199
588.199
588.199
588.199
588.199
624.129
624.129
624.129
624.129
624.129
601.588
601.588
601.588
601.588
601.588
296.607
296.607
296.607
296.607
296.607
461.954
461.954
461.954
461.954
461.954
625.43
625.43
625.43
625.43
625.43
670.501
670.501
670.501
670.501
670.501
765.502
765.502
765.502
765.502
765.502
788.595
788.595
788.595
788.595
788.595
769.214
769.214
769.214
769.214
769.214
759.81
759.81
759.81
759.81
759.81
791.255
791.255
791.255
791.255
791.255
761.55
761.55
761.55
761.55
761.55
766.726
766.726
766.726
766.726
766.726
758.599
758.599
758.599
758.599
758.599
765.869
765.869
765.869
765.869
765.869
766.859
766.859
766.859
766.859
766.859
783.03
783.03
783.03
783.03
783.03
771.703
771.703
771.703
771.703
771.703
776.204
776.204
776.204
776.204
776.204
774.685
774.685
774.685
774.685
774.685
776.858
776.858
776.858
776.858
776.858
785.153
785.153
785.153
785.153
785.153
783.832
783.832
783.832
783.832
783.832
780.413
780.413
780.413
780.413
780.413
790.102
790.102
790.102
790.102
790.102
788.275
788.275
788.275
788.275
788.275
780.071
780.071
780.071
780.071
780.071
768.603
768.603
768.603
768.603
768.603
762.134
762.134
762.134
762.134
762.134
774.754
774.754
774.754
774.754
774.754
760.533
760.533
760.533
760.533
760.533
772.786
772.786
772.786
772.786
772.786
754.844
754.844
754.844
754.844
754.844
758.941
758.941
758.941
758.941
758.941
788.243
788.243
788.243
788.243
788.243
749.163
749.163
749.163
749.163
749.163
774.519
774.519
774.519
774.519
774.519
769.737
769.737
769.737
769.737
769.737
785.777
785.777
785.777
785.777
785.777
728.948
728.948
728.931
728.931
728.931
558.071
558.071
558.071
558.071
558.071
754.857
754.857
754.857
754.857
754.857
683.946
683.946
683.946
683.946
683.946
783.349
783.349
783.349
783.349
783.349
765.163
765.163
765.163
765.163
765.163
693.464
681.928
681.928
681.928
681.928
368.855
368.855
368.855
368.855
368.855
728.109
728.109
728.109
728.109
728.109
609.359
609.359
609.359
609.359
609.359
339.005
339.005
339.005
339.005
339.005
713.638
713.638
713.638
713.638
713.638
614.663
614.663
614.663
614.663
614.663
624.291
624.291
624.291
624.291
624.291
310.039
310.04
310.04
310.04
310.04
759.797
759.797
759.797
759.797
759.797
750.729
750.729
750.729
750.729
750.729
669.54
669.54
669.54
669.54
669.54
658.511
658.511
658.511
658.511
658.511
390.685
390.685
390.685
390.685
390.685
789.313
789.485
789.485
789.485
789.485
765.121
765.121
765.121
765.121
765.121
749.251
749.251
749.251
749.251
749.251
666.161
666.161
666.161
666.161
666.161
730.129
730.129
730.129
730.129
730.129
483.544
483.544
483.544
483.544
483.544
568.078
568.078
568.078
568.078
568.078
622.9
622.9
622.9
622.9
622.9
747.532
747.532
747.532
747.532
747.532
704.343
704.343
704.343
704.343
704.343
763.414
763.414
763.414
763.414
763.414
785.364
785.364
785.364
785.364
785.364
729.584
729.584
729.584
729.584
729.584
682.958
682.958
682.958
682.958
682.958
789.87
789.87
789.87
789.87
789.87
752.343
752.343
752.343
752.343
752.343
679.561
679.561
679.561
679.561
679.561
771.673
771.673
771.673
771.673
771.673
404.836
404.836
404.836
404.836
404.836
320.644
320.644
320.644
320.644
320.644
690.375
690.375
690.375
690.375
690.375
668.065
668.065
668.065
668.065
668.065
788.233
788.233
788.233
788.233
788.233
757.62
757.62
757.62
757.62
757.62
773.785
773.785
773.785
773.785
773.785
767.519
767.519
767.519
767.519
767.519
777.009
777.009
778.769
778.769
778.769
765.012
765.012
765.012
765.012
765.012
783.659
783.659
783.659
783.659
783.659
793.369
793.369
793.369
793.369
793.369
786.586
786.586
786.586
786.586
786.586
786.449
786.449
786.449
786.449
786.449
782.883
782.883
782.883
782.883
782.883
782.271
782.271
782.271
782.271
782.271
772.711
772.711
772.711
772.711
772.711
783.779
783.779
783.779
783.779
783.779
773.298
773.298
773.298
773.298
773.298
762.364
762.364
762.364
762.364
762.364
684.841
684.841
684.841
684.841
684.841
716.618
716.618
716.618
716.618
716.618
776.649
776.649
776.649
776.649
776.649
768.679
768.679
768.679
768.679
768.679
747.186
747.186
747.186
747.186
747.186
665.006
665.006
665.006
665.006
665.006
735.257
735.257
735.257
735.257
735.257
555.54
555.54
555.54
555.54
555.54
495.321
495.321
495.321
495.321
495.321
740.163
740.163
740.163
740.163
740.163
744.179
744.179
744.179
744.179
744.179
771.346
771.346
771.346
771.346
771.346
741.596
741.596
741.596
741.596
741.596
788.864
788.864
788.864
788.864
788.864
782.433
782.433
782.433
782.433
782.433
771.086
771.086
771.086
771.086
771.086
752.019
752.019
752.019
752.019
752.019
737.836
737.836
737.836
737.836
737.836
735.45
735.45
735.45
735.45
735.45
725.723
725.723
725.723
725.723
725.723
595.414
595.414
595.414
595.414
595.414
466.39
466.39
466.39
466.39
466.39
629.929
629.929
629.929
629.929
629.929
458.028
458.028
458.028
458.028
458.028
302.052
302.052
302.052
302.052
302.052
597.792
597.792
597.792
597.792
597.792
506.073
506.073
506.073
506.073
506.073
362.716
362.716
362.716
362.716
362.716
522.089
522.089
522.089
522.089
522.089
714.389
714.389
714.389
714.389
714.389
431.437
431.437
431.437
431.437
431.437
345.477
345.477
345.477
345.477
345.477
553.742
553.742
553.745
553.745
553.745
554.953
552.281
552.281
552.281
552.281
487.596
487.596
487.596
487.596
487.596
776.326
776.326
776.326
776.326
776.326
512.928
512.928
512.928
512.928
512.928
735.067
735.067
735.067
735.067
735.067
441.423
441.423
441.423
441.423
441.423
407.191
407.191
407.191
407.191
407.191
576.79
576.79
576.79
576.79
576.79
644.468
644.468
644.468
644.468
644.468
293.222
293.222
293.222
293.222
293.222
740.03
740.03
740.03
740.03
740.03
735.183
735.183
735.183
735.183
735.183
529.424
529.424
529.424
529.424
529.424
722.11
722.11
722.11
722.11
722.11
716.837
716.837
716.837
716.837
716.837
741.804
741.804
741.804
741.804
741.804
758.074
758.074
758.074
758.074
758.074
763.497
763.497
763.497
763.497
763.497
735.106
735.106
735.106
735.106
735.106
374.866
374.866
374.866
374.866
374.866
782.794
782.794
782.794
782.794
782.794
700.898
700.898
700.898
700.898
700.898
733.33
733.33
733.33
733.33
733.33
764.309
764.309
764.309
764.309
764.309
718.399
718.399
718.399
718.399
718.399
321.551
321.551
321.551
321.551
321.551
598.525
598.525
598.525
598.525
598.525
688.546
688.546
688.546
688.546
688.546
490.323
490.323
490.323
490.323
490.323
624.982
624.982
624.982
624.982
624.982
678.223
678.223
678.223
678.223
678.223
677.823
677.823
677.823
677.823
677.823
520.869
520.869
520.869
520.869
520.869
406.572
406.572
406.572
406.572
406.572
684.421
684.421
684.421
684.421
684.421
685.339
685.339
685.339
685.339
685.339
609.299
609.299
609.299
609.299
609.299
748.402
748.402
748.402
748.402
748.402
742.299
742.299
742.299
742.299
742.299
763.412
763.412
763.412
763.412
763.412
744.396
744.396
744.396
744.396
744.396
756.701
756.701
756.701
756.701
756.701
754.581
754.581
754.581
754.581
754.581
698.176
698.176
698.176
698.176
698.176
771.465
771.465
771.465
771.465
771.465
711.834
711.834
711.834
711.834
711.834
662.515
662.515
662.515
662.515
662.515
775.542
775.542
775.542
775.542
775.542
776.743
776.743
776.743
776.743
776.743
774.11
774.11
774.11
774.11
774.11
769.905
769.905
769.905
769.905
769.905
787.087
787.087
787.087
787.087
787.087
773.132
773.132
773.132
773.132
773.132
735.594
735.594
735.594
735.594
735.594
791.115
791.115
791.115
791.115
791.115
769.967
769.967
769.967
769.967
769.967
786.921
786.921
786.921
786.921
786.921
779.014
779.014
779.014
779.014
779.014
767.746
767.746
767.746
767.746
767.746
747.345
747.345
747.345
747.345
747.345
731.627
731.77
731.77
731.77
731.77
684.215
684.215
684.215
684.215
684.215
725.081
725.081
725.081
725.081
725.081
713.449
713.449
713.449
713.449
713.449
431.049
431.049
431.049
431.049
431.049
530.054
530.054
530.054
530.054
530.054
740.384
740.384
740.384
740.384
740.384
770.965
770.965
770.965
770.965
770.965
782.657
782.657
782.657
782.657
782.657
712.835
712.835
712.835
712.835
712.835
553.756
553.756
553.756
553.756
553.756
734.078
734.078
734.078
734.078
734.078
683.446
683.446
683.446
683.446
683.446
709.475
709.475
709.475
709.475
709.475
684.134
684.134
684.134
684.134
684.134
705.851
705.851
705.851
705.851
705.851
656.941
656.941
656.941
656.941
656.941
645.876
645.876
645.876
645.876
645.876
753.215
753.215
753.215
753.215
753.215
763.328
763.328
763.328
763.328
763.328
768.224
768.224
768.224
768.224
768.224
753.946
753.946
753.946
753.946
753.946
755.082
755.082
755.082
755.082
755.082
716.566
716.566
716.566
716.566
716.566
768.547
768.547
768.547
768.547
768.547
758.773
758.773
758.773
758.773
758.773
760.3
760.3
760.3
760.3
760.3
753.697
753.697
753.697
753.697
753.697
747.645
747.645
747.645
747.645
747.645
785.435
785.435
785.435
785.435
785.435
776.603
776.603
776.603
776.603
776.603
782.067
782.067
782.067
782.067
782.067
771.283
771.283
771.283
771.283
771.283
735.866
735.866
735.866
735.866
735.866
711.462
711.462
711.462
711.462
711.462
730.545
730.545
730.545
730.545
730.545
765.631
765.631
765.631
765.631
765.631
738.647
738.647
738.647
738.647
738.647
783.036
783.036
783.036
783.036
783.036
786.079
786.079
786.079
786.079
786.079
781.037
781.037
781.037
781.037
781.037
726.645
726.645
726.645
726.645
726.645
748.632
748.632
748.632
748.632
748.632
758.375
758.375
758.375
758.375
758.375
687.854
687.854
687.854
687.854
687.854
350.983
350.983
350.983
350.983
350.983
727.739
727.739
727.739
727.739
727.739
327.163
327.163
327.163
327.163
327.163
782.472
782.472
782.472
782.472
782.472
256.063
256.063
256.063
256.063
256.063
580.035
580.035
580.035
580.035
580.035
646.411
646.411
646.411
646.411
646.411
777.856
777.856
777.856
777.856
777.856
726.327
726.327
726.327
726.327
726.327
782.977
782.977
782.977
782.977
782.977
653.612
653.612
653.612
653.612
653.612
724.594
724.594
724.594
724.594
724.594
694.896
694.896
694.896
694.896
694.896
502.837
502.837
502.837
502.837
502.837
755.61
755.61
755.61
755.61
755.61
722.668
722.668
722.668
722.668
722.668
650.871
650.871
650.871
650.871
650.871
780.643
780.643
780.643
780.643
780.643
786.618
786.618
786.618
786.618
786.618
786.94
786.94
786.94
786.94
786.94
788.052
788.052
788.052
788.052
788.052
773.462
773.462
773.462
773.462
773.462
794.084
794.084
794.084
794.084
794.084
780.161
780.161
780.161
780.161
780.161
794.492
794.492
794.492
794.492
794.492
789.355
789.355
789.355
789.355
789.355
791.369
791.369
791.369
791.369
791.369
784.544
784.544
784.544
784.544
784.544
765.717
765.717
765.717
765.717
765.717
787.297
787.297
787.297
787.297
787.297
780.178
780.178
780.178
780.178
780.178
778.777
778.777
778.777
778.777
778.777
791.517
791.517
791.517
791.517
791.517
786.164
786.164
786.164
786.164
786.164
782.753
782.753
782.753
782.753
782.753
775.585
775.585
775.585
775.585
775.585
741.052
741.052
741.052
741.052
741.052
775.333
775.333
775.333
775.333
775.333
766.831
766.831
766.831
766.831
766.831
774.634
774.634
774.634
774.634
774.634
733.883
733.883
733.883
733.883
733.883
790.878
790.878
790.878
790.878
790.878
790.247
790.247
790.247
790.247
790.247
784.066
784.066
784.066
784.066
784.066
783.308
783.308
783.308
783.308
783.308
771.263
771.263
771.265
771.265
771.265
767.285
767.285
767.285
767.285
767.285
785.813
785.813
785.813
785.813
785.813
773.63
773.63
773.63
773.63
773.63
738.601
738.601
738.601
738.601
738.601
749.486
749.486
749.486
749.486
749.486
783.621
783.621
783.621
783.621
783.621
772.056
772.056
772.056
772.056
772.056
783.987
783.987
783.987
783.987
783.987
760.251
760.251
760.251
760.251
760.251
793.549
793.549
793.549
793.549
793.549
790.616
790.616
790.616
790.616
790.616
784.946
784.946
784.946
784.946
784.946
786.219
786.219
786.219
786.219
786.219
772.382
772.382
772.382
772.382
772.382
780.873
780.873
780.873
780.873
780.873
785.892
785.892
785.892
785.892
785.892
780.122
780.122
780.122
780.122
780.122
762.023
762.023
762.023
762.023
762.023
775.705
775.705
775.705
775.705
775.705
793.821
793.821
793.821
793.821
793.821
790.882
790.882
790.882
790.882
790.882
780.112
780.112
780.112
780.112
780.112
752.511
752.511
752.511
752.511
752.511
767.691
767.691
767.691
767.691
767.691
780.841
780.841
780.841
780.841
780.841
791.631
791.631
791.631
791.631
791.631
778.518
778.518
778.518
778.518
778.518
748.125
748.125
748.125
748.125
748.125
767.202
767.202
767.202
767.202
767.202
747.201
747.201
747.201
747.201
747.201
770.784
770.784
770.784
770.784
770.784
759.756
759.756
759.756
759.756
759.756
769.513
769.513
769.513
769.513
769.513
783.514
783.514
783.514
783.514
783.514
786.403
786.403
786.403
786.403
786.403
775.049
775.049
775.049
775.049
775.049
776.842
776.842
776.842
776.842
776.842
783.42
783.42
783.42
783.42
783.42
796.413
796.413
796.413
796.413
796.413
793.155
793.155
793.155
793.155
793.155
794.068
794.068
794.068
794.068
794.068
787.837
787.837
787.837
787.837
787.837
787.001
787.001
787.001
787.001
787.001
797.196
797.196
797.196
797.196
797.196
788.769
788.769
788.769
788.769
788.769
786.746
786.746
786.746
786.746
786.746
781.693
781.693
781.693
781.693
781.693
795.276
795.276
795.276
795.276
795.276
787.529
787.529
787.529
787.529
787.529
773.303
773.303
773.303
773.303
773.303
793.752
793.752
793.752
793.752
793.752
780.463
780.463
780.463
780.463
780.463
781.968
781.968
781.968
781.968
781.968
796.16
796.16
796.16
796.16
796.16
774.688
774.688
774.688
774.688
774.688
781.047
781.047
781.047
781.047
781.047
744.405
744.405
744.405
744.405
744.405
629.137
629.137
629.137
629.137
629.137
478.267
478.267
478.267
478.267
478.267
358.482
358.482
358.482
358.482
358.482
424.813
424.813
424.813
424.813
424.813
522.66
522.66
522.66
522.66
522.66
767.469
767.469
767.469
767.469
767.469
640.269
640.269
640.269
640.269
640.269
335.306
335.306
335.306
335.306
347.862
446.669
446.669
446.669
446.669
446.669
369.672
369.672
369.672
369.672
369.672
598.166
598.166
598.166
598.166
598.166
402.44
402.44
402.44
402.44
402.44
755.954
755.954
755.954
755.954
755.954
543.403
543.403
543.403
543.403
543.403
539.974
539.974
539.974
539.974
539.974
381.043
381.043
381.043
381.043
381.043
335.923
335.923
335.923
335.923
335.923
544.419
544.419
544.419
544.419
544.419
777.842
778.215
778.215
778.215
778.215
458.717
458.717
458.717
458.717
458.717
773.1
773.1
773.1
773.1
773.1
769.625
769.625
769.625
769.625
769.625
732.851
732.851
732.851
732.851
732.851
694.941
694.941
694.941
694.941
694.941
699.395
699.395
694.04
694.04
694.04
355.64
355.64
355.64
355.64
355.64
516.393
516.393
516.393
516.393
516.393
590.068
590.068
590.068
590.068
590.068
485.166
485.166
485.166
485.166
485.166
616.951
616.951
616.951
616.951
616.951
603.834
603.834
603.834
603.834
603.834
712.095
712.095
712.095
712.095
712.095
746.939
746.939
746.939
746.939
746.939
525.209
525.209
525.209
525.209
525.209
776.92
776.92
776.92
776.92
776.92
718.807
718.807
718.807
718.807
718.807
743.679
743.679
743.679
743.679
743.679
664.869
664.869
664.869
664.869
664.869
729.147
729.147
729.147
729.147
729.147
716.683
716.683
716.683
716.683
716.683
785.485
785.485
785.485
785.485
785.485
728.21
728.21
728.21
728.21
728.21
771.373
771.373
771.373
771.373
771.373
739.868
739.868
739.868
739.868
739.868
748.102
748.102
748.102
748.102
748.102
712.579
712.579
712.579
712.579
712.579
694.856
694.856
694.856
694.856
694.856
736.699
736.699
736.699
736.699
736.699
381.45
381.45
381.45
381.45
381.45
767.675
767.675
767.675
767.675
767.675
701.256
701.256
701.256
701.256
701.256
421.565
421.565
421.565
421.565
421.565
640.561
640.561
640.561
640.561
640.561
537.664
537.664
537.664
537.664
537.664
760.408
760.408
760.408
760.408
760.408
691.263
691.263
691.263
691.263
691.263
592.441
592.441
592.441
592.441
592.441
431.951
431.951
431.951
431.951
431.951
279.927
279.927
279.927
279.927
279.927
643.635
643.635
643.635
643.635
643.635
783.649
783.649
783.649
783.649
783.649
468.514
468.514
468.514
468.514
468.514
716.606
716.606
716.606
716.606
716.606
744.013
744.013
744.013
744.013
744.013
314.419
314.419
314.419
314.419
314.419
615.777
615.777
615.777
615.777
615.777
626.077
626.077
626.077
626.077
626.077
697.508
697.508
697.508
697.508
697.508
717.221
717.221
717.221
717.221
717.221
720.374
720.374
720.374
720.374
720.374
760.044
760.044
760.044
760.044
760.044
724.112
724.112
724.112
724.112
724.112
724.7
724.7
724.7
724.7
724.7
606.23
606.23
606.23
606.23
606.23
515.445
515.445
515.445
515.445
515.445
464.782
464.782
464.782
464.782
464.782
721.36
721.36
721.36
721.36
721.36
542.744
542.744
542.744
542.744
542.744
646.633
646.633
646.633
646.633
646.633
400.61
400.61
400.61
400.61
400.61
451.318
451.318
451.318
451.318
451.318
426.257
426.257
426.257
426.257
426.257
701.652
701.652
701.652
701.652
701.652
667.384
667.384
667.384
667.384
667.384
757.361
757.361
757.361
757.361
757.361
470.544
470.544
470.544
470.544
470.544
724.008
724.008
724.008
724.008
724.008
586.007
586.007
586.007
586.007
586.007
755.257
755.257
755.257
755.257
755.257
756.918
756.918
756.918
756.918
756.918
696.155
696.155
696.155
696.155
696.155
723.784
723.784
723.784
723.784
723.784
789.33
789.33
789.33
789.33
789.33
761.975
761.975
761.975
761.975
761.975
590.724
590.724
590.724
590.724
590.724
467.436
467.436
467.436
467.436
467.436
524.484
524.484
524.484
524.484
524.484
394.399
394.399
394.399
394.399
394.399
735.252
735.252
735.252
735.252
735.252
565.024
565.024
565.024
565.024
565.024
704.355
704.355
704.355
704.355
704.355
436.171
436.171
436.171
436.171
436.171
446.417
446.417
446.417
446.417
446.417
746.665
746.665
746.665
746.665
746.665
674.277
674.277
674.277
674.277
674.277
408.977
408.977
408.977
408.977
408.977
249.743
249.743
249.743
249.743
249.743
554.239
554.239
554.239
554.239
554.239
452.625
452.625
452.625
452.625
452.625
643.029
643.029
643.029
643.029
643.029
669.249
669.249
669.249
669.249
669.249
663.58
663.58
663.58
663.58
663.58
787.432
787.432
787.432
787.432
787.432
773.604
773.604
773.604
773.604
773.604
748.025
748.025
748.025
748.025
748.025
748.546
748.546
748.546
748.546
748.546
766.662
766.662
766.662
766.662
766.662
756.588
756.588
756.588
756.588
756.588
718.168
718.168
718.168
718.168
718.168
740.868
740.868
740.868
740.868
740.868
717.724
717.724
717.724
717.724
717.724
691.724
691.724
691.724
691.724
691.724
468.074
468.074
468.074
468.074
468.074
769.626
769.626
769.626
769.626
769.626
365.625
365.625
365.625
365.625
365.625
649.835
649.835
649.835
649.835
649.835
781.294
781.294
781.294
781.294
781.294
711.754
711.754
711.754
711.754
711.754
772.271
772.271
772.271
772.271
772.271
725.088
725.088
725.088
725.088
725.088
787.264
787.264
787.264
787.264
787.264
784.574
784.574
784.574
784.574
784.574
768.778
768.778
768.778
768.778
768.778
782.131
782.131
782.131
782.131
782.131
783.309
783.309
783.309
783.309
783.309
734.217
734.217
734.217
734.217
734.217
688.223
688.223
688.223
688.223
688.223
779.06
779.06
779.06
779.06
779.06
775.939
775.939
775.939
775.939
775.939
776.137
776.137
776.137
776.137
776.137
735.16
735.16
735.16
735.16
735.16
785.525
785.525
785.525
785.525
785.525
767.07
767.07
767.07
767.07
767.07
735.818
735.818
735.818
735.818
735.818
650.556
650.556
650.556
650.556
650.556
746.041
746.041
746.041
746.041
746.041
664.004
664.004
664.004
664.004
664.004
548.939
548.939
548.939
548.939
548.939
770.747
770.747
770.747
770.747
770.747
722.085
722.085
722.085
722.085
722.085
720.906
720.906
720.906
720.906
720.906
758.433
758.433
758.433
758.433
758.433
728.253
728.253
728.253
728.253
728.253
434.319
434.319
434.319
434.319
434.319
500.781
500.781
500.781
500.781
500.781
483.858
483.858
483.858
483.858
483.858
664.282
664.282
664.282
664.282
664.282
778.124
778.124
778.124
778.124
778.124
665.211
665.211
665.211
665.211
665.211
509.923
509.923
509.923
509.923
509.923
459.551
459.551
459.551
459.551
459.551
454.312
454.312
454.312
454.312
454.312
478.458
478.458
478.458
478.458
478.458
788.198
788.198
788.198
788.198
788.198
792.706
792.706
792.706
792.706
792.706
736.27
736.27
736.27
736.27
736.27
771.882
771.882
771.882
771.882
771.882
739.981
739.981
739.981
739.981
739.981
786.069
786.069
786.069
786.069
786.069
745.531
745.531
745.531
745.531
745.531
761.199
761.199
761.199
761.199
761.199
765.363
765.363
765.363
765.363
765.363
781.675
781.675
781.675
781.675
781.675
783.667
783.667
783.667
783.667
783.667
794.035
794.035
794.035
794.035
794.035
788.553
788.553
788.553
788.553
788.553
775.717
775.717
775.717
775.717
775.717
781.287
781.287
781.287
781.287
781.287
773.063
773.063
773.063
773.063
773.063
785.469
785.469
785.469
785.469
785.469
787.726
787.726
787.726
787.726
787.726
789.619
789.619
789.619
789.619
789.619
771.349
771.349
771.349
771.349
771.349
761.128
761.128
761.128
761.128
761.128
794.977
794.977
794.977
794.977
794.977
768.777
768.777
768.777
768.777
768.777
760.537
760.537
760.537
760.537
760.537
744.294
744.294
744.294
744.294
744.294
772.438
772.438
772.438
772.438
772.438
780.012
780.012
780.012
780.012
780.012
786.34
786.34
786.34
786.34
786.34
759.672
759.672
759.672
759.672
759.672
785.111
785.111
785.111
785.111
785.111
791.953
791.953
791.953
791.953
791.953
793.115
793.115
793.115
793.115
793.115
786.428
786.428
786.428
786.428
786.428
775.399
775.399
775.399
775.399
775.399
798.302
798.302
798.302
798.302
798.302
786.685
786.685
786.685
786.685
786.685
786.707
786.707
786.707
786.707
786.707
789.433
789.433
789.433
789.433
789.433
790.41
790.41
790.41
790.41
790.41
793.068
793.068
793.068
793.068
793.068
784.237
784.237
784.237
784.237
784.237
792.579
792.579
792.579
792.579
792.579
787.077
787.077
787.077
787.077
787.077
795.603
795.603
795.603
795.603
795.603
788.964
788.964
788.964
788.964
788.964
795.511
795.511
795.511
795.511
795.511
794.063
794.063
794.063
794.063
794.063
794.338
794.338
794.338
794.338
794.338
797.736
797.736
797.736
797.736
797.736
795.377
795.377
795.377
795.377
795.377
787.825
787.825
787.825
787.825
787.825
797.961
797.961
797.961
797.961
797.961
793.474
793.474
793.474
793.474
793.474
793.751
793.751
793.751
793.751
793.751
797.405
797.405
797.405
797.405
797.405
785.959
785.959
785.959
785.959
785.959
793.587
793.587
793.587
793.587
793.587
789.431
789.431
789.431
789.431
789.431
794.764
794.764
794.764
794.764
794.764
777.292
777.292
777.292
777.292
777.292
785.81
785.81
785.81
785.81
785.81
798.021
798.021
798.021
798.021
798.021
789.672
789.672
789.672
789.672
789.672
792.261
792.261
792.261
792.261
792.261
795.462
795.462
795.462
795.462
795.462
789.162
789.162
789.162
789.162
789.162
795.766
795.766
795.766
795.766
795.766
795.789
795.789
795.789
795.789
795.789
789.739
789.739
789.739
789.739
789.739
794.024
794.024
794.024
794.024
794.024
791.956
791.956
791.956
791.956
791.956
789.337
789.337
789.337
789.337
789.337
785.725
785.725
785.725
785.725
785.725
795.47
795.47
795.47
795.47
795.47
793.69
793.69
793.69
793.69
793.69
783.797
783.797
783.797
783.797
783.797
792.031
792.031
792.031
792.031
792.031
785.504
785.504
785.504
785.504
785.504
794.408
794.408
794.408
794.408
794.408
787.296
787.296
787.296
787.296
787.296
794.589
794.589
794.589
794.589
794.589
778.502
778.502
778.502
778.502
778.502
795.601
795.601
795.601
795.601
795.601
795.064
795.064
795.064
795.064
795.064
795.11
795.11
795.11
795.11
795.11
796.496
796.496
796.496
796.496
796.496
790.118
790.118
790.118
790.118
790.118
797.203
797.203
797.203
797.203
797.203
793.08
793.08
793.08
793.08
793.08
792.582
792.582
792.582
792.582
792.582
787.392
787.392
787.392
787.392
787.392
796.228
796.228
796.228
796.228
796.228
795.312
795.312
795.312
795.312
795.312
789.345
789.345
789.345
789.345
789.345
795.943
795.943
795.943
795.943
795.943
786.082
786.082
786.082
786.082
786.082
797.877
797.877
797.877
797.877
797.877
796.655
796.655
796.655
796.655
796.655
792.326
792.326
792.326
792.326
792.326
776.408
776.408
776.408
776.408
776.408
796.199
796.199
796.199
796.199
796.199
0
