0
0
0
0
481.032
481.032
482.736
482.736
482.736
537.073
537.073
537.073
537.073
537.073
603.345
603.345
603.345
603.345
603.345
275.468
275.468
275.468
275.468
275.468
703.72
703.72
703.72
703.72
703.72
677.992
677.992
677.992
677.992
677.992
774.014
774.014
774.014
774.014
774.014
794.79
794.79
794.79
794.79
794.79
790.286
790.286
790.286
790.286
790.286
775.399
775.399
775.399
775.399
775.399
788.051
788.051
788.051
788.051
788.051
784.698
784.698
784.698
784.698
784.698
757.524
757.524
757.524
757.524
757.524
785.374
785.374
785.374
785.374
785.374
779.061
779.061
779.061
779.061
779.061
789.787
789.787
789.787
789.787
789.787
793.497
793.497
793.497
793.497
793.497
776.39
776.39
776.39
776.39
776.39
777.248
777.248
777.248
777.248
777.248
797.879
797.879
797.879
797.879
797.879
784.873
784.873
784.873
784.873
784.873
790.521
790.521
790.521
790.521
790.521
797.169
797.169
797.169
797.169
797.169
795.908
795.908
795.908
795.908
795.908
791.041
791.041
791.041
791.041
791.041
793.8
793.8
793.8
793.8
793.8
792.426
792.426
792.426
792.426
792.426
794.226
794.226
794.226
794.226
794.226
795.606
795.606
795.606
795.606
795.606
794.326
794.326
794.326
794.326
794.326
793.979
793.979
793.979
793.979
793.979
793.17
793.17
793.17
793.17
793.17
794.454
794.454
794.454
794.454
794.454
792.032
792.032
792.032
792.032
792.032
796.685
796.685
796.685
796.685
796.685
794.533
794.533
794.533
794.533
794.533
793.146
793.146
793.146
793.146
793.146
791.201
791.201
791.201
791.201
791.201
788.987
788.987
788.987
788.987
788.987
783.975
783.975
783.975
783.975
783.975
796.334
796.334
796.334
796.334
796.334
796.438
796.438
796.438
796.438
796.438
793.256
793.256
793.256
793.256
793.256
797.915
797.915
797.915
797.915
797.915
793.388
793.388
793.388
793.388
793.388
794.11
794.11
794.11
794.11
794.11
797.758
797.758
797.758
797.758
797.758
794.985
794.985
794.985
794.985
794.985
797.914
797.914
797.914
797.914
797.914
797.445
797.445
797.445
797.445
797.445
796.355
796.355
796.355
796.355
796.355
796.289
796.289
796.289
796.289
796.289
793.745
793.745
793.745
793.745
793.745
793.237
793.237
793.237
793.237
793.237
793.99
793.99
793.99
793.99
793.99
797.698
797.698
797.698
797.698
797.698
798.035
798.035
798.035
798.035
798.035
797.609
797.609
797.609
797.609
797.609
797.851
797.851
797.851
797.851
797.851
793.53
793.53
793.53
793.53
793.53
792.546
792.546
792.546
792.546
792.546
797.982
797.982
797.982
797.982
797.982
792.169
792.169
792.169
792.169
792.169
790.795
790.795
790.795
790.795
790.795
798.207
798.207
798.207
798.207
798.207
796.586
796.586
796.586
796.586
796.586
796.12
796.12
796.12
796.12
796.12
798.341
798.341
798.341
798.341
798.341
797.825
797.825
797.825
797.825
797.825
794.657
794.657
794.657
794.657
794.657
797.676
797.676
797.676
797.676
797.676
792.679
792.679
792.679
792.679
792.679
793.84
793.84
793.84
793.84
793.84
797.71
797.71
797.71
797.71
797.71
796.555
796.555
796.555
796.555
796.555
795.017
795.017
795.017
795.017
795.017
796.356
796.356
796.356
796.356
796.356
797.575
797.575
797.575
797.575
797.575
795.512
795.512
795.512
795.512
795.512
797.994
797.994
797.994
797.994
797.994
797.045
797.045
797.045
797.045
797.045
795.495
795.495
795.495
795.495
795.495
798.088
798.088
798.088
798.088
798.088
798.033
798.033
798.033
798.033
798.033
796.745
796.745
796.745
796.745
796.745
798.655
798.655
798.655
798.655
798.655
795.928
795.928
795.928
795.928
795.928
795.252
795.252
795.252
795.252
795.252
796.937
796.937
796.937
796.937
796.937
795.979
795.979
795.979
795.979
795.979
793.916
793.916
793.916
793.916
793.916
798.1
798.1
798.1
798.1
798.1
796.591
796.591
796.591
796.591
796.591
796.292
796.292
796.292
796.292
796.292
798.425
798.425
798.425
798.425
798.425
797.361
797.361
797.361
797.361
797.361
795.858
795.858
795.858
795.858
795.858
797.78
797.78
797.78
797.78
797.78
797.65
797.65
797.65
797.65
797.65
795.644
795.644
795.644
795.644
795.644
798.869
798.869
798.869
798.869
798.869
798.222
798.222
798.222
798.222
798.222
796.906
796.906
796.906
796.906
796.906
797.713
797.713
797.713
797.713
797.713
797.576
797.576
797.576
797.576
797.576
796.631
796.631
796.631
796.631
796.631
798.352
798.352
798.352
798.352
798.352
796.657
796.657
796.657
796.657
796.657
797.567
797.567
797.567
797.567
797.567
798.799
798.799
798.799
798.799
798.799
798.884
798.884
798.884
798.884
798.884
797.847
797.847
797.847
797.847
797.847
798.172
798.172
798.172
798.172
798.172
798.413
798.413
798.413
798.413
798.413
796.784
796.784
796.784
796.784
796.784
798.527
798.527
798.527
798.527
798.527
798.057
798.057
798.057
798.057
798.057
797.398
797.398
797.398
797.398
797.398
798.591
798.591
798.591
798.591
798.591
797.509
797.509
797.509
797.509
797.509
796.2
796.2
796.2
796.2
796.2
798.28
798.28
798.28
798.28
798.28
797.36
797.36
797.36
797.36
797.36
794.605
794.605
794.605
794.605
794.605
798.962
798.962
798.962
798.962
798.962
797.598
797.598
797.598
797.598
797.598
797.244
797.244
797.244
797.244
797.244
798.277
798.277
798.277
798.277
798.277
797.534
797.534
797.534
797.534
797.534
795.987
795.987
795.987
795.987
795.987
798.994
798.994
798.994
798.994
798.994
797.9
797.9
797.9
797.9
797.9
795.885
795.885
795.885
795.885
795.885
798.982
798.982
798.982
798.982
798.982
797.639
797.639
797.639
797.639
797.639
796.37
796.37
796.37
796.37
796.37
798.668
798.668
798.668
798.668
798.668
798.507
798.507
798.507
798.507
798.507
797.891
797.891
797.891
797.891
797.891
798.374
798.374
798.374
798.374
798.374
797.871
797.871
797.871
797.871
797.871
796.116
796.116
796.116
796.116
796.116
798.992
798.992
798.992
798.992
798.992
798.326
798.326
798.326
798.326
798.326
796.846
796.846
796.846
796.846
796.846
797.685
797.685
797.685
797.685
797.685
798.355
798.355
798.355
798.355
798.355
796.351
796.351
796.351
796.351
796.351
797.832
797.832
797.832
797.832
797.832
796.683
796.683
796.683
796.683
796.683
796.159
796.159
796.159
796.159
796.159
798.647
798.647
798.647
798.647
798.647
798.016
798.016
798.016
798.016
798.016
797.56
797.56
797.56
797.56
797.56
798.25
798.25
798.25
798.25
798.25
797.492
797.492
797.492
797.492
797.492
794.905
794.905
794.905
794.905
794.905
798.93
798.93
798.93
798.93
798.93
797.056
797.056
797.056
797.056
797.056
796.398
796.398
796.398
796.398
796.398
797.984
797.984
797.984
797.984
797.984
798.75
798.75
798.75
798.75
798.75
797.954
797.954
797.954
797.954
797.954
798.176
798.176
798.176
798.176
798.176
797.606
797.606
797.606
797.606
797.606
797.319
797.319
797.319
797.319
797.319
798.684
798.684
798.684
798.684
798.684
797.212
797.212
797.212
797.212
797.212
795.275
795.275
795.275
795.275
795.275
798.418
798.418
798.418
798.418
798.418
798.104
798.104
798.104
798.104
798.104
797.517
797.517
797.517
797.517
797.517
797.558
797.558
797.558
797.558
797.558
797.303
797.303
797.303
797.303
797.303
796.402
796.402
796.402
796.402
796.402
798.39
798.39
798.39
798.39
798.39
797.517
797.517
797.517
797.517
797.517
795.914
795.914
795.914
795.914
795.914
797.968
797.968
797.968
797.968
797.968
797.347
797.347
797.347
797.347
797.347
797.026
797.026
797.026
797.026
797.026
798.159
798.159
798.159
798.159
798.159
796.637
796.637
796.637
796.637
796.637
796.02
796.02
796.02
796.02
796.02
798.477
798.477
798.477
798.477
798.477
797.125
797.125
797.125
797.125
797.125
797.559
797.559
797.559
797.559
797.559
798.78
798.78
798.78
798.78
798.78
797.787
797.787
797.787
797.787
797.787
796.338
796.338
796.338
796.338
796.338
798.12
798.12
798.12
798.12
798.12
798.33
798.33
798.33
798.33
798.33
797.342
797.342
797.342
797.342
797.342
798.168
798.168
798.168
798.168
798.168
798.212
798.212
798.212
798.212
798.212
796.659
796.659
796.659
796.659
796.659
798.352
798.352
798.352
798.352
798.352
797.261
797.261
797.261
797.261
797.261
795.728
795.728
795.728
795.728
795.728
798.843
798.843
798.843
798.843
798.843
796.937
796.937
796.937
796.937
796.937
797.944
797.944
797.944
797.944
797.944
798.686
798.686
798.686
798.686
798.686
798.368
798.368
798.368
798.368
798.368
797.747
797.747
797.747
797.747
797.747
798.875
798.875
798.875
798.875
798.875
797.197
797.197
797.197
797.197
797.197
796.193
796.193
796.193
796.193
796.193
798.922
798.922
798.922
798.922
798.922
798.447
798.447
798.447
798.447
798.447
798.021
798.021
798.021
798.021
798.021
798.499
798.499
798.499
798.499
798.499
797.792
797.792
797.792
797.792
797.792
797.253
797.253
797.253
797.253
797.253
798.873
798.873
798.873
798.873
798.873
798.701
798.701
798.701
798.701
798.701
796.758
796.758
796.758
796.758
796.758
798.37
798.37
798.37
798.37
798.37
798.044
798.044
798.044
798.044
798.044
797.74
797.74
797.74
797.74
797.74
798.835
798.835
798.835
798.835
798.835
798.757
798.757
798.757
798.757
798.757
798.426
798.426
798.426
798.426
798.426
798.444
798.444
798.444
798.444
798.444
798.092
798.092
798.092
798.092
798.092
797.838
797.838
797.838
797.838
797.838
798.499
798.499
798.499
798.499
798.499
797.902
797.902
797.902
797.902
797.902
797.165
797.165
797.165
797.165
797.165
798.893
798.893
798.893
798.893
798.893
797.027
797.027
797.027
797.027
797.027
796.098
796.098
796.098
796.098
796.098
798.669
798.669
798.669
798.669
798.669
798.392
798.392
798.392
798.392
798.392
797.251
797.251
797.251
797.251
797.251
798.369
798.369
798.369
798.369
798.369
797.524
797.524
797.524
797.524
797.524
796.375
796.375
796.375
796.375
796.375
798.991
798.991
798.991
798.991
798.991
798.973
798.973
798.973
798.973
798.973
798.61
798.61
798.61
798.61
798.61
798.977
798.977
798.977
798.977
798.977
797.94
797.94
797.94
797.94
797.94
798.006
798.006
798.006
798.006
798.006
798.864
798.864
798.864
798.864
798.864
798.049
798.049
798.049
798.049
798.049
797.681
797.681
797.681
797.681
797.681
798.922
798.922
798.922
798.922
798.922
798.7
798.7
798.7
798.7
798.7
798.18
798.18
798.18
798.18
798.18
798.742
798.742
798.742
798.742
798.742
798.025
798.025
798.025
798.025
798.025
798.47
798.47
798.47
798.47
798.47
798.998
798.998
798.998
798.998
798.998
798.743
798.743
798.743
798.743
798.743
798.02
798.02
798.02
798.02
798.02
798.925
798.925
798.925
798.925
798.925
797.81
797.81
797.81
797.81
797.81
797.731
797.731
797.731
797.731
797.731
798.687
798.687
798.687
798.687
798.687
798.498
798.498
798.498
798.498
798.498
797.629
797.629
797.629
797.629
797.629
798.687
798.687
798.687
798.687
798.687
797.819
797.819
797.819
797.819
797.819
797.177
797.177
797.177
797.177
797.177
798.967
798.967
798.967
798.967
798.967
797.554
797.554
797.554
797.554
797.554
796.748
796.748
796.748
796.748
796.748
798.34
798.34
798.34
798.34
798.34
798.139
798.139
798.139
798.139
798.139
797.96
797.96
797.96
797.96
797.96
798.969
798.969
798.969
798.969
798.969
798.641
798.641
798.641
798.641
798.641
798.281
798.281
798.281
798.281
798.281
798.976
798.976
798.976
798.976
798.976
798.502
798.502
798.502
798.502
798.502
797.994
797.994
797.994
797.994
797.994
798.984
798.984
798.984
798.984
798.984
798.857
798.857
798.857
798.857
798.857
798.436
798.436
798.436
798.436
798.436
798.996
798.996
798.996
798.996
798.996
798.433
798.433
798.433
798.433
798.433
798.668
798.668
798.668
798.668
798.668
798.5
798.5
798.5
798.5
798.5
798.09
798.09
798.09
798.09
798.09
797.92
797.92
797.92
797.92
797.92
798.964
798.964
798.964
798.964
798.964
798.005
798.005
798.005
798.005
798.005
797.875
797.875
797.875
797.875
797.875
799
799
799
799
799
798.952
798.952
798.952
798.952
798.952
798.605
798.605
798.605
798.605
798.605
798.928
798.928
798.928
798.928
798.928
798.738
798.738
798.738
798.738
798.738
798.332
798.332
798.332
798.332
798.332
798.492
798.492
798.492
798.492
798.492
798.359
798.359
798.359
798.359
798.359
798.254
798.254
798.254
798.254
798.254
798.844
798.844
798.844
798.844
798.844
798.749
798.749
798.749
798.749
798.749
798.193
798.193
798.193
798.193
798.193
798.496
798.496
798.496
798.496
798.496
798.384
798.384
798.384
798.384
798.384
798.379
798.379
798.379
798.379
798.379
798.615
798.615
798.615
798.615
798.615
798.599
798.599
798.599
798.599
798.599
797.849
797.849
797.849
797.849
797.849
798.992
798.992
798.992
798.992
798.992
798.367
798.367
798.367
798.367
798.367
798.301
798.301
798.301
798.301
798.301
799
799
799
799
799
798.475
798.475
798.475
798.475
798.475
798.445
798.445
798.445
798.445
798.445
798.998
798.998
798.998
798.998
798.998
798.922
798.922
798.922
798.922
798.922
798.957
798.957
798.957
798.957
798.957
798.742
798.742
798.742
798.742
798.742
798.578
798.578
798.578
798.578
798.578
797.952
797.952
797.952
797.952
797.952
799
799
799
799
799
798.968
798.968
798.968
798.968
798.968
798.714
798.714
798.714
798.714
798.714
798.5
798.5
798.5
798.5
798.5
797.968
797.968
797.968
797.968
797.968
798.357
798.357
798.357
798.357
798.357
799
799
799
799
799
798.5
798.5
798.5
798.5
798.5
798.495
798.495
798.495
798.495
798.495
798.999
798.999
798.999
798.999
798.999
798.497
798.497
798.497
798.497
798.497
797.726
797.726
797.726
797.726
797.726
799
799
799
799
799
798.953
798.953
798.953
798.953
798.953
798.846
798.846
798.846
798.846
798.846
798.5
798.5
798.5
798.5
798.5
798.322
798.322
798.322
798.322
798.322
797.935
797.935
797.935
797.935
797.935
799
799
799
799
799
798.991
798.991
798.991
798.991
798.991
798.991
798.991
798.991
798.991
798.991
798.992
798.992
798.992
798.992
798.992
798.496
798.496
798.496
798.496
798.496
797.988
797.988
797.988
797.988
797.988
798.992
798.992
798.992
798.992
798.992
798.715
798.715
798.715
798.715
798.715
798.448
798.448
798.448
798.448
798.448
799
799
799
799
799
798.374
798.374
798.374
798.374
798.374
797.687
797.687
797.687
797.687
797.687
799
799
799
799
799
798.937
798.937
798.937
798.937
798.937
798.466
798.466
798.466
798.466
798.466
798.875
798.875
798.875
798.875
798.875
798.311
798.311
798.311
798.311
798.311
797.811
797.811
797.811
797.811
797.811
799
799
799
799
799
798.988
798.988
798.988
798.988
798.988
798.22
798.22
798.22
798.22
798.22
798.999
798.999
798.999
798.999
798.999
799
799
799
799
799
798.249
798.249
798.249
798.249
798.249
798.984
798.984
798.984
798.984
798.984
798.405
798.405
798.405
798.405
798.405
798.745
798.745
798.745
798.745
798.745
798.994
798.994
798.994
798.994
798.994
798.494
798.494
798.494
798.494
798.494
798.978
798.978
798.978
798.978
798.978
798.863
798.863
798.863
798.863
798.863
798.664
798.664
798.664
798.664
798.664
798.152
798.152
798.152
798.152
798.152
798.498
798.498
798.498
798.498
798.498
798.058
798.058
798.058
798.058
798.058
797.781
797.781
797.781
797.781
797.781
798.984
798.984
798.984
798.984
798.984
798.963
798.963
798.963
798.963
798.963
798.173
798.173
798.173
798.173
798.173
798.375
798.375
798.375
798.375
798.375
798.375
798.375
798.375
798.375
798.375
798.297
798.297
798.297
798.297
798.297
799
799
799
799
799
798.936
798.936
798.936
798.936
798.936
798.291
798.291
798.291
798.291
798.291
798.999
798.999
798.999
798.999
798.999
798.999
798.999
798.999
798.999
798.999
798.996
798.996
798.996
798.996
798.996
798.875
798.875
798.875
798.875
798.875
798.874
798.874
798.874
798.874
798.874
798.755
798.755
798.755
798.755
798.755
799
799
799
799
799
798.141
798.141
798.141
798.141
798.141
797.964
797.964
797.964
797.964
797.964
798.966
798.966
798.966
798.966
798.966
798.712
798.712
798.712
798.712
798.712
798.715
798.715
798.715
798.715
798.715
798.875
798.875
798.875
798.875
798.875
798.734
798.734
798.734
798.734
798.734
798.621
798.621
798.621
798.621
798.621
798.5
798.5
798.5
798.5
798.5
798.242
798.242
798.242
798.242
798.242
798.1
798.1
798.1
798.1
798.1
799
799
799
799
799
798.234
798.234
798.234
798.234
798.234
798.367
798.367
798.367
798.367
798.367
799
799
799
799
799
798.844
798.844
798.844
798.844
798.844
798.828
798.828
798.828
798.828
798.828
799
799
799
799
799
798.374
798.374
798.374
798.374
798.374
798.369
798.369
798.369
798.369
798.369
799
799
799
799
799
798.984
798.984
798.984
798.984
798.984
798.468
798.468
798.468
798.468
798.468
798.748
798.748
798.748
798.748
798.748
798.497
798.497
798.497
798.497
798.497
798.239
798.239
798.239
798.239
798.239
798.5
798.5
798.5
798.5
798.5
798.5
798.5
798.5
798.5
798.5
798.425
798.425
798.425
798.425
798.425
799
799
799
799
799
798.992
798.992
798.992
798.992
798.992
798.465
798.465
798.465
798.465
798.465
799
799
799
799
799
798.75
798.75
798.75
798.75
798.75
797.997
797.997
797.997
797.997
797.997
799
799
799
799
799
798.718
798.718
798.718
798.718
798.718
798.163
798.163
798.163
798.163
798.163
799
799
799
799
799
799
799
799
799
799
798.994
798.994
798.994
798.994
798.994
799
799
799
799
799
799
799
799
799
799
798.492
798.492
798.492
798.492
798.492
799
799
799
799
799
798.937
798.937
798.937
798.937
798.937
798.918
798.918
798.918
798.918
798.918
799
799
799
799
799
798.625
798.625
798.625
798.625
798.625
798.124
798.124
798.124
798.124
798.124
798.969
798.969
798.969
798.969
798.969
798.984
798.984
798.984
798.984
798.984
798.459
798.459
798.459
798.459
798.459
799
799
799
799
799
799
799
799
799
799
798.664
798.664
798.664
798.664
798.664
799
799
799
799
799
798.998
798.998
798.998
798.998
798.998
798.746
798.746
798.746
798.746
798.746
798.871
798.871
798.871
798.871
798.871
798.992
798.992
798.992
798.992
798.992
798.87
798.87
798.87
798.87
798.87
799
799
799
799
799
798.732
798.732
798.732
798.732
798.732
798.732
798.732
798.732
798.732
798.732
798.875
798.875
798.875
798.875
798.875
798.499
798.499
798.499
798.499
798.499
798.373
798.373
798.373
798.373
798.373
798.996
798.996
798.996
798.996
798.996
798.87
798.87
798.87
798.87
798.87
798.788
798.788
798.788
798.788
798.788
798.984
798.984
798.984
798.984
798.984
798.997
798.997
798.997
798.997
798.997
798.928
798.928
798.928
798.928
798.928
799
799
799
799
799
798.983
798.983
798.983
798.983
798.983
798.867
798.867
798.867
798.867
798.867
798.874
798.874
798.874
798.874
798.874
798.494
798.494
798.494
798.494
798.494
798.959
798.959
798.959
798.959
798.959
799
799
799
799
799
799
799
799
799
799
798.124
798.124
798.124
798.124
798.124
799
799
799
799
799
799
799
799
799
799
798.999
798.999
798.999
798.999
798.999
799
799
799
799
799
798.5
798.5
798.5
798.5
798.5
798.469
798.469
798.469
798.469
798.469
798.75
798.75
798.75
798.75
798.75
798.499
798.499
798.499
798.499
798.499
798.362
798.362
798.362
798.362
798.362
798.996
798.996
798.996
798.996
798.996
798.996
798.996
798.996
798.996
798.996
798.672
798.672
798.672
798.672
798.672
799
799
799
799
799
799
799
799
799
799
798.367
798.367
798.367
798.367
798.367
798.983
798.983
798.983
798.983
798.983
798.976
798.976
798.976
798.976
798.976
798.842
798.842
798.842
798.842
798.842
799
799
799
799
799
798.625
798.625
798.625
798.625
798.625
798.491
798.491
798.491
798.491
798.491
799
799
799
799
799
799
799
799
799
799
799
799
799
799
799
799
799
799
799
799
799
799
799
799
799
798.812
798.812
798.812
798.812
798.812
798.875
798.875
798.875
798.875
798.875
798.686
798.686
798.686
798.686
798.686
798.545
798.545
798.545
798.545
798.545
799
799
799
799
799
799
799
799
799
799
798.934
798.934
798.934
798.934
798.934
799
799
799
799
799
798.968
798.968
798.968
798.968
798.968
798.963
798.963
798.963
798.963
798.963
799
799
799
799
799
799
799
799
799
799
798.498
798.498
798.498
798.498
798.498
799
799
799
799
799
799
799
799
799
799
798.968
798.968
798.968
798.968
798.968
799
799
799
799
799
799
799
799
799
799
798.75
798.75
798.75
798.75
798.75
799
799
799
799
799
798.984
798.984
798.984
798.984
798.984
798.921
798.921
798.921
798.921
798.921
799
799
799
799
799
799
799
799
799
799
798.918
798.918
798.918
798.918
798.918
799
799
799
799
799
799
799
799
799
799
798.937
798.937
798.937
798.937
798.937
799
799
799
799
799
798.875
798.875
798.875
798.875
798.875
798.623
798.623
798.623
798.623
798.623
799
799
799
799
799
799
799
799
799
799
799
799
799
799
799
798.875
798.875
798.875
798.875
798.875
798.624
798.624
798.624
798.624
798.624
798.621
798.621
798.621
798.621
798.621
799
799
799
799
799
798.937
798.937
798.937
798.937
798.937
798.806
798.806
798.806
798.806
798.806
799
799
799
799
799
799
799
799
799
799
799
799
799
799
799
799
799
799
799
799
798.988
798.988
798.988
798.988
798.988
798.487
798.487
798.487
798.487
798.487
798.998
798.998
798.998
798.998
798.998
798.498
798.498
798.498
798.498
798.498
798.373
798.373
798.373
798.373
798.373
799
799
799
799
799
799
799
799
799
799
798.875
798.875
798.875
798.875
798.875
799
799
799
799
799
798.684
798.684
798.684
798.684
798.684
798.66
798.66
798.66
798.66
798.66
798.984
798.984
798.984
798.984
798.984
798.797
798.797
798.797
798.797
798.797
798.835
798.835
798.835
798.835
798.835
799
799
799
799
799
798.75
798.75
798.75
798.75
798.75
798.982
798.982
798.982
798.982
798.982
798.969
798.969
798.969
798.969
798.969
798.933
798.933
798.933
798.933
798.933
798.433
798.433
798.433
798.433
798.433
799
799
799
799
799
799
799
799
799
799
798.5
798.5
798.5
798.5
798.5
798.75
798.75
798.75
798.75
798.75
798.75
798.75
798.75
798.75
798.75
799
799
799
799
799
799
799
799
799
799
799
799
799
799
799
799
799
799
799
799
798.999
798.999
798.999
798.999
798.999
798.965
798.965
798.965
798.965
798.965
798.929
798.929
798.929
798.929
798.929
799
799
799
799
799
799
799
799
799
799
798.998
798.998
798.998
798.998
798.998
799
799
799
799
799
798.938
798.938
798.938
798.938
798.938
798.936
798.936
798.936
798.936
798.936
799
799
799
799
799
799
799
799
799
799
798.999
798.999
798.999
798.999
798.999
799
799
799
799
799
798.75
798.75
798.75
798.75
798.75
798.75
798.75
798.75
798.75
798.75
799
799
799
799
799
798.977
798.977
798.977
798.977
798.977
798.995
798.995
798.995
798.995
798.995
799
799
799
799
799
799
799
799
799
799
798.922
798.922
798.922
798.922
798.922
799
799
799
799
799
799
799
799
799
799
798.965
798.965
798.965
798.965
798.965
798.984
798.984
798.984
798.984
798.984
798.961
798.961
798.961
798.961
798.961
798.92
798.92
798.92
798.92
798.92
799
799
799
799
799
799
799
799
799
799
799
799
799
799
799
799
799
799
799
799
799
799
799
799
799
798.5
798.5
798.5
798.5
798.5
798.998
798.998
798.998
798.998
798.998
798.994
798.994
798.994
798.994
798.994
798.96
798.96
798.96
798.96
798.96
798.875
798.875
798.875
798.875
798.875
798.934
798.934
798.934
798.934
798.934
798.98
798.98
798.98
798.98
798.98
799
799
799
799
799
799
799
799
799
799
798.875
798.875
798.875
798.875
798.875
799
799
799
799
799
799
799
799
799
799
798.5
798.5
798.5
798.5
798.5
799
799
799
799
799
798.988
798.988
798.988
798.988
798.988
798.982
798.982
798.982
798.982
798.982
799
799
799
799
799
799
799
799
799
799
799
799
799
799
799
799
799
799
799
799
799
799
799
799
799
799
799
799
799
799
798.998
798.998
798.998
798.998
798.998
798.993
798.993
798.993
798.993
798.993
798.997
798.997
798.997
798.997
798.997
799
799
799
799
799
798.984
798.984
798.984
798.984
798.984
798.75
798.75
798.75
798.75
798.75
799
799
799
799
799
799
799
799
799
799
798.75
798.75
798.75
798.75
798.75
799
799
799
799
799
799
799
799
799
799
798.969
798.969
798.969
798.969
798.969
799
799
799
799
799
799
799
799
799
799
799
799
799
799
799
799
799
799
799
799
799
799
799
799
799
798.98
798.98
798.98
798.98
798.98
799
799
799
799
799
799
799
799
799
799
799
799
799
799
799
798.984
798.984
798.984
798.984
798.984
798.996
798.996
798.996
798.996
798.996
799
799
799
799
799
799
799
799
799
799
799
799
799
799
799
798.749
798.749
798.749
798.749
798.749
799
799
799
799
799
799
799
799
799
799
799
799
799
799
799
799
799
799
799
799
799
799
799
799
799
798.5
798.5
798.5
798.5
798.5
799
799
799
799
799
799
799
799
799
799
799
799
799
799
799
799
799
799
799
799
798.5
798.5
798.5
798.5
798.5
798.5
798.5
798.5
798.5
798.5
799
799
799
799
799
798.998
798.998
798.998
798.998
798.998
798.998
798.998
798.998
798.998
798.998
799
799
799
799
799
799
799
799
799
799
798.999
798.999
798.999
798.999
798.999
799
799
799
799
799
799
799
799
799
799
799
799
799
799
799
799
799
799
799
799
799
799
799
799
799
799
799
799
799
799
799
799
799
799
799
798.5
798.5
798.5
798.5
798.5
798.496
798.496
798.496
798.496
798.496
799
799
799
799
799
799
799
799
799
799
798.996
798.996
798.996
798.996
798.996
799
799
799
799
799
798.999
798.999
798.999
798.999
798.999
799
799
799
799
799
799
799
799
799
799
799
799
799
799
799
798.992
798.992
798.992
798.992
798.992
799
799
799
799
799
799
799
799
799
799
798.5
798.5
798.5
798.5
798.5
799
799
799
799
799
798.469
798.469
798.469
798.469
798.469
798.437
798.437
798.437
798.437
798.437
799
799
799
799
799
799
799
799
799
799
798.436
798.436
798.436
798.436
798.436
799
799
799
799
799
798.75
798.75
798.75
798.75
798.75
798.742
798.742
798.742
798.742
798.742
799
799
799
799
799
799
799
799
799
799
798.461
798.461
798.461
798.461
798.461
799
799
799
799
799
799
799
799
799
799
798.5
798.5
798.5
798.5
798.5
799
799
799
799
799
799
799
799
799
799
798.742
798.742
798.742
798.742
798.742
799
799
799
799
799
799
799
799
799
799
799
799
799
799
799
799
799
799
799
799
798.984
798.984
798.984
798.984
798.984
798.969
798.969
798.969
798.969
798.969
799
799
799
799
799
798.984
798.984
798.984
798.984
798.984
798.967
798.967
798.967
798.967
798.967
799
799
799
799
799
799
799
799
799
799
799
799
799
799
799
799
799
799
799
799
799
799
799
799
799
798.5
798.5
798.5
798.5
798.5
799
799
799
799
799
799
799
799
799
799
799
799
799
799
799
799
799
799
799
799
799
799
799
799
799
798.937
798.937
798.937
798.937
798.937
799
799
799
799
799
799
799
799
799
799
798.875
798.875
798.875
798.875
798.875
799
799
799
799
799
799
799
799
799
799
799
799
799
799
799
799
799
799
799
799
799
799
799
799
799
798.996
798.996
798.996
798.996
798.996
799
799
799
799
799
799
799
799
799
799
798.938
798.938
798.938
798.938
798.938
799
799
799
799
799
799
799
799
799
799
799
799
799
799
799
799
799
799
799
799
799
799
799
799
799
799
799
799
799
799
799
799
799
799
799
799
799
799
799
799
798.875
798.875
798.875
798.875
798.875
799
799
799
799
799
799
799
799
799
799
798.75
798.75
798.75
798.75
798.75
799
799
799
799
799
799
799
799
799
799
798.938
798.938
798.938
798.938
798.938
798.996
798.996
798.996
798.996
798.996
798.898
798.898
798.898
798.898
798.898
798.805
798.805
798.805
798.805
798.805
799
799
799
799
799
799
799
799
799
799
798.999
798.999
798.999
798.999
798.999
799
799
799
799
799
798.998
798.998
798.998
798.998
798.998
798.968
798.968
798.968
798.968
798.968
799
799
799
799
799
799
799
799
799
799
799
799
799
799
799
799
799
799
799
799
798.75
798.75
798.75
798.75
798.75
798.749
798.749
798.749
798.749
798.749
799
799
799
799
799
799
799
799
799
799
799
799
799
799
799
799
799
799
799
799
799
799
799
799
799
798.998
798.998
798.998
798.998
798.998
799
799
799
799
799
799
799
799
799
799
799
799
799
799
799
799
799
799
799
799
798.969
798.969
798.969
798.969
798.969
798.967
798.967
798.967
798.967
798.967
799
799
799
799
799
799
799
799
799
799
798.75
798.75
798.75
798.75
798.75
799
799
799
799
799
799
799
799
799
799
798.875
798.875
798.875
798.875
798.875
799
799
799
799
799
799
799
799
799
799
799
799
799
799
799
799
799
799
799
799
798.5
798.5
798.5
798.5
798.5
798.875
798.875
798.875
798.875
798.875
799
799
799
799
799
799
799
799
799
799
799
799
799
799
799
799
799
799
799
799
799
799
799
799
799
798.996
798.996
798.996
798.996
798.996
798.998
798.998
798.998
798.998
798.998
798.996
798.996
798.996
798.996
798.996
798.996
798.996
798.996
798.996
798.996
799
799
799
799
799
799
799
799
799
799
799
799
799
799
799
799
799
799
799
799
799
799
799
799
799
799
799
799
799
799
799
799
799
799
799
799
799
799
799
799
798.5
798.5
798.5
798.5
798.5
799
799
799
799
799
799
799
799
799
799
799
799
799
799
799
799
799
799
799
799
799
799
799
799
799
799
799
799
799
799
799
799
799
799
799
799
799
799
799
799
799
799
799
799
799
799
799
799
799
799
799
799
799
799
799
799
799
799
799
799
799
799
799
799
799
799
799
799
799
799
798.5
798.5
798.5
798.5
798.5
799
799
799
799
799
799
799
799
799
799
799
799
799
799
799
799
799
799
799
799
799
799
799
799
799
799
799
799
799
799
799
799
799
799
799
799
799
799
799
799
799
799
799
799
799
799
799
799
799
799
799
799
799
799
799
798.992
798.992
798.992
798.992
798.992
799
799
799
799
799
799
799
799
799
799
798.961
798.961
798.961
798.961
798.961
799
799
799
799
799
799
799
799
799
799
799
799
799
799
799
799
799
799
799
799
799
799
799
799
799
799
799
799
799
799
799
799
799
799
799
799
799
799
799
799
799
799
799
799
799
799
799
799
799
799
799
799
799
799
799
799
799
799
799
799
799
799
799
799
799
798.999
798.999
798.999
798.999
798.999
798.998
798.998
798.998
798.998
798.998
799
799
799
799
799
799
799
799
799
799
799
799
799
799
799
799
799
799
799
799
799
799
799
799
799
799
799
799
799
799
799
799
799
799
799
799
799
799
799
799
798.998
798.998
798.998
798.998
798.998
799
799
799
799
799
799
799
799
799
799
798.875
798.875
798.875
798.875
798.875
799
799
799
799
799
799
799
799
799
799
799
799
799
799
799
799
799
799
799
799
799
799
799
799
799
799
799
799
799
799
799
799
799
799
799
799
799
799
799
799
799
799
799
799
799
799
799
799
799
799
799
799
799
799
799
799
799
799
799
799
799
799
799
799
799
798.992
798.992
798.992
798.992
798.992
798.734
798.734
798.734
798.734
798.734
799
799
799
799
799
799
799
799
799
799
798.965
798.965
798.965
798.965
798.965
799
799
799
799
799
799
799
799
799
799
798.75
798.75
798.75
798.75
798.75
799
799
799
799
799
799
799
799
799
799
799
799
799
799
799
799
799
799
799
799
799
799
799
799
799
799
799
799
799
799
799
799
799
799
799
799
799
799
799
799
799
799
799
799
799
799
799
799
799
799
799
799
799
799
799
799
799
799
799
799
799
799
799
799
799
799
799
799
799
799
799
799
799
799
799
799
799
799
799
799
799
799
799
799
799
799
799
799
799
799
799
799
799
799
799
799
799
799
799
799
799
799
799
799
799
799
799
799
799
799
799
799
799
799
799
799
799
799
799
799
799
799
799
799
799
799
799
799
799
799
798.996
798.996
798.996
798.996
798.996
799
799
799
799
799
799
799
799
799
799
799
799
799
799
799
799
799
799
799
799
799
799
799
799
799
799
799
799
799
799
799
799
799
799
799
799
799
799
799
799
799
799
799
799
799
799
799
799
799
799
799
799
799
799
799
799
799
799
799
799
799
799
799
799
799
799
799
799
799
799
798.5
798.5
798.5
798.5
798.5
799
799
799
799
799
799
799
799
799
799
799
799
799
799
799
799
799
799
799
799
799
799
799
799
799
799
799
799
799
799
799
799
799
799
799
799
799
799
799
799
798.984
798.984
798.984
798.984
798.984
799
799
799
799
799
799
799
799
799
799
799
799
799
799
799
799
799
799
799
799
799
799
799
799
799
799
799
799
799
799
799
799
799
799
799
799
799
799
799
799
799
799
799
799
799
799
799
799
799
799
799
799
799
799
799
798.938
798.938
798.938
798.938
798.938
799
799
799
799
799
799
799
799
799
799
798.998
798.998
798.998
798.998
798.998
799
799
799
799
799
799
799
799
799
799
799
799
799
799
799
799
799
799
799
799
799
799
799
799
799
799
799
799
799
799
799
799
799
799
799
799
799
799
799
799
799
799
799
799
799
798.996
798.996
798.996
798.996
798.996
798.996
798.996
798.996
798.996
798.996
798.992
798.992
798.992
798.992
798.992
799
799
799
799
799
799
799
799
799
799
799
799
799
799
799
799
799
799
799
799
799
799
799
799
799
799
799
799
799
799
799
799
799
799
799
799
799
799
799
799
799
799
799
799
799
799
799
799
799
799
799
799
799
799
799
799
799
799
799
799
799
799
799
799
799
799
799
799
799
799
799
799
799
799
799
799
799
799
799
799
799
799
799
799
799
798.938
798.938
798.938
798.938
798.938
799
799
799
799
799
799
799
799
799
799
798.969
798.969
798.969
798.969
798.969
799
799
799
799
799
799
799
799
799
799
799
799
799
799
799
799
799
799
799
799
799
799
799
799
799
799
799
799
799
799
799
799
799
799
799
799
799
799
799
799
799
799
799
799
799
0
