0
0
0
0
772.042
772.042
772.042
772.042
772.042
782.096
782.096
782.096
782.096
782.096
758.213
758.213
758.213
758.213
758.213
781.485
781.485
781.485
781.485
781.485
748.855
748.855
748.855
748.855
748.855
775.113
775.113
775.113
775.113
775.113
792.901
792.901
792.901
792.901
792.901
773.026
773.026
773.026
773.026
773.026
770.388
770.388
770.388
770.388
770.388
793.566
793.566
793.566
793.566
793.566
787.616
787.616
787.616
787.616
787.616
781.884
781.884
781.884
781.884
781.884
795.407
795.407
795.407
795.407
795.407
790.522
790.522
790.522
790.522
790.522
788.086
788.086
788.086
788.086
788.086
796.223
796.223
796.223
796.223
796.223
794.287
794.287
794.287
794.287
794.287
794.474
794.474
794.474
794.474
794.474
794
794
794
794
794
792.04
792.04
792.04
792.04
792.04
793.368
793.368
793.368
793.368
793.368
795.363
795.363
795.363
795.363
795.363
788.726
788.726
788.726
788.726
788.726
790.284
790.284
790.284
790.284
790.284
796.041
796.041
796.041
796.041
796.041
794.642
794.642
794.642
794.642
794.642
793.894
793.894
793.894
793.894
793.894
796.739
796.739
796.739
796.739
796.739
793.209
793.209
793.209
793.209
793.209
794.75
794.75
794.75
794.75
794.75
796.261
796.261
796.261
796.261
796.261
794.598
794.598
794.598
794.598
794.598
792.109
792.109
792.109
792.109
792.109
795.309
795.309
795.309
795.309
795.309
797.587
797.587
797.587
797.587
797.587
791.718
791.718
791.718
791.718
791.718
797.968
797.968
797.968
797.968
797.968
796.791
796.791
796.791
796.791
796.791
794.415
794.415
794.415
794.415
794.415
797.831
797.831
797.831
797.831
797.831
794.751
794.751
794.751
794.751
794.751
794.582
794.582
794.582
794.582
794.582
797.191
797.191
797.191
797.191
797.191
795.596
795.596
795.596
795.596
795.596
793.957
793.957
793.957
793.957
793.957
796.334
796.334
796.334
796.334
796.334
796.077
796.077
796.077
796.077
796.077
794.711
794.711
794.711
794.711
794.711
796.088
796.088
796.088
796.088
796.088
795.16
795.16
795.16
795.16
795.16
795.932
795.932
795.932
795.932
795.932
798.805
798.805
798.805
798.805
798.805
797.22
797.22
797.22
797.22
797.22
796.161
796.161
796.161
796.161
796.161
798.057
798.057
798.057
798.057
798.057
796.767
796.767
796.767
796.767
796.767
795.58
795.58
795.58
795.58
795.58
796.619
796.619
796.619
796.619
796.619
795.753
795.753
795.753
795.753
795.753
794.978
794.978
794.978
794.978
794.978
797.526
797.526
797.526
797.526
797.526
796.173
796.173
796.173
796.173
796.173
794.733
794.733
794.733
794.733
794.733
798.095
798.095
798.095
798.095
798.095
798.069
798.069
798.069
798.069
798.069
796.672
796.672
796.672
796.672
796.672
798.109
798.109
798.109
798.109
798.109
796.346
796.346
796.346
796.346
796.346
792.716
792.716
792.716
792.716
792.716
798.725
798.725
798.725
798.725
798.725
798.312
798.312
798.312
798.312
798.312
796.548
796.548
796.548
796.548
796.548
798.321
798.321
798.321
798.321
798.321
798.223
798.223
798.223
798.223
798.223
797.24
797.24
797.24
797.24
797.24
798.418
798.418
798.418
798.418
798.418
796.484
796.484
796.484
796.484
796.484
795.54
795.54
795.54
795.54
795.54
798.447
798.447
798.447
798.447
798.447
797.546
797.546
797.546
797.546
797.546
796.589
796.589
796.589
796.589
796.589
798.328
798.328
798.328
798.328
798.328
797.647
797.647
797.647
797.647
797.647
795.84
795.84
795.84
795.84
795.84
798.869
798.869
798.869
798.869
798.869
798.599
798.599
798.599
798.599
798.599
797.105
797.105
797.105
797.105
797.105
798.581
798.581
798.581
798.581
798.581
797.688
797.688
797.688
797.688
797.688
797.172
797.172
797.172
797.172
797.172
798.372
798.372
798.372
798.372
798.372
798.176
798.176
798.176
798.176
798.176
797.496
797.496
797.496
797.496
797.496
798.355
798.355
798.355
798.355
798.355
797.851
797.851
797.851
797.851
797.851
797.297
797.297
797.297
797.297
797.297
798.625
798.625
798.625
798.625
798.625
797.114
797.114
797.114
797.114
797.114
796.774
796.774
796.774
796.774
796.774
797.375
797.375
797.375
797.375
797.375
797.292
797.292
797.292
797.292
797.292
796.184
796.184
796.184
796.184
796.184
798.17
798.17
798.17
798.17
798.17
798.007
798.007
798.007
798.007
798.007
797.202
797.202
797.202
797.202
797.202
798.234
798.234
798.234
798.234
798.234
797.099
797.099
797.099
797.099
797.099
796.379
796.379
796.379
796.379
796.379
798.964
798.964
798.964
798.964
798.964
798.085
798.085
798.085
798.085
798.085
793.035
793.035
793.035
793.035
793.035
798.936
798.936
798.936
798.936
798.936
797.821
797.821
797.821
797.821
797.821
797.549
797.549
797.549
797.549
797.549
798.749
798.749
798.749
798.749
798.749
796.671
796.671
796.671
796.671
796.671
796.461
796.461
796.461
796.461
796.461
797.244
797.244
797.244
797.244
797.244
796.974
796.974
796.974
796.974
796.974
796.339
796.339
796.339
796.339
796.339
798.949
798.949
798.949
798.949
798.949
797.739
797.739
797.739
797.739
797.739
796.916
796.916
796.916
796.916
796.916
798.927
798.927
798.927
798.927
798.927
798.424
798.424
798.424
798.424
798.424
797.251
797.251
797.251
797.251
797.251
798.929
798.929
798.929
798.929
798.929
797.856
797.856
797.856
797.856
797.856
798.328
798.328
798.328
798.328
798.328
797.367
797.367
797.367
797.367
797.367
796.023
796.023
796.023
796.023
796.023
795.867
795.867
795.867
795.867
795.867
798.24
798.24
798.24
798.24
798.24
798.645
798.645
798.645
798.645
798.645
797.619
797.619
797.619
797.619
797.619
797.984
797.984
797.984
797.984
797.984
798.635
798.635
798.635
798.635
798.635
796.937
796.937
796.937
796.937
796.937
798.812
798.812
798.812
798.812
798.812
798.741
798.741
798.741
798.741
798.741
798.089
798.089
798.089
798.089
798.089
797.367
797.367
797.367
797.367
797.367
797.771
797.771
797.771
797.771
797.771
797.501
797.501
797.501
797.501
797.501
798.992
798.992
798.992
798.992
798.992
798.087
798.087
798.087
798.087
798.087
797.483
797.483
797.483
797.483
797.483
798.461
798.461
798.461
798.461
798.461
798.187
798.187
798.187
798.187
798.187
797.198
797.198
797.198
797.198
797.198
798.976
798.976
798.976
798.976
798.976
798.597
798.597
798.597
798.597
798.597
798.498
798.498
798.498
798.498
798.498
798.309
798.309
798.309
798.309
798.309
798.402
798.402
798.402
798.402
798.402
797.712
797.712
797.712
797.712
797.712
798.984
798.984
798.984
798.984
798.984
798.713
798.713
798.713
798.713
798.713
798.529
798.529
798.529
798.529
798.529
798.469
798.469
798.469
798.469
798.469
798.432
798.432
798.432
798.432
798.432
798.007
798.007
798.007
798.007
798.007
799
799
799
799
799
798.853
798.853
798.853
798.853
798.853
798.639
798.639
798.639
798.639
798.639
798.996
798.996
798.996
798.996
798.996
798.418
798.418
798.418
798.418
798.418
798.012
798.012
798.012
798.012
798.012
798.925
798.925
798.925
798.925
798.925
798.897
798.897
798.897
798.897
798.897
797.693
797.693
797.693
797.693
797.693
798.499
798.499
798.499
798.499
798.499
798.241
798.241
798.241
798.241
798.241
797.912
797.912
797.912
797.912
797.912
799
799
799
799
799
798.733
798.733
798.733
798.733
798.733
798.592
798.592
798.592
798.592
798.592
798.457
798.457
798.457
798.457
798.457
798.418
798.418
798.418
798.418
798.418
797.788
797.788
797.788
797.788
797.788
798.5
798.5
798.5
798.5
798.5
797.875
797.875
797.875
797.875
797.875
797.211
797.211
797.211
797.211
797.211
798.922
798.922
798.922
798.922
798.922
798.866
798.866
798.866
798.866
798.866
797.45
797.45
797.45
797.45
797.45
798.984
798.984
798.984
798.984
798.984
798.48
798.48
798.48
798.48
798.48
797.679
797.679
797.679
797.679
797.679
798.489
798.489
798.489
798.489
798.489
798.479
798.479
798.479
798.479
798.479
798.458
798.458
798.458
798.458
798.458
799
799
799
799
799
798.349
798.349
798.349
798.349
798.349
798.656
798.656
798.656
798.656
798.656
798.969
798.969
798.969
798.969
798.969
798.953
798.953
798.953
798.953
798.953
798.063
798.063
798.063
798.063
798.063
798.98
798.98
798.98
798.98
798.98
798.965
798.965
798.965
798.965
798.965
798.054
798.054
798.054
798.054
798.054
798.968
798.968
798.968
798.968
798.968
797.542
797.542
797.542
797.542
797.542
797.399
797.399
797.399
797.399
797.399
799
799
799
799
799
798.459
798.459
798.459
798.459
798.459
798.459
798.459
798.459
798.459
798.459
798.875
798.875
798.875
798.875
798.875
798.699
798.699
798.699
798.699
798.699
798.193
798.193
798.193
798.193
798.193
798.989
798.989
798.989
798.989
798.989
798.943
798.943
798.943
798.943
798.943
798.958
798.958
798.958
798.958
798.958
799
799
799
799
799
799
799
799
799
799
798.246
798.246
798.246
798.246
798.246
798.687
798.687
798.687
798.687
798.687
797.456
797.456
797.456
797.456
797.456
798.119
798.119
798.119
798.119
798.119
798.953
798.953
798.953
798.953
798.953
798.46
798.46
798.46
798.46
798.46
797.703
797.703
797.703
797.703
797.703
799
799
799
799
799
798.9
798.9
798.9
798.9
798.9
798.249
798.249
798.249
798.249
798.249
799
799
799
799
799
798.951
798.951
798.951
798.951
798.951
798.667
798.667
798.667
798.667
798.667
798.75
798.75
798.75
798.75
798.75
798.59
798.59
798.59
798.59
798.59
798.577
798.577
798.577
798.577
798.577
799
799
799
799
799
799
799
799
799
799
798.32
798.32
798.32
798.32
798.32
798.992
798.992
798.992
798.992
798.992
798.805
798.805
798.805
798.805
798.805
798.344
798.344
798.344
798.344
798.344
799
799
799
799
799
798.998
798.998
798.998
798.998
798.998
798.993
798.993
798.993
798.993
798.993
798.125
798.125
798.125
798.125
798.125
798.062
798.062
798.062
798.062
798.062
797.283
797.283
797.283
797.283
797.283
798.969
798.969
798.969
798.969
798.969
798.028
798.028
798.028
798.028
798.028
797.886
797.886
797.886
797.886
797.886
799
799
799
799
799
798.968
798.968
798.968
798.968
798.968
798.729
798.729
798.729
798.729
798.729
798.936
798.936
798.936
798.936
798.936
798.431
798.431
798.431
798.431
798.431
798.165
798.165
798.165
798.165
798.165
798.718
798.718
798.718
798.718
798.718
798.07
798.07
798.07
798.07
798.07
797.514
797.514
797.514
797.514
797.514
799
799
799
799
799
798.998
798.998
798.998
798.998
798.998
798.648
798.648
798.648
798.648
798.648
798.734
798.734
798.734
798.734
798.734
798.996
798.996
798.996
798.996
798.996
798.193
798.193
798.193
798.193
798.193
798.749
798.749
798.749
798.749
798.749
798.247
798.247
798.247
798.247
798.247
798.086
798.086
798.086
798.086
798.086
798.992
798.992
798.992
798.992
798.992
798.994
798.994
798.994
798.994
798.994
797.515
797.515
797.515
797.515
797.515
799
799
799
799
799
798.875
798.875
798.875
798.875
798.875
798.021
798.021
798.021
798.021
798.021
799
799
799
799
799
798.937
798.937
798.937
798.937
798.937
798.633
798.633
798.633
798.633
798.633
799
799
799
799
799
798.969
798.969
798.969
798.969
798.969
798.464
798.464
798.464
798.464
798.464
798.992
798.992
798.992
798.992
798.992
798.64
798.64
798.64
798.64
798.64
798.796
798.796
798.796
798.796
798.796
798.999
798.999
798.999
798.999
798.999
798.492
798.492
798.492
798.492
798.492
797.974
797.974
797.974
797.974
797.974
798.75
798.75
798.75
798.75
798.75
798.732
798.732
798.732
798.732
798.732
798.413
798.413
798.413
798.413
798.413
799
799
799
799
799
798.984
798.984
798.984
798.984
798.984
798.979
798.979
798.979
798.979
798.979
799
799
799
799
799
798.874
798.874
798.874
798.874
798.874
798.777
798.777
798.777
798.777
798.777
799
799
799
799
799
798.931
798.931
798.931
798.931
798.931
798.778
798.778
798.778
798.778
798.778
799
799
799
799
799
798.932
798.932
798.932
798.932
798.932
797.966
797.966
797.966
797.966
797.966
799
799
799
799
799
798.624
798.624
798.624
798.624
798.624
798.435
798.435
798.435
798.435
798.435
799
799
799
799
799
797.969
797.969
797.969
797.969
797.969
798.052
798.052
798.052
798.052
798.052
798.875
798.875
798.875
798.875
798.875
798.921
798.921
798.921
798.921
798.921
798.336
798.336
798.336
798.336
798.336
798.996
798.996
798.996
798.996
798.996
798.98
798.98
798.98
798.98
798.98
798.701
798.701
798.701
798.701
798.701
798.998
798.998
798.998
798.998
798.998
798.947
798.947
798.947
798.947
798.947
798.601
798.601
798.601
798.601
798.601
798.5
798.5
798.5
798.5
798.5
798.496
798.496
798.496
798.496
798.496
798.31
798.31
798.31
798.31
798.31
799
799
799
799
799
798.999
798.999
798.999
798.999
798.999
798.982
798.982
798.982
798.982
798.982
798.961
798.961
798.961
798.961
798.961
798.865
798.865
798.865
798.865
798.865
798.726
798.726
798.726
798.726
798.726
798.969
798.969
798.969
798.969
798.969
798.75
798.75
798.75
798.75
798.75
798.703
798.703
798.703
798.703
798.703
798.934
798.934
798.934
798.934
798.934
798.933
798.933
798.933
798.933
798.933
798.392
798.392
798.392
798.392
798.392
798.969
798.969
798.969
798.969
798.969
798.617
798.617
798.617
798.617
798.617
797.874
797.874
797.874
797.874
797.874
798.969
798.969
798.969
798.969
798.969
798.953
798.953
798.953
798.953
798.953
798.351
798.351
798.351
798.351
798.351
798.998
798.998
798.998
798.998
798.998
798.992
798.992
798.992
798.992
798.992
798.935
798.935
798.935
798.935
798.935
799
799
799
799
799
798.984
798.984
798.984
798.984
798.984
798.656
798.656
798.656
798.656
798.656
798.75
798.75
798.75
798.75
798.75
797.998
797.998
797.998
797.998
797.998
798.295
798.295
798.295
798.295
798.295
799
799
799
799
799
798.998
798.998
798.998
798.998
798.998
798.857
798.857
798.857
798.857
798.857
799
799
799
799
799
798.999
798.999
798.999
798.999
798.999
798.733
798.733
798.733
798.733
798.733
799
799
799
799
799
798.992
798.992
798.992
798.992
798.992
798.132
798.132
798.132
798.132
798.132
799
799
799
799
799
798.995
798.995
798.995
798.995
798.995
798.745
798.745
798.745
798.745
798.745
798.992
798.992
798.992
798.992
798.992
798.994
798.994
798.994
798.994
798.994
797.99
797.99
797.99
797.99
797.99
799
799
799
799
799
798.996
798.996
798.996
798.996
798.996
798.996
798.996
798.996
798.996
798.996
798.999
798.999
798.999
798.999
798.999
798.967
798.967
798.967
798.967
798.967
798.403
798.403
798.403
798.403
798.403
799
799
799
799
799
798.344
798.344
798.344
798.344
798.344
798.342
798.342
798.342
798.342
798.342
799
799
799
799
799
798.492
798.492
798.492
798.492
798.492
798.334
798.334
798.334
798.334
798.334
799
799
799
799
799
799
799
799
799
799
798.484
798.484
798.484
798.484
798.484
799
799
799
799
799
798.998
798.998
798.998
798.998
798.998
798.986
798.986
798.986
798.986
798.986
798.875
798.875
798.875
798.875
798.875
798.867
798.867
798.867
798.867
798.867
798.164
798.164
798.164
798.164
798.164
799
799
799
799
799
798.371
798.371
798.371
798.371
798.371
798.06
798.06
798.06
798.06
798.06
799
799
799
799
799
798.375
798.375
798.375
798.375
798.375
797.859
797.859
797.859
797.859
797.859
799
799
799
799
799
799
799
799
799
799
798.374
798.374
798.374
798.374
798.374
799
799
799
799
799
798.999
798.999
798.999
798.999
798.999
798.997
798.997
798.997
798.997
798.997
798.75
798.75
798.75
798.75
798.75
798.937
798.937
798.937
798.937
798.937
798.244
798.244
798.244
798.244
798.244
798.969
798.969
798.969
798.969
798.969
798.933
798.933
798.933
798.933
798.933
798.304
798.304
798.304
798.304
798.304
798.875
798.875
798.875
798.875
798.875
799
799
799
799
799
798.968
798.968
798.968
798.968
798.968
799
799
799
799
799
798.5
798.5
798.5
798.5
798.5
798.968
798.968
798.968
798.968
798.968
799
799
799
799
799
798.75
798.75
798.75
798.75
798.75
798.375
798.375
798.375
798.375
798.375
799
799
799
799
799
799
799
799
799
799
798.484
798.484
798.484
798.484
798.484
799
799
799
799
799
799
799
799
799
799
798.461
798.461
798.461
798.461
798.461
798.746
798.746
798.746
798.746
798.746
798.745
798.745
798.745
798.745
798.745
798.479
798.479
798.479
798.479
798.479
799
799
799
799
799
798.998
798.998
798.998
798.998
798.998
798.996
798.996
798.996
798.996
798.996
799
799
799
799
799
798.5
798.5
798.5
798.5
798.5
798.719
798.719
798.719
798.719
798.719
799
799
799
799
799
798.749
798.749
798.749
798.749
798.749
798.304
798.304
798.304
798.304
798.304
799
799
799
799
799
798.984
798.984
798.984
798.984
798.984
798.969
798.969
798.969
798.969
798.969
799
799
799
799
799
798.953
798.953
798.953
798.953
798.953
798.965
798.965
798.965
798.965
798.965
798.75
798.75
798.75
798.75
798.75
798.875
798.875
798.875
798.875
798.875
798.874
798.874
798.874
798.874
798.874
798.969
798.969
798.969
798.969
798.969
798.984
798.984
798.984
798.984
798.984
798.982
798.982
798.982
798.982
798.982
799
799
799
799
799
799
799
799
799
799
798.968
798.968
798.968
798.968
798.968
799
799
799
799
799
798.998
798.998
798.998
798.998
798.998
798.744
798.744
798.744
798.744
798.744
799
799
799
799
799
798.99
798.99
798.99
798.99
798.99
798.713
798.713
798.713
798.713
798.713
799
799
799
799
799
798.5
798.5
798.5
798.5
798.5
798.25
798.25
798.25
798.25
798.25
799
799
799
799
799
799
799
799
799
799
798.92
798.92
798.92
798.92
798.92
798.984
798.984
798.984
798.984
798.984
798.967
798.967
798.967
798.967
798.967
798.948
798.948
798.948
798.948
798.948
799
799
799
799
799
798.991
798.991
798.991
798.991
798.991
798.996
798.996
798.996
798.996
798.996
798.999
798.999
798.999
798.999
798.999
798.999
798.999
798.999
798.999
798.999
798.999
798.999
798.999
798.999
798.999
799
799
799
799
799
799
799
799
799
799
798.499
798.499
798.499
798.499
798.499
799
799
799
799
799
799
799
799
799
799
798.5
798.5
798.5
798.5
798.5
798.75
798.75
798.75
798.75
798.75
798.498
798.498
798.498
798.498
798.498
798.49
798.49
798.49
798.49
798.49
798.969
798.969
798.969
798.969
798.969
798.746
798.746
798.746
798.746
798.746
798.742
798.742
798.742
798.742
798.742
799
799
799
799
799
799
799
799
799
799
798.984
798.984
798.984
798.984
798.984
799
799
799
799
799
798.984
798.984
798.984
798.984
798.984
798.857
798.857
798.857
798.857
798.857
799
799
799
799
799
798.937
798.937
798.937
798.937
798.937
798.5
798.5
798.5
798.5
798.5
799
799
799
799
799
799
799
799
799
799
798.992
798.992
798.992
798.992
798.992
799
799
799
799
799
798.93
798.93
798.93
798.93
798.93
798.867
798.867
798.867
798.867
798.867
799
799
799
799
799
798.937
798.937
798.937
798.937
798.937
798.866
798.866
798.866
798.866
798.866
799
799
799
799
799
798.969
798.969
798.969
798.969
798.969
798.969
798.969
798.969
798.969
798.969
799
799
799
799
799
799
799
799
799
799
798.625
798.625
798.625
798.625
798.625
799
799
799
799
799
799
799
799
799
799
798.937
798.937
798.937
798.937
798.937
799
799
799
799
799
799
799
799
799
799
798.999
798.999
798.999
798.999
798.999
799
799
799
799
799
798.984
798.984
798.984
798.984
798.984
798.969
798.969
798.969
798.969
798.969
799
799
799
799
799
799
799
799
799
799
798.933
798.933
798.933
798.933
798.933
799
799
799
799
799
799
799
799
799
799
799
799
799
799
799
799
799
799
799
799
799
799
799
799
799
798.936
798.936
798.936
798.936
798.936
799
799
799
799
799
798.75
798.75
798.75
798.75
798.75
798.812
798.812
798.812
798.812
798.812
798.938
798.938
798.938
798.938
798.938
798.875
798.875
798.875
798.875
798.875
798.617
798.617
798.617
798.617
798.617
799
799
799
799
799
799
799
799
799
799
798.937
798.937
798.937
798.937
798.937
799
799
799
799
799
798.996
798.996
798.996
798.996
798.996
798.996
798.996
798.996
798.996
798.996
799
799
799
799
799
799
799
799
799
799
798.996
798.996
798.996
798.996
798.996
799
799
799
799
799
799
799
799
799
799
798.484
798.484
798.484
798.484
798.484
799
799
799
799
799
798.988
798.988
798.988
798.988
798.988
798.682
798.682
798.682
798.682
798.682
798.969
798.969
798.969
798.969
798.969
798.969
798.969
798.969
798.969
798.969
798.843
798.843
798.843
798.843
798.843
799
799
799
799
799
799
799
799
799
799
798.989
798.989
798.989
798.989
798.989
798.969
798.969
798.969
798.969
798.969
798.934
798.934
798.934
798.934
798.934
798.969
798.969
798.969
798.969
798.969
799
799
799
799
799
799
799
799
799
799
798.999
798.999
798.999
798.999
798.999
799
799
799
799
799
799
799
799
799
799
798.984
798.984
798.984
798.984
798.984
799
799
799
799
799
799
799
799
799
799
798.999
798.999
798.999
798.999
798.999
798.969
798.969
798.969
798.969
798.969
798.937
798.937
798.937
798.937
798.937
798.929
798.929
798.929
798.929
798.929
799
799
799
799
799
799
799
799
799
799
798.996
798.996
798.996
798.996
798.996
799
799
799
799
799
799
799
799
799
799
798.875
798.875
798.875
798.875
798.875
799
799
799
799
799
799
799
799
799
799
798.75
798.75
798.75
798.75
798.75
799
799
799
799
799
798.982
798.982
798.982
798.982
798.982
798.992
798.992
798.992
798.992
798.992
799
799
799
799
799
798.945
798.945
798.945
798.945
798.945
798.945
798.945
798.945
798.945
798.945
799
799
799
799
799
799
799
799
799
799
799
799
799
799
799
799
799
799
799
799
798.992
798.992
798.992
798.992
798.992
798.959
798.959
798.959
798.959
798.959
799
799
799
799
799
799
799
799
799
799
799
799
799
799
799
799
799
799
799
799
798.5
798.5
798.5
798.5
798.5
798.5
798.5
798.5
798.5
798.5
798.996
798.996
798.996
798.996
798.996
798.988
798.988
798.988
798.988
798.988
798.98
798.98
798.98
798.98
798.98
799
799
799
799
799
798.867
798.867
798.867
798.867
798.867
798.836
798.836
798.836
798.836
798.836
799
799
799
799
799
799
799
799
799
799
799
799
799
799
799
799
799
799
799
799
798.5
798.5
798.5
798.5
798.5
798.5
798.5
798.5
798.5
798.5
799
799
799
799
799
798.951
798.951
798.951
798.951
798.951
798.991
798.991
798.991
798.991
798.991
799
799
799
799
799
799
799
799
799
799
798.5
798.5
798.5
798.5
798.5
799
799
799
799
799
799
799
799
799
799
798.734
798.734
798.734
798.734
798.734
798.998
798.998
798.998
798.998
798.998
798.997
798.997
798.997
798.997
798.997
798.999
798.999
798.999
798.999
798.999
799
799
799
799
799
799
799
799
799
799
798.734
798.734
798.734
798.734
798.734
799
799
799
799
799
799
799
799
799
799
799
799
799
799
799
799
799
799
799
799
798.75
798.75
798.75
798.75
798.75
798.75
798.75
798.75
798.75
798.75
799
799
799
799
799
799
799
799
799
799
798.484
798.484
798.484
798.484
798.484
799
799
799
799
799
799
799
799
799
799
798.968
798.968
798.968
798.968
798.968
799
799
799
799
799
798.998
798.998
798.998
798.998
798.998
798.999
798.999
798.999
798.999
798.999
799
799
799
799
799
799
799
799
799
799
798.992
798.992
798.992
798.992
798.992
799
799
799
799
799
799
799
799
799
799
799
799
799
799
799
799
799
799
799
799
799
799
799
799
799
799
799
799
799
799
799
799
799
799
799
799
799
799
799
799
798.875
798.875
798.875
798.875
798.875
799
799
799
799
799
799
799
799
799
799
799
799
799
799
799
799
799
799
799
799
799
799
799
799
799
799
799
799
799
799
799
799
799
799
799
799
799
799
799
799
798.999
798.999
798.999
798.999
798.999
799
799
799
799
799
799
799
799
799
799
799
799
799
799
799
799
799
799
799
799
799
799
799
799
799
798.875
798.875
798.875
798.875
798.875
799
799
799
799
799
799
799
799
799
799
799
799
799
799
799
799
799
799
799
799
799
799
799
799
799
798.998
798.998
798.998
798.998
798.998
799
799
799
799
799
798.999
798.999
798.999
798.999
798.999
798.998
798.998
798.998
798.998
798.998
799
799
799
799
799
799
799
799
799
799
799
799
799
799
799
799
799
799
799
799
799
799
799
799
799
799
799
799
799
799
799
799
799
799
799
798.469
798.469
798.469
798.469
798.469
798.438
798.438
798.438
798.438
798.438
799
799
799
799
799
799
799
799
799
799
798.219
798.219
798.219
798.219
798.219
799
799
799
799
799
798.75
798.75
798.75
798.75
798.75
798.749
798.749
798.749
798.749
798.749
799
799
799
799
799
799
799
799
799
799
798.492
798.492
798.492
798.492
798.492
799
799
799
799
799
799
799
799
799
799
798.75
798.75
798.75
798.75
798.75
799
799
799
799
799
799
799
799
799
799
798.999
798.999
798.999
798.999
798.999
799
799
799
799
799
799
799
799
799
799
799
799
799
799
799
799
799
799
799
799
798.984
798.984
798.984
798.984
798.984
798.719
798.719
798.719
798.719
798.719
799
799
799
799
799
799
799
799
799
799
799
799
799
799
799
799
799
799
799
799
799
799
799
799
799
798.996
798.996
798.996
798.996
798.996
799
799
799
799
799
799
799
799
799
799
799
799
799
799
799
799
799
799
799
799
799
799
799
799
799
798.934
798.934
798.934
798.934
798.934
799
799
799
799
799
799
799
799
799
799
798.937
798.937
798.937
798.937
798.937
798.875
798.875
798.875
798.875
798.875
798.875
798.875
798.875
798.875
798.875
798.875
798.875
798.875
798.875
798.875
799
799
799
799
799
799
799
799
799
799
799
799
799
799
799
799
799
799
799
799
799
799
799
799
799
799
799
799
799
799
799
799
799
799
799
799
799
799
799
799
798.874
798.874
798.874
798.874
798.874
799
799
799
799
799
798.992
798.992
798.992
798.992
798.992
798.977
798.977
798.977
798.977
798.977
799
799
799
799
799
799
799
799
799
799
799
799
799
799
799
799
799
799
799
799
799
799
799
799
799
798.937
798.937
798.937
798.937
798.937
799
799
799
799
799
799
799
799
799
799
799
799
799
799
799
799
799
799
799
799
799
799
799
799
799
798.906
798.906
798.906
798.906
798.906
799
799
799
799
799
799
799
799
799
799
799
799
799
799
799
799
799
799
799
799
798.999
798.999
798.999
798.999
798.999
798.984
798.984
798.984
798.984
798.984
799
799
799
799
799
799
799
799
799
799
798.983
798.983
798.983
798.983
798.983
799
799
799
799
799
799
799
799
799
799
798.999
798.999
798.999
798.999
798.999
799
799
799
799
799
799
799
799
799
799
799
799
799
799
799
799
799
799
799
799
799
799
799
799
799
799
799
799
799
799
799
799
799
799
799
799
799
799
799
799
799
799
799
799
799
799
799
799
799
799
799
799
799
799
799
799
799
799
799
799
799
799
799
799
799
799
799
799
799
799
798.984
798.984
798.984
798.984
798.984
799
799
799
799
799
799
799
799
799
799
798.5
798.5
798.5
798.5
798.5
799
799
799
799
799
798.992
798.992
798.992
798.992
798.992
798.859
798.859
798.859
798.859
798.859
798.75
798.75
798.75
798.75
798.75
798.75
798.75
798.75
798.75
798.75
798.234
798.234
798.234
798.234
798.234
799
799
799
799
799
799
799
799
799
799
799
799
799
799
799
799
799
799
799
799
799
799
799
799
799
799
799
799
799
799
799
799
799
799
799
798.996
798.996
798.996
798.996
798.996
798.988
798.988
798.988
798.988
798.988
799
799
799
799
799
799
799
799
799
799
799
799
799
799
799
799
799
799
799
799
799
799
799
799
799
798.5
798.5
798.5
798.5
798.5
799
799
799
799
799
799
799
799
799
799
798.996
798.996
798.996
798.996
798.996
799
799
799
799
799
799
799
799
799
799
798.992
798.992
798.992
798.992
798.992
799
799
799
799
799
799
799
799
799
799
799
799
799
799
799
799
799
799
799
799
799
799
799
799
799
798.871
798.871
798.871
798.871
798.871
799
799
799
799
799
799
799
799
799
799
799
799
799
799
799
799
799
799
799
799
799
799
799
799
799
798.5
798.5
798.5
798.5
798.5
799
799
799
799
799
799
799
799
799
799
799
799
799
799
799
799
799
799
799
799
798.938
798.938
798.938
798.938
798.938
798.938
798.938
798.938
798.938
798.938
799
799
799
799
799
799
799
799
799
799
799
799
799
799
799
799
799
799
799
799
799
799
799
799
799
799
799
799
799
799
799
799
799
799
799
799
799
799
799
799
798.965
798.965
798.965
798.965
798.965
799
799
799
799
799
799
799
799
799
799
799
799
799
799
799
799
799
799
799
799
799
799
799
799
799
799
799
799
799
799
799
799
799
799
799
799
799
799
799
799
799
799
799
799
799
799
799
799
799
799
799
799
799
799
799
799
799
799
799
799
799
799
799
799
799
799
799
799
799
799
799
799
799
799
799
799
799
799
799
799
799
799
799
799
799
799
799
799
799
799
799
799
799
799
799
799
799
799
799
799
799
799
799
799
799
799
799
799
799
799
799
799
799
799
799
798.998
798.998
798.998
798.998
798.998
799
799
799
799
799
798.875
798.875
798.875
798.875
798.875
798.875
798.875
798.875
798.875
798.875
799
799
799
799
799
798.998
798.998
798.998
798.998
798.998
798.969
798.969
798.969
798.969
798.969
799
799
799
799
799
799
799
799
799
799
799
799
799
799
799
799
799
799
799
799
799
799
799
799
799
799
799
799
799
799
799
799
799
799
799
799
799
799
799
799
799
799
799
799
799
799
799
799
799
799
798.992
798.992
798.992
798.992
798.992
798.719
798.719
798.719
798.719
798.719
799
799
799
799
799
799
799
799
799
799
799
799
799
799
799
799
799
799
799
799
799
799
799
799
799
799
799
799
799
799
799
799
799
799
799
799
799
799
799
799
799
799
799
799
799
799
799
799
799
799
799
799
799
799
799
799
799
799
799
799
799
799
799
799
799
798.999
798.999
798.999
798.999
798.999
798.998
798.998
798.998
798.998
798.998
799
799
799
799
799
799
799
799
799
799
798.999
798.999
798.999
798.999
798.999
799
799
799
799
799
799
799
799
799
799
799
799
799
799
799
799
799
799
799
799
799
799
799
799
799
799
799
799
799
799
799
799
799
799
799
798.969
798.969
798.969
798.969
798.969
798.922
798.922
798.922
798.922
798.922
799
799
799
799
799
798.75
798.75
798.75
798.75
798.75
798.75
798.75
798.75
798.75
798.75
799
799
799
799
799
799
799
799
799
799
799
799
799
799
799
799
799
799
799
799
799
799
799
799
799
799
799
799
799
799
799
799
799
799
799
799
799
799
799
799
799
799
799
799
799
799
799
799
799
799
799
799
799
799
799
799
799
799
799
799
799
799
799
799
799
799
799
799
799
799
799
799
799
799
799
799
799
799
799
799
799
799
799
799
799
799
799
799
799
799
799
799
799
799
799
799
799
799
799
799
799
799
799
799
799
799
799
799
799
799
799
799
799
799
799
799
799
799
799
799
799
799
799
799
799
799
799
799
799
799
799
799
799
799
799
799
799
799
799
799
799
799
799
799
799
798.984
798.984
798.984
798.984
798.984
799
799
799
799
799
799
799
799
799
799
799
799
799
799
799
799
799
799
799
799
799
799
799
799
799
799
799
799
799
799
799
799
799
799
799
799
799
799
799
799
799
799
799
799
799
799
799
799
799
799
798.996
798.996
798.996
798.996
798.996
798.859
798.859
798.859
798.859
798.859
799
799
799
799
799
799
799
799
799
799
799
799
799
799
799
799
799
799
799
799
799
799
799
799
799
798.75
798.75
798.75
798.75
798.75
799
799
799
799
799
799
799
799
799
799
798.969
798.969
798.969
798.969
798.969
799
799
799
799
799
798.938
798.938
798.938
798.938
798.938
798.75
798.75
798.75
798.75
798.75
799
799
799
799
799
799
799
799
799
799
799
799
799
799
799
799
799
799
799
799
799
799
799
799
799
799
799
799
799
799
799
799
799
799
799
799
799
799
799
799
799
799
799
799
799
799
799
799
799
799
799
799
799
799
799
798.992
798.992
798.992
798.992
798.992
799
799
799
799
799
799
799
799
799
799
799
799
799
799
799
799
799
799
799
799
799
799
799
799
799
799
799
799
799
799
799
799
799
799
799
799
799
799
799
799
798.938
798.938
798.938
798.938
798.938
799
799
799
799
799
799
799
799
799
799
798.937
798.937
798.937
798.937
798.937
799
799
799
799
799
799
799
799
799
799
798.937
798.937
798.937
798.937
798.937
799
799
799
799
799
798.969
798.969
798.969
798.969
798.969
798.984
798.984
798.984
798.984
798.984
799
799
799
799
799
799
799
799
799
799
799
799
799
799
799
799
799
799
799
799
799
799
799
799
799
799
799
799
799
799
799
799
799
799
799
799
799
799
799
799
799
799
799
799
799
799
799
799
799
799
799
799
799
799
799
799
799
799
799
799
799
799
799
799
799
799
799
799
799
799
799
799
799
799
799
799
799
799
799
799
799
799
799
799
799
799
799
799
799
799
799
799
799
799
799
799
799
799
799
799
799
799
799
799
799
799
799
799
799
799
799
799
799
799
799
798.992
798.992
798.992
798.992
798.992
799
799
799
799
799
799
799
799
799
799
799
799
799
799
799
799
799
799
799
799
0
