0
0
0
0
0
0
0
0
0
0
0
0
0
0
0
0
0
0
0
0
0
0
0
0
0
0
0
0
0
0
0
0
0
0
0
0
0
0
0
0
0
0
0
0
0
0
0
0
0
0
0
0
0
0
0
0
0
0
0
0
0
0
0
0
0
0
0
0
0
0
0
0
0
0
0
0
0
0
0
0
0
0
0
0
0
0
0
0
0
0
0
0
0
0
0
0
0
0
0
0
0
0
0
0
0
0
0
0
0
0
0
0
0
0
0
0
0
0
0
0
0
0
0
0
0
0
0
0
0
0
0
0
0
0
0
0
0
0
0
0
0
0
0
0
0
0
0
0
0
0
0
0
0
0
0
0
0
0
0
0
0
0
0
0
0
0
0
0
0
0
0
0
0
0
0
0
0
0
0
0
0
0
0
0
0
0
0
0
0
0
0
0
0
0
0
0
0
0
0
755.957
755.957
755.957
755.957
755.957
708.074
708.074
708.074
708.074
708.074
693.665
693.665
693.665
693.665
693.665
671.797
671.797
671.797
671.797
671.797
757.713
757.713
757.713
757.713
757.713
746.175
746.175
746.175
746.175
746.175
781.036
781.036
781.036
781.036
781.036
608.439
608.439
608.439
608.439
608.439
719.765
719.765
719.765
719.765
719.765
739.252
739.252
739.252
739.252
739.252
737.584
737.584
737.584
737.584
737.584
674.843
674.843
674.843
674.843
674.843
533.403
533.403
533.403
533.403
533.403
762.774
762.774
762.774
762.774
762.774
739.445
739.445
739.445
739.445
739.445
763.364
763.364
763.364
763.364
763.364
718.414
718.414
718.414
718.414
718.414
660.293
660.293
660.293
660.293
660.293
617.236
617.236
606.846
606.846
606.846
642.938
642.938
642.938
642.938
642.938
701.684
701.684
701.684
701.684
701.684
652.209
652.209
652.209
652.209
652.209
716.195
716.195
716.195
716.195
716.195
786.528
786.528
786.528
786.528
786.528
775.308
775.308
775.308
775.308
775.308
767.251
767.251
767.251
767.251
767.251
766.264
766.264
766.264
766.264
766.264
773.065
773.065
773.065
773.065
773.065
767.428
767.428
767.428
767.428
767.428
749.836
749.836
749.836
749.836
749.836
775.179
775.179
775.179
775.179
775.179
714.25
714.25
714.25
714.25
714.25
734.159
734.159
734.159
734.159
734.159
745.401
745.401
745.401
745.401
745.401
747.063
747.063
747.063
747.063
747.063
718.492
718.492
718.492
718.492
718.492
781.074
781.074
781.074
781.074
781.074
781.754
781.754
781.754
781.754
781.754
763.665
763.665
763.665
763.665
763.665
778.193
778.193
778.193
778.193
778.193
755.928
755.928
755.928
755.928
755.928
717.354
717.354
717.354
717.354
717.354
693.439
693.439
693.439
693.439
693.439
157.437
157.437
157.437
157.437
157.437
419.481
419.481
419.481
419.481
419.481
786.885
786.885
786.885
786.885
786.885
769.152
769.152
769.152
769.152
769.152
751.423
751.423
751.423
751.423
751.423
763.655
763.655
763.655
763.655
763.655
666.403
666.403
666.403
666.403
666.403
588.13
588.13
588.13
588.13
588.13
768.66
768.66
768.66
768.66
768.66
791.906
791.906
791.906
791.906
791.906
785.672
785.672
785.672
785.672
785.672
789.071
789.071
789.071
789.071
789.071
768.925
768.925
768.925
768.925
768.925
766.01
766.01
766.01
766.01
766.01
794.157
794.157
794.157
794.157
794.157
782.346
782.346
782.346
782.346
782.346
755.559
755.559
755.559
755.559
755.559
786.745
786.745
786.745
786.745
786.745
780.537
780.537
780.537
780.537
780.537
770.896
770.896
770.896
770.896
770.896
774.643
774.643
774.643
774.643
774.643
763.653
763.653
763.653
763.653
763.653
747.173
747.173
747.173
747.173
747.173
788.085
788.085
788.085
788.085
788.085
785.568
785.568
785.568
785.568
785.568
781.523
781.523
781.523
781.523
781.523
773.992
773.992
773.992
773.992
773.992
774.737
774.737
774.737
774.737
774.737
760.181
760.181
760.181
760.181
760.181
769.714
769.714
769.714
769.714
769.714
763.979
763.979
763.979
763.979
763.979
780.643
780.643
780.643
780.643
780.643
793.209
793.209
793.209
793.209
793.209
783.952
783.952
783.952
783.952
783.952
789.396
789.396
789.396
789.396
789.396
795.219
795.219
795.219
795.219
795.219
787.706
787.706
787.706
787.706
787.706
788.188
788.188
788.188
788.188
788.188
794.567
794.567
794.567
794.567
794.567
785.5
785.5
785.5
785.5
785.5
783.686
783.686
783.686
783.686
783.686
788.358
788.358
788.358
788.358
788.358
789.985
789.985
789.985
789.985
789.985
780.099
780.099
780.099
780.099
780.099
774.169
774.169
774.169
774.169
774.169
783.321
783.321
783.321
783.321
783.321
773.921
773.921
773.921
773.921
773.921
783.779
783.779
783.779
783.779
783.779
785.719
785.719
785.719
785.719
785.719
782.501
782.501
782.501
782.501
782.501
789.534
789.534
789.534
789.534
789.534
787.467
787.467
787.467
787.467
787.467
776.554
776.554
776.554
776.554
776.554
788.998
788.998
788.998
788.998
788.998
784.64
784.64
784.64
784.64
784.64
755.218
755.218
755.218
755.218
755.218
770.493
770.493
770.493
770.493
770.493
768.033
768.033
768.033
768.033
768.033
769.993
769.993
769.993
769.993
769.993
786.25
786.25
786.25
786.25
786.25
785.49
785.49
785.49
785.49
785.49
768.921
768.921
768.921
768.921
768.921
764.745
764.745
764.745
764.745
764.745
773.597
773.597
773.597
773.597
773.597
745.089
745.089
745.089
745.089
745.089
740.386
740.386
740.386
740.386
740.386
765.146
765.146
765.146
765.146
765.146
737.089
737.089
737.089
737.089
737.089
713.423
713.423
713.423
713.423
713.423
690.716
690.716
690.716
690.716
690.716
586.416
586.416
586.416
586.416
586.416
688.685
688.685
688.685
688.685
688.685
715.889
715.889
715.889
715.889
715.889
461.622
461.622
461.622
461.622
461.622
480.548
480.548
480.548
480.548
480.548
322.521
322.521
322.521
322.521
322.521
715.137
715.137
715.137
715.137
715.137
782.03
782.03
782.03
782.03
782.03
769.42
769.42
769.42
769.42
769.42
726.468
726.468
726.468
726.468
726.468
775.883
775.883
775.883
775.883
775.883
779.205
779.205
779.205
779.205
779.205
766.03
766.03
766.03
766.03
766.03
790.721
790.721
790.721
790.721
790.721
787.356
787.356
787.356
787.356
787.356
768.305
768.305
768.305
768.305
768.305
795.51
795.51
795.51
795.51
795.51
736.799
736.799
736.799
736.799
736.799
687.813
687.813
687.813
687.813
687.813
751.871
751.871
751.871
751.871
751.871
762.653
762.653
762.653
762.653
762.653
759.445
759.445
759.445
759.445
759.445
707.771
707.771
707.771
707.771
707.771
775.105
775.105
775.105
775.105
775.105
741.594
741.594
741.594
741.594
741.594
782.34
782.34
782.34
782.34
782.34
766.523
766.523
766.523
766.523
766.523
774.421
774.421
774.421
774.421
774.421
787.521
787.521
787.521
787.521
787.521
766.902
766.902
766.902
766.902
766.902
774.37
774.37
774.37
774.37
774.37
789.726
789.726
789.726
789.726
789.726
781.466
781.466
781.466
781.466
781.466
772.099
772.099
772.099
772.099
772.099
792.579
792.579
792.579
792.579
792.579
790.741
790.741
790.741
790.741
790.741
771.153
771.153
771.153
771.153
771.153
782.064
782.064
782.064
782.064
782.064
753.507
753.507
753.507
753.507
753.507
775.478
775.478
775.478
775.478
775.478
752.352
752.352
752.352
752.352
752.352
733.35
733.35
733.35
733.35
733.35
740.548
740.548
740.548
740.548
740.548
784.285
784.285
784.285
784.285
784.285
761.409
761.409
761.409
761.409
761.409
778.807
778.807
778.807
778.807
778.807
787.648
787.648
787.648
787.648
787.648
777.531
777.531
777.531
777.531
777.531
756.344
756.344
756.344
756.344
756.344
782.704
782.704
782.704
782.704
782.704
761.222
761.222
761.222
761.222
761.222
749.07
749.07
749.07
749.07
749.07
781.186
781.186
781.186
781.186
781.186
789.196
789.196
789.196
789.196
789.196
777.756
777.756
777.756
777.756
777.756
789.612
789.612
789.612
789.612
789.612
786.054
786.054
786.054
786.054
786.054
787.256
787.256
787.256
787.256
787.256
792.308
792.308
792.308
792.308
792.308
780.425
780.425
780.425
780.425
780.425
779.517
779.517
779.517
779.517
779.517
767.407
767.407
767.407
767.407
767.407
777.618
777.618
777.618
777.618
777.618
778.465
778.465
778.465
778.465
778.465
795.154
795.154
795.154
795.154
795.154
785.674
785.674
785.674
785.674
785.674
785.357
785.357
785.357
785.357
785.357
780.713
780.713
780.713
780.713
780.713
781.488
781.488
781.488
781.488
781.488
767.304
767.304
767.304
767.304
767.304
787.081
787.081
787.081
787.081
787.081
785.014
785.014
785.014
785.014
785.014
778.885
778.885
778.885
778.885
778.885
789.921
789.921
789.921
789.921
789.921
786.036
786.036
786.036
786.036
786.036
773.982
773.982
773.982
773.982
773.982
747.402
747.402
747.402
747.402
747.402
764.09
764.09
764.09
764.09
764.09
768.177
768.178
768.178
768.178
768.178
781.008
781.008
781.008
781.008
781.008
577.868
577.868
577.868
577.868
577.868
678.097
678.097
678.097
678.097
678.097
611.158
611.158
611.158
611.158
611.158
678.499
678.499
678.499
678.499
678.499
778.616
778.616
778.616
778.616
778.616
769.478
769.478
769.478
769.478
769.478
717.444
717.444
717.444
717.444
717.444
748.171
748.171
748.171
748.171
748.171
757.244
757.244
757.244
757.244
757.244
572.068
572.068
572.068
572.068
572.068
607.181
607.181
607.181
607.181
607.181
488.132
488.132
488.132
488.132
488.132
584.313
584.313
584.313
584.313
584.313
597.882
597.882
597.882
597.882
597.882
686.06
686.06
686.06
686.06
686.06
686.891
686.891
686.891
686.891
686.891
673.293
673.293
673.293
673.293
673.293
666.06
666.06
666.06
666.06
666.06
299.717
299.717
299.717
299.717
299.717
459.06
459.06
459.06
459.06
459.06
717.852
717.852
717.852
717.852
717.852
562.605
562.605
562.605
562.605
562.605
741.197
741.197
741.197
741.197
741.197
738.437
738.437
738.437
738.437
738.437
766.298
766.298
766.298
766.298
766.298
774.797
774.797
774.797
774.797
774.797
791.35
791.35
791.35
791.35
791.35
785.945
785.945
785.945
785.945
785.945
780.857
780.857
780.857
780.857
780.857
794.756
794.756
794.756
794.756
794.756
781.803
781.803
781.803
781.803
781.803
786.273
786.273
786.273
786.273
786.273
772.764
772.764
772.764
772.764
772.764
773.807
773.807
773.807
773.807
773.807
765.203
765.203
765.203
765.203
765.203
797.097
797.097
797.097
797.097
797.097
790.105
790.105
790.105
790.105
790.105
790.238
790.238
790.238
790.238
790.238
780.489
780.489
780.489
780.489
780.489
764.012
764.012
764.012
764.012
764.012
757.9
757.9
757.9
757.9
757.9
788.658
788.658
788.658
788.658
788.658
786.73
786.73
786.73
786.73
786.73
771.905
771.905
771.905
771.905
771.905
791.232
791.232
791.232
791.232
791.232
791.263
791.263
791.263
791.263
791.263
784.851
784.851
784.851
784.851
784.851
793.238
793.238
793.238
793.238
793.238
765.748
765.748
765.748
765.748
765.748
747.492
747.492
747.492
747.492
747.492
786.53
786.53
786.53
786.53
786.53
787.572
787.572
787.572
787.572
787.572
775.941
775.941
775.941
775.941
775.941
770.379
770.379
770.379
770.379
770.379
768.979
768.979
768.979
768.979
768.979
771.17
771.17
771.17
771.17
771.17
792.913
792.913
792.913
792.913
792.913
782.418
782.418
782.418
782.418
782.418
783.73
783.73
783.73
783.73
783.73
776.467
776.467
776.467
776.467
776.467
765.428
765.428
765.428
765.428
765.428
731.549
731.549
731.549
731.549
731.549
790.352
790.352
790.352
790.352
790.352
737.392
737.392
737.392
737.392
737.392
622.318
622.318
622.318
622.318
622.318
590.421
590.421
590.421
590.421
590.421
573.234
573.234
573.234
573.234
573.234
403.5
403.5
403.5
403.5
403.5
724.191
724.191
724.191
724.191
724.191
259.694
259.694
259.694
259.694
259.694
561.961
561.961
561.961
561.961
561.961
415.549
543.098
543.098
543.098
543.098
726.865
726.865
726.865
726.865
726.865
714.472
714.472
714.472
714.472
714.472
764.825
764.825
764.825
764.825
764.825
770.49
770.49
770.49
770.49
770.49
757.619
757.619
757.619
757.619
757.619
777.473
777.473
777.473
777.473
777.473
762.868
762.868
762.868
762.868
762.868
747.503
747.503
747.503
747.503
747.503
787.647
787.647
787.647
787.647
787.647
756.213
756.213
756.213
756.213
756.213
735.378
735.378
735.378
735.378
735.378
791.652
791.652
791.652
791.652
791.652
715.839
715.839
715.839
715.839
715.839
633.147
633.147
633.147
633.147
633.147
687.663
687.664
687.664
687.664
687.664
756.914
756.914
756.914
756.914
756.914
751.487
751.487
751.487
751.487
751.487
715.52
715.52
715.52
715.52
715.52
583.713
583.713
583.713
583.713
583.713
736.991
736.991
736.991
736.991
736.991
741.821
741.821
741.821
741.821
741.821
744.424
744.424
744.424
744.424
744.424
696.755
696.755
696.755
696.755
696.755
612.5
612.5
612.5
612.5
612.5
429.319
429.319
429.319
429.319
429.319
628.553
628.553
628.553
628.553
628.553
350.051
350.051
350.051
350.051
350.051
196.816
196.816
196.816
196.816
196.816
614.146
614.146
614.146
614.146
614.146
542.598
542.598
542.598
542.598
542.598
505.914
505.914
505.914
505.914
505.914
728.352
728.352
728.352
728.352
728.352
764.888
764.888
764.888
764.888
764.888
627.356
627.356
627.356
627.356
627.356
646.692
646.692
646.692
646.692
646.692
564.688
564.688
564.688
564.688
564.688
524.832
524.832
524.832
524.832
524.832
780.77
780.77
780.77
780.77
780.77
790.51
790.51
790.51
790.51
790.51
764.73
764.73
764.73
764.73
764.73
711.997
711.997
711.997
711.997
711.997
786.41
786.41
786.41
786.41
786.41
738.236
738.236
738.236
738.236
738.236
768.459
768.459
768.459
768.459
768.459
245.315
245.315
245.315
245.315
245.315
667.671
667.671
667.671
667.671
667.671
449.159
449.159
449.159
449.159
449.159
320.122
320.122
320.122
320.122
320.122
458.952
458.952
458.952
458.952
458.952
729.776
729.776
729.776
729.776
729.776
291.258
291.258
291.258
291.258
291.258
727.856
727.856
727.856
727.856
727.856
661.215
661.215
661.215
661.215
661.215
644.348
644.348
644.348
644.348
644.348
520.25
520.25
520.25
520.25
520.25
746.568
746.568
746.568
746.568
746.568
768.486
768.527
768.527
768.527
768.527
735.1
735.1
735.1
735.1
735.1
674.313
674.313
674.313
674.313
674.313
704.23
704.23
704.23
704.23
704.23
612.495
612.495
612.495
612.495
612.495
605.331
605.331
605.331
605.331
605.331
465.104
465.104
465.104
465.104
465.104
754.559
754.559
754.559
754.559
754.559
736.587
736.587
736.587
736.587
736.587
707.086
707.086
707.086
707.086
707.086
653.37
653.37
653.37
653.37
653.37
486.625
486.625
486.625
486.625
486.625
541.322
541.322
541.322
541.322
541.322
780.062
780.062
780.062
780.062
780.062
731.721
731.721
731.721
731.721
731.721
684.792
684.792
684.792
684.792
684.792
708.174
708.174
708.174
708.174
708.174
268.446
268.446
268.446
268.446
268.446
666.663
666.663
666.663
666.663
666.663
724.525
724.525
724.525
724.525
724.525
731.093
731.093
731.093
731.093
731.093
774.481
774.481
774.481
774.481
774.481
777.209
777.209
777.209
777.209
777.209
777.402
777.402
777.402
777.402
777.402
785.818
785.818
785.818
785.818
785.818
783.705
783.705
783.705
783.705
783.705
776.575
776.575
776.575
776.575
776.575
789.79
789.79
789.79
789.79
789.79
780.009
780.009
780.009
780.009
780.009
768.894
768.894
768.894
768.894
768.894
762.994
762.994
762.994
762.994
762.994
794.166
794.166
794.166
794.166
794.166
781.456
781.456
781.456
781.456
781.456
414.113
414.113
414.113
414.113
414.113
513.182
513.182
513.182
513.182
513.182
703.064
703.064
703.064
703.064
703.064
503.737
503.737
503.737
503.737
503.737
633.645
633.645
633.645
633.645
633.645
662.311
662.311
662.311
662.311
662.311
582.189
582.189
582.189
582.189
582.189
406.545
406.545
406.545
406.545
406.545
302.864
302.864
302.864
302.864
302.864
585.058
585.058
585.058
585.058
585.058
404.282
404.282
404.282
404.282
404.282
762.998
762.998
762.998
762.998
762.998
444.505
449.134
449.134
449.134
449.134
750.874
750.874
750.874
750.874
750.874
707.669
707.669
707.669
707.669
707.669
710.992
710.992
710.992
710.992
710.992
536.986
536.986
536.986
536.986
536.986
443.36
443.36
443.36
443.36
443.36
681.477
681.477
681.477
681.477
681.477
648.055
648.055
648.055
648.055
648.055
780.547
780.547
780.547
780.547
780.547
770.941
770.941
770.941
770.941
770.941
765.084
765.084
765.084
765.084
765.084
735.256
735.256
735.256
735.256
735.256
725.095
725.095
725.095
725.095
725.095
392.807
392.807
392.807
392.807
392.807
371.991
371.991
371.991
371.991
371.991
778.108
778.108
778.108
778.108
778.108
756.678
756.678
756.678
756.678
756.678
749.262
749.262
749.262
749.262
749.262
767.054
767.054
767.054
767.054
767.054
739.301
739.301
739.301
739.301
739.301
781.013
781.013
781.013
781.013
781.013
777.145
777.145
777.145
777.145
777.145
773.363
773.363
773.363
773.363
773.363
770.866
770.866
770.866
770.866
770.866
772.041
772.041
772.041
772.041
772.041
767.95
767.95
767.95
767.95
767.95
778.616
778.616
778.616
778.616
778.616
728.829
728.829
728.829
728.829
728.829
743.567
743.567
743.567
743.567
743.567
733.368
733.368
733.368
733.368
733.368
768.591
768.591
768.591
768.591
768.591
717.957
717.957
717.957
717.957
717.957
667.07
667.07
667.07
667.07
667.07
740.159
740.159
740.159
740.159
740.159
701.172
701.172
701.172
701.172
701.172
657.415
657.415
657.415
657.415
657.415
765.252
765.252
765.252
765.252
765.252
725.215
725.215
725.215
725.215
725.215
791.201
791.201
791.201
791.201
791.201
744.078
744.078
744.078
744.078
744.078
771.57
771.57
771.57
771.57
771.57
772.874
772.874
772.874
772.874
772.874
705.277
705.277
705.277
705.277
705.277
562.365
562.365
562.365
562.365
562.365
779.631
779.631
779.631
779.631
779.631
695.774
695.774
695.774
695.774
695.774
664.964
664.964
664.964
664.964
664.964
786.131
786.131
786.131
786.131
786.131
792.096
792.096
792.096
792.096
792.096
765.769
765.769
765.769
765.769
765.769
770.917
770.917
770.917
770.917
770.917
766.726
766.726
766.726
766.726
766.726
762.393
762.393
762.393
762.393
762.393
730.961
730.961
730.961
730.961
730.961
786.755
786.755
786.755
786.755
786.755
774.583
774.583
774.583
774.583
774.583
785.82
785.82
785.82
785.82
785.82
786.907
786.907
786.907
786.907
786.907
777.023
777.023
777.023
777.023
777.023
782.552
782.552
782.554
782.554
782.554
778.657
778.657
778.657
778.657
778.657
753.763
753.763
753.763
753.763
753.763
721.715
721.715
721.715
721.715
721.715
677.818
677.818
677.818
677.818
677.818
704.383
704.383
704.383
704.383
704.383
698.232
698.232
698.232
698.232
698.232
392.488
392.488
392.488
392.488
392.488
737.52
737.52
737.52
737.52
737.52
557.797
557.797
557.797
557.797
557.797
654.309
654.309
654.309
654.309
654.309
666.758
666.758
666.758
666.758
666.758
512.75
512.75
512.75
512.75
512.75
482.17
482.17
482.17
482.17
482.17
290.61
290.61
281.721
281.721
281.721
655.039
655.039
655.039
655.039
655.039
548.945
548.945
548.945
548.945
548.945
394.199
394.199
394.199
394.199
394.199
437.438
437.438
437.438
437.438
437.438
622.349
622.349
622.349
622.349
622.349
214.255
214.255
214.255
214.255
214.255
595.358
595.358
595.358
595.358
595.358
782.278
782.278
782.278
782.278
782.278
492.554
492.554
492.554
492.554
492.554
239.045
239.045
239.045
239.045
239.045
657.425
657.425
657.425
657.425
657.425
499.659
499.659
499.659
499.659
499.659
174.641
174.641
174.641
174.641
174.641
303.127
303.127
303.127
303.127
303.127
543.625
543.625
543.625
543.625
543.625
716.89
716.89
716.89
716.89
716.89
642.922
642.922
642.922
642.922
642.922
672.763
672.763
672.763
672.763
672.763
765.556
765.556
765.556
765.556
765.556
766.614
766.614
766.614
766.614
766.614
499.656
499.656
499.656
499.656
499.656
788.087
788.087
788.087
788.087
788.087
778.817
778.817
778.817
778.817
778.817
585.012
585.012
585.012
585.012
585.012
581.214
581.214
581.214
581.214
581.214
763.997
763.997
763.997
763.997
763.997
686.015
686.015
686.015
686.015
686.015
493.072
493.072
493.072
493.072
493.072
672.616
672.616
672.616
672.616
672.616
782.12
782.12
782.12
782.12
782.12
749.323
749.323
749.323
749.323
749.323
706.693
706.693
706.693
706.693
706.693
736.671
736.671
736.671
736.671
736.671
773.717
773.717
773.717
773.717
773.717
752.572
752.572
752.572
752.572
752.572
738.347
739.944
739.944
739.944
739.944
641.196
641.196
641.196
641.196
641.196
720.005
720.005
720.005
720.005
720.005
724.594
724.594
724.594
724.594
724.594
686.016
686.016
686.016
686.016
686.016
759.798
759.798
759.798
759.798
759.798
757.668
757.668
757.668
757.668
757.668
756.423
756.423
756.423
756.423
756.423
669.67
669.67
669.67
669.67
669.67
557.82
557.82
557.82
557.82
557.82
534.859
534.859
534.859
534.859
534.859
757.739
757.739
757.739
757.739
757.739
359.832
359.832
359.832
359.832
359.832
781.054
781.054
781.054
781.054
781.054
772.723
772.723
772.723
772.723
772.723
785.874
785.874
785.874
785.874
785.874
650.636
650.636
650.636
650.636
650.636
682.658
682.658
682.658
682.658
682.658
371.482
371.482
371.482
371.482
371.482
561.248
561.248
561.248
561.248
561.248
443.693
443.693
443.693
443.693
443.693
696.149
696.149
696.149
696.149
696.149
698.998
698.998
698.998
698.998
698.998
433.447
433.447
433.447
433.447
433.447
706.719
706.719
706.719
706.719
706.719
781.069
781.069
781.069
781.069
781.069
785.558
785.558
785.558
785.558
785.558
766.271
766.271
766.271
766.271
766.271
496.079
496.079
496.079
496.079
496.079
721.44
721.44
721.44
721.44
721.44
556.562
556.562
556.562
556.562
556.562
444.494
444.494
444.494
444.494
444.494
436.438
436.438
436.438
436.438
436.438
612.766
612.766
612.766
612.766
612.766
630.729
630.729
630.729
630.729
630.729
710.161
710.161
710.161
710.161
710.161
614.963
614.963
614.963
614.963
614.963
748.319
748.319
748.319
748.319
748.319
688.332
688.332
688.332
688.332
688.332
739.385
739.385
739.385
739.385
739.385
761.571
761.571
761.571
761.571
761.571
764.849
764.849
764.849
764.849
764.849
776.504
776.504
776.504
776.504
776.504
734.029
734.029
734.029
734.029
734.029
779.039
779.039
779.039
779.039
779.039
766.838
766.838
766.838
766.838
766.838
743.725
743.725
743.725
743.725
743.725
756.041
756.041
756.041
756.041
756.041
737.98
737.98
737.98
737.98
737.98
682.296
682.296
682.296
682.296
682.296
757.656
757.656
757.656
757.656
757.656
619.568
619.568
619.568
619.568
619.568
776.117
776.117
776.117
776.117
776.117
682.305
682.305
682.305
682.305
682.305
593.004
593.004
593.004
603.383
603.383
732.331
732.331
732.331
732.331
732.331
669.902
669.902
669.902
669.902
669.902
457.633
457.633
457.633
457.633
457.633
716.277
716.277
716.277
716.277
716.277
576.32
576.32
576.32
576.32
576.32
202.578
202.578
202.578
202.578
202.578
732.778
732.778
732.778
732.778
732.778
769.605
769.605
769.605
769.605
769.605
761.316
761.316
761.316
761.316
761.316
770.34
770.34
770.34
770.34
770.34
792.282
792.282
792.282
792.282
792.282
789.297
789.297
789.297
789.297
789.297
770.285
770.285
770.285
770.285
770.285
785.331
785.331
785.331
785.331
785.331
782.001
782.001
782.001
782.001
782.001
748.033
748.033
748.033
748.033
748.033
782.596
782.596
782.596
782.596
782.596
789.307
789.307
789.307
789.307
789.307
778.676
778.676
778.676
778.676
778.676
793.498
793.498
793.498
793.498
793.498
792.399
792.399
792.399
792.399
792.399
787.476
787.476
787.476
787.476
787.476
789.943
789.943
789.943
789.943
789.943
782.618
783.799
783.799
783.799
783.799
795.106
795.106
795.106
795.106
795.106
796.703
796.703
796.703
796.703
796.703
785.317
785.317
785.317
785.317
785.317
779.178
779.178
779.178
779.178
779.178
791.925
791.925
791.925
791.925
791.925
788.606
788.606
788.606
788.606
788.606
774.347
774.347
774.347
774.347
774.347
790.704
790.704
790.704
790.704
790.704
780.282
780.282
780.282
780.282
780.282
771.343
771.343
771.343
771.343
771.343
774.461
774.461
774.461
774.461
774.461
765.171
765.171
765.171
765.171
765.171
783.041
783.041
783.041
783.041
783.041
792.505
792.505
792.505
792.505
792.505
781.738
781.738
781.738
781.738
781.738
759.798
759.798
759.798
759.798
759.798
795.378
795.378
795.378
795.378
795.378
784.274
784.274
784.274
784.274
784.274
777.656
777.656
777.656
777.656
777.656
797.083
797.083
797.083
797.083
797.083
783.637
783.637
783.637
783.637
783.637
780.778
780.778
780.778
780.778
780.778
794.86
794.86
794.86
794.86
794.86
786.233
786.233
786.233
786.233
786.233
782.619
782.619
782.619
782.619
782.619
788.086
788.086
788.086
788.086
788.086
785.189
785.189
785.189
785.189
785.189
778.376
778.376
778.376
778.376
778.376
786.409
786.409
786.409
786.409
786.409
774.482
774.482
774.482
774.482
774.482
780.286
780.286
780.286
780.286
780.286
791.291
791.291
791.291
791.291
791.291
783.91
783.91
783.91
783.91
783.91
783.213
783.213
783.213
783.213
783.213
791.226
791.226
791.226
791.226
791.226
788.802
788.802
788.802
788.802
788.802
774.888
774.888
774.888
774.888
774.888
794.274
794.274
794.274
794.274
794.274
777.991
777.991
777.991
777.991
777.991
785.484
785.484
785.484
785.484
785.484
779.527
779.527
779.527
779.527
779.527
732.961
732.961
732.961
732.961
732.961
739.325
739.325
739.325
739.325
739.325
782.747
782.747
782.747
782.747
782.747
774.23
774.23
774.23
774.23
774.23
785.512
785.512
785.512
785.512
785.512
783.439
783.439
783.439
783.439
783.439
743.333
744.339
744.339
744.339
744.339
694.872
694.872
694.872
694.872
694.872
765.684
765.684
765.684
765.684
765.684
750.499
750.499
750.499
750.499
750.499
449.594
449.594
449.594
449.594
449.594
300.359
300.359
300.359
300.359
300.359
582.038
582.038
582.038
582.038
582.038
262.446
262.446
262.446
262.446
262.446
561.609
561.609
561.609
561.609
561.609
795.237
795.237
795.237
795.237
795.237
787.424
787.424
787.424
787.424
787.424
792.836
792.836
792.836
792.836
792.836
699.504
699.504
699.504
699.504
699.504
669.807
669.807
669.807
669.807
669.807
713.746
713.746
713.746
713.746
713.746
602.542
602.542
602.542
602.542
602.542
499.363
499.363
499.363
499.363
499.363
511.309
511.309
511.309
511.309
511.309
242.733
242.733
242.733
242.733
242.733
616.968
616.968
616.968
616.968
616.968
512.486
512.486
512.486
512.486
512.486
623.027
623.027
623.027
623.027
623.027
436.775
436.775
436.775
436.775
436.775
578.302
578.302
578.302
578.302
578.302
556.024
556.024
556.024
556.024
556.024
406.703
406.703
406.703
406.703
406.703
778.993
778.993
778.993
778.993
778.993
725.426
725.426
725.426
725.426
725.426
694.077
694.077
694.077
694.077
694.077
754.154
754.154
754.154
754.154
754.154
597.011
597.011
597.011
597.011
597.011
677.488
677.488
677.488
677.488
677.488
677.908
677.908
677.908
677.908
677.908
773.754
773.754
773.754
773.754
773.754
772.845
772.845
772.845
772.845
772.845
795.112
795.112
795.112
795.112
795.112
776.573
776.573
776.573
776.573
776.573
752.773
752.773
752.773
752.773
752.773
779.24
779.24
779.24
779.24
779.24
784.798
784.798
784.798
784.798
784.798
769.249
769.249
769.249
769.249
769.249
784.889
784.889
784.889
784.889
784.889
785.21
785.21
785.21
785.21
785.21
769.4
769.4
769.4
769.4
769.4
755.502
755.502
755.502
755.502
755.502
758.376
758.376
758.376
758.376
758.376
776.19
776.19
776.19
776.19
776.19
785.031
785.031
785.031
785.031
785.031
782.973
782.973
782.973
782.973
782.973
789.385
789.385
789.385
789.385
789.385
749.08
749.08
749.08
749.08
749.08
782.439
782.439
782.439
782.439
782.439
768.847
768.847
768.847
768.847
768.847
776.42
776.42
776.42
776.42
776.42
762.389
762.389
762.389
762.389
762.389
757.857
757.857
757.857
757.857
757.857
792.419
792.419
792.419
792.419
792.419
773.645
773.645
773.645
773.645
773.645
759.282
759.282
759.282
759.282
759.282
779.012
779.012
779.012
779.012
779.012
789.226
789.226
789.226
789.226
789.226
761.476
761.476
761.476
761.476
761.476
767.925
767.925
767.925
767.925
767.925
786.01
786.01
786.01
786.01
786.01
769.272
769.272
769.272
769.272
769.272
781.468
781.468
781.468
781.468
781.468
787.044
787.044
787.044
787.044
787.044
778.73
778.73
778.73
778.73
778.73
772.862
772.862
772.862
772.862
772.862
792.952
792.952
792.952
792.952
792.952
782.275
782.275
782.275
782.275
782.275
787.772
787.772
787.772
787.772
787.772
785.535
785.535
785.535
785.535
785.535
756.671
756.671
756.671
756.671
756.671
787.825
787.825
787.825
787.825
787.825
778.732
778.732
778.732
778.732
778.732
790.954
790.954
790.954
790.954
790.954
788.699
788.699
788.699
788.699
788.699
787.569
787.569
787.569
787.569
787.569
776.555
776.555
776.555
776.555
776.555
792.772
792.772
792.772
792.772
792.772
790.048
790.048
790.048
790.048
790.048
781.099
781.099
781.099
781.099
781.099
793.199
793.199
793.199
793.199
793.199
780.762
780.762
780.762
780.762
780.762
762.665
762.665
762.665
762.665
762.665
785.808
785.808
785.808
785.808
785.808
773.958
773.958
773.958
773.958
773.958
770.137
770.137
770.137
770.137
770.137
785.617
785.617
785.617
785.617
785.617
767.305
767.305
767.305
767.305
767.305
763.514
763.514
763.514
763.514
763.514
781.022
781.022
781.022
781.022
781.022
784.96
784.96
784.96
784.96
784.96
772.223
772.223
772.223
772.223
772.223
793.569
793.569
793.569
793.569
793.569
788.654
788.654
788.654
788.654
788.654
758.713
758.713
758.713
758.713
758.713
787.992
787.992
787.992
787.992
787.992
763.499
763.499
763.499
763.499
763.499
776.171
776.171
776.171
776.171
776.171
781.158
781.158
781.158
781.158
781.158
766.19
766.19
766.19
766.19
766.19
784.423
784.423
784.423
784.423
784.423
779.386
779.386
779.386
779.386
779.386
768.501
768.501
768.501
768.501
768.501
621.693
621.693
621.693
621.693
621.693
514.384
514.384
514.384
514.384
514.384
436.259
436.259
436.259
436.259
436.259
699.279
699.279
699.279
699.279
699.279
748.899
748.899
748.899
748.899
748.899
510.876
510.876
510.876
510.876
510.876
576.133
576.133
576.133
576.133
576.133
711.885
711.885
711.885
711.885
711.885
519.318
519.318
519.318
519.318
519.318
739.49
739.49
739.49
739.49
739.49
333.977
333.977
333.977
333.977
333.977
631.893
631.893
631.893
631.893
631.893
447.668
447.668
447.668
447.668
447.668
520.613
520.613
520.613
520.613
520.613
585.985
585.985
585.985
585.985
585.985
405.757
405.757
405.757
405.757
405.757
670.398
670.398
670.398
670.398
670.398
466.28
466.28
466.28
466.28
466.28
318.899
318.899
318.899
318.899
318.899
718.63
718.63
718.63
718.63
718.63
664.272
664.272
664.272
664.272
664.272
368.404
368.404
368.404
368.404
368.404
702.208
702.208
702.208
702.208
702.208
649.944
649.944
649.944
649.944
649.944
783.403
783.403
783.403
783.403
783.403
791.32
791.32
791.32
791.32
791.32
781.408
781.408
781.408
781.408
781.408
772.403
772.403
772.403
772.403
772.403
783.558
783.558
783.558
783.558
783.558
766.136
766.136
766.136
766.136
766.136
757.766
757.766
757.766
757.766
757.766
791.662
791.662
791.662
791.662
791.662
775.337
775.337
775.337
775.337
775.337
784.052
784.052
784.052
784.052
784.052
766.589
766.589
766.589
766.589
766.589
778.709
778.709
778.709
778.709
778.709
769.87
769.87
769.87
769.87
769.87
778.988
778.988
778.988
778.988
778.988
761.925
761.925
761.925
761.925
761.925
785.559
785.559
785.559
785.559
785.559
794.993
794.993
794.993
794.993
794.993
792.498
792.498
792.498
792.498
792.498
788.67
788.67
788.67
788.67
788.67
789.357
789.357
789.357
789.357
789.357
778.897
778.897
778.897
778.897
778.897
747.876
747.876
747.876
747.876
747.876
790.944
790.944
790.944
790.944
790.944
765.153
765.153
765.153
765.153
765.153
731.239
731.239
731.239
731.239
731.239
791.049
791.049
791.049
791.049
791.049
776.537
776.537
776.537
776.537
776.537
771.876
771.876
771.877
771.877
771.877
792.765
792.765
792.765
792.765
792.765
794.176
794.176
794.176
794.176
794.176
769.833
769.833
769.833
769.833
769.833
791.745
791.745
791.745
791.745
791.745
784.676
784.676
784.676
784.676
784.676
759.879
759.879
759.879
759.879
759.879
777.753
777.753
777.753
777.753
777.753
741.416
741.416
741.416
741.416
741.416
743.472
743.472
743.472
743.472
743.472
739.21
739.21
739.21
739.21
739.21
767.9
767.9
767.9
767.9
767.9
684.882
684.882
684.882
684.882
684.882
637.582
637.582
637.582
637.582
637.582
436.766
436.766
436.766
436.766
436.766
376.237
376.237
376.237
376.237
376.237
630.242
630.242
630.242
630.242
630.242
751.03
751.03
751.03
751.03
751.03
416.54
416.54
416.54
416.54
416.54
629.881
629.881
629.881
629.881
629.881
354.662
354.662
354.662
354.662
354.662
354.123
354.123
354.123
354.123
354.123
631.017
631.017
631.017
631.017
631.017
556.162
556.162
556.162
556.162
556.162
767.056
767.056
767.056
767.056
767.056
664.925
664.925
664.925
664.925
664.925
611.199
611.199
611.199
611.199
611.199
715.188
715.188
715.188
715.188
715.188
583.957
583.957
583.957
583.957
583.957
182.508
182.508
182.508
182.508
182.508
589.85
589.85
589.85
589.85
589.85
780.612
780.612
780.612
780.612
780.612
787.834
787.834
787.834
787.834
787.834
773.276
773.276
773.276
773.276
773.276
784.882
784.882
784.882
784.882
784.882
773.636
773.636
773.636
773.636
773.636
775.075
775.075
775.075
775.075
775.075
774.193
774.193
774.193
774.193
774.193
792.389
792.389
792.389
792.389
792.389
790.231
790.231
790.231
790.231
790.231
787.691
787.691
787.691
787.691
787.691
785.974
785.974
785.974
785.974
785.974
792.295
792.295
792.295
792.295
792.295
793.265
793.265
793.265
793.265
793.265
793.429
793.429
793.429
793.429
793.429
792.64
792.64
792.64
792.64
792.64
794.539
794.539
794.539
794.539
794.539
790.113
790.113
790.113
790.113
790.113
785.324
785.324
785.324
785.324
785.324
796.267
796.267
796.267
796.267
796.267
784.837
784.837
784.837
784.837
784.837
774.115
774.115
774.115
774.115
774.115
783.209
783.209
783.209
783.209
783.209
770.891
770.891
770.891
770.891
770.891
784.507
784.507
784.507
784.507
784.507
794.683
794.683
794.683
794.683
794.683
783.526
783.526
783.526
783.526
783.526
770.979
770.979
770.979
770.979
770.979
785.278
785.278
785.278
785.278
785.278
782.876
782.877
782.877
782.877
782.877
767.823
767.823
767.823
767.823
767.823
794.527
794.527
794.527
794.527
794.527
777.009
777.009
777.009
777.009
777.009
733.705
733.705
733.705
733.705
733.705
653.155
653.155
653.155
653.155
653.155
734.96
734.96
734.96
734.96
734.96
532.454
532.454
532.454
532.454
532.454
431.419
431.419
431.419
431.419
431.419
555.012
555.012
555.012
555.012
555.012
704.401
704.401
704.401
704.401
704.401
350.018
350.018
350.018
350.018
350.018
759.855
759.855
759.855
759.855
759.855
761.045
761.045
761.045
761.045
761.045
722.637
722.637
722.637
722.637
722.637
724.029
724.029
724.029
724.029
724.029
501.445
501.445
501.445
501.445
501.445
493.133
493.133
493.133
493.133
493.133
449.748
449.748
449.748
449.748
449.748
745.456
745.456
745.456
745.456
745.456
749.984
749.984
749.984
749.984
749.984
694.829
694.829
694.829
694.829
694.829
546.731
546.731
546.731
546.731
546.731
761.993
761.993
761.993
761.993
761.993
775.569
775.569
775.569
775.569
775.569
782.074
782.074
782.074
782.074
782.074
788.616
788.616
788.616
788.616
788.616
781.981
781.981
781.981
781.981
781.981
723.45
723.45
723.45
723.45
723.45
428.025
428.025
428.025
428.025
428.025
623.971
623.971
623.971
623.971
623.971
777.319
777.319
777.319
777.319
777.319
755.742
755.742
755.742
755.742
755.742
788.031
788.031
788.031
788.031
788.031
764.006
764.006
764.006
764.006
764.006
759.819
759.819
759.819
759.819
759.819
753.427
753.427
753.427
753.427
753.427
687.179
687.179
687.179
687.179
687.179
685.773
685.773
685.773
685.773
685.773
689.679
689.679
689.679
689.679
689.679
288
288
288
288
288
722.781
722.781
722.781
722.781
722.781
727.009
727.009
727.009
727.009
727.009
702.182
702.182
702.182
702.182
702.182
783.61
783.61
783.61
783.61
783.61
764.379
764.379
764.379
764.379
764.379
740.587
740.587
740.587
740.587
740.587
780.334
780.334
780.334
780.334
780.334
725.692
725.692
725.692
725.692
725.692
696.955
696.955
696.955
696.955
696.955
785.735
785.735
785.735
785.735
785.735
629.297
629.297
629.297
629.297
629.297
727.399
727.399
727.399
727.399
727.399
765.533
765.533
765.533
765.533
765.533
779.301
779.301
779.301
779.301
779.301
777.9
777.9
777.9
777.9
777.9
783.86
783.86
783.86
783.86
783.86
773.148
773.148
773.148
773.148
773.148
748.183
748.183
748.183
748.183
748.183
765.922
765.922
765.922
765.922
765.922
790.347
790.347
790.347
790.347
790.347
790.238
790.238
790.238
790.238
790.238
792.51
792.51
792.51
792.51
792.51
784.545
784.545
784.545
784.545
784.545
768.289
768.289
768.289
768.289
768.289
773.533
773.533
773.533
773.533
773.533
720.111
720.111
720.111
720.111
720.111
786.142
786.142
786.142
786.142
786.142
788.329
788.329
788.329
788.329
788.329
764.534
764.534
764.534
764.534
764.534
600.035
600.035
600.035
600.035
600.035
768.081
768.081
768.081
768.081
768.081
430.368
430.368
430.368
430.368
430.368
773.058
773.058
773.058
773.058
773.058
765.22
765.22
765.22
765.22
765.22
199.424
199.424
199.424
199.424
199.424
438.873
438.873
438.873
438.873
438.873
632.406
632.406
632.406
632.406
632.406
771.573
771.573
771.573
771.573
771.573
745.271
745.271
745.271
745.271
745.271
686.745
686.745
686.745
686.745
686.745
707.523
707.523
707.523
707.523
707.523
742.645
742.645
742.645
742.645
742.645
768.706
768.706
768.706
768.706
768.706
751.301
751.301
751.301
751.301
751.301
715.371
715.371
715.371
715.371
715.371
661.451
661.451
661.451
661.451
661.451
645.818
645.818
645.818
645.818
645.818
679.463
679.463
679.463
679.463
679.463
286.35
286.35
286.35
286.35
286.35
403.844
403.844
403.844
403.844
403.844
756.509
756.509
756.509
756.509
756.509
773.061
773.061
773.061
773.061
773.061
762.996
762.996
762.996
762.996
762.996
553.628
553.628
553.628
553.628
553.628
651.264
651.264
651.264
651.264
651.264
713.932
713.932
713.932
713.932
713.932
765.278
765.278
765.278
765.278
765.278
675.503
675.503
675.503
675.503
675.503
695.983
695.983
695.983
695.983
695.983
638.87
638.87
638.87
638.87
638.87
754.263
754.263
754.263
754.263
754.263
743.438
743.438
743.438
743.438
743.438
474.836
474.836
474.836
474.836
474.836
767.97
767.97
767.97
767.97
767.97
749.119
749.119
749.119
749.119
749.119
743.763
743.763
743.763
743.763
743.763
541.68
541.68
541.68
541.68
541.68
675.222
675.222
675.222
675.222
675.222
782.583
782.583
782.583
782.583
782.583
781.167
781.167
781.167
781.167
781.167
747.257
747.257
747.257
747.257
747.257
695.446
695.446
695.446
695.446
695.446
757.688
757.688
757.688
757.688
757.688
696.215
696.215
696.215
696.215
696.215
674.513
674.513
674.513
674.513
674.513
661.762
661.762
661.762
661.762
661.762
379.186
379.186
379.186
379.186
379.186
487.313
487.313
487.313
487.313
487.313
567.105
567.105
567.105
567.105
567.105
752.844
752.844
752.844
752.844
752.844
781.479
781.479
781.479
781.479
781.479
771.986
771.986
771.986
771.986
771.986
779.374
779.374
779.374
779.374
779.374
614.401
614.401
614.401
614.401
614.401
728.227
728.227
728.227
728.227
728.227
744.059
744.059
744.059
744.059
744.059
739.614
739.614
739.599
739.599
739.599
781.685
781.685
781.685
781.685
781.685
755.52
755.52
755.52
755.52
755.52
767.678
767.678
767.678
767.678
767.678
791.279
791.279
791.279
791.279
791.279
749.87
749.87
749.87
749.87
749.87
766.1
766.1
766.1
766.1
766.1
743.912
743.912
743.912
743.912
743.912
712.901
712.901
712.901
712.901
712.901
758.162
758.162
758.162
758.162
758.162
786.816
786.816
786.816
786.816
786.816
771.379
771.379
771.379
771.379
771.379
787.31
787.31
787.31
787.31
787.31
790.073
790.073
790.073
790.073
790.073
752.454
752.454
752.454
752.454
752.454
765.873
765.873
765.873
765.873
765.873
793.115
793.115
793.115
793.115
793.115
0
