0
0
0
0
457.782
457.782
457.782
457.782
457.782
626.011
626.011
626.011
626.011
626.011
716.73
716.73
716.73
716.73
716.73
608.047
608.047
608.047
608.047
608.047
727.742
727.742
727.742
727.742
727.742
577.638
577.638
577.638
577.638
577.638
528.555
528.555
528.555
528.555
528.555
658.5
658.5
658.5
658.5
658.5
711.747
711.747
711.747
711.747
711.747
385.349
385.349
385.349
385.349
385.349
620.734
620.734
620.734
620.734
620.734
553.602
553.602
553.602
553.602
553.602
328.19
328.19
328.19
328.19
328.19
667.924
667.924
667.924
667.924
667.924
605.672
605.672
605.672
605.672
605.672
320.012
320.012
320.012
320.012
320.012
340.104
340.104
340.104
340.104
340.104
593.273
593.273
593.273
593.273
593.273
484.002
484.002
484.002
484.002
484.002
422.685
422.685
422.685
422.685
422.685
512.88
512.88
512.88
512.88
512.88
377.946
377.946
377.946
377.946
377.946
291.948
291.948
291.948
291.948
291.948
384.879
384.879
384.879
384.879
384.879
392.865
392.865
392.865
392.865
392.865
607.336
607.336
607.336
607.336
607.336
552.206
552.206
552.206
552.206
552.206
651.668
651.668
651.668
651.668
651.668
501.414
501.414
501.414
501.414
501.414
343.25
343.25
343.25
343.25
343.25
478.945
478.945
478.945
478.945
478.945
616.715
616.715
616.715
616.715
616.715
446.172
446.172
446.172
446.172
446.172
466.625
466.625
466.625
466.625
466.625
260.273
260.273
260.273
260.273
260.273
722.578
722.578
722.578
722.578
722.578
737.219
737.219
740.937
740.937
740.937
290.422
290.422
290.422
290.422
290.422
420.797
420.797
420.797
420.797
420.797
638.883
638.883
638.883
638.883
638.883
397.189
397.189
397.189
397.189
397.189
487.5
487.5
487.5
487.5
487.5
582.125
582.125
582.125
582.125
582.125
485.628
490.255
490.255
490.255
490.255
547.623
547.623
547.623
547.623
547.623
492.116
492.116
492.116
492.116
492.116
668.081
668.081
668.081
668.081
668.081
683.922
683.922
683.922
683.922
683.922
237.156
237.156
237.156
237.156
237.156
437.907
437.907
437.907
437.907
437.907
581.592
581.592
581.592
581.592
581.592
623.42
623.42
623.42
623.42
623.42
504.592
504.592
504.592
504.592
504.592
778.762
778.762
778.762
778.762
778.762
464.505
464.505
464.505
464.505
464.505
583.775
583.775
583.775
583.775
583.775
540.292
540.402
540.402
540.402
540.402
502.83
502.83
502.83
502.83
502.83
632.284
632.284
632.146
632.146
632.146
601.68
601.68
601.68
601.68
601.68
584.99
585.23
585.23
585.23
585.23
718.775
718.775
718.775
718.775
718.775
669.832
669.832
669.832
669.832
669.832
649.579
649.579
649.579
649.579
649.579
619.779
619.779
619.779
619.779
619.779
588.995
588.995
588.995
588.995
588.995
588.664
588.664
588.664
588.664
588.664
570.953
570.953
570.953
570.953
570.953
547.271
547.271
547.271
547.271
547.271
537.263
537.263
537.263
537.263
537.263
461.923
461.923
461.923
461.923
461.923
571.07
571.07
571.07
571.07
571.07
573.734
573.734
573.734
573.734
573.734
385.223
385.223
385.223
385.223
385.223
483.078
483.078
483.078
483.078
483.078
704.922
704.922
704.922
704.922
704.922
710.793
710.793
710.793
710.793
710.793
305.408
305.408
305.408
305.408
305.408
605.519
605.522
605.522
605.522
605.522
689.932
689.932
689.932
689.932
689.932
598.396
598.396
598.396
598.396
598.396
521.875
521.875
521.875
521.875
521.875
496.75
496.75
496.75
496.75
496.75
382.664
382.664
382.664
382.664
382.664
414.344
414.344
414.344
414.344
414.344
268.03
268.03
268.03
268.03
268.03
509.709
509.709
509.709
509.709
509.709
724.07
724.07
724.07
724.07
724.07
248.004
248.004
248.004
248.004
248.004
649.219
649.219
649.219
649.219
649.219
338.235
338.235
338.235
338.235
338.235
597.643
597.643
597.643
597.643
597.643
609.152
609.152
609.152
609.152
609.152
212.151
212.151
212.151
212.151
212.151
288.142
288.142
288.142
288.142
288.142
414.313
414.313
414.313
414.313
414.313
419.5
419.5
419.5
419.5
419.5
0
0
0
0
0
592
592
592
592
592
533.875
533.875
533.875
533.875
533.875
677.563
677.563
677.563
677.563
677.563
128.314
128.314
128.314
128.314
128.314
329.183
329.183
329.183
329.183
329.183
375.789
375.789
375.789
375.789
375.789
517
517
517
517
517
701.25
701.25
701.25
701.25
701.25
438.462
438.462
438.462
438.462
438.462
607.67
607.67
607.67
607.67
607.67
523.958
523.958
523.958
523.958
523.958
654.477
654.477
654.477
654.477
654.477
469.25
469.25
469.25
469.25
469.25
733.84
733.84
733.84
733.84
733.84
528.295
528.295
528.295
528.295
528.295
277.881
277.881
277.881
277.881
277.881
660
660
660
660
660
542.8
542.8
542.8
542.8
542.8
694.674
694.674
694.674
694.674
694.674
242.26
242.26
242.26
242.26
242.26
698.211
698.211
698.211
698.211
698.211
702.235
702.235
702.235
702.235
702.235
304.125
304.125
304.125
304.125
304.125
635.078
635.078
635.078
635.078
635.078
729.436
729.436
729.436
729.436
729.436
325.309
325.309
325.309
325.309
325.309
510.875
510.875
510.875
510.875
510.875
402.953
402.953
402.953
402.953
402.953
529.322
529.322
529.322
529.322
529.322
540.399
540.399
540.399
540.399
540.399
516.75
516.75
516.75
516.75
516.75
548.222
548.222
548.222
548.222
548.222
649.5
649.5
649.5
649.5
649.5
542.393
542.393
542.393
542.393
542.393
512.596
512.596
512.596
512.596
512.596
471.406
471.406
471.406
471.406
471.406
383.619
383.619
383.619
383.619
383.619
532.155
532.155
532.155
532.155
532.155
589.109
589.111
589.111
589.111
589.111
266.313
266.313
266.313
266.313
266.313
341.906
341.906
341.906
341.906
341.906
630.25
630.25
630.25
630.25
630.25
515
515
515
515
515
509.266
509.266
509.266
509.266
509.266
358.988
358.988
358.988
358.988
358.988
468.355
468.355
468.355
468.355
468.355
543.32
543.32
543.32
543.32
543.32
546
546
546
546
546
288.861
288.861
288.861
288.861
288.861
432.592
432.592
432.592
432.592
432.592
650.125
650.125
650.125
650.125
650.125
319.021
319.021
319.021
319.021
319.021
566.534
566.534
566.534
566.534
587.818
444.498
444.498
444.498
444.498
444.498
713.188
713.188
713.188
713.188
713.188
605.375
605.375
605.375
605.375
605.375
364.65
364.65
364.65
364.65
364.65
490.406
490.406
490.406
490.406
490.406
624.75
624.75
624.75
624.75
624.75
660.781
660.781
660.781
660.781
660.781
680.172
680.172
680.172
680.172
680.172
673.715
673.715
673.715
673.715
673.715
505.968
505.968
505.968
505.968
505.968
222.564
222.564
222.564
222.564
222.564
634.656
634.656
634.656
634.656
634.656
525.199
525.199
525.199
525.199
525.199
730.697
730.697
730.697
730.697
730.697
643.297
643.297
643.297
643.297
643.297
464.602
464.602
464.602
464.602
464.602
535.876
535.876
535.876
535.876
535.876
368.669
368.669
368.669
368.669
368.669
504.75
504.75
504.75
504.75
504.75
419.529
419.529
419.529
419.529
419.529
607.15
607.15
607.15
607.15
607.15
516.246
516.246
516.246
516.246
516.246
609.814
609.814
609.814
609.814
609.814
608.393
608.393
608.393
608.393
608.393
499.836
499.836
499.836
499.836
499.836
567.947
567.947
567.947
567.947
567.947
664
664
664
664
664
461.034
461.034
461.034
461.034
461.034
642.199
642.199
642.199
642.199
642.199
540.43
540.43
540.43
540.43
540.43
436.219
436.219
436.219
436.219
436.219
561.04
561.04
561.04
561.04
561.04
614.875
614.875
614.875
614.875
614.875
468.611
468.611
468.611
468.611
468.611
613.61
613.61
613.61
613.61
613.61
651.46
651.46
651.46
651.46
651.46
520.542
520.542
520.542
520.542
520.542
486.433
486.433
486.433
486.433
486.433
517.363
517.363
517.363
517.363
517.363
615.332
615.332
615.332
615.332
615.332
433.905
433.905
433.905
433.905
433.905
457.098
457.098
457.098
457.098
457.098
492.263
492.263
492.263
492.263
492.263
457.824
457.824
457.824
457.824
457.824
284.75
284.75
284.75
284.75
284.75
398.568
398.568
398.568
398.568
398.568
557.813
557.813
557.813
557.813
557.813
651.134
651.134
651.134
651.134
651.134
667.407
667.407
667.407
667.407
667.407
677.44
677.44
677.44
677.44
677.44
325.199
325.199
325.199
325.199
325.199
526.527
526.527
526.527
526.527
526.527
550.684
550.684
550.684
550.684
550.684
636.384
636.384
636.384
636.384
636.384
426.906
426.906
426.906
426.906
426.906
545.5
545.5
545.5
545.5
545.5
657.783
657.783
657.783
657.783
657.783
288.238
288.238
288.238
288.238
288.238
685.672
685.672
685.672
685.672
685.672
697.331
697.331
697.331
697.331
697.331
445.695
445.695
445.695
445.695
445.695
665
665
665
665
665
693.311
693.311
693.311
693.311
693.311
631.281
631.281
631.281
631.281
631.281
427.07
427.07
427.07
427.07
427.07
563.25
563.25
563.25
563.25
563.25
648.653
648.653
648.653
648.653
648.653
631.25
631.25
631.25
631.25
631.25
437.872
437.872
437.872
437.872
437.872
426.701
426.701
426.701
426.701
426.701
631.867
631.867
631.867
631.867
631.867
277.806
277.806
277.806
277.806
277.806
612.447
612.447
612.447
612.447
612.447
538.636
538.636
538.636
538.636
538.636
495.606
500.649
500.649
500.649
500.649
313.693
313.693
313.693
313.693
313.693
543.978
543.978
543.978
543.978
543.978
269.813
269.813
269.813
269.813
269.813
617.862
617.862
617.862
617.862
617.862
541.281
541.281
541.281
541.281
541.281
450.191
450.191
450.191
450.191
450.191
577.703
577.703
577.703
577.703
577.703
591.183
591.183
591.183
591.183
591.183
589.146
589.245
589.245
589.245
589.245
472.468
472.468
472.468
472.468
472.468
463.727
463.727
463.727
463.727
463.727
478.266
478.266
478.266
478.266
478.266
458.76
458.76
458.76
458.76
458.76
432.323
432.323
432.323
432.323
432.323
350.875
350.875
350.875
350.875
350.875
601.281
601.281
601.281
601.281
601.281
749.647
749.647
749.647
749.647
749.647
499.877
499.877
499.877
499.877
499.877
328.375
328.375
328.375
328.375
328.375
560.483
560.483
560.483
560.483
560.483
560.074
560.074
560.074
560.074
560.074
657.438
657.438
657.438
657.438
657.438
482.74
482.74
482.74
482.74
482.74
291.509
291.509
291.509
291.509
291.509
528.131
528.131
528.131
528.131
528.131
541.406
541.406
541.406
541.406
541.406
490.763
490.763
490.763
490.763
490.763
518.874
518.874
518.874
518.874
518.874
363.99
363.99
363.99
363.99
363.99
481.951
481.951
481.951
481.951
481.951
514.197
514.197
514.197
514.197
514.197
614.086
614.086
614.086
614.086
614.086
239.514
239.514
239.514
239.514
239.514
424.505
424.505
424.505
424.505
424.505
398.191
398.191
398.191
398.191
398.191
676.791
676.791
676.791
676.791
676.791
556.331
556.331
556.331
556.331
556.331
446.563
446.563
446.563
446.563
446.563
518
518
518
518
518
309.504
309.504
309.504
309.504
309.504
412.892
412.892
412.892
412.892
412.892
477.848
477.848
477.848
477.848
477.848
586.449
586.449
586.449
586.449
586.449
283
283
283
283
283
383.75
383.75
383.75
383.75
383.75
302.313
302.313
302.313
302.313
302.313
604.221
604.221
604.221
604.221
604.221
416.562
416.562
416.562
416.562
416.562
596.992
596.992
596.992
596.992
596.992
439.55
439.55
439.55
439.55
439.55
638.984
638.984
638.984
638.984
638.984
542.711
542.711
542.711
542.711
542.711
609.255
609.255
609.174
609.174
609.174
622.625
622.625
622.625
622.625
622.625
291.501
291.501
291.501
291.501
291.501
630.875
630.875
630.875
630.875
630.875
604.403
604.403
604.403
604.403
604.403
526.762
526.762
526.762
526.762
526.762
461.416
461.416
461.416
461.416
461.416
608.375
608.375
608.375
608.375
608.375
580.25
580.25
580.25
580.25
580.25
691.17
691.17
691.17
691.17
691.17
550.999
550.999
550.999
550.999
550.999
336.598
336.598
336.598
336.598
336.598
426.091
426.091
426.091
426.091
426.091
636.875
636.875
636.875
636.875
636.875
477.689
477.689
477.689
477.689
477.689
317.918
317.918
317.918
317.918
317.918
456.727
456.727
456.727
456.727
456.727
424.488
424.488
424.488
424.488
424.488
591.125
591.125
591.125
591.125
591.125
662.563
662.563
662.563
662.563
662.563
502.326
502.326
502.326
502.326
502.326
359.75
359.75
359.75
359.75
359.75
542.779
542.779
542.779
542.779
542.779
401.906
401.906
401.906
401.906
401.906
643.223
643.223
643.223
643.223
643.223
563.649
563.649
563.649
563.649
563.649
566.938
566.938
566.938
566.938
566.938
533.879
533.879
533.879
533.879
533.879
746.604
746.604
746.604
746.604
746.604
516.562
516.562
516.562
516.562
516.562
582.644
582.644
582.644
582.644
582.644
609
609
609
609
609
756.525
756.525
756.525
756.525
756.525
322.134
322.134
322.134
322.134
322.134
490.063
490.063
490.063
490.063
490.063
602.5
602.5
602.5
602.5
602.5
629.632
629.632
629.632
629.632
629.632
593.076
593.076
593.076
593.076
593.076
502.913
502.913
502.913
502.913
502.913
542.94
542.94
542.94
542.94
542.94
406.477
406.477
406.477
406.477
406.477
639.574
639.574
639.574
639.574
639.574
616.5
616.5
616.5
616.5
616.5
243.143
243.143
243.143
243.143
243.143
461.406
461.406
461.406
461.406
461.406
504.358
504.358
504.358
504.358
504.358
435.391
435.391
435.391
435.391
435.391
309.733
309.733
309.733
309.733
309.733
475.835
475.835
475.835
475.835
475.835
589
589
589
589
589
655.75
655.75
655.75
655.75
655.75
589.934
589.934
589.934
589.934
589.934
446.75
446.75
446.75
446.75
446.75
678.134
678.134
678.134
678.134
678.134
554.517
554.517
554.517
554.517
554.517
151.69
151.69
151.69
151.69
151.69
367.281
367.281
367.281
367.281
367.281
440.5
440.5
440.5
440.5
525
366.755
366.755
366.755
366.755
366.755
483.063
483.063
483.063
483.063
483.063
495.587
495.587
495.587
495.587
495.587
158.469
158.469
158.469
158.469
158.469
670.259
670.259
670.259
670.259
670.259
529.971
529.971
529.971
529.971
529.971
402.183
402.183
402.183
402.183
402.183
699.172
699.172
699.172
699.172
699.172
456.798
456.798
456.798
456.798
456.798
671.397
671.397
671.397
671.397
671.397
669.646
669.646
669.646
669.646
669.646
733.683
733.683
733.683
733.683
733.683
713.037
713.037
713.037
713.037
713.037
641.087
641.087
641.087
641.087
641.087
518.594
518.594
518.594
518.594
518.594
613.794
613.794
613.794
613.794
613.794
721.997
721.997
721.997
721.997
721.997
524.375
524.375
524.375
524.375
524.375
510.172
510.172
510.172
510.172
510.172
394.438
394.438
394.438
394.438
394.438
493.75
493.75
493.75
493.75
493.75
289.922
289.922
289.922
289.922
289.922
424.249
424.249
424.249
424.249
424.249
561.75
561.75
561.75
561.75
561.75
507.411
507.411
507.411
507.411
507.411
665.521
665.521
665.521
665.521
665.521
556.69
556.69
556.69
556.69
556.69
407.87
407.87
407.87
407.87
407.87
490.345
490.345
490.345
490.345
490.345
622.414
622.414
622.414
622.414
622.414
615.055
615.055
615.055
615.055
615.055
337.167
337.167
337.167
337.167
337.167
503.75
503.75
503.75
503.75
503.75
621.508
621.508
621.508
621.508
621.508
414.878
414.878
414.878
414.878
414.878
385.25
385.25
385.25
385.25
385.25
340.104
340.104
340.104
340.104
340.104
483.149
483.149
483.149
483.149
483.149
736.667
736.667
736.667
736.667
736.667
237.313
237.313
237.313
237.313
237.313
620.234
620.234
620.234
620.234
620.234
354.434
354.434
354.434
354.434
354.434
553.602
553.602
553.602
553.602
553.602
288.172
288.172
288.172
288.172
288.172
611.256
611.256
611.256
611.256
611.256
533.703
533.703
533.703
533.703
533.703
651.672
651.672
651.672
651.672
650.344
576.742
576.742
576.742
576.742
576.742
568.203
568.203
568.203
568.203
568.203
223.244
223.244
223.244
223.244
223.244
488.75
488.75
488.75
488.75
488.75
536.875
536.875
536.875
536.875
536.875
415.836
415.836
415.836
415.836
415.836
622.606
622.606
622.612
622.612
622.612
667.617
667.617
667.617
667.617
667.617
407.012
407.012
407.012
407.012
407.012
350.316
350.316
350.316
350.316
350.316
510.801
510.801
510.801
510.801
510.801
468.493
468.493
468.493
468.493
468.493
638.527
638.527
638.527
638.527
638.527
447.201
447.201
447.201
447.201
447.201
424.219
424.219
424.219
424.219
424.219
294.748
294.748
294.748
294.748
294.748
563.793
563.793
563.793
563.793
563.793
557.999
557.999
557.999
557.999
557.999
739.852
739.852
739.852
739.852
739.852
326.029
326.029
326.029
326.029
326.029
472.524
472.524
472.524
472.524
472.524
582.865
582.865
582.865
582.865
582.865
755
755
755
755
755
494.037
494.037
494.037
494.037
494.037
622.094
622.094
622.094
622.094
622.094
569.878
569.878
569.878
569.878
569.878
502.836
502.836
502.836
502.836
502.836
503.497
503.497
503.497
503.497
503.497
369.111
369.111
369.111
369.111
369.111
410.178
410.178
410.178
410.178
410.178
680.625
680.625
680.625
680.625
680.625
350.873
350.873
350.873
350.873
350.873
480.703
480.703
480.703
480.703
480.703
582.602
582.602
582.602
582.602
582.602
458.344
458.344
458.344
458.344
458.344
471.526
471.526
471.526
471.526
471.526
554.344
554.344
554.344
554.344
554.344
525.736
525.736
525.736
525.736
525.736
517.68
517.68
517.68
517.68
517.68
238.862
238.862
238.862
238.862
238.862
515.527
515.527
515.527
515.527
515.527
609.715
609.715
609.715
609.715
609.715
421.938
421.938
421.938
421.938
421.938
239.943
239.943
239.943
239.943
239.943
632.076
632.076
632.076
632.076
632.076
421.496
421.496
421.496
421.496
421.496
378.552
378.552
378.552
378.552
378.552
575.563
575.563
575.563
575.563
575.563
520.197
520.197
520.197
520.197
520.197
561.563
561.563
561.563
561.563
561.563
365.325
365.325
365.325
365.325
365.325
621.469
621.469
621.469
621.469
621.469
546.493
546.493
546.493
546.493
546.493
607.859
607.859
607.859
607.859
607.859
570.575
570.575
570.575
570.575
570.575
302.625
302.625
302.625
302.625
302.625
684.052
684.052
684.052
684.052
684.052
706.575
706.575
706.575
706.575
706.575
575.589
575.589
575.589
575.589
575.589
457.586
457.586
457.586
457.586
457.586
407.614
407.614
407.614
407.614
407.614
242.55
242.55
242.55
242.55
242.55
516.07
516.07
516.07
516.07
516.07
472.844
472.844
472.844
472.844
472.844
479.182
479.182
479.182
479.182
479.182
606.041
606.041
606.041
606.041
606.041
620.072
620.072
620.072
620.072
620.072
661
661
661
661
661
501.882
501.882
501.882
501.882
501.882
357.43
357.43
357.43
357.43
357.43
419.864
419.864
419.864
419.864
419.864
478.409
478.409
478.409
478.409
478.409
614.686
614.686
614.686
614.686
614.686
398.996
398.996
398.996
398.996
398.996
599.12
599.12
599.12
599.12
599.12
564.531
564.531
564.531
564.531
564.531
323.463
323.463
323.463
323.463
323.463
327.398
327.398
327.398
327.398
327.398
500.34
500.34
500.34
500.34
500.34
323.585
323.585
323.585
323.585
323.585
345.915
345.915
345.915
345.915
345.915
597.25
597.25
597.25
597.25
597.25
179.068
179.068
179.068
179.068
179.068
666.75
666.75
666.75
666.75
666.75
334.465
334.465
334.465
334.465
334.465
442.531
442.531
442.531
442.531
442.531
480.813
480.813
480.813
480.813
480.813
573.486
573.486
573.486
573.486
573.486
501.778
501.778
501.778
501.778
501.778
577.068
577.068
577.068
577.068
577.068
604.037
604.037
604.037
604.037
604.037
447.5
447.5
447.5
447.5
447.5
531.818
531.818
531.818
531.818
531.818
623.875
623.875
623.875
623.875
623.875
452.961
452.961
452.961
452.961
452.961
616.706
616.706
616.706
616.706
616.706
536.078
536.078
536.078
536.078
536.078
420.496
420.496
420.496
420.496
420.496
531.945
531.945
531.945
531.945
531.945
255.094
255.094
255.094
255.094
255.094
633.676
633.676
633.676
633.676
633.676
730.563
730.563
730.563
730.563
730.563
486.188
486.188
486.188
486.188
486.188
707.125
707.125
707.125
707.125
707.125
402.109
402.109
402.109
402.109
402.109
403.635
403.635
403.635
403.635
403.635
559.299
559.299
559.299
559.299
559.299
642.742
642.742
642.742
642.742
642.742
417.813
417.813
417.813
417.813
417.813
266.426
266.426
266.426
266.426
266.426
522.287
522.287
522.287
522.287
522.287
538.172
538.172
538.172
538.172
538.172
595.789
595.789
595.789
595.789
595.789
494.656
494.656
494.656
494.656
494.656
768.166
768.166
768.166
768.166
768.166
509.137
509.137
509.137
509.137
509.137
598.938
598.938
598.938
598.938
598.938
606.873
606.873
606.873
606.873
606.873
514.927
514.927
514.928
514.928
514.928
493
493
493
493
493
463.08
463.08
463.08
463.08
463.08
401.478
401.478
401.478
401.478
401.478
333.781
333.781
333.781
333.781
333.781
496.5
496.5
496.5
496.5
496.5
355.23
355.23
355.23
355.23
355.23
700.245
700.246
700.246
700.246
700.246
395.125
395.125
395.125
395.125
395.125
344.313
344.313
344.313
344.313
344.313
369.5
369.5
369.5
369.5
369.5
604.867
604.867
604.867
604.867
604.867
535.294
535.294
535.294
535.294
535.294
465.5
465.5
465.5
465.5
465.5
723.16
723.16
723.16
723.16
723.16
551.5
551.5
551.5
551.5
551.5
429.822
429.822
429.822
429.822
429.822
549.516
549.492
549.492
549.492
549.492
641.816
641.816
641.816
641.816
641.816
565.795
565.795
565.795
565.795
565.795
238.965
238.965
238.965
238.965
238.965
522.461
522.461
522.461
522.461
522.461
497.75
497.75
497.75
497.75
497.75
519.313
519.313
519.313
519.313
519.313
453.2
453.2
453.2
453.2
453.2
530.68
530.68
530.68
530.68
530.68
526.223
526.223
526.223
526.223
526.223
533.475
533.475
533.475
533.475
533.475
488.543
488.543
488.543
488.543
488.543
470.135
470.135
470.135
470.135
470.135
617.241
617.241
617.241
617.241
617.241
731.854
731.854
731.854
731.854
731.854
617.256
617.256
617.256
617.256
617.256
599.125
599.125
599.125
599.125
599.125
443.889
443.889
443.889
443.889
443.889
571.875
571.875
571.875
571.875
571.875
465
465
465
465
465
367.984
367.984
367.984
367.984
367.984
480.5
480.5
480.5
480.5
480.5
400.219
400.219
400.219
400.219
400.219
697.469
697.469
697.469
697.469
697.469
699.363
699.363
699.363
699.363
699.363
430.719
430.719
430.719
430.719
430.719
486.969
486.969
486.969
486.969
486.969
562.427
562.427
562.427
562.427
562.427
505.775
505.775
505.775
505.775
505.775
386.545
386.545
386.545
386.545
386.545
591.601
591.601
591.601
591.601
591.601
684.268
684.268
684.268
684.268
684.268
448.883
448.883
448.883
448.883
448.883
389.781
389.781
389.781
389.781
389.781
588.515
588.515
588.515
588.515
588.515
572.304
572.304
572.304
572.304
572.304
514.985
514.985
514.985
514.985
514.985
458.5
458.5
458.5
458.5
458.5
697
697
697
697
697
598.406
598.406
598.406
598.406
598.406
323.271
323.271
323.271
323.271
323.271
379.25
379.25
379.25
379.25
379.25
309.275
309.275
309.275
309.275
309.275
549.102
549.102
549.102
549.102
549.102
451.26
451.26
451.26
451.26
451.26
295.13
295.13
295.13
295.13
295.13
594.141
594.141
594.141
594.141
594.141
553.734
553.734
553.734
553.734
553.734
462.686
462.686
462.686
462.686
462.686
554.344
554.344
554.344
554.344
554.344
284.547
284.547
284.547
284.547
284.547
619.927
619.927
619.927
619.927
619.927
627.8
627.8
627.8
627.8
627.8
442.578
442.578
442.578
442.578
442.578
597.927
597.927
597.927
597.927
597.927
442.734
442.734
442.734
442.734
442.734
694.438
694.438
694.438
694.438
694.438
741.5
741.5
741.5
741.5
741.5
736.636
736.636
736.636
736.636
736.636
608.04
608.04
608.04
608.04
608.04
509.375
509.375
509.375
509.375
509.375
644.875
644.875
644.875
644.875
644.875
763.258
763.258
763.258
763.258
763.258
545.797
545.797
545.797
545.797
545.797
558.603
558.603
558.603
558.603
558.603
652.406
652.406
652.406
652.406
652.406
414.421
414.421
414.421
414.421
414.421
522.521
522.521
522.521
522.521
522.521
598.666
598.666
598.666
598.666
598.666
642.58
642.58
642.58
642.58
642.58
424.082
424.082
424.082
424.082
424.082
498.838
498.838
498.838
498.838
498.838
536.5
536.5
536.5
536.5
536.5
527.844
527.844
527.844
527.844
527.844
718
718
718
718
718
680.438
680.438
680.438
680.438
680.438
268.736
268.736
268.736
268.736
268.736
518.103
518.103
518.103
518.103
518.103
618.68
618.68
618.68
618.68
618.68
516.803
516.803
516.803
516.803
516.803
637.203
637.203
637.203
637.203
637.203
710.824
710.824
710.824
710.824
710.824
298.767
298.767
298.767
298.767
298.767
681.049
681.049
681.049
681.049
681.049
376.305
376.305
376.305
376.305
376.305
436.665
436.665
436.665
436.665
436.665
636.259
636.259
636.259
636.259
636.259
546.863
546.863
546.863
546.863
546.863
540.266
540.266
540.266
540.266
540.266
485.35
485.35
485.35
485.35
485.35
444.313
444.313
444.313
444.313
444.313
522.248
522.248
522.248
522.248
522.248
633.667
633.667
633.667
633.667
633.667
526.25
526.25
526.25
526.25
526.25
549.813
549.813
549.813
549.813
549.813
344.578
344.578
344.578
344.578
344.578
568.359
568.359
568.359
568.359
568.359
674.766
674.766
674.766
674.766
674.766
655.961
655.961
655.961
655.961
655.961
407.256
407.256
407.256
407.256
407.256
641.75
641.75
641.75
641.75
641.75
549.656
549.656
549.656
549.656
549.656
629.654
629.654
629.654
629.654
629.654
683.285
683.285
683.285
683.285
683.285
645.163
645.163
645.163
645.163
645.163
526.063
526.063
526.063
526.063
526.063
581.234
581.234
581.234
581.234
581.234
463.875
463.875
463.875
463.875
463.875
542.07
542.07
542.07
542.07
542.07
653.438
653.438
653.438
653.438
653.438
458.656
458.656
458.656
458.656
458.656
699.407
699.407
699.407
699.407
699.407
605.27
605.27
605.27
605.27
605.27
335.25
335.25
335.25
335.25
335.25
393.859
393.859
393.859
393.859
393.859
500.463
500.463
500.463
500.463
500.463
320.705
320.705
320.705
320.705
320.705
319.219
319.219
319.219
319.219
319.219
550.427
550.427
550.427
550.427
550.427
701.82
701.82
701.82
701.82
701.82
749.244
749.244
749.244
749.244
749.244
663.365
663.365
663.365
663.365
663.365
523.871
523.871
523.871
523.871
523.871
204.484
204.484
204.484
204.484
204.484
552.688
552.688
552.688
552.688
552.688
587.508
587.508
587.508
587.508
587.508
548.719
548.719
548.719
548.719
548.719
537.358
537.358
537.358
537.358
537.358
712.836
712.836
712.836
712.836
712.836
441.664
441.664
441.664
441.664
441.664
265.813
265.813
265.813
265.813
265.813
322.575
322.575
322.575
322.575
322.575
323.364
323.364
323.364
323.364
323.364
390.703
390.703
390.703
390.703
390.703
560.784
560.784
560.784
560.784
560.784
186.012
186.012
186.012
186.012
186.012
643.184
643.184
643.184
643.184
643.184
585.523
585.523
585.523
585.523
585.523
566.656
566.656
566.656
566.656
566.656
577.57
577.57
577.57
577.57
577.57
439.748
439.748
439.748
439.748
439.748
276.984
276.984
276.984
276.984
276.984
647.719
647.719
647.719
647.719
647.719
288.688
288.688
288.688
288.688
288.688
348.067
348.067
348.067
348.067
348.067
310.109
310.109
310.109
310.109
310.109
682.586
682.586
682.586
682.586
682.586
651.313
651.313
651.313
651.313
651.313
422.021
422.021
422.021
422.021
422.021
469.534
469.534
469.534
469.534
469.534
554.484
554.484
554.484
554.484
554.484
213
213
213
213
213
629.574
629.574
629.574
629.574
629.574
524.836
524.836
524.836
524.836
524.836
514.803
514.803
514.803
514.803
514.803
367.016
367.016
367.016
367.016
367.016
547.823
547.823
547.823
547.823
547.823
675.835
675.835
675.835
675.835
675.835
275
275
275
275
275
153.344
153.344
153.344
153.344
153.344
550.397
550.397
550.397
550.397
550.397
741.156
741.156
741.156
741.156
741.156
670.779
670.779
670.779
670.779
670.779
311.599
311.599
311.599
311.599
311.599
569.375
569.375
569.375
569.375
569.375
580.207
580.207
580.207
580.207
580.207
680.906
680.906
680.906
680.906
680.906
430.91
430.91
430.91
430.91
430.91
735.154
735.154
735.154
735.154
735.154
656.039
656.039
656.039
656.039
656.039
436.75
436.75
436.75
436.75
436.75
187.418
187.418
187.418
187.418
187.418
459.43
459.43
459.43
459.43
459.43
558.54
558.54
558.54
558.54
558.54
630.321
630.321
630.321
630.321
630.321
679.125
679.125
679.125
679.125
679.125
503.5
503.5
503.5
503.5
503.5
195.388
195.388
195.388
195.388
195.388
379.977
379.977
379.977
379.977
379.977
743.723
743.723
743.723
743.723
743.723
589.938
589.938
589.938
589.938
589.938
486.438
486.438
486.438
486.438
486.438
588.031
588.031
588.031
588.031
588.031
632.5
632.5
632.5
632.5
632.5
446.238
446.238
446.238
446.238
446.238
678.241
678.241
678.241
678.241
678.241
340.25
340.25
340.25
340.25
340.25
367.229
367.229
367.229
367.229
367.229
630.813
630.813
630.813
630.813
630.813
599.156
599.156
599.156
599.156
599.156
680.031
680.031
680.031
680.031
680.031
596.163
596.163
596.163
596.163
596.163
696.923
696.923
696.923
696.923
696.923
574.475
574.475
574.475
574.475
574.475
771.255
771.255
771.255
771.255
771.255
651.723
651.723
651.723
651.723
651.723
559.073
559.073
559.073
559.073
559.073
750.692
750.692
750.692
750.692
750.692
638.547
638.547
638.547
638.547
638.547
458.608
458.608
458.608
458.608
458.608
492.374
492.374
492.374
492.374
492.374
503.141
503.141
503.141
503.141
503.141
692.377
692.377
692.377
692.377
692.377
419.987
419.987
419.987
419.987
419.987
342.859
342.859
342.859
342.859
342.859
652.685
652.685
652.685
652.685
652.685
672.209
672.209
672.209
672.209
672.209
711.096
711.096
711.096
711.096
711.096
512.453
512.453
512.453
512.453
512.453
703.011
703.011
703.011
703.011
703.011
321.02
321.02
321.02
321.02
321.02
328.634
328.634
328.634
328.634
328.634
666.688
666.688
666.688
666.688
666.688
475.115
475.115
475.115
475.115
475.115
638.25
638.25
638.25
638.25
638.25
678.06
678.06
678.06
678.06
678.06
527.941
527.941
527.941
527.941
527.941
426.96
426.96
426.96
426.96
426.96
418.969
418.969
418.969
418.969
418.969
386.453
386.453
386.453
386.453
386.453
507.428
507.428
507.428
507.428
507.428
544.294
544.294
544.294
544.294
544.294
545.755
545.755
545.755
545.755
545.755
577.523
577.523
577.523
577.523
577.523
506.68
506.68
506.68
506.68
506.68
512.535
512.535
512.535
512.535
512.535
585.164
585.164
585.164
585.164
585.164
747.079
747.079
747.079
747.079
747.079
532.969
532.969
532.969
532.969
532.969
629.125
629.125
629.125
629.125
629.125
467.254
467.254
467.254
467.254
467.254
665.719
665.719
665.719
665.719
665.719
623.813
623.813
623.813
623.813
623.813
499.938
499.938
499.938
499.938
499.938
295.346
295.346
295.346
295.346
295.346
454.875
454.875
454.875
454.875
454.875
447.542
447.542
447.542
447.542
447.542
655.734
655.734
655.734
655.734
655.734
600.807
600.807
600.807
600.807
600.807
309.004
309.004
309.004
309.004
309.004
259.479
259.479
259.479
259.479
259.479
660.578
660.578
660.578
660.578
660.578
695.859
695.859
695.859
695.859
695.859
320.047
320.047
320.047
320.047
320.047
607.125
607.125
607.125
607.125
607.125
684.238
684.238
684.238
684.238
684.238
710.012
710.012
710.012
710.012
710.012
246
246
246
246
246
611
611
611
611
611
685.484
685.484
685.484
685.484
685.484
600.75
600.75
600.75
600.75
600.75
520.897
520.897
520.897
520.897
520.897
473.286
473.286
473.286
473.286
473.286
334.531
334.531
334.531
334.531
334.531
522.595
522.595
522.595
522.595
522.595
562.831
562.831
562.831
562.831
562.831
693.652
693.652
693.652
693.652
693.652
509.239
509.239
509.239
509.239
509.239
414.75
414.75
414.75
414.75
414.75
562.583
562.583
562.583
562.583
562.583
560.125
560.125
560.125
560.125
560.125
123.395
123.395
123.395
123.395
123.395
238.88
238.88
238.88
238.88
238.88
409.25
409.25
409.25
409.25
409.25
561.941
561.941
561.941
561.941
561.941
459.172
459.172
459.172
459.172
459.172
439.25
439.25
439.25
439.25
439.25
635.016
635.016
635.016
635.016
635.016
525.611
525.611
525.611
525.611
525.611
561.98
561.98
561.98
561.98
561.98
473.621
473.621
473.621
473.621
473.621
475.51
475.51
475.51
475.51
475.51
648.768
648.768
648.768
648.768
648.768
514.438
514.438
514.438
514.438
514.438
478.594
478.594
478.594
478.594
478.594
724.5
724.5
724.5
724.5
724.5
573.849
573.849
573.849
573.849
573.849
464.336
464.336
464.336
464.336
464.336
322.717
322.717
322.717
322.717
322.717
515.373
515.373
515.373
515.373
515.373
545.344
545.344
545.344
545.344
545.344
551.373
551.373
551.373
551.373
551.373
462.766
462.766
462.766
462.766
462.766
637.93
637.93
637.93
637.93
637.93
528.296
528.296
528.296
528.296
528.296
226.031
226.031
226.031
226.031
226.031
328.339
328.339
328.339
328.339
328.339
365.966
365.966
365.966
365.966
365.966
625.959
625.959
625.959
625.959
625.959
458.228
458.228
458.228
458.228
458.228
373.819
373.819
373.819
373.819
373.819
509.125
509.125
509.125
509.125
509.125
306.299
306.299
306.299
306.299
306.299
607.141
607.141
607.141
607.141
607.141
621.42
621.42
621.42
621.42
621.42
390.359
390.359
390.359
390.359
390.359
328.516
328.516
328.516
328.516
328.516
493.709
493.709
493.709
493.709
493.709
683.249
683.249
683.249
683.249
683.249
622.24
622.24
622.24
622.24
622.24
777.051
777.051
777.051
777.051
777.051
407.557
407.557
407.557
407.557
407.557
558.563
558.563
558.563
558.563
558.563
529.313
529.313
529.313
529.313
529.313
570.813
570.813
570.813
570.813
570.813
492.883
492.883
492.883
492.883
492.883
318.219
318.219
318.219
318.219
318.219
385.267
385.267
385.267
385.267
385.267
605.015
605.015
605.015
605.015
605.015
437
437
437
437
437
419.151
419.151
419.151
419.151
419.151
498.918
498.918
498.918
498.918
498.918
383.422
383.422
383.422
383.422
383.422
276.38
276.38
276.38
276.38
276.38
408.25
408.25
408.25
408.25
408.25
416.679
416.679
416.679
416.679
416.679
375.893
375.893
375.893
375.893
375.893
713.356
713.356
713.356
713.356
713.356
694.498
694.498
694.498
694.498
694.498
476.191
476.191
476.191
476.191
476.191
729.8
729.8
729.8
729.8
729.8
368.62
368.62
368.62
368.62
368.62
638.148
638.148
638.148
638.148
638.148
525.522
525.522
525.522
525.522
525.522
154.658
154.658
154.658
154.658
154.658
587.055
707.109
707.109
707.109
707.109
693.325
693.325
693.325
693.325
693.325
461.429
461.429
461.429
461.429
461.429
259.875
259.875
259.875
259.875
259.875
495.083
495.083
495.083
495.083
495.083
650.656
650.656
650.656
650.656
650.656
547.163
547.163
547.163
547.163
547.163
615.819
615.819
615.819
615.819
615.819
698.125
698.125
698.125
698.125
698.125
261.125
261.125
261.125
261.125
261.125
471.25
471.25
471.25
471.25
471.25
574.28
574.28
574.28
574.28
574.28
592.449
592.449
592.449
592.449
592.449
680.479
680.479
680.479
680.479
680.479
219.666
219.666
219.666
219.666
219.666
569.766
569.766
569.766
569.766
569.766
579
579
579
579
579
521.875
521.875
521.875
521.875
521.875
362
362
362
362
362
551.258
551.258
551.258
551.258
551.258
463.784
463.784
463.784
463.784
463.784
525.677
525.677
525.677
525.677
525.677
544.09
544.09
544.09
544.09
544.09
622.506
622.506
622.506
622.506
622.506
160.633
160.633
160.633
160.633
160.633
361.592
361.592
361.592
361.592
361.592
686.556
686.556
686.556
686.556
686.556
558.145
558.145
558.145
558.145
558.145
579.16
579.16
579.16
579.16
579.16
575.202
575.202
575.202
575.202
575.202
707.223
707.223
707.223
707.223
707.223
690.606
690.606
690.606
690.606
690.606
587.198
587.198
587.198
587.198
587.198
490.181
490.181
490.181
490.181
490.181
501.203
501.203
501.203
501.203
501.203
616.365
616.365
616.365
616.365
616.365
515.645
515.645
515.645
515.645
515.645
419.644
419.644
419.644
419.644
419.644
389.798
389.798
389.798
389.798
389.798
331.5
331.5
331.5
331.5
331.5
495.407
495.407
495.407
495.407
495.407
479.172
479.172
479.172
479.172
479.172
590.502
590.502
590.502
590.502
590.502
419.781
419.781
419.781
419.781
419.781
229.446
229.446
229.446
229.446
229.446
688.063
688.063
688.063
688.063
688.063
569.286
569.286
569.286
569.286
569.286
635.966
635.966
635.966
635.966
635.966
643.219
643.219
643.219
643.219
643.219
701.504
701.504
701.504
701.504
701.504
529.818
529.818
529.8
529.8
529.8
392.305
392.305
392.305
392.305
392.305
640.83
640.83
640.83
640.83
640.83
384.94
384.94
384.94
384.94
384.94
218.321
218.321
218.321
218.321
218.321
572.512
572.512
572.512
572.512
572.512
287.571
287.571
287.571
287.571
287.571
484.621
484.621
484.621
484.621
484.621
349.828
349.828
349.828
349.828
349.828
590.438
590.438
590.438
590.438
590.438
551
551
551
551
551
414.307
414.307
414.307
414.307
414.307
502.154
502.154
502.154
502.154
502.154
398.5
398.5
398.5
398.5
398.5
610.5
610.5
610.5
610.5
610.5
314
314
314
314
314
378.727
378.727
378.727
378.727
378.727
742.307
742.307
742.307
742.307
742.307
302.303
302.303
302.303
302.303
302.303
616.5
616.5
616.5
616.5
616.5
394.125
394.125
394.125
394.125
394.125
607.063
607.063
607.063
607.063
607.063
513.837
513.837
513.837
513.837
513.837
357.531
357.531
357.531
357.531
357.531
650.609
650.609
650.609
650.609
650.609
238.061
238.061
238.061
238.061
238.061
492.396
492.396
492.396
492.396
492.396
533.198
533.198
533.198
533.198
533.198
359.344
359.344
359.344
359.344
359.344
601.797
601.797
601.797
601.797
601.797
656.5
656.5
656.5
656.5
656.5
583.002
583.002
583.002
583.002
583.002
414.323
414.323
414.323
414.323
414.323
275.495
275.495
275.495
275.495
275.495
665.781
665.781
665.781
665.781
665.781
538.095
538.095
538.095
538.095
538.095
611.281
611.281
611.281
611.281
611.281
735.425
735.425
735.425
735.425
735.425
407.568
407.568
407.568
407.568
407.568
513.25
513.25
513.25
513.25
513.25
436.157
436.157
436.157
436.157
436.157
556.531
556.531
556.531
556.531
556.531
652.209
652.209
652.209
652.209
652.209
397.984
397.984
397.984
397.984
397.984
675.375
675.375
675.375
675.375
675.375
421.115
421.115
421.115
421.115
421.115
380.584
380.584
380.584
380.584
380.584
605.957
605.957
605.957
605.957
605.957
232.553
232.553
232.553
232.553
232.553
445.882
445.882
445.882
445.882
445.882
462.762
462.762
462.762
462.762
462.762
464.814
464.814
464.814
464.814
464.814
468.971
468.971
468.971
468.971
468.971
651.719
651.719
651.719
651.719
651.719
563.625
563.625
563.625
563.625
563.625
695.813
695.813
695.813
695.813
695.813
461.508
461.508
461.508
461.508
461.508
689.846
689.846
689.846
689.846
689.846
688.914
688.914
688.914
688.914
688.914
508
508
508
508
508
306.23
306.23
306.23
306.23
306.23
489.484
489.484
489.484
489.484
489.484
563.656
563.656
563.656
563.656
563.656
478.578
478.578
478.578
478.578
478.578
731.024
731.024
731.024
731.024
731.024
654.669
654.669
654.669
654.669
654.669
422.408
422.408
422.408
422.408
422.408
718.177
718.177
718.177
718.177
718.177
686.891
686.891
686.891
686.891
686.891
473.254
473.254
473.254
473.254
473.254
648.92
648.92
648.92
648.92
648.92
581.569
581.569
581.569
581.569
581.569
562.336
562.336
562.336
562.336
562.336
565.507
565.507
565.507
565.507
565.507
339
339
339
339
339
580.84
580.84
580.84
580.84
580.84
645.938
645.938
645.938
645.938
645.938
345.594
345.594
345.594
345.594
345.594
597.656
597.656
597.656
597.656
597.656
431.439
431.439
431.439
431.439
431.439
386.789
386.789
386.789
386.789
386.789
277.234
277.234
277.234
277.234
277.234
610.313
610.313
610.313
610.313
610.313
437.961
437.961
437.961
437.961
437.961
306.445
306.445
306.445
306.445
306.445
386.542
386.542
386.542
386.542
386.542
368.272
368.272
368.272
368.272
368.272
320.313
320.313
320.313
320.313
320.313
568.102
568.102
568.102
568.102
568.102
466.109
466.109
466.109
466.109
466.109
371.406
371.406
371.406
371.406
371.406
625.5
625.5
625.5
625.5
625.5
717.563
717.563
717.563
717.563
717.563
434.573
434.573
434.573
434.573
434.573
393.169
393.169
393.169
393.169
393.169
557.276
557.276
557.276
557.276
557.276
702.906
702.906
702.906
702.906
702.906
685.192
685.192
685.192
685.192
685.192
643.125
643.125
643.125
643.125
643.125
618.688
618.688
618.688
618.688
618.688
659.367
659.367
659.367
659.367
659.367
670.231
670.231
670.231
670.231
670.231
588.6
588.6
588.6
588.6
588.6
578.01
578.01
578.01
578.01
578.01
482.182
482.182
482.182
482.182
482.182
467.709
467.709
467.709
467.709
467.709
603.643
603.643
603.643
603.643
603.643
0
