0
0
0
0
696.962
696.962
696.962
696.962
696.962
662.743
662.743
662.743
662.743
662.743
754.3
754.3
754.3
754.3
754.3
544.809
544.809
544.809
544.809
544.809
411.756
411.756
411.756
411.756
411.756
566.922
566.922
566.922
566.922
566.922
731.587
731.587
731.587
731.587
731.587
753.225
753.225
753.225
753.225
753.225
774.437
774.437
774.437
774.437
774.437
785.869
785.869
785.869
785.869
785.869
734.149
734.149
734.149
734.149
734.149
611.117
611.117
611.117
611.117
611.117
565.273
565.273
565.273
565.273
565.273
596.469
596.469
596.469
596.469
596.469
771.742
771.742
771.742
771.742
771.742
486.234
486.234
486.234
486.234
486.234
736.452
736.452
736.452
736.452
736.452
709.134
709.134
709.134
709.134
709.134
722.056
722.056
722.056
722.056
722.056
755.514
755.514
755.514
755.514
755.514
768.137
768.137
768.137
768.137
768.137
768.581
768.581
768.581
768.581
768.581
640.522
640.522
640.522
640.522
640.522
688.983
688.983
688.983
688.983
688.983
691.984
691.984
691.984
691.984
691.984
577.765
577.765
577.765
577.765
577.765
508.365
508.365
508.365
508.365
508.365
477.899
477.899
477.899
477.899
477.899
664.258
664.258
664.258
664.258
664.258
702.352
702.352
702.352
702.352
702.352
463.562
463.562
463.562
463.562
463.562
576.92
576.92
576.92
576.92
576.92
698.428
698.428
698.428
698.428
698.428
728.655
728.655
728.655
728.655
728.655
505.439
505.439
505.439
505.439
505.439
719.472
719.472
719.472
719.472
719.472
734.595
734.595
734.595
734.595
734.595
710.226
710.226
710.226
710.226
710.226
746.794
746.794
746.794
746.794
746.794
635.093
635.093
635.093
635.093
635.093
579.323
579.323
579.323
579.323
579.323
420.442
420.442
420.442
420.442
420.442
763.684
763.684
763.684
763.684
763.684
678.599
678.599
678.599
678.599
678.599
675.02
675.02
675.02
675.02
675.02
465.281
465.281
465.281
465.281
465.281
507.297
507.297
507.297
507.297
507.297
627.943
627.943
627.943
627.943
627.943
672.673
672.673
672.673
672.673
672.673
768.146
768.146
768.146
768.146
768.146
617.643
617.643
617.643
617.643
617.643
589.438
589.438
589.438
589.438
589.438
348.558
348.558
348.558
348.558
348.558
726.503
726.503
726.503
726.503
726.503
778.088
778.088
778.088
778.088
778.088
713.099
713.099
713.099
713.099
713.099
698.431
698.431
698.431
698.431
698.431
545.895
545.895
545.895
545.895
545.895
752.579
752.579
752.579
752.579
752.579
258.619
258.619
258.619
258.619
258.619
485.875
485.875
485.875
485.875
485.875
344.131
344.131
344.131
344.131
344.131
576.375
576.375
576.375
576.375
576.375
514.077
514.077
514.077
514.077
514.077
642.898
642.898
642.898
642.898
642.898
705.852
705.852
705.852
705.852
705.852
343.483
343.483
343.483
343.483
343.483
537.531
537.531
537.531
537.531
537.531
749.346
749.346
749.346
749.346
749.346
757.634
757.634
757.634
757.634
757.634
740.424
740.424
740.424
740.424
740.424
712.85
712.85
712.85
712.85
712.85
674.452
674.452
674.452
674.452
674.452
533.496
533.496
533.496
533.496
533.496
749.622
749.622
749.622
749.622
749.622
753.631
753.631
753.631
753.631
753.631
657.562
657.562
657.562
657.562
657.562
684.971
684.971
684.971
684.971
684.971
560.547
560.547
560.547
560.547
560.547
403.547
403.547
403.547
403.547
403.547
762.033
762.033
762.033
762.033
762.033
679.582
679.582
679.582
679.582
679.582
578.034
578.064
578.064
578.064
578.064
499.544
499.544
499.544
499.544
499.544
769.947
769.947
769.947
769.947
769.947
546.905
546.905
546.905
546.905
546.905
465.502
465.502
465.502
465.502
465.502
401.297
401.297
401.297
401.297
401.297
594.01
594.01
594.01
594.01
594.01
588.41
588.41
588.41
588.41
588.41
754.166
754.166
753.582
753.582
753.582
572.997
572.997
572.997
572.997
572.997
573.543
573.543
573.543
573.543
573.543
506.241
506.241
506.241
506.241
506.241
774.187
774.187
774.187
774.187
774.187
734.448
734.448
734.448
734.448
734.448
695.352
695.352
695.352
695.352
695.352
727.534
727.534
727.534
727.534
727.534
684.988
684.988
684.988
684.988
684.988
582.876
582.876
582.876
582.876
582.876
602.823
602.823
602.823
602.823
602.823
704.202
704.202
704.202
704.202
704.202
685.171
685.171
685.171
685.171
685.171
598.25
598.25
598.25
598.25
598.25
645.928
645.928
645.928
645.928
645.928
506.693
506.693
506.693
506.693
506.693
779.534
779.534
779.534
779.534
779.534
429.88
429.88
429.88
429.88
429.88
402.346
402.346
402.346
402.346
402.346
459.285
459.285
459.285
459.285
459.285
387.948
387.948
387.948
387.948
387.948
336.945
336.945
336.945
336.945
336.945
632.952
632.952
632.952
632.952
632.952
380.66
380.66
380.66
380.66
380.66
685.38
685.38
685.38
685.38
685.38
292.13
292.13
292.13
292.13
292.13
504.618
504.618
504.618
504.618
504.618
621.439
621.439
621.439
621.439
621.439
701.193
701.193
701.193
701.193
701.193
699.608
699.608
699.608
699.608
699.608
692.825
692.825
692.825
692.825
692.825
442.809
442.809
442.809
442.809
442.809
490.853
490.853
490.853
490.853
490.853
540.713
540.713
540.713
540.713
540.713
700.222
700.222
700.222
700.222
700.222
789.717
789.717
789.717
789.717
789.717
775.701
775.701
775.701
775.701
775.701
784.807
784.807
784.807
784.807
784.807
785.256
785.256
785.256
785.256
785.256
772.56
772.56
772.56
772.56
772.56
764.979
764.979
764.979
764.979
764.979
761.123
761.123
761.123
761.123
761.123
737.892
737.892
737.892
737.892
737.892
683.946
683.946
683.946
683.946
683.946
616.908
616.908
616.908
616.908
616.908
575.672
575.672
575.672
575.672
575.672
436.433
436.433
436.433
436.433
436.433
442.446
442.446
442.446
442.446
442.446
369.949
369.949
369.949
369.949
369.949
768.243
768.243
768.243
768.243
768.243
730.514
730.514
730.514
730.514
730.514
688.902
688.902
688.902
688.902
688.902
468.448
468.448
468.448
468.448
468.448
649.314
649.314
649.314
649.314
649.314
311.567
311.567
311.567
311.567
311.567
694.63
694.631
694.631
694.631
694.631
533.171
533.171
533.171
533.171
533.171
688.142
688.142
688.142
688.142
688.142
710.534
710.534
710.534
710.534
710.534
592.668
592.668
592.668
592.668
592.668
595.135
595.135
595.135
595.135
595.135
563.311
563.311
563.311
563.311
563.311
351.017
351.017
351.017
351.017
351.017
269.803
269.803
269.803
269.803
269.803
577.939
577.939
577.939
577.939
577.939
569.846
569.846
569.846
569.846
569.846
771.066
771.066
771.066
771.066
771.066
707.526
707.526
707.526
707.526
707.526
693.854
693.854
693.854
693.854
693.854
784.615
784.615
784.615
784.615
784.615
762.308
762.308
762.308
762.308
762.308
783.361
783.361
783.361
783.361
783.361
728.835
729.264
729.264
729.264
729.264
746.359
746.359
746.359
746.359
746.359
776.051
776.051
776.051
776.051
776.051
759.334
759.334
759.334
759.334
759.334
715.683
715.683
715.476
715.476
715.476
763.256
763.256
763.256
763.256
763.256
524.275
524.275
524.275
524.275
524.275
636.21
636.21
635.92
635.92
635.92
657.681
657.681
657.681
657.681
657.681
668.814
668.814
668.823
668.823
668.823
747.79
747.79
747.79
747.79
747.79
539.205
539.205
539.205
539.205
539.205
602.5
602.5
602.5
602.5
602.5
729.643
729.643
729.643
729.643
729.643
616.51
616.51
616.51
616.51
616.51
163.656
163.656
163.656
163.656
163.656
346.048
346.048
346.048
346.048
346.048
736.177
736.177
736.177
736.177
736.177
612.161
612.161
612.161
612.161
612.161
642.828
642.828
642.828
642.828
642.828
759.262
759.262
759.262
759.262
759.262
385.09
385.09
385.09
385.09
385.09
313.088
313.088
313.088
313.088
313.088
456.856
456.856
456.856
456.856
456.856
583.201
583.201
583.201
583.201
583.201
681.359
681.359
681.359
681.359
681.359
729.407
729.407
729.407
729.407
729.407
462.006
462.006
462.006
462.006
462.006
646.89
646.89
646.89
646.89
646.89
466.631
466.631
466.631
466.631
466.631
502.177
502.177
502.177
502.177
502.177
207.603
207.603
207.603
207.603
207.603
728.31
728.31
728.31
728.31
728.31
768.412
768.412
768.412
768.412
768.412
744.27
744.27
744.27
744.27
744.27
680.294
680.294
680.294
680.294
680.294
774.181
774.181
774.181
774.181
774.181
655.677
655.677
655.677
655.677
655.677
422.349
422.349
422.349
422.349
422.349
758.875
758.875
758.875
758.875
758.875
691.518
691.517
691.517
691.517
691.517
412.255
412.255
412.255
412.255
412.255
752.926
752.926
752.926
752.926
752.926
768.663
768.663
768.663
768.663
768.663
764.538
764.538
764.538
764.538
764.538
702.504
702.504
702.504
702.504
702.504
773.474
773.474
773.474
773.474
773.474
789.196
789.196
789.196
789.196
789.196
796.443
796.443
796.443
796.443
796.443
782.44
782.44
782.44
782.44
782.44
790.189
790.189
790.189
790.189
790.189
785.455
785.455
785.455
785.455
785.455
759.218
759.218
759.218
759.218
759.218
753.054
753.054
753.054
753.054
753.054
709.298
709.298
709.298
709.298
709.298
705.145
705.145
705.145
705.145
705.145
686.104
686.104
686.104
686.104
686.104
601.272
601.272
601.272
601.272
601.272
609.818
609.818
609.818
609.818
609.818
758.612
758.612
758.612
758.612
758.612
751.718
751.718
751.718
751.718
751.718
477.758
477.758
477.758
477.758
477.758
511.534
511.534
511.534
511.534
511.534
667.312
667.312
667.312
667.312
667.312
478.375
478.375
478.375
478.375
478.375
709.052
709.052
709.052
709.052
709.052
148.769
148.769
148.769
148.769
148.769
293.463
293.463
293.463
293.463
293.463
712.651
712.651
712.651
712.651
712.651
650.987
650.987
650.987
650.987
650.987
774.675
774.675
774.675
774.675
774.675
695.371
695.371
695.371
695.371
695.371
479.782
479.782
479.782
479.782
479.782
425.159
425.159
425.159
425.159
425.159
599.034
599.034
599.034
599.034
599.034
606.785
606.785
606.785
606.785
606.785
620.781
620.781
620.781
620.781
620.781
412.319
412.319
412.319
412.319
412.319
678.107
678.107
678.107
678.107
678.107
296.618
296.606
296.606
296.606
296.606
744.627
744.627
744.627
744.627
744.627
629.616
629.616
629.616
629.616
629.616
539.826
539.826
539.826
539.826
539.826
419.654
419.654
419.654
419.654
419.654
445.785
445.785
445.785
445.785
445.785
695.034
695.034
695.034
695.034
695.034
785.007
785.007
785.007
785.007
785.007
786.297
786.297
786.297
786.297
786.297
788.848
788.848
788.848
788.848
788.848
791.511
791.511
791.511
791.511
791.511
788.409
788.409
788.409
788.409
788.409
795.492
795.492
795.492
795.492
795.492
789.041
789.041
789.041
789.041
789.041
784.005
784.005
784.005
784.005
784.005
775.688
775.688
775.688
775.688
775.688
787.231
787.231
787.231
787.231
787.231
780.821
780.821
780.821
780.821
780.821
759.005
759.005
759.005
759.005
759.005
765.814
765.814
765.814
765.814
765.814
742.367
742.367
742.367
742.367
742.367
783.191
783.191
783.191
783.191
783.191
788.402
788.402
788.402
788.402
788.402
780.384
780.384
780.384
780.384
780.384
752.897
752.897
752.897
752.897
752.897
721.257
721.257
721.257
721.257
721.257
645.348
645.348
645.348
645.348
645.348
761.127
761.127
761.127
761.127
761.127
693.674
693.674
693.674
693.674
693.674
735.906
735.906
735.906
735.906
735.906
585.618
585.618
585.618
585.618
585.618
705.434
705.434
705.434
705.434
705.434
727.177
727.177
727.177
727.177
727.177
739.298
739.298
739.298
739.298
739.298
744.854
744.854
744.854
744.854
744.854
709.424
709.424
709.424
709.424
709.424
657.729
657.729
657.729
657.729
657.729
578.571
578.571
578.571
578.571
578.571
284.981
284.981
284.981
284.981
284.981
533.752
533.752
533.752
533.752
533.752
611.692
611.692
611.692
611.692
611.692
528.238
528.238
528.238
528.238
528.238
529.772
529.772
529.772
529.772
529.772
783.248
783.248
783.248
783.248
783.248
738.584
738.584
738.584
738.584
738.584
592.627
592.627
592.627
592.627
592.627
594.239
594.239
594.239
594.239
594.239
696.784
696.784
696.784
696.784
696.784
456.503
456.503
456.503
456.503
456.503
739.562
739.562
739.562
739.562
739.562
786.88
786.88
786.88
786.88
786.88
724.815
724.815
724.815
724.815
724.815
732.382
732.382
732.382
732.382
732.382
436.96
436.96
436.96
436.96
436.96
478.958
478.958
478.958
478.958
478.958
655.875
655.875
655.875
655.875
655.875
629.034
629.034
629.034
629.034
629.034
438.875
438.875
438.875
438.875
438.875
700.45
700.45
700.45
700.45
700.45
742.748
742.748
742.748
742.748
742.748
767.024
767.024
767.024
767.024
767.024
785.563
785.563
785.563
785.563
785.563
737.659
737.659
737.659
737.659
737.659
731.3
731.3
731.3
731.3
731.3
652.949
652.949
652.949
652.949
652.949
679.304
679.304
679.304
679.304
679.304
539.435
539.435
539.435
539.435
539.435
771.309
771.309
771.309
771.309
771.309
777.811
777.811
777.811
777.811
777.811
780.74
780.74
780.74
780.74
780.74
796.049
796.049
796.049
796.049
796.049
786.156
786.156
786.156
786.156
786.156
780.116
780.116
780.116
780.116
780.116
793.282
793.282
793.282
793.282
793.282
785.352
785.352
785.352
785.352
785.352
769.008
769.008
769.008
769.008
769.008
773.734
773.734
773.734
773.734
773.734
732.516
732.516
732.516
732.516
732.516
752.468
752.468
752.468
752.468
752.468
772.831
772.831
772.831
772.831
772.831
766.743
766.743
766.743
766.743
766.743
762.002
762.002
762.002
762.002
762.002
793.368
793.368
793.368
793.368
793.368
774.807
774.807
774.807
774.807
774.807
743.757
743.757
743.757
743.757
743.757
793.875
793.875
793.875
793.875
793.875
787.533
787.533
787.533
787.533
787.533
766.799
766.799
766.799
766.799
766.799
780.334
780.334
780.334
780.334
780.334
740.374
740.374
740.374
740.374
740.374
730.413
730.413
730.413
730.413
730.413
763.014
763.014
763.014
763.014
763.014
533.857
533.857
533.857
533.857
533.857
373.913
373.913
373.913
373.913
373.913
430.151
430.151
430.151
430.151
430.151
428.277
428.277
428.277
428.277
428.277
222.684
222.684
222.684
222.684
222.684
612.524
612.524
612.524
612.524
612.524
697.337
697.337
697.337
697.337
697.337
352.562
352.562
352.562
352.562
352.562
717.341
717.341
717.341
717.341
717.341
623.923
623.923
623.923
623.923
623.923
542.797
542.797
542.797
542.797
542.797
547.271
547.271
547.271
547.271
547.271
776.656
776.656
776.656
776.656
776.656
754.296
754.296
754.296
754.296
754.296
676.371
602.743
602.743
602.743
602.743
778.524
778.524
778.524
778.524
778.524
764.754
764.754
764.754
764.754
764.754
780.725
780.725
780.725
780.725
780.725
780.642
780.642
780.642
780.642
780.642
747.85
747.85
747.85
747.85
747.85
789.92
789.92
789.92
789.92
789.92
749.834
749.834
749.834
749.834
749.834
780.43
780.43
780.43
780.43
780.43
778.518
778.518
778.518
778.518
778.518
788.298
788.298
788.298
788.298
788.298
733.875
733.875
733.875
733.875
733.875
787.245
787.245
787.245
787.245
787.245
695.151
695.151
695.151
695.151
695.151
668.313
668.313
668.313
668.313
668.313
776.248
776.248
776.248
776.248
776.248
774.641
774.641
774.641
774.641
774.641
647.494
647.494
647.494
647.494
647.494
733.791
733.791
733.791
733.791
733.791
304.221
304.221
304.221
304.221
304.221
547.012
547.012
547.012
547.012
547.012
742.293
742.293
742.293
742.293
742.293
630.883
630.883
630.883
630.883
630.883
365.767
365.767
365.655
365.655
365.655
614.752
614.752
614.752
614.752
614.752
484.882
484.882
484.882
484.882
484.882
616.766
616.766
616.766
616.766
616.766
166.177
166.177
166.177
166.177
166.177
512.121
512.121
512.121
512.121
512.121
661.125
661.125
661.125
661.125
661.125
683.916
683.916
683.916
683.916
683.916
699.771
699.771
699.771
699.771
699.771
768.835
768.835
768.835
768.835
768.835
783.554
783.554
783.559
783.559
783.559
670.58
670.58
670.58
670.58
670.58
460.827
460.827
460.827
460.827
460.827
550.074
550.074
550.074
550.074
550.074
434.226
434.226
434.226
434.226
434.226
537.915
537.915
537.915
537.915
537.915
482.344
482.344
482.344
482.344
482.344
647.492
647.492
647.492
647.492
647.492
531.453
531.453
531.453
531.453
531.453
774.262
774.262
774.262
774.262
774.262
638.976
638.976
638.976
638.976
638.976
691.34
691.34
691.34
691.34
691.34
669.931
669.931
669.931
669.931
669.931
667.26
668.223
668.223
668.223
668.223
502.23
502.23
502.23
502.23
502.23
701.745
701.745
701.745
701.745
701.745
635.494
635.494
635.494
635.494
635.494
571.644
571.644
571.644
571.644
571.644
702.012
702.012
702.012
702.012
702.012
712.791
712.791
712.791
712.791
712.791
778.735
778.735
778.735
778.735
778.735
789.861
789.861
789.861
789.861
789.861
778.439
778.439
778.439
778.439
778.439
769.126
769.126
769.126
769.126
769.126
782.301
782.301
782.301
782.301
782.301
767.669
767.669
767.669
767.669
767.669
774.018
774.018
774.018
774.018
774.018
783.234
783.234
783.234
783.234
783.234
761.525
761.525
761.525
761.525
761.525
747.471
747.471
747.471
747.471
747.471
790.523
790.523
790.523
790.523
790.523
780.313
780.313
780.313
780.313
780.313
722.737
722.737
722.737
722.737
722.737
705.748
705.748
705.748
705.748
705.748
619.455
619.455
619.455
619.455
619.455
412.842
412.842
412.842
412.842
412.842
712.738
712.738
712.738
712.738
712.738
591.301
591.301
591.301
591.301
591.301
614.198
614.198
614.198
614.198
614.198
780.162
780.162
780.162
780.162
780.162
791.335
791.335
791.335
791.335
791.335
760.71
760.71
760.71
760.71
760.71
740.747
740.747
740.747
740.747
740.747
597.85
597.85
597.85
597.85
597.85
534.294
534.294
534.294
534.294
534.294
439.299
439.299
439.299
439.299
439.299
708.176
708.176
708.176
708.176
708.176
777.973
777.973
777.973
777.973
777.973
777.381
777.381
777.381
777.381
777.381
784.994
784.994
784.994
784.994
784.994
762.456
762.463
762.463
762.463
762.463
793.006
793.006
793.006
793.006
793.006
789.324
789.324
789.324
789.324
789.324
779.181
779.181
779.181
779.181
779.181
779.945
779.945
779.945
779.945
779.945
783.749
783.749
783.749
783.749
783.749
707.514
707.514
707.514
707.514
707.514
756.703
756.703
756.703
756.703
756.703
768.81
768.81
768.81
768.81
768.81
763.751
763.751
763.751
763.751
763.751
759.841
759.841
759.841
759.841
759.841
710.81
710.81
710.81
710.81
710.81
757.37
757.37
757.37
757.37
757.37
781.9
781.9
781.9
781.9
781.9
766.996
766.996
766.996
766.996
766.996
765.621
765.621
765.621
765.621
765.621
776.968
776.968
776.968
776.968
776.968
730.15
730.15
730.15
730.15
730.15
632.485
632.485
632.485
632.485
632.485
728.948
728.948
728.948
728.948
728.948
456.648
456.648
456.648
456.648
456.648
407.644
407.644
407.644
407.644
407.644
756.596
756.596
756.596
756.596
756.596
364.894
364.894
364.894
364.894
364.894
633.719
633.719
633.719
633.719
633.719
670.861
670.861
670.861
670.861
670.861
770.894
770.894
770.894
770.894
770.894
750.53
750.53
750.53
750.53
750.53
760.556
760.556
760.556
760.556
760.556
746.832
746.832
746.832
746.832
746.832
716.669
716.669
716.669
716.669
716.669
741.689
741.689
741.689
741.689
741.689
761.663
761.663
761.663
761.663
761.663
754.492
754.492
754.492
754.492
754.492
750.777
750.777
750.777
750.777
750.777
746.808
746.808
746.808
746.808
746.808
783.422
783.422
783.422
783.422
783.422
589.014
589.014
589.014
589.014
589.014
770.123
770.123
770.123
770.123
770.123
713.379
713.379
713.379
713.379
713.379
552.985
552.985
552.985
552.985
552.985
606.375
606.375
606.375
606.375
606.375
750.03
750.03
750.03
750.03
750.03
653.274
653.274
653.274
653.274
653.274
320.388
320.388
320.388
320.388
320.388
614.449
614.449
614.449
614.449
614.449
576.515
576.515
576.515
576.515
576.515
712.361
712.361
712.361
712.361
712.361
269.153
269.153
269.153
269.153
269.153
251.987
251.987
251.987
251.987
251.987
559.799
559.799
559.799
559.799
559.799
599.07
599.07
599.07
599.07
599.07
722.369
722.369
722.369
722.369
722.369
761.831
761.831
761.831
761.831
761.831
464.064
464.064
464.064
464.064
464.064
224.417
224.417
224.417
224.417
224.417
707.417
707.417
707.417
707.417
707.417
205.422
205.422
205.422
205.422
205.422
334.741
334.741
334.741
334.741
334.741
768.024
768.024
768.024
768.024
768.024
781.051
781.051
781.051
781.051
781.051
772.043
772.043
772.043
772.043
772.043
766.53
766.53
766.53
766.53
766.53
765.877
765.877
765.877
765.877
765.877
790.223
790.223
790.223
790.223
790.223
785.882
785.882
785.882
785.882
785.882
783.364
783.364
783.364
783.364
783.364
792.427
792.427
792.427
792.427
792.427
778.58
778.58
778.58
778.58
778.58
776.042
776.042
776.042
776.042
776.042
790.315
790.315
790.315
790.315
790.315
776.305
776.305
776.305
776.305
776.305
786.149
786.149
786.149
786.149
786.149
788.649
788.649
788.649
788.649
788.649
792.875
792.875
792.875
792.875
792.875
793.165
793.165
793.166
793.166
793.166
771.848
771.848
774.195
774.195
774.195
757.292
757.292
757.292
757.292
757.292
749.34
749.34
749.34
749.34
749.34
786.909
786.909
786.909
786.909
786.909
775.701
775.701
775.701
775.701
775.701
750.186
750.186
750.186
750.186
750.186
773.892
773.892
773.892
773.892
773.892
732.834
732.883
732.883
732.883
732.883
753.819
753.819
753.819
753.819
753.819
785.136
785.136
785.136
785.136
785.136
777.504
777.504
777.504
777.504
777.504
781.009
781.009
781.009
781.009
781.009
781.911
781.911
781.911
781.911
781.911
758.017
758.017
758.017
758.017
758.017
661.543
661.543
661.543
669.835
669.835
328.816
328.816
328.816
328.816
328.816
680.499
680.499
680.499
680.499
680.499
713.418
713.418
713.418
713.418
713.418
538.375
538.375
538.375
538.375
538.375
625.335
625.335
625.335
625.335
625.335
460.198
460.198
460.198
460.198
460.198
626.84
626.84
626.84
626.84
626.84
302.029
302.03
302.03
302.03
302.03
739.318
739.318
739.318
739.318
739.318
758.227
758.227
758.227
758.227
758.227
626.324
626.324
626.324
626.324
626.324
601.859
601.859
601.859
601.859
601.859
484.461
484.461
484.461
484.461
484.461
364.781
364.781
364.781
364.781
364.781
557.235
557.235
557.235
557.235
557.235
744.194
744.194
744.194
744.194
744.194
759.237
759.237
759.237
759.237
759.237
722.021
722.021
722.021
722.021
722.021
681.578
681.578
681.578
681.578
681.578
729.457
729.457
729.457
729.457
729.457
776.579
776.579
776.579
776.579
776.579
784.035
784.035
784.035
784.035
784.035
763.85
763.85
763.85
763.85
763.85
748.795
748.795
748.795
748.795
748.795
758.604
758.604
758.604
758.604
758.604
767.218
767.218
767.218
767.218
767.218
734.44
734.44
734.44
734.44
734.44
762.951
762.951
762.951
762.951
762.951
674.731
674.731
674.731
674.731
674.731
388.295
388.295
388.295
388.295
388.295
602.648
602.648
602.648
602.648
602.648
534.192
534.192
534.192
534.192
534.192
357.906
357.906
357.906
357.906
357.906
402.5
402.5
402.5
402.5
402.5
471.634
471.634
471.634
471.634
471.634
615.762
615.762
615.762
615.762
615.762
691.663
691.678
691.678
691.678
691.678
517.439
517.439
517.439
517.439
517.439
446.454
446.454
446.454
446.454
446.454
754.383
754.383
754.383
754.383
754.383
748.545
748.545
748.545
748.545
748.545
736.189
736.189
736.189
736.189
736.189
749.309
749.309
749.309
749.309
749.309
741.837
741.837
741.837
741.837
741.837
678.23
678.23
678.23
678.23
678.23
505.039
505.039
505.039
505.039
505.039
675.095
675.095
675.095
675.095
675.095
226.314
226.314
226.314
226.314
226.314
314.562
314.562
314.562
314.562
314.562
631.673
631.673
631.673
631.673
631.673
492.543
492.543
492.543
492.543
492.543
712.597
712.597
712.597
712.597
712.597
718.192
718.192
718.192
718.192
718.192
708.585
708.585
708.585
708.585
708.585
608.15
608.15
608.15
608.15
608.15
543.52
543.52
543.52
543.52
543.52
537.57
537.57
537.57
537.57
537.57
721.968
721.968
721.968
721.968
721.968
338.016
338.016
338.016
338.016
338.016
510.095
510.095
510.095
510.095
510.095
328.229
328.229
328.229
328.229
328.229
450.612
450.612
450.612
450.612
450.612
588.203
588.203
588.203
588.203
588.203
517.82
517.82
517.82
517.82
517.82
532.578
532.578
532.578
532.578
532.578
400.019
400.019
400.019
400.019
400.019
777.019
777.019
777.019
777.019
777.019
709.26
709.26
709.26
709.26
709.26
482.788
482.788
482.788
482.788
482.788
358.041
358.041
358.041
358.041
358.041
701.889
701.889
701.889
701.889
701.889
516.546
516.546
516.546
516.546
516.546
507.46
507.46
507.46
507.46
507.46
769.775
769.775
769.775
769.775
769.775
701.313
701.313
701.313
701.313
701.313
571.258
571.258
571.258
571.258
571.258
655.619
655.619
655.619
655.619
655.619
717.617
717.617
717.617
717.617
717.617
637.718
637.718
637.718
637.718
637.718
713.858
713.858
713.858
713.858
713.858
620.824
620.824
620.824
620.824
620.824
589.84
589.84
589.84
589.84
589.84
655.89
655.89
655.89
655.89
655.89
477.283
477.283
477.283
477.283
477.283
499.297
499.297
499.297
499.297
499.297
678.608
678.608
678.608
678.608
678.608
612.674
612.674
612.674
612.674
612.674
724.985
724.985
724.985
724.985
724.985
780.813
780.813
780.813
780.813
780.813
769.857
769.857
769.857
769.857
769.857
713.084
713.084
713.084
713.084
713.084
715.771
715.771
715.771
715.771
715.771
372.926
372.926
372.926
372.926
372.926
654.187
654.187
654.187
654.187
654.187
449.928
449.928
449.928
449.928
449.928
354.054
354.054
351.42
351.42
351.42
760.852
760.852
760.852
760.852
760.852
779.533
779.533
779.533
779.533
779.533
650.73
650.73
650.73
650.73
650.73
627.977
627.977
627.977
627.977
627.977
421.627
421.627
421.627
421.627
421.627
721.798
721.798
721.798
721.798
721.798
518.342
518.342
518.342
518.342
518.342
736.243
736.243
736.243
736.243
736.243
716.77
716.77
716.77
716.77
716.77
780.753
780.753
780.753
780.753
780.753
690.417
690.417
690.417
690.417
690.417
516.624
516.624
516.624
516.624
516.624
488.978
488.978
488.978
488.978
488.978
747.227
747.227
747.227
747.227
747.227
573.24
573.24
573.24
573.24
573.24
645.572
645.572
645.572
645.572
645.572
322.19
322.19
322.19
322.19
322.19
559.208
559.208
559.208
559.208
559.208
373.18
373.18
373.18
373.18
373.18
591.076
591.076
591.076
591.076
591.076
378.583
378.583
378.583
378.583
378.583
267.98
267.98
267.98
267.98
267.98
238.823
238.823
238.823
242.771
242.771
552.965
552.965
552.965
552.965
552.965
766.313
766.313
766.313
766.313
766.313
740.954
740.954
740.954
740.954
740.954
356.126
356.126
356.126
356.126
356.126
739.888
739.888
739.888
739.888
739.888
699.373
699.373
699.373
699.373
699.373
554.994
554.994
554.994
554.994
554.994
654.652
654.652
654.652
654.652
654.652
604.836
604.836
604.836
604.836
604.836
544.782
544.782
544.782
544.782
544.782
574.51
574.51
574.51
574.51
574.51
524.214
524.214
524.214
524.214
524.214
536.979
536.979
536.979
536.979
536.979
732.84
732.84
732.84
732.84
732.84
499.854
499.854
499.854
499.854
499.854
731.376
731.376
731.376
731.376
731.376
727.719
727.719
727.719
727.719
727.719
739.34
739.34
739.34
739.34
739.34
270.207
270.207
270.207
270.207
270.207
517.201
517.201
517.201
517.201
517.201
577.141
577.141
577.141
577.141
577.141
534.732
534.732
534.732
534.732
534.732
751.073
751.073
751.073
751.073
751.073
690.645
690.645
690.645
690.645
690.645
547.41
547.41
547.41
547.41
547.41
741.743
741.743
741.743
741.743
741.743
732.277
732.277
732.277
732.277
732.277
547.357
547.357
547.357
547.357
547.357
402.725
402.725
402.725
402.725
402.725
514.629
514.629
514.629
514.629
514.629
667.96
667.96
667.96
667.96
667.96
535.386
535.386
535.386
535.386
535.386
385.709
385.709
385.709
385.709
385.709
755.639
755.639
755.639
755.639
755.639
763.154
763.154
763.154
763.154
763.154
765.355
765.355
765.355
765.355
765.355
749.325
749.325
749.325
749.325
749.325
779.695
779.695
779.695
779.695
779.695
765.554
765.554
765.554
765.554
765.554
769.355
769.365
769.365
769.365
769.365
754.697
754.697
754.697
754.697
754.697
755.529
755.529
755.529
755.529
755.529
740.498
740.498
740.498
740.498
740.498
777.982
777.982
777.982
777.982
777.982
778.051
778.051
778.051
778.051
778.051
732.499
732.499
732.499
732.499
732.499
775.691
775.691
775.691
775.691
775.691
698.601
698.601
698.601
698.601
698.601
715.453
715.453
715.453
715.453
715.453
750.68
750.68
750.68
750.68
750.68
678.292
678.292
678.292
678.292
678.292
646.331
646.331
646.331
646.331
646.331
603.633
603.633
603.633
603.633
603.633
648.566
648.566
648.566
648.566
648.566
612.106
612.106
612.106
612.106
612.106
446.861
446.861
446.861
446.861
446.861
167.794
167.794
167.794
167.794
167.794
480.709
480.709
480.709
480.709
480.709
640.346
640.346
640.346
640.346
640.346
599.914
599.914
599.914
599.914
599.914
477.757
477.757
477.757
477.757
477.757
545.112
545.112
545.112
545.112
545.112
554.521
554.521
554.521
554.521
554.521
675.374
675.374
675.374
675.374
675.374
764.236
764.236
764.236
764.236
764.236
758.597
758.597
758.597
758.597
758.597
792.294
792.294
792.294
792.294
792.294
791.166
791.166
791.166
791.166
791.166
784.603
784.603
784.603
784.603
784.603
750.881
750.881
750.881
750.881
750.881
765.636
765.636
765.636
765.636
765.636
769.415
769.415
769.415
769.415
769.415
755.712
755.712
755.712
755.712
755.712
779.468
779.468
779.468
779.468
779.468
745.539
745.539
745.539
745.539
745.539
709.425
709.425
709.425
709.425
709.425
789.292
789.292
789.292
789.292
789.292
715.083
715.083
715.083
715.083
715.083
753.496
753.496
753.496
753.496
753.496
778.022
778.022
778.022
778.022
778.022
758.423
758.423
758.423
758.423
758.423
758.509
758.509
758.509
758.509
758.509
791.39
791.39
791.39
791.39
791.39
693.71
693.71
693.874
693.874
693.874
639.766
639.766
639.766
639.766
639.766
588.328
588.328
588.328
588.328
588.328
749.863
749.863
749.863
749.863
749.863
428.112
428.112
428.112
428.112
428.112
785.691
785.691
785.691
785.691
785.691
733.359
733.359
733.359
733.359
733.359
613.358
613.358
613.358
613.358
613.358
734.749
734.749
734.749
734.749
734.749
722.92
722.92
722.92
722.92
722.92
671.081
671.081
671.081
671.081
671.081
557.495
557.495
557.495
557.495
557.495
416.496
416.496
416.496
416.496
416.496
579.957
579.957
579.957
579.957
579.957
693.648
693.648
693.648
693.648
693.648
607.147
607.147
607.147
607.147
607.147
392.264
392.264
392.264
392.264
392.264
484.733
484.733
484.733
484.733
484.733
735.75
735.75
735.75
735.75
735.75
355.95
355.95
355.95
355.95
355.95
651.303
651.303
651.303
651.303
651.303
534.842
534.842
534.842
534.842
534.842
476.408
476.408
476.408
476.408
476.408
317.519
317.519
317.519
317.519
317.519
667.125
667.125
667.125
667.125
667.125
639.611
639.611
639.611
639.611
639.611
642.966
642.966
642.966
642.966
642.966
738.751
738.751
738.751
738.751
738.751
748.906
748.906
748.906
748.906
748.906
774.002
774.002
774.002
774.002
774.002
781.616
781.616
781.616
781.616
781.616
774.137
774.137
774.137
774.137
774.137
790.206
790.206
790.206
790.206
790.206
785.637
785.637
785.637
785.637
785.637
779.07
779.07
779.07
779.07
779.07
788.685
788.685
788.685
788.685
788.685
783.87
783.87
783.87
783.87
783.87
784.577
784.577
784.577
784.577
784.577
788.306
788.306
788.306
788.306
788.306
789.857
789.857
789.857
789.857
789.857
783.969
783.969
783.969
783.969
783.969
790.158
790.158
790.158
790.158
790.158
783.93
783.93
783.93
783.93
783.93
780.5
780.5
780.5
780.5
780.5
782.789
782.789
782.789
782.789
782.789
790.021
790.021
790.021
790.021
790.021
787.426
787.426
787.426
787.426
787.426
795.409
795.409
795.409
795.409
795.409
784.937
784.937
784.937
784.937
784.937
779.455
779.455
779.455
779.455
779.455
796.913
796.913
796.913
796.913
796.913
794.129
794.129
794.129
794.129
794.129
786.516
786.516
786.516
786.516
786.516
793.482
793.482
793.482
793.482
793.482
788.281
788.281
788.281
788.281
788.281
785.942
785.942
785.942
785.942
785.942
790.647
790.647
790.647
790.647
790.647
781.591
781.591
781.591
781.591
781.591
777.327
777.327
777.327
777.327
777.327
775.396
775.396
775.396
775.396
775.396
789.17
789.17
789.17
789.17
789.17
775.078
775.078
775.078
775.078
775.078
794.366
794.366
794.366
794.366
794.366
791.443
791.443
791.443
791.443
791.443
772.253
772.253
772.253
772.253
772.253
792.098
792.098
792.098
792.098
792.098
774.699
774.699
774.699
774.699
774.699
770.509
770.509
770.509
770.509
770.509
783.697
783.697
783.697
783.697
783.697
780.196
780.196
780.196
780.196
780.196
767.688
767.688
767.688
767.688
767.688
756.164
756.164
756.164
756.164
756.164
755.927
755.927
755.927
755.927
755.927
771.618
771.618
771.618
771.618
771.618
768.352
768.352
768.352
768.352
768.352
760.142
760.142
760.142
760.142
760.142
769.018
769.018
769.018
769.018
769.018
793.966
793.966
793.966
793.966
793.966
787.342
787.342
787.342
787.342
787.342
789.2
789.2
789.2
789.2
789.2
771.093
771.093
771.093
771.093
771.093
784.111
784.111
784.111
784.111
784.111
786.934
786.934
786.934
786.934
786.934
788.567
788.567
788.567
788.567
788.567
757.837
757.837
757.837
757.837
757.837
745.305
745.305
745.305
745.305
745.305
779.973
779.973
779.973
779.973
779.973
747.021
747.021
747.021
747.021
747.021
738.442
738.442
738.442
738.442
738.442
768.752
768.752
768.752
768.752
768.752
781.814
781.814
781.814
781.814
781.814
775.082
775.082
775.082
775.082
775.082
793.851
793.851
793.851
793.851
793.851
792.762
792.762
792.762
792.762
792.762
774.664
774.664
774.664
774.664
774.664
773.632
773.632
773.632
773.632
773.632
767.416
767.416
767.416
767.416
767.416
786.258
786.258
786.258
786.258
786.258
776.611
776.611
776.611
776.611
776.611
763.765
763.765
763.765
763.765
763.765
759.55
759.55
759.55
759.55
759.55
785.799
785.799
785.799
785.799
785.799
776.675
777.35
777.35
777.35
777.35
763.785
763.785
763.785
763.785
763.785
776.639
776.639
776.639
776.639
776.639
747.086
747.086
747.086
747.086
747.086
696.943
696.943
696.943
696.943
696.943
390.769
390.769
390.769
390.769
390.769
555.297
555.297
555.297
555.297
555.297
702.603
702.603
702.603
702.603
702.603
682.487
682.487
682.487
682.487
682.487
490.564
490.564
490.564
490.564
490.564
459.013
459.013
459.013
459.013
459.013
416.26
416.26
416.26
416.26
416.26
372.22
372.22
372.22
372.22
372.22
398.309
398.309
398.309
398.309
398.309
542.19
542.19
542.19
542.19
542.19
765.395
765.395
765.395
765.395
765.395
297.663
297.663
297.663
297.663
297.663
625.281
625.281
625.281
625.281
625.281
408.734
408.734
408.734
408.734
408.734
384.95
384.95
384.95
384.95
384.95
488.14
488.14
488.14
488.14
488.14
518.561
518.561
518.561
518.561
518.561
470.411
470.698
470.698
470.698
470.698
699.479
699.479
699.479
699.479
699.479
614.781
614.781
614.781
614.781
614.781
374.898
374.898
374.898
374.898
374.898
748.382
748.382
748.382
748.382
748.382
573.272
573.272
573.272
573.272
573.272
688.309
688.309
688.309
688.309
688.309
392.494
392.494
392.494
392.494
392.494
508.133
508.133
508.133
508.133
508.133
493.172
493.172
493.172
493.172
493.172
753.128
753.128
753.128
753.128
753.128
711.679
711.679
711.679
711.679
711.679
461.444
461.444
461.444
461.444
461.444
438.916
438.916
438.916
438.916
438.916
375.466
375.466
375.466
375.466
375.466
683.063
683.063
683.063
683.063
683.063
714.281
714.281
714.281
714.281
714.281
765.978
765.978
765.978
765.978
765.978
656.577
656.577
656.577
656.577
656.577
502.424
502.424
502.424
502.424
502.424
343.595
343.595
343.595
343.595
343.595
787.997
787.997
787.997
787.997
787.997
471.469
471.469
471.469
471.469
471.469
683.865
683.865
683.865
683.865
683.865
769.013
769.013
769.013
769.013
769.013
708.971
708.971
708.971
708.971
708.971
508.534
508.534
508.534
508.534
508.534
523.023
523.023
523.023
523.023
523.023
675.877
675.877
675.877
675.877
675.877
736.793
736.793
736.793
736.793
736.793
570.851
570.851
570.851
570.851
570.851
792.804
792.804
792.804
792.804
792.804
752.974
752.974
752.974
752.974
752.974
748.315
748.315
748.315
748.315
748.315
763.508
763.508
763.508
763.508
763.508
741.65
741.65
741.65
741.65
741.65
786.475
786.475
786.475
786.475
786.475
783.894
783.894
783.894
783.894
783.894
768.941
768.941
768.941
768.941
768.941
780.923
780.923
780.923
780.923
780.923
782.04
782.04
782.04
782.04
782.04
754.301
754.301
754.301
754.301
754.301
764.735
764.735
764.735
764.735
764.735
789.499
789.499
789.499
789.499
789.499
786.23
786.23
786.23
786.23
786.23
718.371
718.371
718.371
718.371
718.371
722.799
722.799
722.799
722.799
722.799
510.137
510.137
510.137
510.137
510.137
530.661
530.661
530.661
530.661
530.661
395.043
395.043
395.043
395.043
395.043
694.186
694.186
694.186
694.186
694.186
777.06
777.06
777.06
777.06
777.06
565.487
565.487
565.487
565.487
565.487
755.847
755.847
755.847
755.847
755.847
755.747
755.747
755.747
755.747
755.747
776.01
776.01
776.01
776.01
776.01
747.808
747.808
747.808
747.808
747.808
720.008
720.008
720.008
720.008
720.008
280.993
280.993
280.993
280.993
280.993
484.047
484.047
484.047
484.047
484.047
329.114
329.114
329.114
329.114
329.114
623.737
623.737
623.737
623.737
623.737
684.793
684.793
684.793
684.793
684.793
539.513
539.513
539.513
539.513
539.513
691.943
691.943
691.943
691.943
691.943
755.248
755.248
755.248
755.248
755.248
499.833
499.833
499.833
499.833
499.833
548.907
548.907
548.907
548.907
548.907
704.382
704.382
704.382
704.382
704.382
585.838
585.838
585.838
585.838
585.838
747.216
747.216
747.216
747.216
747.216
776.946
776.946
776.946
776.946
776.946
768.61
768.61
768.61
768.61
768.61
783.896
783.896
783.896
783.896
783.896
778.849
778.849
778.849
778.849
778.849
782.84
782.84
782.84
782.84
782.84
793.463
793.463
793.463
793.463
793.463
789.924
789.924
789.924
789.924
789.924
784.995
784.995
784.995
784.995
784.995
792.227
792.227
792.227
792.227
792.227
776.908
776.908
776.908
776.908
776.908
765.611
765.611
765.611
765.611
765.611
782.463
782.463
782.463
782.463
782.463
748.898
748.898
748.898
748.898
748.898
775.503
775.503
775.503
775.503
775.503
794.948
794.948
794.948
794.948
794.948
759.392
759.392
759.392
759.392
759.392
741.9
741.9
741.9
741.9
741.9
766.247
766.247
766.247
766.247
766.247
749.809
749.809
750.619
750.619
750.619
780.17
780.17
780.17
780.17
780.17
768.724
768.724
768.724
768.724
768.724
746.875
746.875
746.875
746.875
746.875
770.39
770.39
770.39
770.39
770.39
775.712
775.712
775.712
775.712
775.712
730.442
730.442
730.442
730.442
730.442
768.252
768.252
768.252
768.252
768.252
768.905
768.905
768.905
768.905
768.905
768.987
768.987
768.987
768.987
768.987
765.953
765.953
765.953
765.953
765.953
523.675
523.675
523.675
523.675
523.675
738.331
738.331
738.331
738.331
738.331
541.225
541.225
541.225
541.225
541.225
624.285
624.285
624.285
624.285
624.285
513.197
513.197
513.197
513.197
513.197
713.814
713.814
713.814
713.814
713.814
599.995
599.995
599.995
599.995
599.995
433.161
433.161
433.161
433.161
433.161
659.205
659.205
659.205
659.205
659.205
563.121
563.121
563.121
563.121
563.121
697.329
697.329
697.329
697.329
697.329
427.625
427.625
427.625
427.625
427.625
763.494
763.494
763.494
763.494
763.494
681.347
681.347
681.347
681.347
681.347
530.667
530.667
530.667
530.667
530.667
753.821
753.821
753.821
753.821
753.821
741.727
741.727
741.727
741.727
741.727
258.677
258.677
258.677
258.677
258.677
492.051
492.051
492.051
492.051
492.051
551.067
551.067
551.067
551.067
551.067
726.188
726.188
726.188
726.188
726.188
768.625
768.625
768.625
768.625
768.625
762.792
762.792
762.792
762.792
762.792
731.033
731.033
731.033
731.033
731.033
610.236
610.236
610.236
610.236
610.236
664.67
664.67
664.67
664.67
664.67
607.9
607.9
607.9
607.9
607.9
660.698
660.698
660.698
660.698
660.698
777.62
777.62
777.62
777.62
777.62
757.282
757.282
757.282
757.282
757.282
768.258
768.258
768.258
768.258
768.258
788.543
788.543
788.543
788.543
788.543
768.728
768.728
768.728
768.728
768.728
771.138
771.138
771.138
771.138
771.138
771.213
771.213
771.213
771.213
771.213
794.916
794.916
794.916
794.916
794.916
789.821
789.821
789.821
789.821
789.821
780.894
780.894
780.894
780.894
780.894
793.473
793.473
793.473
793.473
793.473
782.518
782.518
782.518
782.518
782.518
772.555
772.555
772.555
772.555
772.555
762.609
762.609
762.609
762.609
762.609
784.311
784.311
784.311
784.311
784.311
773.994
773.994
773.994
773.994
773.994
763.161
763.161
763.161
763.161
763.161
785.675
785.675
785.675
785.675
785.675
786.275
786.275
786.275
786.275
786.275
783.195
783.195
783.195
783.195
783.195
767.448
767.448
767.448
767.448
767.448
736.286
736.286
736.286
736.286
736.286
733.498
733.498
733.488
733.488
733.488
702.478
702.478
702.478
702.478
702.478
678.575
678.575
678.575
678.575
678.575
0
