0
0
0
0
491.159
491.159
491.159
491.159
491.159
670.801
670.801
670.801
670.801
670.801
537.2
537.2
537.2
537.2
537.2
407.696
407.696
407.696
407.696
407.696
403.063
403.063
403.063
403.063
403.063
145.784
145.784
145.784
145.784
145.784
741.967
741.967
741.967
741.967
741.967
626.554
626.554
626.554
626.554
626.554
639.357
639.357
639.357
639.357
639.357
362.854
362.854
362.854
362.854
362.854
756.014
756.014
756.014
756.014
756.014
733.257
733.257
733.257
733.257
733.257
752.404
752.404
752.404
752.404
752.404
659.773
659.773
659.773
659.773
659.773
462.283
462.283
462.283
462.283
462.283
583.678
583.678
583.678
583.678
583.678
500.227
500.227
500.227
500.227
500.227
590.583
590.583
590.658
590.658
590.658
678.374
678.374
678.385
678.385
678.385
383.604
383.604
383.604
383.604
383.604
324.921
324.921
324.921
324.921
324.921
469.696
469.696
469.696
469.696
469.696
494.17
494.17
494.17
494.17
494.17
598.385
598.385
598.385
598.385
598.385
598.946
598.946
598.946
598.946
598.946
433.019
433.019
433.019
433.019
433.019
689.793
689.793
689.793
689.793
689.793
718.875
718.875
718.875
718.875
718.875
738.793
738.793
738.793
738.793
738.793
537.827
537.827
537.827
537.827
537.827
653.136
653.136
653.136
653.136
653.136
727.282
727.282
727.282
727.282
727.282
579.308
579.308
579.308
579.308
579.308
658.57
658.57
658.57
658.57
658.57
679.895
679.895
679.895
679.895
679.895
740.291
740.291
740.291
740.291
740.291
750.593
750.593
750.593
750.593
750.593
775.754
775.754
775.754
775.754
775.754
659.805
659.805
659.805
659.805
659.805
728.538
728.538
728.538
728.538
728.538
507.015
507.015
507.015
507.015
507.015
769.9
769.9
769.9
769.9
769.9
298.277
298.277
298.277
298.277
298.277
525.573
525.573
525.573
525.573
525.573
782.451
782.451
782.451
782.451
782.451
662.312
662.312
662.312
662.312
662.312
687.178
687.178
687.178
687.178
687.178
621.68
621.68
621.68
621.68
621.68
621.59
621.59
621.59
621.59
621.59
743.025
743.025
743.025
743.025
743.025
747.979
747.979
747.979
747.979
747.979
686.24
686.24
686.24
686.24
686.24
651.93
651.93
651.93
651.93
651.93
707.111
707.111
707.111
707.111
707.111
699.097
699.097
699.097
699.097
699.097
669.566
669.566
669.566
669.566
669.566
772.787
772.787
772.787
772.787
772.787
761.99
761.99
761.99
761.99
761.99
774.319
774.319
774.319
774.319
774.319
724.101
724.101
724.101
724.101
724.101
718.349
718.349
718.349
718.349
718.349
599.688
599.688
599.688
599.688
599.688
596.125
596.125
596.125
596.125
596.125
696.006
696.006
696.006
696.006
696.006
491.135
491.135
491.135
491.135
491.135
519.219
519.219
519.219
519.219
519.219
516.148
516.148
516.148
516.148
516.148
756.858
756.858
756.858
756.858
756.858
753.57
753.57
753.57
753.57
753.57
720.944
720.944
720.944
720.944
720.944
775.711
775.711
775.711
775.711
775.711
727.781
727.781
727.781
727.781
727.781
635.743
635.743
635.743
635.743
635.743
716.454
716.454
716.454
716.454
716.454
556.524
556.524
556.524
556.524
556.524
760.672
760.672
760.672
760.672
760.672
599.875
599.875
599.875
599.875
599.875
553.804
553.804
553.804
553.804
553.804
285.902
285.902
285.902
285.902
285.902
219.831
219.831
219.831
219.831
219.831
488.666
488.667
488.667
488.667
488.667
403.793
403.793
403.793
403.793
403.793
486.89
486.89
486.89
486.89
486.89
401.806
401.806
401.806
401.806
401.806
552.293
552.293
552.293
552.293
552.293
188.798
188.798
188.798
188.798
188.798
615.147
615.147
615.147
615.147
615.147
243
243
243
243
243
475.748
475.748
475.748
475.748
475.748
586.821
586.821
586.821
586.821
586.821
482.973
482.973
482.973
482.973
482.973
580.195
580.195
580.195
580.195
580.195
668.105
668.105
668.105
668.105
668.105
498.014
498.014
498.014
498.014
498.014
737.705
737.705
737.705
737.705
737.705
632.384
632.384
632.384
632.384
632.384
543.799
543.799
543.799
543.799
543.799
620.695
620.695
620.695
620.695
620.695
433.715
433.715
433.715
433.715
433.715
675.528
675.528
675.528
675.528
675.528
662.085
662.085
662.085
662.085
662.085
686.673
686.673
686.673
686.673
686.673
754.76
754.76
754.76
754.76
754.76
743.833
743.833
743.833
743.833
743.833
606.994
606.994
606.994
606.994
606.994
788.199
788.199
788.199
788.199
788.199
786.274
786.274
786.274
786.274
786.274
744.795
744.795
744.795
744.795
744.795
680.873
680.873
680.873
680.873
680.873
766.608
766.608
766.608
766.608
766.608
642.414
642.414
642.414
642.414
642.414
639.096
639.096
639.096
639.096
639.096
670.006
670.006
670.006
670.006
670.006
770.734
770.734
770.734
770.734
770.734
768.767
768.767
768.767
768.767
768.767
584.442
584.442
584.442
584.442
584.442
771.292
771.292
771.292
771.292
771.292
780.824
780.824
780.824
780.824
780.824
768.605
768.605
768.605
768.605
768.605
753.134
753.134
753.134
753.134
753.134
753.568
753.568
753.568
753.568
753.568
720.374
720.374
720.374
720.374
720.374
711.972
711.972
711.972
711.972
711.972
733.774
733.774
733.774
733.774
733.774
641.123
641.123
641.123
641.123
641.123
454.532
454.532
454.532
454.532
454.532
389.75
389.75
389.75
389.75
389.75
496.728
496.728
496.728
496.728
496.728
502.531
502.531
502.531
502.531
502.531
430.598
430.598
430.598
430.598
430.598
464.498
464.498
464.498
464.498
464.498
398.697
398.697
398.697
398.697
398.697
486.234
486.234
486.234
486.234
486.234
557.187
557.187
557.187
557.187
557.187
677.298
677.298
677.298
677.298
677.298
599.239
599.239
599.239
599.239
599.239
726.966
726.966
726.966
726.966
726.966
281.363
281.363
281.363
281.363
281.363
648.46
648.46
648.46
648.46
648.46
400.701
400.701
400.701
400.701
400.701
398.795
398.795
398.795
398.795
398.795
608.961
608.961
608.961
608.961
608.961
565.375
565.375
565.375
565.375
565.375
433.866
433.866
433.866
433.866
433.866
494.892
494.892
494.892
494.892
494.892
621.177
621.177
621.177
621.177
621.177
494.619
494.619
494.619
494.619
494.619
397.134
397.134
397.134
397.134
397.134
577.891
577.891
577.891
577.891
577.891
781.731
781.731
781.731
781.731
781.731
308.45
308.45
308.45
308.45
308.45
667.997
667.997
667.997
667.997
667.997
394.149
394.149
394.149
394.149
394.149
512.482
512.482
512.482
512.482
512.482
583.79
583.79
583.79
583.79
583.79
727.393
727.393
727.393
727.393
727.393
754.453
754.453
754.453
754.453
754.453
730.931
730.931
730.931
730.931
730.931
654.49
654.49
654.49
654.49
654.49
774.511
774.511
774.511
774.511
774.511
785.589
785.589
785.589
785.589
785.589
765.511
765.511
765.511
765.511
765.511
741.882
741.882
741.882
741.882
741.882
671.007
671.007
671.007
671.007
671.007
656.388
656.388
656.388
656.388
656.388
461.416
461.416
461.416
461.416
461.416
568.474
568.474
568.474
568.474
568.474
785.031
785.031
785.031
785.031
785.031
706.403
706.403
706.403
706.403
706.403
652.345
652.345
652.345
652.345
652.345
334.254
334.254
334.254
334.254
334.254
417.73
417.73
417.73
417.73
417.73
417.513
417.513
417.513
417.513
417.513
473.082
473.082
473.082
473.082
473.082
626.555
626.555
613.109
613.109
613.109
436.63
436.63
436.63
436.63
436.63
611.237
611.237
611.237
611.237
611.237
681.452
681.452
681.452
681.452
681.452
694.369
694.369
694.369
694.369
694.369
674.568
674.568
674.568
674.568
674.568
585.007
585.007
585.007
585.007
585.007
488.293
488.293
488.293
488.293
488.293
455.687
455.687
455.687
455.687
455.687
569.622
569.622
569.622
569.622
569.622
766.769
766.769
766.769
766.769
766.769
558.431
558.431
558.431
558.431
558.431
474.948
474.948
474.948
474.948
474.948
453.741
453.741
453.741
453.741
453.741
459.22
459.22
459.22
459.22
459.22
786.022
786.022
786.022
786.022
786.022
779.248
779.248
779.248
779.248
779.248
746.299
746.299
746.299
746.299
746.299
435.753
435.753
435.753
435.753
435.753
726.13
726.13
726.13
726.13
726.13
561.291
561.291
561.291
561.291
561.291
601.671
601.671
601.671
601.671
601.671
561.5
561.5
561.5
561.5
561.5
639.137
639.137
639.137
639.137
639.137
730.036
730.036
730.036
730.036
730.036
767.519
767.519
767.519
767.519
767.519
552.483
552.483
552.483
552.483
552.483
461.723
461.723
461.723
461.723
461.723
757.266
757.266
757.266
757.266
757.266
738.757
738.757
738.757
738.757
738.757
729.743
729.743
729.743
729.743
729.743
761.547
761.547
761.547
761.547
761.547
780.754
780.754
780.754
780.754
780.754
758.16
758.16
758.16
758.16
758.16
783.376
783.376
783.376
783.376
783.376
789.995
789.995
789.995
789.995
789.995
755.271
755.271
755.271
755.271
755.271
776.585
776.585
776.585
776.585
776.585
705.059
705.059
705.059
705.059
705.059
441.727
441.727
441.727
441.727
441.727
596.781
596.781
596.781
596.781
596.781
771.749
771.749
771.749
771.749
771.749
762.013
762.013
762.013
762.013
762.013
724.318
724.318
724.318
724.318
724.318
615.745
615.745
615.745
615.745
615.745
425.413
425.413
425.413
425.413
425.413
678.037
678.037
678.037
678.037
678.037
340.546
340.546
340.546
340.546
340.546
711.946
711.946
711.946
711.946
711.946
508.885
508.885
508.885
508.885
508.885
693.218
693.218
693.218
693.218
693.218
703.699
703.699
703.699
703.699
703.699
566.532
566.532
566.532
566.532
566.532
365.122
365.122
365.122
365.122
365.122
192.367
192.367
192.367
192.367
221.733
645.083
645.083
645.083
645.083
645.083
391.573
391.573
391.573
391.573
391.573
594.596
594.596
594.596
594.596
594.596
734.582
734.582
734.582
734.582
734.582
704.334
704.334
704.334
704.334
704.334
765.928
765.928
765.928
765.928
765.928
790.702
790.702
790.702
790.702
790.702
775.283
775.283
775.283
775.283
775.283
764.239
764.239
764.239
764.239
764.239
753.708
753.708
753.708
753.708
753.708
757.741
757.741
757.741
757.741
757.741
740.762
740.762
740.762
740.762
740.762
759.226
759.226
759.226
759.226
759.226
758.681
758.681
758.681
758.681
758.681
620.397
620.397
620.397
620.397
620.397
751.136
751.136
751.136
751.136
751.136
470.067
470.067
470.067
470.067
470.067
587.831
587.831
587.831
587.831
587.831
516.763
516.763
516.763
516.763
516.763
655.365
655.365
655.365
655.365
655.365
515.747
515.747
515.747
515.747
515.747
170.654
170.654
170.654
170.654
170.654
714.393
714.393
714.393
714.393
714.393
589.68
589.68
589.68
589.68
589.68
508.452
508.452
508.452
508.452
508.452
685.301
685.301
685.301
685.301
685.301
527.688
527.688
527.688
527.688
527.688
316.764
316.764
316.764
316.764
316.764
368.973
368.973
368.973
368.973
368.973
437.27
437.27
437.27
437.27
437.27
477.799
477.799
477.799
477.799
477.799
758.461
758.461
758.461
758.461
758.461
716.777
716.777
716.777
716.777
716.777
749.934
749.934
749.934
749.934
749.934
750.052
750.052
750.052
750.052
750.052
755.334
755.334
755.334
755.334
755.334
779.537
779.537
779.537
779.537
779.537
725.926
725.926
725.926
725.926
725.926
779.582
779.582
779.582
779.582
779.582
721.657
721.657
721.657
721.657
721.657
761.717
761.717
761.717
761.717
761.717
758.953
758.953
758.953
758.953
758.953
448.017
448.017
448.017
448.017
448.017
776.646
776.646
776.646
776.646
776.646
732.172
732.172
732.172
732.172
732.172
546.022
546.022
546.022
546.022
546.022
714.895
714.895
714.895
714.895
714.895
648.049
648.049
648.049
648.049
648.049
424.3
424.3
424.3
424.3
424.3
776.713
776.713
776.713
776.713
776.713
781.458
781.458
781.458
781.458
781.458
688.629
688.629
688.629
688.629
688.629
688.361
688.361
688.361
688.361
688.361
629.119
629.123
629.123
629.123
629.123
709.879
709.879
709.879
709.879
709.879
747.082
747.082
747.082
747.082
747.082
397.219
397.219
397.219
397.219
397.219
588.829
588.829
588.829
588.829
588.829
572.376
572.376
572.376
572.376
572.376
535.777
535.777
535.777
535.777
535.777
615.491
615.491
615.491
615.491
615.491
621.319
621.319
621.319
621.319
621.319
322.847
322.847
322.847
322.847
322.847
745.032
745.032
745.032
745.032
745.032
720.26
720.26
720.26
720.26
720.26
788.621
788.621
788.621
788.621
788.621
680.534
680.534
680.534
680.534
680.534
736.454
736.454
736.454
736.454
736.454
688.198
688.198
688.198
688.198
688.198
306.552
306.552
306.552
306.552
306.552
567.412
567.412
567.412
567.412
567.412
391.352
391.352
391.352
391.352
391.352
438.152
438.152
438.152
438.152
438.152
653.406
653.406
653.406
653.406
653.406
497.731
497.731
497.731
497.731
497.731
495.547
495.547
495.547
495.547
495.547
602.928
602.928
602.928
602.928
602.928
716.02
716.02
716.02
716.02
716.02
491.926
491.926
491.926
491.926
491.926
524.808
506.366
506.366
506.366
506.366
611.992
611.992
611.992
611.992
611.992
759.037
759.037
759.037
759.037
759.037
769.699
769.699
769.699
769.699
769.699
759.052
759.052
759.052
759.052
759.052
788.32
788.32
788.32
788.32
788.32
784.742
784.742
784.742
784.742
784.742
764.747
764.747
764.747
764.747
764.747
783.135
783.135
783.135
783.135
783.135
770.177
770.177
770.177
770.177
770.177
732.765
732.765
732.765
732.765
732.765
387.55
387.55
387.55
387.55
387.55
585.953
585.953
585.953
585.953
585.953
444.499
444.499
444.499
444.499
444.499
362.051
362.051
362.051
362.051
362.051
499.494
499.494
499.494
499.494
499.494
694.505
694.505
694.505
694.505
694.505
781.202
781.202
781.202
781.202
781.202
784.071
784.071
784.071
784.071
784.071
751.54
751.54
751.54
751.54
751.54
744.825
744.825
744.825
744.825
744.825
697.297
697.297
697.297
697.297
697.297
697.543
697.543
697.543
697.543
697.543
515.995
515.995
515.995
515.995
515.995
323.265
323.265
323.265
323.265
323.265
752.607
752.607
752.607
752.607
752.607
441.964
441.964
441.964
441.964
441.964
558.3
558.3
558.3
558.3
558.3
770.703
770.703
770.703
770.703
770.703
782.066
782.066
782.066
782.066
782.066
744.081
744.081
744.081
744.081
744.081
431.137
431.137
431.137
431.137
431.137
788.798
788.798
788.798
788.798
788.798
545.257
545.257
545.257
545.257
545.257
753.39
753.39
753.39
753.39
753.39
777.943
777.943
777.943
777.943
777.943
527.094
527.094
527.094
527.094
527.094
546.368
546.368
546.368
546.368
546.368
390.464
390.464
390.464
390.464
390.464
769.425
769.425
769.425
769.425
769.425
501.871
501.871
501.871
501.871
501.871
313.986
313.986
313.986
313.986
313.986
557.439
557.439
557.439
557.439
557.439
543.594
543.594
543.594
543.594
543.594
587.499
587.499
587.499
587.499
587.499
722.612
722.612
722.612
722.612
722.612
728.147
728.147
728.147
728.147
728.147
703.618
703.618
703.618
703.618
703.618
683.938
683.938
683.938
683.938
683.938
598.27
598.27
598.27
598.27
598.27
385.663
385.663
385.663
385.663
385.663
581.578
581.578
581.578
581.578
581.578
481.321
481.321
481.321
481.321
481.321
293.619
293.619
293.619
293.619
293.619
297.124
297.124
297.124
297.124
297.124
437.977
437.977
437.977
437.977
437.977
709.798
709.798
709.798
709.798
709.798
528.07
528.07
528.07
528.07
528.07
738.81
738.81
738.81
738.81
738.81
730.087
730.087
730.087
730.087
730.087
684.056
684.056
684.056
684.056
684.056
371.719
371.719
371.719
371.719
371.719
594.426
594.426
594.426
594.426
594.426
637.586
636.078
636.078
636.078
636.078
768.69
768.69
768.69
768.69
768.69
318.285
318.285
318.285
318.285
318.285
584.516
584.516
584.516
584.516
584.516
378.989
378.989
378.989
378.989
378.989
688.159
688.159
688.159
688.159
688.159
766.675
766.675
766.675
766.675
766.675
732.008
732.008
732.008
732.008
732.008
765.886
765.886
765.886
765.886
765.886
784.426
784.426
784.426
784.426
784.426
770.332
770.332
770.332
770.332
770.332
767.031
767.031
767.031
767.031
767.031
756.778
756.778
756.778
756.778
756.778
723.628
723.628
723.628
723.628
723.628
759.794
759.794
759.794
759.794
759.794
743.321
743.321
743.321
743.321
743.321
700.159
700.159
700.159
700.159
700.159
720.018
720.018
720.018
720.018
720.018
523.683
523.683
523.683
523.683
523.683
396.018
396.018
396.018
396.018
396.018
607.493
607.493
607.493
607.493
607.493
591.873
591.873
591.873
591.873
591.873
471
471
471
471
471
730.025
730.025
730.025
730.025
730.025
574.141
574.141
574.141
574.141
574.141
573.859
573.859
573.859
573.859
573.859
661.707
661.707
661.707
661.707
661.707
468.092
468.092
468.092
468.092
468.092
519.79
519.79
519.79
519.79
519.79
619.339
619.339
619.339
619.339
619.339
383.336
383.336
383.336
383.336
383.336
614.299
614.299
614.299
614.299
614.299
728.782
728.782
728.782
728.782
728.782
546.889
546.889
546.889
546.889
546.889
494.965
494.965
494.965
494.965
494.965
749.468
749.468
749.468
749.468
749.468
714.381
714.381
714.381
714.381
714.381
697.905
697.905
697.905
697.905
697.905
737.255
737.255
737.255
737.255
737.255
751.856
751.856
751.856
751.856
751.856
780.08
780.08
780.08
780.08
780.08
767.421
767.421
767.421
767.421
767.421
756.68
756.68
756.68
756.68
756.68
657.078
657.078
657.078
657.078
657.078
595.087
595.087
595.087
595.087
595.087
524.16
524.16
524.16
524.16
524.16
541.317
541.317
541.317
541.317
541.317
570.596
570.596
570.596
570.596
570.596
743.002
743.002
743.002
743.002
743.002
757.582
757.582
757.582
757.582
757.582
785.098
785.098
785.098
785.098
785.098
781.188
781.188
781.188
781.188
781.188
771.094
771.094
771.094
771.094
771.094
766.199
766.199
766.199
766.199
766.199
760.046
760.046
760.046
760.046
760.046
743.689
743.689
743.689
743.689
743.689
787.4
787.4
787.4
787.4
787.4
793.278
793.278
793.278
793.278
793.278
788.919
788.919
788.919
788.919
788.919
792.177
792.177
792.177
792.177
792.177
788.039
788.039
788.039
788.039
788.039
779.459
779.459
779.459
779.459
779.459
797.16
797.16
797.16
797.16
797.16
786.515
786.515
786.515
786.515
786.515
784.42
784.42
784.42
784.42
784.42
791.971
791.971
791.971
791.971
791.971
785.73
785.73
785.73
785.73
785.73
782.327
782.327
782.327
782.327
782.327
796.496
796.496
796.496
796.496
796.496
780.529
780.529
780.529
780.529
780.529
780.842
780.842
780.842
780.842
780.842
793.5
793.5
793.5
793.5
793.5
789.827
789.827
789.827
789.827
789.827
779.285
779.285
779.285
779.285
779.285
792.631
792.631
792.631
792.631
792.631
789.468
789.468
789.468
789.468
789.468
763.838
763.838
763.838
763.838
763.838
796.255
796.255
796.255
796.255
796.255
787.289
787.289
787.289
787.289
787.289
775.515
775.515
775.515
775.515
775.515
781.499
781.499
781.499
781.499
781.499
748.785
748.785
748.785
748.785
748.785
758.528
758.528
758.528
758.528
758.528
733.137
733.137
733.137
733.137
733.137
738.987
738.987
738.987
738.987
738.987
739.924
739.924
739.924
739.924
739.924
786.468
786.468
786.468
786.468
786.468
768.3
768.3
768.3
768.3
768.3
748.113
748.113
748.113
748.113
748.113
789.966
789.966
789.966
789.966
789.966
780.827
780.827
780.827
780.827
780.827
737.41
737.41
737.41
737.41
737.41
642.419
642.419
642.419
642.419
642.419
521.212
521.212
521.212
521.212
521.212
766.087
766.087
766.087
766.087
766.087
569.837
569.837
569.837
569.837
569.837
664.397
664.397
664.397
664.397
664.397
422.959
422.959
422.959
422.959
422.959
359.224
359.224
359.224
359.224
359.224
742.409
742.409
742.409
742.409
742.409
703.151
703.151
703.151
703.151
703.151
425.001
425.001
425.001
425.001
425.001
283.881
283.881
283.881
283.881
283.881
325.794
325.794
325.794
325.794
325.794
689.375
689.375
689.375
689.375
689.375
662.947
662.947
662.947
662.947
662.947
554.603
554.603
554.603
554.603
554.603
524.849
524.849
524.849
524.849
524.849
731.007
731.007
731.007
731.007
731.007
375.582
375.582
375.582
375.582
375.582
497.229
497.229
497.229
497.229
497.229
430.37
430.37
430.37
430.37
430.37
449.269
449.269
449.269
449.269
449.269
761.761
761.761
761.761
761.761
761.761
543.096
543.096
543.096
543.096
543.096
530.63
530.63
530.63
530.63
530.63
472.219
472.219
472.219
472.219
472.219
729.765
729.765
729.765
729.765
729.765
446.076
446.076
446.076
446.076
446.076
491.335
491.335
491.335
491.335
491.335
400.934
400.934
400.934
400.934
400.934
624.55
624.55
624.55
624.55
624.55
375.752
375.752
375.752
375.752
375.752
540.588
540.588
540.588
540.588
540.588
596.998
596.998
596.998
596.998
596.998
523.293
523.293
523.293
523.293
523.293
666.996
666.996
666.996
666.996
666.996
781.764
781.764
781.764
781.764
781.764
776.531
776.531
776.531
776.531
776.531
714.072
714.072
714.072
714.072
714.072
414.453
414.453
414.453
414.453
414.453
605.516
605.516
605.516
605.516
605.516
766.133
766.133
766.133
766.133
766.133
614.758
614.758
614.758
614.758
614.758
345.313
345.313
345.313
345.313
345.313
738.065
738.065
738.065
738.065
738.065
735.624
735.624
735.624
735.624
735.624
755.554
755.554
755.554
755.554
755.554
587.908
587.908
587.908
587.908
587.908
466.75
466.75
466.75
466.75
466.75
455.32
455.32
455.32
455.32
455.32
418.685
418.685
418.685
418.685
418.685
768.397
768.397
768.397
768.397
768.397
767.349
767.349
767.349
767.349
767.349
745.855
745.855
745.855
745.855
745.855
713.551
713.551
713.551
713.551
713.551
785.581
785.581
785.581
785.581
785.581
770.966
770.966
770.966
770.966
770.966
752.42
752.42
752.42
752.42
752.42
786.837
786.837
786.837
786.837
786.837
795.037
795.037
795.037
795.037
795.037
788.686
788.686
788.686
788.686
788.686
793.952
793.952
793.952
793.952
793.952
768.761
768.761
768.761
768.761
768.761
744.56
744.56
744.56
744.56
744.56
781.965
781.965
781.965
781.965
781.965
729.145
729.145
729.145
729.145
729.145
715.45
715.45
715.45
715.45
715.45
732.286
732.286
732.286
732.286
732.286
732.747
732.747
732.747
732.747
732.747
781.658
781.658
781.658
781.658
781.658
792.142
792.142
792.142
792.142
792.142
775.253
775.253
775.253
775.253
775.253
735.117
735.117
735.117
735.117
735.117
781.911
781.911
781.911
781.911
781.911
694.739
694.739
694.739
694.739
694.739
711.372
711.372
711.372
711.372
711.372
756.806
756.806
756.806
756.806
756.806
561.095
561.095
561.095
561.095
561.095
595.688
595.688
595.688
595.688
595.688
511.88
511.88
511.88
511.88
511.88
535.365
535.365
535.365
535.365
535.365
739.276
739.276
739.276
739.276
739.276
766.035
766.035
766.035
766.035
766.035
759.619
759.619
759.619
759.619
759.619
762.573
762.573
762.573
762.573
762.573
705.578
705.578
705.578
705.578
705.578
735.923
735.923
735.923
735.923
735.923
593.478
593.478
593.478
593.478
593.478
785.713
785.713
785.713
785.713
785.713
740.224
740.224
740.224
740.224
740.224
454.595
454.595
454.595
454.595
454.595
780.538
780.538
780.538
780.538
780.538
662.826
662.826
662.826
662.826
662.826
677.185
677.185
677.185
677.185
677.185
465.902
465.902
465.902
465.902
465.902
765.809
765.809
765.809
765.809
765.809
453.095
453.095
453.095
453.095
453.095
542.344
542.344
542.344
542.344
542.344
327.883
327.883
327.883
327.883
327.883
573.188
573.188
573.188
573.188
573.188
288.604
288.604
288.604
288.604
288.604
518.495
518.495
518.495
518.495
518.495
519.661
519.661
519.661
519.661
519.661
641.449
641.449
641.449
641.449
641.449
761.382
761.382
761.382
761.382
761.382
727.452
727.452
727.452
727.452
727.452
769.453
769.453
769.453
769.453
769.453
752.858
752.858
752.858
752.858
752.858
716.555
716.555
716.555
716.555
716.555
733.868
733.868
733.868
733.868
733.868
733.951
733.951
733.951
733.951
733.951
205.161
205.161
205.161
205.161
205.161
733.246
733.246
733.246
733.246
733.246
577.729
577.729
577.729
577.729
577.729
450.85
450.85
450.85
450.85
450.85
535.104
535.104
535.104
535.104
535.104
695.487
695.487
695.487
695.487
695.487
654.707
654.707
654.707
654.707
654.707
350.803
350.803
350.803
350.803
350.803
390.445
390.625
390.625
390.625
390.625
670.141
670.141
670.141
670.141
670.141
652.293
652.293
652.293
652.293
652.293
420.567
420.567
420.567
420.567
420.567
655.251
655.251
655.251
655.251
655.251
653.12
653.12
653.12
653.12
653.12
248.637
248.637
248.637
248.637
248.637
694.511
694.511
694.511
694.511
694.511
742.981
742.981
742.981
742.981
742.981
789.941
789.942
789.942
789.942
789.942
611.492
611.492
611.492
611.492
611.492
577.247
577.247
577.247
577.247
577.247
711.59
711.59
711.59
711.59
711.59
655.937
655.937
655.937
655.937
655.937
526.631
526.631
526.631
526.631
526.631
551.114
551.114
551.114
551.114
551.114
640.93
640.93
640.93
640.93
640.93
325.912
325.912
325.912
325.912
325.912
472.479
472.479
472.479
472.479
472.479
752.933
752.933
752.933
752.933
752.933
755.015
755.015
755.015
755.015
755.015
732.58
732.58
732.58
732.58
732.58
600.434
600.434
600.434
600.434
600.434
500.181
500.181
500.181
500.181
500.181
717.072
717.072
717.072
717.072
717.072
761.654
761.654
761.654
761.654
761.654
665.847
665.847
665.847
665.847
665.847
707.982
707.982
707.982
707.982
707.982
765.361
765.361
765.361
765.361
765.361
740.692
740.692
740.692
740.692
740.692
645.213
645.213
645.213
645.213
645.213
581.125
581.125
581.125
581.125
581.125
685.719
685.719
685.719
685.719
685.719
758.88
758.88
758.88
758.88
758.88
778.47
778.47
778.47
778.47
778.47
779.371
779.371
779.371
779.371
779.371
783.539
783.539
783.539
783.539
783.539
766.04
766.04
766.04
766.04
766.04
788.97
788.97
788.97
788.97
788.97
762.802
762.802
762.802
762.802
762.802
618.724
618.724
618.724
618.724
618.724
706.25
706.25
706.25
706.25
706.25
328.715
328.715
328.715
328.715
328.715
781.721
781.721
781.721
781.721
781.721
777.317
777.317
777.317
777.317
777.317
754.588
754.588
754.588
754.588
754.588
734.298
734.298
734.298
734.298
734.298
368.244
368.244
368.244
368.244
368.244
692.367
692.367
692.367
692.367
692.367
365.251
365.251
365.251
365.251
365.251
795.924
795.924
795.924
795.924
795.924
776.584
776.584
776.584
776.584
776.584
749.706
749.706
749.706
749.706
749.706
742.619
742.619
742.619
742.619
742.619
776.866
776.866
776.866
776.866
776.866
775.474
775.474
775.474
775.474
775.474
784.721
784.721
784.721
784.721
784.721
782.004
782.004
782.004
782.004
782.004
774.378
774.378
774.378
774.378
774.378
786.863
786.863
786.863
786.863
786.863
770.323
770.323
770.323
770.323
770.323
778.298
778.298
778.298
778.298
778.298
791.683
791.683
791.683
791.683
791.683
772.167
772.167
772.167
772.167
772.167
732.703
732.703
732.703
732.703
732.703
756.372
756.372
756.372
756.372
756.372
673.787
673.787
673.787
673.787
673.787
735.419
735.419
735.419
735.419
735.419
510.923
510.923
510.923
510.923
510.923
666.003
666.003
666.003
666.003
666.003
408.643
408.643
408.643
408.643
408.643
773.316
773.316
773.316
773.316
773.316
697.782
697.782
697.782
697.782
697.782
393.215
393.215
393.215
393.215
393.215
278.466
278.466
278.466
278.466
278.466
710.009
710.009
710.009
710.009
710.009
699.421
699.421
699.421
699.421
699.421
750.413
750.413
750.413
750.413
750.413
779.944
779.944
779.944
779.944
779.944
714.988
714.988
714.988
714.988
714.988
474.515
474.515
474.515
474.515
474.515
605.807
605.807
605.807
605.807
605.807
492.818
492.818
492.818
492.818
492.818
558.472
558.472
558.472
558.472
558.472
462.871
462.871
462.871
462.871
462.871
683.898
683.898
683.898
683.898
683.898
307.734
307.734
307.734
307.734
307.734
714.112
714.112
714.112
714.112
714.112
492.875
492.875
492.875
492.875
492.875
783.114
783.114
783.114
783.114
783.114
747.728
747.728
747.728
747.728
747.728
748.321
748.321
748.321
748.321
748.321
772.737
772.737
772.737
772.737
772.737
770.588
770.588
770.588
770.588
770.588
753.972
753.972
753.972
753.972
753.972
791.056
791.056
791.056
791.056
791.056
755.362
755.362
755.362
755.362
755.362
459.558
459.558
459.558
459.558
459.558
347.833
347.833
347.833
347.833
347.833
786.557
786.557
786.557
786.557
786.557
613.958
613.958
613.958
613.958
613.958
781.503
781.503
781.503
781.503
781.503
769.124
769.124
769.124
769.124
769.124
744.991
744.991
744.991
744.991
744.991
762.558
762.558
762.558
762.558
762.558
762.944
762.944
762.944
762.944
762.944
536.585
536.585
536.585
536.585
536.585
787.577
787.577
787.577
787.577
787.577
737.402
737.402
737.402
737.402
737.402
764.74
764.74
764.74
764.74
764.74
762.601
762.601
762.601
762.601
762.601
754.146
754.146
754.146
754.146
754.146
722.134
722.134
722.134
722.134
722.134
770.451
770.451
770.451
770.451
770.451
688.81
688.81
688.81
688.81
688.81
526.256
526.256
526.256
526.256
526.256
547.391
547.391
547.391
547.391
547.391
436.194
436.194
443.014
443.014
443.014
207.714
207.714
207.714
207.714
207.714
770.758
770.758
770.758
770.758
770.758
512.347
512.347
512.347
512.347
512.347
561.551
561.551
561.551
561.551
561.551
681.559
681.559
681.559
681.559
681.559
758.746
758.746
758.746
758.746
758.746
767.872
767.872
767.872
767.872
767.872
776.156
776.156
776.156
776.156
776.156
700.15
700.15
700.15
700.15
700.15
555.236
555.236
555.236
555.236
555.236
618.763
618.763
618.763
618.763
618.763
411.276
411.276
411.276
411.276
411.276
229.631
229.631
229.631
229.631
229.631
704.932
704.932
704.932
704.932
704.932
617.033
617.033
617.033
617.033
617.033
650.473
650.473
650.473
650.473
650.473
655.233
655.233
655.233
655.233
655.233
625.741
625.741
625.741
625.741
625.741
299.668
299.668
299.668
299.668
299.668
485.638
485.638
485.638
485.638
485.638
571.195
571.195
571.195
571.195
571.195
565.927
565.927
565.927
565.927
565.927
739.328
739.328
739.328
739.328
739.328
751.349
751.349
751.349
751.349
751.349
766.289
766.289
766.289
766.289
766.289
755.854
755.854
755.854
755.854
755.854
562.708
562.708
562.708
562.708
562.708
646.835
646.835
646.835
646.835
646.835
738.602
738.602
738.602
738.602
738.602
683.298
683.298
683.298
683.298
683.298
414.676
414.676
414.676
414.676
414.676
625.264
625.264
625.264
625.264
625.264
530.75
530.75
530.75
530.75
530.75
550.046
550.046
550.046
550.046
550.046
432.446
432.446
432.446
432.446
432.446
439.518
439.518
439.518
439.518
439.518
782.681
782.681
782.681
782.681
782.681
723.666
724.833
724.833
724.833
724.833
682.123
682.123
682.123
682.123
682.123
680.181
680.181
680.181
680.181
680.181
486.597
486.597
486.597
486.597
486.597
707.736
707.736
707.736
707.736
707.736
669.567
664.009
664.009
664.009
664.009
277.009
277.009
277.009
277.009
277.009
692.816
692.816
692.816
692.816
692.816
534.712
534.712
534.712
534.712
534.712
558.117
558.117
558.117
558.117
558.117
554.972
554.972
554.972
554.972
554.972
492.895
492.895
492.895
492.895
492.895
557.523
557.523
557.523
557.523
557.523
775.147
775.147
775.147
775.147
775.147
754.662
754.662
754.662
754.662
754.662
677.498
677.498
677.498
677.498
677.498
486.417
486.417
486.417
486.417
486.417
464.343
464.343
464.343
464.343
464.343
544.737
544.737
544.737
544.737
544.737
789.566
789.566
789.566
789.566
789.566
771.758
771.758
771.758
771.758
771.758
792.046
792.046
792.046
792.046
792.046
765.615
765.615
765.615
765.615
765.615
768.592
768.592
768.592
768.592
768.592
783.539
783.539
783.539
783.539
783.539
782.464
782.464
782.464
782.464
782.464
766.745
766.745
766.745
766.745
766.745
792.382
792.382
792.382
792.382
792.382
741.709
741.709
741.709
741.709
741.709
725.029
725.029
725.029
725.029
725.029
754.181
754.181
754.181
754.181
754.181
781.725
781.725
781.725
781.725
781.725
786.54
786.54
786.54
786.54
786.54
683.064
683.064
683.064
683.064
683.064
785.66
785.66
785.66
785.66
785.66
508.493
508.493
508.493
508.493
508.493
694.725
694.725
694.725
694.725
694.725
493.423
493.423
493.423
493.423
493.423
668.44
668.44
668.44
668.44
668.44
772.219
772.219
772.219
772.219
772.219
303.177
303.177
303.177
303.177
303.177
538.597
538.597
538.597
538.597
538.597
566.228
566.228
566.228
566.228
566.228
719.335
719.335
719.335
719.335
719.335
489.354
489.354
489.354
489.354
489.354
672.136
672.136
672.136
672.136
672.136
546.363
546.363
546.363
546.363
546.363
297.461
297.461
297.461
297.461
297.461
445.244
445.244
445.244
445.244
445.244
679.578
679.578
679.578
679.578
679.578
516.529
516.529
516.529
516.529
516.529
552.626
552.626
552.626
552.626
552.626
774.536
774.536
774.536
774.536
774.536
629.299
629.299
629.299
629.299
629.299
331.51
331.51
331.51
331.51
331.51
635.625
635.625
635.625
635.625
635.625
555.51
555.51
555.51
555.51
555.51
562.95
562.95
562.95
562.95
562.95
664.609
664.609
664.609
664.609
664.609
774.482
774.482
774.482
774.482
774.482
720.141
720.141
720.141
720.141
720.141
515.163
515.163
515.163
515.163
515.163
733.2
733.2
733.2
733.2
733.2
768.139
768.139
768.139
768.139
768.139
651.69
651.69
651.69
651.69
651.69
753.713
753.713
753.713
753.713
753.713
784.83
784.83
784.83
784.83
784.83
730.016
730.016
730.016
730.016
730.016
478.174
478.174
478.174
478.174
478.174
752.256
752.256
752.256
752.256
752.256
770.723
770.723
770.723
770.723
770.723
740.976
740.976
740.976
740.976
740.976
760.796
760.796
760.796
760.796
760.796
760.829
760.829
760.829
760.829
760.829
765.457
765.457
765.457
765.457
765.457
730.016
730.016
730.282
730.282
730.282
770.078
770.078
770.078
770.078
770.078
755.728
755.728
755.728
755.728
755.728
779.457
779.457
779.457
779.457
779.457
698.625
698.625
698.625
698.625
698.625
435.413
435.413
435.413
435.413
435.413
504.747
504.747
504.747
504.747
504.747
634.301
634.301
634.301
634.301
634.301
529.947
529.947
529.947
529.947
529.947
347.591
347.591
347.591
347.591
347.591
507.846
507.846
507.846
507.846
507.846
637.687
637.687
637.687
637.687
637.687
491.272
491.272
491.272
491.272
491.272
373.25
373.25
373.25
373.25
373.25
623.969
623.969
623.969
623.969
623.969
433.556
433.556
433.556
433.556
433.556
419.603
419.603
419.603
419.603
419.603
746.66
746.66
746.66
746.66
746.66
660.47
660.47
660.47
660.47
660.47
559.492
559.492
559.492
559.492
559.492
502.886
502.886
502.886
502.886
502.886
306.719
306.719
306.719
306.719
306.719
445.033
445.033
445.033
445.033
445.033
504.286
504.286
504.286
504.286
504.286
446.732
446.732
446.732
446.732
446.732
554.114
554.114
554.114
554.114
554.114
442.998
442.998
442.998
442.998
442.998
376.976
376.976
376.976
376.976
376.976
644.026
644.026
644.026
644.026
644.026
763.067
763.067
763.067
763.067
763.067
769.407
769.407
769.407
769.407
769.407
763.12
763.12
763.12
763.12
763.12
761.832
761.832
761.832
761.832
761.832
793.803
793.803
793.803
793.803
793.803
778.904
778.904
778.904
778.904
778.904
769.893
769.893
769.893
769.893
769.893
783.727
783.727
783.727
783.727
783.727
770.343
770.343
770.343
770.343
770.343
730.795
730.795
730.795
730.795
730.795
439.828
439.828
439.828
439.828
439.828
581.004
581.004
581.004
581.004
581.004
315.404
315.404
315.404
315.404
315.404
608.48
608.48
608.48
608.48
608.48
533.371
533.371
533.371
533.371
533.371
700.51
700.51
700.51
700.51
700.51
573.161
573.161
573.161
573.161
573.161
348.387
348.387
348.387
348.387
348.387
719.381
719.381
719.381
719.381
719.381
776.064
776.064
776.064
776.064
776.064
708.826
708.826
708.826
708.826
708.826
594.288
594.288
594.288
594.288
594.288
154.43
154.43
154.43
154.43
154.43
511.963
511.963
511.963
511.963
511.963
704.29
704.29
704.29
704.29
704.29
766.3
766.3
766.3
766.3
766.3
783.06
783.06
783.06
783.06
783.06
770.394
770.394
770.394
770.394
770.394
791.514
791.514
791.514
791.514
791.514
779.991
779.991
779.991
779.991
779.991
773.387
773.387
773.387
773.387
773.387
763.735
763.735
763.735
763.735
763.735
790.985
790.985
790.985
790.985
790.985
782.913
782.913
782.913
782.913
782.913
766.054
766.054
766.054
766.054
766.054
749.79
749.79
749.79
749.79
749.79
779.3
779.3
779.3
779.3
779.3
749.479
749.479
749.479
749.479
749.479
736.617
736.617
736.617
736.617
736.617
736.046
736.046
736.046
736.046
736.046
775.736
775.736
775.736
775.736
775.736
782.133
782.133
782.133
782.133
782.133
761.684
761.684
761.684
761.684
761.684
731.752
731.752
731.752
731.752
731.752
740.586
740.586
740.586
740.586
740.586
656.435
656.435
656.435
656.435
656.435
450.824
450.824
450.824
450.824
450.824
460.178
460.178
460.178
460.178
460.178
750.828
750.828
750.828
750.828
750.828
730.892
730.892
730.892
730.892
730.892
550.493
550.493
550.493
550.493
550.493
469.74
469.74
469.74
469.74
469.74
574.124
574.124
574.124
574.124
574.124
743.442
743.442
743.442
743.442
743.442
339.846
339.846
339.846
339.846
339.846
680.005
680.005
674.51
674.51
674.51
788.51
788.51
788.51
788.51
788.51
781.363
781.363
781.363
781.363
781.363
776.863
776.863
776.863
776.863
776.863
744.297
744.297
744.297
744.297
744.297
749.553
749.553
749.553
749.553
749.553
754.016
754.016
754.016
754.016
754.016
289.293
289.293
289.293
289.293
289.293
344.708
344.708
344.708
344.708
344.708
426.75
426.75
426.75
426.75
426.75
474.694
474.694
474.694
474.694
474.694
628.242
628.242
628.242
628.242
628.242
695.559
695.559
695.559
695.559
695.559
671.954
671.954
671.954
671.954
671.954
487.008
487.008
487.008
487.008
487.008
737.539
737.539
737.539
737.539
737.539
781.193
781.193
781.193
781.193
781.193
256.147
256.147
256.147
256.147
256.147
652.028
652.028
652.028
652.028
652.028
655.061
655.061
655.061
655.061
655.061
330.641
330.641
330.641
330.641
330.641
588.452
588.452
571.53
571.53
571.53
521.758
521.758
521.758
521.758
521.758
406.877
406.877
406.877
406.877
406.877
760.37
760.37
760.37
760.37
760.37
765.259
765.259
765.259
765.259
765.259
729.324
729.324
729.324
729.324
729.324
784.414
784.414
784.414
784.414
784.414
758.922
758.922
758.922
758.922
758.922
669.351
669.351
669.351
669.351
669.351
784.933
784.933
784.933
784.933
784.933
782.896
782.896
782.896
782.896
782.896
771.674
771.674
771.674
771.674
771.674
774.922
774.922
774.922
774.922
774.922
763.227
763.227
763.227
763.227
763.227
757.511
757.511
757.511
757.511
757.511
789.878
789.878
789.878
789.878
789.878
785.534
785.534
785.534
785.534
785.534
770.902
770.902
770.902
770.902
770.902
770.273
770.273
770.273
770.273
770.273
767.084
767.084
767.084
767.084
767.084
744.801
744.801
744.801
744.801
744.801
761.265
761.265
761.265
761.265
761.265
632.779
632.779
632.779
632.779
632.779
471.433
471.433
471.433
471.433
471.433
682.283
682.283
682.283
682.283
682.283
548.794
548.794
548.794
548.794
548.794
746.594
746.594
746.594
746.594
746.594
724.575
724.575
724.575
724.575
724.575
684.083
684.083
684.083
684.083
684.083
666.582
666.582
666.582
666.582
666.582
483.037
483.037
483.037
483.037
483.037
760.907
760.907
760.907
760.907
760.907
647.657
647.657
647.657
647.657
647.657
582.534
582.534
582.534
582.534
582.534
631.63
631.63
631.63
631.63
631.63
671.924
667.349
667.349
667.349
667.349
715.742
715.742
715.742
715.742
715.742
759.178
759.178
759.178
759.178
759.178
726.607
726.607
726.607
726.607
726.607
773.929
773.929
773.929
773.929
773.929
760.751
760.751
760.751
760.751
760.751
528.482
528.482
528.482
528.482
528.482
652.113
652.113
652.113
652.113
652.113
571.592
571.592
571.592
571.592
571.592
367.493
367.493
364.236
364.236
364.236
758.574
758.574
758.574
758.574
758.574
589.453
589.453
589.453
589.453
589.453
770.864
770.864
770.864
770.864
770.864
747.131
747.131
747.131
747.131
747.131
705.902
705.902
705.902
705.902
705.902
664.469
664.469
664.469
664.469
664.469
740.845
740.845
740.845
740.845
740.845
479.301
479.301
479.301
479.301
479.301
583.131
583.131
583.131
583.131
583.131
724.565
724.565
724.565
724.565
724.565
573.892
573.892
573.892
573.892
573.892
656.47
656.47
656.47
656.47
656.47
754.938
754.938
754.938
754.938
754.938
581.54
581.54
581.54
581.54
581.54
541.533
541.533
541.533
541.533
541.533
684.09
684.09
684.09
684.09
684.09
577.981
577.981
577.981
577.981
577.981
571.991
571.991
571.991
571.991
571.991
483.063
483.063
483.063
483.063
483.063
670.288
670.288
670.288
670.288
670.288
682.353
682.353
682.353
682.353
682.353
333.118
333.118
333.118
333.118
333.118
756.904
756.904
756.904
756.904
756.904
734.67
734.67
734.67
734.67
734.67
790.853
790.853
790.853
790.853
790.853
776.077
776.077
776.077
776.077
776.077
762.266
762.266
762.266
762.266
762.266
693.575
693.931
693.931
693.931
693.931
514.311
514.311
514.311
514.311
514.311
657.443
657.443
657.443
657.443
657.443
550.075
550.075
550.075
550.075
550.075
757.119
757.119
757.122
757.122
757.122
691.337
691.337
691.337
691.337
691.337
402.365
402.365
402.365
402.365
402.365
551.891
551.891
551.891
551.891
551.891
413.356
413.356
413.356
413.356
413.356
423.828
423.828
423.828
423.828
423.828
431.938
431.938
431.938
431.938
431.938
794.804
794.804
794.804
794.804
794.804
0
