0
0
0
0
675.552
675.552
675.552
675.552
675.552
603.828
603.828
603.828
603.828
603.828
774.457
774.457
774.457
774.457
774.457
771.418
771.418
771.418
771.418
771.418
792.3
792.3
792.3
792.3
792.3
782.884
782.884
782.884
782.884
782.884
788.646
788.646
788.646
788.646
788.646
789.362
789.362
789.362
789.362
789.362
789.383
789.383
789.383
789.383
789.383
795.607
795.607
795.607
795.607
795.607
792.09
792.09
792.09
792.09
792.09
786.862
786.862
786.862
786.862
786.862
796.986
796.986
796.986
796.986
796.986
794.92
794.92
794.92
794.92
794.92
794.578
794.578
794.578
794.578
794.578
798.027
798.027
798.027
798.027
798.027
794.991
794.991
794.991
794.991
794.991
797.026
797.026
797.026
797.026
797.026
798.047
798.047
798.047
798.047
798.047
796.048
796.048
796.048
796.048
796.048
795.154
795.154
795.154
795.154
795.154
797.401
797.401
797.401
797.401
797.401
795.145
795.145
795.145
795.145
795.145
794.905
794.905
794.905
794.905
794.905
797.788
797.788
797.788
797.788
797.788
796.696
796.696
796.696
796.696
796.696
792.309
792.309
792.309
792.309
792.309
797.826
797.826
797.826
797.826
797.826
797.133
797.133
797.133
797.133
797.133
796.465
796.465
796.465
796.465
796.465
797.656
797.656
797.656
797.656
797.656
796.751
796.751
796.751
796.751
796.751
793.719
793.719
793.719
793.719
793.719
797.711
797.711
797.711
797.711
797.711
797.88
797.88
797.88
797.88
797.88
796.898
796.898
796.898
796.898
796.898
798.402
798.402
798.402
798.402
798.402
797.881
797.881
797.881
797.881
797.881
796.531
796.531
796.531
796.531
796.531
798.387
798.387
798.387
798.387
798.387
796.698
796.698
796.698
796.698
796.698
796.122
796.122
796.122
796.122
796.122
796.363
796.363
796.363
796.363
796.363
792.335
792.335
792.335
792.335
792.335
794.698
794.698
794.698
794.698
794.698
797.48
797.48
797.48
797.48
797.48
796.936
796.936
796.936
796.936
796.936
796.689
796.689
796.689
796.689
796.689
797.498
797.498
797.498
797.498
797.498
797.249
797.249
797.249
797.249
797.249
795.849
795.849
795.849
795.849
795.849
798.792
798.792
798.792
798.792
798.792
798.538
798.538
798.538
798.538
798.538
797.71
797.71
797.71
797.71
797.71
798.458
798.458
798.458
798.458
798.458
798.247
798.247
798.247
798.247
798.247
797.742
797.742
797.742
797.742
797.742
798.913
798.913
798.913
798.913
798.913
797.713
797.713
797.713
797.713
797.713
797.617
797.617
797.617
797.617
797.617
798.057
798.057
798.057
798.057
798.057
796.391
796.391
796.391
796.391
796.391
795.678
795.678
795.678
795.678
795.678
798.423
798.423
798.423
798.423
798.423
796.532
796.532
796.532
796.532
796.532
795.819
795.819
795.819
795.819
795.819
798.744
798.744
798.744
798.744
798.744
798.15
798.15
798.15
798.15
798.15
798.6
798.6
798.6
798.6
798.6
798.374
798.374
798.374
798.374
798.374
797.868
797.868
797.868
797.868
797.868
797.523
797.523
797.523
797.523
797.523
798.874
798.874
798.874
798.874
798.874
798.698
798.698
798.698
798.698
798.698
797.419
797.419
797.419
797.419
797.419
798.997
798.997
798.997
798.997
798.997
798.52
798.52
798.52
798.52
798.52
796.965
796.965
796.965
796.965
796.965
798.844
798.844
798.844
798.844
798.844
798.146
798.146
798.146
798.146
798.146
798.129
798.129
798.129
798.129
798.129
798.966
798.966
798.966
798.966
798.966
798.867
798.867
798.867
798.867
798.867
798.043
798.043
798.043
798.043
798.043
798.479
798.479
798.479
798.479
798.479
798.275
798.275
798.275
798.275
798.275
797.213
797.213
797.213
797.213
797.213
798.745
798.745
798.745
798.745
798.745
798.241
798.241
798.241
798.241
798.241
798.629
798.629
798.629
798.629
798.629
798.937
798.937
798.937
798.937
798.937
798.953
798.953
798.953
798.953
798.953
798.192
798.192
798.192
798.192
798.192
798.98
798.98
798.98
798.98
798.98
798.459
798.459
798.459
798.459
798.459
796.786
796.786
796.786
796.786
796.786
798.998
798.998
798.998
798.998
798.998
798.231
798.231
798.231
798.231
798.231
798.301
798.301
798.301
798.301
798.301
798.875
798.875
798.875
798.875
798.875
798.867
798.867
798.867
798.867
798.867
797.954
797.954
797.954
797.954
797.954
799
799
799
799
799
798.5
798.5
798.5
798.5
798.5
797.108
797.108
797.108
797.108
797.108
798.996
798.996
798.996
798.996
798.996
798.554
798.554
798.554
798.554
798.554
797.754
797.754
797.754
797.754
797.754
799
799
799
799
799
797.866
797.866
797.866
797.866
797.866
797.262
797.262
797.262
797.262
797.262
798.475
798.475
798.475
798.475
798.475
797.956
797.956
797.956
797.956
797.956
797.906
797.906
797.906
797.906
797.906
798.998
798.998
798.998
798.998
798.998
798.347
798.347
798.347
798.347
798.347
798.017
798.017
798.017
798.017
798.017
798.992
798.992
798.992
798.992
798.992
798.634
798.634
798.634
798.634
798.634
798.418
798.418
798.418
798.418
798.418
798.875
798.875
798.875
798.875
798.875
797.426
797.426
797.426
797.426
797.426
798.217
798.217
798.217
798.217
798.217
798.468
798.468
798.468
798.468
798.468
798.432
798.432
798.432
798.432
798.432
797.136
797.136
797.136
797.136
797.136
798.75
798.75
798.75
798.75
798.75
798.654
798.654
798.654
798.654
798.654
798.269
798.269
798.269
798.269
798.269
798.983
798.983
798.983
798.983
798.983
797.62
797.62
797.62
797.62
797.62
797.221
797.221
797.221
797.221
797.221
798.995
798.995
798.995
798.995
798.995
798.189
798.189
798.189
798.189
798.189
798.611
798.611
798.611
798.611
798.611
798.929
798.929
798.929
798.929
798.929
798.872
798.872
798.872
798.872
798.872
798.128
798.128
798.128
798.128
798.128
798.746
798.746
798.746
798.746
798.746
798.714
798.714
798.714
798.714
798.714
797.882
797.882
797.882
797.882
797.882
798.484
798.484
798.484
798.484
798.484
798.226
798.226
798.226
798.226
798.226
798.024
798.024
798.024
798.024
798.024
798.742
798.742
798.742
798.742
798.742
798.569
798.569
798.569
798.569
798.569
798.598
798.598
798.598
798.598
798.598
798.984
798.984
798.984
798.984
798.984
798.452
798.452
798.452
798.452
798.452
798.401
798.401
798.401
798.401
798.401
799
799
799
799
799
798.857
798.857
798.857
798.857
798.857
798.383
798.383
798.383
798.383
798.383
798.5
798.5
798.5
798.5
798.5
798.495
798.495
798.495
798.495
798.495
798.433
798.433
798.433
798.433
798.433
798.688
798.688
798.688
798.688
798.688
798.437
798.437
798.437
798.437
798.437
797.775
797.775
797.775
797.775
797.775
799
799
799
799
799
798.734
798.734
798.734
798.734
798.734
797.803
797.803
797.803
797.803
797.803
799
799
799
799
799
798.968
798.968
798.968
798.968
798.968
798.982
798.982
798.982
798.982
798.982
798.997
798.997
798.997
798.997
798.997
798.46
798.46
798.46
798.46
798.46
798.107
798.107
798.107
798.107
798.107
799
799
799
799
799
798.964
798.964
798.964
798.964
798.964
798.696
798.696
798.696
798.696
798.696
798.984
798.984
798.984
798.984
798.984
798.82
798.82
798.82
798.82
798.82
797.919
797.919
797.919
797.919
797.919
798.969
798.969
798.969
798.969
798.969
798.85
798.85
798.85
798.85
798.85
797.833
797.833
797.833
797.833
797.833
798.999
798.999
798.999
798.999
798.999
798.937
798.937
798.937
798.937
798.937
798.842
798.842
798.842
798.842
798.842
799
799
799
799
799
798.991
798.991
798.991
798.991
798.991
798.1
798.1
798.1
798.1
798.1
798.992
798.992
798.992
798.992
798.992
798.475
798.475
798.475
798.475
798.475
798.413
798.413
798.413
798.413
798.413
798.996
798.996
798.996
798.996
798.996
798.723
798.723
798.723
798.723
798.723
798.68
798.68
798.68
798.68
798.68
798.5
798.5
798.5
798.5
798.5
798.465
798.465
798.465
798.465
798.465
798.432
798.432
798.432
798.432
798.432
799
799
799
799
799
798.937
798.937
798.937
798.937
798.937
798.979
798.979
798.979
798.979
798.979
798.5
798.5
798.5
798.5
798.5
798.496
798.496
798.496
798.496
798.496
798.22
798.22
798.22
798.22
798.22
799
799
799
799
799
799
799
799
799
799
798.25
798.25
798.25
798.25
798.25
798.609
798.609
798.609
798.609
798.609
798.478
798.478
798.478
798.478
798.478
797.927
797.927
797.927
797.927
797.927
798.996
798.996
798.996
798.996
798.996
798.999
798.999
798.999
798.999
798.999
798.886
798.886
798.886
798.886
798.886
799
799
799
799
799
798.484
798.484
798.484
798.484
798.484
798.48
798.48
798.48
798.48
798.48
799
799
799
799
799
798.991
798.991
798.991
798.991
798.991
798.982
798.982
798.982
798.982
798.982
799
799
799
799
799
798.995
798.995
798.995
798.995
798.995
798.8
798.8
798.8
798.8
798.8
798.93
798.93
798.93
798.93
798.93
798.465
798.465
798.465
798.465
798.465
798.306
798.306
798.306
798.306
798.306
799
799
799
799
799
798.5
798.5
798.5
798.5
798.5
798.498
798.498
798.498
798.498
798.498
799
799
799
799
799
798.871
798.871
798.871
798.871
798.871
798.87
798.87
798.87
798.87
798.87
799
799
799
799
799
798.969
798.969
798.969
798.969
798.969
798.867
798.867
798.867
798.867
798.867
798.969
798.969
798.969
798.969
798.969
798.461
798.461
798.461
798.461
798.461
798.193
798.193
798.193
798.193
798.193
798.998
798.998
798.998
798.998
798.998
798.968
798.968
798.968
798.968
798.968
798.78
798.78
798.78
798.78
798.78
799
799
799
799
799
798.969
798.969
798.969
798.969
798.969
798.671
798.671
798.671
798.671
798.671
798.875
798.875
798.875
798.875
798.875
798.75
798.75
798.75
798.75
798.75
798.5
798.5
798.5
798.5
798.5
798.984
798.984
798.984
798.984
798.984
798.984
798.984
798.984
798.984
798.984
798.851
798.851
798.851
798.851
798.851
799
799
799
799
799
798.996
798.996
798.996
798.996
798.996
798.249
798.249
798.249
798.249
798.249
798.938
798.938
798.938
798.938
798.938
798.586
798.586
798.586
798.586
798.586
797.702
797.702
797.702
797.702
797.702
799
799
799
799
799
798.992
798.992
798.992
798.992
798.992
798.742
798.742
798.742
798.742
798.742
798.937
798.937
798.937
798.937
798.937
798.422
798.422
798.422
798.422
798.422
798.17
798.17
798.17
798.17
798.17
799
799
799
799
799
799
799
799
799
799
798.679
798.679
798.679
798.679
798.679
799
799
799
799
799
798.25
798.25
798.25
798.25
798.25
798.249
798.249
798.249
798.249
798.249
798.998
798.998
798.998
798.998
798.998
798.871
798.871
798.871
798.871
798.871
798.801
798.801
798.801
798.801
798.801
799
799
799
799
799
799
799
799
799
799
798.687
798.687
798.687
798.687
798.687
799
799
799
799
799
799
799
799
799
799
798.498
798.498
798.498
798.498
798.498
799
799
799
799
799
798.98
798.98
798.98
798.98
798.98
798.664
798.664
798.664
798.664
798.664
799
799
799
799
799
798.928
798.928
798.928
798.928
798.928
798.381
798.381
798.381
798.381
798.381
798.992
798.992
798.992
798.992
798.992
798.99
798.99
798.99
798.99
798.99
798.998
798.998
798.998
798.998
798.998
799
799
799
799
799
798.75
798.75
798.75
798.75
798.75
798.875
798.875
798.875
798.875
798.875
799
799
799
799
799
798.996
798.996
798.996
798.996
798.996
798.858
798.858
798.858
798.858
798.858
799
799
799
799
799
798.875
798.875
798.875
798.875
798.875
798.999
798.999
798.999
798.999
798.999
799
799
799
799
799
798.953
798.953
798.953
798.953
798.953
798.117
798.117
798.117
798.117
798.117
799
799
799
799
799
799
799
799
799
799
798.835
798.835
798.835
798.835
798.835
799
799
799
799
799
798.984
798.984
798.984
798.984
798.984
798.984
798.984
798.984
798.984
798.984
799
799
799
799
799
798.498
798.498
798.498
798.498
798.498
798.357
798.357
798.357
798.357
798.357
799
799
799
799
799
799
799
799
799
799
798.998
798.998
798.998
798.998
798.998
799
799
799
799
799
798.984
798.984
798.984
798.984
798.984
798.672
798.672
798.672
798.672
798.672
799
799
799
799
799
799
799
799
799
799
798.998
798.998
798.998
798.998
798.998
799
799
799
799
799
798.984
798.984
798.984
798.984
798.984
798.998
798.998
798.998
798.998
798.998
798.998
798.998
798.998
798.998
798.998
798.998
798.998
798.998
798.998
798.998
798.992
798.992
798.992
798.992
798.992
799
799
799
799
799
799
799
799
799
799
798.75
798.75
798.75
798.75
798.75
799
799
799
799
799
799
799
799
799
799
798.999
798.999
798.999
798.999
798.999
799
799
799
799
799
799
799
799
799
799
798.999
798.999
798.999
798.999
798.999
799
799
799
799
799
798.992
798.992
798.992
798.992
798.992
798.969
798.969
798.969
798.969
798.969
799
799
799
799
799
798.994
798.994
798.994
798.994
798.994
798.998
798.998
798.998
798.998
798.998
799
799
799
799
799
799
799
799
799
799
799
799
799
799
799
799
799
799
799
799
798.969
798.969
798.969
798.969
798.969
798.969
798.969
798.969
798.969
798.969
799
799
799
799
799
798.5
798.5
798.5
798.5
798.5
798.371
798.371
798.371
798.371
798.371
799
799
799
799
799
799
799
799
799
799
799
799
799
799
799
799
799
799
799
799
799
799
799
799
799
798.495
798.495
798.495
798.495
798.495
799
799
799
799
799
798.873
798.873
798.873
798.873
798.873
798.371
798.371
798.371
798.371
798.371
799
799
799
799
799
798.875
798.875
798.875
798.875
798.875
798.219
798.219
798.219
798.219
798.219
799
799
799
799
799
799
799
799
799
799
798.874
798.874
798.874
798.874
798.874
799
799
799
799
799
798.969
798.969
798.969
798.969
798.969
798.984
798.984
798.984
798.984
798.984
799
799
799
799
799
798.969
798.969
798.969
798.969
798.969
798.701
798.701
798.701
798.701
798.701
799
799
799
799
799
798.875
798.875
798.875
798.875
798.875
798.875
798.875
798.875
798.875
798.875
799
799
799
799
799
798.375
798.375
798.375
798.375
798.375
798.359
798.359
798.359
798.359
798.359
799
799
799
799
799
799
799
799
799
799
798.969
798.969
798.969
798.969
798.969
799
799
799
799
799
799
799
799
799
799
798.498
798.498
798.498
798.498
798.498
798.75
798.75
798.75
798.75
798.75
798.75
798.75
798.75
798.75
798.75
798.734
798.734
798.734
798.734
798.734
799
799
799
799
799
799
799
799
799
799
798.998
798.998
798.998
798.998
798.998
799
799
799
799
799
798.312
798.312
798.312
798.312
798.312
798.718
798.718
798.718
798.718
798.718
799
799
799
799
799
799
799
799
799
799
799
799
799
799
799
799
799
799
799
799
799
799
799
799
799
799
799
799
799
799
799
799
799
799
799
798.75
798.75
798.75
798.75
798.75
798.75
798.75
798.75
798.75
798.75
799
799
799
799
799
799
799
799
799
799
798.996
798.996
798.996
798.996
798.996
799
799
799
799
799
798.998
798.998
798.998
798.998
798.998
798.869
798.869
798.869
798.869
798.869
799
799
799
799
799
799
799
799
799
799
799
799
799
799
799
799
799
799
799
799
799
799
799
799
799
798.874
798.874
798.874
798.874
798.874
799
799
799
799
799
798.983
798.983
798.983
798.983
798.983
798.952
798.952
798.952
798.952
798.952
799
799
799
799
799
798.999
798.999
798.999
798.999
798.999
798.999
798.999
798.999
798.999
798.999
799
799
799
799
799
799
799
799
799
799
799
799
799
799
799
799
799
799
799
799
799
799
799
799
799
799
799
799
799
799
798.75
798.75
798.75
798.75
798.75
798.75
798.75
798.75
798.75
798.75
798.953
798.953
798.953
798.953
798.953
799
799
799
799
799
799
799
799
799
799
799
799
799
799
799
799
799
799
799
799
799
799
799
799
799
798.982
798.982
798.982
798.982
798.982
799
799
799
799
799
799
799
799
799
799
799
799
799
799
799
799
799
799
799
799
798.938
798.938
798.938
798.938
798.938
798.875
798.875
798.875
798.875
798.875
799
799
799
799
799
799
799
799
799
799
799
799
799
799
799
799
799
799
799
799
799
799
799
799
799
799
799
799
799
799
799
799
799
799
799
799
799
799
799
799
799
799
799
799
799
799
799
799
799
799
799
799
799
799
799
799
799
799
799
799
799
799
799
799
799
799
799
799
799
799
799
799
799
799
799
799
799
799
799
799
799
799
799
799
799
798.938
798.938
798.938
798.938
798.938
799
799
799
799
799
799
799
799
799
799
799
799
799
799
799
799
799
799
799
799
799
799
799
799
799
798.937
798.937
798.937
798.937
798.937
799
799
799
799
799
799
799
799
799
799
799
799
799
799
799
799
799
799
799
799
799
799
799
799
799
798.999
798.999
798.999
798.999
798.999
799
799
799
799
799
799
799
799
799
799
799
799
799
799
799
799
799
799
799
799
798.984
798.984
798.984
798.984
798.984
798.797
798.797
798.797
798.797
798.797
799
799
799
799
799
799
799
799
799
799
798.75
798.75
798.75
798.75
798.75
799
799
799
799
799
799
799
799
799
799
799
799
799
799
799
799
799
799
799
799
799
799
799
799
799
799
799
799
799
799
799
799
799
799
799
799
799
799
799
799
799
799
799
799
799
799
799
799
799
799
799
799
799
799
799
799
799
799
799
799
799
799
799
799
799
799
799
799
799
799
799
799
799
799
799
799
799
799
799
799
799
799
799
799
799
798.75
798.75
798.75
798.75
798.75
799
799
799
799
799
798.984
798.984
798.984
798.984
798.984
799
799
799
799
799
799
799
799
799
799
799
799
799
799
799
799
799
799
799
799
799
799
799
799
799
799
799
799
799
799
799
799
799
799
799
799
799
799
799
799
799
799
799
799
799
799
799
799
799
799
799
799
799
799
799
798.992
798.992
798.992
798.992
798.992
798.996
798.996
798.996
798.996
798.996
799
799
799
799
799
799
799
799
799
799
799
799
799
799
799
799
799
799
799
799
799
799
799
799
799
799
799
799
799
799
799
799
799
799
799
799
799
799
799
799
799
799
799
799
799
799
799
799
799
799
799
799
799
799
799
799
799
799
799
799
799
799
799
799
799
799
799
799
799
799
799
799
799
799
799
799
799
799
799
799
799
799
799
799
799
799
799
799
799
799
799
799
799
799
799
799
799
799
799
799
799
799
799
799
799
799
799
799
799
799
799
799
799
799
799
799
799
799
799
799
799
799
799
799
799
798.992
798.992
798.992
798.992
798.992
798.999
798.999
798.999
798.999
798.999
799
799
799
799
799
799
799
799
799
799
799
799
799
799
799
799
799
799
799
799
799
799
799
799
799
799
799
799
799
799
799
799
799
799
799
799
799
799
799
799
799
799
799
799
799
799
799
799
799
799
799
799
799
799
799
799
799
799
799
799
799
799
799
799
799
799
799
799
799
799
799
799
799
799
799
799
799
799
799
799
799
799
799
799
799
799
799
799
799
799
799
799
799
799
799
799
799
799
799
799
799
799
799
799
799
799
799
799
799
799
799
799
799
799
799
799
799
799
799
799
799
799
799
799
799
799
799
799
799
799
799
799
799
799
799
799
799
799
799
799
799
799
799
799
799
799
799
799
799
799
799
799
799
799
799
799
799
799
799
799
798.438
798.438
798.438
798.438
798.438
799
799
799
799
799
798.75
798.75
798.75
798.75
798.75
798.75
798.75
798.75
798.75
798.75
799
799
799
799
799
799
799
799
799
799
799
799
799
799
799
799
799
799
799
799
799
799
799
799
799
799
799
799
799
799
799
799
799
799
799
799
799
799
799
799
799
799
799
799
799
799
799
799
799
799
799
799
799
799
799
799
799
799
799
799
799
799
799
799
799
799
799
799
799
799
798.999
798.999
798.999
798.999
798.999
799
799
799
799
799
799
799
799
799
799
799
799
799
799
799
799
799
799
799
799
799
799
799
799
799
799
799
799
799
799
799
799
799
799
799
799
799
799
799
799
799
799
799
799
799
799
799
799
799
799
799
799
799
799
799
799
799
799
799
799
799
799
799
799
799
799
799
799
799
799
799
799
799
799
799
799
799
799
799
799
799
799
799
799
799
799
799
799
799
799
799
799
799
799
799
799
799
799
799
799
799
799
799
799
799
799
799
799
799
799
799
799
799
799
799
799
799
799
799
799
799
799
799
799
799
799
799
799
799
799
799
799
799
799
799
799
799
799
799
799
799
799
799
799
799
799
799
799
799
799
799
799
799
799
799
799
799
799
799
799
799
799
799
799
799
799
799
799
799
799
799
799
799
799
799
799
799
799
799
799
799
799
799
799
799
799
799
799
799
799
799
799
799
799
799
799
799
799
799
799
799
799
799
799
799
799
799
799
799
799
799
799
799
799
799
799
799
799
799
799
799
799
799
799
799
799
799
799
799
799
799
799
799
799
799
799
799
799
799
799
799
799
799
799
799
799
799
799
799
799
799
799
799
799
799
799
799
799
799
799
799
799
799
799
799
798.5
798.5
798.5
798.5
798.5
799
799
799
799
799
799
799
799
799
799
799
799
799
799
799
799
799
799
799
799
799
799
799
799
799
799
799
799
799
799
799
799
799
799
799
799
799
799
799
799
799
799
799
799
799
799
799
799
799
799
799
799
799
799
799
799
799
799
799
799
799
799
799
799
799
799
799
799
799
799
798.5
798.5
798.5
798.5
798.5
799
799
799
799
799
799
799
799
799
799
799
799
799
799
799
799
799
799
799
799
799
799
799
799
799
799
799
799
799
799
799
799
799
799
799
799
799
799
799
799
799
799
799
799
799
799
799
799
799
799
799
799
799
799
799
799
799
799
799
799
799
799
799
799
799
799
799
799
799
799
798.938
798.938
798.938
798.938
798.938
799
799
799
799
799
799
799
799
799
799
799
799
799
799
799
799
799
799
799
799
799
799
799
799
799
799
799
799
799
799
799
799
799
799
799
799
799
799
799
799
799
799
799
799
799
799
799
799
799
799
799
799
799
799
799
799
799
799
799
799
799
799
799
799
799
799
799
799
799
799
799
799
799
799
799
799
799
799
799
799
799
799
799
799
799
799
799
799
799
799
799
799
799
799
799
799
799
799
799
799
799
799
799
799
799
799
799
799
799
799
799
799
799
799
799
799
799
799
799
799
799
799
799
799
799
799
799
799
799
799
799
799
799
799
799
799
799
799
799
799
799
799
799
799
799
799
799
799
799
799
799
799
799
799
799
799
799
799
799
799
799
799
799
799
799
799
799
799
799
799
799
799
799
799
799
799
799
799
799
799
799
799
799
799
799
799
799
799
799
799
799
799
799
799
799
799
799
799
799
799
799
799
799
799
799
799
799
799
799
799
799
799
799
799
799
799
799
799
799
799
799
799
799
799
799
799
799
799
799
799
799
799
799
799
799
799
799
799
799
799
799
799
799
799
799
799
799
799
799
799
799
799
799
799
799
799
799
799
799
799
799
799
799
799
799
799
799
799
799
799
799
799
799
799
799
799
799
799
799
799
799
799
799
799
799
799
799
799
799
799
799
799
799
799
799
799
799
799
799
799
799
799
799
799
799
799
799
799
799
799
799
799
799
799
799
799
799
799
799
799
799
799
799
799
799
799
799
799
799
799
799
799
799
799
799
799
799
799
799
799
799
799
799
799
799
799
799
799
799
799
799
799
799
799
799
799
799
799
799
799
799
799
799
799
799
799
799
799
799
799
799
799
799
799
799
799
799
799
799
799
799
799
799
799
799
799
799
799
799
799
799
799
799
799
799
799
799
799
799
799
799
799
799
799
799
799
799
799
799
799
799
799
799
799
799
799
799
799
799
799
799
799
799
799
799
799
799
799
799
799
799
799
799
799
799
799
799
799
799
799
799
799
799
799
799
799
799
799
799
799
799
799
799
799
799
799
799
799
799
799
799
799
799
799
799
799
799
799
799
799
799
799
799
799
799
799
799
799
799
799
799
799
799
799
799
799
799
799
799
799
799
799
799
799
799
799
799
799
799
799
799
799
799
799
799
799
799
799
799
799
799
799
799
799
799
799
799
799
799
799
799
799
799
799
799
799
799
799
799
799
799
799
799
799
799
799
799
799
799
799
799
799
799
799
799
799
799
799
799
799
799
799
799
799
799
799
799
799
799
799
799
799
799
799
799
799
799
799
799
799
799
799
799
799
799
799
799
799
799
799
799
799
799
799
799
799
799
799
799
799
799
799
799
799
799
799
799
799
799
799
799
799
799
799
799
799
799
799
799
799
799
799
799
799
799
799
799
799
799
799
799
799
799
799
799
799
799
799
799
799
799
799
799
799
799
799
799
799
799
799
799
799
799
799
799
799
799
799
799
799
799
799
799
799
799
799
799
799
799
799
799
799
799
799
799
799
799
799
799
799
799
799
799
799
799
799
799
799
799
799
799
799
799
799
799
799
799
799
799
799
799
799
799
799
799
799
799
799
799
799
799
799
799
799
799
799
799
799
799
799
799
799
799
799
799
799
799
799
799
799
799
799
799
799
799
799
799
799
799
799
799
799
799
799
799
799
799
799
799
799
799
799
799
799
799
799
799
799
799
799
799
799
799
799
799
799
799
799
799
799
799
799
799
799
799
799
799
799
799
799
799
799
799
799
799
799
799
799
799
799
799
799
799
799
799
799
799
799
799
799
798.992
798.992
798.992
798.992
798.992
799
799
799
799
799
799
799
799
799
799
799
799
799
799
799
799
799
799
799
799
799
799
799
799
799
799
799
799
799
799
799
799
799
799
799
799
799
799
799
799
799
799
799
799
799
799
799
799
799
799
799
799
799
799
799
799
799
799
799
799
799
799
799
799
799
799
799
799
799
799
799
799
799
799
799
799
799
799
799
799
799
799
799
799
799
799
799
799
799
799
799
799
799
799
799
799
799
799
799
799
799
799
799
799
799
799
799
799
799
799
799
799
799
799
799
799
799
799
799
799
799
799
799
799
799
799
799
799
799
799
798.875
798.875
798.875
798.875
798.875
799
799
799
799
799
799
799
799
799
799
799
799
799
799
799
799
799
799
799
799
799
799
799
799
799
799
799
799
799
799
799
799
799
799
799
799
799
799
799
799
799
799
799
799
799
799
799
799
799
799
799
799
799
799
799
799
799
799
799
799
799
799
799
799
799
799
799
799
799
799
799
799
799
799
799
799
799
799
799
799
799
799
799
799
799
799
799
799
799
799
799
799
799
799
799
799
799
799
799
799
798.5
798.5
798.5
798.5
798.5
799
799
799
799
799
799
799
799
799
799
799
799
799
799
799
799
799
799
799
799
799
799
799
799
799
799
799
799
799
799
799
799
799
799
799
799
799
799
799
799
799
799
799
799
799
799
799
799
799
799
799
799
799
799
799
799
799
799
799
799
799
799
799
799
799
799
799
799
799
799
799
799
799
799
799
799
799
799
799
799
799
799
799
799
799
799
799
799
799
799
799
799
799
799
799
799
799
799
799
799
799
799
799
799
799
799
799
799
799
799
799
799
799
799
799
799
799
799
799
799
799
799
799
799
799
799
799
799
799
799
799
799
799
799
799
799
799
799
799
799
799
799
799
799
799
799
799
799
799
799
799
799
799
799
799
799
799
799
799
799
799
799
799
799
799
799
799
799
799
799
799
799
799
799
799
799
799
799
799
799
799
799
799
799
799
799
799
799
799
799
799
799
799
799
799
799
799
799
799
799
799
799
799
799
799
799
799
799
799
799
799
799
799
799
799
799
799
799
799
799
799
799
799
799
799
799
799
799
799
799
799
799
799
799
799
799
799
799
799
799
799
799
799
799
799
799
799
799
799
799
799
799
799
799
799
799
799
799
799
799
799
799
799
799
799
799
799
799
799
799
799
799
799
799
799
799
799
799
799
799
799
799
799
799
799
799
799
799
799
799
799
799
799
799
799
799
799
799
799
799
799
799
799
799
799
799
799
799
799
799
799
799
799
799
799
799
799
799
799
799
799
799
799
799
799
799
799
799
799
799
799
799
799
799
799
799
799
799
799
799
799
799
799
799
799
799
799
799
799
799
799
799
799
799
799
799
799
799
799
799
799
799
799
799
799
799
799
799
799
799
799
799
799
799
799
799
799
799
799
799
799
799
799
799
799
799
799
799
799
799
799
799
799
799
799
799
799
799
799
799
799
799
799
799
799
799
799
799
799
799
799
799
799
799
799
799
799
799
799
799
799
799
799
799
799
799
799
799
799
799
799
799
799
799
799
799
799
799
799
799
799
799
799
799
799
799
799
799
799
799
799
799
799
799
799
799
799
799
799
799
799
799
799
799
799
799
799
799
799
799
799
799
799
799
799
799
799
799
799
799
799
799
799
799
799
799
799
799
799
799
799
799
799
799
799
799
799
799
799
799
799
799
799
799
799
799
799
799
799
799
799
799
799
799
799
799
799
799
799
799
799
799
799
799
799
799
799
799
799
799
799
799
799
799
799
799
799
799
799
799
799
799
799
799
799
799
799
799
799
799
799
799
799
799
799
799
799
799
799
799
799
799
799
799
799
799
799
799
799
799
799
799
799
799
799
799
799
799
799
799
799
799
799
799
799
799
799
799
799
799
799
799
799
799
799
799
799
799
799
799
799
799
799
799
799
799
799
799
799
799
799
799
799
799
799
799
799
799
799
799
799
799
799
799
799
799
799
799
799
799
799
799
799
799
799
799
799
799
799
799
799
799
799
799
799
799
799
799
799
799
0
