0
0
0
0
629.009
629.009
629.009
629.009
629.009
754.641
754.641
754.641
754.641
754.641
738.018
738.018
738.018
738.018
738.018
715.56
715.56
715.56
715.56
715.56
763.628
763.628
763.628
763.628
763.628
755.398
755.398
755.398
755.398
755.398
443.498
443.498
443.498
443.498
443.498
537.176
537.176
537.176
537.176
537.176
450.246
450.246
450.246
450.246
450.246
480.575
480.575
480.575
480.575
480.575
330.713
330.713
330.713
330.713
330.713
670.458
670.458
670.458
670.458
670.458
652.302
652.302
652.302
652.302
652.302
621.652
621.652
621.652
621.652
621.652
434.389
434.389
434.389
434.389
434.389
747.984
747.984
747.984
747.984
747.984
679.403
679.466
679.466
679.466
679.466
788.41
788.41
788.41
788.41
788.41
789.375
789.375
789.375
789.375
789.375
775.29
775.29
775.29
775.29
775.29
794.824
794.824
794.824
794.824
794.824
785.011
785.011
785.011
785.011
785.011
790.12
790.12
790.12
790.12
790.12
787.973
787.973
787.973
787.973
787.973
790.093
790.093
790.093
790.093
790.093
782.079
782.079
782.079
782.079
782.079
794.717
794.717
794.717
794.717
794.717
791.061
791.061
791.061
791.061
791.061
790.057
790.057
790.057
790.057
790.057
782.505
782.505
782.505
782.505
782.505
777.442
777.442
777.442
777.442
777.442
788.148
788.148
788.148
788.148
788.148
793.208
793.208
793.208
793.208
793.208
796.453
796.453
796.453
796.453
796.453
797.76
797.76
797.76
797.76
797.76
792.885
792.885
792.885
792.885
792.885
791.467
791.467
791.467
791.467
791.467
791.227
791.227
791.227
791.227
791.227
797.288
797.288
797.288
797.288
797.288
788.442
788.442
788.442
788.442
788.442
796.376
796.376
796.376
796.376
796.376
795.026
795.026
795.026
795.026
795.026
794.453
794.453
794.453
794.453
794.453
792.891
792.891
792.891
792.891
792.891
798.112
798.112
798.112
798.112
798.112
795.1
795.1
795.1
795.1
795.1
796.463
796.463
796.463
796.463
796.463
788.612
788.612
788.612
788.612
788.612
791.034
791.034
791.034
791.034
791.034
788.631
788.631
788.631
788.631
788.631
797.817
797.817
797.817
797.817
797.817
796.197
796.197
796.197
796.197
796.197
792.019
792.019
792.019
792.019
792.019
796.662
796.662
796.662
796.662
796.662
793.464
793.464
793.464
793.464
793.464
796.02
796.02
796.02
796.02
796.02
788.3
788.3
788.3
788.3
788.3
790.81
790.81
790.81
790.81
790.81
793.75
793.75
793.75
793.75
793.75
792.758
792.758
792.758
792.758
792.758
794.174
794.174
794.174
794.174
794.174
796.801
796.801
796.801
796.801
796.801
798.103
798.103
798.103
798.103
798.103
797.405
797.405
797.405
797.405
797.405
797.452
797.452
797.452
797.452
797.452
794.067
794.067
794.067
794.067
794.067
793.154
793.154
793.154
793.154
793.154
795.344
795.344
795.344
795.344
795.344
797.387
797.387
797.387
797.387
797.387
794.284
794.284
794.284
794.284
794.284
793.605
793.605
793.605
793.605
793.605
797.604
797.604
797.604
797.604
797.604
796.589
796.589
796.589
796.589
796.589
795.171
795.171
795.171
795.171
795.171
798.161
798.161
798.161
798.161
798.161
796.575
796.575
796.575
796.575
796.575
797.464
797.464
797.464
797.464
797.464
796.809
796.809
796.809
796.809
796.809
796.328
796.328
796.328
796.328
796.328
797.739
797.739
797.739
797.739
797.739
796.429
796.429
796.429
796.429
796.429
794.244
794.244
794.244
794.244
794.244
796.057
796.057
796.057
796.057
796.057
797.17
797.17
797.17
797.17
797.17
797.362
797.362
797.362
797.362
797.362
795.469
795.469
795.469
795.469
795.469
796.299
796.299
796.299
796.299
796.299
794.234
794.234
794.234
794.234
794.234
798.413
798.413
798.413
798.413
798.413
795.341
795.341
795.341
795.341
795.341
795.302
795.302
795.302
795.302
795.302
797.126
797.126
797.126
797.126
797.126
797.58
797.58
797.58
797.58
797.58
796.546
796.546
796.546
796.546
796.546
796.874
796.874
796.874
796.874
796.874
797.114
797.114
797.114
797.114
797.114
797.281
797.281
797.281
797.281
797.281
796.918
796.918
796.918
796.918
796.918
795.263
795.263
795.263
795.263
795.263
794.891
794.891
794.891
794.891
794.891
798.147
798.147
798.147
798.147
798.147
796.47
796.47
796.47
796.47
796.47
795.002
795.002
795.002
795.002
795.002
794.891
794.891
794.891
794.891
794.891
797.364
797.364
797.364
797.364
797.364
795.861
795.861
795.861
795.861
795.861
798.726
798.726
798.726
798.726
798.726
797.489
797.489
797.489
797.489
797.489
796.438
796.438
796.438
796.438
796.438
798.479
798.479
798.479
798.479
798.479
797.565
797.565
797.565
797.565
797.565
797.734
797.734
797.734
797.734
797.734
796.066
796.066
796.066
796.066
796.066
797.726
797.726
797.726
797.726
797.726
795.89
795.89
795.89
795.89
795.89
798.917
798.917
798.917
798.917
798.917
798.281
798.281
798.281
798.281
798.281
797.248
797.248
797.248
797.248
797.248
795.838
795.838
795.838
795.838
795.838
798.349
798.349
798.349
798.349
798.349
797.601
797.601
797.601
797.601
797.601
798.84
798.84
798.84
798.84
798.84
798.652
798.652
798.652
798.652
798.652
795.565
795.565
795.565
795.565
795.565
798.107
798.107
798.107
798.107
798.107
796.498
796.498
796.498
796.498
796.498
795.617
795.617
795.617
795.617
795.617
797.65
797.65
797.65
797.65
797.65
796.994
796.994
796.994
796.994
796.994
796.518
796.518
796.518
796.518
796.518
798.94
798.94
798.94
798.94
798.94
798.595
798.595
798.595
798.595
798.595
798.408
798.408
798.408
798.408
798.408
796.633
796.633
796.633
796.633
796.633
797.868
797.868
797.868
797.868
797.868
798.363
798.363
798.363
798.363
798.363
798.962
798.962
798.962
798.962
798.962
798.063
798.063
798.063
798.063
798.063
797.593
797.593
797.593
797.593
797.593
797.447
797.447
797.447
797.447
797.447
796.744
796.744
796.744
796.744
796.744
796.026
796.026
796.026
796.026
796.026
795.9
795.9
795.9
795.9
795.9
798.499
798.499
798.499
798.499
798.499
798.048
798.048
798.048
798.048
798.048
798.992
798.992
798.992
798.992
798.992
798.192
798.192
798.192
798.192
798.192
797.985
797.985
797.985
797.985
797.985
797.347
797.347
797.347
797.347
797.347
798.944
798.944
798.944
798.944
798.944
797.831
797.831
797.831
797.831
797.831
797.493
797.493
797.493
797.493
797.493
798.875
798.875
798.875
798.875
798.875
798.462
798.462
798.462
798.462
798.462
797.787
797.787
797.787
797.787
797.787
798.974
798.974
798.974
798.974
798.974
798.63
798.63
798.63
798.63
798.63
797.998
797.998
797.998
797.998
797.998
797.46
797.46
797.46
797.46
797.46
796.896
796.896
796.896
796.896
796.896
798.937
798.937
798.937
798.937
798.937
798.641
798.641
798.641
798.641
798.641
798.573
798.573
798.573
798.573
798.573
796.94
796.94
796.94
796.94
796.94
798.686
798.686
798.686
798.686
798.686
797.586
797.586
797.586
797.586
797.586
798.437
798.437
798.437
798.437
798.437
797.477
797.477
797.477
797.477
797.477
796.682
796.682
796.682
796.682
796.682
796.156
796.156
796.156
796.156
796.156
798.468
798.468
798.468
798.468
798.468
797.106
797.106
797.106
797.106
797.106
797.321
797.321
797.321
797.321
797.321
798.882
798.882
798.882
798.882
798.882
798.394
798.394
798.394
798.394
798.394
798.993
798.993
798.993
798.993
798.993
798.279
798.279
798.279
798.279
798.279
798.334
798.334
798.334
798.334
798.334
798.996
798.996
798.996
798.996
798.996
798.875
798.875
798.875
798.875
798.875
798.603
798.603
798.603
798.603
798.603
797.961
797.961
797.961
797.961
797.961
798.668
798.668
798.668
798.668
798.668
798.345
798.345
798.345
798.345
798.345
798.621
798.621
798.621
798.621
798.621
798.622
798.622
798.622
798.622
798.622
797.917
797.917
797.917
797.917
797.917
799
799
799
799
799
798.068
798.068
798.068
798.068
798.068
797.623
797.623
797.623
797.623
797.623
797.446
797.446
797.446
797.446
797.446
798.984
798.984
798.984
798.984
798.984
798.833
798.833
798.833
798.833
798.833
798.296
798.296
798.296
798.296
798.296
798.984
798.984
798.984
798.984
798.984
798.072
798.072
798.072
798.072
798.072
798.998
798.998
798.998
798.998
798.998
798.973
798.973
798.973
798.973
798.973
797.769
797.769
797.769
797.769
797.769
796.983
796.983
796.983
796.983
796.983
798.999
798.999
798.999
798.999
798.999
798.962
798.962
798.962
798.962
798.962
798.187
798.187
798.187
798.187
798.187
797.559
797.559
797.559
797.559
797.559
797.062
797.062
797.062
797.062
797.062
796.443
796.443
796.443
796.443
796.443
798.844
798.844
798.844
798.844
798.844
797.659
797.659
797.659
797.659
797.659
798.219
798.219
798.219
798.219
798.219
797.669
797.669
797.669
797.669
797.669
797.432
797.432
797.432
797.432
797.432
797.335
797.335
797.335
797.335
797.335
798.982
798.982
798.982
798.982
798.982
798.675
798.675
798.675
798.675
798.675
797.631
797.631
797.631
797.631
797.631
798.937
798.937
798.937
798.937
798.937
797.973
797.973
797.973
797.973
797.973
797.51
797.51
797.51
797.51
797.51
798.989
798.989
798.989
798.989
798.989
798.203
798.203
798.203
798.203
798.203
798.161
798.161
798.161
798.161
798.161
798.577
798.577
798.577
798.577
798.577
797.492
797.492
797.492
797.492
797.492
798.937
798.937
798.937
798.937
798.937
798.54
798.54
798.54
798.54
798.54
798.127
798.127
798.127
798.127
798.127
798.483
798.483
798.483
798.483
798.483
797.673
797.673
797.673
797.673
797.673
798.027
798.027
798.027
798.027
798.027
798.734
798.734
798.734
798.734
798.734
798.445
798.445
798.445
798.445
798.445
797.693
797.693
797.693
797.693
797.693
797.757
797.757
797.757
797.757
797.757
798.747
798.747
798.747
798.747
798.747
798.227
798.227
798.227
798.227
798.227
798.933
798.933
798.933
798.933
798.933
798.116
798.116
798.116
798.116
798.116
797.974
797.974
797.974
797.974
797.974
798.871
798.871
798.871
798.871
798.871
797.363
797.363
797.363
797.363
797.363
798.213
798.213
798.213
798.213
798.213
799
799
799
799
799
798.183
798.183
798.183
798.183
798.183
798.611
798.611
798.611
798.611
798.611
799
799
799
799
799
798.531
798.531
798.531
798.531
798.531
798.465
798.465
798.465
798.465
798.465
798.443
798.443
798.443
798.443
798.443
798.5
798.5
798.5
798.5
798.5
797.86
797.86
797.86
797.86
797.86
797.323
797.323
797.323
797.323
797.323
798.938
798.938
798.938
798.938
798.938
798.888
798.888
798.888
798.888
798.888
798.839
798.839
798.839
798.839
798.839
798.82
798.82
798.82
798.82
798.82
797.351
797.351
797.351
797.351
797.351
798.487
798.487
798.487
798.487
798.487
798.749
798.749
798.749
798.749
798.749
798.159
798.159
798.159
798.159
798.159
797.344
797.344
797.344
797.344
797.344
798.952
798.952
798.952
798.952
798.952
798.45
798.45
798.45
798.45
798.45
798.687
798.687
798.687
798.687
798.687
797.879
797.879
797.879
797.879
797.879
797.783
797.783
797.783
797.783
797.783
797.254
797.254
797.254
797.254
797.254
798.718
798.718
798.718
798.718
798.718
798.302
798.302
798.302
798.302
798.302
798.984
798.984
798.984
798.984
798.984
798.953
798.953
798.953
798.953
798.953
798.175
798.175
798.175
798.175
798.175
798.164
798.164
798.164
798.164
798.164
798.867
798.867
798.867
798.867
798.867
798.621
798.621
798.621
798.621
798.621
798.067
798.067
798.067
798.067
798.067
798.875
798.875
798.875
798.875
798.875
798.794
798.794
798.794
798.794
798.794
798.539
798.539
798.539
798.539
798.539
798.746
798.746
798.746
798.746
798.746
797.917
797.917
797.917
797.917
797.917
798.994
798.994
798.994
798.994
798.994
797.934
797.934
797.934
797.934
797.934
797.4
797.4
797.4
797.4
797.4
798.937
798.937
798.937
798.937
798.937
798.805
798.805
798.805
798.805
798.805
797.976
797.976
797.976
797.976
797.976
798.656
798.656
798.656
798.656
798.656
797.928
797.928
797.928
797.928
797.928
797.582
797.582
797.582
797.582
797.582
798.982
798.982
798.982
798.982
798.982
797.93
797.93
797.93
797.93
797.93
797.994
797.994
797.994
797.994
797.994
797.73
797.73
797.73
797.73
797.73
799
799
799
799
799
798
798
798
798
798
798.944
798.944
798.944
798.944
798.944
798.945
798.945
798.945
798.945
798.945
798.622
798.622
798.622
798.622
798.622
798.492
798.492
798.492
798.492
798.492
798.98
798.98
798.98
798.98
798.98
798.834
798.834
798.834
798.834
798.834
798.5
798.5
798.5
798.5
798.5
797.975
797.975
797.975
797.975
797.975
797.459
797.459
797.459
797.459
797.459
798.5
798.5
798.5
798.5
798.5
798.246
798.246
798.246
798.246
798.246
798.092
798.092
798.092
798.092
798.092
798.999
798.999
798.999
798.999
798.999
797.966
797.966
797.966
797.966
797.966
798.852
798.852
798.852
798.852
798.852
797.635
797.635
797.635
797.635
797.635
798.936
798.936
798.936
798.936
798.936
798.89
798.89
798.89
798.89
798.89
798.598
798.598
798.598
798.598
798.598
798.484
798.484
798.484
798.484
798.484
798.334
798.334
798.334
798.334
798.334
798.875
798.875
798.875
798.875
798.875
798.844
798.844
798.844
798.844
798.844
798.44
798.44
798.44
798.44
798.44
798.996
798.996
798.996
798.996
798.996
798.934
798.934
798.934
798.934
798.934
798.276
798.276
798.276
798.276
798.276
798.229
798.229
798.229
798.229
798.229
798.233
798.233
798.233
798.233
798.233
798.366
798.366
798.366
798.366
798.366
798.461
798.461
798.461
798.461
798.461
799
799
799
799
799
798.976
798.976
798.976
798.976
798.976
798.991
798.991
798.991
798.991
798.991
798.984
798.984
798.984
798.984
798.984
798.404
798.404
798.404
798.404
798.404
798.307
798.307
798.307
798.307
798.307
798.984
798.984
798.984
798.984
798.984
798.959
798.959
798.959
798.959
798.959
798.998
798.998
798.998
798.998
798.998
798.996
798.996
798.996
798.996
798.996
798.605
798.605
798.605
798.605
798.605
798.5
798.5
798.5
798.5
798.5
798.484
798.484
798.484
798.484
798.484
798.296
798.296
798.296
798.296
798.296
799
799
799
799
799
798.999
798.999
798.999
798.999
798.999
798.498
798.498
798.498
798.498
798.498
798.469
798.469
798.469
798.469
798.469
798.998
798.998
798.998
798.998
798.998
798.999
798.999
798.999
798.999
798.999
799
799
799
799
799
799
799
799
799
799
798.976
798.976
798.976
798.976
798.976
798.5
798.5
798.5
798.5
798.5
798.436
798.436
798.436
798.436
798.436
798.151
798.151
798.151
798.151
798.151
798.017
798.017
798.017
798.017
798.017
799
799
799
799
799
798.742
798.742
798.742
798.742
798.742
798.36
798.36
798.36
798.36
798.36
799
799
799
799
799
798.972
798.972
798.972
798.972
798.972
798.84
798.84
798.84
798.84
798.84
799
799
799
799
799
798.992
798.992
798.992
798.992
798.992
799
799
799
799
799
798.997
798.997
798.997
798.997
798.997
798.931
798.931
798.931
798.931
798.931
798.875
798.875
798.875
798.875
798.875
798.344
798.344
798.344
798.344
798.344
798.369
798.369
798.369
798.369
798.369
799
799
799
799
799
798.491
798.491
798.491
798.491
798.491
798.086
798.086
798.086
798.086
798.086
799
799
799
799
799
799
799
799
799
799
798.367
798.367
798.367
798.367
798.367
798.739
798.739
798.739
798.739
798.739
799
799
799
799
799
798.937
798.937
798.937
798.937
798.937
798.066
798.066
798.066
798.066
798.066
798.98
798.98
798.98
798.98
798.98
798.978
798.978
798.978
798.978
798.978
798.985
798.985
798.985
798.985
798.985
798.875
798.875
798.875
798.875
798.875
798.301
798.301
798.301
798.301
798.301
798.242
798.242
798.242
798.242
798.242
799
799
799
799
799
798.123
798.123
798.123
798.123
798.123
799
799
799
799
799
798.297
798.297
798.297
798.297
798.297
798.291
798.291
798.291
798.291
798.291
798.197
798.197
798.197
798.197
798.197
798.875
798.875
798.875
798.875
798.875
798.5
798.5
798.5
798.5
798.5
799
799
799
799
799
798.996
798.996
798.996
798.996
798.996
798.996
798.996
798.996
798.996
798.996
798.992
798.992
798.992
798.992
798.992
798.875
798.875
798.875
798.875
798.875
798.874
798.874
798.874
798.874
798.874
799
799
799
799
799
798.156
798.156
798.156
798.156
798.156
798.091
798.091
798.091
798.091
798.091
798.075
798.075
798.075
798.075
798.075
798.998
798.998
798.998
798.998
798.998
798.719
798.719
798.719
798.719
798.719
798.555
798.555
798.555
798.555
798.555
798.875
798.875
798.875
798.875
798.875
798.875
798.875
798.875
798.875
798.875
798.24
798.24
798.24
798.24
798.24
799
799
799
799
799
798.996
798.996
798.996
798.996
798.996
797.604
797.604
797.604
797.604
797.604
799
799
799
799
799
799
799
799
799
799
799
799
799
799
799
798.969
798.969
798.969
798.969
798.969
798.482
798.482
798.482
798.482
798.482
798.382
798.382
798.382
798.382
798.382
799
799
799
799
799
799
799
799
799
799
798.996
798.996
798.996
798.996
798.996
798.435
798.435
798.435
798.435
798.435
797.997
797.997
797.997
797.997
797.997
799
799
799
799
799
799
799
799
799
799
798.746
798.746
798.746
798.746
798.746
799
799
799
799
799
798.934
798.934
798.934
798.934
798.934
798.965
798.965
798.965
798.965
798.965
799
799
799
799
799
798.75
798.75
798.75
798.75
798.75
798.748
798.748
798.748
798.748
798.748
798.999
798.999
798.999
798.999
798.999
798.859
798.859
798.859
798.859
798.859
798.866
798.866
798.866
798.866
798.866
799
799
799
799
799
798.969
798.969
798.969
798.969
798.969
798.488
798.488
798.488
798.488
798.488
799
799
799
799
799
798.937
798.937
798.937
798.937
798.937
798.969
798.969
798.969
798.969
798.969
798.875
798.875
798.875
798.875
798.875
798.812
798.812
798.812
798.812
798.812
798.812
798.812
798.812
798.812
798.812
798.744
798.744
798.744
798.744
798.744
798.969
798.969
798.969
798.969
798.969
798.984
798.984
798.984
798.984
798.984
798.984
798.984
798.984
798.984
798.984
799
799
799
799
799
798.998
798.998
798.998
798.998
798.998
798.996
798.996
798.996
798.996
798.996
799
799
799
799
799
798.496
798.496
798.496
798.496
798.496
798.492
798.492
798.492
798.492
798.492
798.873
798.873
798.873
798.873
798.873
798.998
798.998
798.998
798.998
798.998
799
799
799
799
799
798.992
798.992
798.992
798.992
798.992
798.742
798.742
798.742
798.742
798.742
798.21
798.21
798.21
798.21
798.21
799
799
799
799
799
798.496
798.496
798.496
798.496
798.496
797.873
797.873
797.873
797.873
797.873
799
799
799
799
799
798.994
798.994
798.994
798.994
798.994
798.809
798.809
798.809
798.809
798.809
799
799
799
799
799
798.976
798.976
798.976
798.976
798.976
798.347
798.347
798.347
798.347
798.347
799
799
799
799
799
798.998
798.998
798.998
798.998
798.998
798.999
798.999
798.999
798.999
798.999
799
799
799
799
799
798.468
798.468
798.468
798.468
798.468
798.553
798.553
798.553
798.553
798.553
799
799
799
799
799
799
799
799
799
799
799
799
799
799
799
799
799
799
799
799
798.351
798.351
798.351
798.351
798.351
798.999
798.999
798.999
798.999
798.999
798.998
798.998
798.998
798.998
798.998
798.245
798.245
798.245
798.245
798.245
797.953
797.953
797.953
797.953
797.953
798.742
798.742
798.742
798.742
798.742
798.687
798.687
798.687
798.687
798.687
799
799
799
799
799
799
799
799
799
799
798.992
798.992
798.992
798.992
798.992
798.901
798.901
798.901
798.901
798.901
799
799
799
799
799
798.975
798.975
798.975
798.975
798.975
798.976
798.976
798.976
798.976
798.976
798.969
798.969
798.969
798.969
798.969
798.531
798.531
798.531
798.531
798.531
798.469
798.469
798.469
798.469
798.469
799
799
799
799
799
799
799
799
799
799
799
799
799
799
799
799
799
799
799
799
799
799
799
799
799
798.996
798.996
798.996
798.996
798.996
798.875
798.875
798.875
798.875
798.875
798.938
798.938
798.938
798.938
798.938
799
799
799
799
799
799
799
799
799
799
798.937
798.937
798.937
798.937
798.937
798.738
798.738
798.738
798.738
798.738
799
799
799
799
799
798.937
798.937
798.937
798.937
798.937
798.969
798.969
798.969
798.969
798.969
798.75
798.75
798.75
798.75
798.75
798.748
798.748
798.748
798.748
798.748
799
799
799
799
799
799
799
799
799
799
798.969
798.969
798.969
798.969
798.969
798.906
798.906
798.906
798.906
798.906
799
799
799
799
799
799
799
799
799
799
799
799
799
799
799
798.938
798.938
798.938
798.938
798.938
798.984
798.984
798.984
798.984
798.984
798.732
798.732
798.732
798.732
798.732
799
799
799
799
799
798.999
798.999
798.999
798.999
798.999
799
799
799
799
799
799
799
799
799
799
799
799
799
799
799
798.436
798.436
798.436
798.436
798.436
799
799
799
799
799
798.969
798.969
798.969
798.969
798.969
798.906
798.906
798.906
798.906
798.906
799
799
799
799
799
799
799
799
799
799
798.875
798.875
798.875
798.875
798.875
798.688
798.688
798.688
798.688
798.688
798.625
798.625
798.625
798.625
798.625
798.617
798.617
798.617
798.617
798.617
799
799
799
799
799
798.92
798.92
798.92
798.92
798.92
798.886
798.886
798.886
798.886
798.886
799
799
799
799
799
799
799
799
799
799
799
799
799
799
799
798.977
798.977
798.977
798.977
798.977
798.477
798.477
798.477
798.477
798.477
799
799
799
799
799
798.499
798.499
798.499
798.499
798.499
798.362
798.362
798.362
798.362
798.362
798.372
798.372
798.372
798.372
798.372
799
799
799
799
799
799
799
799
799
799
799
799
799
799
799
799
799
799
799
799
798.844
798.844
798.844
798.844
798.844
798.914
798.914
798.914
798.914
798.914
798.875
798.875
798.875
798.875
798.875
798.874
798.874
798.874
798.874
798.874
798.561
798.561
798.561
798.561
798.561
799
799
799
799
799
798.75
798.75
798.75
798.75
798.75
798.748
798.748
798.748
798.748
798.748
799
799
799
799
799
798.5
798.5
798.5
798.5
798.5
798.562
798.562
798.562
798.562
798.562
799
799
799
799
799
799
799
799
799
799
799
799
799
799
799
798.992
798.992
798.992
798.992
798.992
799
799
799
799
799
798.992
798.992
798.992
798.992
798.992
799
799
799
799
799
798.937
798.937
798.937
798.937
798.937
798.984
798.984
798.984
798.984
798.984
798.969
798.969
798.969
798.969
798.969
798.937
798.937
798.937
798.937
798.937
798.965
798.965
798.965
798.965
798.965
799
799
799
799
799
799
799
799
799
799
799
799
799
799
799
799
799
799
799
799
799
799
799
799
799
798.998
798.998
798.998
798.998
798.998
799
799
799
799
799
799
799
799
799
799
799
799
799
799
799
799
799
799
799
799
798.982
798.982
798.982
798.982
798.982
798.964
798.964
798.964
798.964
798.964
798.996
798.996
798.996
798.996
798.996
798.89
798.89
798.89
798.89
798.89
799
799
799
799
799
799
799
799
799
799
799
799
799
799
799
799
799
799
799
799
799
799
799
799
799
798.991
798.991
798.991
798.991
798.991
798.614
798.614
798.614
798.614
798.614
799
799
799
799
799
799
799
799
799
799
799
799
799
799
799
798.5
798.5
798.5
798.5
798.5
798.5
798.5
798.5
798.5
798.5
798.5
798.5
798.5
798.5
798.5
798.992
798.992
798.992
798.992
798.992
798.994
798.994
798.994
798.994
798.994
799
799
799
799
799
798.996
798.996
798.996
798.996
798.996
798.961
798.961
798.961
798.961
798.961
799
799
799
799
799
798.875
798.875
798.875
798.875
798.875
798.875
798.875
798.875
798.875
798.875
799
799
799
799
799
798.5
798.5
798.5
798.5
798.5
798.5
798.5
798.5
798.5
798.5
798.874
798.874
798.874
798.874
798.874
799
799
799
799
799
798.992
798.992
798.992
798.992
798.992
799
799
799
799
799
799
799
799
799
799
798.5
798.5
798.5
798.5
798.5
798.326
798.326
798.326
798.326
798.326
799
799
799
799
799
798.999
798.999
798.999
798.999
798.999
798.999
798.999
798.999
798.999
798.999
798.999
798.999
798.999
798.999
798.999
798.986
798.986
798.986
798.986
798.986
798.996
798.996
798.996
798.996
798.996
798.984
798.984
798.984
798.984
798.984
798.984
798.984
798.984
798.984
798.984
798.719
798.719
798.719
798.719
798.719
799
799
799
799
799
798.75
798.75
798.75
798.75
798.75
798.75
798.75
798.75
798.75
798.75
799
799
799
799
799
799
799
799
799
799
799
799
799
799
799
799
799
799
799
799
799
799
799
799
799
799
799
799
799
799
799
799
799
799
799
799
799
799
799
799
799
799
799
799
799
799
799
799
799
799
798.998
798.998
798.998
798.998
798.998
798.996
798.996
798.996
798.996
798.996
798.996
798.996
798.996
798.996
798.996
798.998
798.998
798.998
798.998
798.998
798.719
798.719
798.719
798.719
798.719
799
799
799
799
799
799
799
799
799
799
799
799
799
799
799
799
799
799
799
799
799
799
799
799
799
799
799
799
799
799
799
799
799
799
799
798.5
798.5
798.5
798.5
798.5
799
799
799
799
799
798.999
798.999
798.999
798.999
798.999
799
799
799
799
799
799
799
799
799
799
798.484
798.484
798.484
798.484
798.484
798.492
798.492
798.492
798.492
798.492
799
799
799
799
799
798.996
798.996
798.996
798.996
798.996
798.999
798.999
798.999
798.999
798.999
799
799
799
799
799
799
799
799
799
799
799
799
799
799
799
798.75
798.75
798.75
798.75
798.75
799
799
799
799
799
799
799
799
799
799
799
799
799
799
799
799
799
799
799
799
799
799
799
799
799
798.969
798.969
798.969
798.969
798.969
799
799
799
799
799
798.5
798.5
798.5
798.5
798.5
799
799
799
799
799
799
799
799
799
799
798.996
798.996
798.996
798.996
798.996
798.996
798.996
798.996
798.996
798.996
799
799
799
799
799
799
799
799
799
799
799
799
799
799
799
799
799
799
799
799
799
799
799
799
799
799
799
799
799
799
799
799
799
799
799
799
799
799
799
799
798.499
798.499
798.499
798.499
798.499
798.5
798.5
798.5
798.5
798.5
798.469
798.469
798.469
798.469
798.469
799
799
799
799
799
799
799
799
799
799
799
799
799
799
799
798.625
798.625
798.625
798.625
798.625
798.75
798.75
798.75
798.75
798.75
798.75
798.75
798.75
798.75
798.75
799
799
799
799
799
799
799
799
799
799
799
799
799
799
799
799
799
799
799
799
799
799
799
799
799
798.746
798.746
798.746
798.746
798.746
798.748
798.748
798.748
798.748
798.748
799
799
799
799
799
799
799
799
799
799
799
799
799
799
799
799
799
799
799
799
799
799
799
799
799
799
799
799
799
799
799
799
799
799
799
798.719
798.719
798.719
798.719
798.719
798.734
798.734
798.734
798.734
798.734
799
799
799
799
799
798.984
798.984
798.984
798.984
798.984
799
799
799
799
799
799
799
799
799
799
798.5
798.5
798.5
798.5
798.5
799
799
799
799
799
799
799
799
799
799
799
799
799
799
799
798.5
798.5
798.5
798.5
798.5
799
799
799
799
799
799
799
799
799
799
799
799
799
799
799
799
799
799
799
799
799
799
799
799
799
798.936
798.936
798.936
798.936
798.936
799
799
799
799
799
798.875
798.875
798.875
798.875
798.875
798.867
798.867
798.867
798.867
798.867
799
799
799
799
799
799
799
799
799
799
799
799
799
799
799
799
799
799
799
799
798.984
798.984
798.984
798.984
798.984
799
799
799
799
799
799
799
799
799
799
798.922
798.922
798.922
798.922
798.922
798.668
798.668
798.668
798.668
798.668
799
799
799
799
799
799
799
799
799
799
799
799
799
799
799
799
799
799
799
799
799
799
799
799
799
799
799
799
799
799
799
799
799
799
799
799
799
799
799
799
798.937
798.937
798.937
798.937
798.937
799
799
799
799
799
799
799
799
799
799
799
799
799
799
799
798.992
798.992
798.992
798.992
798.992
798.998
798.998
798.998
798.998
798.998
798.996
798.996
798.996
798.996
798.996
798.938
798.938
798.938
798.938
798.938
798.684
798.684
798.684
798.684
798.684
798.652
798.652
798.652
798.652
798.652
799
799
799
799
799
799
799
799
799
799
799
799
799
799
799
799
799
799
799
799
798.984
798.984
798.984
798.984
798.984
798.45
798.45
798.45
798.45
798.45
799
799
799
799
799
799
799
799
799
799
798.998
798.998
798.998
798.998
798.998
799
799
799
799
799
798.749
798.749
798.749
798.749
798.749
798.75
798.75
798.75
798.75
798.75
799
799
799
799
799
799
799
799
799
799
799
799
799
799
799
799
799
799
799
799
798.998
798.998
798.998
798.998
798.998
799
799
799
799
799
799
799
799
799
799
799
799
799
799
799
799
799
799
799
799
799
799
799
799
799
799
799
799
799
799
799
799
799
799
799
799
799
799
799
799
799
799
799
799
799
799
799
799
799
799
799
799
799
799
799
798.5
798.5
798.5
798.5
798.5
799
799
799
799
799
798.984
798.984
798.984
798.984
798.984
798.828
798.828
798.828
798.828
798.828
798.75
798.75
798.75
798.75
798.75
798.75
798.75
798.75
798.75
798.75
798.438
798.438
798.438
798.438
798.438
799
799
799
799
799
799
799
799
799
799
799
799
799
799
799
799
799
799
799
799
799
799
799
799
799
799
799
799
799
799
799
799
799
799
799
798.996
798.996
798.996
798.996
798.996
798.996
798.996
798.996
798.996
798.996
798.992
798.992
798.992
798.992
798.992
799
799
799
799
799
799
799
799
799
799
799
799
799
799
799
799
799
799
799
799
798.5
798.5
798.5
798.5
798.5
798.495
798.495
798.495
798.495
798.495
799
799
799
799
799
799
799
799
799
799
799
799
799
799
799
799
799
799
799
799
799
799
799
799
799
799
799
799
799
799
799
799
799
799
799
799
799
799
799
799
799
799
799
799
799
799
799
799
799
799
799
799
799
799
799
799
799
799
799
799
799
799
799
799
799
799
799
799
799
799
799
799
799
799
799
799
799
799
799
799
799
799
799
799
799
799
799
799
799
799
799
799
799
799
799
799
799
799
799
799
798.938
798.938
798.938
798.938
798.938
798.938
798.938
798.938
798.938
798.938
798.875
798.875
798.875
798.875
798.875
799
799
799
799
799
799
799
799
799
799
799
799
799
799
799
799
799
799
799
799
799
799
799
799
799
799
799
799
799
799
799
799
799
799
799
799
799
799
799
799
799
799
799
799
799
799
799
799
799
799
799
799
799
799
799
799
799
799
799
799
799
799
799
799
799
799
799
799
799
799
798.99
798.99
798.99
798.99
798.99
799
799
799
799
799
799
799
799
799
799
799
799
799
799
799
799
799
799
799
799
799
799
799
799
799
799
799
799
799
799
799
799
799
799
799
799
799
799
799
799
798.996
798.996
798.996
798.996
798.996
799
799
799
799
799
799
799
799
799
799
799
799
799
799
799
799
799
799
799
799
799
799
799
799
799
799
799
799
799
799
798.75
798.75
798.75
798.75
798.75
799
799
799
799
799
798.999
798.999
798.999
798.999
798.999
798.996
798.996
798.996
798.996
798.996
799
799
799
799
799
798.992
798.992
798.992
798.992
798.992
798.992
798.992
798.992
798.992
798.992
799
799
799
799
799
799
799
799
799
799
798.938
798.938
798.938
798.938
798.938
799
799
799
799
799
799
799
799
799
799
799
799
799
799
799
799
799
799
799
799
798.984
798.984
798.984
798.984
798.984
799
799
799
799
799
799
799
799
799
799
798.75
798.75
798.75
798.75
798.75
798.75
798.75
798.75
798.75
798.75
799
799
799
799
799
799
799
799
799
799
799
799
799
799
799
799
799
799
799
799
799
799
799
799
799
798.906
798.906
798.906
798.906
798.906
799
799
799
799
799
799
799
799
799
799
799
799
799
799
799
799
799
799
799
799
798.75
798.75
798.75
798.75
798.75
799
799
799
799
799
799
799
799
799
799
799
799
799
799
799
799
799
799
799
799
799
799
799
799
799
799
799
799
799
799
799
799
799
799
799
799
799
799
799
799
799
799
799
799
799
799
799
799
799
799
799
799
799
799
799
799
799
799
799
799
799
799
799
799
799
799
799
799
799
799
799
799
799
799
799
799
799
799
799
799
799
799
799
799
799
799
799
799
799
799
799
799
799
799
799
799
799
799
799
799
799
799
799
799
799
798.968
798.968
798.968
798.968
798.968
799
799
799
799
799
799
799
799
799
799
799
799
799
799
799
799
799
799
799
799
799
799
799
799
799
799
799
799
799
799
799
799
799
799
799
799
799
799
799
799
799
799
799
799
799
799
799
799
799
799
799
799
799
799
799
799
799
799
799
799
799
799
799
799
799
799
799
799
799
799
799
799
799
799
799
799
799
799
799
799
799
799
799
799
799
799
799
799
799
799
799
799
799
799
799
798.922
798.922
798.922
798.922
798.922
798.96
798.96
798.96
798.96
798.96
799
799
799
799
799
799
799
799
799
799
799
799
799
799
799
799
799
799
799
799
798.75
798.75
798.75
798.75
798.75
799
799
799
799
799
799
799
799
799
799
799
799
799
799
799
799
799
799
799
799
799
799
799
799
799
798.999
798.999
798.999
798.999
798.999
799
799
799
799
799
799
799
799
799
799
799
799
799
799
799
799
799
799
799
799
799
799
799
799
799
799
799
799
799
799
799
799
799
799
799
799
799
799
799
799
799
799
799
799
799
799
799
799
799
799
799
799
799
799
799
799
799
799
799
799
799
799
799
799
799
799
799
799
799
799
799
799
799
799
799
799
799
799
799
799
799
799
799
799
799
798.719
798.719
798.719
798.719
798.719
799
799
799
799
799
799
799
799
799
799
798.937
798.937
798.937
798.937
798.937
799
799
799
799
799
799
799
799
799
799
799
799
799
799
799
798.999
798.999
798.999
798.999
798.999
799
799
799
799
799
799
799
799
799
799
799
799
799
799
799
799
799
799
799
799
799
799
799
799
799
799
799
799
799
799
799
799
799
799
799
799
799
799
799
799
799
799
799
799
799
799
799
799
799
799
799
799
799
799
799
799
799
799
799
799
799
799
799
799
799
799
799
799
799
799
799
799
799
799
799
799
799
799
799
799
799
799
799
799
799
798.969
798.969
798.969
798.969
798.969
799
799
799
799
799
799
799
799
799
799
799
799
799
799
799
799
799
799
799
799
799
799
799
799
799
799
799
799
799
799
799
799
799
799
799
799
799
799
799
799
799
799
799
799
799
799
799
799
799
799
799
799
799
799
799
0
