0
0
0
0
0
0
0
0
0
0
0
0
0
0
0
0
0
0
0
0
0
0
0
0
0
0
0
0
0
0
0
0
0
0
0
0
0
0
0
0
0
0
0
0
0
0
0
0
0
0
0
0
0
0
0
0
0
0
0
0
0
0
0
0
0
0
0
0
0
0
0
0
0
0
0
0
0
0
0
0
0
0
0
0
0
0
0
0
0
0
0
0
0
0
0
0
0
0
0
0
0
0
0
0
0
0
0
0
0
0
0
0
0
0
0
0
0
0
0
0
0
0
0
0
0
0
0
0
0
0
0
0
0
0
0
0
0
0
0
0
0
0
0
0
0
0
0
0
0
0
0
0
0
0
0
0
0
0
0
0
0
0
0
0
0
0
0
0
0
0
0
0
0
0
0
0
0
0
0
0
0
0
0
0
0
0
0
0
0
0
0
0
0
0
0
0
0
0
0
770.68
770.68
770.68
770.68
770.68
690.505
690.505
690.505
690.505
690.505
750.309
750.309
750.309
750.309
750.309
737.96
737.96
737.96
737.96
737.96
518.613
518.613
518.613
518.613
518.613
656.62
656.62
656.62
656.62
656.62
348.369
348.369
348.369
348.369
348.369
497.668
497.668
497.668
497.668
497.668
410.062
410.062
410.062
410.062
410.062
635.867
635.867
635.867
635.867
635.867
633.459
633.459
633.459
633.459
633.459
775.027
775.027
775.027
775.027
775.027
750.063
750.063
750.063
750.063
750.063
714.673
714.673
714.673
714.673
714.673
690.957
690.957
690.957
690.957
690.957
386.102
386.102
386.102
386.102
386.102
558.5
558.5
558.5
558.5
558.5
617.063
617.063
617.063
617.063
617.063
603.203
603.203
603.203
603.203
603.203
435.146
435.146
435.146
435.146
435.146
647.138
647.138
647.138
647.138
647.138
724.116
724.116
724.116
724.116
724.116
370.458
370.441
370.441
370.441
370.441
412.561
412.561
412.561
412.561
412.561
585.019
585.019
585.019
585.019
585.019
770.399
770.399
770.399
770.399
770.399
790.899
790.899
790.899
790.899
790.899
783.531
783.531
783.531
783.531
783.531
788.898
788.898
788.898
788.898
788.898
770.096
770.096
770.096
770.096
770.096
790.091
790.091
790.091
790.091
790.091
778.481
778.481
778.481
778.481
778.481
778.074
778.074
778.074
778.074
778.074
793.648
793.648
793.648
793.648
793.648
791.186
791.186
791.186
791.186
791.186
776.377
776.377
776.377
776.377
776.377
793.996
793.996
793.996
793.996
793.996
788.644
788.644
788.644
788.644
788.644
761.78
761.78
761.78
761.78
761.78
766.527
766.527
766.527
766.527
766.527
753.701
753.701
753.701
753.701
753.701
736.191
736.191
736.191
736.191
736.191
746.51
746.51
746.51
746.51
746.51
765.17
765.17
765.17
765.17
765.17
739.91
739.91
739.91
739.91
739.91
740.561
740.561
740.561
740.561
740.561
713.45
713.45
713.45
713.45
713.45
659.666
659.666
659.666
659.666
659.666
494.724
494.724
494.724
494.724
494.724
266.344
266.344
266.344
266.344
266.344
724.405
724.405
724.405
724.405
724.405
755.562
755.562
755.562
755.562
755.562
726.434
726.434
726.434
726.434
726.434
770.065
770.065
770.065
770.065
770.065
775.585
775.585
775.585
775.585
775.585
762.056
762.056
762.056
762.056
762.056
781.178
781.178
781.178
781.178
781.178
777.021
777.021
777.021
777.021
777.021
751.25
751.25
751.25
751.25
751.25
743.487
743.487
743.487
743.487
743.487
777.264
777.264
777.264
777.264
777.264
744.221
744.221
744.221
744.221
744.221
740.732
740.732
740.732
740.732
740.732
788.793
788.793
788.793
788.793
788.793
770.737
770.737
770.738
770.738
770.738
732.115
732.115
732.115
732.115
732.115
766.5
766.5
766.5
766.5
766.5
779.683
779.683
779.683
779.683
779.683
753.734
753.734
753.734
753.734
753.734
705.939
705.939
705.939
705.939
705.939
763.863
763.863
763.863
763.863
763.863
782.124
782.124
782.124
782.124
782.124
783.347
783.347
783.347
783.347
783.347
770.06
770.06
770.06
770.06
770.06
756.858
756.858
756.858
756.858
756.858
761.253
761.253
761.253
761.253
761.253
777.811
777.811
777.811
777.811
777.811
771.902
771.902
771.902
771.902
771.902
792.045
792.045
792.045
792.045
792.045
786.236
786.236
786.236
786.236
786.236
781.923
781.923
781.923
781.923
781.923
786.563
786.563
786.563
786.563
786.563
775.159
775.159
775.159
775.159
775.159
778.617
778.617
778.617
778.617
778.617
792.856
792.856
792.856
792.856
792.856
777.183
777.183
777.183
777.183
777.183
737.012
737.012
737.012
737.012
737.012
795.148
795.148
795.148
795.148
795.148
780.798
780.798
780.798
780.798
780.798
767.611
767.611
767.611
767.611
767.611
788.339
788.339
788.339
788.339
788.339
766.449
766.449
766.449
766.449
766.449
742.161
742.161
742.161
742.161
742.161
775.973
775.973
775.973
775.973
775.973
764.53
764.53
764.53
764.53
764.53
770.617
770.617
770.617
770.617
770.617
790.666
790.666
790.666
790.666
790.666
768.171
768.171
768.171
768.171
768.171
788.649
788.649
788.649
788.649
788.649
787.913
787.913
787.913
787.913
787.913
767.949
767.949
767.949
767.949
767.949
776.983
776.983
776.983
776.983
776.983
787.474
787.474
787.474
787.474
787.474
767.441
767.441
767.441
767.441
767.441
783.723
783.723
783.723
783.723
783.723
786.199
786.199
786.199
786.199
786.199
761.214
761.214
761.214
761.214
761.214
700.479
700.479
700.479
700.479
700.479
786.824
786.824
786.824
786.824
786.824
782.263
782.263
782.263
782.263
782.263
755.21
755.21
755.21
755.21
755.21
782.618
782.618
782.618
782.618
782.618
725.253
725.253
725.253
725.253
725.253
770.326
770.326
770.326
770.326
770.326
785.162
785.162
785.162
785.162
785.162
746.469
746.469
746.469
746.469
746.469
671.14
671.14
671.14
671.14
671.14
753.044
753.044
753.044
753.044
753.044
765.443
765.443
765.443
765.443
765.443
723.532
723.532
723.532
723.532
723.532
791.388
791.388
791.388
791.388
791.388
778.435
778.435
778.435
778.435
778.435
790.332
790.332
790.332
790.332
790.332
767.699
767.699
767.699
767.699
767.699
757.714
757.714
757.714
757.714
757.714
751.967
751.967
751.967
751.967
751.967
781.326
781.326
781.326
781.326
781.326
787.903
787.903
787.903
787.903
787.903
758.258
758.258
758.258
758.258
758.258
784.557
784.557
784.557
784.557
784.557
772.624
772.624
772.624
772.624
772.624
764.912
764.912
766.325
766.325
766.325
762.131
762.131
762.131
762.131
762.131
728.766
728.766
728.766
728.766
728.766
675.212
675.212
675.212
675.212
675.212
751.25
751.25
751.25
751.25
751.25
759.982
759.982
759.982
759.982
759.982
725.892
725.892
725.892
725.892
725.892
736.595
736.595
736.595
736.595
736.595
765.26
765.26
765.26
765.26
765.26
688.98
688.98
688.98
688.98
688.98
789.751
789.751
789.751
789.751
789.751
772.529
772.529
772.529
772.529
772.529
764.317
764.317
764.317
764.317
764.317
787.049
787.049
787.049
787.049
787.049
772.953
772.953
772.953
772.953
772.953
770.379
770.379
770.379
770.379
770.379
776.486
776.486
776.486
776.486
776.486
748.388
748.388
748.388
748.388
748.388
736.173
736.173
736.173
736.173
736.173
714.173
714.173
714.173
714.173
714.173
629.452
629.452
629.452
629.452
629.452
463.605
463.605
463.605
463.605
463.605
488.887
488.887
488.887
488.887
488.887
501.401
501.401
501.401
501.401
501.401
526.188
526.188
526.188
526.188
526.188
763.675
763.675
763.675
763.675
763.675
709.622
709.622
709.622
709.622
709.622
674.804
674.804
674.804
674.804
674.804
781.796
781.796
781.796
781.796
781.796
725.91
725.91
725.91
725.91
725.91
707.293
707.293
707.293
707.293
707.293
763.636
763.636
763.636
763.636
763.636
645.656
645.656
645.656
645.656
645.656
697.953
697.953
697.953
697.953
697.953
766.855
766.855
766.855
766.855
766.855
770.419
770.419
770.419
770.419
770.419
734.82
734.82
734.82
734.82
734.82
787.628
787.628
787.628
787.628
787.628
765.879
765.879
765.879
765.879
765.879
730.189
730.189
730.189
730.189
730.189
575.954
575.954
575.954
575.954
575.954
772.675
772.675
772.675
772.675
772.675
747.774
747.774
747.774
747.774
747.774
774.848
774.848
774.848
774.848
774.848
737.529
737.529
737.529
737.529
737.529
713.673
713.673
713.673
713.673
713.673
776.697
776.697
776.697
776.697
776.697
735.567
735.567
735.567
735.567
735.567
734.059
734.059
734.059
734.059
734.059
782.367
782.367
782.367
782.367
782.367
778.654
778.654
778.654
778.654
778.654
756.77
756.77
756.77
756.77
756.77
778.322
778.322
778.322
778.322
778.322
763.941
763.941
763.941
763.941
763.941
752.794
752.794
752.794
752.794
752.794
780.064
780.064
780.064
780.064
780.064
780.339
780.339
780.339
780.339
780.339
744.906
744.906
744.906
744.906
744.906
777.475
777.475
777.475
777.475
777.475
777.412
777.412
777.412
777.412
777.412
755.305
755.305
755.305
755.305
755.305
771.017
771.017
771.017
771.017
771.017
772.438
772.438
772.438
772.438
772.438
778.913
778.913
778.913
778.913
778.913
767.995
767.995
767.995
767.995
767.995
722.173
722.173
722.173
722.173
722.173
662.715
662.715
662.715
662.715
662.715
504.942
504.942
504.942
504.942
504.942
785.864
785.864
785.864
785.864
785.864
729.322
729.322
729.322
729.322
729.322
279.255
279.255
279.255
279.255
279.255
663.066
663.066
663.066
663.066
663.066
739.528
739.528
739.528
739.528
739.528
617.449
617.449
617.449
617.449
617.449
753.76
753.76
753.76
753.76
753.76
758.718
758.718
758.718
758.718
758.718
776.758
776.758
776.758
776.758
776.758
735.758
735.758
735.758
735.758
735.758
723.068
723.068
723.068
723.068
723.068
779.851
779.851
779.851
779.851
779.851
760.333
760.333
760.334
760.334
760.334
751.343
751.343
751.343
751.343
751.343
782.935
782.935
782.935
782.935
782.935
751.556
751.556
751.556
751.556
751.556
772.402
772.402
772.402
772.402
772.402
778.163
778.163
778.163
778.163
778.163
779.767
779.767
779.8
779.8
779.8
769.049
769.049
769.049
769.049
769.049
778.921
778.921
778.921
778.921
778.921
775.879
775.879
775.879
775.879
775.879
775.433
775.433
775.433
775.433
775.433
745.56
745.56
745.56
745.56
745.56
742.536
742.536
742.536
742.536
742.536
730.953
730.953
730.953
730.953
730.953
770.037
770.037
770.037
770.037
770.037
766.118
766.118
766.118
766.118
766.118
761.383
761.383
761.383
761.383
761.383
789.093
789.093
789.093
789.093
789.093
763.857
763.857
763.857
763.857
763.857
776.116
776.116
776.116
776.116
776.116
794.4
794.4
794.4
794.4
794.4
757.801
757.801
757.801
757.801
757.801
745.498
745.498
745.498
745.498
745.498
649.72
649.72
649.72
649.72
649.72
316.469
319.937
319.937
319.937
319.937
684.189
684.189
684.189
684.189
684.189
400.657
400.657
400.657
400.657
400.657
395.721
395.721
395.721
395.721
395.721
788.83
788.83
788.83
788.83
788.83
756.555
756.555
756.555
756.555
756.555
710.602
710.602
710.602
710.602
710.602
612.094
612.094
612.094
612.094
612.094
372.375
372.375
372.375
372.375
372.375
662.674
662.674
662.674
662.674
662.674
511.452
511.452
511.452
511.452
511.452
460.401
460.401
460.401
460.401
460.401
609.156
609.156
609.156
609.156
609.156
358.331
358.331
358.331
358.331
358.331
443.876
443.876
443.876
443.876
443.876
513.505
513.505
513.505
513.505
513.505
620.25
620.25
620.25
620.25
620.25
552.405
552.405
552.405
552.405
552.405
312.042
312.042
312.042
312.042
312.042
505.397
505.397
505.397
505.397
505.397
769.952
769.952
769.952
769.952
769.952
182.22
182.22
182.22
182.22
182.22
551.362
551.362
551.362
551.362
551.362
788.326
788.326
788.326
788.326
788.326
775.033
775.033
775.033
775.033
775.033
791.616
791.616
791.616
791.616
791.616
782.506
782.506
782.506
782.506
782.506
783.317
783.317
783.317
783.317
783.317
773.074
773.074
773.074
773.074
773.074
789.053
789.053
789.053
789.053
789.053
792.368
792.368
792.368
792.368
792.368
767.661
767.661
767.661
767.661
767.661
790.458
790.458
790.458
790.458
790.458
777.463
777.463
777.463
777.463
777.463
785.695
785.695
785.695
785.695
785.695
786.949
786.949
786.949
786.949
786.949
794.076
794.076
794.076
794.076
794.076
780.678
780.678
780.678
780.678
780.678
792.495
792.495
792.495
792.495
792.495
791.692
791.692
791.692
791.692
791.692
784.107
784.107
784.107
784.107
784.107
784.983
784.983
784.983
784.983
784.983
769.174
769.174
769.174
769.174
769.174
760.394
760.394
760.394
760.394
760.394
780.815
780.815
780.815
780.815
780.815
775.542
775.542
775.542
775.542
775.542
773.882
773.882
773.882
773.882
773.882
787.598
787.598
787.598
787.598
787.598
777.88
777.88
777.88
777.88
777.88
758.111
758.111
758.111
758.111
758.111
786.746
786.746
786.746
786.746
786.746
780.662
780.662
780.662
780.662
780.662
771.971
771.971
771.971
771.971
771.971
771.135
771.135
771.135
771.135
771.135
773.715
773.715
777.179
777.179
777.179
779.125
779.125
779.125
779.125
779.125
780.191
780.191
780.191
780.191
780.191
732.109
732.109
732.109
732.109
732.109
586.891
586.891
586.891
586.891
586.891
286.183
286.183
286.183
286.183
286.183
214.411
214.411
214.411
214.411
214.411
770.329
770.329
770.329
770.329
770.329
781.788
781.788
781.788
781.788
781.788
771.445
771.445
771.445
771.445
771.445
774.397
774.397
774.397
774.397
774.397
781.549
781.549
781.549
781.549
781.549
768.808
768.808
768.808
768.808
768.808
767.012
767.012
767.012
767.012
767.012
703.036
703.036
703.036
703.036
703.036
703.225
703.225
703.225
703.225
703.225
527.365
527.365
527.365
527.365
527.365
739.626
739.626
739.626
739.626
739.626
655.574
655.574
655.574
655.574
655.574
213.244
213.244
213.244
213.244
213.244
204.409
204.409
204.409
204.409
204.409
274.588
274.588
274.588
274.588
274.588
443.138
443.138
443.138
443.138
443.138
344.833
344.833
344.834
344.834
344.834
438.943
438.943
438.943
438.943
438.943
516.244
516.244
516.244
516.244
516.244
182.283
182.283
182.283
182.283
182.283
422.493
422.493
422.493
422.493
422.493
650.257
650.257
650.257
650.257
650.257
254.039
254.039
254.039
254.039
254.039
787.702
787.702
787.702
787.702
787.702
771.697
771.697
771.697
771.697
771.697
760.66
760.66
760.66
760.66
760.66
784.856
784.856
784.856
784.856
784.856
773.246
773.246
773.246
773.246
773.246
789.126
789.126
789.126
789.126
789.126
780.557
780.557
780.557
780.557
780.557
778.949
778.949
778.949
778.949
778.949
789.323
789.323
789.323
789.323
789.323
787.142
787.142
787.142
787.142
787.142
769.819
769.819
769.819
769.819
769.819
790.388
790.388
790.388
790.388
790.388
745.445
745.445
745.445
745.445
745.445
758.533
758.533
758.533
758.533
758.533
786.685
786.685
786.685
786.685
786.685
784.389
784.389
784.389
784.389
784.389
755.871
755.871
755.871
755.871
755.871
790.428
790.428
790.428
790.428
790.428
780.789
780.789
780.789
780.789
780.789
738.43
738.43
738.43
738.43
738.43
783.185
783.185
783.185
783.185
783.185
795.074
795.074
795.074
795.074
795.074
784.861
784.861
784.861
784.861
784.861
780.278
780.278
780.278
780.278
780.278
775.619
775.619
775.619
775.619
775.619
776.674
776.674
776.674
776.674
776.674
787.203
787.203
787.203
787.203
787.203
763.787
763.787
763.787
763.787
763.787
788.297
788.297
788.297
788.297
788.297
775.361
775.361
775.361
775.361
775.361
771.377
771.377
771.377
771.377
771.377
774.121
774.121
774.121
774.121
774.121
789.261
789.261
789.261
789.261
789.261
779.771
779.771
779.771
779.771
779.771
790.308
790.308
790.308
790.308
790.308
790.394
790.394
790.394
790.394
790.394
786.436
786.436
786.436
786.436
786.436
772.241
772.241
772.241
772.241
772.241
792.217
792.217
792.217
792.217
792.217
787.999
787.999
787.999
787.999
787.999
775.43
775.43
775.43
775.43
775.43
796.997
796.997
796.997
796.997
796.997
790.811
790.811
790.811
790.811
790.811
786.701
786.701
786.701
786.701
786.701
793.146
793.146
793.146
793.146
793.146
788.676
788.676
788.676
788.676
788.676
778.923
778.923
778.923
778.923
778.923
787.265
787.265
787.265
787.265
787.265
780.097
780.097
780.097
780.097
780.097
789.668
789.668
789.668
789.668
789.668
777.679
777.679
777.679
777.679
777.679
770.221
770.221
770.221
770.221
770.221
759.241
759.241
759.241
759.241
759.241
778.852
778.852
778.852
778.852
778.852
732.201
732.201
732.201
732.201
732.201
729.625
729.625
729.625
729.625
729.625
744.332
744.332
744.332
744.332
744.332
761.753
761.753
761.753
761.753
761.753
668.671
668.671
668.671
668.671
668.671
776.59
776.59
776.59
776.59
776.59
742.72
742.72
742.72
742.72
742.72
726.888
726.888
726.888
726.888
726.888
788.855
788.855
788.855
788.855
788.855
762.806
762.806
762.838
762.838
762.838
732.021
732.021
732.021
732.021
732.021
790.932
790.932
790.932
790.932
790.932
791.143
791.143
791.143
791.143
791.143
781.226
781.226
781.226
781.226
781.226
764.566
764.566
764.566
764.566
764.566
755.782
755.782
755.782
755.782
755.782
701.779
701.779
701.779
701.779
701.779
532.902
532.902
532.902
532.902
532.902
618.664
618.664
618.664
618.664
618.664
746.817
746.817
746.817
746.817
746.817
736.474
736.474
736.474
736.474
736.474
716.863
716.863
716.863
716.863
716.863
744.653
744.653
744.653
744.653
744.653
613.675
613.675
613.675
613.675
613.675
572.501
572.501
572.501
572.501
572.501
368.302
368.302
368.302
368.302
368.302
654.475
654.475
654.475
654.475
654.475
771.846
771.846
771.846
771.846
771.846
775.99
775.99
775.99
775.99
775.99
771.567
771.567
771.567
771.567
771.567
775.091
775.091
775.091
775.091
775.091
555.237
555.237
555.237
555.237
555.237
692.501
692.501
692.501
692.501
692.501
746.542
746.542
746.542
746.542
746.542
711.168
711.168
711.168
711.168
711.168
738.732
738.732
738.732
738.732
738.732
498.039
498.039
498.039
498.039
498.039
435.823
435.823
435.823
435.823
435.823
569.484
569.484
569.484
569.484
569.484
615.61
615.61
615.61
615.61
615.61
757.966
757.966
757.966
757.966
757.966
515.425
515.425
515.425
515.425
515.425
649.375
649.375
649.375
649.375
649.375
493.82
493.82
493.82
493.82
493.82
400
400
400
400
400
547.36
547.36
547.36
547.36
547.36
734.634
734.634
734.634
734.634
734.634
641.939
641.939
641.939
641.939
641.939
407.965
407.965
407.965
407.965
407.965
645.711
645.711
645.711
645.711
645.711
222.156
222.156
222.156
222.156
222.156
756.579
756.579
756.579
756.579
756.579
706.638
706.638
706.638
706.638
706.638
771.242
771.242
771.242
771.242
771.242
370.795
370.795
370.795
370.795
370.795
682.024
682.024
682.024
682.024
682.024
775.048
775.048
775.048
775.048
775.048
744.783
744.783
744.783
744.783
744.783
419.524
419.524
419.524
419.524
419.524
718.89
718.89
718.89
718.89
718.89
663.472
663.472
663.472
663.472
663.472
574.551
574.551
574.551
574.551
574.551
697.548
697.548
697.548
697.548
697.548
508.06
508.06
508.06
508.06
508.06
656.076
656.076
656.076
656.076
656.076
543.775
543.775
543.775
543.775
543.775
529.64
529.64
529.64
529.64
529.64
715.685
715.685
715.685
715.685
715.685
600.466
600.466
600.466
600.466
600.466
748.299
748.299
748.299
748.299
748.299
603.542
603.542
603.542
603.542
603.542
551.678
551.678
551.678
551.678
551.678
638.064
638.064
638.064
638.064
638.064
583.571
583.571
583.571
583.571
583.571
487.785
487.785
487.785
487.785
487.785
482.953
482.953
482.953
482.953
482.953
308.077
308.077
308.077
308.077
308.077
535.857
535.857
535.857
535.857
535.857
740.532
740.532
740.532
740.532
740.532
760.126
760.126
760.126
760.126
760.126
767.486
767.486
767.486
767.486
767.486
786.365
786.365
786.365
786.365
786.365
776.342
776.342
776.342
776.342
776.342
781.005
781.005
781.005
781.005
781.005
786.304
786.304
786.304
786.304
786.304
771.926
771.926
771.926
771.926
771.926
769.492
769.492
769.492
769.492
769.492
769.252
769.252
769.252
769.252
769.252
758.292
758.292
758.292
758.292
758.292
785.659
785.659
785.659
785.659
785.659
776.306
776.306
776.306
776.306
776.306
771.443
771.443
771.443
771.443
771.443
787.491
787.491
787.491
787.491
787.491
785.016
785.016
785.016
785.016
785.016
789.426
789.426
789.426
789.426
789.426
796.633
796.633
796.633
796.633
796.633
788.602
788.602
788.602
788.602
788.602
789.655
789.655
789.655
789.655
789.655
786.235
786.235
786.235
786.235
786.235
781.786
781.786
781.786
781.786
781.786
782.38
782.38
782.38
782.38
782.38
796.54
796.54
796.54
796.54
796.54
795.578
795.578
795.578
795.578
795.578
795.414
795.414
795.414
795.414
795.414
794.982
794.982
794.982
794.982
794.982
786.084
786.084
786.084
786.084
786.084
787.651
787.651
787.651
787.651
787.651
793.888
793.888
793.888
793.888
793.888
792.536
792.536
792.536
792.536
792.536
786.63
786.63
786.63
786.63
786.63
786.204
786.204
786.204
786.204
786.204
784.035
784.035
784.035
784.035
784.035
782.737
782.737
782.737
782.737
782.737
790.004
790.004
790.004
790.004
790.004
789.599
789.599
789.599
789.599
789.599
785.935
785.935
785.935
785.935
785.935
794.639
794.639
794.639
794.639
794.639
791.387
791.387
791.387
791.387
791.387
786.766
786.766
786.766
786.766
786.766
787.73
787.73
787.73
787.73
787.73
782.199
782.199
782.199
782.199
782.199
787.788
787.788
787.788
787.788
787.788
793.867
793.867
793.867
793.867
793.867
791.353
791.353
791.353
791.353
791.353
788.201
788.201
788.201
788.201
788.201
793.583
793.583
793.583
793.583
793.583
789.391
789.391
789.391
789.391
789.391
784.892
784.892
784.892
784.892
784.892
776.967
776.967
776.967
776.967
776.967
776.917
776.917
776.917
776.917
776.917
762.67
762.67
762.67
762.67
762.67
781.879
781.879
781.879
781.879
781.879
774.21
774.21
774.21
774.21
774.21
785.364
785.364
785.364
785.364
785.364
795.028
795.028
795.028
795.028
795.028
790.534
790.534
790.534
790.534
790.534
776.477
776.477
776.477
776.477
776.477
792.222
792.222
792.222
792.222
792.222
775.012
775.012
775.012
775.012
775.012
787.55
787.55
787.55
787.55
787.55
793.851
793.851
793.851
793.851
793.851
792.407
792.407
792.407
792.407
792.407
785.03
785.03
785.03
785.03
785.03
796.085
796.085
796.085
796.085
796.085
788.657
788.657
788.657
788.657
788.657
790.457
790.457
790.457
790.457
790.457
795.727
795.727
795.727
795.727
795.727
788.622
788.622
788.622
788.622
788.622
786.391
786.391
786.391
786.391
786.391
797.312
797.312
797.312
797.312
797.312
792.294
792.294
792.294
792.294
792.294
790.785
790.785
790.785
790.785
790.785
792.654
792.654
792.654
792.654
792.654
791.059
791.059
791.059
791.059
791.059
788.388
788.388
788.388
788.388
788.388
792.486
792.486
792.486
792.486
792.486
789.025
789.025
789.025
789.025
789.025
783.292
783.292
783.292
783.292
783.292
790.535
790.535
790.535
790.535
790.535
772.405
772.405
772.405
772.405
772.405
760.259
760.259
760.259
760.259
760.259
763.158
763.158
763.158
763.158
763.158
769.023
769.023
769.023
769.023
769.023
769.464
769.464
769.464
769.464
769.464
793.638
793.638
793.638
793.638
793.638
783.339
783.339
783.339
783.339
783.339
785.829
785.829
785.829
785.829
785.829
784.944
784.944
784.944
784.944
784.944
768.794
768.794
768.794
768.794
768.794
791.945
791.945
791.945
791.945
791.945
788.581
788.581
788.581
788.581
788.581
780.053
780.053
780.053
780.053
780.053
780.9
780.9
780.9
780.9
780.9
789.903
789.903
789.903
789.903
789.903
783.367
783.367
783.367
783.367
783.367
795.469
795.469
795.469
795.469
795.469
784.651
784.651
784.651
784.651
784.651
776.224
776.224
776.224
776.224
776.224
760.801
760.801
760.801
760.801
760.801
788.706
788.706
788.706
788.706
788.706
782.361
782.361
782.361
782.361
782.361
764.876
764.876
764.876
764.876
764.876
779.62
779.62
779.62
779.62
779.62
749.495
749.495
749.495
749.495
749.495
734.914
734.914
734.914
734.914
734.914
767.827
785.655
785.655
785.655
785.655
745.839
745.839
745.839
745.839
745.839
785.005
785.005
785.005
785.005
785.005
778.556
778.556
778.556
778.556
778.556
725.261
725.261
725.261
725.261
725.261
767.525
767.525
767.55
767.55
767.55
787.048
787.048
787.048
787.048
787.048
762.674
762.674
762.674
762.674
762.674
762.433
762.433
762.433
762.433
762.433
757.08
757.08
757.08
757.08
757.08
766.047
766.047
766.047
766.047
766.047
736.076
736.339
736.339
736.339
736.339
716.912
722.323
722.323
722.323
722.323
562.473
562.473
562.473
562.473
562.473
662.762
662.762
662.762
662.762
662.762
513.484
513.484
513.484
513.484
513.484
440.543
440.543
440.543
440.543
440.543
604.273
604.273
604.273
604.273
604.273
340.169
340.169
340.169
340.169
340.169
642.943
642.943
642.914
642.914
642.914
467.063
467.063
467.063
467.063
467.063
582.368
582.368
582.368
582.368
582.368
437.877
437.877
437.877
437.877
437.877
726.109
726.109
726.109
726.109
726.109
515.277
515.277
515.277
515.277
515.277
589.247
589.247
589.247
589.247
589.247
642.699
642.699
642.699
642.699
642.699
444.472
444.472
444.472
444.472
444.472
707.707
707.707
707.707
707.707
707.707
550.427
550.427
550.427
550.427
550.427
622.771
622.771
622.771
622.771
622.771
223.196
223.196
223.196
223.196
223.196
526.726
526.726
526.726
526.726
526.726
747.895
747.895
747.895
747.895
747.895
785.869
785.869
785.869
785.869
785.869
766.891
766.891
766.891
766.891
766.891
785.836
785.836
785.836
785.836
785.836
781.945
781.945
781.945
781.945
781.945
686.442
686.442
686.442
686.442
686.442
237.95
237.95
237.95
237.95
237.95
612.821
612.821
612.821
612.821
612.821
697.896
697.896
697.896
697.896
697.896
749.628
749.628
749.628
749.628
749.628
681.228
681.228
681.228
681.228
681.228
625.884
625.884
625.884
625.884
625.884
744.708
744.708
744.708
744.708
744.708
706.995
706.995
706.995
706.995
706.995
645.011
645.011
645.011
645.011
645.011
541.059
541.059
541.059
541.059
541.059
397.285
397.285
397.285
397.285
397.285
696.786
696.786
696.786
696.786
696.786
612.271
612.271
612.271
612.271
612.271
745.882
745.882
745.882
745.882
745.882
772.344
772.344
772.344
772.344
772.344
698.082
698.082
698.082
698.082
698.082
755.98
755.98
755.981
755.981
755.981
707.09
707.09
707.09
707.09
707.09
563.57
563.57
563.57
563.57
563.57
418.898
418.898
418.898
418.898
418.898
690.015
690.015
690.015
690.015
690.015
649.338
649.338
649.338
649.338
649.338
335.564
335.564
335.564
335.564
335.564
327.402
327.402
327.402
327.402
327.402
486.248
486.248
486.248
486.248
486.248
636.431
636.431
636.431
636.431
636.431
510.493
510.493
510.493
510.493
510.493
549.91
549.91
549.91
549.91
549.91
515.14
515.14
515.14
515.14
515.14
627.807
627.807
627.807
627.807
627.807
498.393
498.393
498.393
498.393
498.393
649.094
649.094
649.094
649.094
649.094
749.018
749.018
749.018
749.018
749.018
750.211
750.211
750.211
750.211
750.211
593.97
593.97
593.97
593.97
593.97
657.783
657.783
657.783
657.783
657.783
652.522
652.522
652.522
652.522
652.522
660.873
660.873
660.873
660.873
660.873
542.61
542.61
542.61
542.61
542.61
781.848
781.848
781.848
781.848
781.848
772.332
772.332
772.332
772.332
772.332
737.593
737.593
737.593
737.593
737.593
655.576
655.576
655.576
655.576
655.576
609.648
609.648
609.648
609.648
609.648
768.657
768.657
768.657
768.657
768.657
477.24
477.24
477.24
477.24
477.24
512.014
512.014
512.014
512.014
512.014
622.277
622.277
622.277
622.277
622.277
740.957
740.957
740.957
740.957
740.957
558.716
558.716
558.716
558.716
558.716
261.25
261.25
261.25
261.25
261.25
773.063
773.063
773.063
773.063
773.063
734.855
734.855
734.855
734.855
734.855
682.251
682.251
682.251
682.251
682.251
742.992
742.992
742.992
742.992
742.992
653.096
653.096
653.096
653.096
653.096
373.125
373.125
373.125
373.125
373.125
428.079
428.079
428.079
428.079
428.079
766.836
766.836
766.836
766.836
766.836
764.756
764.756
764.756
764.756
764.756
759.804
759.804
759.804
759.804
759.804
768.639
768.639
768.639
768.639
768.639
749.757
749.757
749.757
749.757
749.757
595.983
595.983
595.983
595.983
595.983
705.874
705.874
705.874
705.874
705.874
719.93
719.93
719.93
719.93
719.93
721.986
721.986
721.986
721.986
721.986
692.971
692.971
692.971
692.971
692.971
677.109
677.109
677.109
677.109
677.109
571.84
571.84
571.84
571.84
571.84
701.966
701.966
701.966
701.966
701.966
777.622
777.622
777.622
777.622
777.622
768.685
768.685
768.685
768.685
768.685
754.011
754.011
754.011
754.011
754.011
763.112
763.112
763.112
763.112
763.112
785.09
785.09
785.09
785.09
785.09
763.211
763.211
763.211
763.211
763.211
728
728
728
728
728
401.203
401.203
401.203
401.203
401.203
654.883
654.883
654.883
654.883
654.883
290.61
290.61
290.61
290.61
290.61
389.488
389.488
389.488
389.488
389.488
597.386
597.386
597.386
597.386
597.386
709.685
709.685
709.685
709.685
709.685
777.984
777.984
777.984
777.984
777.984
778.243
778.243
778.243
778.243
778.243
759.141
759.141
759.141
759.141
759.141
678.539
678.539
678.539
678.539
678.539
505.369
510.488
510.488
510.488
510.488
503.549
503.549
503.549
503.549
503.549
746.6
746.6
746.6
746.6
746.6
689.625
689.625
689.625
689.625
689.625
348.105
348.105
348.105
348.105
348.105
685.814
685.741
685.741
685.741
685.741
597.746
597.746
597.746
597.746
597.746
772.717
772.717
772.717
772.717
772.717
718.852
718.852
718.852
718.852
718.852
721.314
721.314
721.314
721.314
721.314
773.25
773.25
773.25
773.25
773.25
759.389
759.389
759.389
759.389
759.389
752.999
752.999
752.999
752.999
752.999
549.518
549.518
549.518
549.518
549.518
775.847
775.847
775.847
775.847
775.847
748.408
748.408
748.408
748.408
748.408
693.346
693.346
693.346
693.346
693.346
764.431
764.431
764.431
764.431
764.431
476.517
476.517
476.517
476.517
476.517
505.069
505.069
505.069
505.069
505.069
563.693
563.693
563.693
563.693
563.693
582.432
582.432
582.432
582.432
582.432
534.719
534.719
534.719
534.719
534.719
549.24
549.24
549.24
549.24
549.24
635.986
635.986
635.986
635.986
635.986
457.443
457.443
457.443
457.443
457.443
181.699
181.699
181.699
181.699
233.397
492.046
492.046
492.046
492.046
492.046
604.329
604.329
604.329
604.329
604.329
403.119
403.119
403.119
403.119
403.119
758.574
758.574
758.574
758.574
758.574
754.354
754.354
754.354
754.354
754.354
564.459
564.459
564.459
564.459
564.459
481.462
481.462
481.462
481.462
481.462
777.904
777.904
777.904
777.904
777.904
409.614
409.614
409.614
409.614
409.614
317.901
317.901
317.901
317.901
317.901
756.672
756.672
756.672
756.672
756.672
624.257
624.257
624.257
624.257
624.257
769.859
769.859
769.859
769.859
769.859
701.79
701.79
701.79
701.79
701.79
759.558
759.558
759.558
759.558
759.558
687.147
687.147
687.147
687.147
687.147
633.754
633.754
633.754
633.754
633.754
723.235
723.235
723.235
723.235
723.235
717.609
717.609
717.609
717.609
717.609
740.617
740.617
740.617
740.617
740.617
613.727
613.727
613.727
613.727
613.727
476.49
476.49
476.49
476.49
476.49
664.33
664.33
664.33
664.33
664.33
336.689
336.689
336.689
336.689
336.689
783.589
783.589
783.589
783.589
783.589
720.8
720.8
720.8
720.8
720.8
712.289
712.289
712.289
712.289
712.289
528.989
528.989
528.989
528.989
528.989
519.482
519.482
519.482
519.482
650.464
567.849
567.849
567.849
567.849
567.849
638.452
638.452
638.452
638.452
638.452
678.743
678.743
678.743
678.743
678.743
529.2
529.2
529.2
529.2
529.2
500
500
500
500
500
564.873
564.873
564.873
564.873
564.873
791.077
791.077
791.077
791.077
791.077
754.593
754.593
754.593
754.593
754.593
791.873
791.873
791.873
791.873
791.873
773.954
773.954
773.954
773.954
773.954
787.479
787.479
787.479
787.479
787.479
767.376
767.376
767.376
767.376
767.376
760.982
760.982
760.982
760.982
760.982
738.057
738.057
738.057
738.057
738.057
714.634
714.634
714.634
714.634
714.634
752.977
752.977
752.977
752.977
752.977
378.534
378.534
378.534
378.534
378.534
547.989
547.989
547.989
547.989
547.989
758.184
758.184
758.184
758.184
758.184
735.544
735.544
735.544
735.544
735.544
722.783
722.783
722.783
722.783
722.783
776.257
776.257
776.257
776.257
776.257
292.255
292.255
292.255
292.255
292.255
402.001
402.001
402.001
402.001
402.001
609.391
609.391
609.391
609.391
609.391
520.31
520.31
520.31
520.31
520.31
622.909
622.909
622.909
622.909
622.909
573.418
573.418
573.418
573.418
573.418
388.625
388.625
388.625
388.625
388.625
684.825
684.825
684.825
684.825
684.825
537.906
537.906
537.906
537.906
537.906
749.986
749.986
749.986
749.986
749.986
714.046
714.046
714.046
714.046
714.046
464.827
464.827
464.827
464.827
464.827
723.068
723.068
723.068
723.068
723.068
386.352
386.352
386.352
386.352
386.352
735.962
735.962
735.962
735.962
735.962
755.987
755.987
755.987
755.987
755.987
724.144
724.144
724.144
724.144
724.144
695.862
695.862
695.862
695.862
695.862
619.067
619.067
619.067
619.067
619.067
700.107
700.107
700.107
700.107
700.107
407.015
407.015
407.015
407.015
407.015
560.069
560.069
560.069
560.069
560.069
714.934
714.934
714.934
714.934
714.934
714.634
714.634
714.634
714.634
714.634
667.688
667.688
667.688
667.688
667.688
634.449
634.449
634.449
634.449
634.449
584.853
584.853
584.853
584.853
584.853
725.518
725.518
725.518
725.518
725.518
763.627
763.627
763.627
763.627
763.627
791.016
791.016
791.016
791.016
791.016
787.754
787.754
787.754
787.754
787.754
765.987
765.987
765.987
765.987
765.987
779.95
779.95
779.95
779.95
779.95
789.222
789.222
789.222
789.222
789.222
776.016
776.016
776.016
776.016
776.016
782.982
782.982
782.982
782.982
782.982
785.489
785.489
785.489
785.489
785.489
781.684
781.684
781.684
781.684
781.684
792.572
792.572
792.572
792.572
792.572
789.955
789.955
789.955
789.955
789.955
780.283
780.283
780.283
780.283
780.283
796.437
796.437
796.437
796.437
796.437
779.419
779.419
779.419
779.419
779.419
776.697
776.697
776.697
776.697
776.697
790.79
790.79
790.79
790.79
790.79
786.605
786.605
786.605
786.605
786.605
781.472
781.472
781.472
781.472
781.472
784.388
784.388
784.388
784.388
784.388
782.532
782.532
782.532
782.532
782.532
784.813
784.813
784.813
784.813
784.813
794.7
794.7
794.7
794.7
794.7
794.054
794.054
794.054
794.054
794.054
790.614
790.614
790.614
790.614
790.614
796.623
796.623
796.623
796.623
796.623
792.263
792.263
792.263
792.263
792.263
792.352
792.352
792.352
792.352
792.352
791.885
791.885
791.885
791.885
791.885
785.996
785.996
785.996
785.996
785.996
783.705
783.705
783.705
783.705
783.705
796.329
796.329
796.329
796.329
796.329
793.838
793.838
793.838
793.838
793.838
787.152
787.152
787.152
787.152
787.152
790.472
790.472
790.472
790.472
790.472
786.426
786.426
786.426
786.426
786.426
785.379
785.379
785.379
785.379
785.379
778.853
778.853
778.853
778.853
778.853
768.172
768.172
768.172
768.172
768.172
763.278
763.278
763.278
763.278
763.278
786.643
786.643
786.643
786.643
786.643
774.032
774.032
774.032
774.032
774.032
781.328
781.328
781.328
781.328
781.328
793.875
793.875
793.875
793.875
793.875
789.037
789.037
789.037
789.037
789.037
782.046
782.046
782.046
782.046
782.046
793.843
793.843
793.843
793.843
793.843
784.988
784.988
784.988
784.988
784.988
787.539
787.539
787.539
787.539
787.539
795.593
795.593
795.593
795.593
795.593
790.524
790.524
790.524
790.524
790.524
792.98
792.98
792.98
792.98
792.98
789.431
789.431
789.431
789.431
789.431
794.045
794.045
794.045
794.045
794.045
789.325
789.325
789.325
789.325
789.325
788.255
788.255
788.255
788.255
788.255
780.462
780.462
780.462
780.462
780.462
767.982
767.982
767.982
767.982
767.982
790.888
790.888
790.888
790.888
790.888
781.462
781.462
781.462
781.462
781.462
781.438
781.438
781.438
781.438
781.438
795.578
795.578
795.578
795.578
795.578
794.736
794.736
794.736
794.736
794.736
786.919
786.919
786.919
786.919
786.919
792.496
792.496
792.496
792.496
792.496
791.136
791.136
791.136
791.136
791.136
785.945
785.945
785.945
785.945
785.945
793.281
793.281
793.281
793.281
793.281
785.311
785.311
785.311
785.311
785.311
789.561
789.561
789.561
789.561
789.561
793.023
793.023
793.023
793.023
793.023
788.903
788.903
788.903
788.903
788.903
787.925
787.925
787.925
787.925
787.925
796.712
796.712
796.712
796.712
796.712
791.922
791.922
791.922
791.922
791.922
773.368
773.368
773.368
773.368
773.368
796.945
796.945
796.945
796.945
796.945
777.665
777.665
777.665
777.665
777.665
768.867
768.867
768.867
768.867
768.867
784.238
784.238
784.238
784.238
784.238
777.886
777.886
777.886
777.886
777.886
783.597
783.597
783.597
783.597
783.597
795.362
795.362
795.362
795.362
795.362
781.781
781.781
781.781
781.781
781.781
771.444
771.444
771.444
771.444
771.444
789.51
789.51
789.51
789.51
789.51
779.672
779.672
779.672
779.672
779.672
783.911
783.911
783.911
783.911
783.911
787.541
787.541
787.541
787.541
787.541
782.538
782.538
782.538
782.538
782.538
784.791
784.791
784.791
784.791
784.791
789.784
789.784
789.784
789.784
789.784
782.564
782.564
782.564
782.564
782.564
772.708
772.708
772.708
772.708
772.708
741.49
741.49
741.49
741.49
741.49
770.264
770.264
770.264
770.264
770.264
753.056
753.056
753.056
753.056
753.056
778.902
778.902
778.902
778.902
778.902
751.321
751.321
751.321
751.321
751.321
761.697
761.697
761.697
761.697
761.697
784.971
784.971
784.971
784.971
784.971
778.624
778.624
778.624
778.624
778.624
764.352
764.352
764.352
764.352
764.352
784.549
784.549
784.549
784.549
784.549
770.738
770.738
770.738
770.738
770.738
720.713
720.713
720.713
720.713
720.713
763.225
763.225
763.225
763.225
763.225
741.161
741.161
741.161
741.161
741.161
714.608
714.608
714.608
714.608
714.608
770.88
770.88
770.88
770.88
770.88
767.124
767.124
767.124
767.124
767.124
785.44
785.44
785.44
785.44
785.44
787.97
787.97
787.97
787.97
787.97
784.621
784.621
784.621
784.621
784.621
792.217
792.217
792.217
792.217
792.217
785.764
785.764
785.764
785.764
785.764
786.426
786.426
786.426
786.426
786.426
783.011
783.011
783.011
783.011
783.011
792.294
792.294
792.294
792.294
792.294
781.919
781.919
781.919
781.919
781.919
778.58
778.58
778.58
778.58
778.58
784.063
784.063
784.063
784.063
784.063
779.65
779.65
779.65
779.65
779.65
786.308
786.308
786.308
786.308
786.308
781.582
781.582
781.582
781.582
781.582
787.156
787.156
787.156
787.156
787.156
777.44
777.44
777.44
777.44
777.44
787.984
787.984
787.984
787.984
787.984
772.369
772.369
772.369
772.369
772.369
784.838
784.838
784.838
784.838
784.838
794.737
794.737
794.737
794.737
794.737
779.807
779.807
779.807
779.807
779.807
777.524
777.524
777.524
777.524
777.524
790.901
790.901
790.901
790.901
790.901
789.862
789.862
789.862
789.862
789.862
777.443
777.443
777.443
777.443
777.443
775.409
775.409
775.409
775.409
775.409
782.158
782.158
782.158
782.158
782.158
782.589
782.589
782.589
782.589
782.589
777.608
777.608
777.608
777.608
777.608
783.35
783.35
783.35
783.35
783.35
790.974
790.974
790.974
790.974
790.974
796.276
796.276
796.276
796.276
796.276
793.741
793.741
793.741
793.741
793.741
781.277
781.277
781.277
781.277
781.277
792.538
792.538
792.538
792.538
792.538
772.408
772.408
772.408
772.408
772.408
792.605
792.605
792.605
792.605
792.605
786.114
786.114
786.114
786.114
786.114
775.552
775.552
775.552
775.552
775.552
764.049
764.049
764.049
764.049
764.049
783.284
783.284
783.284
783.284
783.284
756.751
756.751
756.751
756.751
756.751
763.807
763.807
763.807
763.807
763.807
774.763
774.763
774.763
774.763
774.763
717.559
717.559
717.559
717.559
717.559
705.599
705.599
705.599
705.599
705.599
721.737
721.737
721.737
721.737
721.737
666.31
666.31
666.31
666.31
666.31
370.413
370.413
370.413
370.413
370.413
699.092
699.092
699.092
699.092
699.092
698.956
698.956
698.956
698.956
698.956
648.843
648.843
648.843
648.843
648.843
745.72
745.72
745.72
745.72
745.72
708.084
708.084
708.084
708.084
708.084
748.228
748.228
748.228
748.228
748.228
765.093
765.093
765.093
765.093
765.093
753.967
753.967
753.967
753.967
753.967
745.608
745.608
745.608
745.608
745.608
749.614
749.614
749.614
749.614
749.614
0
