0
0
0
0
743.134
743.134
743.134
743.134
743.134
759.56
759.56
759.56
759.56
759.56
657.387
657.387
657.387
657.387
657.387
578.535
578.535
578.535
578.535
578.535
707.089
707.089
707.089
707.089
707.089
783.385
783.385
783.385
783.385
783.385
747.113
747.113
747.113
747.113
747.113
742.947
742.947
742.947
742.947
742.947
786.213
786.213
786.213
786.213
786.213
784.306
784.306
784.306
784.306
784.306
754.861
754.861
754.861
754.861
754.861
781.788
781.788
781.788
781.788
781.788
777.218
777.218
777.218
777.218
777.218
781.11
781.11
781.11
781.11
781.11
766.277
766.277
766.277
766.277
766.277
769.143
769.143
769.143
769.143
769.143
787.923
787.923
787.923
787.923
787.923
754.644
754.644
754.644
754.644
754.644
778.603
778.603
778.603
778.603
778.603
757.477
757.477
757.477
757.477
757.477
743.812
743.812
743.812
743.812
743.812
772.532
772.532
772.532
772.532
772.532
789.374
789.374
789.374
789.374
789.374
787.172
787.172
787.172
787.172
787.172
784.273
784.273
784.273
784.273
784.273
781.581
781.581
781.581
781.581
781.581
772.927
772.927
772.927
772.927
772.927
789.82
789.82
789.82
789.82
789.82
776.199
776.199
776.199
776.199
776.199
787.721
787.721
787.721
787.721
787.721
770.39
770.39
770.39
770.39
770.39
789.047
789.047
789.047
789.047
789.047
764.704
764.704
764.704
764.704
764.704
790.91
790.91
790.91
790.91
790.91
791.06
791.06
791.06
791.06
791.06
782.178
782.178
782.178
782.178
782.178
762.39
762.39
762.39
762.39
762.39
751.397
751.397
751.397
751.397
751.397
716.264
716.264
716.371
716.371
716.371
784.195
784.195
784.195
784.195
784.195
781.075
781.075
781.075
781.075
781.075
764.062
764.062
764.062
764.062
764.062
797.291
797.291
797.291
797.291
797.291
789.311
789.311
789.311
789.311
789.311
787.508
787.508
787.508
787.508
787.508
785.779
785.779
785.779
785.779
785.779
793.31
793.31
793.31
793.31
793.31
790.704
790.704
790.704
790.704
790.704
782.638
782.638
782.638
782.638
782.638
785.141
785.141
785.141
785.141
785.141
778.553
778.553
778.553
778.553
778.553
794.285
794.285
794.285
794.285
794.285
773.422
773.422
773.422
773.422
773.422
761.852
761.852
761.852
761.852
761.852
788.834
788.834
788.834
788.834
788.834
787.662
787.662
787.662
787.662
787.662
771.318
771.318
771.318
771.318
771.318
783.735
783.735
783.735
783.735
783.735
785.89
785.89
785.89
785.89
785.89
777.35
777.35
777.35
777.35
777.35
792.876
792.876
792.876
792.876
792.876
784.273
784.273
784.273
784.273
784.273
776.494
776.494
776.494
776.494
776.494
792.97
792.97
792.97
792.97
792.97
776.884
776.884
776.884
776.884
776.884
773.684
773.684
773.684
773.684
773.684
787.986
787.986
787.986
787.986
787.986
787.548
787.548
787.548
787.548
787.548
782.076
782.076
782.076
782.076
782.076
794.029
794.029
794.029
794.029
794.029
790.991
790.991
790.991
790.991
790.991
788.495
788.495
788.495
788.495
788.495
790.163
790.163
790.163
790.163
790.163
782.106
782.106
782.106
782.106
782.106
791.573
791.573
791.573
791.573
791.573
784.693
784.693
784.693
784.693
784.693
786.704
786.704
786.704
786.704
786.704
752.392
752.392
752.392
752.392
752.392
779.278
779.278
779.278
779.278
779.278
773.127
773.127
773.127
773.127
773.127
770.381
770.381
770.381
770.381
770.381
780.081
780.081
780.081
780.081
780.081
788.405
788.405
788.405
788.405
788.405
769.016
769.016
769.016
769.016
769.016
794.468
794.468
794.468
794.468
794.468
782.404
782.404
782.404
782.404
782.404
779.858
779.858
779.858
779.858
779.858
775.03
775.03
775.03
775.03
775.03
771.726
771.726
771.726
771.726
771.726
785.25
785.25
785.25
785.25
785.25
791.601
791.601
791.601
791.601
791.601
793.663
793.663
793.663
793.663
793.663
787.739
787.739
787.739
787.739
787.739
792.047
792.047
792.047
792.047
792.047
789.459
789.459
789.459
789.459
789.459
785.176
785.176
785.176
785.176
785.176
794.769
794.769
794.769
794.769
794.769
791.601
791.601
791.601
791.601
791.601
784.687
784.687
784.687
784.687
784.687
796.855
796.855
796.855
796.855
796.855
793.461
793.461
793.461
793.461
793.461
792.96
792.96
792.96
792.96
792.96
791.994
791.994
791.994
791.994
791.994
785.815
785.815
785.815
785.815
785.815
776.686
776.686
776.686
776.686
776.686
794.827
794.827
794.827
794.827
794.827
789.021
789.021
789.021
789.021
789.021
790.012
790.012
790.012
790.012
790.012
794.883
794.883
794.883
794.883
794.883
787.862
787.862
787.862
787.862
787.862
791.535
791.535
791.535
791.535
791.535
791.261
791.261
791.261
791.261
791.261
790.338
790.338
790.338
790.338
790.338
790.644
790.644
790.644
790.644
790.644
788.637
788.637
788.637
788.637
788.637
782.542
782.542
782.542
782.542
782.542
783.736
783.736
783.736
783.736
783.736
796.678
796.678
796.678
796.678
796.678
794.524
794.524
794.524
794.524
794.524
788.585
788.585
788.585
788.585
788.585
794.752
794.752
794.752
794.752
794.752
789.21
789.21
789.21
789.21
789.21
796.092
796.092
796.092
796.092
796.092
796.646
796.646
796.646
796.646
796.646
792.619
792.619
792.619
792.619
792.619
791.71
791.71
791.71
791.71
791.71
781.009
781.009
781.009
781.009
781.009
776.869
776.869
776.869
776.869
776.869
775.721
775.721
775.721
775.721
775.721
789.721
789.721
789.721
789.721
789.721
786.703
786.703
786.703
786.703
786.703
777.012
777.012
777.012
777.012
777.012
792.001
792.001
792.001
792.001
792.001
790.113
790.113
790.113
790.113
790.113
793.323
793.323
793.323
793.323
793.323
797.501
797.501
797.501
797.501
797.501
793.893
793.893
793.893
793.893
793.893
786.098
786.098
786.098
786.098
786.098
783.698
783.698
783.698
783.698
783.698
775.767
775.767
775.767
775.767
775.767
782.525
782.525
782.525
782.525
782.525
792.441
792.441
792.441
792.441
792.441
789.079
789.079
789.079
789.079
789.079
789.531
789.531
789.531
789.531
789.531
796.323
796.323
796.323
796.323
796.323
782.819
782.819
782.819
782.819
782.819
767.962
767.962
767.962
767.962
767.962
792.344
792.344
792.344
792.344
792.344
789.586
789.586
789.586
789.586
789.586
784.572
784.572
784.572
784.572
784.572
786.238
786.238
786.238
786.238
786.238
778.107
778.107
778.107
778.107
778.107
783.539
783.539
783.539
783.539
783.539
794.229
794.229
794.229
794.229
794.229
783.977
783.977
783.977
783.977
783.977
780.929
780.929
780.929
780.929
780.929
791.813
791.813
791.813
791.813
791.813
780.293
780.293
780.293
780.293
780.293
785.87
785.87
785.87
785.87
785.87
795.861
795.861
795.861
795.861
795.861
792.301
792.301
792.301
792.301
792.301
789.619
789.619
789.619
789.619
789.619
790.521
790.521
790.521
790.521
790.521
790.09
790.09
790.09
790.09
790.09
790.403
790.403
790.403
790.403
790.403
791.295
791.295
791.295
791.295
791.295
788.04
788.04
788.04
788.04
788.04
785.933
785.933
785.933
785.933
785.933
796.601
796.601
796.601
796.601
796.601
790.874
790.874
790.874
790.874
790.874
790.327
790.327
790.327
790.327
790.327
792.524
792.524
792.524
792.524
792.524
790.091
790.091
790.091
790.091
790.091
785.714
785.714
785.714
785.714
785.714
791.751
791.751
791.751
791.751
791.751
787.396
787.396
787.396
787.396
787.396
774.446
774.446
774.446
774.446
774.446
793.194
793.194
793.194
793.194
793.194
794.917
794.917
794.917
794.917
794.917
793.244
793.244
793.244
793.244
793.244
795.653
795.653
795.653
795.653
795.653
790.724
790.724
790.724
790.724
790.724
787.598
787.598
787.598
787.598
787.598
796.899
796.899
796.899
796.899
796.899
793.394
793.394
793.394
793.394
793.394
790.654
790.654
790.654
790.654
790.654
793.195
793.195
793.195
793.195
793.195
792.776
792.776
792.776
792.776
792.776
786.116
786.116
786.116
786.116
786.116
796.406
796.406
796.406
796.406
796.406
794.849
794.849
794.849
794.849
794.849
792.791
792.791
792.791
792.791
792.791
792.002
792.002
792.002
792.002
792.002
786.762
786.762
786.762
786.762
786.762
790.439
790.439
790.439
790.439
790.439
796.78
796.78
796.78
796.78
796.78
795.288
795.288
795.288
795.288
795.288
793.021
793.021
793.021
793.021
793.021
791.822
791.822
791.822
791.822
791.822
789.668
789.668
789.668
789.668
789.668
788.828
788.828
788.828
788.828
788.828
793.002
793.002
793.002
793.002
793.002
795.651
795.651
795.651
795.651
795.651
794.653
794.653
794.653
794.653
794.653
797.199
797.199
797.199
797.199
797.199
791.145
791.145
791.145
791.145
791.145
785.467
785.467
785.467
785.467
785.467
795.791
795.791
795.791
795.791
795.791
793.531
793.531
793.531
793.531
793.531
792.824
792.824
792.824
792.824
792.824
797.36
797.36
797.36
797.36
797.36
795.354
795.354
795.354
795.354
795.354
792.459
792.459
792.459
792.459
792.459
796.87
796.87
796.87
796.87
796.87
791.433
791.433
791.433
791.433
791.433
785.598
785.598
785.598
785.598
785.598
796.544
796.544
796.544
796.544
796.544
792.611
792.611
792.611
792.611
792.611
791.455
791.455
791.455
791.455
791.455
793.561
793.561
793.561
793.561
793.561
789.206
789.206
789.206
789.206
789.206
788.839
788.839
788.839
788.839
788.839
795.977
795.977
795.977
795.977
795.977
794.859
794.859
794.859
794.859
794.859
786.933
786.933
786.933
786.933
786.933
796.525
796.525
796.525
796.525
796.525
794.442
794.442
794.442
794.442
794.442
794.339
794.339
794.339
794.339
794.339
797.347
797.347
797.347
797.347
797.347
795.151
795.151
795.151
795.151
795.151
786.831
786.831
786.831
786.831
786.831
793.699
793.699
793.699
793.699
793.699
794.149
794.149
794.149
794.149
794.149
791.435
791.435
791.435
791.435
791.435
794.525
794.525
794.525
794.525
794.525
790.05
790.05
790.05
790.05
790.05
784.183
784.183
784.183
784.183
784.183
796.218
796.218
796.218
796.218
796.218
789.504
789.504
789.504
789.504
789.504
789.917
789.917
789.917
789.917
789.917
795.004
795.004
795.004
795.004
795.004
783.179
783.179
783.179
783.179
783.179
778.719
778.719
778.719
778.719
778.719
788.456
788.456
788.456
788.456
788.456
784.838
784.838
784.838
784.838
784.838
788.234
788.234
788.234
788.234
788.234
797.162
797.162
797.162
797.162
797.162
792.923
792.923
792.923
792.923
792.923
788.138
788.138
788.138
788.138
788.138
796.602
796.602
796.602
796.602
796.602
795.587
795.587
795.587
795.587
795.587
794.101
794.101
794.101
794.101
794.101
794.123
794.123
794.123
794.123
794.123
791.6
791.6
791.6
791.6
791.6
788.394
788.394
788.394
788.394
788.394
797.216
797.216
797.216
797.216
797.216
795.128
795.128
795.128
795.128
795.128
790.417
790.417
790.417
790.417
790.417
794.69
794.69
794.69
794.69
794.69
793.893
793.893
793.893
793.893
793.893
790.594
790.594
790.594
790.594
790.594
797.324
797.324
797.324
797.324
797.324
794.413
794.413
794.413
794.413
794.413
794.194
794.194
794.194
794.194
794.194
797.202
797.202
797.202
797.202
797.202
795.173
795.173
795.173
795.173
795.173
792.646
792.646
792.646
792.646
792.646
791.566
791.566
791.566
791.566
791.566
785.866
785.866
785.866
785.866
785.866
791.132
791.132
791.132
791.132
791.132
792.578
792.578
792.578
792.578
792.578
791.588
791.588
791.588
791.588
791.588
790.466
790.466
790.466
790.466
790.466
794.511
794.511
794.511
794.511
794.511
790.767
790.767
790.767
790.767
790.767
788.547
788.547
788.547
788.547
788.547
797.166
797.166
797.166
797.166
797.166
794.917
794.917
794.917
794.917
794.917
792.953
792.953
792.953
792.953
792.953
796.196
796.196
796.196
796.196
796.196
793.419
793.419
793.419
793.419
793.419
789.553
789.553
789.553
789.553
789.553
797.125
797.125
797.125
797.125
797.125
794.147
794.147
794.147
794.147
794.147
790.275
790.275
790.275
790.275
790.275
788.21
788.21
788.21
788.21
788.21
782.564
782.564
782.564
782.564
782.564
777.049
777.049
777.049
777.049
777.049
795.444
795.444
795.444
795.444
795.444
793.228
793.228
793.228
793.228
793.228
787.944
787.944
787.944
787.944
787.944
797.802
797.802
797.802
797.802
797.802
793.166
793.166
793.166
793.166
793.166
793.808
793.808
793.808
793.808
793.808
795.829
795.829
795.829
795.829
795.829
788.021
788.021
788.021
788.021
788.021
786.204
786.204
786.204
786.204
786.204
795.313
795.313
795.313
795.313
795.313
783.633
783.633
783.633
783.633
783.633
791.844
791.844
791.844
791.844
791.844
782.039
782.039
782.039
782.039
782.039
779.278
779.278
779.278
779.278
779.278
783.632
783.632
783.632
783.632
783.632
796.478
796.478
796.478
796.478
796.478
790.789
790.789
790.789
790.789
790.789
790.278
790.278
790.278
790.278
790.278
795.012
795.012
795.012
795.012
795.012
789.793
789.793
789.793
789.793
789.793
789.442
789.442
789.442
789.442
789.442
796.205
796.205
796.205
796.205
796.205
794.601
794.601
794.601
794.601
794.601
791.652
791.652
791.652
791.652
791.652
796.987
796.987
796.987
796.987
796.987
794.984
794.984
794.984
794.984
794.984
794.898
794.898
794.898
794.898
794.898
795.857
795.857
795.857
795.857
795.857
792.198
792.198
792.198
792.198
792.198
782.132
782.132
782.132
782.132
782.132
791.608
791.608
791.608
791.608
791.608
788.888
788.888
788.888
788.888
788.888
784.924
784.924
784.924
784.924
784.924
788.323
788.323
788.323
788.323
788.323
776.189
776.189
776.189
776.189
776.189
781.439
781.439
781.439
781.439
781.439
796.507
796.507
796.507
796.507
796.507
776.803
776.803
776.803
776.803
776.803
782.307
782.307
782.307
782.307
782.307
792.784
792.784
792.784
792.784
792.784
784.959
784.959
784.959
784.959
784.959
777.919
777.919
777.919
777.919
777.919
796.47
796.47
796.47
796.47
796.47
794.008
794.008
794.008
794.008
794.008
779.045
779.045
779.045
779.045
779.045
794.46
794.46
794.46
794.46
794.46
783.271
783.271
783.271
783.271
783.271
781.413
781.413
781.413
781.413
781.413
789.026
789.026
789.026
789.026
789.026
785.625
785.625
785.625
785.625
785.625
778.318
778.318
778.318
778.318
778.318
792.93
792.93
792.93
792.93
792.93
790.1
790.1
790.1
790.1
790.1
787.284
787.284
787.284
787.284
787.284
785.917
785.917
785.917
785.917
785.917
787.425
787.425
787.425
787.425
787.425
778.239
778.239
778.239
778.239
778.239
785.843
785.843
785.843
785.843
785.843
782.586
782.586
782.586
782.586
782.586
779.909
779.909
779.909
779.909
779.909
796.753
796.753
796.753
796.753
796.753
779.36
779.36
779.36
779.36
779.36
770.377
770.377
770.377
770.377
770.377
787.159
787.159
787.159
787.159
787.159
785.105
785.105
785.105
785.105
785.105
754.948
754.948
754.948
754.948
754.948
786.401
786.401
786.401
786.401
786.401
783.894
783.894
783.894
783.894
783.894
776.077
776.077
776.077
776.077
776.077
779.355
779.355
779.355
779.355
779.355
719.394
719.394
719.394
719.394
719.394
752.389
752.389
752.389
752.389
752.389
781.441
781.441
781.441
781.441
781.441
790.065
790.065
790.065
790.065
790.065
794.373
794.373
794.373
794.373
794.373
796.334
796.334
796.334
796.334
796.334
790.994
790.994
790.994
790.994
790.994
758.474
758.474
758.474
758.474
758.474
792.877
792.877
792.877
792.877
792.877
785.498
785.498
785.498
785.498
785.498
777.562
777.562
777.562
777.562
777.562
794.089
794.089
794.089
794.089
794.089
766.949
766.949
766.949
766.949
766.949
767.38
767.38
767.38
767.38
767.38
776.181
776.181
776.181
776.181
776.181
752.022
752.022
752.022
752.022
752.022
762.299
762.299
762.299
762.299
762.299
787.371
787.371
787.371
787.371
787.371
731.774
731.774
731.774
731.774
731.774
588.085
588.085
588.085
588.085
588.085
735.419
735.419
735.419
735.419
735.419
257.45
257.45
257.45
257.45
257.45
285.499
285.499
285.499
285.499
285.499
476.889
476.889
476.889
476.889
476.889
613.011
613.011
613.011
613.011
613.011
654.562
654.562
654.562
654.562
654.562
758.436
758.436
758.436
758.436
758.436
704.665
704.665
704.665
704.665
704.665
749.732
749.732
749.732
749.732
749.732
782.078
782.078
782.078
782.078
782.078
726.748
726.748
726.748
726.748
726.748
697.702
697.702
697.704
697.704
697.704
724.099
724.099
724.099
724.099
724.099
684.2
684.2
684.2
684.2
684.2
755.223
755.223
755.223
755.223
755.223
763.802
763.802
763.802
763.802
763.802
789.167
789.167
789.167
789.167
789.167
782.554
782.554
782.554
782.554
782.554
783.758
783.758
783.758
783.758
783.758
756.946
756.975
756.975
756.975
756.975
769.916
769.916
769.916
769.916
769.916
771.248
771.248
771.248
771.248
771.248
782.649
782.649
782.649
782.649
782.649
781.423
781.423
781.423
781.423
781.423
788.071
788.071
788.071
788.071
788.071
771.78
771.78
771.78
771.78
771.78
795.017
795.017
795.017
795.017
795.017
794.212
794.212
794.212
794.212
794.212
770.557
770.557
770.557
770.557
770.557
758.355
758.355
758.355
758.355
758.355
790.802
790.802
790.802
790.802
790.802
788.21
788.21
788.21
788.21
788.21
776.946
776.946
776.946
776.946
776.946
785.492
785.492
785.492
785.492
785.492
769.083
769.083
769.083
769.083
769.083
734.253
734.253
734.253
734.253
734.253
782.77
782.77
782.77
782.77
782.77
785.452
785.452
785.467
785.467
785.467
781.003
781.003
781.003
781.003
781.003
782.137
782.137
782.137
782.137
782.137
766.137
766.137
766.137
766.137
766.137
751.052
751.052
751.052
751.052
751.052
788.018
788.018
788.018
788.018
788.018
749.346
749.346
749.346
749.346
749.346
780.208
780.208
780.208
780.208
780.208
755.471
755.471
755.471
755.471
755.471
768.535
768.535
768.535
768.535
768.535
759.082
759.082
759.082
759.082
759.082
784.678
784.678
784.678
784.678
784.678
762.835
762.835
762.835
762.835
762.835
747.596
747.596
747.596
747.596
747.596
789.073
789.073
789.073
789.073
789.073
778.072
778.072
778.072
778.072
778.072
786.351
786.351
786.351
786.351
786.351
784.241
784.241
784.241
784.241
784.241
776.288
776.288
776.288
776.288
776.288
783.838
783.838
783.838
783.838
783.838
782.784
782.784
782.784
782.784
782.784
794.235
794.235
794.235
794.235
794.235
786.004
786.004
786.004
786.004
786.004
791.283
791.283
791.283
791.283
791.283
789.469
789.469
789.469
789.469
789.469
783.295
783.295
783.295
783.295
783.295
792.542
792.542
792.542
792.542
792.542
790.294
790.294
790.294
790.294
790.294
780.029
780.029
780.029
780.029
780.029
789.412
789.412
789.412
789.412
789.412
786.885
786.885
786.885
786.885
786.885
790.111
790.111
790.111
790.111
790.111
793.962
793.962
793.962
793.962
793.962
792.428
792.428
792.428
792.428
792.428
785.776
785.776
785.776
785.776
785.776
783.538
783.538
783.538
783.538
783.538
777.526
777.526
777.526
777.526
777.526
752.984
752.984
752.984
752.984
752.984
781.424
781.424
781.424
781.424
781.424
776.635
776.635
776.635
776.635
776.635
698.548
698.548
698.548
698.548
698.548
759.939
759.939
759.939
759.939
759.939
770.221
770.221
770.221
770.221
770.221
772.839
772.839
772.839
772.839
772.839
739.998
739.998
739.998
739.998
739.998
615.172
615.172
615.172
615.172
615.172
706.331
706.331
706.331
706.331
706.331
747.551
747.551
747.551
747.551
747.551
731.549
731.549
731.549
731.549
731.549
332.849
332.849
332.849
332.849
332.849
338.958
338.958
338.958
338.958
338.958
424.796
424.796
424.796
424.796
424.796
457.672
457.672
457.672
457.672
457.672
358.066
358.066
358.066
358.066
358.066
415.803
415.803
415.803
415.803
415.803
747.03
747.03
747.03
747.03
747.03
764.85
764.85
764.85
764.85
764.85
760.251
760.251
760.251
760.251
760.251
696.636
696.636
696.636
696.636
696.636
758.884
758.884
758.884
758.884
758.884
735.393
735.393
735.393
735.393
735.393
647.255
647.255
647.255
647.255
647.255
541.786
541.786
541.786
541.786
541.786
735.758
735.758
735.758
735.758
735.758
660.975
660.975
660.975
660.975
660.975
762.342
762.342
762.342
762.342
762.342
781.046
781.046
781.046
781.046
781.046
768.628
768.628
768.628
768.628
768.628
773.842
773.842
773.842
773.842
773.842
699.357
699.357
699.357
699.357
699.357
754.592
754.592
754.592
754.592
754.592
773.233
773.233
773.233
773.233
773.233
773.544
773.544
773.544
773.544
773.544
770.851
770.851
770.851
770.851
770.851
739.718
739.718
739.718
739.718
739.718
747.526
747.526
747.526
747.526
747.526
754.316
754.316
754.316
754.316
754.316
752.382
752.382
752.382
752.382
752.382
771.545
771.545
771.545
771.545
771.545
767.264
767.264
767.264
767.264
767.264
759.275
759.275
759.275
759.275
759.275
437.906
437.906
437.906
437.906
437.906
478.599
478.599
478.599
478.599
478.599
733.338
733.338
733.338
733.338
733.338
288.173
288.173
288.173
288.173
288.173
744.605
744.605
744.605
744.605
744.605
762.689
762.689
762.689
762.689
762.689
721.072
721.072
721.072
721.072
721.072
763.368
763.368
763.368
763.368
763.368
604.429
604.429
604.429
604.429
604.429
570.566
570.564
570.564
570.564
570.564
458.632
458.632
458.632
458.632
458.632
766.131
766.131
766.131
766.131
766.131
602.831
602.831
602.831
602.831
602.831
578.954
578.954
578.954
578.954
578.954
722.063
722.063
722.063
722.063
722.063
565.312
565.312
565.312
565.312
565.312
773.58
773.58
773.58
773.58
773.58
773.974
773.974
773.974
773.974
773.974
443.427
443.427
443.427
443.427
443.427
323.862
323.862
323.862
323.862
323.862
654.911
654.911
654.911
654.911
654.911
310.388
310.388
310.388
310.388
310.388
419.375
419.375
419.375
419.375
419.375
587.465
587.465
587.465
587.465
587.465
547.5
547.5
547.5
547.5
547.5
759.004
759.004
759.004
759.004
759.004
650.534
650.534
650.534
650.534
650.534
744.943
744.943
744.943
744.943
744.943
771.016
771.016
771.016
771.016
771.016
767.469
767.469
767.469
767.469
767.469
751.562
751.562
751.562
751.562
751.562
780.031
780.031
780.031
780.031
780.031
789.521
789.521
789.521
789.521
789.521
790.346
790.346
790.346
790.346
790.346
779.181
779.181
779.181
779.181
779.181
788.252
788.252
788.252
788.252
788.252
778.675
778.675
778.675
778.675
778.675
777.088
777.088
777.088
777.088
777.088
780.564
780.564
780.564
780.564
780.564
769.22
769.22
769.22
769.22
769.22
766.926
766.926
766.926
766.926
766.926
770.344
770.344
770.344
770.344
770.344
784.486
784.486
784.486
784.486
784.486
783.289
783.289
783.289
783.289
783.289
783.678
783.678
783.678
783.678
783.678
786.792
786.792
786.792
786.792
786.792
765.476
765.476
765.476
765.476
765.476
782.142
782.142
782.142
782.142
782.142
784.786
784.786
784.786
784.786
784.786
770.272
770.272
770.272
770.272
770.272
776.011
776.011
776.011
776.011
776.011
794.622
794.622
794.622
794.622
794.622
792.402
792.402
792.402
792.402
792.402
793.247
793.247
793.247
793.247
793.247
791.158
791.158
791.158
791.158
791.158
791.166
791.166
791.166
791.166
791.166
795.561
795.561
795.561
795.561
795.561
791.849
791.849
791.849
791.849
791.849
776.168
776.168
776.168
776.168
776.168
794.696
794.696
794.696
794.696
794.696
789.939
789.939
789.939
789.939
789.939
789.357
789.357
789.357
789.357
789.357
796.327
796.327
796.327
796.327
796.327
786.082
786.082
786.082
786.082
786.082
775.848
775.848
775.848
775.848
775.848
794.402
794.402
794.402
794.402
794.402
783.118
783.118
783.118
783.118
783.118
794.899
794.899
794.899
794.899
794.899
797.239
797.239
797.239
797.239
797.239
794.808
794.808
794.808
794.808
794.808
781.535
781.535
781.535
781.535
781.535
794.612
794.612
794.612
794.612
794.612
792.27
792.27
792.27
792.27
792.27
789.699
789.699
789.699
789.699
789.699
797.274
797.274
797.274
797.274
797.274
787.325
787.325
787.325
787.325
787.325
782.319
782.319
782.319
782.319
782.319
790.908
790.908
790.908
790.908
790.908
777.448
777.448
777.448
777.448
777.448
786.192
786.192
786.192
786.192
786.192
796.842
796.842
796.842
796.842
796.842
793.768
793.768
793.768
793.768
793.768
795.684
795.684
795.684
795.684
795.684
797.865
797.865
797.865
797.865
797.865
796.079
796.079
796.079
796.079
796.079
790.949
790.949
790.949
790.949
790.949
795.548
795.548
795.548
795.548
795.548
790.267
790.267
790.267
790.267
790.267
787.142
787.142
787.142
787.142
787.142
797.23
797.23
797.23
797.23
797.23
794.917
794.917
794.917
794.917
794.917
792.488
792.488
792.488
792.488
792.488
788.141
788.141
788.141
788.141
788.141
789.096
789.096
789.096
789.096
789.096
784.908
784.908
784.908
784.908
784.908
797.784
797.784
797.784
797.784
797.784
794.799
794.799
794.799
794.799
794.799
795.142
795.142
795.142
795.142
795.142
796.991
796.991
796.991
796.991
796.991
792.33
792.33
792.33
792.33
792.33
788.913
788.913
788.913
788.913
788.913
797.393
797.393
797.393
797.393
797.393
792.596
792.596
792.596
792.596
792.596
788.255
788.255
788.255
788.255
788.255
797.388
797.388
797.388
797.388
797.388
789.252
789.252
789.252
789.252
789.252
777.843
777.843
777.843
777.843
777.843
792.299
792.299
792.299
792.299
792.299
791.701
791.701
791.701
791.701
791.701
789.021
789.021
789.021
789.021
789.021
794.211
794.211
794.211
794.211
794.211
792.418
792.418
792.418
792.418
792.418
787.019
787.019
787.019
787.019
787.019
792.885
792.885
792.885
792.885
792.885
791.089
791.089
791.089
791.089
791.089
775.283
775.283
775.283
775.283
775.283
793.753
793.753
793.753
793.753
793.753
775.165
775.165
775.165
775.165
775.165
776.669
776.669
776.669
776.669
776.669
794.242
794.242
794.242
794.242
794.242
787.844
787.844
787.844
787.844
787.844
782.38
782.38
782.38
782.38
782.38
793.165
793.165
793.165
793.165
793.165
784.273
784.273
784.273
784.273
784.273
767.037
767.037
767.037
767.037
767.037
785.158
785.158
785.158
785.158
785.158
789.106
789.106
789.106
789.106
789.106
777.698
777.698
777.698
777.698
777.698
783.221
783.221
783.221
783.221
783.221
784.371
784.371
784.371
784.371
784.371
788.341
788.341
788.341
788.341
788.341
787.038
787.038
787.038
787.038
787.038
776.366
776.366
776.366
776.366
776.366
769.221
769.221
769.221
769.221
769.221
795.334
795.334
795.334
795.334
795.334
790.575
790.575
790.575
790.575
790.575
785.941
785.941
785.941
785.941
785.941
782.079
782.079
782.079
782.079
782.079
780.625
780.625
780.625
780.625
780.625
759.285
759.285
759.285
759.285
759.285
786.97
786.97
786.97
786.97
786.97
784.86
784.86
784.86
784.86
784.86
788.999
788.999
788.999
788.999
788.999
793.734
793.734
793.734
793.734
793.734
794.608
794.608
794.608
794.608
794.608
790.174
790.174
790.174
790.174
790.174
789.093
789.093
789.093
789.093
789.093
778.174
778.174
778.174
778.174
778.174
778.422
778.422
778.422
778.422
778.422
789.661
789.661
789.661
789.661
789.661
785.114
785.114
785.114
785.114
785.114
785.544
785.544
785.544
785.544
785.544
794.502
794.502
794.502
794.502
794.502
794.761
794.761
794.761
794.761
794.761
793.959
793.959
793.959
793.959
793.959
797.424
797.424
797.424
797.424
797.424
791.754
791.754
791.754
791.754
791.754
789.007
789.007
789.007
789.007
789.007
792.03
792.03
792.03
792.03
792.03
788.071
788.071
788.071
788.071
788.071
784.995
784.995
784.995
784.995
784.995
794.559
794.559
794.559
794.559
794.559
789.246
789.246
789.246
789.246
789.246
786.78
786.78
786.78
786.78
786.78
797.931
797.931
797.931
797.931
797.931
794.104
794.104
794.104
794.104
794.104
789.114
789.114
789.114
789.114
789.114
796.963
796.963
796.963
796.963
796.963
793.249
793.249
793.249
793.249
793.249
790.385
790.385
790.385
790.385
790.385
796.588
796.588
796.588
796.588
796.588
793.372
793.372
793.372
793.372
793.372
788.771
788.771
788.771
788.771
788.771
795.584
795.584
795.584
795.584
795.584
795.596
795.596
795.596
795.596
795.596
794.042
794.042
794.042
794.042
794.042
792.758
792.758
792.758
792.758
792.758
788.273
788.273
788.273
788.273
788.273
791.851
791.851
791.851
791.851
791.851
796.976
796.976
796.976
796.976
796.976
796.111
796.111
796.111
796.111
796.111
793.959
793.959
793.959
793.959
793.959
795.266
795.266
795.266
795.266
795.266
791.869
791.869
791.869
791.869
791.869
792.321
792.321
792.321
792.321
792.321
789.39
789.39
789.39
789.39
789.39
786.417
786.417
786.417
786.417
786.417
787.302
787.302
787.302
787.302
787.302
786.805
786.805
786.805
786.805
786.805
787.98
787.98
787.98
787.98
787.98
782.128
782.128
782.128
782.128
782.128
792.061
792.061
792.061
792.061
792.061
796.861
796.861
796.861
796.861
796.861
789.315
789.315
789.315
789.315
789.315
794.133
794.133
794.133
794.133
794.133
795.387
795.387
795.387
795.387
795.387
788.34
788.34
788.34
788.34
788.34
794.28
794.28
794.28
794.28
794.28
792.568
792.568
792.568
792.568
792.568
788.854
788.854
788.854
788.854
788.854
795.888
795.888
795.888
795.888
795.888
794.604
794.604
794.604
794.604
794.604
787.127
787.127
787.127
787.127
787.127
798.18
798.18
798.18
798.18
798.18
796.813
796.813
796.813
796.813
796.813
795.569
795.569
795.569
795.569
795.569
795.552
795.552
795.552
795.552
795.552
793.531
793.531
793.531
793.531
793.531
789.072
789.072
789.072
789.072
789.072
791.225
791.225
791.225
791.225
791.225
791.504
791.504
791.504
791.504
791.504
786.482
786.482
786.482
786.482
786.482
791.591
791.591
791.591
791.591
791.591
785.938
785.938
785.938
785.938
785.938
782.892
782.892
782.892
782.892
782.892
797.127
797.127
797.127
797.127
797.127
794.995
794.995
794.995
794.995
794.995
795.062
795.062
795.062
795.062
795.062
795.987
795.987
795.987
795.987
795.987
792.949
792.949
792.949
792.949
792.949
791.351
791.351
791.351
791.351
791.351
793.293
793.293
793.293
793.293
793.293
788.665
788.665
788.665
788.665
788.665
791.613
791.613
791.613
791.613
791.613
795.469
795.469
795.469
795.469
795.469
794.334
794.334
794.334
794.334
794.334
791.438
791.438
791.438
791.438
791.438
792.342
792.342
792.342
792.342
792.342
790.64
790.64
790.64
790.64
790.64
784.536
784.536
784.536
784.536
784.536
795.384
795.384
795.384
795.384
795.384
793.735
793.735
793.735
793.735
793.735
790.746
790.746
790.746
790.746
790.746
795.242
795.242
795.242
795.242
795.242
794.011
794.011
794.011
794.011
794.011
788.471
788.471
788.471
788.471
788.471
793.936
793.936
793.936
793.936
793.936
787.262
787.262
787.262
787.262
787.262
797.208
797.208
797.208
797.208
797.208
792.443
792.443
792.443
792.443
792.443
791.732
791.732
791.732
791.732
791.732
788.443
788.443
788.443
788.443
788.443
793.727
793.727
793.727
793.727
793.727
792.123
792.123
792.123
792.123
792.123
785.785
785.785
785.785
785.785
785.785
796.791
796.791
796.791
796.791
796.791
792.139
792.139
792.139
792.139
792.139
793.247
793.247
793.247
793.247
793.247
792.243
792.243
792.243
792.243
792.243
796.684
796.684
796.684
796.684
796.684
792.701
792.701
792.701
792.701
792.701
787.955
787.955
787.955
787.955
787.955
786.094
786.094
786.094
786.094
786.094
786.644
786.644
786.644
786.644
786.644
795.919
795.919
795.919
795.919
795.919
785.824
785.824
785.824
785.824
785.824
795.612
795.612
795.612
795.612
795.612
794.324
794.324
794.324
794.324
794.324
793.49
793.49
793.49
793.49
793.49
789.256
789.256
789.256
789.256
789.256
798.214
798.214
798.214
798.214
798.214
796.512
796.512
796.512
796.512
796.512
790.892
790.892
790.892
790.892
790.892
795.519
795.519
795.519
795.519
795.519
785.484
785.484
785.484
785.484
785.484
783.261
783.261
783.261
783.261
783.261
796.208
796.208
796.208
796.208
796.208
788.353
788.353
788.353
788.353
788.353
789.971
789.971
789.971
789.971
789.971
790.869
790.869
790.869
790.869
790.869
782.414
782.414
782.414
782.414
782.414
782.433
782.433
782.433
782.433
782.433
793.216
793.216
793.216
793.216
793.216
785.672
785.672
785.672
785.672
785.672
789.884
789.884
789.884
789.884
789.884
796.285
796.285
796.285
796.285
796.285
790.198
790.198
790.198
790.198
790.198
788.074
788.074
788.074
788.074
788.074
793.788
793.788
793.788
793.788
793.788
790.666
790.666
790.666
790.666
790.666
787.454
787.454
787.454
787.454
787.454
786.088
786.088
786.088
786.088
786.088
789.158
789.158
789.158
789.158
789.158
781.629
781.629
781.629
781.629
781.629
784.678
784.678
784.678
784.678
784.678
773.874
773.874
773.874
773.874
773.874
782.835
782.835
782.835
782.835
782.835
790.05
790.05
790.05
790.05
790.05
782.476
782.476
782.476
782.476
782.476
788.308
788.308
788.308
788.308
788.308
796.085
796.085
796.085
796.085
796.085
793.534
793.534
793.534
793.534
793.534
790.139
790.139
790.139
790.139
790.139
793.067
793.067
793.067
793.067
793.067
791.337
791.337
791.337
791.337
791.337
788.719
788.719
788.719
788.719
788.719
793.826
793.826
793.826
793.826
793.826
790.624
790.624
790.624
790.624
790.624
788.372
788.372
788.372
788.372
788.372
796.107
796.107
796.107
796.107
796.107
793.63
793.63
793.63
793.63
793.63
788.971
788.971
788.971
788.971
788.971
796.918
796.918
796.918
796.918
796.918
786.925
786.925
786.925
786.925
786.925
782.592
782.592
782.592
782.592
782.592
796.166
796.166
796.166
796.166
796.166
790.998
790.998
790.998
790.998
790.998
787.914
787.914
787.914
787.914
787.914
793.514
793.514
793.514
793.514
793.514
786.905
786.905
786.905
786.905
786.905
794.485
794.485
794.485
794.485
794.485
789.952
789.952
789.952
789.952
789.952
787.97
787.97
787.97
787.97
787.97
787.25
787.25
787.25
787.25
787.25
795.095
795.095
795.095
795.095
795.095
790.082
790.082
790.082
790.082
790.082
787.52
787.52
787.52
787.52
787.52
790.945
790.945
790.945
790.945
790.945
792.48
792.48
792.48
792.48
792.48
793.425
793.425
793.425
793.425
793.425
789.261
789.261
789.261
789.261
789.261
786.059
786.059
786.059
786.059
786.059
787.502
787.502
787.502
787.502
787.502
795.415
795.415
795.415
795.415
795.415
789.475
789.475
789.475
789.475
789.475
785.382
785.382
785.382
785.382
785.382
794.19
794.19
794.19
794.19
794.19
785.126
785.126
785.126
785.126
785.126
793.428
793.428
793.428
793.428
793.428
797.2
797.2
797.2
797.2
797.2
795.059
795.059
795.059
795.059
795.059
788.045
788.045
788.045
788.045
788.045
793.745
793.745
793.745
793.745
793.745
788.732
788.732
788.732
788.732
788.732
786.427
786.427
786.427
786.427
786.427
793.506
793.506
793.506
793.506
793.506
790.77
790.77
790.77
790.77
790.77
788.813
788.813
788.813
788.813
788.813
789.407
789.407
789.407
789.407
789.407
796.244
796.244
796.244
796.244
796.244
792.157
792.157
792.157
792.157
792.157
791.643
791.643
791.643
791.643
791.643
789.958
789.958
789.958
789.958
789.958
786.373
786.373
786.373
786.373
786.373
794.803
794.803
794.803
794.803
794.803
792.779
792.779
792.779
792.779
792.779
785.094
785.094
785.094
785.094
785.094
791.408
791.408
791.408
791.408
791.408
796.643
796.643
796.643
796.643
796.643
795.185
795.185
795.185
795.185
795.185
792.359
792.359
792.359
792.359
792.359
781.368
781.368
781.368
781.368
781.368
772.214
772.214
772.214
772.214
772.214
789.901
789.901
789.901
789.901
789.901
793.661
793.661
793.661
793.661
793.661
786.237
786.237
786.237
786.237
786.237
797.2
797.2
797.2
797.2
797.2
793.946
793.946
793.946
793.946
793.946
777.844
777.844
777.844
777.844
777.844
792.967
792.967
792.967
792.967
792.967
790.25
790.25
790.25
790.25
790.25
788.945
788.945
788.945
788.945
788.945
797.436
797.436
797.436
797.436
797.436
793.381
793.381
793.381
793.381
793.381
791.332
791.332
791.332
791.332
791.332
794.717
794.717
794.717
794.717
794.717
797.645
797.645
797.645
797.645
797.645
793.185
793.185
793.185
793.185
793.185
796.455
796.455
796.455
796.455
796.455
795.553
795.553
795.553
795.553
795.553
792.626
792.626
792.626
792.626
792.626
794.485
794.485
794.485
794.485
794.485
790.629
790.629
790.629
790.629
790.629
787.086
787.086
787.086
787.086
787.086
797.192
797.192
797.192
797.192
797.192
792.422
792.422
792.422
792.422
792.422
794.625
794.625
794.625
794.625
794.625
793.163
793.163
793.163
793.163
793.163
791.397
791.397
791.397
791.397
791.397
787.438
787.438
787.438
787.438
787.438
797.559
797.559
797.559
797.559
797.559
795.996
795.996
795.996
795.996
795.996
793.594
793.594
793.594
793.594
793.594
789.082
789.082
789.082
789.082
789.082
787.798
787.798
787.798
787.798
787.798
783.783
783.783
783.783
783.783
783.783
797.524
797.524
797.524
797.524
797.524
795.913
795.913
795.913
795.913
795.913
791.036
791.036
791.036
791.036
791.036
794.292
794.292
794.292
794.292
794.292
787.115
787.115
787.115
787.115
787.115
788.187
788.187
788.187
788.187
788.187
798.024
798.024
798.024
798.024
798.024
787.814
787.814
787.814
787.814
787.814
786.751
786.751
786.751
786.751
786.751
797.197
797.197
797.197
797.197
797.197
790.868
790.868
790.868
790.868
790.868
786.585
786.585
786.585
786.585
786.585
795.801
795.801
795.801
795.801
795.801
791.134
791.134
791.134
791.134
791.134
793.004
793.004
793.004
793.004
793.004
790.742
790.742
790.742
790.742
790.742
793.204
793.204
793.204
793.204
793.204
791.051
791.051
791.051
791.051
791.051
795.72
795.72
795.72
795.72
795.72
792.176
792.176
792.176
792.176
792.176
794.543
794.543
794.543
794.543
794.543
794.431
794.431
794.431
794.431
794.431
786.308
786.308
786.308
786.308
786.308
785.727
785.727
785.727
785.727
785.727
794.52
794.52
794.52
794.52
794.52
789.884
789.884
789.884
789.884
789.884
790.3
790.3
790.3
790.3
790.3
796.514
796.514
796.514
796.514
796.514
793.272
793.272
793.272
793.272
793.272
793.627
793.627
793.627
793.627
793.627
796.032
796.032
796.032
796.032
796.032
784.786
784.786
784.786
784.786
784.786
781.333
781.333
781.333
781.333
781.333
797.842
797.842
797.842
797.842
797.842
795.384
795.384
795.384
795.384
795.384
792.953
792.953
792.953
792.953
792.953
794.71
794.71
794.71
794.71
794.71
794.443
794.443
794.443
794.443
794.443
795.636
795.636
795.636
795.636
795.636
790.986
790.986
790.986
790.986
790.986
789.615
789.615
789.615
789.615
789.615
789.6
789.6
789.6
789.6
789.6
796.964
796.964
796.964
796.964
796.964
794.379
794.379
794.379
794.379
794.379
785.63
785.63
785.63
785.63
785.63
796.292
796.292
796.292
796.292
796.292
796.242
796.242
796.242
796.242
796.242
792.415
792.415
792.415
792.415
792.415
796.529
796.529
796.529
796.529
796.529
797.03
797.03
797.03
797.03
797.03
793.441
793.441
793.441
793.441
793.441
795.476
795.476
795.476
795.476
795.476
789.48
789.48
789.48
789.48
789.48
783.611
783.611
783.611
783.611
783.611
795.132
795.132
795.132
795.132
795.132
787.878
787.878
787.878
787.878
787.878
791.045
791.045
791.045
791.045
791.045
798.051
798.051
798.051
798.051
798.051
786.747
786.747
786.747
786.747
786.747
791.78
791.78
791.78
791.78
791.78
791.282
791.282
791.282
791.282
791.282
789.806
789.806
789.806
789.806
789.806
788.423
788.423
788.423
788.423
788.423
794.235
794.235
794.235
794.235
794.235
789.866
789.866
789.866
789.866
789.866
789.709
789.709
789.709
789.709
789.709
797.447
797.447
797.447
797.447
797.447
794.095
794.095
794.095
794.095
794.095
789.928
789.928
789.928
789.928
789.928
798.046
798.046
798.046
798.046
798.046
794.912
794.912
794.912
794.912
794.912
793.471
793.471
793.471
793.471
793.471
792.837
792.837
792.837
792.837
792.837
787.613
787.613
787.613
787.613
787.613
783.503
783.503
783.503
783.503
783.503
796.563
796.563
796.563
796.563
796.563
787.841
787.841
787.841
787.841
787.841
788.471
788.471
788.471
788.471
788.471
792.224
792.224
792.224
792.224
792.224
785.777
785.777
785.777
785.777
785.777
787.641
787.641
787.641
787.641
787.641
798.128
798.128
798.128
798.128
798.128
794.717
794.717
794.717
794.717
794.717
794.634
794.634
794.634
794.634
794.634
795.948
795.948
795.948
795.948
795.948
788.673
788.673
788.673
788.673
788.673
784.288
784.288
784.288
784.288
784.288
795.87
795.87
795.87
795.87
795.87
792.971
792.971
792.971
792.971
792.971
793.869
793.869
793.869
793.869
793.869
777.715
777.715
777.715
777.715
777.715
775.581
775.581
775.581
775.581
775.581
790.073
790.073
790.073
790.073
790.073
796.719
796.719
796.719
796.719
796.719
781.877
781.877
781.877
781.877
781.877
780.293
780.293
780.293
780.293
780.293
796.572
796.572
796.572
796.572
796.572
787.495
787.495
787.495
787.495
787.495
784.636
784.636
784.636
784.636
784.636
781.039
781.039
781.039
781.039
781.039
779.375
779.375
779.375
779.375
779.375
787.765
787.765
787.765
787.765
787.765
793.162
793.162
793.162
793.162
793.162
788.243
788.243
788.243
788.243
788.243
785.947
785.947
785.947
785.947
785.947
791.325
791.325
791.325
791.325
791.325
783.718
783.718
783.718
783.718
783.718
773.921
773.921
773.921
773.921
773.921
788.767
788.767
788.767
788.767
788.767
786.794
786.794
786.794
786.794
786.794
785.06
785.06
785.06
785.06
785.06
796.151
796.151
796.151
796.151
796.151
789.855
789.855
789.855
789.855
789.855
784.391
784.391
784.391
784.391
784.391
790.082
790.082
790.082
790.082
790.082
783.34
783.34
783.34
783.34
783.34
782.129
782.129
782.129
782.129
782.129
784.318
784.318
784.318
784.318
784.318
0
