0
0
0
0
0
0
0
0
0
0
0
0
0
0
0
0
0
0
0
0
0
0
0
0
0
0
0
0
0
0
0
0
0
0
0
0
0
0
0
0
0
0
0
0
0
0
0
0
0
0
0
0
0
0
0
0
0
0
0
0
0
0
0
0
0
0
0
0
0
0
0
0
0
0
0
0
0
0
0
0
0
0
0
0
0
0
0
0
0
0
0
0
0
0
0
0
0
0
0
0
0
0
0
0
0
0
0
0
0
0
0
0
0
0
0
0
0
0
0
0
0
0
0
0
0
0
0
0
0
0
0
0
0
0
0
0
0
0
0
0
0
0
0
0
0
0
0
0
0
0
0
0
0
0
0
0
0
0
0
0
0
0
0
0
0
0
0
0
0
0
0
0
0
0
0
0
0
0
0
0
0
0
0
0
0
0
0
0
0
0
0
0
0
0
0
0
0
0
0
769.722
769.722
769.748
769.748
769.748
724.53
724.53
724.53
724.53
724.53
793.384
793.384
793.384
793.384
793.384
708.429
708.429
708.429
708.429
708.429
363.723
363.723
363.723
363.723
363.723
342.638
342.638
342.638
342.638
342.638
757.766
757.766
757.766
757.766
757.766
718.905
718.905
718.905
718.905
718.905
734.702
734.702
734.702
734.702
734.702
532.6
532.6
532.6
532.6
532.6
423.669
423.669
423.669
423.669
423.669
786.355
786.355
786.355
786.355
786.355
783.276
783.276
783.276
783.276
783.276
723.053
723.053
723.053
723.053
723.053
771.309
771.309
771.309
771.309
771.309
749.109
749.109
749.109
749.109
749.109
731.926
731.926
731.926
731.926
731.926
518.686
518.686
518.686
518.686
518.686
293.654
293.654
293.654
293.654
293.654
737.684
737.684
737.684
737.684
737.684
703.235
703.235
703.235
703.235
703.235
613.049
613.049
613.049
613.049
613.049
595.746
595.746
595.746
595.746
595.746
611.798
611.798
611.798
611.798
611.798
367.85
367.85
367.85
367.85
367.85
769
769
769
769
769
722.774
722.774
722.774
722.774
722.774
721.555
721.555
721.555
721.555
721.555
655.689
655.689
655.689
655.689
655.689
436.539
436.539
436.539
436.539
436.539
739.976
739.976
739.976
739.976
739.976
765.018
765.018
765.018
765.018
765.018
634.952
634.952
634.952
634.952
634.952
195.239
195.239
195.239
195.239
195.239
583.488
583.488
583.488
583.488
583.488
407.157
407.157
407.157
407.157
407.157
768.204
768.204
768.204
768.204
768.204
757.315
757.315
757.315
757.315
757.315
671.344
671.344
671.344
671.344
671.344
740.246
740.246
740.246
740.246
740.246
507.56
507.56
507.56
507.56
507.56
250.849
250.849
250.849
250.849
250.849
505.9
505.9
505.9
505.9
505.9
612.245
612.245
612.245
612.245
612.245
460.906
460.906
460.906
460.906
460.906
745.639
745.639
745.639
745.639
745.639
690.563
690.563
690.563
690.563
690.563
713.905
713.905
713.905
713.905
713.905
547.767
547.767
547.767
547.767
547.767
642.902
642.902
642.902
642.902
642.902
746.361
746.361
746.362
746.362
746.362
737.45
737.45
737.45
737.45
737.45
692.409
692.409
692.409
692.409
692.409
744.013
744.013
744.013
744.013
744.013
480.599
480.599
480.599
480.599
480.599
403.732
403.732
403.732
403.732
403.732
427.698
427.698
427.698
427.698
427.698
554.507
554.507
554.507
554.507
554.507
650.829
650.829
650.829
650.829
650.829
305.691
305.691
305.691
305.691
305.691
530.414
530.414
530.414
530.414
530.414
768.829
769.283
769.283
769.283
769.283
721.327
721.327
721.327
721.327
721.327
588.135
588.135
588.135
588.135
588.135
501.891
501.891
501.891
501.891
501.891
778.613
778.613
778.613
778.613
778.613
538.619
538.619
538.619
538.619
538.619
257.166
257.166
257.166
257.166
257.166
423.196
423.196
423.196
423.196
423.196
675.554
675.554
675.554
675.554
675.554
343.424
343.424
343.424
343.424
343.424
694.653
694.653
694.59
694.59
694.59
562.589
562.589
562.589
562.589
562.589
712.243
712.243
712.243
712.243
712.243
685.622
685.622
685.622
685.622
705.244
591.163
591.163
591.163
591.163
591.163
451.069
451.069
451.069
451.069
451.069
732.738
732.738
732.738
732.738
732.738
357.677
357.677
357.677
357.677
357.677
754.147
754.147
754.147
754.147
754.147
785.18
785.18
785.18
785.18
785.18
781.129
781.129
781.129
781.129
781.129
780.731
780.731
780.731
780.731
780.731
785.635
785.635
785.635
785.635
785.635
783.397
783.397
783.397
783.397
783.397
758.844
758.844
758.844
758.844
758.844
771.024
771.024
771.024
771.024
771.024
759.176
759.176
759.176
759.176
759.176
669.005
669.005
669.005
669.005
669.005
447.873
447.873
447.873
447.873
447.873
627.383
627.383
627.383
627.383
627.383
443.862
443.862
443.862
443.862
443.862
752.384
752.384
752.384
752.384
752.384
773.094
773.094
773.094
773.094
773.094
696.306
696.306
696.306
696.306
696.306
686.728
686.728
686.728
686.728
686.728
665.503
665.503
665.503
665.503
665.503
444.053
444.053
444.053
444.053
444.053
384.388
384.388
384.388
384.388
384.388
501.83
501.83
501.83
501.83
501.83
595.31
595.31
595.31
595.31
595.31
690.046
690.046
690.046
690.046
690.046
407.026
407.026
407.026
407.026
407.026
470.297
470.297
470.297
470.297
470.297
633.533
633.533
633.533
633.533
633.533
574.584
574.584
574.584
574.584
574.584
741.196
741.196
741.196
741.196
741.196
594.713
594.713
594.713
594.713
594.713
388.442
388.442
388.442
388.442
388.442
752.606
752.606
752.606
752.606
752.606
757.214
757.214
757.214
757.214
757.214
572.483
572.483
572.483
572.483
572.483
791.178
791.178
791.178
791.178
791.178
772.562
772.562
772.562
772.562
772.562
783.155
783.155
783.155
783.155
783.155
765.847
765.847
765.847
765.847
765.847
785.082
785.082
785.082
785.082
785.082
742.94
742.94
742.94
742.94
742.94
753.055
753.055
753.055
753.055
753.055
735.539
735.539
735.539
735.539
735.539
667.223
667.223
667.223
667.223
667.223
532.738
532.738
532.738
532.738
532.738
607.619
607.619
607.619
607.619
607.619
760.429
760.429
760.429
760.429
760.429
750.056
750.056
750.056
750.056
750.056
785.465
785.465
785.465
785.465
785.465
723.993
723.993
723.993
723.993
723.993
398.518
398.518
398.518
398.518
398.518
597.279
597.279
597.279
597.279
597.279
565.313
565.313
565.313
565.313
565.313
489.496
489.496
489.496
489.496
489.496
553.699
553.699
553.699
553.699
553.699
574.718
574.718
574.718
574.718
574.718
741.731
741.731
741.731
741.731
741.731
647.349
647.349
647.349
647.349
647.349
207.5
207.5
207.5
207.5
207.5
437.545
437.545
437.545
437.545
437.545
353.061
353.061
353.061
353.061
353.061
664.127
664.127
664.127
664.127
664.127
439.892
439.892
439.892
439.892
439.892
439.127
439.127
439.127
439.127
439.127
461.07
461.07
461.07
461.07
461.07
431.49
431.49
431.49
431.49
431.49
494.339
494.339
494.339
494.339
494.339
737.791
737.791
737.791
737.791
737.791
606.435
606.435
606.435
606.435
606.435
379.517
379.517
379.518
379.518
379.518
748.02
748.02
748.02
748.02
748.02
717.619
717.619
717.619
717.619
717.619
763.622
763.705
763.705
763.705
763.705
719.742
719.742
719.742
719.742
719.742
746.558
746.558
746.558
746.558
746.558
789.02
789.02
789.02
789.02
789.02
682.02
682.02
682.02
682.02
682.02
761.22
761.22
761.22
761.22
761.22
756.801
756.801
756.801
756.801
756.801
762.089
762.089
762.089
762.089
762.089
760.11
760.11
760.11
760.11
760.11
771.648
771.648
771.648
771.648
771.648
779.818
779.818
779.818
779.818
779.818
791.916
791.916
791.916
791.916
791.916
785.164
785.164
785.164
785.164
785.164
771.645
771.645
771.645
771.645
771.645
758.965
758.965
767.929
767.929
767.929
789.314
789.314
789.314
789.314
789.314
769.649
770.673
770.673
770.673
770.673
753.513
753.513
753.513
753.513
753.513
784.026
784.026
784.026
784.026
784.026
785.417
785.417
785.417
785.417
785.417
781.278
781.278
781.278
781.278
781.278
756.229
756.229
756.229
756.229
756.229
759.582
759.582
759.582
759.582
759.582
744.188
744.188
744.188
744.188
744.188
781.679
781.679
781.679
781.679
781.679
706.857
706.857
706.857
706.857
706.857
781.174
781.174
781.174
781.174
781.174
748.046
748.046
748.046
748.046
748.046
786.035
786.035
786.035
786.035
786.035
663.651
659.801
659.801
659.801
659.801
708.062
708.062
708.062
708.062
708.062
749.71
749.71
749.71
749.71
749.71
770.681
770.681
770.681
770.681
770.681
790.607
790.607
790.607
790.607
790.607
766.568
766.568
766.568
766.568
766.568
766.334
766.334
766.334
766.334
766.334
773.33
773.33
773.33
773.33
773.33
714.63
714.63
714.63
714.63
714.63
545.136
545.136
545.136
545.136
545.136
424.758
424.758
424.758
424.758
424.758
675.678
675.678
675.678
675.678
675.678
366.799
366.799
366.799
366.799
366.799
602.222
602.222
602.222
602.222
602.222
244.108
244.108
244.108
244.108
244.108
698.715
698.715
698.715
698.715
698.715
571.87
571.87
571.87
571.87
571.87
427.417
427.417
427.417
427.417
427.417
790.597
790.597
790.597
790.597
790.597
785.34
785.34
785.34
785.34
785.34
780.885
780.885
780.885
780.885
780.885
782.826
782.826
782.826
782.826
782.826
790.59
790.59
790.59
790.59
790.59
779.917
779.917
779.917
779.917
779.917
763.806
763.806
763.806
763.806
763.806
777.147
777.147
777.147
777.147
777.147
787.023
787.023
787.023
787.023
787.023
758.398
758.398
758.398
758.398
758.398
779.509
779.509
779.509
779.509
779.509
783.302
783.302
783.302
783.302
783.302
777.719
777.719
777.719
777.719
777.719
790.334
790.334
790.334
790.334
790.334
783.401
783.401
783.401
783.401
783.401
789.073
789.073
789.073
789.073
789.073
768.634
768.634
768.634
768.634
768.634
740.015
740.015
740.015
740.015
740.015
718.704
718.704
718.704
718.704
718.704
772.871
772.871
772.871
772.871
772.871
743.674
743.674
743.674
743.674
743.674
746.197
746.197
746.197
746.197
746.197
773.261
773.261
773.261
773.261
773.261
742.698
742.698
742.698
742.698
742.698
773.162
773.162
773.162
773.162
773.162
776.566
776.566
776.566
776.566
776.566
789.261
789.553
789.553
789.553
789.553
780.486
780.486
780.486
780.486
780.486
773.55
773.55
773.55
773.55
773.55
719.422
719.422
719.422
719.422
719.422
719.806
719.806
719.806
719.806
719.806
750.98
750.98
750.98
750.98
750.98
742.315
742.315
742.315
742.315
742.315
664.349
664.349
664.349
664.349
664.349
580.618
580.618
580.618
580.618
580.618
752.656
752.656
752.656
752.656
752.656
764.553
764.553
764.553
764.553
764.553
422.585
422.585
422.585
422.585
422.585
635.863
635.863
635.863
635.863
635.863
691.871
691.871
691.871
691.871
691.871
589.33
589.33
589.33
589.33
589.33
776.189
776.189
776.189
776.189
776.189
754.475
754.475
754.475
754.475
754.475
757.535
757.535
757.535
757.535
757.535
396.821
396.821
396.821
396.821
396.821
589.706
589.706
589.706
589.706
589.706
564.203
564.203
564.203
564.203
564.203
622.942
625.383
625.383
625.383
625.383
796
796
796
796
796
668.091
668.091
668.122
668.122
668.122
755.824
755.824
755.824
755.824
755.824
739.029
739.029
739.029
739.029
739.029
748.611
748.611
748.611
748.611
748.611
618.548
618.548
618.548
618.548
618.548
472.23
472.23
472.23
472.23
472.23
335.007
335.007
335.007
335.007
335.007
573.047
573.047
573.047
573.047
573.047
587.291
587.291
587.291
587.291
587.291
770.459
770.459
770.459
770.459
770.459
786.053
786.053
786.053
786.053
786.053
779.661
779.661
779.661
779.661
779.661
783.887
783.887
783.887
783.887
783.887
776.171
776.171
776.171
776.171
776.171
778.513
778.513
778.513
778.513
778.513
786.523
786.523
786.523
786.523
786.523
770.993
770.993
770.993
770.993
770.993
769.266
769.266
769.266
769.266
769.266
766.559
766.559
766.559
766.559
766.559
792.48
792.48
792.48
792.48
792.48
728.054
728.054
728.054
728.054
728.054
789.208
789.208
789.208
789.208
789.208
780.389
780.389
780.389
780.389
780.389
780.924
780.924
780.924
780.924
780.924
793.817
793.817
793.817
793.817
793.817
785.167
785.167
785.167
785.167
785.167
786.539
786.539
786.539
786.539
786.539
795.885
795.885
795.885
795.885
795.885
789.891
789.891
789.891
789.891
789.891
790.524
790.524
790.524
790.524
790.524
791.587
791.587
791.587
791.587
791.587
772.781
772.781
772.781
772.781
772.781
751.347
751.347
751.347
751.347
751.347
765.027
765.027
765.027
765.027
765.027
757.93
757.93
757.93
757.93
757.93
734.188
734.188
734.188
734.188
734.188
750.217
750.217
750.217
750.217
750.217
780.064
780.064
780.064
780.064
780.064
746.267
746.267
746.267
746.267
746.267
767.969
767.969
767.969
767.969
767.969
774.189
774.189
774.189
774.189
774.189
766.613
767.226
767.226
767.226
767.226
618.715
618.715
618.715
618.715
618.715
772.02
772.02
772.02
772.02
772.02
770.461
770.461
770.461
770.461
770.461
753.642
753.642
753.642
753.642
753.642
750.141
750.141
750.141
750.141
750.141
778.478
778.478
778.478
778.478
778.478
786.65
786.65
786.65
786.65
786.65
777.781
777.781
777.781
777.781
777.781
778.269
778.269
778.269
778.269
778.269
787.662
787.662
787.662
787.662
787.662
784.191
784.191
784.191
784.191
784.191
784.79
784.79
784.79
784.79
784.79
776.252
776.252
776.252
776.252
776.252
782.125
782.125
782.125
782.125
782.125
766.798
766.798
766.798
766.798
766.798
772.11
772.11
772.11
772.11
772.11
752.369
752.369
752.369
752.369
752.369
753.229
753.229
753.229
753.229
753.229
791.733
791.733
791.733
791.733
791.733
763.754
763.754
763.754
763.754
763.754
727.537
727.537
727.537
727.537
727.537
730.66
730.66
730.66
730.66
730.66
747.55
747.55
747.55
747.55
747.55
560.723
560.723
560.723
560.723
560.723
765.883
765.883
765.883
765.883
765.883
381.195
381.195
381.195
381.195
381.195
324.603
324.603
324.603
324.603
324.603
541.176
541.176
541.176
541.176
541.176
581.055
581.055
581.055
581.055
581.055
699.05
699.05
699.05
699.05
699.05
470.654
470.654
470.654
470.654
470.654
513.975
513.975
513.975
513.975
513.975
204.819
204.819
204.819
204.819
204.819
782.044
782.044
782.044
782.044
782.044
727.174
727.174
727.174
727.174
727.174
671.863
671.863
671.863
671.863
671.863
779.643
779.643
779.643
779.643
779.643
565.777
565.777
565.777
565.777
565.777
478.577
478.577
478.577
478.577
478.577
343.789
343.789
343.789
343.789
343.789
565.002
565.002
565.002
565.002
565.002
571.58
571.58
571.58
571.58
571.58
587.16
587.16
587.16
587.16
587.16
467.453
467.453
467.453
467.453
467.453
691.424
691.424
691.424
691.424
691.424
464.215
464.215
464.215
464.215
464.215
745.307
745.307
745.307
745.307
745.307
753.951
753.951
753.951
753.951
753.951
689.622
689.622
689.622
689.622
689.622
735.795
735.795
735.795
735.795
735.795
708.536
708.536
708.536
708.536
708.536
786.335
786.335
786.335
786.335
786.335
777.637
777.637
777.637
777.637
777.637
775.12
775.12
775.12
775.12
775.12
776.814
776.814
776.814
776.814
776.814
792.225
792.225
792.225
792.225
792.225
772.43
772.43
772.43
772.43
772.43
789.402
789.402
789.402
789.402
789.402
787.671
787.671
787.671
787.671
787.671
777.52
777.52
777.52
777.52
777.52
789.52
789.52
789.52
789.52
789.52
778.081
778.081
778.081
778.081
778.081
783.435
783.435
783.435
783.435
783.435
789.999
789.999
789.999
789.999
789.999
763.802
763.802
763.802
763.802
763.802
740.153
740.153
740.153
740.153
740.153
790.535
790.535
790.535
790.535
790.535
783.476
783.476
783.476
783.476
783.476
749.68
749.68
749.68
749.68
749.68
777.949
777.949
777.949
777.949
777.949
757.127
757.127
757.127
757.127
757.127
779.365
779.365
779.365
779.365
779.365
775.756
775.756
775.756
775.756
775.756
771.219
771.219
771.219
771.219
771.219
776.58
776.58
776.58
776.58
776.58
761.801
761.801
761.801
761.801
761.801
757.826
757.826
757.826
757.826
757.826
745.492
745.492
745.492
745.492
745.492
764.485
764.485
764.485
764.485
764.485
787.642
787.642
787.642
787.642
787.642
778.691
778.691
778.691
778.691
778.691
784.192
784.192
784.192
784.192
784.192
792.769
792.769
792.769
792.769
792.769
780.879
780.879
780.879
780.879
780.879
793.663
793.663
793.663
793.663
793.663
794.794
794.794
794.794
794.794
794.794
785.73
785.73
785.73
785.73
785.73
796.83
796.83
796.83
796.83
796.83
789.202
789.202
789.202
789.202
789.202
757.428
757.428
757.428
757.428
757.428
793.868
793.868
793.868
793.868
793.868
783.59
783.59
783.59
783.59
783.59
776.093
776.093
776.093
776.093
776.093
783.219
783.219
783.219
783.219
783.219
789.313
789.313
789.313
789.313
789.313
778.566
778.566
778.566
778.566
778.566
787.099
787.099
787.099
787.099
787.099
782.37
782.37
782.37
782.37
782.37
771.016
771.016
771.016
771.016
771.016
793.036
793.036
793.036
793.036
793.036
785.713
785.713
785.713
785.713
785.713
786.881
786.881
786.881
786.881
786.881
790.099
790.099
790.099
790.099
790.099
762.516
762.516
762.516
762.516
762.516
752.146
752.146
752.146
752.146
752.146
779.064
779.064
779.064
779.064
779.064
740.392
740.392
740.392
740.392
740.392
760.334
760.334
760.334
760.334
760.334
757.221
757.221
757.221
757.221
757.221
784.446
784.446
784.446
784.446
784.446
775.732
775.732
775.732
775.732
775.732
772.663
772.663
772.663
772.663
772.663
750.995
750.995
750.995
750.995
750.995
763.141
763.141
763.141
763.141
763.141
775.476
775.476
775.476
775.476
775.476
786.605
786.605
786.605
786.605
786.605
777.982
777.982
777.982
777.982
777.982
773.592
773.592
773.592
773.592
773.592
772.3
772.3
772.3
772.3
772.3
763.422
763.422
763.422
763.422
763.422
776.202
776.202
776.202
776.202
776.202
752.248
752.248
752.248
752.248
752.248
669.338
669.338
669.338
669.338
669.338
776.244
776.244
776.244
776.244
776.244
609.397
609.397
609.397
609.397
609.397
542.76
542.76
542.76
542.76
542.76
589.777
589.777
589.777
589.777
589.777
699.376
699.376
699.376
699.376
699.376
514.059
514.059
514.059
514.059
514.059
290.047
290.047
290.047
290.047
290.047
562.869
562.869
562.869
562.869
562.869
627.287
627.287
627.287
627.287
627.287
249.143
249.143
249.143
249.143
249.143
642.172
642.172
642.191
642.191
642.191
401.735
401.735
401.735
401.735
401.735
567.343
567.343
567.343
567.343
567.343
449.717
449.717
449.717
449.717
449.717
523.898
523.898
523.898
523.898
523.898
373.969
373.969
373.969
373.969
373.969
498.845
498.845
498.845
498.845
498.845
755.164
755.164
755.164
755.164
755.164
787.599
787.599
787.599
787.599
787.599
786.807
786.807
786.807
786.807
786.807
785.716
785.716
785.716
785.716
785.716
780.395
780.395
780.395
780.395
780.395
783.648
783.648
783.648
783.648
783.648
784.924
784.924
784.924
784.924
784.924
788.576
788.576
788.576
788.576
788.576
792.235
792.235
792.235
792.235
792.235
788.977
788.977
788.977
788.977
788.977
793.17
793.17
793.17
793.17
793.17
782.241
782.241
782.241
782.241
782.241
762.131
762.131
762.131
762.131
762.131
787.547
787.547
787.547
787.547
787.547
778.923
778.923
778.923
778.923
778.923
777.691
777.691
777.691
777.691
777.691
785.542
785.542
785.542
785.542
785.542
773.74
773.74
773.74
773.74
773.74
769.21
769.21
769.21
769.21
769.21
789.004
789.004
789.004
789.004
789.004
786.872
786.872
786.872
786.872
786.872
773.074
773.074
773.074
773.074
773.074
772.409
772.409
772.409
772.409
772.409
785.838
785.838
785.838
785.838
785.838
787.729
787.729
787.729
787.729
787.729
795.004
795.004
795.004
795.004
795.004
780.822
780.822
780.822
780.822
780.822
789.187
789.187
789.187
789.187
789.187
780.74
780.74
780.74
780.74
780.74
783.209
783.209
783.209
783.209
783.209
775.014
775.014
775.014
775.014
775.014
785.02
785.02
785.02
785.02
785.02
752.112
752.112
752.112
752.112
752.112
631.396
630.73
630.73
631.616
631.616
554.105
554.105
554.105
554.105
554.105
499.703
499.703
499.703
499.703
499.703
774.722
774.722
774.722
774.722
774.722
767.104
767.104
767.104
767.104
767.104
776.257
776.257
776.257
776.257
776.257
674.254
674.254
674.254
674.254
674.254
635.739
635.739
635.739
635.739
635.739
376.855
376.855
376.855
376.855
376.855
647.725
647.725
647.725
647.725
647.725
741.656
741.656
741.656
741.656
741.656
772.038
772.038
772.038
772.038
772.038
770.1
770.1
770.1
770.1
770.1
790.598
790.598
790.598
790.598
790.598
778.794
778.794
778.794
778.794
778.794
774.189
774.189
774.189
774.189
774.189
741.167
741.167
741.167
741.167
741.167
655.002
655.002
655.002
655.002
655.002
606.54
606.54
606.54
606.54
606.54
771.179
771.179
771.179
771.179
771.179
685.401
685.401
685.401
685.401
685.401
719.415
719.415
719.415
719.415
719.415
577.121
577.121
577.121
577.121
577.121
629.235
629.235
629.235
629.235
629.235
461.18
461.18
461.18
461.18
461.18
608.436
608.436
608.436
608.436
608.436
289.859
289.859
289.859
289.859
289.859
353.75
353.75
353.75
353.75
353.75
234.16
234.16
234.16
234.16
234.16
756.076
756.076
756.076
756.076
756.076
541.953
541.953
541.953
541.953
541.953
427.898
427.898
427.898
427.898
427.898
657.261
657.261
657.261
657.261
657.261
752.577
752.577
752.577
752.577
752.577
767.286
767.286
767.286
767.286
767.286
777.292
777.292
777.292
777.292
777.292
731.759
731.759
731.759
731.759
731.759
777.919
777.919
777.919
777.919
777.919
775.54
775.54
775.54
775.54
775.54
756.563
756.563
756.563
756.563
756.563
599.921
599.921
599.921
599.921
599.921
625.786
625.786
625.786
625.786
625.786
526.299
526.299
526.299
526.299
526.299
771.536
771.536
771.536
771.536
771.536
557.725
557.725
557.725
557.725
557.725
757.291
757.291
757.291
757.291
757.291
486.346
486.346
486.346
486.346
486.346
552.837
552.837
552.837
552.837
552.837
384.594
384.594
384.594
384.594
384.594
702.837
702.837
702.837
702.837
702.837
576.401
576.401
576.401
576.401
576.401
606.93
606.93
606.93
606.93
606.93
441.945
441.945
441.945
441.945
441.945
722.658
722.658
722.658
722.658
722.658
623.164
623.164
623.164
623.164
623.164
441.813
441.813
441.813
441.813
441.813
560.564
560.564
560.564
560.564
560.564
356.795
356.795
356.795
356.795
356.795
711.914
711.914
711.914
711.914
711.914
751.247
751.247
751.247
751.247
751.247
682.295
682.295
682.295
682.295
682.295
676.883
676.883
676.883
676.883
676.883
279.799
279.799
279.799
279.799
279.799
487.879
487.879
487.879
487.879
487.879
291.662
291.662
291.662
291.662
291.662
783.81
783.81
783.81
783.81
783.81
751.486
751.486
751.486
751.486
751.486
654.139
654.139
654.139
654.139
654.139
543.054
543.054
543.054
543.054
543.054
706.279
706.279
706.279
706.279
706.279
646.415
646.415
646.415
646.415
646.415
295.57
295.57
295.57
295.57
295.57
532.82
532.82
532.82
532.82
532.82
611.141
611.141
611.141
611.141
611.141
746.888
746.888
746.888
746.888
746.888
431.846
431.846
431.846
431.846
431.846
425.719
425.719
425.719
425.719
425.719
540.979
540.979
540.979
540.979
540.979
746.784
746.784
746.784
746.784
746.784
738.137
738.137
738.137
738.137
738.137
769.762
769.762
769.762
769.762
769.762
753.422
753.422
753.422
753.422
753.422
670.229
670.229
670.229
670.229
670.229
464.475
464.475
464.475
464.475
464.475
461.963
461.963
461.963
461.963
461.963
524.585
524.585
524.585
524.585
524.585
635.436
635.436
635.436
635.436
635.436
754.93
754.93
754.93
754.93
754.93
764.524
764.524
764.524
764.524
764.524
627.765
627.765
627.765
627.765
627.765
552.199
552.199
552.199
552.199
552.199
264.926
264.926
264.926
264.926
264.926
732.948
732.948
732.948
732.948
732.948
556.775
556.775
556.775
556.775
556.775
777.073
777.073
777.073
777.073
777.073
742.418
742.418
742.418
742.418
742.418
740.82
740.82
740.82
740.82
740.82
670.326
670.326
670.326
670.326
670.326
360.22
360.22
360.22
360.22
360.22
592.526
592.526
592.526
592.526
592.526
604.594
604.594
604.594
604.594
604.594
756.353
756.353
756.353
756.353
756.353
480.585
480.585
480.585
480.585
480.585
450.061
450.061
450.061
450.061
450.061
587.651
587.651
587.651
587.651
587.651
473.418
473.418
473.418
473.418
473.418
579.886
579.886
579.886
579.886
579.886
608.623
608.623
608.623
608.623
608.623
431.941
431.941
431.941
431.941
431.941
627.489
627.489
627.489
627.489
627.489
719.517
719.517
719.517
719.517
719.517
693.687
693.687
693.687
693.687
693.687
413.027
413.027
413.027
413.027
413.027
411.447
411.447
411.447
411.447
411.447
602.869
602.869
602.869
602.869
602.869
689.833
689.833
689.833
689.833
689.833
727.844
727.844
727.844
727.844
727.844
640.461
640.461
640.461
640.461
640.461
775.076
775.076
775.076
775.076
775.076
730.026
730.026
730.026
730.026
730.026
438.316
438.316
438.316
438.316
438.316
690.06
690.06
690.06
690.06
690.06
567.028
567.028
567.028
567.028
567.028
778.715
778.715
778.715
778.715
778.715
774.692
774.692
774.692
774.692
774.692
674.172
674.172
674.172
674.172
674.172
652.239
652.239
652.239
652.239
652.239
594.146
594.146
594.146
594.146
594.146
428.278
428.278
428.278
428.278
428.278
633.875
633.875
633.875
633.875
633.875
760.857
760.857
760.857
760.857
760.857
714.048
714.048
714.048
714.048
714.048
744.369
744.369
744.369
744.369
744.369
764.619
764.619
764.619
764.619
764.619
622.021
622.021
622.021
622.021
622.021
368.384
368.384
368.384
368.384
368.384
511.394
511.394
511.394
511.394
536.287
762.192
762.192
762.192
762.192
762.192
764.477
764.477
764.477
764.477
764.477
614.887
614.887
614.887
614.887
614.887
776.37
776.37
776.37
776.37
776.37
769.871
769.871
769.871
769.871
769.871
771.822
771.822
771.822
771.822
771.822
764.459
764.459
764.459
764.459
764.459
785.896
785.896
785.896
785.896
785.896
777.517
777.517
777.517
777.517
777.517
775.297
775.297
775.297
775.297
775.297
748.543
748.543
748.543
748.543
748.543
774.149
774.149
774.149
774.149
774.149
779.749
779.749
779.749
779.749
779.749
754.223
754.223
754.223
754.223
754.223
775.733
775.733
775.733
775.733
775.733
762.603
775.206
775.206
775.206
775.206
751.544
751.544
751.544
751.544
751.544
766.438
766.438
766.438
766.438
766.438
733.728
733.728
733.728
733.728
733.728
746.89
746.89
746.89
746.89
746.89
632.557
632.557
632.557
632.557
632.557
368.304
368.304
368.304
368.304
368.304
474.663
474.663
474.663
474.663
474.663
724.237
724.237
724.237
724.237
724.237
454.341
454.341
454.341
454.341
454.341
743.492
743.492
743.492
743.492
743.492
404.861
404.861
404.861
404.861
404.861
629.332
630.538
630.538
630.538
630.538
411.659
411.659
411.659
411.659
411.659
566.792
566.792
566.792
566.792
566.792
733.988
733.988
733.988
733.988
733.988
495.664
495.664
495.664
495.664
495.664
701.064
701.064
701.064
701.064
701.064
766.523
766.523
766.523
766.523
766.523
773.076
773.076
773.076
773.076
773.076
778.021
778.021
778.021
778.021
778.021
776.521
776.521
776.521
776.521
776.521
778.611
778.832
778.832
778.832
778.832
732.775
732.775
732.775
732.775
732.775
762.972
762.972
762.972
762.972
762.972
774.811
774.811
774.811
774.811
774.811
783.874
783.874
783.874
783.874
783.874
771.974
771.974
771.974
771.974
771.974
764.242
764.242
764.242
764.242
764.242
766.625
766.625
766.625
766.625
766.625
778.61
778.61
778.61
778.61
778.61
745.119
745.119
745.119
745.119
745.119
792.131
792.131
792.131
792.131
792.131
765.464
765.464
765.464
765.464
765.464
769.138
769.138
769.138
769.138
769.138
776.243
776.243
776.243
776.243
776.243
724.703
724.703
724.703
724.703
724.703
773.966
773.966
773.966
773.966
773.966
779.834
779.834
779.834
779.834
779.834
770.133
770.133
770.133
770.133
770.133
747.961
747.961
747.961
747.961
747.961
766.785
766.785
766.785
766.785
766.785
747.377
747.377
747.377
747.377
747.377
745.115
745.115
745.115
745.115
745.115
773.962
773.962
773.962
773.962
773.962
765.162
765.162
765.162
765.162
765.162
763.987
763.987
763.987
763.987
763.987
715.361
715.361
715.361
715.361
715.361
419.687
465.875
465.875
465.875
465.875
675.973
675.973
675.973
675.973
675.973
755.249
755.249
755.249
755.249
755.249
745.116
745.116
745.116
745.116
745.116
652.384
652.384
652.384
652.384
652.384
707.606
707.606
704.962
704.962
704.962
502.94
502.94
502.94
502.94
502.94
664.514
664.514
664.514
664.514
664.514
506.06
506.06
506.06
506.06
506.06
615.475
615.475
615.475
615.475
615.475
580.733
580.733
580.733
580.733
580.733
314.188
314.188
314.188
314.188
314.188
538.165
538.165
538.165
538.165
538.165
761.607
761.607
761.607
761.607
761.607
758.632
758.632
758.632
758.632
758.632
789.793
789.793
789.793
789.793
789.793
777.395
777.395
777.395
777.395
777.395
785.241
785.241
785.241
785.241
785.241
785.303
785.303
785.303
785.303
785.303
765.222
765.222
765.222
765.222
765.222
787.765
787.765
787.765
787.765
787.765
779.41
779.41
779.41
779.41
779.41
773.2
773.2
773.2
773.2
773.2
790.214
790.214
790.214
790.214
790.214
782.019
782.019
782.019
782.019
782.019
778.335
778.335
778.335
778.335
778.335
795.285
795.285
795.285
795.285
795.285
786.818
786.818
786.818
786.818
786.818
786.031
786.031
786.031
786.031
786.031
795.99
795.99
795.99
795.99
795.99
787.427
787.427
787.427
787.427
787.427
783.613
783.613
783.613
783.613
783.613
795.574
795.574
795.574
795.574
795.574
786.268
786.268
786.268
786.268
786.268
795.396
795.396
795.396
795.396
795.396
795.299
795.299
795.299
795.299
795.299
790.433
790.433
790.433
790.433
790.433
793.324
793.324
793.324
793.324
793.324
796.92
796.92
796.92
796.92
796.92
787.617
787.617
787.617
787.617
787.617
787.002
787.002
787.002
787.002
787.002
796.601
796.601
796.601
796.601
796.601
791.619
791.619
791.619
791.619
791.619
788.899
788.899
788.899
788.899
788.899
789.456
789.456
789.456
789.456
789.456
774.532
774.532
774.532
774.532
774.532
785.07
785.07
785.07
785.07
785.07
794.29
794.29
794.29
794.29
794.29
790.59
790.59
790.59
790.59
790.59
781.78
781.78
781.78
781.78
781.78
790.829
790.829
790.829
790.829
790.829
775.411
775.411
775.411
775.411
775.411
776.203
776.203
776.203
776.203
776.203
793.807
793.807
793.807
793.807
793.807
787.823
787.823
787.823
787.823
787.823
782.086
782.086
782.086
782.086
782.086
789.905
789.905
789.905
789.905
789.905
786.793
786.793
786.793
786.793
786.793
779.695
779.695
779.695
779.695
779.695
792.28
792.28
792.28
792.28
792.28
774.581
774.581
774.581
774.581
774.581
762.279
762.279
762.279
762.279
762.279
784.24
784.24
784.24
784.24
784.24
778.683
778.683
778.683
778.683
778.683
784.617
784.617
784.617
784.617
784.617
784.999
784.999
784.999
784.999
784.999
788.988
788.988
788.988
788.988
788.988
780.317
780.317
780.317
780.317
780.317
794.899
794.899
794.899
794.899
794.899
775.706
775.706
775.706
775.706
775.706
775.812
775.812
775.812
775.812
775.812
794.231
794.231
794.231
794.231
794.231
786.699
786.699
786.699
786.699
786.699
784.467
784.467
784.467
784.467
784.467
790.429
790.429
790.429
790.429
790.429
789.677
789.677
789.677
789.677
789.677
789.27
789.27
789.27
789.27
789.27
795.617
795.617
795.617
795.617
795.617
792.382
792.382
792.382
792.382
792.382
785.41
785.41
785.41
785.41
785.41
797.383
797.383
797.383
797.383
797.383
790.916
790.916
790.916
790.916
790.916
785.289
785.289
785.289
785.289
785.289
794.506
794.506
794.506
794.506
794.506
788.486
788.486
788.486
788.486
788.486
790.386
790.386
790.386
790.386
790.386
795.735
795.735
795.735
795.735
795.735
792.624
792.624
792.624
792.624
792.624
779.843
779.843
779.843
779.843
779.843
793.835
793.835
793.835
793.835
793.835
788.352
788.352
788.352
788.352
788.352
781.13
781.13
781.13
781.13
781.13
795.925
795.925
795.925
795.925
795.925
782.939
782.939
782.939
782.939
782.939
776.433
776.433
776.433
776.433
776.433
790.415
790.415
790.415
790.415
790.415
787.501
787.501
787.501
787.501
787.501
788.668
788.668
788.668
788.668
788.668
784.134
784.134
784.134
784.134
784.134
791.169
791.169
791.169
791.169
791.169
775.454
775.454
775.454
775.454
775.454
793.722
793.722
793.722
793.722
793.722
782.633
782.633
782.633
782.633
782.633
770.621
770.621
770.899
770.899
770.899
780.919
780.919
780.919
780.919
780.919
780.982
780.982
780.982
780.982
780.982
753.458
753.458
753.458
753.458
753.458
662.961
662.961
662.961
662.961
662.961
589.57
589.57
589.57
589.57
589.57
394.732
394.732
394.732
394.732
394.732
761.62
761.62
761.62
761.62
761.62
751.143
751.143
751.143
751.143
751.143
751.528
751.528
751.528
751.528
751.528
389.508
389.508
389.508
389.508
389.508
735.311
735.311
735.311
735.311
735.311
539.77
539.77
539.77
539.77
539.77
673.122
673.122
673.122
673.122
673.122
733.63
733.63
733.63
733.63
733.63
639.42
639.42
639.42
639.42
639.42
685.165
685.165
685.165
685.165
685.165
451.938
451.938
451.938
451.938
451.938
748.912
748.912
748.912
748.912
748.912
617.096
617.096
617.096
617.096
617.096
744.143
744.143
744.143
744.143
744.143
656.826
656.826
656.826
656.826
656.826
368.204
368.204
368.204
368.204
368.204
785.027
785.027
785.027
785.027
785.027
717.838
717.838
717.838
717.838
717.838
742.795
742.795
742.795
742.795
742.795
754.498
754.498
754.498
754.498
754.498
665.663
665.663
665.663
665.663
665.663
474.524
474.524
474.524
474.524
474.524
700.379
700.379
700.379
700.379
700.379
767.524
767.524
767.524
767.524
767.524
745.196
745.196
745.196
745.196
745.196
757.229
757.229
757.229
757.229
757.229
694.962
694.962
694.962
694.962
694.962
688.353
688.353
688.353
688.353
688.353
748.166
748.166
748.166
748.166
748.166
570.123
570.123
570.123
570.123
570.123
771.116
771.116
771.116
771.116
771.116
783.477
783.477
783.477
783.477
783.477
762.238
762.238
762.238
762.238
762.238
790.365
790.365
790.365
790.365
790.365
776.558
776.558
776.558
776.558
776.558
778.986
778.986
778.986
778.986
778.986
779.523
779.523
779.523
779.523
779.523
750.056
750.056
750.056
750.056
750.056
730.172
730.172
730.172
730.172
730.172
769.501
769.501
769.501
769.501
769.501
733.046
733.046
733.046
733.046
733.046
679.27
679.27
679.27
679.27
679.27
492.971
492.971
492.971
492.971
492.971
753.768
753.768
753.768
753.768
753.768
770.43
770.43
770.43
770.43
770.43
751.163
751.163
751.163
751.163
751.163
733.06
733.06
733.06
733.06
733.06
720.19
720.19
720.19
720.19
720.19
774.486
774.486
774.486
774.486
774.486
769.722
769.722
769.722
769.722
769.722
612.301
612.301
612.301
612.301
612.301
650.111
650.111
650.111
650.111
650.111
674.027
674.027
674.027
674.027
674.027
723.931
723.931
723.931
723.931
723.931
728.64
728.64
728.64
728.64
728.64
740.715
740.715
740.715
740.715
740.715
700.418
700.418
700.418
700.418
700.418
777.524
777.524
777.524
777.524
777.524
740.401
740.401
740.401
740.401
740.401
757.876
757.876
757.876
757.876
757.876
727.84
727.84
727.84
727.84
727.84
759.321
759.321
759.321
759.321
759.321
769.179
769.179
769.179
769.179
769.179
778.32
778.32
778.321
778.321
778.321
778.405
778.405
778.405
778.405
778.405
795.257
795.257
795.257
795.257
795.257
770.494
770.494
770.494
770.494
770.494
760.382
760.382
760.382
760.382
760.382
767.223
767.223
767.223
767.223
767.223
791.091
791.091
791.091
791.091
791.091
789.8
789.802
789.802
789.802
789.802
791.699
791.699
791.699
791.699
791.699
788.547
788.547
788.547
788.547
788.547
786.913
786.913
786.913
786.913
786.913
777.677
777.677
777.677
777.677
777.677
790.541
790.541
790.541
790.541
790.541
776.139
776.139
776.139
776.139
776.139
777.954
777.954
777.954
777.954
777.954
783.032
783.032
783.032
783.032
783.032
773.971
773.971
773.971
773.971
773.971
774.756
774.756
774.756
774.756
774.756
783.259
783.259
783.259
783.259
783.259
773.996
773.996
773.996
773.996
773.996
782.23
782.23
782.23
782.23
782.23
788.341
788.341
788.341
788.341
788.341
783.196
783.196
783.196
783.196
783.196
791.892
791.892
791.892
791.892
791.892
788.893
788.893
788.893
788.893
788.893
779.143
779.143
779.143
779.143
779.143
769.462
769.462
769.462
769.462
769.462
790.452
790.452
790.452
790.452
790.452
768.348
768.348
768.348
768.348
768.348
763.39
763.39
763.39
763.39
763.39
780.721
780.721
780.721
780.721
780.721
764.243
764.243
764.243
764.243
764.243
724.634
724.634
724.634
724.634
724.634
782.457
782.457
782.457
782.457
782.457
772.966
772.966
772.966
772.966
772.966
775.092
775.092
775.092
775.092
775.092
756.089
756.089
756.089
756.089
756.089
750.083
750.083
750.083
750.083
750.083
730.786
730.786
730.786
730.786
730.786
760.356
760.356
760.356
760.356
760.356
756.051
756.051
756.051
756.051
756.051
783.716
783.716
783.716
783.716
783.716
774.592
774.592
774.592
774.592
774.592
753.399
753.399
753.399
753.399
753.399
459.472
459.472
459.472
459.472
459.472
733.351
733.351
733.351
733.351
733.351
746.915
746.915
746.915
746.915
746.915
781.137
781.137
781.137
781.137
781.137
761.058
761.058
761.058
761.058
761.058
712.059
712.059
712.059
712.059
712.059
641.466
641.466
641.466
641.466
641.466
615.708
615.708
615.708
615.708
615.708
784.978
784.978
784.978
784.978
784.978
778.569
778.569
778.569
778.569
778.569
789.099
789.099
789.099
789.099
789.099
768.888
768.888
768.888
768.888
768.888
765.945
765.945
765.945
765.945
765.945
782.358
782.358
782.358
782.358
782.358
794.183
794.183
794.213
794.213
794.213
792.43
792.43
792.43
792.43
792.43
792.496
792.496
792.496
792.496
792.496
787.898
787.898
787.898
787.898
787.898
779.12
779.12
779.12
779.12
779.12
795.012
795.012
795.012
795.012
795.012
794.289
794.289
794.289
794.289
794.289
790.859
790.859
790.859
790.859
790.859
798.141
798.141
798.141
798.141
798.141
793.469
793.469
793.469
793.469
793.469
779.829
779.829
779.829
779.829
779.829
791.03
791.03
791.03
791.03
791.03
789.512
789.512
789.512
789.512
789.512
790.53
790.53
790.53
790.53
790.53
793.922
793.922
793.922
793.922
793.922
785.543
785.543
785.543
785.543
785.543
743.231
743.231
743.231
743.231
743.231
792.191
792.191
792.191
792.191
792.191
776.052
776.052
776.052
776.052
776.052
773.544
773.544
773.544
773.544
773.544
792.382
792.382
792.382
792.382
792.382
791.109
791.109
791.109
791.109
791.109
774.342
774.342
774.342
774.342
774.342
779.047
779.047
779.047
779.047
779.047
793.462
793.462
793.462
793.462
793.462
765.147
765.147
765.147
765.147
765.147
792.634
792.634
792.634
792.634
792.634
789.768
789.768
789.768
789.768
789.768
777.463
777.463
777.463
777.463
777.463
791.982
791.982
791.982
791.982
791.982
783.648
783.648
783.648
783.648
783.648
780.677
780.677
780.677
780.677
780.677
794.729
794.729
794.729
794.729
794.729
790.561
790.561
790.561
790.561
790.561
790.516
790.516
790.516
790.516
790.516
786.408
786.408
786.408
786.408
786.408
784.684
784.684
784.684
784.684
784.684
782.174
782.174
782.174
782.174
782.174
782.828
782.828
782.828
782.828
782.828
783.67
783.67
783.67
783.67
783.67
781.597
781.597
781.597
781.597
781.597
790.69
790.69
790.69
790.69
790.69
783.474
783.474
783.474
783.474
783.474
783.932
783.932
783.932
783.932
783.932
786.08
786.08
786.08
786.08
786.08
768.658
768.658
768.658
768.658
768.658
762.109
762.109
762.109
762.109
762.109
779.914
779.914
779.914
779.914
779.914
742.447
742.447
742.447
742.447
742.447
788.901
788.901
788.901
788.901
788.901
794.079
794.079
794.079
794.079
794.079
780.581
780.581
780.581
780.581
780.581
788.651
788.651
788.651
788.651
788.651
787.407
787.407
787.407
787.407
787.407
770.172
772.344
772.344
772.344
772.344
791.449
791.449
791.449
791.449
791.449
792.793
792.793
792.793
792.793
792.793
786.67
786.67
786.67
786.67
786.67
782.474
782.474
782.474
782.474
782.474
790.891
790.891
790.891
790.891
790.891
795.963
795.963
795.963
795.963
795.963
781.403
781.403
781.403
781.403
781.403
783.896
783.896
783.896
783.896
783.896
765.139
765.139
765.139
765.139
765.139
789.151
789.151
789.151
789.151
789.151
796.015
796.015
796.015
796.015
796.015
762.886
762.886
762.886
762.886
762.886
788.21
788.21
788.21
788.21
788.21
787.148
787.148
787.148
787.148
787.148
767.684
767.684
767.684
767.684
767.684
0
