0
0
0
0
491.159
491.159
491.159
491.159
491.159
610.443
610.443
610.443
610.443
610.443
740.935
740.935
740.935
740.935
740.935
706.572
706.572
706.572
706.572
706.572
551.638
551.638
551.638
551.638
551.638
713.813
713.813
713.813
713.813
713.813
736.83
736.83
736.83
736.83
736.83
674.263
674.263
674.263
674.263
674.263
561.731
561.731
561.731
561.731
561.731
770.255
770.255
770.255
770.255
770.255
768.111
768.111
768.111
768.111
768.111
747.385
747.387
747.387
747.387
747.387
726.071
726.071
726.071
726.071
726.071
779.609
779.609
779.609
779.609
779.609
746.181
746.181
746.181
746.181
746.181
778.558
778.558
778.558
778.558
778.558
767.756
767.756
767.756
767.756
767.756
724.489
724.489
724.489
724.489
724.489
685.598
685.598
685.598
685.598
685.598
726.192
726.192
726.192
726.192
726.192
692.488
692.488
692.488
692.488
692.488
698.447
698.447
698.447
698.447
698.447
565.822
565.822
565.822
565.822
565.822
657.306
657.306
657.306
657.306
657.306
779.358
779.358
779.358
779.358
779.358
346.357
346.357
346.357
346.357
346.357
388.395
388.395
388.395
388.395
388.395
254.864
254.864
254.864
254.864
254.864
741.516
741.516
741.516
741.516
741.516
467.724
467.724
467.724
467.724
467.724
775.876
775.876
775.876
775.876
775.876
772.167
772.167
772.167
772.167
772.167
751.156
751.156
751.156
751.156
751.156
745.903
745.903
745.903
745.903
745.903
777.786
777.786
777.786
777.786
777.786
778.923
778.923
778.923
778.923
778.923
710.173
710.173
710.173
710.173
710.173
774.16
774.16
774.16
774.16
774.16
774.052
774.052
774.052
774.052
774.052
741.949
741.949
741.949
741.949
741.949
787.204
787.204
787.204
787.204
787.204
769.916
769.916
769.916
769.916
769.916
769.085
769.085
769.085
769.085
769.085
779.893
779.893
779.893
779.893
779.893
766.509
766.509
766.509
766.509
766.509
785.973
785.973
785.973
785.973
785.973
787.434
787.434
787.434
787.434
787.434
788.873
788.873
788.873
788.873
788.873
792.392
792.392
792.392
792.392
792.392
795.985
795.985
795.985
795.985
795.985
792.352
792.352
792.352
792.352
792.352
786.834
786.834
786.834
786.834
786.834
792.939
792.939
792.939
792.939
792.939
782.829
782.829
782.829
782.829
782.829
762.047
762.047
762.047
762.047
762.047
793.372
793.372
793.372
793.372
793.372
749.946
749.946
749.946
749.946
749.946
729.62
729.62
729.62
729.62
729.62
768.473
768.473
768.473
768.473
768.473
779.815
779.815
779.815
779.815
779.815
734.215
734.215
734.215
734.215
734.215
770.166
770.166
770.166
770.166
770.166
769.216
769.216
769.216
769.216
769.216
763.231
763.231
764.4
764.4
764.4
784.379
784.379
784.379
784.379
784.379
748.613
748.613
748.613
748.613
748.613
737.916
737.916
737.916
737.916
737.916
789.005
789.005
789.005
789.005
789.005
752.827
752.827
752.827
752.827
752.827
739.813
739.813
739.813
739.813
739.813
748.184
748.184
748.184
748.184
748.184
768.374
768.374
768.374
768.374
768.374
773.734
773.734
773.734
773.734
773.734
735.578
735.578
735.578
735.578
735.578
630.366
630.366
630.366
630.366
630.366
322.928
322.928
322.928
322.928
322.928
444.976
444.976
444.976
444.976
444.976
746.696
746.696
746.696
746.696
746.696
638.587
638.587
638.587
638.587
638.587
687.85
687.85
687.85
687.85
687.85
344.5
344.5
344.5
344.5
344.5
729.121
729.121
729.121
729.121
729.121
416.891
416.891
416.891
416.891
416.891
664.708
664.708
664.708
664.708
664.708
679.896
679.896
679.896
679.896
679.896
383.285
383.285
383.285
383.285
383.285
762.107
762.107
762.107
762.107
762.107
729.582
729.582
729.582
729.582
729.582
786.81
786.81
786.81
786.81
786.81
778.575
778.575
778.575
778.575
778.575
755.849
755.849
755.849
755.849
755.849
788.906
788.906
788.906
788.906
788.906
774.89
774.89
774.89
774.89
774.89
755.331
755.331
755.331
755.331
755.331
785.308
785.308
785.308
785.308
785.308
769.784
769.784
769.784
769.784
769.784
719.905
719.905
719.905
719.905
719.905
789.794
789.794
789.794
789.794
789.794
767.911
767.911
767.911
767.911
767.911
779.131
779.131
779.131
779.131
779.131
777.224
777.224
777.224
777.224
777.224
774.083
774.083
774.083
774.083
774.083
775.883
775.883
775.883
775.883
775.883
787.924
787.924
787.924
787.924
787.924
785.302
785.302
785.302
785.302
785.302
784.912
784.912
784.912
784.912
784.912
785.261
785.261
785.261
785.261
785.261
787.959
787.959
787.959
787.959
787.959
763.73
763.73
763.73
763.73
763.73
789.492
789.492
789.492
789.492
789.492
784.138
784.138
784.138
784.138
784.138
783.669
783.669
783.669
783.669
783.669
792.01
792.01
792.01
792.01
792.01
786.481
786.481
786.481
786.481
786.481
767.462
767.462
767.462
767.462
767.462
786.677
786.677
786.677
786.677
786.677
778.397
778.397
778.397
778.397
778.397
754.933
754.933
754.933
754.933
754.933
784.017
784.017
784.017
784.017
784.017
769.626
769.626
769.626
769.626
769.626
756.551
756.551
756.551
756.551
756.551
771.969
771.969
772.234
772.234
772.234
765.131
765.131
765.131
765.131
765.131
744.528
744.528
744.528
744.528
744.528
766.844
766.844
766.844
766.844
766.844
737.282
737.282
737.282
737.282
737.282
703.629
703.629
703.629
703.629
703.629
722.749
722.749
722.749
722.749
722.749
331.425
331.425
330.943
330.943
330.943
440.078
440.078
440.078
440.078
440.078
765.405
765.405
765.405
765.405
765.405
603.017
603.017
603.017
603.017
603.017
557.508
557.508
557.508
557.508
557.508
464.911
464.911
464.911
464.911
464.911
399.422
399.422
399.422
399.422
399.422
654.566
654.566
654.566
654.566
654.566
771.196
771.196
771.196
771.196
771.196
745.693
745.693
745.693
745.693
745.693
757.944
757.944
757.944
757.944
757.944
768.9
768.9
768.9
768.9
768.9
752.056
752.056
752.056
752.056
752.056
720.957
720.957
720.957
720.957
720.957
784.945
784.945
784.945
784.945
784.945
730.012
730.012
730.012
730.012
730.012
668.891
668.891
668.891
668.891
668.891
758.183
758.183
758.183
758.183
758.183
766.472
766.472
766.472
766.472
766.472
757.343
757.343
757.343
757.343
757.343
769.248
769.248
769.248
769.248
769.248
730.328
730.328
730.328
730.328
730.328
786.425
786.471
786.471
786.471
786.471
762.713
762.713
762.713
762.713
762.713
745.734
745.734
745.734
745.734
745.734
770.888
770.888
770.888
770.888
770.888
787.515
787.515
787.515
787.515
787.515
783.691
783.691
783.691
783.691
783.691
757.853
757.853
757.853
757.853
757.853
773.94
773.94
773.94
773.94
773.94
733.192
733.192
733.192
733.192
733.192
763.863
763.863
763.863
763.863
763.863
779.899
779.899
779.899
779.899
779.899
748.066
748.066
748.066
748.066
748.066
749.509
749.509
749.509
749.509
749.509
702.469
702.469
702.469
702.469
702.469
509.54
509.54
509.54
509.54
509.54
591.546
591.546
591.546
591.546
591.546
751.618
751.618
751.618
751.618
751.618
715.78
715.78
715.78
715.78
715.78
662.954
662.954
662.954
662.954
662.954
731.688
731.688
731.688
731.688
731.688
515.087
515.087
515.087
515.087
515.087
536.366
536.366
536.366
536.366
536.366
357.03
357.03
357.03
357.03
357.03
628.665
628.665
628.665
628.665
628.665
748.742
748.742
748.742
748.742
748.742
769.098
769.098
769.098
769.098
769.098
725.846
725.846
725.846
725.846
725.846
665.592
665.592
665.592
665.592
665.592
690.534
690.534
690.534
690.534
690.534
663.124
663.124
663.124
663.124
663.124
748.25
748.25
748.25
748.25
748.25
783.385
783.385
783.385
783.385
783.385
781.912
781.912
781.912
781.912
781.912
775.735
775.735
775.735
775.735
775.735
785.412
785.412
785.412
785.412
785.412
774.53
774.53
774.53
774.53
774.53
765.533
765.533
765.533
765.533
765.533
770.017
770.017
770.017
770.017
770.017
766.732
766.732
766.732
766.732
766.732
777.274
777.274
777.274
777.274
777.274
775.411
775.411
775.411
775.411
775.411
782.693
782.693
782.693
782.693
782.693
719.761
719.761
719.761
719.761
719.761
783.174
783.174
783.174
783.174
783.174
783.848
783.848
783.848
783.848
783.848
747.157
747.157
747.157
747.157
747.157
778.355
778.355
778.355
778.355
778.355
765.212
765.212
765.212
765.212
765.212
759.438
759.438
759.438
759.438
759.438
749.579
749.579
749.579
749.579
749.579
786.881
786.881
786.881
786.881
786.881
691.261
691.261
691.261
691.261
691.261
751.3
751.3
751.3
751.3
751.3
744.106
744.106
744.106
744.106
744.106
730.113
730.113
730.113
730.113
730.113
783.14
783.14
783.14
783.14
783.14
763.414
763.414
763.414
763.414
763.414
756.557
756.557
756.557
756.557
756.557
784.218
784.218
784.218
784.218
784.218
780.998
780.998
780.998
780.998
780.998
769.921
769.921
769.921
769.921
769.921
784.996
784.996
784.996
784.996
784.996
769.927
769.927
769.927
769.927
769.927
775.169
775.169
775.169
775.169
775.169
787.518
787.518
787.518
787.518
787.518
782.859
782.969
782.969
782.969
782.969
772.303
772.303
772.303
772.303
772.303
778.344
778.344
778.344
778.344
778.344
765.373
765.373
765.373
765.373
765.373
737.242
737.242
737.242
737.242
737.242
795.905
795.905
795.905
795.905
795.905
764.604
764.604
764.604
764.604
764.604
773.656
773.656
773.656
773.656
773.656
714.883
714.883
714.883
714.883
714.883
668.914
668.914
668.914
668.914
668.914
238.321
238.321
238.321
238.321
238.321
713.745
713.745
713.745
713.745
713.745
669.426
669.426
669.426
669.426
669.426
768.209
768.209
768.209
768.209
768.209
753.48
753.48
753.48
753.48
753.48
737.232
737.232
737.232
737.232
737.232
756.917
756.917
756.917
756.917
756.917
789.665
789.665
789.665
789.665
789.665
773.955
773.955
773.955
773.955
773.955
762.833
762.833
762.833
762.833
762.833
783.755
783.755
783.755
783.755
783.755
783.269
783.269
783.269
783.269
783.269
754.357
754.357
754.357
754.357
754.357
787.061
787.061
787.061
787.061
787.061
780.584
780.584
780.584
780.584
780.584
768.82
768.82
768.82
768.82
768.82
778.956
778.956
778.956
778.956
778.956
762.834
762.834
762.834
762.834
762.834
742.59
742.59
742.59
742.59
742.59
729.48
729.48
729.48
729.48
729.48
789.431
789.431
789.431
789.431
789.431
778.764
778.764
778.764
778.764
778.764
785.962
785.962
785.962
785.962
785.962
783.322
783.322
783.322
783.322
783.322
759.375
759.375
759.375
759.375
759.375
759.641
759.641
759.641
759.641
759.641
771.902
771.902
771.902
771.902
771.902
782.328
782.328
782.328
782.328
782.328
764.883
764.883
764.883
764.883
764.883
722.993
722.993
722.993
722.993
722.993
711.283
711.283
711.283
711.283
711.283
720.312
720.312
720.312
720.312
720.312
751.258
751.258
751.258
751.258
751.258
768.753
768.753
768.753
768.753
768.753
786.099
786.099
786.099
786.099
786.099
760.493
760.493
760.493
760.493
760.493
762.535
762.535
762.535
762.535
762.535
575.477
575.477
575.477
575.477
575.477
743.503
743.503
743.503
743.503
743.503
643.803
643.803
643.803
643.803
643.803
486.129
486.129
486.129
486.129
486.129
645.879
645.879
645.879
645.879
645.879
671.03
671.03
671.03
671.03
671.03
517.237
517.237
517.237
517.237
517.237
606.62
606.62
606.62
606.62
606.62
514.524
514.524
514.524
514.524
514.524
533.629
533.629
533.629
533.629
533.629
567.815
567.815
567.815
567.815
567.815
581.875
581.875
581.875
581.875
581.875
761.892
761.892
761.892
761.892
761.892
767.912
767.912
767.912
767.912
767.912
771.791
771.791
771.791
771.791
771.791
736.086
736.086
736.086
736.086
736.086
784.331
784.331
784.331
784.331
784.331
751.696
751.696
751.696
751.696
751.696
793.791
793.791
793.791
793.791
793.791
782.073
782.073
782.073
782.073
782.073
768.955
768.955
768.955
768.955
768.955
710.204
710.204
710.204
710.204
710.204
486.13
486.13
486.13
486.13
486.13
512.895
512.895
512.895
512.895
512.895
739.968
739.968
739.968
739.968
739.968
745.065
745.065
745.065
745.065
745.065
784.195
784.195
784.195
784.195
784.195
786.153
786.153
786.153
786.153
786.153
773.464
773.464
773.464
773.464
773.464
754.086
754.086
754.086
754.086
754.086
735.023
735.023
735.023
735.023
735.023
619.976
619.976
619.976
619.976
619.976
722.924
722.924
722.924
722.924
722.924
782.629
782.629
782.629
782.629
782.629
779.616
779.616
779.616
779.616
779.616
760.191
760.191
760.191
760.191
760.191
777.899
777.899
777.899
777.899
777.899
757.738
757.738
757.738
757.738
757.738
739.894
739.894
739.894
739.894
739.894
750.054
750.054
750.054
750.054
750.054
779.724
779.724
779.724
779.724
779.724
713.233
713.233
713.233
713.233
713.233
415.833
415.833
415.833
415.833
415.833
770.087
770.087
770.087
770.087
770.087
739.96
739.96
739.96
739.96
739.96
675.513
675.513
675.513
675.513
675.513
514.615
514.615
514.615
514.615
514.615
759.71
759.71
759.71
759.71
759.71
671.385
671.385
671.385
671.385
671.385
528.609
528.609
528.609
528.609
528.609
689.709
689.709
689.709
689.709
689.709
545.622
545.622
545.622
545.622
545.622
762.97
762.97
762.97
762.97
762.97
766.424
766.424
766.424
766.424
766.424
768.69
768.69
768.69
768.69
768.69
765.255
765.255
765.255
765.255
765.255
765.78
765.78
765.78
765.78
765.78
766.311
766.311
766.311
766.311
766.311
530.776
530.776
530.776
530.776
530.776
545.587
545.587
545.587
545.587
545.587
678.719
678.719
678.719
678.719
678.719
261.268
261.268
261.268
261.268
261.268
746.383
746.383
746.383
746.383
746.383
673.415
673.415
673.415
673.415
673.415
772.739
772.739
772.739
772.739
772.739
710.967
710.967
710.967
710.967
710.967
718.581
718.581
718.581
718.581
718.581
606.376
606.376
606.376
606.376
606.376
756.867
756.867
756.867
756.867
756.867
317.894
317.894
317.894
317.894
317.894
309.051
309.051
309.051
309.051
309.051
747.014
747.014
747.014
747.014
747.014
786.973
786.973
786.973
786.973
786.973
770.875
770.875
770.875
770.875
770.875
765.621
765.621
765.621
765.621
765.621
783.08
783.08
783.08
783.08
783.08
783.178
783.178
783.178
783.178
783.178
758.822
758.822
758.822
758.822
758.822
788.491
788.491
788.491
788.491
788.491
773.422
773.422
773.422
773.422
773.422
783.476
783.476
783.476
783.476
783.476
780.165
780.165
780.165
780.165
780.165
768.584
768.584
768.584
768.584
768.584
774.438
774.438
774.438
774.438
774.438
756.962
756.962
756.962
756.962
756.962
758.991
758.991
758.991
758.991
758.991
677.83
677.83
677.83
677.83
677.83
743.334
743.334
743.334
743.334
743.334
504.729
504.729
504.729
504.729
504.729
416.044
416.044
416.044
416.044
416.044
540.883
540.883
540.883
540.883
540.883
633.122
633.122
633.122
633.122
633.122
168.305
168.305
168.305
168.305
168.305
717.468
717.468
717.468
717.468
717.468
784.895
784.895
784.895
784.895
784.895
740.317
740.317
740.317
740.317
740.317
435.237
435.237
435.237
435.237
435.237
545.342
545.342
545.342
545.342
545.342
767.683
767.683
767.683
767.683
767.683
736.185
736.185
736.185
736.185
736.185
705.934
705.935
705.935
705.935
705.935
754.987
754.987
754.987
754.987
754.987
793.164
793.164
793.164
793.164
793.164
773.77
773.77
773.77
773.77
773.77
761.485
761.485
761.485
761.485
761.485
730.157
730.157
730.157
730.157
730.157
786.992
786.992
786.992
786.992
786.992
734.628
734.628
734.628
734.628
734.628
761.978
761.978
761.978
761.978
761.978
642.805
642.805
642.805
642.805
642.805
794.09
794.09
794.09
794.09
794.09
794.009
794.009
794.009
794.009
794.009
774.709
774.709
774.709
774.709
774.709
769.566
769.566
769.566
769.566
769.566
796.06
796.06
796.06
796.06
796.06
781.525
781.525
781.525
781.525
781.525
774.721
774.721
774.721
774.721
774.721
796.664
796.664
796.664
796.664
796.664
783.241
783.241
783.241
783.241
783.241
771.471
771.471
771.471
771.471
771.471
797.081
797.081
797.081
797.081
797.081
792.993
792.993
792.993
792.993
792.993
788.351
788.351
788.351
788.351
788.351
797.253
797.253
797.253
797.253
797.253
790.149
790.149
790.149
790.149
790.149
790.438
790.438
790.438
790.438
790.438
797.23
797.23
797.23
797.23
797.23
795.639
795.639
795.639
795.639
795.639
793.513
793.513
793.513
793.513
793.513
795.802
795.802
795.802
795.802
795.802
793.987
793.987
793.987
793.987
793.987
783.067
783.067
783.067
783.067
783.067
793.247
793.247
793.247
793.247
793.247
789.502
789.502
789.502
789.502
789.502
785.551
785.551
785.551
785.551
785.551
797.053
797.053
797.053
797.053
797.053
793.493
793.493
793.493
793.493
793.493
790.663
790.663
790.663
790.663
790.663
792.926
792.926
792.926
792.926
792.926
791.94
791.94
791.94
791.94
791.94
788.124
788.124
788.124
788.124
788.124
796.323
796.323
796.323
796.323
796.323
789.443
789.443
789.443
789.443
789.443
785.016
785.016
785.016
785.016
785.016
795.202
795.202
795.202
795.202
795.202
786.754
786.754
786.754
786.754
786.754
782.085
782.085
782.085
782.085
782.085
791.715
791.715
791.715
791.715
791.715
787.525
787.525
787.525
787.525
787.525
790.482
790.482
790.482
790.482
790.482
793.449
793.449
793.449
793.449
793.449
794.001
794.001
794.001
794.001
794.001
786.729
786.729
786.729
786.729
786.729
793.65
793.65
793.65
793.65
793.65
790.978
790.978
790.978
790.978
790.978
775.344
775.344
775.344
775.344
775.344
796.826
796.826
796.826
796.826
796.826
791.604
791.604
791.604
791.604
791.604
787.163
787.163
787.163
787.163
787.163
793.438
793.438
793.438
793.438
793.438
790.495
790.495
790.495
790.495
790.495
780.675
780.675
780.675
780.675
780.675
795.289
795.289
795.289
795.289
795.289
790.225
790.225
790.225
790.225
790.225
789.594
789.594
789.594
789.594
789.594
789.085
789.085
789.085
789.085
789.085
782.65
782.65
782.65
782.65
782.65
785.699
785.699
785.699
785.699
785.699
798.127
798.127
798.127
798.127
798.127
797.038
797.038
797.038
797.038
797.038
796.468
796.468
796.468
796.468
796.468
793.194
793.194
793.194
793.194
793.194
787.233
787.233
787.233
787.233
787.233
780.342
780.342
780.342
780.342
780.342
783.562
783.562
783.562
783.562
783.562
786.41
786.41
786.41
786.41
786.41
790.496
790.496
790.496
790.496
790.496
795.446
795.446
795.446
795.446
795.446
779.576
779.576
779.576
779.576
779.576
779.962
779.962
779.962
779.962
779.962
793.666
793.666
793.666
793.666
793.666
790.137
790.137
790.137
790.137
790.137
792.928
792.928
792.928
792.928
792.928
795.965
795.965
795.965
795.965
795.965
792.529
792.529
792.529
792.529
792.529
792.76
792.76
792.76
792.76
792.76
787.9
787.9
787.9
787.9
787.9
787.927
787.927
787.927
787.927
787.927
784.712
784.712
784.712
784.712
784.712
795.972
795.972
795.972
795.972
795.972
779.873
779.873
779.873
779.873
779.873
778.288
778.288
778.288
778.288
778.288
795.779
795.779
795.779
795.779
795.779
786.844
786.844
786.844
786.844
786.844
789.989
789.989
789.989
789.989
789.989
789.99
789.99
789.99
789.99
789.99
792.042
792.042
792.042
792.042
792.042
788.894
788.894
788.894
788.894
788.894
790.352
790.352
790.352
790.352
790.352
791.44
791.44
791.44
791.44
791.44
788.569
788.569
788.569
788.569
788.569
794.894
794.894
794.894
794.894
794.894
791.132
791.132
791.132
791.132
791.132
790.426
790.426
790.426
790.426
790.426
794.032
794.032
794.032
794.032
794.032
782.921
782.921
782.921
782.921
782.921
792.728
792.728
792.728
792.728
792.728
794.385
794.385
794.385
794.385
794.385
793.205
793.205
793.205
793.205
793.205
786.642
786.642
786.642
786.642
786.642
787.409
787.409
787.409
787.409
787.409
781.094
781.094
781.094
781.094
781.094
772.727
772.727
772.727
772.727
772.727
795.648
795.648
795.648
795.648
795.648
789.205
789.205
789.205
789.205
789.205
786.054
786.054
786.054
786.054
786.054
792.565
792.565
792.565
792.565
792.565
786.899
786.899
786.899
786.899
786.899
787.198
787.198
787.198
787.198
787.198
796.784
796.784
796.784
796.784
796.784
794.108
794.108
794.108
794.108
794.108
787.671
787.671
787.671
787.671
787.671
792.004
792.004
792.004
792.004
792.004
789.892
789.892
789.892
789.892
789.892
788.017
788.017
788.017
788.017
788.017
793.035
793.035
793.035
793.035
793.035
787.321
787.321
787.321
787.321
787.321
784.597
784.597
784.597
784.597
784.597
793.73
793.73
793.73
793.73
793.73
791.237
791.237
791.237
791.237
791.237
788.931
788.931
788.931
788.931
788.931
785.316
785.316
785.316
785.316
785.316
782.933
782.933
782.933
782.933
782.933
777.191
777.191
777.191
777.191
777.191
795.62
795.62
795.62
795.62
795.62
790.035
790.035
790.035
790.035
790.035
787.24
787.24
787.24
787.24
787.24
796.75
796.75
796.75
796.75
796.75
794.263
794.263
794.263
794.263
794.263
792.057
792.057
792.057
792.057
792.057
796.811
796.811
796.811
796.811
796.811
791.697
791.697
791.697
791.697
791.697
792.241
792.241
792.241
792.241
792.241
771.068
771.068
771.068
771.068
771.068
781.445
781.445
781.445
781.445
781.445
769.073
769.073
769.073
769.073
769.073
790.614
790.614
790.614
790.614
790.614
788.461
788.461
788.461
788.461
788.461
781.055
781.055
781.055
781.055
781.055
792.005
792.005
792.005
792.005
792.005
783.366
783.366
783.366
783.366
783.366
781.798
781.798
781.798
781.798
781.798
784.208
784.208
784.208
784.208
784.208
790.947
790.947
790.947
790.947
790.947
780.256
780.256
780.256
780.256
780.256
795.246
795.246
795.246
795.246
795.246
789.703
789.703
789.703
789.703
789.703
784.781
784.781
784.781
784.781
784.781
788.424
788.424
788.424
788.424
788.424
786.236
786.236
786.236
786.236
786.236
777.806
777.806
777.806
777.806
777.806
788.764
788.764
788.764
788.764
788.764
788.171
788.171
788.171
788.171
788.171
776.125
776.125
776.125
776.125
776.125
793.563
793.563
793.563
793.563
793.563
791.529
791.529
791.529
791.529
791.529
774.662
774.662
774.662
774.662
774.662
790
790
790
790
790
790.006
790.006
790.006
790.006
790.006
783.416
783.416
783.416
783.416
783.416
793.744
793.744
793.744
793.744
793.744
776.757
776.757
776.757
776.757
776.757
766.371
766.371
766.371
766.371
766.371
785.374
785.374
785.374
785.374
785.374
785.908
785.908
785.908
785.908
785.908
783.461
783.461
783.461
783.461
783.461
789.708
789.708
789.708
789.708
789.708
778.293
778.293
778.293
778.293
778.293
775.88
775.88
775.88
775.88
775.88
786.562
786.562
786.562
786.562
786.562
776.075
776.075
776.075
776.075
776.075
773.084
773.084
773.084
773.084
773.084
789.732
789.732
789.732
789.732
789.732
783.355
783.355
783.355
783.355
783.355
782.171
782.171
782.171
782.171
782.171
795.262
795.262
795.262
795.262
795.262
794.87
794.87
794.87
794.87
794.87
779.884
779.884
779.884
779.884
779.884
791.225
791.225
791.225
791.225
791.225
794.905
794.905
794.905
794.905
794.905
789.758
789.758
789.758
789.758
789.758
794.526
794.526
794.526
794.526
794.526
788.476
788.476
788.476
788.476
788.476
782.729
782.729
782.729
782.729
782.729
787.511
787.511
787.511
787.511
787.511
780.182
780.182
780.182
780.182
780.182
792.238
792.238
792.238
792.238
792.238
782.2
782.2
782.2
782.2
782.2
778.665
778.665
778.665
778.665
778.665
784.286
784.286
784.286
784.286
784.286
791.273
791.273
791.273
791.273
791.273
789.091
789.091
789.091
789.091
789.091
795.713
795.713
795.713
795.713
795.713
796.51
796.51
796.51
796.51
796.51
793.7
793.7
793.7
793.7
793.7
788.365
788.365
788.365
788.365
788.365
797.686
797.686
797.686
797.686
797.686
792.824
792.824
792.824
792.824
792.824
790.296
790.296
790.296
790.296
790.296
795.444
795.444
795.444
795.444
795.444
795.135
795.135
795.135
795.135
795.135
793.901
793.901
793.901
793.901
793.901
787.623
787.623
787.623
787.623
787.623
783.098
783.098
783.098
783.098
783.098
788.082
788.082
788.082
788.082
788.082
796.182
796.182
796.182
796.182
796.182
789.534
789.534
789.534
789.534
789.534
789.774
789.774
789.774
789.774
789.774
794.061
794.061
794.061
794.061
794.061
794.748
794.748
794.748
794.748
794.748
788.349
788.349
788.349
788.349
788.349
798.133
798.133
798.133
798.133
798.133
795.373
795.373
795.373
795.373
795.373
789.958
789.958
789.958
789.958
789.958
798.061
798.061
798.061
798.061
798.061
796.652
796.652
796.652
796.652
796.652
790.218
790.218
790.218
790.218
790.218
790.494
790.494
790.494
790.494
790.494
791.368
791.368
791.368
791.368
791.368
788.325
788.325
788.325
788.325
788.325
795.027
795.027
795.027
795.027
795.027
788.357
788.357
788.357
788.357
788.357
795.397
795.397
795.397
795.397
795.397
792.911
792.911
792.911
792.911
792.911
789.75
789.75
789.75
789.75
789.75
780.593
780.593
780.593
780.593
780.593
798.406
798.406
798.406
798.406
798.406
794.105
794.105
794.105
794.105
794.105
791.554
791.554
791.554
791.554
791.554
793.552
793.552
793.552
793.552
793.552
791.713
791.713
791.713
791.713
791.713
794.458
794.458
794.458
794.458
794.458
792.011
792.011
792.011
792.011
792.011
789.9
789.9
789.9
789.9
789.9
787.807
787.807
787.807
787.807
787.807
797.375
797.375
797.375
797.375
797.375
792.934
792.934
792.934
792.934
792.934
792.176
792.176
792.176
792.176
792.176
796.675
796.675
796.675
796.675
796.675
794.559
794.559
794.559
794.559
794.559
793.131
793.131
793.131
793.131
793.131
794.783
794.783
794.783
794.783
794.783
797.47
797.47
797.47
797.47
797.47
795.266
795.266
795.266
795.266
795.266
796.471
796.471
796.471
796.471
796.471
793.485
793.485
793.485
793.485
793.485
786.909
786.909
786.909
786.909
786.909
792.36
792.36
792.36
792.36
792.36
791.381
791.381
791.381
791.381
791.381
788.665
788.665
788.665
788.665
788.665
797.687
797.687
797.687
797.687
797.687
793.352
793.352
793.352
793.352
793.352
793.289
793.289
793.289
793.289
793.289
797.916
797.916
797.916
797.916
797.916
795.044
795.044
795.044
795.044
795.044
790.69
790.69
790.69
790.69
790.69
795.317
795.317
795.317
795.317
795.317
792.78
792.78
792.78
792.78
792.78
794.061
794.061
794.061
794.061
794.061
791.374
791.374
791.374
791.374
791.374
789.519
789.519
789.519
789.519
789.519
785.971
785.971
785.971
785.971
785.971
791.319
791.319
791.319
791.319
791.319
790.854
790.854
790.854
790.854
790.854
788.194
788.194
788.194
788.194
788.194
796.976
796.976
796.976
796.976
796.976
794.079
794.079
794.079
794.079
794.079
788.729
788.729
788.729
788.729
788.729
791.991
791.991
791.991
791.991
791.991
792.669
792.669
792.669
792.669
792.669
790.515
790.515
790.515
790.515
790.515
796.894
796.894
796.894
796.894
796.894
794.574
794.574
794.574
794.574
794.574
789.852
789.852
789.852
789.852
789.852
794.516
794.516
794.516
794.516
794.516
791.567
791.567
791.567
791.567
791.567
787.634
787.634
787.634
787.634
787.634
790.378
790.378
790.378
790.378
790.378
792.417
792.417
792.417
792.417
792.417
788.93
788.93
788.93
788.93
788.93
792.039
792.039
792.039
792.039
792.039
789.797
789.797
789.797
789.797
789.797
788.298
788.298
788.298
788.298
788.298
795.972
795.972
795.972
795.972
795.972
793.815
793.815
793.815
793.815
793.815
786.187
786.187
786.187
786.187
786.187
794.654
794.654
794.654
794.654
794.654
790.957
790.957
790.957
790.957
790.957
786.555
786.555
786.555
786.555
786.555
784.705
784.705
784.705
784.705
784.705
793.053
793.053
793.053
793.053
793.053
775.846
775.846
775.846
775.846
775.846
785.406
785.406
785.406
785.406
785.406
778.114
778.114
778.114
778.114
778.114
777.894
777.894
777.894
777.894
777.894
795.387
795.387
795.387
795.387
795.387
792.265
792.265
792.265
792.265
792.265
789.02
789.02
789.02
789.02
789.02
792.339
792.339
792.339
792.339
792.339
793.091
793.091
793.091
793.091
793.091
793.982
793.982
793.982
793.982
793.982
796.619
796.619
796.619
796.619
796.619
792.398
792.398
792.398
792.398
792.398
786.93
786.93
786.93
786.93
786.93
796.767
796.767
796.767
796.767
796.767
792.143
792.143
792.143
792.143
792.143
790.698
790.698
790.698
790.698
790.698
793.082
793.082
793.082
793.082
793.082
789.583
789.583
789.583
789.583
789.583
789.993
789.993
789.993
789.993
789.993
791.5
791.5
791.5
791.5
791.5
786.323
786.323
786.323
786.323
786.323
777.157
777.157
777.157
777.157
777.157
796.834
796.834
796.834
796.834
796.834
789.175
789.175
789.175
789.175
789.175
784.515
784.515
784.515
784.515
784.515
793.823
793.823
793.823
793.823
793.823
787.289
787.289
787.289
787.289
787.289
776.537
776.537
776.537
776.537
776.537
788.132
788.132
788.132
788.132
788.132
788.451
788.451
788.451
788.451
788.451
790.074
790.074
790.074
790.074
790.074
792.04
792.04
792.04
792.04
792.04
787.379
787.379
787.379
787.379
787.379
784.087
784.087
784.087
784.087
784.087
785.979
785.979
785.979
785.979
785.979
791.974
791.974
791.974
791.974
791.974
781.044
781.044
781.044
781.044
781.044
777.941
777.941
777.941
777.941
777.941
778.385
778.385
778.385
778.385
778.385
775.529
775.529
775.529
775.529
775.529
776.526
776.526
776.526
776.526
776.526
775.091
775.091
775.091
775.091
775.091
783.704
783.704
783.704
783.704
783.704
776.218
776.218
776.218
776.218
776.218
765.256
765.256
765.256
765.256
765.256
761.278
761.278
761.278
761.278
761.278
788.532
788.532
788.532
788.532
788.532
786.58
786.58
786.58
786.58
786.58
780.297
780.297
780.297
780.297
780.297
796.849
796.849
796.849
796.849
796.849
789.612
789.612
789.612
789.612
789.612
794.28
794.28
794.28
794.28
794.28
781.927
781.927
781.927
781.927
781.927
777.59
777.59
777.59
777.59
777.59
772.03
772.03
772.03
772.03
772.03
790.43
790.43
790.43
790.43
790.43
791.653
791.653
791.653
791.653
791.653
788.186
788.186
788.186
788.186
788.186
790.101
790.101
790.101
790.101
790.101
788.277
788.277
788.277
788.277
788.277
787.474
787.474
787.474
787.474
787.474
776.805
776.805
776.805
776.805
776.805
789.472
789.472
789.472
789.472
789.472
784.635
784.635
784.635
784.635
784.635
793.553
793.553
793.553
793.553
793.553
792.412
792.412
792.412
792.412
792.412
778.218
778.218
778.218
778.218
778.218
787.157
787.157
787.157
787.157
787.157
784.585
784.585
784.585
784.585
784.585
782.699
782.699
782.699
782.699
782.699
777.458
777.458
777.458
777.458
777.458
786.123
786.123
786.123
786.123
786.123
780.844
780.844
780.844
780.844
780.844
791.116
791.116
791.116
791.116
791.116
771.022
771.022
771.022
771.022
771.022
764.738
764.738
764.738
764.738
764.738
786.616
786.616
786.616
786.616
786.616
782.033
782.033
782.033
782.033
782.033
764.946
764.946
764.946
764.946
764.946
772.444
772.444
772.444
772.444
772.444
764.295
764.295
764.295
764.295
764.295
766.902
766.902
766.902
766.902
766.902
782.486
782.486
782.486
782.486
782.486
780.324
780.324
780.324
780.324
780.324
763.455
763.455
763.455
763.455
763.455
793.7
793.7
793.7
793.7
793.7
776.499
776.499
776.499
776.499
776.499
775.816
775.816
775.816
775.816
775.816
793.388
793.388
793.388
793.388
793.388
786.821
786.821
786.821
786.821
786.821
766.011
766.011
766.011
766.011
766.011
770.841
770.841
770.841
770.841
770.841
731.502
731.502
731.502
731.502
731.502
694.525
694.525
694.525
694.525
694.525
791.187
791.187
791.188
791.188
791.188
744.701
744.707
744.707
744.707
744.707
739.99
739.99
739.99
739.99
739.99
770.416
770.416
770.416
770.416
770.416
753.659
753.66
753.66
753.66
753.66
777.62
777.62
777.62
777.62
777.62
744.571
744.571
744.571
744.571
744.571
752.14
752.14
752.14
752.14
752.14
769.016
769.016
769.016
769.016
769.016
785.98
785.98
785.98
785.98
785.98
786.826
786.826
786.826
786.826
786.826
771.218
771.218
771.218
771.218
771.218
792.25
792.25
792.25
792.25
792.25
767.437
767.437
767.437
767.437
767.437
766.462
766.462
766.462
766.462
766.462
779.606
779.606
779.606
779.606
779.606
784.123
784.123
784.123
784.123
784.123
776.427
776.427
776.427
776.427
776.427
794.296
794.296
794.296
794.296
794.296
788.08
788.08
788.08
788.08
788.08
782.548
782.548
782.548
782.548
782.548
792.908
792.908
792.908
792.908
792.908
780.744
780.744
780.744
780.744
780.744
777.971
777.971
777.971
777.971
777.971
792.46
792.46
792.46
792.46
792.46
794.578
794.578
794.578
794.578
794.578
784.813
784.813
784.813
784.813
784.813
783.04
783.04
783.04
783.04
783.04
791.59
791.59
791.59
791.59
791.59
781.736
781.736
781.736
781.736
781.736
788.675
788.675
788.675
788.675
788.675
785.624
785.624
785.624
785.624
785.624
775.516
775.516
775.516
775.516
775.516
792.312
792.312
792.312
792.312
792.312
787.727
787.727
787.727
787.727
787.727
780.873
780.873
780.873
780.873
780.873
794.073
794.073
794.073
794.073
794.073
787.515
787.515
787.515
787.515
787.515
787.335
787.335
787.335
787.335
787.335
790.618
790.618
790.618
790.618
790.618
796.136
796.136
796.136
796.136
796.136
786.272
786.272
786.272
786.272
786.272
794.923
794.923
794.923
794.923
794.923
789.565
789.565
789.565
789.565
789.565
783.971
783.971
783.971
783.971
783.971
790.429
790.429
790.429
790.429
790.429
794.15
794.15
794.15
794.15
794.15
785.044
785.044
785.044
785.044
785.044
796.77
796.77
796.77
796.77
796.77
784.448
784.448
784.448
784.448
784.448
763.311
763.311
763.311
763.311
763.311
795.66
795.66
795.66
795.66
795.66
790.971
790.971
790.971
790.971
790.971
780.965
780.965
780.965
780.965
780.965
794.881
794.881
794.881
794.881
794.881
783.039
783.039
783.039
783.039
783.039
781.722
781.722
781.722
781.722
781.722
794.357
794.357
794.357
794.357
794.357
792.295
792.295
792.295
792.295
792.295
788.8
788.8
788.8
788.8
788.8
783.254
783.254
783.254
783.254
783.254
781.244
781.244
781.244
781.244
781.244
770.244
770.244
770.244
770.244
770.244
795.964
795.964
795.964
795.964
795.964
794.102
794.102
794.102
794.102
794.102
786.578
786.578
786.578
786.578
786.578
798.481
798.481
798.481
798.481
798.481
793.431
793.431
793.431
793.431
793.431
789.93
789.93
789.93
789.93
789.93
783.324
783.324
783.324
783.324
783.324
782.465
782.465
782.465
782.465
782.465
783.14
783.14
783.14
783.14
783.14
796.879
796.879
796.879
796.879
796.879
792.579
792.579
792.579
792.579
792.579
785.633
785.633
785.633
785.633
785.633
795.812
795.812
795.812
795.812
795.812
792.399
792.399
792.399
792.399
792.399
788.753
788.753
788.753
788.753
788.753
792.259
792.259
792.259
792.259
792.259
788.37
788.37
788.37
788.37
788.37
784.808
784.808
784.808
784.808
784.808
793.939
793.939
793.939
793.939
793.939
778.168
778.168
778.168
778.168
778.168
786.264
786.264
786.264
786.264
786.264
787.284
787.284
787.284
787.284
787.284
791.055
791.055
791.055
791.055
791.055
789.517
789.517
789.517
789.517
789.517
792.655
792.655
792.655
792.655
792.655
794.049
794.049
794.049
794.049
794.049
789.029
789.029
789.029
789.029
789.029
795.26
795.26
795.26
795.26
795.26
790.428
790.428
790.428
790.428
790.428
786.729
786.729
786.729
786.729
786.729
792.234
792.234
792.234
792.234
792.234
779.086
779.086
779.086
779.086
779.086
779.488
779.488
779.488
779.488
779.488
794.381
794.381
794.381
794.381
794.381
793.044
793.044
793.044
793.044
793.044
789.575
789.575
789.575
789.575
789.575
792.538
792.538
792.538
792.538
792.538
791.495
791.495
791.495
791.495
791.495
780.316
780.316
780.316
780.316
780.316
795.536
795.536
795.536
795.536
795.536
787.885
787.885
787.885
787.885
787.885
787.057
787.057
787.057
787.057
787.057
793.77
793.77
793.77
793.77
793.77
792.307
792.307
792.307
792.307
792.307
782.081
782.081
782.081
782.081
782.081
798.083
798.083
798.083
798.083
798.083
793.428
793.428
793.428
793.428
793.428
780.693
780.693
780.693
780.693
780.693
795.445
795.445
795.445
795.445
795.445
795.286
795.286
795.286
795.286
795.286
791.754
791.754
791.754
791.754
791.754
790.825
790.825
790.825
790.825
790.825
792.879
792.879
792.879
792.879
792.879
790.729
790.729
790.729
790.729
790.729
794.069
794.069
794.069
794.069
794.069
789.032
789.032
789.032
789.032
789.032
790.468
790.468
790.468
790.468
790.468
793.897
793.897
793.897
793.897
793.897
792.755
792.755
792.755
792.755
792.755
786.797
786.797
786.797
786.797
786.797
794.86
794.86
794.86
794.86
794.86
795.15
795.15
795.15
795.15
795.15
789.026
789.026
789.026
789.026
789.026
796.715
796.715
796.715
796.715
796.715
794.773
794.773
794.773
794.773
794.773
789.244
789.244
789.244
789.244
789.244
797.103
797.103
797.103
797.103
797.103
788.851
788.851
788.851
788.851
788.851
788.361
788.361
788.361
788.361
788.361
796.731
796.731
796.731
796.731
796.731
790.178
790.178
790.178
790.178
790.178
775.74
775.74
775.74
775.74
775.74
796.25
796.25
796.25
796.25
796.25
787.02
787.02
787.02
787.02
787.02
780.746
780.746
780.746
780.746
780.746
795.354
795.354
795.354
795.354
795.354
794.025
794.025
794.025
794.025
794.025
778.988
778.988
778.988
778.988
778.988
794.918
794.918
794.918
794.918
794.918
782.389
782.389
782.389
782.389
782.389
766.531
766.531
766.531
766.531
766.531
773.925
773.925
773.925
773.925
773.925
786.761
786.761
786.761
786.761
786.761
782.666
782.666
782.666
782.666
782.666
785.043
785.043
785.043
785.043
785.043
783.977
783.977
783.977
783.977
783.977
744.229
744.229
744.229
744.229
744.229
791.07
791.07
791.07
791.07
791.07
783.522
783.522
783.522
783.522
783.522
782.957
782.957
782.957
782.957
782.957
787.564
787.564
787.564
787.564
787.564
779.59
779.59
779.59
779.59
779.59
773.914
773.914
773.914
773.914
773.914
783.743
783.743
783.743
783.743
783.743
778.883
778.883
778.883
778.883
778.883
775.227
775.227
775.227
775.227
775.227
779.125
779.125
779.125
779.125
779.125
789.35
789.35
789.35
789.35
789.35
754.935
754.935
754.935
754.935
754.935
779.344
779.344
779.344
779.344
779.344
777.438
777.438
777.438
777.438
777.438
783.782
783.782
783.782
783.782
783.782
788.938
788.938
788.938
788.938
788.938
783.471
783.471
783.471
783.471
783.471
763.56
763.56
763.56
763.56
763.56
792.501
792.501
792.501
792.501
792.501
788.267
788.267
788.267
788.267
788.267
789.543
789.543
789.543
789.543
789.543
790.838
790.838
790.838
790.838
790.838
791.139
791.139
791.139
791.139
791.139
793.571
793.571
793.571
793.571
793.571
795.024
795.024
795.024
795.024
795.024
788.682
788.682
788.682
788.682
788.682
793.139
793.139
793.139
793.139
793.139
796.081
796.081
796.081
796.081
796.081
786.331
786.331
786.331
786.331
786.331
790.204
790.204
790.204
790.204
790.204
795.06
795.06
795.06
795.06
795.06
790.294
790.294
790.294
790.294
790.294
783.447
783.447
783.447
783.447
783.447
796.31
796.31
796.31
796.31
796.31
792.66
792.66
792.66
792.66
792.66
774.012
774.012
774.012
774.012
774.012
778.922
778.922
778.922
778.922
778.922
772.763
772.763
772.763
772.763
772.763
771.46
771.46
771.46
771.46
771.46
795.082
795.082
795.082
795.082
795.082
788.057
788.057
788.057
788.057
788.057
788.791
788.791
788.791
788.791
788.791
791.403
791.403
791.403
791.403
791.403
788.872
788.872
788.872
788.872
788.872
783.613
783.613
783.613
783.613
783.613
793.478
793.478
793.478
793.478
793.478
793.128
793.128
793.128
793.128
793.128
786.05
786.05
786.05
786.05
786.05
794.125
794.125
794.125
794.125
794.125
788.972
788.972
788.972
788.972
788.972
791.342
791.342
791.342
791.342
791.342
794.503
794.503
794.503
794.503
794.503
792.011
792.011
792.011
792.011
792.011
792.427
792.427
792.427
792.427
792.427
793.407
793.407
793.407
793.407
793.407
789.095
789.095
789.095
789.095
789.095
786.535
786.535
786.535
786.535
786.535
783.841
783.841
783.841
783.841
783.841
790.423
790.423
790.423
790.423
790.423
777.307
777.307
777.307
777.307
777.307
795.492
795.492
795.492
795.492
795.492
784.61
784.61
784.61
784.61
784.61
775.953
775.953
775.953
775.953
775.953
793.532
793.532
793.532
793.532
793.532
791.67
791.67
791.67
791.67
791.67
791.005
791.005
791.005
791.005
791.005
797.994
797.994
797.994
797.994
797.994
791.501
791.501
791.501
791.501
791.501
792.494
792.494
792.494
792.494
792.494
795.936
795.936
795.936
795.936
795.936
794.253
794.253
794.253
794.253
794.253
790.408
790.408
790.408
790.408
790.408
797.354
797.354
797.354
797.354
797.354
795.309
795.309
795.309
795.309
795.309
792.016
792.016
792.016
792.016
792.016
796.396
796.396
796.396
796.396
796.396
793.823
793.823
793.823
793.823
793.823
788.542
788.542
788.542
788.542
788.542
796.027
796.027
796.027
796.027
796.027
793.07
793.07
793.07
793.07
793.07
787.821
787.821
787.821
787.821
787.821
798.22
798.22
798.22
798.22
798.22
797.02
797.02
797.02
797.02
797.02
795.635
795.635
795.635
795.635
795.635
798.151
798.151
798.151
798.151
798.151
793.849
793.849
793.849
793.849
793.849
790.567
790.567
790.567
790.567
790.567
798.138
798.138
798.138
798.138
798.138
794.569
794.569
794.569
794.569
794.569
792.899
792.899
792.899
792.899
792.899
795.266
795.266
795.266
795.266
795.266
794.427
794.427
794.427
794.427
794.427
792.88
792.88
792.88
792.88
792.88
0
