0
0
0
0
682.58
682.58
682.58
682.58
682.58
526.214
526.214
526.214
526.214
526.214
718.187
718.187
718.187
718.187
718.187
598.84
598.84
598.84
598.84
598.84
419.916
419.916
419.916
419.916
419.916
520.929
520.929
520.929
520.929
520.929
332.821
332.821
332.821
332.821
332.821
765.273
765.273
765.273
765.273
765.273
645.622
645.622
645.622
645.622
645.622
574.507
574.507
574.507
574.507
574.507
578.385
578.385
578.385
578.385
578.385
692.744
692.744
692.744
692.744
692.744
488.493
488.493
488.493
488.493
488.493
690.522
690.522
690.522
690.522
690.522
586.565
586.565
586.565
586.565
586.565
630.125
630.125
630.125
630.125
630.125
537.659
537.659
537.659
537.659
537.659
703.845
703.845
703.845
703.845
703.845
285.375
285.375
285.375
285.375
285.375
713.019
713.019
713.018
713.018
713.018
548.929
548.929
548.929
548.929
548.929
716.945
716.945
716.945
716.945
716.945
324.181
324.181
324.181
324.181
345.862
534.172
534.172
534.172
534.172
534.172
772.601
772.601
772.601
772.601
772.601
712.831
712.831
712.831
712.831
712.831
761.496
761.496
761.496
761.496
761.496
403.479
403.479
403.479
403.479
403.479
541.733
541.733
541.733
541.733
541.733
705.785
705.785
705.785
705.785
705.785
684.229
684.229
684.229
684.229
684.229
422.37
422.37
422.37
422.37
422.37
527.859
527.859
527.859
527.859
527.859
560.945
560.945
560.945
560.945
560.945
454.701
454.701
454.701
454.701
454.701
720.566
720.566
720.566
720.566
720.566
409.714
409.714
409.714
409.714
409.714
655.926
655.926
655.926
655.926
655.926
663.458
663.458
663.458
663.458
663.458
599.707
599.707
599.707
599.707
599.707
625.656
625.656
625.656
625.656
625.656
346.208
346.208
346.208
346.208
346.208
578.242
578.242
578.242
578.242
578.242
738.264
738.264
738.264
738.264
738.264
494.391
494.391
494.391
494.391
494.391
740.078
740.078
740.078
740.078
740.078
748.431
748.431
748.431
748.431
748.431
710.586
710.586
710.586
710.586
710.586
428.7
428.7
428.7
428.7
428.7
282.604
282.604
282.604
282.604
282.604
673.688
673.688
673.688
673.688
673.688
728.407
728.407
728.407
728.407
728.407
511.63
511.63
511.63
511.63
511.63
570.854
570.854
570.854
570.854
570.854
585.797
585.797
585.797
585.797
585.797
667
667
667
667
667
568.455
568.455
568.455
568.455
568.455
464.615
464.615
464.615
464.615
464.615
583.757
583.757
583.757
583.757
583.757
675.016
675.016
675.016
675.016
675.016
740.623
740.623
740.623
740.623
740.623
600.92
600.92
600.92
600.92
600.92
695.453
695.453
695.453
695.453
695.453
766.79
766.79
768.58
768.58
768.58
551.339
551.339
551.339
551.339
551.339
649.332
649.332
649.332
649.332
649.332
736.517
736.517
736.517
736.517
736.517
740.788
740.788
740.788
740.788
740.788
507.734
507.734
507.734
507.734
507.734
621.491
621.491
621.491
621.491
621.491
718.953
718.953
718.953
718.953
718.953
592.57
592.57
592.57
592.57
592.57
466.869
466.869
466.869
466.869
466.869
513.007
513.007
513.007
513.007
513.007
532.88
532.88
532.88
532.88
532.88
679.688
679.688
679.688
679.688
679.688
652.465
652.465
652.465
652.465
652.465
297.458
297.458
297.458
297.458
297.458
251.058
251.058
251.058
251.058
251.058
341.391
341.391
341.391
341.391
341.391
464.317
464.317
464.317
464.317
464.317
329.53
329.53
329.53
329.53
329.53
579.375
579.375
579.375
579.375
579.375
687.556
687.556
687.556
687.556
687.556
702.919
702.919
702.919
702.919
702.919
635.711
635.711
635.711
635.711
635.711
562.886
562.886
562.886
562.886
562.886
545.15
545.15
545.15
545.15
545.15
732.884
732.884
732.884
732.884
732.884
509.563
509.563
509.563
509.563
509.563
480.063
480.063
480.063
480.063
480.063
689.102
689.102
689.102
689.102
689.102
719.206
719.235
719.235
719.235
719.235
449.102
449.102
449.102
449.102
449.102
712.75
712.75
712.75
712.75
712.75
495.787
495.787
495.787
495.787
495.787
533.223
533.223
533.223
533.223
533.223
698.413
698.413
698.413
698.413
698.413
565.203
565.203
565.203
565.203
565.203
493.438
493.438
493.438
493.438
493.438
610.221
610.221
610.221
610.221
610.221
432.273
432.273
432.273
432.273
432.273
462.049
462.049
462.049
462.049
462.049
513.109
513.109
513.109
513.109
513.109
521.288
521.288
521.288
521.288
521.288
575.495
575.495
575.495
575.495
575.495
516.5
516.5
516.5
516.5
516.5
506.141
506.141
506.141
506.141
506.141
398.766
398.766
398.766
398.766
398.766
618.094
618.094
618.094
618.094
618.094
326.469
326.469
326.469
326.469
326.469
404.462
404.462
404.462
404.462
404.462
603.613
603.613
603.613
603.613
603.613
386.735
386.735
386.735
386.735
386.735
573.07
573.07
573.07
573.07
573.07
381.11
381.11
381.11
381.11
381.11
232.243
232.243
232.243
232.243
232.243
526.2
526.2
526.2
526.2
526.2
747.232
747.232
746.964
746.964
746.964
667.972
667.972
667.972
667.972
667.972
520.082
520.082
520.082
520.082
520.082
290.977
290.977
290.977
290.977
290.977
535.794
535.794
535.794
535.794
535.794
558.953
558.953
558.953
558.953
558.953
572.313
572.313
572.313
572.313
572.313
593.636
593.636
593.636
593.636
593.636
578.104
578.104
578.104
578.104
578.104
672.8
672.8
672.8
672.8
672.8
517.757
517.757
517.757
517.757
517.757
661.673
661.673
661.673
661.673
661.673
422.727
422.727
422.727
422.727
422.727
379.621
379.621
379.621
379.621
379.621
217.593
217.593
217.593
217.593
217.593
594.294
594.294
594.294
594.294
594.294
620.361
620.361
620.361
620.361
620.361
426.434
426.434
426.434
426.434
426.434
628.994
628.994
628.994
628.994
628.994
397.852
397.852
397.852
397.852
397.852
724.964
724.964
724.964
724.964
724.964
497.045
497.045
497.045
497.045
497.045
440.332
440.332
440.332
440.332
440.332
529.332
529.332
529.332
529.332
529.332
634.273
634.273
634.273
634.273
634.273
555.819
555.819
555.819
555.819
555.819
648.556
648.556
648.556
648.556
648.556
566.289
566.289
566.289
566.289
566.289
548.198
548.198
548.198
548.198
548.198
327.944
327.944
327.944
327.944
327.944
593.406
593.406
593.406
593.406
593.406
532.628
532.628
532.628
532.628
532.628
609.038
609.038
609.038
609.038
609.038
590.225
590.225
590.225
590.225
590.225
456.984
456.984
456.984
456.984
456.984
459.727
459.727
459.727
459.727
459.727
379.324
379.324
379.324
379.324
379.324
751.799
751.799
751.799
751.799
751.799
592.535
592.535
592.535
592.535
592.535
589.451
589.451
589.451
589.451
589.451
682.839
682.839
682.839
682.839
682.839
758.551
758.551
758.551
758.551
758.551
758.506
758.506
758.506
758.506
758.506
779.466
779.466
779.466
779.466
779.466
747.674
747.674
747.674
747.674
747.674
706.293
706.293
706.293
706.293
706.293
754.174
754.174
754.174
754.174
754.174
555.116
555.116
555.116
555.116
555.116
393.965
393.965
393.965
393.965
393.965
777.307
777.307
777.307
777.307
777.307
647.564
647.564
647.564
647.564
647.564
476.242
476.242
476.242
476.242
476.242
576.203
576.203
576.203
576.203
576.203
524.961
524.961
524.961
524.961
524.961
550.181
550.181
550.181
550.181
550.181
696.321
696.321
696.321
696.321
696.321
546.597
546.597
546.597
546.597
546.597
748.106
748.106
748.106
748.106
748.106
730.346
730.346
730.346
730.346
730.346
323.507
323.507
323.507
323.507
323.507
700.586
700.586
700.586
700.586
700.586
383.057
383.057
383.057
383.057
383.057
462.534
462.521
462.521
462.521
462.521
437.376
437.376
437.376
437.376
437.376
599.12
599.12
599.12
611.24
611.24
502.275
502.275
502.275
502.275
502.275
578.128
578.128
578.128
578.128
578.128
561.866
561.866
561.866
561.866
561.866
513.377
513.377
513.377
513.377
513.377
689.938
689.938
689.938
689.938
689.938
352
352
352
352
352
506.172
506.172
506.172
506.172
506.172
582.34
582.34
582.34
582.34
582.34
393.215
393.215
393.215
393.215
393.215
639.902
639.902
639.902
639.902
639.902
665.837
665.837
665.837
665.837
665.837
509.264
509.264
509.264
509.264
509.264
411.875
411.875
411.875
411.875
411.875
491.814
491.814
491.814
491.814
491.814
677.205
677.205
677.205
677.205
677.205
636.511
636.511
636.511
636.511
636.511
363.01
363.01
363.01
363.01
363.01
680.261
680.261
680.261
680.261
680.261
661.63
661.63
661.63
661.63
661.63
762.211
762.211
762.211
762.211
762.211
571.254
571.254
571.254
571.254
571.254
628
628
628
628
628
363.09
363.09
363.09
363.09
363.09
557.015
557.015
557.015
557.015
557.015
480.256
480.256
480.256
480.256
480.256
561.951
561.951
561.951
561.951
561.951
537.343
537.343
537.343
537.343
537.343
705.988
705.988
705.988
705.988
705.988
504.034
504.034
504.034
504.034
504.034
585.328
585.328
585.328
585.328
585.328
606.209
606.209
606.209
606.209
606.209
398.637
398.637
398.637
398.637
398.637
508.985
508.985
508.985
508.985
508.985
502.541
502.541
502.541
502.541
502.541
501.94
501.94
501.94
501.94
501.94
448.085
448.085
448.085
448.085
448.085
332.883
332.883
332.883
332.883
332.883
487.137
487.137
487.137
487.137
487.137
448.391
448.391
448.391
448.391
448.391
476
476
476
476
476
560.577
560.577
560.577
560.577
560.577
626.733
626.733
626.733
626.733
626.733
411.25
411.25
411.25
411.25
411.25
619.105
619.105
619.105
619.105
619.105
347.869
347.869
347.869
347.869
347.869
539.121
539.121
539.121
539.121
539.121
650.689
650.689
650.689
650.689
650.689
567.014
567.014
567.014
567.014
567.014
737.33
737.33
737.33
737.33
737.33
402.953
402.953
402.953
402.953
402.953
362.603
362.603
362.603
362.603
362.603
410.645
410.645
410.645
410.645
410.645
389.297
389.297
389.297
389.297
389.297
157.555
157.555
157.555
157.555
157.555
291.68
291.68
291.68
291.68
291.68
663.279
663.279
663.279
663.279
663.279
692
692
692
692
692
409.951
409.951
409.951
409.951
409.951
451.772
451.772
451.772
451.772
451.772
197.107
197.107
197.107
197.107
197.107
585.557
585.557
585.557
585.557
585.557
514.02
514.02
514.02
514.02
514.02
579.725
579.725
579.725
579.725
579.725
411.167
411.167
411.167
411.167
411.167
385.204
385.204
385.204
385.204
385.204
788.549
788.549
788.549
788.549
788.549
745.034
745.021
745.021
745.021
745.021
706.355
706.355
706.355
706.355
706.355
667.751
667.751
667.751
667.751
667.751
694.272
694.272
694.272
694.272
694.272
668.735
668.735
668.735
668.735
668.735
209.191
209.191
209.191
209.191
209.191
646.673
646.673
646.673
646.673
646.673
747.149
747.149
747.149
747.149
747.149
569.602
569.602
569.602
569.602
569.602
635.315
635.315
635.315
635.315
635.315
353.813
353.813
353.813
353.813
353.813
653.286
653.286
653.286
653.286
653.286
609.131
609.131
609.131
609.131
609.131
658.959
658.959
658.959
658.959
658.959
591.844
591.844
591.844
591.844
591.844
573.387
573.387
573.387
573.387
573.387
637.795
637.795
637.795
637.795
637.795
754.206
754.206
754.206
754.206
754.206
745.547
745.547
745.547
745.547
745.547
746.599
746.599
746.599
746.599
746.599
769.923
769.923
769.923
769.923
769.923
650.362
650.362
650.362
650.362
650.362
593.315
593.315
593.315
593.315
593.315
443.542
443.542
443.542
443.542
443.542
662.215
662.215
662.215
662.215
662.215
725.563
725.563
725.563
725.563
725.563
565.108
565.108
565.108
565.108
565.108
313.311
313.311
313.311
313.311
313.311
515.419
515.419
515.419
515.419
515.419
269.529
269.529
269.529
269.529
269.529
631.407
631.407
631.407
631.407
631.407
498.409
498.409
498.409
498.409
498.409
433.01
433.01
433.01
433.01
433.01
204.739
204.739
204.739
204.739
204.739
184.68
184.68
184.68
184.68
184.68
637.166
637.166
637.166
637.166
637.166
356.045
356.045
356.045
356.045
356.045
639.994
639.994
639.994
639.994
639.994
722.473
722.473
722.473
722.473
722.473
304.39
304.39
304.39
304.39
304.39
506.61
506.61
506.61
506.61
506.61
367.344
367.344
367.344
367.344
367.344
517.703
517.703
517.703
517.703
517.703
431.12
431.12
431.12
431.12
431.12
482.494
482.494
482.494
482.494
482.494
496.847
496.847
496.847
496.847
496.847
512.471
512.471
512.471
512.471
512.471
772.056
772.056
772.056
772.056
772.056
536.567
536.567
536.567
536.567
536.567
363.951
363.951
363.951
363.951
363.951
472.719
472.719
472.719
472.719
472.719
648.148
648.148
648.148
648.148
648.148
647.678
647.678
647.678
647.678
647.678
558.031
558.031
558.031
558.031
558.031
580.547
580.547
580.547
580.547
580.547
464.039
464.039
464.039
464.039
464.039
643.32
643.32
643.32
643.32
643.32
580.59
580.59
580.59
580.59
580.59
344.717
344.717
344.717
344.717
344.717
567.609
567.609
567.609
567.609
567.609
453.75
453.75
453.75
453.75
453.75
559.266
559.266
559.266
559.266
559.266
512.709
506.919
506.919
506.919
506.919
444.171
444.171
444.171
444.171
444.171
527.724
527.724
527.724
527.724
527.724
343.866
343.866
343.866
343.866
343.866
771.763
771.763
771.763
771.763
771.763
736.637
736.836
736.836
736.836
736.836
706.094
706.094
706.094
706.094
706.094
760.643
760.643
760.643
760.643
760.643
511.897
511.897
511.897
511.897
511.897
791.558
791.558
791.558
791.558
791.558
787.014
787.014
787.014
787.014
787.014
721.755
721.755
721.755
721.755
721.755
765.098
765.098
765.098
765.098
765.098
380.653
380.653
380.653
380.653
380.653
589.824
589.824
589.824
589.824
589.824
598.217
598.217
598.217
598.217
598.217
362.769
362.769
362.769
362.769
362.769
522.02
522.02
522.02
522.02
522.02
576.999
576.999
576.999
576.999
576.999
565.191
565.191
565.191
565.191
565.191
710.17
710.17
710.17
710.17
710.17
619.96
619.96
619.96
619.96
619.96
615.926
615.926
615.926
615.926
615.926
520.848
520.848
520.848
520.848
520.848
334.835
334.835
334.835
334.835
334.835
535.829
535.829
535.665
535.665
535.665
544.219
544.219
544.219
544.219
544.219
484.773
484.773
484.773
484.773
484.773
639.223
639.223
639.223
639.223
639.223
586.594
586.594
586.594
586.594
586.594
386.202
386.202
386.202
386.202
386.202
680.359
680.359
680.359
680.359
680.359
402.936
402.936
402.936
402.936
402.936
421.015
421.015
421.015
421.015
421.015
594.237
594.237
594.237
594.237
594.237
270
270
270
270
270
482.156
482.156
482.156
482.156
482.156
676.344
676.344
676.344
676.344
676.344
631.408
631.408
631.408
631.408
631.408
425.127
425.127
425.127
425.127
425.127
486.928
486.928
486.928
486.928
486.928
595.077
595.077
595.077
595.077
595.077
657.188
657.188
657.188
657.188
657.188
414.228
414.228
414.228
414.228
414.228
450.326
450.326
450.326
450.326
450.326
492.261
492.261
492.261
492.261
492.261
481
481
481
481
481
608.123
608.123
608.123
608.123
608.123
694.626
694.626
694.626
694.626
694.626
444.547
444.547
444.547
444.547
444.547
630
630
630
630
630
370.415
370.415
370.415
370.415
370.415
194.582
194.582
194.582
194.582
194.582
666.138
666.138
666.138
666.138
666.138
520.214
520.214
520.214
520.214
520.214
354.609
354.609
354.609
354.609
354.609
342.85
342.85
342.85
342.85
342.85
550.309
550.309
550.309
550.309
550.309
561.961
561.961
561.961
561.961
561.961
401.352
401.357
401.357
401.357
401.357
274.806
274.806
274.806
274.806
274.806
410.18
410.18
410.18
410.18
410.18
277.557
277.557
277.557
277.557
277.557
600.83
600.83
600.83
600.83
600.83
622.712
622.712
622.712
622.712
622.712
611.136
611.136
611.136
611.136
611.136
654.875
654.875
654.875
654.875
654.875
555.289
555.289
555.289
555.289
555.289
632.469
632.469
632.469
632.469
632.469
499.887
499.887
499.887
499.887
499.887
410.938
410.938
410.938
410.938
410.938
478
478
478
478
478
712.481
712.481
712.481
712.481
712.481
500.546
500.546
500.546
500.546
500.546
663.141
663.141
663.141
663.141
663.141
766.417
766.417
766.417
766.417
766.417
733.7
733.7
733.7
733.7
733.7
514.798
514.798
514.798
514.798
514.798
495.15
495.15
495.15
495.15
495.15
711.194
711.194
711.194
711.194
711.194
745.681
745.681
745.681
745.681
745.681
700.164
700.164
700.164
700.164
700.164
433.221
433.221
433.221
433.221
433.221
617.707
617.707
617.707
617.707
617.707
431.85
431.85
431.85
431.85
431.85
684.952
684.952
684.952
684.952
684.952
742.176
742.176
742.176
742.176
742.176
788.747
788.747
788.747
788.747
788.747
746.259
746.259
746.259
746.259
746.259
723.239
723.239
723.239
723.239
723.239
547.319
547.319
547.319
547.319
547.319
694.849
694.849
694.849
694.849
694.849
723.645
723.645
723.645
723.645
723.645
496.116
496.116
496.116
496.116
496.116
574.935
574.935
574.935
574.935
574.935
539.848
539.848
539.848
539.848
539.848
734.851
734.851
734.851
734.851
734.851
485.5
485.5
485.5
485.5
485.5
663.377
663.215
663.215
663.215
663.215
730.236
730.236
730.236
730.236
730.236
765.336
765.336
765.336
765.336
765.336
370.752
370.752
370.752
370.752
370.752
521.405
521.405
521.405
521.405
521.405
421.75
421.75
421.75
421.75
421.75
514.445
514.445
514.445
514.445
514.445
562.169
562.169
562.169
562.169
562.169
406.009
406.009
406.009
406.009
406.009
754.441
754.441
754.441
754.441
754.441
748.782
748.782
748.782
748.782
748.782
766.495
766.495
766.495
766.495
766.495
580.012
580.012
580.012
580.012
580.012
603.188
603.188
603.188
603.188
603.188
528
528
528
528
528
667.829
667.829
667.829
667.829
667.829
349.122
349.122
349.122
349.122
349.122
526.815
526.815
526.815
526.815
526.815
456.25
456.25
456.25
456.25
456.25
577.204
577.204
577.204
577.204
577.204
706.779
706.779
706.779
706.779
706.779
735.558
735.558
735.558
735.558
735.558
700.562
700.562
700.562
700.562
700.562
578.526
578.526
578.526
578.526
578.526
465.869
465.869
465.869
465.869
465.869
597.874
597.874
597.874
597.874
597.874
417.731
417.731
417.731
417.731
417.731
620.557
620.557
620.557
620.557
620.557
461.389
461.389
461.389
461.389
461.389
570.302
570.302
570.302
570.302
570.302
719.063
719.063
719.063
719.063
719.063
467.063
467.063
467.063
467.063
467.063
497
497
497
497
497
734.268
734.268
734.268
734.268
734.268
739.47
739.47
739.47
739.47
739.47
692.056
692.056
692.056
692.056
692.056
705.247
705.247
705.247
705.247
705.247
482.885
482.885
482.885
482.885
482.885
724.229
724.229
724.229
724.229
724.229
573.703
573.703
573.703
573.703
573.703
563.544
563.544
563.544
563.544
563.544
529.992
529.992
529.992
529.992
529.992
707.013
707.013
707.013
707.013
707.013
686.865
686.865
686.865
686.865
686.865
593.904
593.904
593.904
593.904
593.904
445.913
445.913
445.913
445.913
445.913
564.553
564.553
564.553
564.553
564.553
507.844
507.844
507.844
507.844
507.844
513.032
513.032
513.032
513.032
513.032
495.814
495.814
495.814
495.814
495.814
215.374
215.374
215.374
215.374
215.374
563.88
563.88
563.88
563.88
563.88
469.332
469.332
469.332
469.332
469.332
627.916
627.916
627.916
627.916
627.916
252.053
252.053
252.053
252.053
252.053
434.026
434.026
434.026
434.026
434.026
515.117
515.117
515.117
515.117
515.117
504.71
504.71
504.71
504.71
504.71
577.914
577.914
577.914
577.914
577.914
475.25
475.25
475.25
475.25
475.25
570.296
570.296
570.296
570.296
570.296
457.417
457.417
457.417
457.417
457.417
280.25
280.25
280.25
280.25
280.25
193.992
193.992
193.992
193.992
193.992
736.297
736.297
736.297
736.297
736.297
513.6
513.6
513.6
513.6
513.6
595.262
592.649
592.649
592.649
592.649
531.938
531.938
531.938
531.938
531.938
438.199
438.199
438.199
438.199
438.199
317.158
317.158
317.158
317.158
317.158
402.32
402.32
402.32
402.32
402.32
508.438
508.438
508.438
508.438
508.438
375.66
375.66
375.66
375.66
375.66
588.915
588.915
588.915
588.915
588.915
498.891
498.891
498.891
498.891
498.891
524.875
524.875
524.875
524.875
524.875
772.787
772.787
772.787
772.787
772.787
750.024
750.024
750.024
750.024
750.024
778.934
778.934
778.934
778.934
778.934
758.58
758.58
758.58
758.58
758.58
597.911
597.911
597.911
597.911
597.911
359.183
359.183
359.183
359.183
359.183
442.496
442.496
442.496
442.496
442.496
282.49
282.49
282.49
282.49
282.49
443.209
443.209
443.209
443.209
443.209
367.859
367.859
367.859
367.859
367.859
535.625
535.625
535.625
535.625
535.625
152.134
152.134
152.134
152.134
152.134
499.897
499.897
499.897
499.897
499.897
313.25
313.25
313.25
313.25
313.25
763.394
763.394
763.394
763.394
763.394
487.42
487.42
487.42
487.42
487.42
475.49
475.49
475.49
475.49
475.49
696.208
696.208
696.208
696.208
696.208
765.492
765.492
765.492
765.492
765.492
541.748
541.748
541.748
541.748
541.748
498.93
498.93
498.93
498.93
498.93
555.885
555.885
555.885
555.885
555.885
459.879
459.879
459.879
459.879
459.879
703.503
703.503
703.503
703.503
703.503
721.596
721.596
721.596
721.596
721.596
667.535
667.535
667.535
667.535
667.535
697.134
697.134
697.134
697.134
697.134
571.333
571.333
571.333
571.333
571.333
463.93
463.93
463.93
463.93
463.93
680.961
680.961
680.961
680.961
680.961
413.488
413.488
413.488
413.488
413.488
548.494
548.494
548.494
548.494
548.494
635.609
635.609
635.609
635.609
635.609
630.647
630.647
630.647
630.647
630.647
606.032
606.032
606.032
606.032
606.032
680.653
680.653
680.653
680.653
680.653
718.894
718.894
718.894
718.894
718.894
653.467
653.467
653.467
653.467
653.467
331.863
335.163
335.163
335.163
335.163
379.302
379.302
379.302
379.302
379.302
471.545
471.545
471.545
471.545
471.545
543.906
543.906
543.906
543.906
543.906
428.984
428.984
428.984
428.984
428.984
569.435
569.435
569.435
569.435
569.435
655.074
655.074
655.074
655.074
655.074
308.678
308.678
308.678
308.678
308.678
572.004
572.004
572.004
572.004
572.004
364.382
364.382
364.382
364.382
364.382
435.955
435.955
435.955
435.955
435.955
689.246
689.246
689.246
689.246
689.246
534.878
534.878
534.878
534.878
534.878
722.285
722.285
722.285
722.285
722.285
665.73
665.73
665.73
665.73
665.73
190.129
190.129
190.129
190.129
190.129
598.05
598.05
598.05
598.05
598.05
285.587
285.587
285.587
285.587
285.587
672.25
672.25
672.25
672.25
672.25
662.15
662.15
662.15
662.15
662.15
403.661
403.661
403.661
403.661
403.661
461.258
461.258
461.258
461.258
461.258
314.668
314.668
314.668
314.668
314.668
717.522
717.522
717.522
717.522
717.522
588.728
588.728
588.728
588.728
588.728
764.829
764.829
764.829
764.829
764.829
701.67
701.67
701.67
701.67
701.67
779.516
779.516
779.516
779.516
779.516
776.588
776.588
776.588
776.588
776.588
762.926
762.926
762.926
762.926
762.926
759.469
759.469
759.469
759.469
759.469
700.401
700.401
700.401
700.401
700.401
686.157
686.157
686.157
686.157
686.157
503.534
503.534
503.534
503.534
503.534
618
618
618
618
618
561.095
561.095
561.095
561.095
561.095
545.985
545.985
545.985
545.985
545.985
650.017
650.017
650.017
650.017
650.017
768.896
768.896
768.896
768.896
768.896
672.378
672.378
672.378
672.378
672.378
413.203
413.203
413.203
413.203
413.203
301.344
301.344
301.344
301.344
301.344
559.855
559.855
559.855
559.855
559.855
701.334
701.334
701.334
701.334
701.334
565.169
565.169
565.169
565.169
565.169
545.263
545.263
545.263
545.263
545.263
615.368
615.368
615.368
615.368
615.368
566.433
566.433
566.433
566.433
566.433
414.236
414.236
414.236
414.236
414.236
578
578
578
578
578
554.997
554.997
554.997
554.997
554.997
744.785
744.785
744.785
744.785
744.785
615.275
615.275
615.275
615.275
615.275
357.602
357.602
357.602
357.602
357.602
616.676
616.676
616.676
616.676
616.676
559.778
559.778
559.778
559.778
559.778
443.975
443.975
443.975
443.975
443.975
365.375
365.375
365.375
365.375
365.375
502.75
502.75
502.75
502.75
502.75
451.659
451.659
451.659
451.659
451.659
572.847
572.847
572.847
572.847
572.847
500.443
500.443
500.443
500.443
500.443
314.469
314.469
314.469
314.469
314.469
536.732
536.732
536.732
536.732
536.732
599.258
599.258
599.258
599.258
599.258
428.56
428.56
428.56
428.56
428.56
274.725
274.725
274.725
274.725
274.725
363.25
363.25
363.25
363.25
363.25
291.745
291.745
291.745
291.745
291.745
512.439
512.439
512.439
512.439
512.439
495.429
495.429
495.429
495.429
495.429
458.539
458.539
458.539
458.539
458.539
770.709
770.709
770.709
770.709
770.709
669.093
669.093
669.093
669.093
669.093
496.189
496.189
496.189
496.189
496.189
560.785
560.785
560.785
560.785
560.785
725.129
725.129
725.129
725.129
725.129
592.106
592.106
592.106
592.106
592.106
589.383
589.383
589.383
589.383
589.383
372.272
372.272
372.272
372.272
372.272
581.25
581.25
581.25
581.25
581.25
521.194
521.194
521.194
521.194
521.194
510.95
510.95
510.95
510.95
510.95
521.914
521.914
521.914
521.914
521.914
433.147
433.147
433.147
433.147
433.147
495.833
495.833
495.833
495.833
495.833
258.808
258.808
258.808
258.808
258.808
444.275
444.275
444.275
444.275
444.275
431.23
431.23
431.23
431.23
431.23
673.359
673.359
673.359
673.359
673.359
425
425
425
425
425
408.374
408.374
408.374
408.374
408.374
289.689
289.689
289.689
289.689
289.689
619.357
619.357
619.357
619.357
619.357
708.797
708.797
708.797
708.797
708.797
650.993
650.993
650.993
650.993
650.993
484.028
484.028
484.028
484.028
484.028
467.654
467.654
467.654
467.654
467.654
497.184
497.184
497.184
497.184
497.184
748.247
748.247
748.247
748.247
748.247
363.408
363.408
363.408
363.408
363.408
609.301
609.301
609.301
609.301
609.301
352.785
352.785
352.785
352.785
352.785
646.686
646.686
646.686
646.686
646.686
437.263
437.263
437.263
437.263
437.263
323.672
323.672
323.672
323.672
323.672
741.582
741.582
741.582
741.582
741.582
571.547
571.547
571.547
571.547
571.547
784.624
784.624
784.624
784.624
784.624
791.338
791.338
791.338
791.338
791.338
781.212
781.212
781.212
781.212
781.212
776.179
776.179
776.179
776.179
776.179
766.866
766.866
766.866
766.866
766.866
746.029
746.029
746.029
746.029
746.029
788.473
788.473
788.473
788.473
788.473
791.959
791.959
791.959
791.959
791.959
761.159
761.159
761.159
761.159
761.159
299.85
299.85
299.85
299.85
299.85
743.981
743.981
743.981
743.981
743.981
331.34
331.34
331.34
331.34
331.34
202.024
202.024
202.024
202.024
202.024
251.595
251.595
251.595
251.595
251.595
442.795
442.795
442.795
442.795
442.795
139.812
139.812
139.812
139.812
139.812
403.981
403.981
403.981
403.981
403.981
633.462
633.462
633.462
633.462
633.462
478.047
478.047
478.047
478.047
478.047
577.79
577.79
577.79
577.79
708.08
606.555
606.555
606.555
606.555
606.555
276.594
276.594
276.594
276.594
276.594
653.422
653.422
653.422
653.422
653.422
502.707
502.707
502.707
502.707
502.707
474.206
474.206
474.206
474.206
474.206
490.181
490.181
490.181
490.181
490.181
481.961
481.961
481.961
481.961
481.961
508.211
508.211
508.211
508.211
508.211
561.768
561.768
561.768
561.768
561.768
531.643
531.643
531.643
531.643
531.643
618.035
618.035
618.035
618.035
618.035
509.887
509.887
509.887
509.887
509.887
695.86
695.86
695.86
695.86
695.86
705.29
705.29
705.29
705.29
705.29
557.628
557.628
557.628
557.628
557.628
727.844
727.844
727.844
727.844
727.844
480.484
480.484
480.484
480.484
480.484
374.509
374.509
374.509
374.509
374.509
366.92
366.92
366.92
366.92
366.92
447.93
447.93
447.93
447.93
447.93
623.523
623.523
623.523
623.523
623.523
532.972
532.972
532.972
532.972
532.972
423.902
423.902
423.902
423.902
423.902
527.938
527.938
527.938
527.938
527.938
365.973
365.973
365.973
365.973
365.973
736.255
736.255
736.255
736.255
736.255
556.109
556.109
556.109
556.109
556.109
558.306
558.306
558.306
558.306
558.306
445.399
445.399
445.399
445.399
445.399
247.203
247.203
247.203
247.203
247.203
702.5
702.5
702.5
702.5
702.5
472.484
472.484
472.484
472.484
472.484
404.566
404.566
404.566
404.566
404.566
404.471
404.471
404.471
404.471
404.471
218.555
218.555
218.555
218.555
218.555
603.857
603.857
603.857
603.857
603.857
655.272
655.272
655.272
655.272
655.272
631.86
631.86
631.86
631.86
631.86
753.05
753.05
753.05
753.05
753.05
669.922
669.922
669.922
669.922
669.922
335.859
335.859
335.859
335.859
335.859
570.906
570.906
570.906
570.906
570.906
774.287
774.287
774.287
774.287
774.287
511.208
511.208
511.208
511.208
511.208
454.211
454.211
454.211
454.211
454.211
466.005
466.005
466.005
466.005
466.005
538.375
538.375
538.375
538.375
538.375
731.466
731.466
731.466
731.466
731.466
595.63
595.63
595.63
595.63
595.63
763.75
763.75
763.75
763.75
763.75
523.417
523.417
523.417
523.417
523.417
523.818
523.818
523.818
523.818
523.818
467.312
467.312
467.312
467.312
467.312
513.264
513.264
513.264
513.264
513.264
679.421
679.421
679.421
679.421
679.421
303
303
303
303
303
489.975
489.975
489.975
489.975
489.975
307.074
307.074
307.074
307.074
307.074
424.594
424.594
424.594
424.594
424.594
323.344
323.344
323.344
323.344
323.344
420.93
420.93
420.93
420.93
420.93
599.322
599.322
599.329
599.329
599.329
441.324
441.324
441.324
441.324
441.324
654.918
654.918
654.918
654.918
654.918
343.068
343.068
343.068
343.068
343.068
460.849
460.849
460.849
460.849
460.849
708.07
708.07
708.07
708.07
708.07
719.165
719.165
719.165
719.165
719.165
690.274
690.274
690.274
690.274
690.274
497.87
497.87
497.87
497.87
497.87
296.56
296.56
296.56
296.56
296.56
573.03
573.03
573.03
573.03
573.03
613.594
613.594
613.594
613.594
613.594
454.521
454.521
454.521
454.521
454.521
585.504
585.504
585.504
585.504
585.504
509.359
509.359
509.359
509.359
509.359
376.693
376.693
376.693
376.693
376.693
322.172
322.172
322.172
322.172
322.172
517.906
517.906
517.906
517.906
517.906
657.017
657.017
657.017
657.017
657.017
236.097
236.097
236.097
236.097
236.097
613.164
613.164
613.164
613.164
613.164
487.446
487.446
487.446
487.446
487.446
200.117
200.117
200.117
200.117
200.117
660.537
660.537
660.537
660.537
660.537
376.896
376.896
376.896
376.896
376.896
593.726
593.726
593.726
593.726
593.726
654.641
654.641
654.641
654.641
654.641
416.766
416.766
416.766
416.766
416.766
627.446
627.446
627.446
627.446
627.446
435.266
435.266
435.266
435.266
435.266
696.352
696.352
696.352
696.352
696.352
251.278
251.278
251.278
251.278
251.278
611.447
611.447
611.447
611.447
611.447
665.523
665.523
665.523
665.523
665.523
494.938
494.938
494.938
494.938
494.938
406.063
406.063
406.063
406.063
406.063
484.563
484.563
484.563
484.563
484.563
598.673
598.673
598.673
598.673
598.673
719
719
719
719
719
262.741
262.741
262.741
262.741
262.741
777.251
777.251
777.251
777.251
777.251
259.615
259.615
259.615
259.615
259.615
358.184
358.184
358.184
358.184
358.184
633.375
633.375
633.375
633.375
633.375
451.245
451.245
451.245
451.245
451.245
558.68
558.68
558.68
558.68
558.68
587.68
587.68
587.68
587.68
587.68
437
437
437
437
437
674.506
674.506
674.506
674.506
674.506
640.485
640.485
640.485
640.485
640.485
368.711
368.711
368.711
368.711
368.711
625.54
625.54
625.54
625.54
625.54
205
205
205
205
205
652.885
652.885
652.885
652.885
652.885
721.743
721.743
721.743
721.743
721.743
758.694
758.694
758.694
758.694
758.694
505.651
505.651
505.651
505.651
505.651
410.065
410.065
410.065
410.065
410.065
454.081
454.081
454.081
454.081
454.081
472.563
472.563
472.563
472.563
472.563
449.984
449.984
449.984
449.984
449.984
711.359
711.359
711.359
711.359
711.359
340.969
340.969
340.969
340.969
340.969
570.156
570.156
570.156
570.156
570.156
501.997
501.997
501.997
501.997
501.997
436.516
436.516
436.516
436.516
436.516
607.911
607.911
607.911
607.911
607.911
674.267
674.267
674.267
674.267
674.267
529.411
529.411
529.411
529.411
529.411
675.047
725.093
725.093
725.093
725.093
427.43
427.43
427.43
427.43
427.43
646.139
646.139
646.139
646.139
646.139
546.812
546.812
546.812
546.812
546.812
566.161
566.161
566.161
566.161
566.161
449.101
449.101
449.101
449.101
449.101
496.203
496.203
496.203
496.203
496.203
702.747
702.747
702.747
702.747
702.747
629.891
629.891
629.891
629.891
629.891
632.805
632.805
632.805
632.805
632.805
582.156
582.156
582.156
582.156
582.156
526.281
526.281
526.281
526.281
526.281
509.841
509.841
509.841
509.841
509.841
360.439
360.439
360.439
360.439
360.439
526.188
526.188
526.188
526.188
526.188
225.951
225.951
225.951
225.951
225.951
276.932
276.932
276.927
276.927
276.927
646.448
646.448
646.448
646.448
646.448
717.25
717.25
717.25
717.25
717.25
742.69
742.69
743.38
743.38
743.38
642.819
642.819
642.819
642.819
642.819
707.336
707.336
707.336
707.336
707.336
653.755
653.755
653.755
653.755
653.755
616.246
616.246
616.246
616.246
616.246
568.727
568.727
568.727
568.727
568.727
652.5
652.5
652.5
652.5
652.5
562.697
562.697
562.697
562.697
562.697
517.328
517.328
517.328
517.328
517.328
495.641
495.641
495.641
495.641
495.641
275.459
275.459
275.459
275.459
275.459
612.63
612.63
612.63
612.63
612.63
255.363
255.363
255.363
255.363
255.363
609.125
609.125
609.125
609.125
609.125
572.931
572.931
572.931
572.931
572.931
706.164
706.164
706.164
706.164
706.164
527.209
527.209
527.209
527.209
527.209
701.054
701.054
701.054
701.054
701.054
631.924
631.924
631.924
631.924
631.924
540.347
540.347
540.347
540.347
540.347
655.4
655.4
655.4
655.4
655.4
547.531
547.531
547.531
547.531
547.531
313.938
313.938
313.938
313.938
313.938
511.095
511.095
511.095
511.095
511.095
648.182
648.182
648.182
648.182
648.182
354.526
354.526
354.526
354.526
354.526
341.835
341.835
341.835
341.835
341.835
528.719
528.719
528.719
528.719
528.719
303.813
303.813
303.813
303.813
303.813
450.633
450.633
450.633
450.633
450.633
573.161
573.161
573.161
573.161
573.161
379.238
379.238
379.238
379.238
379.238
634.168
634.168
634.168
634.168
634.168
429.172
429.172
429.172
429.172
429.172
268.242
268.242
268.242
268.242
268.242
342.113
342.113
342.113
342.113
342.113
566.112
566.112
566.112
566.112
566.112
481.995
481.995
481.995
481.995
481.995
483.93
483.93
483.93
483.93
483.93
503.573
503.573
503.573
503.573
503.573
756.269
756.269
756.269
756.269
756.269
678.77
678.77
678.77
678.77
678.77
765.415
765.415
765.415
765.415
765.415
644.003
644.003
644.003
644.003
644.003
525.595
525.595
525.595
525.595
525.595
771.57
771.57
771.57
771.57
771.57
571.677
571.677
571.677
571.677
571.677
450.984
450.984
450.984
450.984
450.984
556.617
556.617
556.617
556.617
556.617
488.815
488.815
488.815
488.815
488.815
532.63
532.63
532.63
532.63
532.63
778.474
778.474
778.474
778.474
778.474
717.731
717.731
717.731
717.731
717.731
319.243
319.243
319.243
319.243
319.243
510.226
510.226
510.226
510.226
510.226
533.711
533.711
533.711
533.711
533.711
573.876
573.876
573.876
573.876
573.876
457.512
457.512
457.512
457.512
457.512
669.75
669.75
669.75
669.75
669.75
497.587
497.587
497.587
497.587
497.587
609.016
609.016
609.016
609.016
609.016
440.981
440.981
440.981
440.981
440.981
571.399
571.399
571.399
571.399
571.399
554.388
554.388
554.388
554.388
554.388
788.411
788.411
788.411
788.411
788.411
728.615
728.615
728.615
728.615
728.615
771.22
771.22
771.22
771.22
771.22
384.844
384.844
384.844
384.844
384.844
402.9
402.9
402.9
402.9
402.9
555.317
555.317
555.317
555.317
555.317
456.557
456.557
456.557
456.557
456.557
760.641
760.641
760.641
760.641
760.641
622.896
622.896
622.896
622.896
622.896
413.17
413.17
413.17
413.17
413.17
640.719
640.719
640.719
640.719
640.719
625.442
625.442
625.442
625.442
625.442
682.807
682.807
682.807
682.807
682.807
704.743
704.743
704.743
704.743
704.743
515.512
515.512
515.512
515.512
515.512
608.886
608.886
608.886
608.886
608.886
650.748
650.748
650.748
650.748
650.748
479.021
479.021
479.021
479.021
479.021
467.026
467.026
467.026
467.026
467.026
552.003
552.003
552.003
552.003
552.003
602.5
602.5
602.5
602.5
602.5
478.715
478.715
478.715
478.715
478.715
731.251
731.251
731.251
731.251
731.251
672.484
672.484
672.484
672.484
672.484
333
333
333
333
333
724.614
724.614
724.614
724.614
724.614
592.139
592.139
592.139
592.139
592.139
733.479
733.479
733.479
733.479
733.479
747.151
747.334
747.334
747.334
747.334
595.815
595.815
595.815
595.815
595.815
710.808
710.808
710.808
710.808
710.808
402.275
402.275
402.275
402.275
402.275
332.629
332.629
332.629
332.629
332.629
723.25
723.25
723.25
723.25
723.25
538.563
538.563
538.563
538.563
538.563
608.182
608.182
608.182
608.182
608.182
717.197
717.197
717.197
717.197
717.197
572.715
572.715
572.715
572.715
572.715
396.935
396.935
396.935
396.935
396.935
543.629
543.629
543.629
543.629
543.629
723.946
723.946
723.946
723.946
723.946
747.448
747.448
747.448
747.448
747.448
753.085
753.085
753.085
753.085
753.085
721.524
721.524
721.524
721.524
721.524
767.759
767.759
767.759
767.759
767.759
734.69
734.69
734.69
734.69
734.69
585.431
585.431
585.431
585.431
585.431
580.332
580.332
580.332
580.332
580.332
474.72
474.72
474.72
474.72
474.72
552.098
552.098
552.098
552.098
552.098
735.359
735.359
735.359
735.359
735.359
649.829
649.829
649.829
649.829
649.829
347.58
347.58
347.58
347.58
347.58
609.36
609.36
609.36
609.36
609.36
214.596
214.596
214.596
214.596
214.596
679.5
679.5
679.5
679.5
679.5
250.52
250.52
250.52
250.52
250.52
725.108
725.108
725.108
725.108
725.108
361.457
361.457
361.457
361.457
361.457
667.069
667.064
667.064
667.064
667.064
650.83
650.83
650.83
650.83
650.83
689.225
689.225
689.225
689.225
689.225
522.656
522.656
522.656
522.656
522.656
454.097
454.097
454.097
454.097
454.097
463.009
463.009
463.009
463.009
463.009
379.042
379.042
379.042
379.042
379.042
496.484
496.484
496.484
496.484
496.484
470.117
470.117
470.117
470.117
470.117
501.757
501.757
501.757
501.757
501.757
445.229
445.229
445.229
445.229
445.229
649.243
649.243
649.243
649.243
649.243
713.205
713.205
713.205
713.205
713.205
749.285
749.285
749.285
749.285
749.285
756.306
756.306
756.306
756.306
756.306
681.497
681.497
681.497
681.497
681.497
670.865
670.865
670.865
670.865
670.865
574.557
574.557
574.557
574.557
574.557
597.632
597.614
597.614
597.614
597.614
678.718
678.718
678.718
678.718
678.718
474.363
474.363
474.363
474.363
474.363
261.785
261.785
261.785
261.785
261.785
233.633
233.633
233.633
233.633
233.633
295.291
295.291
295.291
295.291
295.291
531.602
531.602
531.602
531.602
531.602
524.09
524.09
524.09
524.09
524.09
483.979
483.979
483.979
483.979
483.979
687.723
687.723
687.723
687.723
687.723
678.719
678.719
678.719
678.719
678.719
664.359
664.359
664.359
664.359
664.359
387.473
387.473
387.473
387.473
387.473
628.936
628.936
628.935
628.935
628.935
405.944
405.944
405.944
405.944
405.944
523.462
523.462
523.462
523.462
523.462
572.236
572.236
572.236
572.236
572.236
475.329
475.329
475.329
475.329
475.329
749.217
749.217
749.217
749.217
749.217
633.469
633.469
633.469
633.469
633.469
519.906
519.906
519.906
519.906
519.906
411.5
411.5
411.5
411.5
411.5
500.318
500.318
500.318
500.318
500.318
594.951
594.951
594.951
594.951
594.951
600.627
600.627
600.627
600.627
600.627
731.708
731.708
731.708
731.708
731.708
785.065
785.065
785.065
785.065
785.065
751.014
751.014
751.014
751.014
751.014
752.369
752.369
752.369
752.369
752.369
726.106
726.106
726.106
726.106
726.106
767.196
767.196
767.196
767.196
767.196
725.113
725.113
725.113
725.113
725.113
766.993
766.993
766.993
766.993
766.993
453.122
453.122
453.122
453.122
453.122
634.649
634.649
634.649
634.649
634.649
726.99
726.99
726.99
726.99
726.99
573.4
573.4
573.4
573.4
573.4
409.012
409.012
409.012
409.012
409.012
614.047
614.047
614.047
614.047
614.047
711.819
711.819
711.819
711.819
711.819
764.954
764.954
764.954
764.954
764.954
604.452
604.452
604.452
604.452
656.403
657.655
657.655
657.655
657.655
657.655
379.581
379.581
379.581
379.581
379.581
659.98
659.98
659.98
659.98
659.98
553.563
553.563
553.563
553.563
553.563
341.82
341.82
341.82
341.82
341.82
416.921
416.921
416.921
416.921
416.921
778.186
778.186
778.186
778.186
778.186
749.566
749.566
749.566
749.566
749.566
775.672
775.672
775.672
775.672
775.672
659.412
659.412
659.412
659.412
659.412
705.664
705.664
705.664
705.664
705.664
669.976
669.976
669.976
669.976
669.976
784.332
784.332
784.332
784.332
784.332
483.11
483.11
483.11
483.11
483.11
724.969
724.969
724.969
724.969
724.969
290.442
290.442
290.442
290.442
290.442
486.172
486.172
486.172
486.172
486.172
0
