0
0
0
0
722.539
722.539
722.539
722.539
722.539
605.118
605.118
605.118
605.118
605.118
456.444
456.444
456.444
456.444
456.444
445.693
445.693
445.693
445.693
445.693
630.679
630.679
630.679
630.679
630.679
779.901
779.901
779.901
779.901
779.901
757.27
757.27
757.27
757.27
757.27
734.581
734.581
734.581
734.581
734.581
774.494
774.494
774.494
774.494
774.494
773.97
773.97
773.97
773.97
773.97
759.763
759.763
759.763
759.763
759.763
711.747
711.747
711.747
711.747
711.747
634.146
634.146
634.146
634.146
634.146
779.095
779.095
779.095
779.095
779.095
637.623
637.623
637.623
637.623
637.623
786.16
786.16
786.16
786.16
786.16
761.825
761.825
761.825
761.825
761.825
773.829
773.829
773.829
773.829
773.829
786.669
786.669
786.669
786.669
786.669
782.376
782.376
782.376
782.376
782.376
780.464
780.464
780.464
780.464
780.464
792.022
792.022
792.022
792.022
792.022
794.365
794.365
794.365
794.365
794.365
785.253
785.253
785.253
785.253
785.253
793.352
793.352
793.352
793.352
793.352
788.877
788.877
788.877
788.877
788.877
783.949
783.949
783.949
783.949
783.949
784.018
784.018
784.018
784.018
784.018
788.323
788.323
788.323
788.323
788.323
776.225
776.225
776.225
776.225
776.225
794.726
794.726
794.726
794.726
794.726
787.077
787.077
787.077
787.077
787.077
794.721
794.721
794.721
794.721
794.721
783.56
783.56
783.56
783.56
783.56
780.141
780.141
780.141
780.141
780.141
766.045
766.045
766.045
766.045
766.045
793.652
793.652
793.652
793.652
793.652
784.87
784.87
784.87
784.87
784.87
784.361
784.361
784.361
784.361
784.361
788.958
788.958
788.958
788.958
788.958
794.497
794.497
794.497
794.497
794.497
784.367
784.367
784.367
784.367
784.367
797.483
797.483
797.483
797.483
797.483
792.245
792.245
792.245
792.245
792.245
794.231
794.231
794.231
794.231
794.231
796.953
796.953
796.953
796.953
796.953
795.461
795.461
795.461
795.461
795.461
798.645
798.645
798.645
798.645
798.645
790.679
790.679
790.679
790.679
790.679
788.997
788.997
788.997
788.997
788.997
788.67
788.67
788.67
788.67
788.67
796.37
796.37
796.37
796.37
796.37
794.181
794.181
794.181
794.181
794.181
797.733
797.733
797.733
797.733
797.733
793.188
793.188
793.188
793.188
793.188
790.083
790.083
790.083
790.083
790.083
787.687
787.687
787.687
787.687
787.687
795.438
795.438
795.438
795.438
795.438
792.528
792.528
792.528
792.528
792.528
788.171
788.171
788.171
788.171
788.171
795.988
795.988
795.988
795.988
795.988
795.132
795.132
795.132
795.132
795.132
791.853
791.853
791.853
791.853
791.853
794.856
794.856
794.856
794.856
794.856
782.678
782.678
782.678
782.678
782.678
794.354
794.354
794.354
794.354
794.354
779.779
779.779
779.779
779.779
779.779
775.507
775.507
775.507
775.507
775.507
777.771
777.771
777.771
777.771
777.771
796.96
796.96
796.96
796.96
796.96
792.659
792.659
792.659
792.659
792.659
794.303
794.303
794.303
794.303
794.303
790.598
790.598
790.598
790.598
790.598
787.724
787.724
787.724
787.724
787.724
797.484
797.484
797.484
797.484
797.484
797.034
797.034
797.034
797.034
797.034
795.221
795.221
795.221
795.221
795.221
791.631
791.631
791.631
791.631
791.631
796.725
796.725
796.725
796.725
796.725
796.282
796.282
796.282
796.282
796.282
793.417
793.417
793.417
793.417
793.417
789.702
789.702
789.702
789.702
789.702
782.171
782.171
782.171
782.171
782.171
779.263
779.263
779.263
779.263
779.263
794.485
794.485
794.485
794.485
794.485
792.733
792.733
792.733
792.733
792.733
790.965
790.965
790.965
790.965
790.965
797.461
797.461
797.461
797.461
797.461
795.288
795.288
795.288
795.288
795.288
791.589
791.589
791.589
791.589
791.589
797.244
797.244
797.244
797.244
797.244
794.825
794.825
794.825
794.825
794.825
792.326
792.326
792.326
792.326
792.326
796.222
796.222
796.222
796.222
796.222
793.407
793.407
793.407
793.407
793.407
787.889
787.889
787.889
787.889
787.889
794.379
794.379
794.379
794.379
794.379
791.86
791.86
791.86
791.86
791.86
795.601
795.601
795.601
795.601
795.601
790.529
790.529
790.529
790.529
790.529
789.132
789.132
789.132
789.132
789.132
786.723
786.723
786.723
786.723
786.723
785.966
785.966
785.966
785.966
785.966
783.131
783.131
783.131
783.131
783.131
781.984
781.984
781.984
781.984
781.984
797.404
797.404
797.404
797.404
797.404
795.155
795.155
795.155
795.155
795.155
796.075
796.075
796.075
796.075
796.075
793.73
793.73
793.73
793.73
793.73
791.917
791.917
791.917
791.917
791.917
790.664
790.664
790.664
790.664
790.664
795.217
795.217
795.217
795.217
795.217
796.013
796.013
796.013
796.013
796.013
798.217
798.217
798.217
798.217
798.217
796.106
796.106
796.106
796.106
796.106
790.886
790.886
790.886
790.886
790.886
787.849
787.849
787.849
787.849
787.849
797.241
797.241
797.241
797.241
797.241
795.711
795.711
795.711
795.711
795.711
797.411
797.411
797.411
797.411
797.411
797.373
797.373
797.373
797.373
797.373
797.644
797.644
797.644
797.644
797.644
793.48
793.48
793.48
793.48
793.48
796.797
796.797
796.797
796.797
796.797
793.736
793.736
793.736
793.736
793.736
796.123
796.123
796.123
796.123
796.123
795.28
795.28
795.28
795.28
795.28
792.83
792.83
792.83
792.83
792.83
797.625
797.625
797.625
797.625
797.625
793.159
793.159
793.159
793.159
793.159
792.097
792.097
792.097
792.097
792.097
798.28
798.28
798.28
798.28
798.28
796.774
796.774
796.774
796.774
796.774
793.034
793.034
793.034
793.034
793.034
797.419
797.419
797.419
797.419
797.419
792.334
792.334
792.334
792.334
792.334
794.683
794.683
794.683
794.683
794.683
796.905
796.905
796.905
796.905
796.905
795.391
795.391
795.391
795.391
795.391
792.349
792.349
792.349
792.349
792.349
795.699
795.699
795.699
795.699
795.699
796.867
796.867
796.867
796.867
796.867
795.371
795.371
795.371
795.371
795.371
797.385
797.385
797.385
797.385
797.385
796.437
796.437
796.437
796.437
796.437
794.455
794.455
794.455
794.455
794.455
794.209
794.209
794.209
794.209
794.209
797.764
797.764
797.764
797.764
797.764
797.428
797.428
797.428
797.428
797.428
798.86
798.86
798.86
798.86
798.86
797.154
797.154
797.154
797.154
797.154
798.339
798.339
798.339
798.339
798.339
798.382
798.382
798.382
798.382
798.382
797.501
797.501
797.501
797.501
797.501
798.052
798.052
798.052
798.052
798.052
795.485
795.485
795.485
795.485
795.485
797.738
797.738
797.738
797.738
797.738
796.131
796.131
796.131
796.131
796.131
797.15
797.15
797.15
797.15
797.15
797.091
797.091
797.091
797.091
797.091
793.684
793.684
793.684
793.684
793.684
798.961
798.961
798.961
798.961
798.961
796.185
796.185
796.185
796.185
796.185
794.001
794.001
794.001
794.001
794.001
790.1
790.1
790.1
790.1
790.1
797.379
797.379
797.379
797.379
797.379
796.793
796.793
796.793
796.793
796.793
798.089
798.089
798.089
798.089
798.089
796.657
796.657
796.657
796.657
796.657
796.398
796.398
796.398
796.398
796.398
794.118
794.118
794.118
794.118
794.118
798.239
798.239
798.239
798.239
798.239
797.218
797.218
797.218
797.218
797.218
796.359
796.359
796.359
796.359
796.359
798.733
798.733
798.733
798.733
798.733
794.764
794.764
794.764
794.764
794.764
798.484
798.484
798.484
798.484
798.484
797.894
797.894
797.894
797.894
797.894
796.371
796.371
796.371
796.371
796.371
792.98
792.98
792.98
792.98
792.98
797.234
797.234
797.234
797.234
797.234
796.892
796.892
796.892
796.892
796.892
796.12
796.12
796.12
796.12
796.12
795.458
795.458
795.458
795.458
795.458
794.02
794.02
794.02
794.02
794.02
796.735
796.735
796.735
796.735
796.735
797.501
797.501
797.501
797.501
797.501
796.695
796.695
796.695
796.695
796.695
794.998
794.998
794.998
794.998
794.998
798.48
798.48
798.48
798.48
798.48
798.027
798.027
798.027
798.027
798.027
797.429
797.429
797.429
797.429
797.429
798.231
798.231
798.231
798.231
798.231
797.849
797.849
797.849
797.849
797.849
798.528
798.528
798.528
798.528
798.528
797.29
797.29
797.29
797.29
797.29
796.695
796.695
796.695
796.695
796.695
797.827
797.827
797.827
797.827
797.827
796.595
796.595
796.595
796.595
796.595
796.283
796.283
796.283
796.283
796.283
795.622
795.622
795.622
795.622
795.622
797.933
797.933
797.933
797.933
797.933
796.545
796.545
796.545
796.545
796.545
798.603
798.603
798.603
798.603
798.603
797.807
797.807
797.807
797.807
797.807
796.143
796.143
796.143
796.143
796.143
795.407
795.407
795.407
795.407
795.407
796.077
796.077
796.077
796.077
796.077
795.909
795.909
795.909
795.909
795.909
796.724
796.724
796.724
796.724
796.724
797.466
797.466
797.466
797.466
797.466
796.681
796.681
796.681
796.681
796.681
793.516
793.516
793.516
793.516
793.516
798.11
798.11
798.11
798.11
798.11
797.71
797.71
797.71
797.71
797.71
798.484
798.484
798.484
798.484
798.484
797.071
797.071
797.071
797.071
797.071
796.947
796.947
796.947
796.947
796.947
793.821
793.821
793.821
793.821
793.821
798.702
798.702
798.702
798.702
798.702
798.62
798.62
798.62
798.62
798.62
798.266
798.266
798.266
798.266
798.266
796.63
796.63
796.63
796.63
796.63
795.741
795.741
795.741
795.741
795.741
798.909
798.909
798.909
798.909
798.909
798.486
798.486
798.486
798.486
798.486
797.087
797.087
797.087
797.087
797.087
795.86
795.86
795.86
795.86
795.86
798.476
798.476
798.476
798.476
798.476
798.329
798.329
798.329
798.329
798.329
797.59
797.59
797.59
797.59
797.59
797.465
797.465
797.465
797.465
797.465
797.284
797.284
797.284
797.284
797.284
798.764
798.764
798.764
798.764
798.764
798.353
798.353
798.353
798.353
798.353
797.421
797.421
797.421
797.421
797.421
796.756
796.756
796.756
796.756
796.756
798.976
798.976
798.976
798.976
798.976
798.489
798.489
798.489
798.489
798.489
798.351
798.351
798.351
798.351
798.351
797.075
797.075
797.075
797.075
797.075
797.922
797.922
797.922
797.922
797.922
796.222
796.222
796.222
796.222
796.222
798.936
798.936
798.936
798.936
798.936
797.273
797.273
797.273
797.273
797.273
796.352
796.352
796.352
796.352
796.352
798.961
798.961
798.961
798.961
798.961
797.351
797.351
797.351
797.351
797.351
798.107
798.107
798.107
798.107
798.107
797.616
797.616
797.616
797.616
797.616
797.366
797.366
797.366
797.366
797.366
796.783
796.783
796.783
796.783
796.783
798.179
798.179
798.179
798.179
798.179
796.116
796.116
796.116
796.116
796.116
795.828
795.828
795.828
795.828
795.828
798.851
798.851
798.851
798.851
798.851
798.137
798.137
798.137
798.137
798.137
798.453
798.453
798.453
798.453
798.453
796.109
796.109
796.109
796.109
796.109
794.856
794.856
794.856
794.856
794.856
798.679
798.679
798.679
798.679
798.679
798.345
798.345
798.345
798.345
798.345
798.175
798.175
798.175
798.175
798.175
796.944
796.944
796.944
796.944
796.944
798.371
798.371
798.371
798.371
798.371
795.686
795.686
795.686
795.686
795.686
798.926
798.926
798.926
798.926
798.926
798.458
798.458
798.458
798.458
798.458
798.056
798.056
798.056
798.056
798.056
797.758
797.758
797.758
797.758
797.758
797.454
797.454
797.454
797.454
797.454
796.569
796.569
796.569
796.569
796.569
795.636
795.636
795.636
795.636
795.636
798.865
798.865
798.865
798.865
798.865
798.443
798.443
798.443
798.443
798.443
798.871
798.871
798.871
798.871
798.871
798.37
798.37
798.37
798.37
798.37
798.043
798.043
798.043
798.043
798.043
796.168
796.168
796.168
796.168
796.168
798.336
798.336
798.336
798.336
798.336
796.517
796.517
796.517
796.517
796.517
797.99
797.99
797.99
797.99
797.99
797.89
797.89
797.89
797.89
797.89
796.883
796.883
796.883
796.883
796.883
798.601
798.601
798.601
798.601
798.601
797.225
797.225
797.225
797.225
797.225
796.501
796.501
796.501
796.501
796.501
797.955
797.955
797.955
797.955
797.955
797.58
797.58
797.58
797.58
797.58
797.063
797.063
797.063
797.063
797.063
795.015
795.015
795.015
795.015
795.015
798.913
798.913
798.913
798.913
798.913
798.757
798.757
798.757
798.757
798.757
797.51
797.51
797.51
797.51
797.51
798.107
798.107
798.107
798.107
798.107
797.667
797.667
797.667
797.667
797.667
796.557
796.557
796.557
796.557
796.557
797.58
797.58
797.58
797.58
797.58
797.452
797.452
797.452
797.452
797.452
798.742
798.742
798.742
798.742
798.742
798.706
798.706
798.706
798.706
798.706
796.369
796.369
796.369
796.369
796.369
796.55
796.55
796.55
796.55
796.55
798.297
798.297
798.297
798.297
798.297
798.383
798.383
798.383
798.383
798.383
797.575
797.575
797.575
797.575
797.575
797.939
797.939
797.939
797.939
797.939
796.893
796.893
796.893
796.893
796.893
798.403
798.403
798.403
798.403
798.403
798.237
798.237
798.237
798.237
798.237
797.96
797.96
797.96
797.96
797.96
798.201
798.201
798.201
798.201
798.201
797.443
797.443
797.443
797.443
797.443
796.687
796.687
796.687
796.687
796.687
796.54
796.54
796.54
796.54
796.54
798.974
798.974
798.974
798.974
798.974
798.613
798.613
798.613
798.613
798.613
798.871
798.871
798.871
798.871
798.871
798.038
798.038
798.038
798.038
798.038
796.652
796.652
796.652
796.652
796.652
798.468
798.468
798.468
798.468
798.468
797.55
797.55
797.55
797.55
797.55
796.529
796.529
796.529
796.529
796.529
798.996
798.996
798.996
798.996
798.996
798.077
798.077
798.077
798.077
798.077
796.687
796.687
796.687
796.687
796.687
798.999
798.999
798.999
798.999
798.999
798.345
798.345
798.345
798.345
798.345
797.576
797.576
797.576
797.576
797.576
798.609
798.609
798.609
798.609
798.609
798.263
798.263
798.263
798.263
798.263
797.899
797.899
797.899
797.899
797.899
798.494
798.494
798.494
798.494
798.494
797.763
797.763
797.763
797.763
797.763
795.684
795.684
795.684
795.684
795.684
797.961
797.961
797.961
797.961
797.961
797.403
797.403
797.403
797.403
797.403
797.305
797.305
797.305
797.305
797.305
798.989
798.989
798.989
798.989
798.989
798.209
798.209
798.209
798.209
798.209
797.598
797.598
797.598
797.598
797.598
797.018
797.018
797.018
797.018
797.018
798.233
798.233
798.233
798.233
798.233
798.433
798.433
798.433
798.433
798.433
797.136
797.136
797.136
797.136
797.136
798.872
798.872
798.872
798.872
798.872
798.028
798.028
798.028
798.028
798.028
796.496
796.496
796.496
796.496
796.496
798.541
798.541
798.541
798.541
798.541
797.778
797.778
797.778
797.778
797.778
798.108
798.108
798.108
798.108
798.108
797.66
797.66
797.66
797.66
797.66
797.45
797.45
797.45
797.45
797.45
798.718
798.718
798.718
798.718
798.718
797.977
797.977
797.977
797.977
797.977
797.242
797.242
797.242
797.242
797.242
795.864
795.864
795.864
795.864
795.864
798.828
798.828
798.828
798.828
798.828
798.728
798.728
798.728
798.728
798.728
798.996
798.996
798.996
798.996
798.996
797.976
797.976
797.976
797.976
797.976
797.626
797.626
797.626
797.626
797.626
798.225
798.225
798.225
798.225
798.225
798.459
798.459
798.459
798.459
798.459
797.429
797.429
797.429
797.429
797.429
795.843
795.843
795.843
795.843
795.843
798.975
798.975
798.975
798.975
798.975
798.229
798.229
798.229
798.229
798.229
799
799
799
799
799
798.881
798.881
798.881
798.881
798.881
798.495
798.495
798.495
798.495
798.495
798.122
798.122
798.122
798.122
798.122
797.642
797.642
797.642
797.642
797.642
797.31
797.31
797.31
797.31
797.31
795.546
795.546
795.546
795.546
795.546
798.95
798.95
798.95
798.95
798.95
797.443
797.443
797.443
797.443
797.443
798.995
798.995
798.995
798.995
798.995
797.977
797.977
797.977
797.977
797.977
797.786
797.786
797.786
797.786
797.786
798.963
798.963
798.963
798.963
798.963
798.547
798.547
798.547
798.547
798.547
797.861
797.861
797.861
797.861
797.861
797.622
797.622
797.622
797.622
797.622
797.957
797.957
797.957
797.957
797.957
797.991
797.991
797.991
797.991
797.991
799
799
799
799
799
798.054
798.054
798.054
798.054
798.054
797.796
797.796
797.796
797.796
797.796
795.756
795.756
795.756
795.756
795.756
797.81
797.81
797.81
797.81
797.81
798.427
798.427
798.427
798.427
798.427
798.237
798.237
798.237
798.237
798.237
798
798
798
798
798
798.198
798.198
798.198
798.198
798.198
798.808
798.808
798.808
798.808
798.808
798.644
798.644
798.644
798.644
798.644
798.138
798.138
798.138
798.138
798.138
796.227
796.227
796.227
796.227
796.227
798.975
798.975
798.975
798.975
798.975
798.967
798.967
798.967
798.967
798.967
797.748
797.748
797.748
797.748
797.748
796.416
796.416
796.416
796.416
796.416
795.823
795.823
795.823
795.823
795.823
798.615
798.615
798.615
798.615
798.615
798.773
798.773
798.773
798.773
798.773
798.384
798.384
798.384
798.384
798.384
797.594
797.594
797.594
797.594
797.594
798.656
798.656
798.656
798.656
798.656
797.438
797.438
797.438
797.438
797.438
798.247
798.247
798.247
798.247
798.247
797.684
797.684
797.684
797.684
797.684
796.835
796.835
796.835
796.835
796.835
797.844
797.844
797.844
797.844
797.844
797.452
797.452
797.452
797.452
797.452
796.153
796.153
796.153
796.153
796.153
795.347
795.347
795.347
795.347
795.347
798.897
798.897
798.897
798.897
798.897
798.013
798.013
798.013
798.013
798.013
798.471
798.471
798.471
798.471
798.471
798.743
798.743
798.743
798.743
798.743
798.639
798.639
798.639
798.639
798.639
798.996
798.996
798.996
798.996
798.996
798.918
798.918
798.918
798.918
798.918
798.603
798.603
798.603
798.603
798.603
798.668
798.668
798.668
798.668
798.668
797.885
797.885
797.885
797.885
797.885
798.134
798.134
798.134
798.134
798.134
797.779
797.779
797.779
797.779
797.779
798.656
798.656
798.656
798.656
798.656
798.499
798.499
798.499
798.499
798.499
798.875
798.875
798.875
798.875
798.875
797.995
797.995
797.995
797.995
797.995
797.081
797.081
797.081
797.081
797.081
797.853
797.853
797.853
797.853
797.853
798.93
798.93
798.93
798.93
798.93
798.953
798.953
798.953
798.953
798.953
798.984
798.984
798.984
798.984
798.984
798.289
798.289
798.289
798.289
798.289
797.718
797.718
797.718
797.718
797.718
796.887
796.887
796.887
796.887
796.887
798.995
798.995
798.995
798.995
798.995
798.976
798.976
798.976
798.976
798.976
799
799
799
799
799
798.685
798.685
798.685
798.685
798.685
798.439
798.439
798.439
798.439
798.439
796.366
796.366
796.366
796.366
796.366
798.187
798.187
798.187
798.187
798.187
797.426
797.426
797.426
797.426
797.426
796.958
796.958
796.958
796.958
796.958
797.834
797.834
797.834
797.834
797.834
796.151
796.151
796.151
796.151
796.151
797.63
797.63
797.63
797.63
797.63
798.871
798.871
798.871
798.871
798.871
797.943
797.943
797.943
797.943
797.943
797.875
797.875
797.875
797.875
797.875
798.988
798.988
798.988
798.988
798.988
798.092
798.092
798.092
798.092
798.092
797.877
797.877
797.877
797.877
797.877
798.238
798.238
798.238
798.238
798.238
797.476
797.476
797.476
797.476
797.476
798.996
798.996
798.996
798.996
798.996
798.11
798.11
798.11
798.11
798.11
797.583
797.583
797.583
797.583
797.583
796.699
796.699
796.699
796.699
796.699
798.453
798.453
798.453
798.453
798.453
797.466
797.466
797.466
797.466
797.466
796.865
796.865
796.865
796.865
796.865
798.184
798.184
798.184
798.184
798.184
798.528
798.528
798.528
798.528
798.528
798.965
798.965
798.965
798.965
798.965
798.755
798.755
798.755
798.755
798.755
798.303
798.303
798.303
798.303
798.303
797.453
797.453
797.453
797.453
797.453
798.671
798.671
798.671
798.671
798.671
797.075
797.075
797.075
797.075
797.075
798.5
798.5
798.5
798.5
798.5
797.18
797.18
797.18
797.18
797.18
798.442
798.442
798.442
798.442
798.442
798.405
798.405
798.405
798.405
798.405
798.51
798.51
798.51
798.51
798.51
797.913
797.913
797.913
797.913
797.913
797.41
797.41
797.41
797.41
797.41
798.488
798.488
798.488
798.488
798.488
798.166
798.166
798.166
798.166
798.166
797.189
797.189
797.189
797.189
797.189
798.365
798.365
798.365
798.365
798.365
798.21
798.21
798.21
798.21
798.21
796.989
796.989
796.989
796.989
796.989
798.249
798.249
798.249
798.249
798.249
798.638
798.638
798.638
798.638
798.638
798.103
798.103
798.103
798.103
798.103
798.75
798.75
798.75
798.75
798.75
797.589
797.589
797.589
797.589
797.589
796.995
796.995
796.995
796.995
796.995
798.922
798.922
798.922
798.922
798.922
798.476
798.476
798.476
798.476
798.476
798.009
798.009
798.009
798.009
798.009
798.968
798.968
798.968
798.968
798.968
798.482
798.482
798.482
798.482
798.482
798.199
798.199
798.199
798.199
798.199
798.906
798.906
798.906
798.906
798.906
798.524
798.524
798.524
798.524
798.524
798.071
798.071
798.071
798.071
798.071
798.929
798.929
798.929
798.929
798.929
798.513
798.513
798.513
798.513
798.513
798.722
798.722
798.722
798.722
798.722
798.124
798.124
798.124
798.124
798.124
797.918
797.918
797.918
797.918
797.918
798.499
798.499
798.499
798.499
798.499
797.904
797.904
797.904
797.904
797.904
797.347
797.347
797.347
797.347
797.347
798.684
798.684
798.684
798.684
798.684
797.785
797.785
797.785
797.785
797.785
796.99
796.99
796.99
796.99
796.99
796.994
796.994
796.994
796.994
796.994
798.741
798.741
798.741
798.741
798.741
798.63
798.63
798.63
798.63
798.63
796.985
796.985
796.985
796.985
796.985
798.994
798.994
798.994
798.994
798.994
798.719
798.719
798.719
798.719
798.719
798.368
798.368
798.368
798.368
798.368
799
799
799
799
799
798.245
798.245
798.245
798.245
798.245
798.839
798.839
798.839
798.839
798.839
798.163
798.163
798.163
798.163
798.163
798.213
798.213
798.213
798.213
798.213
799
799
799
799
799
798.81
798.81
798.81
798.81
798.81
798.803
798.803
798.803
798.803
798.803
798.742
798.742
798.742
798.742
798.742
797.918
797.918
797.918
797.918
797.918
798.439
798.439
798.439
798.439
798.439
798.491
798.491
798.491
798.491
798.491
797.422
797.422
797.422
797.422
797.422
796.908
796.908
796.908
796.908
796.908
798.937
798.937
798.937
798.937
798.937
798.534
798.534
798.534
798.534
798.534
797.734
797.734
797.734
797.734
797.734
797.554
797.554
797.554
797.554
797.554
798.998
798.998
798.998
798.998
798.998
798.341
798.341
798.341
798.341
798.341
797.79
797.79
797.79
797.79
797.79
797.748
797.748
797.748
797.748
797.748
797.06
797.06
797.06
797.06
797.06
798.89
798.89
798.89
798.89
798.89
798.2
798.2
798.2
798.2
798.2
797.918
797.918
797.918
797.918
797.918
798.969
798.969
798.969
798.969
798.969
798.843
798.843
798.843
798.843
798.843
798.641
798.641
798.641
798.641
798.641
797.539
797.539
797.539
797.539
797.539
798.972
798.972
798.972
798.972
798.972
798.611
798.611
798.611
798.611
798.611
798.499
798.499
798.499
798.499
798.499
798.961
798.961
798.961
798.961
798.961
798.419
798.419
798.419
798.419
798.419
798.566
798.566
798.566
798.566
798.566
798.994
798.994
798.994
798.994
798.994
798.967
798.967
798.967
798.967
798.967
798.373
798.373
798.373
798.373
798.373
798.09
798.09
798.09
798.09
798.09
798.687
798.687
798.687
798.687
798.687
798.024
798.024
798.024
798.024
798.024
798.75
798.75
798.75
798.75
798.75
798.425
798.425
798.425
798.425
798.425
797.709
797.709
797.709
797.709
797.709
798.998
798.998
798.998
798.998
798.998
798.9
798.9
798.9
798.9
798.9
797.992
797.992
797.992
797.992
797.992
798.936
798.936
798.936
798.936
798.936
798.311
798.311
798.311
798.311
798.311
798.48
798.48
798.48
798.48
798.48
798.671
798.671
798.671
798.671
798.671
798.145
798.145
798.145
798.145
798.145
798.965
798.965
798.965
798.965
798.965
798.648
798.648
798.648
798.648
798.648
797.276
797.276
797.276
797.276
797.276
798.367
798.367
798.367
798.367
798.367
798.967
798.967
798.967
798.967
798.967
798.394
798.394
798.394
798.394
798.394
798.161
798.161
798.161
798.161
798.161
799
799
799
799
799
798.792
798.792
798.792
798.792
798.792
797.946
797.946
797.946
797.946
797.946
798.117
798.117
798.117
798.117
798.117
797.866
797.866
797.866
797.866
797.866
799
799
799
799
799
798.862
798.862
798.862
798.862
798.862
798.832
798.832
798.832
798.832
798.832
797.589
797.589
797.589
797.589
797.589
798.984
798.984
798.984
798.984
798.984
798.976
798.976
798.976
798.976
798.976
799
799
799
799
799
798.952
798.952
798.952
798.952
798.952
798.333
798.333
798.333
798.333
798.333
798.406
798.406
798.406
798.406
798.406
798.625
798.625
798.625
798.625
798.625
798.469
798.469
798.469
798.469
798.469
797.983
797.983
797.983
797.983
797.983
799
799
799
799
799
798.961
798.961
798.961
798.961
798.961
798.5
798.5
798.5
798.5
798.5
798.358
798.358
798.358
798.358
798.358
798.356
798.356
798.356
798.356
798.356
797.763
797.763
797.763
797.763
797.763
798.5
798.5
798.5
798.5
798.5
798.476
798.476
798.476
798.476
798.476
798.999
798.999
798.999
798.999
798.999
798.363
798.363
798.363
798.363
798.363
798.363
798.363
798.363
798.363
798.363
797.859
797.859
797.859
797.859
797.859
799
799
799
799
799
798.929
798.929
798.929
798.929
798.929
798.911
798.911
798.911
798.911
798.911
797.991
797.991
797.991
797.991
797.991
797.98
797.98
797.98
797.98
797.98
797.757
797.757
797.757
797.757
797.757
798.867
798.867
798.867
798.867
798.867
798.464
798.464
798.464
798.464
798.464
799
799
799
799
799
798.745
798.745
798.745
798.745
798.745
798.363
798.363
798.363
798.363
798.363
798.998
798.998
798.998
798.998
798.998
798.992
798.992
798.992
798.992
798.992
797.651
797.651
797.651
797.651
797.651
796.249
796.249
796.249
796.249
796.249
798.992
798.992
798.992
798.992
798.992
798.609
798.609
798.609
798.609
798.609
799
799
799
799
799
798.499
798.499
798.499
798.499
798.499
797.779
797.779
797.779
797.779
797.779
799
799
799
799
799
798.994
798.994
798.994
798.994
798.994
798.369
798.369
798.369
798.369
798.369
798.844
798.844
798.844
798.844
798.844
798.312
798.312
798.312
798.312
798.312
798.123
798.123
798.123
798.123
798.123
797.308
797.308
797.308
797.308
797.308
798.5
798.5
798.5
798.5
798.5
798.366
798.366
798.366
798.366
798.366
798.133
798.133
798.133
798.133
798.133
799
799
799
799
799
798.871
798.871
798.871
798.871
798.871
799
799
799
799
799
798.366
798.366
798.366
798.366
798.366
798.956
798.956
798.956
798.956
798.956
798.298
798.298
798.298
798.298
798.298
799
799
799
799
799
798.493
798.493
798.493
798.493
798.493
798.992
798.992
798.992
798.992
798.992
798.785
798.785
798.785
798.785
798.785
798.001
798.001
798.001
798.001
798.001
797.968
797.968
797.968
797.968
797.968
798.875
798.875
798.875
798.875
798.875
798.31
798.31
798.31
798.31
798.31
798.267
798.267
798.267
798.267
798.267
799
799
799
799
799
798.246
798.246
798.246
798.246
798.246
797.81
797.81
797.81
797.81
797.81
798.938
798.938
798.938
798.938
798.938
798.857
798.857
798.857
798.857
798.857
798.875
798.875
798.875
798.875
798.875
798.375
798.375
798.375
798.375
798.375
798.054
798.054
798.054
798.054
798.054
797.774
797.774
797.774
797.774
797.774
798.988
798.988
798.988
798.988
798.988
798.997
798.997
798.997
798.997
798.997
798.999
798.999
798.999
798.999
798.999
798.984
798.984
798.984
798.984
798.984
798.933
798.933
798.933
798.933
798.933
798.813
798.813
798.813
798.813
798.813
798.796
798.796
798.796
798.796
798.796
798.48
798.48
798.48
798.48
798.48
798.423
798.423
798.423
798.423
798.423
798.875
798.875
798.875
798.875
798.875
798.453
798.453
798.453
798.453
798.453
798.077
798.077
798.077
798.077
798.077
798.99
798.99
798.99
798.99
798.99
798.713
798.713
798.713
798.713
798.713
798.875
798.875
798.875
798.875
798.875
798.874
798.874
798.874
798.874
798.874
798.368
798.368
798.368
798.368
798.368
799
799
799
799
799
798.499
798.499
798.499
798.499
798.499
798.489
798.489
798.489
798.489
798.489
798.875
798.875
798.875
798.875
798.875
797.87
797.87
797.87
797.87
797.87
796.994
796.994
796.994
796.994
796.994
799
799
799
799
799
798.867
798.867
798.867
798.867
798.867
798.171
798.171
798.171
798.171
798.171
799
799
799
799
799
798.968
798.968
798.968
798.968
798.968
798.75
798.75
798.75
798.75
798.75
797.621
797.621
797.621
797.621
797.621
799
799
799
799
799
798.499
798.499
798.499
798.499
798.499
797.905
797.905
797.905
797.905
797.905
799
799
799
799
799
798.483
798.483
798.483
798.483
798.483
798.4
798.4
798.4
798.4
798.4
798.749
798.749
798.749
798.749
798.749
798.123
798.123
798.123
798.123
798.123
798.75
798.75
798.75
798.75
798.75
798.246
798.246
798.246
798.246
798.246
798.166
798.166
798.166
798.166
798.166
798.992
798.992
798.992
798.992
798.992
798.992
798.992
798.992
798.992
798.992
798.958
798.958
798.958
798.958
798.958
798.958
798.958
798.958
798.958
798.958
799
799
799
799
799
798.744
798.744
798.744
798.744
798.744
798.687
798.687
798.687
798.687
798.687
798.497
798.497
798.497
798.497
798.497
798.559
798.559
798.559
798.559
798.559
798.719
798.719
798.719
798.719
798.719
798.373
798.373
798.373
798.373
798.373
797.853
797.853
797.853
797.853
797.853
799
799
799
799
799
798.983
798.983
798.983
798.983
798.983
798.955
798.955
798.955
798.955
798.955
798.692
798.692
798.692
798.692
798.692
799
799
799
799
799
798.991
798.991
798.991
798.991
798.991
798.478
798.478
798.478
798.478
798.478
798.969
798.969
798.969
798.969
798.969
798.467
798.467
798.467
798.467
798.467
798.748
798.748
798.748
798.748
798.748
798.75
798.75
798.75
798.75
798.75
798.554
798.554
798.554
798.554
798.554
798.361
798.361
798.361
798.361
798.361
798.984
798.984
798.984
798.984
798.984
798.436
798.436
798.436
798.436
798.436
799
799
799
799
799
798.913
798.913
798.913
798.913
798.913
798.982
798.982
798.982
798.982
798.982
798.691
798.691
798.691
798.691
798.691
799
799
799
799
799
798.374
798.374
798.374
798.374
798.374
798.667
798.667
798.667
798.667
798.667
799
799
799
799
799
798.996
798.996
798.996
798.996
798.996
798.871
798.871
798.871
798.871
798.871
798.872
798.872
798.872
798.872
798.872
798.585
798.585
798.585
798.585
798.585
798.992
798.992
798.992
798.992
798.992
798.74
798.74
798.74
798.74
798.74
798.227
798.227
798.227
798.227
798.227
798.875
798.875
798.875
798.875
798.875
798.342
798.342
798.342
798.342
798.342
797.748
797.748
797.748
797.748
797.748
799
799
799
799
799
797.866
797.866
797.866
797.866
797.866
797.371
797.371
797.371
797.371
797.371
798.999
798.999
798.999
798.999
798.999
798.901
798.901
798.901
798.901
798.901
798.504
798.504
798.504
798.504
798.504
798.98
798.98
798.98
798.98
798.98
798.984
798.984
798.984
798.984
798.984
798.699
798.699
798.699
798.699
798.699
799
799
799
799
799
799
799
799
799
799
798.963
798.963
798.963
798.963
798.963
798.998
798.998
798.998
798.998
798.998
798.98
798.98
798.98
798.98
798.98
798.306
798.306
798.306
798.306
798.306
799
799
799
799
799
797.984
797.984
797.984
797.984
797.984
797.585
797.585
797.585
797.585
797.585
797.492
797.492
797.492
797.492
797.492
799
799
799
799
799
799
799
799
799
799
798.499
798.499
798.499
798.499
798.499
799
799
799
799
799
799
799
799
799
799
798.375
798.375
798.375
798.375
798.375
798.999
798.999
798.999
798.999
798.999
798.491
798.491
798.491
798.491
798.491
798
798
798
798
798
798.967
798.967
798.967
798.967
798.967
798.106
798.106
798.106
798.106
798.106
798.992
798.992
798.992
798.992
798.992
798.926
798.926
798.926
798.926
798.926
798.343
798.343
798.343
798.343
798.343
798.998
798.998
798.998
798.998
798.998
798.995
798.995
798.995
798.995
798.995
798.419
798.419
798.419
798.419
798.419
798.875
798.875
798.875
798.875
798.875
798.865
798.865
798.865
798.865
798.865
798.349
798.349
798.349
798.349
798.349
797.732
797.732
797.732
797.732
797.732
799
799
799
799
799
798.875
798.875
798.875
798.875
798.875
799
799
799
799
799
798.938
798.938
798.938
798.938
798.938
798.869
798.869
798.869
798.869
798.869
798.429
798.429
798.429
798.429
798.429
799
799
799
799
799
798.937
798.937
798.937
798.937
798.937
799
799
799
799
799
798.984
798.984
798.984
798.984
798.984
798.99
798.99
798.99
798.99
798.99
799
799
799
799
799
798.937
798.937
798.937
798.937
798.937
798.17
798.17
798.17
798.17
798.17
798.938
798.938
798.938
798.938
798.938
798.929
798.929
798.929
798.929
798.929
798.677
798.677
798.677
798.677
798.677
799
799
799
799
799
798.844
798.844
798.844
798.844
798.844
798.827
798.827
798.827
798.827
798.827
799
799
799
799
799
798.999
798.999
798.999
798.999
798.999
798.463
798.463
798.463
798.463
798.463
798.338
798.338
798.338
798.338
798.338
798.75
798.75
798.75
798.75
798.75
798.621
798.621
798.621
798.621
798.621
798.052
798.052
798.052
798.052
798.052
799
799
799
799
799
798.996
798.996
798.996
798.996
798.996
799
799
799
799
799
798.997
798.997
798.997
798.997
798.997
798.929
798.929
798.929
798.929
798.929
799
799
799
799
799
799
799
799
799
799
798.984
798.984
798.984
798.984
798.984
798.601
798.601
798.601
798.601
798.601
799
799
799
799
799
798.999
798.999
798.999
798.999
798.999
799
799
799
799
799
799
799
799
799
799
798.91
798.91
798.91
798.91
798.91
798.507
798.507
798.507
798.507
798.507
798.859
798.859
798.859
798.859
798.859
798.858
798.858
798.858
798.858
798.858
798.429
798.429
798.429
798.429
798.429
799
799
799
799
799
798.938
798.938
798.938
798.938
798.938
798.906
798.906
798.906
798.906
798.906
799
799
799
799
799
798.937
798.937
798.937
798.937
798.937
798.772
798.772
798.772
798.772
798.772
799
799
799
799
799
798.249
798.249
798.249
798.249
798.249
798.999
798.999
798.999
798.999
798.999
798.906
798.906
798.906
798.906
798.906
798.593
798.593
798.593
798.593
798.593
798.875
798.875
798.875
798.875
798.875
798.93
798.93
798.93
798.93
798.93
798.613
798.613
798.613
798.613
798.613
798.967
798.967
798.967
798.967
798.967
798.917
798.917
798.917
798.917
798.917
798.769
798.769
798.769
798.769
798.769
799
799
799
799
799
799
799
799
799
799
798.982
798.982
798.982
798.982
798.982
798.5
798.5
798.5
798.5
798.5
798.43
798.43
798.43
798.43
798.43
798.3
798.3
798.3
798.3
798.3
799
799
799
799
799
798.979
798.979
798.979
798.979
798.979
798.485
798.485
798.485
798.485
798.485
799
799
799
799
799
799
799
799
799
799
798.585
798.585
798.585
798.585
798.585
799
799
799
799
799
798.937
798.937
798.937
798.937
798.937
798.967
798.967
798.967
798.967
798.967
798.996
798.996
798.996
798.996
798.996
798.656
798.656
798.656
798.656
798.656
798.609
798.609
798.609
798.609
798.609
798.93
798.93
798.93
798.93
798.93
798.789
798.789
798.789
798.789
798.789
798.789
798.789
798.789
798.789
798.789
798.875
798.875
798.875
798.875
798.875
798.248
798.248
798.248
798.248
798.248
798.579
798.579
798.579
798.579
798.579
799
799
799
799
799
798.746
798.746
798.746
798.746
798.746
798.244
798.244
798.244
798.244
798.244
798.938
798.938
798.938
798.938
798.938
798.452
798.452
798.452
798.452
798.452
798.327
798.327
798.327
798.327
798.327
799
799
799
799
799
799
799
799
799
799
798.811
798.811
798.811
798.811
798.811
797.882
797.882
797.882
797.882
797.882
799
799
799
799
799
798.5
798.5
798.5
798.5
798.5
799
799
799
799
799
798.734
798.734
798.734
798.734
798.734
798.719
798.719
798.719
798.719
798.719
799
799
799
799
799
798.937
798.937
798.937
798.937
798.937
798.867
798.867
798.867
798.867
798.867
798.202
798.202
798.202
798.202
798.202
799
799
799
799
799
798.983
798.983
798.983
798.983
798.983
798.928
798.928
798.928
798.928
798.928
798.968
798.968
798.968
798.968
798.968
798.968
798.968
798.968
798.968
798.968
799
799
799
799
799
799
799
799
799
799
798.726
798.726
798.726
798.726
798.726
798.045
798.045
798.045
798.045
798.045
799
799
799
799
799
798.932
798.932
798.932
798.932
798.932
798.994
798.994
798.994
798.994
798.994
799
799
799
799
799
799
799
799
799
799
798.999
798.999
798.999
798.999
798.999
799
799
799
799
799
799
799
799
799
799
798.624
798.624
798.624
798.624
798.624
798.75
798.75
798.75
798.75
798.75
798.498
798.498
798.498
798.498
798.498
798.451
798.451
798.451
798.451
798.451
798.984
798.984
798.984
798.984
798.984
798.959
798.959
798.959
798.959
798.959
798.894
798.894
798.894
798.894
798.894
799
799
799
799
799
798.945
798.945
798.945
798.945
798.945
798.961
798.961
798.961
798.961
798.961
799
799
799
799
799
799
799
799
799
799
799
799
799
799
799
798.984
798.984
798.984
798.984
798.984
797.566
797.566
797.566
797.566
797.566
797.589
797.589
797.589
797.589
797.589
798.984
798.984
798.984
798.984
798.984
798.958
798.958
798.958
798.958
798.958
799
799
799
799
799
799
799
799
799
799
798.996
798.996
798.996
798.996
798.996
798.986
798.986
798.986
798.986
798.986
799
799
799
799
799
798.242
798.242
798.242
798.242
798.242
799
799
799
799
799
798.999
798.999
798.999
798.999
798.999
798.337
798.337
798.337
798.337
798.337
798.998
798.998
798.998
798.998
798.998
798.988
798.988
798.988
798.988
798.988
798.207
798.207
798.207
798.207
798.207
798.603
798.603
798.603
798.603
798.603
798.938
798.938
798.938
798.938
798.938
798.992
798.992
798.992
798.992
798.992
798.867
798.867
798.867
798.867
798.867
799
799
799
799
799
798.984
798.984
798.984
798.984
798.984
798.82
798.82
798.82
798.82
798.82
799
799
799
799
799
798.25
798.25
798.25
798.25
798.25
798.5
798.5
798.5
798.5
798.5
798.5
798.5
798.5
798.5
798.5
798.357
798.357
798.357
798.357
798.357
798.425
798.425
798.425
798.425
798.425
799
799
799
799
799
798.991
798.991
798.991
798.991
798.991
798.601
798.601
798.601
798.601
798.601
799
799
799
799
799
798.998
798.998
798.998
798.998
798.998
799
799
799
799
799
799
799
799
799
799
798.367
798.367
798.367
798.367
798.367
798.984
798.984
798.984
798.984
798.984
798.749
798.749
798.749
798.749
798.749
798.608
798.608
798.608
798.608
798.608
798.998
798.998
798.998
798.998
798.998
798.988
798.988
798.988
798.988
798.988
798.985
798.985
798.985
798.985
798.985
798.976
798.976
798.976
798.976
798.976
798.734
798.734
798.734
798.734
798.734
798.984
798.984
798.984
798.984
798.984
798.734
798.734
798.734
798.734
798.734
798.875
798.875
798.875
798.875
798.875
798.623
798.623
798.623
798.623
798.623
798.585
798.585
798.585
798.585
798.585
799
799
799
799
799
799
799
799
799
799
799
799
799
799
799
798.75
798.75
798.75
798.75
798.75
798.749
798.749
798.749
798.749
798.749
799
799
799
799
799
799
799
799
799
799
798.873
798.873
798.873
798.873
798.873
798.242
798.242
798.242
798.242
798.242
799
799
799
799
799
798.998
798.998
798.998
798.998
798.998
799
799
799
799
799
799
799
799
799
799
798.982
798.982
798.982
798.982
798.982
799
799
799
799
799
798.999
798.999
798.999
798.999
798.999
798.936
798.936
798.936
798.936
798.936
798.999
798.999
798.999
798.999
798.999
798.928
798.928
798.928
798.928
798.928
798.908
798.908
798.908
798.908
798.908
798.437
798.437
798.437
798.437
798.437
799
799
799
799
799
0
