0
0
0
0
710.72
710.72
710.72
710.72
710.72
763.146
763.146
763.146
763.146
763.146
688.28
688.28
688.28
688.28
688.28
776.934
776.934
776.934
776.934
776.934
781.553
781.553
781.553
781.553
781.553
776.611
776.611
776.611
776.611
776.611
797.076
797.076
797.076
797.076
797.076
792.409
792.409
792.409
792.409
792.409
790.897
790.897
790.897
790.897
790.897
788.184
788.184
788.184
788.184
788.184
792.514
792.514
792.514
792.514
792.514
787.254
787.254
787.254
787.254
787.254
788.56
788.56
788.56
788.56
788.56
794.466
794.466
794.466
794.466
794.466
784.361
784.361
784.361
784.361
784.361
795.302
795.302
795.302
795.302
795.302
788.24
788.24
788.24
788.24
788.24
782.171
782.171
782.171
782.171
782.171
795.229
795.229
795.229
795.229
795.229
790.752
790.752
790.752
790.752
790.752
776.377
776.377
776.377
776.377
776.377
795.842
795.842
795.842
795.842
795.842
792.033
792.033
792.033
792.033
792.033
796.053
796.053
796.053
796.053
796.053
798.36
798.36
798.36
798.36
798.36
796.356
796.356
796.356
796.356
796.356
792.628
792.628
792.628
792.628
792.628
798.269
798.269
798.269
798.269
798.269
794.882
794.882
794.882
794.882
794.882
793.075
793.075
793.075
793.075
793.075
793.27
793.27
793.27
793.27
793.27
794.14
794.14
794.14
794.14
794.14
786.093
786.093
786.093
786.093
786.093
798.324
798.324
798.324
798.324
798.324
796.653
796.653
796.653
796.653
796.653
794.117
794.117
794.117
794.117
794.117
798.583
798.583
798.583
798.583
798.583
798.033
798.033
798.033
798.033
798.033
795.59
795.59
795.59
795.59
795.59
796.102
796.102
796.102
796.102
796.102
793.863
793.863
793.863
793.863
793.863
792.559
792.559
792.559
792.559
792.559
796.712
796.712
796.712
796.712
796.712
796.954
796.954
796.954
796.954
796.954
793.974
793.974
793.974
793.974
793.974
797.728
797.728
797.728
797.728
797.728
797.101
797.101
797.101
797.101
797.101
796.608
796.608
796.608
796.608
796.608
796.898
796.898
796.898
796.898
796.898
796.846
796.846
796.846
796.846
796.846
794.194
794.194
794.194
794.194
794.194
795.18
795.18
795.18
795.18
795.18
793.171
793.171
793.171
793.171
793.171
797.005
797.005
797.005
797.005
797.005
798.192
798.192
798.192
798.192
798.192
796.867
796.867
796.867
796.867
796.867
796.643
796.643
796.643
796.643
796.643
796.925
796.925
796.925
796.925
796.925
794.537
794.537
794.537
794.537
794.537
788.798
788.798
788.798
788.798
788.798
798.554
798.554
798.554
798.554
798.554
797.107
797.107
797.107
797.107
797.107
796.552
796.552
796.552
796.552
796.552
798.485
798.485
798.485
798.485
798.485
798.044
798.044
798.044
798.044
798.044
796.133
796.133
796.133
796.133
796.133
797.156
797.156
797.156
797.156
797.156
797.14
797.14
797.14
797.14
797.14
795.86
795.86
795.86
795.86
795.86
798.549
798.549
798.549
798.549
798.549
797.726
797.726
797.726
797.726
797.726
796.988
796.988
796.988
796.988
796.988
798.026
798.026
798.026
798.026
798.026
797.264
797.264
797.264
797.264
797.264
796.048
796.048
796.048
796.048
796.048
798.046
798.046
798.046
798.046
798.046
797.591
797.591
797.591
797.591
797.591
797.412
797.412
797.412
797.412
797.412
798.538
798.538
798.538
798.538
798.538
797.395
797.395
797.395
797.395
797.395
796.675
796.675
796.675
796.675
796.675
798.687
798.687
798.687
798.687
798.687
797.877
797.877
797.877
797.877
797.877
797.229
797.229
797.229
797.229
797.229
798.499
798.499
798.499
798.499
798.499
797.555
797.555
797.555
797.555
797.555
796.971
796.971
796.971
796.971
796.971
798.669
798.669
798.669
798.669
798.669
796.721
796.721
796.721
796.721
796.721
797.342
797.342
797.342
797.342
797.342
798.75
798.75
798.75
798.75
798.75
797.933
797.933
797.933
797.933
797.933
797.53
797.53
797.53
797.53
797.53
798.945
798.945
798.945
798.945
798.945
798.185
798.185
798.185
798.185
798.185
795.983
795.983
795.983
795.983
795.983
798.245
798.245
798.245
798.245
798.245
797.599
797.599
797.599
797.599
797.599
796.623
796.623
796.623
796.623
796.623
798.937
798.937
798.937
798.937
798.937
797.482
797.482
797.482
797.482
797.482
796.793
796.793
796.793
796.793
796.793
797.864
797.864
797.864
797.864
797.864
796.988
796.988
796.988
796.988
796.988
796.266
796.266
796.266
796.266
796.266
797.873
797.873
797.873
797.873
797.873
798.624
798.624
798.624
798.624
798.624
797.492
797.492
797.492
797.492
797.492
798.996
798.996
798.996
798.996
798.996
797.558
797.558
797.558
797.558
797.558
796.682
796.682
796.682
796.682
796.682
798.875
798.875
798.875
798.875
798.875
798.578
798.578
798.578
798.578
798.578
798.461
798.461
798.461
798.461
798.461
798.498
798.498
798.498
798.498
798.498
798.064
798.064
798.064
798.064
798.064
796.886
796.886
796.886
796.886
796.886
798.984
798.984
798.984
798.984
798.984
798.701
798.701
798.701
798.701
798.701
796.807
796.807
796.807
796.807
796.807
798.496
798.496
798.496
798.496
798.496
797.981
797.981
797.981
797.981
797.981
797.937
797.937
797.937
797.937
797.937
798.919
798.919
798.919
798.919
798.919
798.765
798.765
798.765
798.765
798.765
798.486
798.486
798.486
798.486
798.486
798.749
798.749
798.749
798.749
798.749
798.157
798.157
798.157
798.157
798.157
796.34
796.34
796.34
796.34
796.34
798.46
798.46
798.46
798.46
798.46
797.928
797.928
797.928
797.928
797.928
797.116
797.116
797.116
797.116
797.116
798.686
798.686
798.686
798.686
798.686
797.148
797.148
797.148
797.148
797.148
797.372
797.372
797.372
797.372
797.372
798.615
798.615
798.615
798.615
798.615
798.182
798.182
798.182
798.182
798.182
797.747
797.747
797.747
797.747
797.747
798.994
798.994
798.994
798.994
798.994
798.666
798.666
798.666
798.666
798.666
798.415
798.415
798.415
798.415
798.415
799
799
799
799
799
798.677
798.677
798.677
798.677
798.677
797.802
797.802
797.802
797.802
797.802
798.858
798.858
798.858
798.858
798.858
798.138
798.138
798.138
798.138
798.138
798.466
798.466
798.466
798.466
798.466
798.937
798.937
798.937
798.937
798.937
798.804
798.804
798.804
798.804
798.804
798.473
798.473
798.473
798.473
798.473
798.75
798.75
798.75
798.75
798.75
798.909
798.909
798.909
798.909
798.909
798.689
798.689
798.689
798.689
798.689
798.928
798.928
798.928
798.928
798.928
798.419
798.419
798.419
798.419
798.419
797.76
797.76
797.76
797.76
797.76
798.812
798.812
798.812
798.812
798.812
798.433
798.433
798.433
798.433
798.433
797.601
797.601
797.601
797.601
797.601
798.719
798.719
798.719
798.719
798.719
797.757
797.757
797.757
797.757
797.757
797.115
797.115
797.115
797.115
797.115
798.965
798.965
798.965
798.965
798.965
797.933
797.933
797.933
797.933
797.933
798.215
798.215
798.215
798.215
798.215
798.937
798.937
798.937
798.937
798.937
797.781
797.781
797.781
797.781
797.781
797.206
797.206
797.206
797.206
797.206
798.986
798.986
798.986
798.986
798.986
798.61
798.61
798.61
798.61
798.61
797.871
797.871
797.871
797.871
797.871
798.961
798.961
798.961
798.961
798.961
798.647
798.647
798.647
798.647
798.647
798.285
798.285
798.285
798.285
798.285
798.988
798.988
798.988
798.988
798.988
798.968
798.968
798.968
798.968
798.968
798.081
798.081
798.081
798.081
798.081
798.75
798.75
798.75
798.75
798.75
798.366
798.366
798.366
798.366
798.366
798.342
798.342
798.342
798.342
798.342
798.937
798.937
798.937
798.937
798.937
798.296
798.296
798.296
798.296
798.296
797.976
797.976
797.976
797.976
797.976
798.999
798.999
798.999
798.999
798.999
798.953
798.953
798.953
798.953
798.953
797.791
797.791
797.791
797.791
797.791
798.928
798.928
798.928
798.928
798.928
798.723
798.723
798.723
798.723
798.723
798.659
798.659
798.659
798.659
798.659
798.492
798.492
798.492
798.492
798.492
798.344
798.344
798.344
798.344
798.344
798.255
798.255
798.255
798.255
798.255
799
799
799
799
799
798.719
798.719
798.719
798.719
798.719
798.438
798.438
798.438
798.438
798.438
798.998
798.998
798.998
798.998
798.998
798.304
798.304
798.304
798.304
798.304
798.414
798.414
798.414
798.414
798.414
798.615
798.615
798.615
798.615
798.615
798.227
798.227
798.227
798.227
798.227
797.839
797.839
797.839
797.839
797.839
798.969
798.969
798.969
798.969
798.969
799
799
799
799
799
798.87
798.87
798.87
798.87
798.87
798.992
798.992
798.992
798.992
798.992
798.984
798.984
798.984
798.984
798.984
798.639
798.639
798.639
798.639
798.639
798.996
798.996
798.996
798.996
798.996
798.958
798.958
798.958
798.958
798.958
798.952
798.952
798.952
798.952
798.952
798.999
798.999
798.999
798.999
798.999
798.742
798.742
798.742
798.742
798.742
798.698
798.698
798.698
798.698
798.698
799
799
799
799
799
798.733
798.733
798.733
798.733
798.733
798.264
798.264
798.264
798.264
798.264
799
799
799
799
799
798.75
798.75
798.75
798.75
798.75
798.731
798.731
798.731
798.731
798.731
799
799
799
799
799
798.37
798.37
798.37
798.37
798.37
798.37
798.37
798.37
798.37
798.37
799
799
799
799
799
799
799
799
799
799
798.849
798.849
798.849
798.849
798.849
798
798
798
798
798
797.914
797.914
797.914
797.914
797.914
797.737
797.737
797.737
797.737
797.737
798.995
798.995
798.995
798.995
798.995
798.483
798.483
798.483
798.483
798.483
798.167
798.167
798.167
798.167
798.167
798.992
798.992
798.992
798.992
798.992
798.622
798.622
798.622
798.622
798.622
797.369
797.369
797.369
797.369
797.369
798.969
798.969
798.969
798.969
798.969
798.976
798.976
798.976
798.976
798.976
798.703
798.703
798.703
798.703
798.703
799
799
799
799
799
798.992
798.992
798.992
798.992
798.992
798.355
798.355
798.355
798.355
798.355
798.998
798.998
798.998
798.998
798.998
798.966
798.966
798.966
798.966
798.966
798.43
798.43
798.43
798.43
798.43
798.875
798.875
798.875
798.875
798.875
798.344
798.344
798.344
798.344
798.344
798.343
798.343
798.343
798.343
798.343
798.5
798.5
798.5
798.5
798.5
798.372
798.372
798.372
798.372
798.372
797.729
797.729
797.729
797.729
797.729
799
799
799
799
799
798.362
798.362
798.362
798.362
798.362
798.115
798.115
798.115
798.115
798.115
799
799
799
799
799
798.493
798.493
798.493
798.493
798.493
798.87
798.87
798.87
798.87
798.87
799
799
799
799
799
798.494
798.494
798.494
798.494
798.494
798.904
798.904
798.904
798.904
798.904
798.859
798.859
798.859
798.859
798.859
798.14
798.14
798.14
798.14
798.14
798.377
798.377
798.377
798.377
798.377
798.875
798.875
798.875
798.875
798.875
798.365
798.365
798.365
798.365
798.365
798.053
798.053
798.053
798.053
798.053
799
799
799
799
799
798.311
798.311
798.311
798.311
798.311
797.559
797.559
797.559
797.559
797.559
799
799
799
799
799
798.589
798.589
798.589
798.589
798.589
798.322
798.322
798.322
798.322
798.322
798.875
798.875
798.875
798.875
798.875
798.375
798.375
798.375
798.375
798.375
798.062
798.062
798.062
798.062
798.062
799
799
799
799
799
798.988
798.988
798.988
798.988
798.988
798.869
798.869
798.869
798.869
798.869
799
799
799
799
799
798.983
798.983
798.983
798.983
798.983
798.967
798.967
798.967
798.967
798.967
798.875
798.875
798.875
798.875
798.875
798.453
798.453
798.453
798.453
798.453
798.452
798.452
798.452
798.452
798.452
798.75
798.75
798.75
798.75
798.75
797.966
797.966
797.966
797.966
797.966
798.199
798.199
798.199
798.199
798.199
799
799
799
799
799
798.875
798.875
798.875
798.875
798.875
798.837
798.837
798.837
798.837
798.837
798.875
798.875
798.875
798.875
798.875
798.875
798.875
798.875
798.875
798.875
798.361
798.361
798.361
798.361
798.361
799
799
799
799
799
798.67
798.67
798.67
798.67
798.67
798.62
798.62
798.62
798.62
798.62
799
799
799
799
799
798.375
798.375
798.375
798.375
798.375
798.358
798.358
798.358
798.358
798.358
799
799
799
799
799
799
799
799
799
799
798.81
798.81
798.81
798.81
798.81
799
799
799
799
799
799
799
799
799
799
798.484
798.484
798.484
798.484
798.484
799
799
799
799
799
798.871
798.871
798.871
798.871
798.871
797.494
797.494
797.494
797.494
797.494
798.742
798.742
798.742
798.742
798.742
798.991
798.991
798.991
798.991
798.991
798.452
798.452
798.452
798.452
798.452
799
799
799
799
799
798.996
798.996
798.996
798.996
798.996
798.933
798.933
798.933
798.933
798.933
799
799
799
799
799
798.997
798.997
798.997
798.997
798.997
798.673
798.673
798.673
798.673
798.673
799
799
799
799
799
798.687
798.687
798.687
798.687
798.687
798.092
798.092
798.092
798.092
798.092
798.999
798.999
798.999
798.999
798.999
798.996
798.996
798.996
798.996
798.996
798.654
798.654
798.654
798.654
798.654
798.992
798.992
798.992
798.992
798.992
798.484
798.484
798.484
798.484
798.484
797.978
797.978
797.978
797.978
797.978
798.992
798.992
798.992
798.992
798.992
798.937
798.937
798.937
798.937
798.937
798.964
798.964
798.964
798.964
798.964
798.875
798.875
798.875
798.875
798.875
798.812
798.812
798.812
798.812
798.812
798.724
798.724
798.724
798.724
798.724
798.969
798.969
798.969
798.969
798.969
798.859
798.859
798.859
798.859
798.859
798.218
798.218
798.218
798.218
798.218
798.996
798.996
798.996
798.996
798.996
798.997
798.997
798.997
798.997
798.997
798.9
798.9
798.9
798.9
798.9
799
799
799
799
799
799
799
799
799
799
798.498
798.498
798.498
798.498
798.498
798.996
798.996
798.996
798.996
798.996
798.995
798.995
798.995
798.995
798.995
798.869
798.869
798.869
798.869
798.869
798.999
798.999
798.999
798.999
798.999
798.418
798.418
798.418
798.418
798.418
798.414
798.414
798.414
798.414
798.414
799
799
799
799
799
798.375
798.375
798.375
798.375
798.375
797.841
797.841
797.841
797.841
797.841
799
799
799
799
799
798.367
798.367
798.367
798.367
798.367
798.482
798.482
798.482
798.482
798.482
798.999
798.999
798.999
798.999
798.999
799
799
799
799
799
798.539
798.539
798.539
798.539
798.539
798.976
798.976
798.976
798.976
798.976
798.951
798.951
798.951
798.951
798.951
798.349
798.349
798.349
798.349
798.349
799
799
799
799
799
798.982
798.982
798.982
798.982
798.982
798.991
798.991
798.991
798.991
798.991
798.999
798.999
798.999
798.999
798.999
798.999
798.999
798.999
798.999
798.999
798.403
798.403
798.403
798.403
798.403
799
799
799
799
799
799
799
799
799
799
798.117
798.117
798.117
798.117
798.117
799
799
799
799
799
799
799
799
799
799
798.5
798.5
798.5
798.5
798.5
799
799
799
799
799
798.984
798.984
798.984
798.984
798.984
798.484
798.484
798.484
798.484
798.484
798.5
798.5
798.5
798.5
798.5
798.484
798.484
798.484
798.484
798.484
798.957
798.957
798.957
798.957
798.957
799
799
799
799
799
798.991
798.991
798.991
798.991
798.991
798.648
798.648
798.648
798.648
798.648
799
799
799
799
799
799
799
799
799
799
798.732
798.732
798.732
798.732
798.732
798.983
798.983
798.983
798.983
798.983
798.93
798.93
798.93
798.93
798.93
798.849
798.849
798.849
798.849
798.849
799
799
799
799
799
798.594
798.594
798.594
798.594
798.594
798.469
798.469
798.469
798.469
798.469
799
799
799
799
799
799
799
799
799
799
799
799
799
799
799
799
799
799
799
799
799
799
799
799
799
798.994
798.994
798.994
798.994
798.994
798.875
798.875
798.875
798.875
798.875
798.875
798.875
798.875
798.875
798.875
798.922
798.922
798.922
798.922
798.922
798.999
798.999
798.999
798.999
798.999
798.999
798.999
798.999
798.999
798.999
798.677
798.677
798.677
798.677
798.677
798.969
798.969
798.969
798.969
798.969
798.937
798.937
798.937
798.937
798.937
798.969
798.969
798.969
798.969
798.969
799
799
799
799
799
798.742
798.742
798.742
798.742
798.742
798.871
798.871
798.871
798.871
798.871
799
799
799
799
799
799
799
799
799
799
798.935
798.935
798.935
798.935
798.935
799
799
799
799
799
799
799
799
799
799
798.998
798.998
798.998
798.998
798.998
799
799
799
799
799
799
799
799
799
799
798.5
798.5
798.5
798.5
798.5
799
799
799
799
799
799
799
799
799
799
798.93
798.93
798.93
798.93
798.93
799
799
799
799
799
798.469
798.469
798.469
798.469
798.469
798.433
798.433
798.433
798.433
798.433
799
799
799
799
799
798.937
798.937
798.937
798.937
798.937
798.984
798.984
798.984
798.984
798.984
799
799
799
799
799
798.984
798.984
798.984
798.984
798.984
798.867
798.867
798.867
798.867
798.867
799
799
799
799
799
798.75
798.75
798.75
798.75
798.75
798.562
798.562
798.562
798.562
798.562
798.75
798.75
798.75
798.75
798.75
798.844
798.844
798.844
798.844
798.844
799
799
799
799
799
798.984
798.984
798.984
798.984
798.984
798.984
798.984
798.984
798.984
798.984
798.937
798.937
798.937
798.937
798.937
799
799
799
799
799
799
799
799
799
799
798.984
798.984
798.984
798.984
798.984
799
799
799
799
799
798.992
798.992
798.992
798.992
798.992
798.487
798.487
798.487
798.487
798.487
799
799
799
799
799
799
799
799
799
799
798.875
798.875
798.875
798.875
798.875
798.999
798.999
798.999
798.999
798.999
798.998
798.998
798.998
798.998
798.998
798.937
798.937
798.937
798.937
798.937
799
799
799
799
799
798.789
798.789
798.789
798.789
798.789
798.789
798.789
798.789
798.789
798.789
799
799
799
799
799
798.75
798.75
798.75
798.75
798.75
798.721
798.721
798.721
798.721
798.721
799
799
799
799
799
798.75
798.75
798.75
798.75
798.75
798.687
798.687
798.687
798.687
798.687
799
799
799
799
799
799
799
799
799
799
798.748
798.748
798.748
798.748
798.748
799
799
799
799
799
798.75
798.75
798.75
798.75
798.75
798.25
798.25
798.25
798.25
798.25
799
799
799
799
799
798.875
798.875
798.875
798.875
798.875
798.859
798.859
798.859
798.859
798.859
799
799
799
799
799
799
799
799
799
799
798.92
798.92
798.92
798.92
798.92
799
799
799
799
799
798.937
798.937
798.937
798.937
798.937
798.952
798.952
798.952
798.952
798.952
799
799
799
799
799
799
799
799
799
799
798.996
798.996
798.996
798.996
798.996
799
799
799
799
799
799
799
799
799
799
798.996
798.996
798.996
798.996
798.996
799
799
799
799
799
799
799
799
799
799
798.75
798.75
798.75
798.75
798.75
798.998
798.998
798.998
798.998
798.998
798.982
798.982
798.982
798.982
798.982
798.982
798.982
798.982
798.982
798.982
799
799
799
799
799
798.906
798.906
798.906
798.906
798.906
798.973
798.973
798.973
798.973
798.973
799
799
799
799
799
799
799
799
799
799
799
799
799
799
799
799
799
799
799
799
799
799
799
799
799
798.928
798.928
798.928
798.928
798.928
799
799
799
799
799
799
799
799
799
799
799
799
799
799
799
799
799
799
799
799
798.5
798.5
798.5
798.5
798.5
798.499
798.499
798.499
798.499
798.499
798.992
798.992
798.992
798.992
798.992
798.996
798.996
798.996
798.996
798.996
798.994
798.994
798.994
798.994
798.994
799
799
799
799
799
798.996
798.996
798.996
798.996
798.996
798.977
798.977
798.977
798.977
798.977
799
799
799
799
799
798.875
798.875
798.875
798.875
798.875
798.875
798.875
798.875
798.875
798.875
799
799
799
799
799
798.5
798.5
798.5
798.5
798.5
798.5
798.5
798.5
798.5
798.5
799
799
799
799
799
798.996
798.996
798.996
798.996
798.996
798.988
798.988
798.988
798.988
798.988
799
799
799
799
799
799
799
799
799
799
798.984
798.984
798.984
798.984
798.984
799
799
799
799
799
799
799
799
799
799
798.749
798.749
798.749
798.749
798.749
798.999
798.999
798.999
798.999
798.999
798.998
798.998
798.998
798.998
798.998
798.999
798.999
798.999
798.999
798.999
799
799
799
799
799
799
799
799
799
799
798.937
798.937
798.937
798.937
798.937
799
799
799
799
799
799
799
799
799
799
799
799
799
799
799
799
799
799
799
799
798.75
798.75
798.75
798.75
798.75
798.75
798.75
798.75
798.75
798.75
799
799
799
799
799
799
799
799
799
799
798.5
798.5
798.5
798.5
798.5
799
799
799
799
799
799
799
799
799
799
799
799
799
799
799
799
799
799
799
799
799
799
799
799
799
799
799
799
799
799
799
799
799
799
799
799
799
799
799
799
798.484
798.484
798.484
798.484
798.484
799
799
799
799
799
799
799
799
799
799
798.984
798.984
798.984
798.984
798.984
799
799
799
799
799
799
799
799
799
799
798.998
798.998
798.998
798.998
798.998
799
799
799
799
799
798.992
798.992
798.992
798.992
798.992
798.992
798.992
798.992
798.992
798.992
799
799
799
799
799
799
799
799
799
799
799
799
799
799
799
799
799
799
799
799
799
799
799
799
799
798.984
798.984
798.984
798.984
798.984
799
799
799
799
799
799
799
799
799
799
798.999
798.999
798.999
798.999
798.999
799
799
799
799
799
799
799
799
799
799
799
799
799
799
799
799
799
799
799
799
798.875
798.875
798.875
798.875
798.875
798.875
798.875
798.875
798.875
798.875
799
799
799
799
799
799
799
799
799
799
798.984
798.984
798.984
798.984
798.984
799
799
799
799
799
799
799
799
799
799
798.998
798.998
798.998
798.998
798.998
799
799
799
799
799
799
799
799
799
799
798.999
798.999
798.999
798.999
798.999
799
799
799
799
799
799
799
799
799
799
799
799
799
799
799
799
799
799
799
799
799
799
799
799
799
799
799
799
799
799
798.969
798.969
798.969
798.969
798.969
798.469
798.469
798.469
798.469
798.469
798.375
798.375
798.375
798.375
798.375
799
799
799
799
799
799
799
799
799
799
798.988
798.988
798.988
798.988
798.988
798.996
798.996
798.996
798.996
798.996
798.746
798.746
798.746
798.746
798.746
798.746
798.746
798.746
798.746
798.746
799
799
799
799
799
799
799
799
799
799
798.968
798.968
798.968
798.968
798.968
799
799
799
799
799
799
799
799
799
799
798.5
798.5
798.5
798.5
798.5
799
799
799
799
799
799
799
799
799
799
798.996
798.996
798.996
798.996
798.996
799
799
799
799
799
799
799
799
799
799
799
799
799
799
799
799
799
799
799
799
799
799
799
799
799
798.984
798.984
798.984
798.984
798.984
799
799
799
799
799
799
799
799
799
799
798.992
798.992
798.992
798.992
798.992
799
799
799
799
799
799
799
799
799
799
798.5
798.5
798.5
798.5
798.5
799
799
799
799
799
799
799
799
799
799
798.5
798.5
798.5
798.5
798.5
799
799
799
799
799
799
799
799
799
799
798.999
798.999
798.999
798.999
798.999
799
799
799
799
799
799
799
799
799
799
799
799
799
799
799
799
799
799
799
799
799
799
799
799
799
799
799
799
799
799
799
799
799
799
799
799
799
799
799
799
799
799
799
799
799
799
799
799
799
799
799
799
799
799
799
799
799
799
799
799
799
799
799
799
799
799
799
799
799
799
798.921
798.921
798.921
798.921
798.921
799
799
799
799
799
799
799
799
799
799
799
799
799
799
799
799
799
799
799
799
799
799
799
799
799
799
799
799
799
799
799
799
799
799
799
799
799
799
799
799
798.937
798.937
798.937
798.937
798.937
799
799
799
799
799
799
799
799
799
799
798.625
798.625
798.625
798.625
798.625
799
799
799
799
799
799
799
799
799
799
798.996
798.996
798.996
798.996
798.996
798.938
798.938
798.938
798.938
798.938
798.617
798.617
798.617
798.617
798.617
798.652
798.652
798.652
798.652
798.652
799
799
799
799
799
799
799
799
799
799
798.983
798.983
798.983
798.983
798.983
799
799
799
799
799
799
799
799
799
799
798.984
798.984
798.984
798.984
798.984
799
799
799
799
799
799
799
799
799
799
799
799
799
799
799
799
799
799
799
799
798.999
798.999
798.999
798.999
798.999
798.749
798.749
798.749
798.749
798.749
799
799
799
799
799
799
799
799
799
799
799
799
799
799
799
799
799
799
799
799
799
799
799
799
799
799
799
799
799
799
799
799
799
799
799
799
799
799
799
799
799
799
799
799
799
799
799
799
799
799
799
799
799
799
799
799
799
799
799
799
799
799
799
799
799
799
799
799
799
799
799
799
799
799
799
799
799
799
799
799
799
799
799
799
799
799
799
799
799
799
799
799
799
799
799
799
799
799
799
799
798.75
798.75
798.75
798.75
798.75
799
799
799
799
799
799
799
799
799
799
799
799
799
799
799
799
799
799
799
799
799
799
799
799
799
799
799
799
799
799
799
799
799
799
799
799
799
799
799
799
799
799
799
799
799
799
799
799
799
799
799
799
799
799
799
798.998
798.998
798.998
798.998
798.998
799
799
799
799
799
799
799
799
799
799
798.999
798.999
798.999
798.999
798.999
799
799
799
799
799
799
799
799
799
799
798.937
798.937
798.937
798.937
798.937
799
799
799
799
799
799
799
799
799
799
798.5
798.5
798.5
798.5
798.5
799
799
799
799
799
799
799
799
799
799
798.875
798.875
798.875
798.875
798.875
799
799
799
799
799
799
799
799
799
799
799
799
799
799
799
799
799
799
799
799
799
799
799
799
799
799
799
799
799
799
799
799
799
799
799
799
799
799
799
799
799
799
799
799
799
799
799
799
799
799
799
799
799
799
799
799
799
799
799
799
799
799
799
799
799
798.875
798.875
798.875
798.875
798.875
798.937
798.937
798.937
798.937
798.937
799
799
799
799
799
799
799
799
799
799
799
799
799
799
799
799
799
799
799
799
799
799
799
799
799
799
799
799
799
799
799
799
799
799
799
799
799
799
799
799
798.937
798.937
798.937
798.937
798.937
799
799
799
799
799
799
799
799
799
799
799
799
799
799
799
799
799
799
799
799
799
799
799
799
799
799
799
799
799
799
799
799
799
799
799
799
799
799
799
799
799
799
799
799
799
799
799
799
799
799
799
799
799
799
799
799
799
799
799
799
799
799
799
799
799
799
799
799
799
799
799
799
799
799
799
799
799
799
799
799
799
799
799
799
799
799
799
799
799
799
799
799
799
799
799
799
799
799
799
799
798.984
798.984
798.984
798.984
798.984
799
799
799
799
799
799
799
799
799
799
799
799
799
799
799
799
799
799
799
799
799
799
799
799
799
799
799
799
799
799
799
799
799
799
799
799
799
799
799
799
799
799
799
799
799
799
799
799
799
799
799
799
799
799
799
798.984
798.984
798.984
798.984
798.984
799
799
799
799
799
799
799
799
799
799
799
799
799
799
799
799
799
799
799
799
799
799
799
799
799
798.875
798.875
798.875
798.875
798.875
799
799
799
799
799
799
799
799
799
799
798.992
798.992
798.992
798.992
798.992
799
799
799
799
799
798.996
798.996
798.996
798.996
798.996
798.965
798.965
798.965
798.965
798.965
799
799
799
799
799
798.5
798.5
798.5
798.5
798.5
798.75
798.75
798.75
798.75
798.75
799
799
799
799
799
799
799
799
799
799
799
799
799
799
799
799
799
799
799
799
799
799
799
799
799
799
799
799
799
799
799
799
799
799
799
799
799
799
799
799
799
799
799
799
799
799
799
799
799
799
799
799
799
799
799
799
799
799
799
799
799
799
799
799
799
799
799
799
799
799
798.998
798.998
798.998
798.998
798.998
799
799
799
799
799
799
799
799
799
799
799
799
799
799
799
799
799
799
799
799
799
799
799
799
799
798.992
798.992
798.992
798.992
798.992
799
799
799
799
799
799
799
799
799
799
799
799
799
799
799
799
799
799
799
799
799
799
799
799
799
799
799
799
799
799
799
799
799
799
799
799
799
799
799
799
799
799
799
799
799
799
799
799
799
799
799
799
799
799
799
799
799
799
799
799
798.938
798.938
798.938
798.938
798.938
798.874
798.874
798.874
798.874
798.874
799
799
799
799
799
799
799
799
799
799
799
799
799
799
799
799
799
799
799
799
799
799
799
799
799
799
799
799
799
799
798.999
798.999
798.999
798.999
798.999
799
799
799
799
799
799
799
799
799
799
798.5
798.5
798.5
798.5
798.5
799
799
799
799
799
799
799
799
799
799
799
799
799
799
799
799
799
799
799
799
799
799
799
799
799
799
799
799
799
799
799
799
799
799
799
799
799
799
799
799
799
799
799
799
799
799
799
799
799
799
799
799
799
799
799
799
799
799
799
799
799
799
799
799
799
799
799
799
799
799
799
799
799
799
799
799
799
799
799
799
799
799
799
799
799
799
799
799
799
799
799
799
799
799
799
799
799
799
799
799
798.938
798.938
798.938
798.938
798.938
799
799
799
799
799
799
799
799
799
799
798.984
798.984
798.984
798.984
798.984
799
799
799
799
799
799
799
799
799
799
798.75
798.75
798.75
798.75
798.75
799
799
799
799
799
799
799
799
799
799
799
799
799
799
799
799
799
799
799
799
799
799
799
799
799
799
799
799
799
799
798.996
798.996
798.996
798.996
798.996
798.984
798.984
798.984
798.984
798.984
798.969
798.969
798.969
798.969
798.969
799
799
799
799
799
799
799
799
799
799
799
799
799
799
799
799
799
799
799
799
799
799
799
799
799
799
799
799
799
799
799
799
799
799
799
799
799
799
799
799
798.996
798.996
798.996
798.996
798.996
799
799
799
799
799
799
799
799
799
799
799
799
799
799
799
799
799
799
799
799
799
799
799
799
799
798.969
798.969
798.969
798.969
798.969
799
799
799
799
799
799
799
799
799
799
798.937
798.937
798.937
798.937
798.937
799
799
799
799
799
799
799
799
799
799
798.968
798.968
798.968
798.968
798.968
799
799
799
799
799
799
799
799
799
799
798.998
798.998
798.998
798.998
798.998
799
799
799
799
799
799
799
799
799
799
799
799
799
799
799
799
799
799
799
799
799
799
799
799
799
799
799
799
799
799
799
799
799
799
799
799
799
799
799
799
798.996
798.996
798.996
798.996
798.996
799
799
799
799
799
799
799
799
799
799
799
799
799
799
799
799
799
799
799
799
799
799
799
799
799
799
799
799
799
799
799
799
799
799
799
799
799
799
799
799
799
799
799
799
799
799
799
799
799
799
798.999
798.999
798.999
798.999
798.999
798.999
798.999
798.999
798.999
798.999
799
799
799
799
799
799
799
799
799
799
799
799
799
799
799
799
799
799
799
799
799
799
799
799
799
799
799
799
799
799
799
799
799
799
799
799
799
799
799
799
799
799
799
799
799
799
799
799
799
799
799
799
799
799
799
799
799
799
799
799
799
799
799
799
799
799
799
799
799
799
799
799
799
799
799
799
799
799
799
799
798.996
798.996
798.996
798.996
798.996
799
799
799
799
799
799
799
799
799
799
799
799
799
799
799
799
799
799
799
799
799
799
799
799
799
799
799
799
799
799
798.5
798.5
798.5
798.5
798.5
799
799
799
799
799
799
799
799
799
799
799
799
799
799
799
799
799
799
799
799
799
799
799
799
799
799
799
799
799
799
799
799
799
799
799
799
799
799
799
799
799
799
799
799
799
799
799
799
799
799
799
799
799
799
799
799
799
799
799
799
799
799
799
799
799
798.992
798.992
798.992
798.992
798.992
799
799
799
799
799
799
799
799
799
799
799
799
799
799
799
799
799
799
799
799
799
799
799
799
799
799
799
799
799
799
799
799
799
799
799
799
799
799
799
799
799
799
799
799
799
799
799
799
799
799
799
799
799
799
799
799
799
799
799
799
799
799
799
799
799
799
799
799
799
799
799
799
799
799
799
799
799
799
799
799
799
799
799
799
799
799
799
799
799
799
799
799
799
799
799
799
799
799
799
799
799
799
799
799
799
799
799
799
799
799
799
799
799
799
799
799
799
799
799
799
799
799
799
799
799
799
799
799
799
799
799
799
799
799
799
799
799
799
799
799
799
799
799
799
799
799
799
799
799
799
799
799
799
799
799
799
799
799
799
799
799
799
799
799
799
799
799
799
799
799
799
799
799
799
799
799
799
799
799
799
799
799
799
799
799
799
799
799
799
799
799
799
799
799
799
799
799
799
799
799
799
799
799
799
799
799
799
799
799
799
799
799
799
799
799
799
799
799
799
799
799
799
799
799
799
799
799
799
799
799
799
799
799
799
799
799
799
799
799
799
799
799
799
799
799
799
799
799
799
799
799
799
799
799
799
799
799
799
799
799
799
799
799
799
799
799
799
799
799
799
799
799
799
799
799
799
799
799
799
799
0
