0
0
0
0
356.905
356.905
356.905
356.905
356.905
533.113
533.113
533.113
533.113
533.113
420.141
420.141
420.141
420.141
420.141
288.253
288.253
288.253
288.253
288.253
695.082
695.082
695.082
695.082
695.082
212.989
212.989
212.989
212.989
212.989
548.667
548.667
548.667
548.667
548.667
464.203
464.203
464.203
464.203
464.203
358
358
358
358
358
422.434
422.434
422.434
422.434
422.434
278.652
278.652
278.652
278.652
278.652
473.594
473.594
473.594
473.594
473.594
619.773
619.773
619.773
619.773
619.773
322.459
322.459
322.459
322.459
322.459
554.875
554.875
554.875
554.875
554.875
376.76
376.76
376.76
376.76
376.76
663.727
663.727
663.727
663.727
663.727
278.688
278.688
278.688
278.688
278.688
563.688
555.125
555.125
555.125
555.125
414.762
414.762
414.762
414.762
414.762
678.644
678.644
678.644
678.644
678.644
406.898
406.898
406.898
406.898
406.898
692.5
692.5
692.5
692.5
692.5
476.057
476.057
476.057
476.057
476.057
604.47
604.47
604.47
604.47
604.47
534.566
534.566
534.566
534.566
534.566
556
556
556
556
556
441.25
441.25
441.25
441.25
441.25
452.507
452.507
452.507
452.507
452.507
298.969
298.969
298.969
298.969
298.969
436.872
436.872
436.872
436.872
436.872
516.75
516.75
516.75
516.75
516.75
586
586
586
586
586
501.628
501.628
501.628
501.628
501.628
395.787
395.787
395.787
395.787
395.787
493.797
493.797
493.797
493.797
493.797
637.438
637.438
637.438
637.438
637.438
651.839
651.839
651.839
651.839
651.839
543.906
543.906
543.906
543.906
543.906
495.75
495.75
495.75
495.75
495.75
616.016
616.016
616.016
616.016
616.016
579.547
579.547
579.547
579.547
579.547
534.458
534.458
534.458
534.458
534.458
343.933
343.933
343.933
343.933
343.933
424.675
424.675
424.675
424.675
424.675
346.34
346.34
346.34
346.34
346.34
471
471
471
471
471
411.42
411.42
411.42
411.42
411.42
558.074
558.074
558.074
558.074
558.074
499.5
499.5
499.5
499.5
499.5
452.375
452.375
452.375
452.375
452.375
446.582
446.582
446.582
446.582
446.582
459.439
459.439
459.439
459.439
459.439
386
386
386
386
386
604.838
604.838
604.838
604.838
604.838
716.54
716.54
716.54
716.54
716.54
498.375
498.375
498.375
498.375
498.375
429.649
429.649
429.649
429.649
429.649
556.938
556.938
556.938
556.938
556.938
564.5
564.5
564.5
564.5
564.5
738.313
738.313
738.313
738.313
738.313
384.055
384.055
384.055
384.055
384.055
528.515
528.515
528.515
528.515
528.515
591.25
591.25
591.25
591.25
591.25
506.406
506.406
506.406
506.406
506.406
707.672
707.672
707.672
707.672
707.672
271.786
271.786
271.786
271.786
271.786
472.688
472.688
472.688
472.688
472.688
458.938
458.938
458.938
458.938
458.938
557.016
557.016
557.016
557.016
557.016
487.131
487.131
487.131
487.131
487.131
689
689
689
689
689
630.892
630.892
630.892
630.892
630.892
638.063
638.063
638.063
638.063
638.063
289.375
289.375
289.375
289.375
289.375
465.193
465.193
465.193
465.193
465.193
581.281
581.281
581.281
581.281
581.281
553.016
553.016
553.016
553.016
553.016
305
305
305
305
305
656.393
656.393
656.393
656.393
656.393
606.25
606.25
606.25
606.25
606.25
451.967
451.967
451.967
451.967
451.967
636.5
636.5
636.5
636.5
636.5
408.659
408.659
408.659
408.659
408.659
371.322
371.322
371.322
371.322
371.322
693.09
693.09
693.09
693.09
693.09
674.895
674.895
674.895
674.895
674.895
464.212
464.212
464.212
464.212
464.212
460.148
460.148
460.148
460.148
460.148
459.07
459.07
459.07
459.07
459.07
516.447
516.447
516.447
516.447
516.447
350
350
350
350
350
495.891
495.891
495.891
495.891
495.891
657.516
657.516
657.516
657.516
657.516
501.465
501.465
501.465
501.465
501.465
382.338
382.338
382.338
382.338
382.338
667.386
667.386
667.386
667.386
667.386
617.844
617.844
617.844
617.844
617.844
391.749
391.749
391.749
391.749
391.749
308.807
308.807
308.807
308.807
308.807
590.43
590.43
590.43
590.43
590.43
0
0
0
0
0
354.258
354.258
354.258
354.258
354.258
604.594
604.594
620.188
620.188
620.188
715.641
715.641
715.641
715.641
715.641
601.875
601.875
601.875
601.875
601.875
470.668
470.668
470.668
470.668
470.668
436.125
436.125
436.125
436.125
436.125
683.203
683.203
683.203
683.203
683.203
592.875
592.875
592.875
592.875
592.875
387.656
387.656
387.656
387.656
387.656
430.316
430.316
430.316
430.316
430.316
387.375
387.375
387.375
387.375
387.375
452.305
452.305
452.305
452.305
452.305
473.438
473.438
473.438
473.438
473.438
151.333
151.333
151.333
151.333
151.333
527.984
527.984
527.984
527.984
527.984
713.919
713.919
713.919
713.919
713.919
731.239
731.239
731.239
731.239
731.239
486.191
486.191
486.191
486.191
486.191
295.641
295.641
295.641
295.641
295.641
668.328
668.328
668.328
668.328
668.328
592.93
592.93
592.93
592.93
592.93
502.439
502.439
502.439
502.439
502.439
650.25
650.25
650.25
650.25
650.25
577.078
577.078
577.078
577.078
577.078
538.75
538.75
538.75
538.75
538.75
270.258
270.258
270.258
270.258
270.258
357.5
357.5
357.5
357.5
357.5
444.224
444.224
444.224
444.224
444.224
488
488
488
488
488
345.25
345.25
345.25
345.25
345.25
465.219
465.219
465.219
465.219
465.219
184.763
184.763
184.763
184.763
184.763
468.5
468.5
468.5
468.5
468.5
466.551
466.551
466.551
466.551
466.551
443.578
443.578
443.578
443.578
443.578
592
592
592
592
592
345.898
345.898
345.898
345.898
345.898
384
384
384
384
384
391.274
391.274
391.274
391.274
391.274
443.961
443.961
443.961
443.961
443.961
572.4
572.4
572.4
572.4
572.4
659.107
659.107
659.107
659.107
659.107
529.273
529.273
529.273
529.273
529.273
561.933
561.933
561.933
561.933
561.933
263.898
263.898
263.898
263.898
263.898
515.203
515.203
515.203
515.203
515.203
599.234
599.234
599.234
599.234
599.234
328.375
328.375
328.375
328.375
328.375
483.219
483.219
483.219
483.219
483.219
641.531
641.531
641.531
641.531
641.531
584.781
584.781
584.781
584.781
584.781
708.532
708.532
708.532
708.532
708.532
587.133
587.133
587.133
587.133
587.133
530.37
530.37
530.37
530.37
530.37
279.142
279.142
279.142
279.142
279.142
584.375
584.375
584.375
584.375
584.375
637.234
637.234
637.234
637.234
637.234
326.638
326.638
326.638
326.638
326.638
550.713
550.713
550.713
550.713
550.713
478.301
478.301
478.301
478.301
478.301
257.141
257.141
257.141
257.141
257.141
578
578
578
578
578
568.156
568.156
568.156
568.156
568.156
392.526
392.526
392.526
392.526
392.526
306.117
306.117
306.117
306.117
306.117
360.75
360.75
360.75
360.75
360.75
676.471
676.471
676.471
676.471
676.471
493.547
493.547
493.547
493.547
493.547
378.996
378.996
378.996
378.996
378.996
557
557
557
557
557
192.938
192.938
192.938
192.938
192.938
349.367
349.367
349.367
349.367
349.367
671.281
671.281
671.281
671.281
671.281
700.988
700.988
700.988
700.988
700.988
381.48
381.48
381.48
381.48
381.48
570.688
570.688
570.688
570.688
570.688
567.625
567.625
567.625
567.625
567.625
530.364
530.852
530.852
530.852
530.852
352.095
352.095
352.095
352.095
352.095
358
358
358
358
358
693.536
693.536
693.536
693.536
693.536
444.469
444.469
444.469
444.469
444.469
681.25
681.25
681.25
681.25
681.25
608.563
608.563
608.563
608.563
608.563
466.436
466.436
466.436
466.436
466.436
578.766
578.766
578.766
578.766
578.766
422.643
422.643
422.643
422.643
422.643
619.957
619.957
619.957
619.957
619.957
258.625
258.625
258.625
258.625
258.625
691.879
691.879
691.879
691.879
691.879
293
293
293
293
293
520
520
520
520
520
572.641
572.641
572.641
572.641
572.641
657.505
657.505
657.505
657.505
657.505
531.5
531.5
531.5
531.5
531.5
510.641
510.641
510.641
510.641
510.641
315.305
315.305
315.305
315.305
315.305
557.375
557.375
557.375
557.375
557.375
129.875
129.875
129.875
129.875
129.875
761.871
761.871
761.871
761.871
761.871
688.633
688.633
688.633
688.633
688.633
707.25
707.25
707.25
707.25
707.25
490.902
490.902
490.902
490.902
490.902
594.242
594.242
594.242
594.242
594.242
639.75
639.75
639.75
639.75
639.75
484.397
484.397
484.397
484.397
484.397
429.865
429.865
429.865
429.865
429.865
438.074
438.074
438.074
438.074
438.074
571.625
571.625
571.625
571.625
571.625
208.125
208.125
208.125
208.125
208.125
441.442
441.442
441.442
441.442
441.442
594.629
594.629
594.629
594.629
594.629
507.948
507.948
507.948
507.948
507.948
569
569
569
569
569
450.305
450.305
450.305
450.305
450.305
497.978
497.978
497.978
497.978
497.978
565.5
565.5
565.5
565.5
565.5
521.477
521.477
521.477
521.477
521.477
461.188
461.188
461.188
461.188
523.375
270.625
270.625
270.625
270.625
270.625
760.023
760.023
760.023
760.023
760.023
308
308
308
308
308
310.023
310.023
310.023
310.023
310.023
697
697
697
697
697
408.997
408.997
408.997
408.997
408.997
564.932
564.932
564.932
564.932
564.932
275.125
275.125
275.125
275.125
275.125
487.549
487.549
487.549
487.549
487.549
609.172
609.172
609.172
609.172
609.172
644.922
644.922
644.922
644.922
644.922
599.125
599.125
599.125
599.125
599.125
467.332
467.332
467.332
467.332
467.332
575
575
575
575
575
325.102
325.102
325.102
325.102
325.102
336.875
336.875
336.875
336.875
336.875
395.124
395.124
395.124
395.124
395.124
474.5
474.5
474.5
474.5
474.5
573.906
573.906
573.906
573.906
573.906
420.792
420.792
420.792
420.792
420.792
324.039
324.039
324.039
324.039
324.039
526.023
526.023
526.023
526.023
526.023
124.25
124.25
124.25
124.25
124.25
397.25
397.25
397.25
397.25
397.25
277.469
277.469
277.469
277.469
277.469
486.188
486.188
486.188
486.188
486.188
657.662
657.662
657.662
657.662
657.662
386.813
386.813
386.813
386.813
386.813
672.805
672.805
672.805
672.805
672.805
582.422
582.422
582.422
582.422
582.422
321.891
321.891
321.891
321.891
321.891
586.375
593.75
593.75
593.75
593.75
697.768
697.768
697.768
697.768
697.768
396.492
396.492
396.492
396.492
396.492
300
300
300
300
300
408.443
408.443
408.443
408.443
408.443
264.691
264.691
264.691
264.691
264.691
454.756
454.756
454.756
454.756
454.756
657.086
657.086
657.086
657.086
657.086
595
595
595
595
595
500.75
500.75
500.75
500.75
500.75
570.75
570.75
570.75
570.75
570.75
533.111
533.111
533.111
533.111
533.111
467.5
467.5
467.5
467.5
467.5
458.362
458.362
458.362
458.362
458.362
229.495
229.495
229.495
229.495
229.495
411.088
411.088
411.088
411.088
411.088
570.359
570.359
570.359
570.359
570.359
258.857
258.857
258.857
258.857
258.857
229.329
229.329
229.329
229.329
229.329
510.969
510.969
510.969
510.969
510.969
433.704
433.704
433.704
433.704
433.704
464.813
464.813
464.813
464.813
464.813
516.813
516.813
516.813
516.813
516.813
510.234
510.234
510.234
510.234
510.234
532.094
532.094
532.094
532.094
532.094
614.467
614.467
614.467
614.467
614.467
456.506
456.506
456.506
456.506
456.506
557.385
557.385
557.385
557.385
557.385
515.578
515.578
515.578
515.578
515.578
512.695
512.695
512.695
517.516
517.516
489.441
489.441
489.567
489.567
489.567
627.521
627.521
627.521
627.521
627.521
567.93
567.93
567.93
567.93
567.93
330.117
330.117
330.117
330.117
330.117
666.867
666.867
666.867
666.867
666.867
592.435
592.435
592.435
592.435
592.435
604.406
604.406
604.406
604.406
604.406
391.594
391.594
391.594
391.594
391.594
515.575
515.575
515.575
515.575
515.575
444.317
444.317
444.317
444.317
444.317
495.594
495.594
495.594
495.594
495.594
657.203
657.203
657.203
657.203
657.203
440.688
440.688
440.688
440.688
440.688
613.641
612.672
612.672
612.672
612.672
637.438
637.438
637.438
637.438
637.438
599.238
599.238
599.238
599.238
599.238
647.75
647.75
647.75
647.75
647.75
392.883
392.883
392.883
392.883
392.883
552.243
552.243
552.243
552.243
552.243
516.71
516.71
516.71
516.71
516.71
554.648
554.648
554.648
554.648
554.648
663.145
663.145
663.145
663.145
663.145
519.523
519.523
519.523
519.523
519.523
377.93
377.93
377.93
377.93
377.93
422.594
422.594
422.594
422.594
422.594
454.301
454.301
454.301
454.301
454.301
185.41
185.41
185.41
185.41
185.41
509.594
509.594
509.594
509.594
509.594
632.406
632.406
632.406
632.406
632.406
458.902
458.902
458.902
458.902
458.902
549
549
549
549
549
485.014
485.014
485.014
485.014
485.014
638.187
638.187
638.187
638.187
638.187
415.875
415.875
415.875
415.875
415.875
596.318
596.318
596.318
596.318
596.318
578
578
578
578
578
333.35
333.35
333.35
333.35
333.35
499.492
499.492
499.492
499.492
499.492
651.188
651.188
651.188
651.188
651.188
427.375
427.375
427.375
427.375
427.375
604.883
604.883
604.883
604.883
604.883
546.602
546.602
546.602
546.602
546.602
569.656
569.656
569.656
569.656
622.313
401.133
401.133
401.133
401.133
401.133
255.594
255.594
255.594
255.594
255.594
692.971
692.971
692.971
692.971
692.971
571.658
571.658
571.658
571.658
571.658
523.73
523.73
523.73
523.73
523.73
586.078
586.078
586.078
586.078
586.078
252.156
252.156
252.156
252.156
252.156
675.375
675.375
675.375
675.375
675.375
520.758
520.758
520.758
520.758
520.758
448.65
448.65
448.65
448.65
448.65
341.5
341.5
341.5
341.5
341.5
484.5
484.5
484.5
484.5
484.5
604.25
604.25
604.25
604.25
604.25
486
486
486
486
486
528.742
528.742
528.742
528.742
528.742
597.125
597.125
597.125
597.125
597.125
626.266
626.266
626.266
626.266
626.266
477.648
477.648
477.648
477.648
477.648
551.457
551.457
551.457
551.457
551.457
470.365
470.365
470.365
470.365
470.365
430.291
430.291
430.291
430.291
430.291
458.688
458.688
458.688
458.688
458.688
488.234
488.234
488.234
488.234
488.234
363.25
363.25
363.25
363.25
363.25
590.75
590.75
590.75
590.75
590.75
584.781
584.781
584.781
584.781
584.781
483.727
483.727
483.727
483.727
483.727
227.695
227.695
227.695
227.695
227.695
361.483
361.483
361.483
361.483
361.483
747.463
747.463
747.463
747.463
747.463
492.11
492.11
492.11
492.11
492.11
332.063
332.063
332.063
332.063
332.063
399.5
399.5
399.5
399.5
399.5
635.156
635.156
635.156
635.156
635.156
493
493
493
493
493
646.664
646.664
646.664
646.664
646.664
587.233
587.233
587.233
587.233
587.233
470.582
470.582
470.582
470.582
470.582
701.411
701.411
701.411
701.411
701.411
408.531
408.531
408.531
408.531
408.531
452.656
452.656
452.656
452.656
452.656
430.271
430.271
430.271
430.271
430.271
595
595
595
595
595
518.125
518.125
518.125
518.125
518.125
397.912
397.912
397.912
397.912
397.912
502.125
502.125
491
491
491
515.063
515.063
515.063
515.063
515.063
389.802
389.802
389.802
389.802
389.802
556.391
556.391
556.391
556.391
556.391
448.063
448.063
448.063
448.063
448.063
613.925
613.925
613.925
613.925
613.925
490.938
490.938
490.938
490.938
490.938
717.969
717.969
717.969
717.969
717.969
495.078
495.078
495.078
495.078
495.078
358.761
358.761
358.761
358.761
358.761
316.938
316.938
316.938
316.938
316.938
436.914
436.914
436.914
436.914
436.914
422.375
422.375
422.375
422.375
422.375
504.229
504.229
504.229
504.229
504.229
669.25
669.25
669.25
669.25
669.25
275.516
275.516
275.516
275.516
275.516
487.405
487.405
487.405
487.405
487.405
667.375
667.375
667.375
667.375
667.375
534.496
534.496
534.496
534.496
534.496
638.881
638.881
638.881
638.881
638.881
390.607
390.607
390.607
390.607
390.607
475.5
475.5
475.5
475.5
475.5
418.172
418.172
418.172
418.172
418.172
642.859
642.859
642.859
642.859
642.859
334.438
334.438
334.438
334.438
334.438
578.25
578.25
578.25
578.25
578.25
368
368
368
368
368
435.837
435.837
435.837
435.837
435.837
304.063
304.063
304.063
304.063
304.063
628.318
628.318
628.318
628.318
628.318
554.289
554.289
554.289
554.289
554.289
672.453
672.453
672.453
672.453
672.453
415.688
415.688
415.688
415.688
415.688
542.875
542.875
542.875
542.875
542.875
487.928
487.928
487.928
487.928
487.928
442.156
442.156
442.156
442.156
442.156
663.375
663.375
663.375
663.375
663.375
212.313
212.313
212.313
212.313
212.313
765.937
765.937
765.937
765.937
765.937
701.75
701.75
701.75
701.75
701.75
654.918
654.918
654.918
654.918
654.918
614.498
614.498
614.498
614.498
614.498
544.799
544.799
544.799
544.799
544.799
279.67
279.67
279.67
279.67
279.67
560.25
560.25
560.25
560.25
560.25
568.376
568.376
568.376
568.376
568.376
425.586
425.586
425.586
425.586
425.586
721.75
721.75
721.75
721.75
721.75
629.117
629.117
629.117
629.117
629.117
353.625
353.625
353.625
353.625
353.625
710.969
710.969
710.969
710.969
710.969
588.089
588.089
588.089
588.089
588.089
337
337
337
337
337
328.629
328.629
328.629
328.629
328.629
570.438
570.438
570.438
570.438
570.438
575.703
575.703
575.703
575.703
575.703
0
0
0
0
0
421.997
421.997
421.997
421.997
421.997
604.938
604.938
604.938
604.938
604.938
506.3
506.3
506.3
506.3
506.3
628
628
628
628
628
659.172
659.172
659.172
659.172
659.172
168.063
168.063
168.063
168.063
168.063
634.758
634.758
634.758
634.758
634.758
496.344
496.344
496.344
496.344
496.344
638.845
638.845
638.845
638.845
638.845
445.125
445.125
445.125
445.125
445.125
367.656
367.656
367.656
367.656
367.656
556.938
556.938
556.938
556.938
556.938
359.649
359.649
359.649
359.649
359.649
484
484
484
484
484
418.044
418.044
418.044
418.044
418.044
696.484
696.484
696.484
696.484
696.484
544.083
544.083
544.083
544.083
544.083
575.355
575.355
575.355
575.355
575.355
765.7
765.7
765.7
765.7
765.7
533.484
533.484
533.484
533.484
533.484
437
437
437
437
437
526.056
526.056
526.056
526.056
526.056
503.673
503.673
503.673
503.673
503.673
274.5
274.5
274.5
274.5
274.5
357.88
357.88
357.88
357.88
357.88
550.188
550.188
550.188
550.188
550.188
628.75
628.75
628.75
628.75
628.75
393.188
393.188
393.188
393.188
393.188
422.538
422.538
422.538
422.538
422.538
564.447
564.447
564.447
564.447
564.447
707.742
707.742
707.742
707.742
707.742
626.5
626.5
626.5
626.5
626.5
543.625
543.625
543.625
543.625
543.625
456.75
456.75
456.75
456.75
456.75
546.141
546.141
546.141
546.141
546.141
464.344
464.344
464.344
464.344
464.344
548.084
548.084
548.084
548.084
548.084
362.246
362.246
362.246
362.246
362.246
327.734
327.734
327.734
327.734
327.734
576.781
576.781
576.781
576.781
576.781
663.961
663.961
663.961
663.961
663.961
491.156
491.156
491.156
491.156
491.156
635.66
635.66
635.66
635.66
635.66
393.25
393.25
393.25
393.25
393.25
601.732
601.732
601.732
601.732
601.732
365.648
365.648
365.648
365.648
365.648
713.368
713.368
713.37
713.37
713.37
388.846
388.846
388.846
388.846
388.846
577.665
577.665
577.664
577.664
577.664
530.297
530.297
530.297
530.297
530.297
737.721
737.721
737.721
737.721
737.721
475.445
475.445
475.445
475.445
475.445
613.323
613.323
613.323
613.323
613.323
497.451
497.451
497.451
497.451
497.451
285.548
285.548
285.548
285.548
285.548
537.047
537.047
537.047
537.047
537.047
608.304
608.304
608.304
608.304
608.304
579.543
579.543
579.543
579.543
579.543
635.531
635.531
635.531
635.531
635.531
215
215
215
215
215
335.266
335.266
335.266
335.266
335.266
493.475
493.475
493.475
493.475
493.475
593.875
593.875
593.875
593.875
593.875
241.407
241.48
241.48
241.48
241.48
410.719
410.719
410.719
410.719
410.719
394.898
394.898
394.898
394.898
394.898
506.5
506.5
506.5
506.5
506.5
406.646
406.646
406.646
406.646
406.646
519.75
519.75
519.75
519.75
519.75
180.226
180.226
180.226
180.226
180.226
606.031
606.031
606.031
606.031
606.031
180.085
180.085
180.085
180.085
180.085
483.313
483.313
483.313
483.313
483.313
502.656
502.656
502.656
502.656
502.656
558.641
558.641
558.641
558.641
558.641
727.492
727.492
727.492
727.492
727.492
318.172
318.172
318.172
318.172
318.172
311.358
311.358
311.358
311.358
311.358
477.859
477.859
477.859
477.859
477.859
428.465
428.465
428.465
428.465
428.465
549.532
549.532
549.532
549.532
549.532
591.625
591.625
591.625
591.625
591.625
384.521
384.521
384.521
384.521
384.521
598.395
598.395
598.395
598.395
598.395
557.61
557.61
557.61
557.61
557.61
335.206
335.206
335.206
335.206
335.206
476.125
476.125
476.125
476.125
476.125
363.612
363.612
363.612
363.612
363.612
519.484
519.484
519.484
519.484
519.484
400.041
400.041
400.041
400.041
400.041
592.219
592.219
592.219
592.219
592.219
674.125
674.125
674.125
674.125
674.125
592.344
592.344
592.344
592.344
592.344
322.273
322.273
322.273
322.273
322.273
398.052
398.052
398.052
398.052
398.052
698.709
698.709
698.709
698.709
698.709
475.949
475.949
475.949
475.949
475.949
554.595
554.595
554.595
554.595
554.595
479.625
479.625
479.625
479.625
479.625
607.625
607.625
607.625
607.625
607.625
741.15
741.15
741.15
741.15
741.15
470.748
470.748
470.748
470.748
470.748
476.051
476.051
476.051
476.051
476.051
505.688
505.688
505.688
505.688
505.688
577.125
577.125
577.125
577.125
577.125
679.354
679.354
679.354
679.354
679.354
511.559
511.559
511.559
511.559
511.559
614.137
614.137
614.137
614.137
614.137
524.375
524.375
524.375
524.375
524.375
401.5
401.5
401.5
401.5
401.5
667.313
667.313
667.313
667.313
667.313
231.242
231.242
231.242
231.242
231.242
384.25
384.25
384.25
384.25
384.25
429.238
429.238
429.238
429.238
429.238
510
510
510
510
510
668.75
668.75
668.75
668.75
668.75
457
457
457
457
457
388.337
388.337
388.337
388.337
388.337
487.553
487.553
487.553
487.553
487.553
407.109
407.109
407.109
407.109
407.109
491
491
491
491
491
549.642
549.642
549.642
549.642
549.642
464.156
464.156
464.156
464.156
464.156
609.039
609.039
609.039
609.039
609.039
441.398
441.398
441.398
441.398
441.398
448.75
448.75
448.75
448.75
448.75
515.469
515.469
515.469
515.469
515.469
540.1
540.1
540.1
540.1
540.1
569.801
569.801
569.801
569.801
569.801
525.615
525.615
525.615
525.615
525.615
482.313
482.313
482.313
482.313
482.313
375.051
375.051
375.051
375.051
375.051
607.771
607.771
607.771
607.771
607.771
380.305
380.305
380.305
380.305
380.305
421.235
421.235
421.235
421.235
421.235
509.237
509.237
509.237
509.237
509.237
446.824
446.824
446.824
446.824
446.824
542.135
542.135
542.135
542.135
542.135
676.052
676.052
676.052
676.052
676.052
456.875
456.875
456.875
456.875
456.875
632.375
632.375
632.375
632.375
632.375
337.601
337.601
337.601
337.601
337.601
618.727
618.727
618.727
618.727
618.727
474.182
474.182
474.182
474.182
474.182
697.613
697.613
697.613
697.613
697.613
599.25
599.25
599.25
599.25
599.25
465.438
465.438
465.438
465.438
465.438
520.125
520.125
520.125
520.125
520.125
474.5
474.5
474.5
474.5
474.5
654.633
654.633
654.633
654.633
654.633
343.428
343.428
343.428
343.428
343.428
722.125
722.125
722.125
722.125
722.125
507.426
507.426
507.426
507.426
507.426
270
270
270
270
270
703.639
703.639
703.639
703.639
703.639
540.641
540.641
540.641
540.641
540.641
471.064
471.064
471.064
471.064
471.064
304.5
304.5
304.5
304.5
304.5
579
579
579
579
579
431.483
431.483
431.483
431.483
431.483
349.188
349.188
349.188
349.188
349.188
316.906
316.906
316.906
316.906
316.906
318.453
318.453
318.453
318.453
318.453
580.855
580.855
580.855
580.855
580.855
630.875
630.875
630.875
630.875
630.875
554
554
554
554
554
669.768
669.768
669.768
669.768
669.768
618.563
618.563
618.563
618.563
618.563
283.616
283.616
283.616
283.616
283.616
338.313
338.313
338.313
338.313
338.313
182.823
182.823
182.823
182.823
182.823
661.992
661.992
661.992
661.992
661.992
689.244
689.244
689.244
689.244
689.244
518.813
518.813
518.813
518.813
518.813
359.719
359.719
359.719
359.719
359.719
659.5
659.5
659.5
659.5
659.5
358.641
358.641
358.641
358.641
358.641
511.047
511.047
511.047
511.047
511.047
545.5
545.5
545.5
545.5
545.5
270.453
270.453
270.453
270.453
270.453
509.5
509.5
509.5
509.5
509.5
650.118
650.118
650.118
650.118
650.118
393.25
393.25
393.25
393.25
393.25
205.127
205.127
205.127
205.127
205.127
549.081
549.081
549.081
549.081
549.081
477.688
477.688
477.688
477.688
477.688
558
558
558
558
558
448.25
448.25
448.25
448.25
448.25
604.438
604.438
604.438
604.438
604.438
410.391
410.391
410.391
410.391
410.391
606.529
606.529
606.529
606.529
606.529
696
696
696
696
696
553.629
553.629
553.629
553.629
553.629
239.594
239.594
239.594
239.594
239.594
635.688
635.688
635.688
635.688
635.688
393.375
393.375
393.375
393.375
393.375
451.512
451.512
451.512
451.512
451.512
519.15
519.15
519.15
519.15
519.15
570.989
570.989
570.989
570.989
570.989
442.387
442.387
442.387
442.387
442.387
629.531
629.531
629.531
629.531
629.531
469.835
469.764
469.764
469.764
469.764
563.535
563.535
563.535
563.535
563.535
408.16
408.16
408.16
408.16
408.16
469.705
469.705
469.705
469.705
469.705
507.844
507.844
507.844
507.844
507.844
442.855
442.855
442.855
442.855
442.855
529.896
529.896
529.896
529.896
529.896
196.125
196.125
196.125
196.125
196.125
545.75
545.75
545.75
545.75
545.75
728.438
728.438
728.438
728.438
728.438
285.508
285.508
285.508
285.508
285.508
512.134
512.134
512.134
512.134
512.134
259.268
259.268
259.268
259.268
259.268
433.061
433.061
433.061
433.061
433.061
567.753
567.753
567.753
567.753
567.753
480
480
480
480
480
546.375
546.375
546.375
546.375
546.375
557.766
557.766
557.766
557.766
557.766
666.203
666.203
666.203
666.203
666.203
374.938
374.938
374.938
374.938
374.938
388.078
388.078
388.078
388.078
388.078
689.787
689.787
689.787
689.787
689.787
644
644
644
644
644
674.973
674.973
674.973
674.973
674.973
569.25
569.25
569.25
569.25
569.25
524.5
524.5
524.5
524.5
524.5
573.75
573.75
573.75
573.75
573.75
648.375
648.375
648.375
648.375
648.375
427.156
427.156
427.156
427.156
427.156
481.25
481.25
481.25
481.25
481.25
442.079
442.079
442.079
442.079
442.079
642.188
642.188
642.188
642.188
642.188
717.875
717.875
717.875
717.875
717.875
607.801
607.801
607.801
607.801
607.801
394.744
394.744
394.744
394.744
394.744
685.156
685.156
685.156
685.156
685.156
570.438
570.438
570.438
570.438
570.438
431.928
431.928
431.928
431.928
431.928
435.773
435.773
435.773
435.773
435.773
508.444
508.444
508.444
508.444
508.444
625
625
625
625
625
373.082
373.082
373.082
373.082
373.082
683.645
683.645
683.645
683.645
683.645
617.5
617.5
617.5
617.5
617.5
454.5
454.5
454.5
454.5
454.5
312
312
312
312
312
462.75
462.75
462.75
462.75
462.75
579.784
579.784
579.784
579.784
579.784
563
563
563
563
563
698.25
698.25
698.25
698.25
698.25
730.859
730.859
730.859
730.859
730.859
519.063
519.063
519.063
519.063
519.063
0
0
0
0
0
378.5
378.5
378.5
378.5
378.5
500.176
500.176
500.176
500.176
500.176
514.266
514.266
514.266
514.266
514.266
519.549
519.549
519.549
519.549
519.549
388.813
388.813
388.813
388.813
388.813
352.397
352.397
352.397
352.397
352.397
221.751
221.751
221.751
221.751
221.751
668.251
668.251
668.251
668.251
668.251
394.645
394.645
394.645
394.645
394.645
416.625
416.625
416.625
416.625
416.625
524.75
524.75
524.75
524.75
524.75
368.695
368.695
368.695
368.695
368.695
374.344
374.344
374.344
374.344
374.344
360.5
360.5
360.5
360.5
360.5
710.191
710.191
710.191
710.191
710.191
330.139
330.139
330.902
330.902
330.902
489.25
489.25
489.25
489.25
489.25
486.818
486.818
486.818
486.818
486.818
215.059
215.059
215.059
215.059
215.059
245.472
245.472
245.472
245.472
245.472
595.266
595.266
595.266
595.266
595.266
600.474
600.474
600.474
600.474
600.474
552.125
552.125
552.125
552.125
552.125
568.317
568.317
568.317
568.317
568.317
699.132
699.132
699.132
699.132
699.132
368.9
368.9
368.9
368.9
368.9
611.23
611.23
611.23
611.23
611.23
461.332
461.332
461.332
461.332
461.332
420.848
420.848
420.848
420.848
420.848
560.039
560.039
560.039
560.039
560.039
724.787
724.787
724.787
724.787
724.787
756.99
756.99
756.99
756.99
756.99
665.031
665.031
665.031
665.031
665.031
333
333
333
333
333
667.875
667.875
667.875
667.875
667.875
522.368
522.368
522.368
522.368
522.368
347.188
347.188
347.188
347.188
347.188
625.762
625.762
625.762
625.762
625.762
366.389
366.389
366.389
366.389
366.389
298.938
298.938
298.938
298.938
298.938
506.79
506.79
506.79
506.79
506.79
449.25
449.25
449.25
449.25
449.25
562.688
562.688
562.688
562.688
562.688
504.25
504.25
504.25
504.25
504.25
621.136
621.136
621.136
621.136
621.136
519.734
519.734
519.734
519.734
519.734
529.5
529.5
529.5
529.5
529.5
544.237
544.237
544.237
544.237
544.237
558.281
558.281
558.281
558.281
558.281
625
625
625
625
625
572.969
572.969
572.969
572.969
572.969
523.781
523.781
523.781
523.781
523.781
525.98
525.98
525.98
525.98
525.98
429.877
429.877
429.877
429.877
429.877
674.25
674.25
674.25
674.25
674.25
551.344
551.344
551.344
551.344
551.344
405.94
405.94
405.94
405.94
405.94
376.896
376.896
376.896
376.896
376.896
482.687
482.687
482.687
482.687
482.687
677.18
677.18
677.18
677.18
677.18
636.688
636.688
636.688
636.688
636.688
428.868
428.868
428.868
428.868
428.868
539.25
539.25
539.25
539.25
539.25
345.445
345.445
345.445
345.445
345.445
704.336
704.336
704.336
704.336
704.336
580.172
580.172
580.172
580.172
580.172
451.906
451.906
451.906
451.906
451.906
581.75
581.75
581.75
581.75
581.75
752.448
752.448
752.448
752.448
752.448
387.035
387.035
387.035
387.035
387.035
496.781
496.781
496.781
496.781
496.781
571.156
571.156
571.156
571.156
571.156
298.308
298.308
298.308
298.308
298.308
690.893
690.893
690.893
690.893
690.893
486.75
486.75
486.75
486.75
486.75
586
586
586
586
586
427
427
427
427
427
376.188
376.188
376.188
376.188
376.188
717
717
717
717
717
333.359
333.359
333.359
333.359
333.359
518.163
518.163
518.163
518.163
518.163
664.25
664.25
664.25
664.25
664.25
442.728
442.728
442.728
442.728
442.728
503.188
503.188
503.188
503.188
503.188
332
332
332
332
332
623.082
623.082
623.082
623.082
623.082
418.875
418.875
418.875
418.875
418.875
527.227
527.227
527.227
527.227
527.227
678.382
678.382
678.382
678.382
678.382
249.883
249.883
249.883
249.883
249.883
641.333
641.333
641.333
641.333
641.333
487.741
487.741
487.741
487.741
487.741
592.672
592.672
592.672
592.672
592.672
552.287
552.287
552.287
552.287
552.287
484
484
484
484
484
664.5
664.5
664.5
664.5
664.5
708.713
708.713
708.713
708.713
708.713
518.227
518.227
518.227
518.227
518.227
713.75
713.75
713.75
713.75
713.75
638.009
638.009
638.009
638.009
638.009
487.672
487.672
487.672
487.672
487.672
572.383
572.383
572.383
572.383
572.383
437.805
437.626
437.626
437.626
437.626
312.896
312.896
312.896
312.896
312.896
498.75
498.75
498.75
498.75
498.75
418.5
418.5
418.5
418.5
418.5
651.625
651.625
651.625
651.625
651.625
671.5
671.5
671.5
671.5
671.5
475.585
475.585
475.585
475.585
475.585
586.673
586.673
586.673
586.673
586.673
674.023
674.023
674.023
674.023
674.023
450.836
450.836
450.836
450.836
450.836
466.199
466.199
466.199
466.199
466.199
501.375
501.375
501.375
501.375
501.375
470.324
470.324
470.324
470.324
470.324
600.281
600.281
600.281
600.281
600.281
521.172
521.172
521.172
521.172
521.172
491.828
491.828
491.828
491.828
491.828
677.578
677.578
677.578
677.578
677.578
531.358
531.358
531.358
531.358
531.358
468.355
468.355
468.355
468.355
468.355
667.813
667.813
667.813
667.813
667.813
719.5
719.5
719.5
719.5
719.5
307.953
307.953
307.953
307.953
307.953
676.16
676.16
676.16
676.16
676.16
468.539
468.539
468.539
468.539
468.539
580.758
580.758
580.758
580.758
580.758
295.137
295.137
295.137
295.137
295.137
674.625
674.625
674.625
674.625
674.625
415
415
415
415
415
424.947
424.947
424.947
424.947
424.947
495.172
495.172
495.172
495.172
495.172
533.813
533.813
533.813
533.813
533.813
584.421
584.421
584.421
584.421
584.421
654.031
654.031
654.031
654.031
654.031
370.512
370.512
370.512
370.512
370.512
432.188
432.188
432.188
432.188
432.188
618.075
618.075
618.075
618.075
618.075
444.578
444.578
444.578
444.578
444.578
364.875
364.875
364.875
364.875
364.875
399.976
399.976
399.976
399.976
399.976
237.875
237.875
237.875
237.875
237.875
585.907
585.907
585.907
585.907
585.907
431.109
431.109
431.109
431.109
431.109
576.5
576.5
576.5
576.5
576.5
504.875
504.875
504.875
504.875
504.875
606.945
606.945
606.945
606.945
606.945
435.236
435.236
435.236
435.236
435.236
431.563
431.563
431.563
431.563
431.563
583.328
583.328
583.328
583.328
583.328
356.375
356.375
356.375
356.375
356.375
541.129
541.129
541.129
541.129
541.129
595.023
595.023
595.023
595.023
595.023
443.918
443.918
443.918
443.918
443.918
481.616
481.616
481.616
481.616
481.616
477.753
477.753
477.753
477.753
477.753
230.239
230.239
230.239
230.239
234.916
261.5
261.5
261.5
261.5
261.5
300
300
300
300
300
363
363
363
363
363
382.813
382.813
382.813
382.813
382.813
492.709
492.709
492.709
492.709
492.709
581.094
582.375
582.375
582.375
582.375
636.375
636.375
636.375
636.375
636.375
633.75
633.75
633.75
633.75
633.75
499.109
499.109
499.109
499.109
499.109
486.375
486.375
486.375
486.375
486.375
623.324
623.324
623.324
623.324
623.324
652.961
652.961
652.961
652.961
652.961
213.25
213.25
213.25
213.25
213.25
537.689
537.689
537.689
537.689
537.689
774.281
774.281
774.281
774.281
774.281
611.023
611.023
611.023
611.023
611.023
571.25
571.25
571.25
571.25
571.25
603.375
603.375
603.375
603.375
603.375
538.063
538.063
538.063
538.063
538.063
469.867
469.867
469.867
469.867
469.867
403.25
403.25
403.25
403.25
403.25
344.235
344.235
344.235
344.235
344.235
599.563
599.563
599.563
599.563
599.563
423.89
423.89
423.89
423.89
423.89
519.75
519.75
519.75
519.75
519.75
455.563
455.563
455.563
455.563
455.563
493.086
493.086
493.086
493.086
493.086
409.033
409.033
409.033
409.033
409.033
483
483
483
483
483
0
0
0
0
0
598.5
598.5
598.5
598.5
598.5
336.506
336.506
336.506
336.506
336.506
482.313
482.313
482.313
482.313
482.313
514.441
514.441
514.441
514.441
514.441
594.75
594.75
594.75
594.75
594.75
727.417
727.417
727.417
727.417
727.417
540.266
540.266
540.266
540.266
540.266
690.375
690.375
690.375
690.375
690.375
635.244
635.244
635.244
635.244
635.244
440.937
440.937
440.937
440.937
440.937
215.398
215.398
215.398
215.398
215.398
360.125
360.125
360.125
360.125
360.125
568.538
568.538
568.538
568.538
568.538
528
528
528
528
528
582.432
582.432
582.432
582.432
582.432
189.5
189.5
189.5
189.5
189.5
571.805
571.805
571.805
571.805
571.805
211.93
211.93
211.93
211.93
211.93
644.273
644.273
644.273
644.273
644.273
319.781
319.781
319.781
319.781
319.781
375
375
375
375
375
365.695
365.695
365.695
365.695
365.695
527.008
527.008
527.008
527.008
527.008
541
541
541
541
541
490.549
490.549
490.549
490.549
490.549
461
461
461
461
461
305.347
305.347
305.347
305.347
305.347
408.969
408.969
408.969
408.969
408.969
274.063
274.063
274.063
274.063
274.063
538.251
538.251
538.251
538.251
538.251
752.469
752.469
752.469
752.469
752.469
502.308
502.308
502.308
502.308
502.308
634.916
634.916
634.916
634.916
634.916
641.199
641.199
641.199
641.199
641.199
752.359
752.359
752.359
752.359
752.359
287.5
287.5
287.5
287.5
287.5
391.781
391.781
391.781
391.781
391.781
589.098
589.098
589.098
589.098
589.098
358.267
358.267
358.267
358.267
358.267
649.805
649.805
649.805
649.805
649.805
218.824
218.824
218.824
218.824
218.824
565.025
565.025
565.025
565.025
565.025
641.703
641.703
641.703
641.703
641.703
657.406
657.406
657.406
657.406
657.406
478.625
478.625
478.625
478.625
478.625
592.101
592.101
592.101
592.101
592.101
562.063
562.063
562.063
562.063
562.063
611.379
611.379
611.379
611.379
611.379
218.992
218.992
218.992
218.992
218.992
615.902
615.902
615.902
615.902
615.902
462.59
462.59
462.59
462.59
462.59
442.5
442.5
442.5
442.5
442.5
654.994
654.994
654.994
654.994
654.994
683.812
683.812
683.812
683.812
683.812
607.5
607.5
607.5
607.5
607.5
486.322
486.322
486.322
486.322
486.322
480.077
480.077
480.077
480.077
480.077
491.141
491.141
491.141
491.141
491.141
558.094
558.094
558.094
558.094
558.094
576.809
576.809
576.809
576.809
576.809
523.688
523.688
523.688
523.688
523.688
688.254
688.254
688.254
688.254
688.254
374.344
374.344
374.344
374.344
374.344
467.43
467.43
467.43
467.43
467.43
643.121
643.121
643.121
643.121
643.121
735.531
735.531
735.531
735.531
735.531
285.559
285.559
285.559
285.559
285.559
407.93
407.93
407.93
407.93
407.93
349.073
349.073
349.073
349.073
349.073
535.125
535.125
535.125
535.125
535.125
523.664
523.664
523.664
523.664
523.664
436.25
436.25
436.25
436.25
436.25
472.827
472.827
472.827
472.827
472.827
479.281
479.281
479.281
479.281
479.281
559.82
559.82
559.82
559.82
559.82
577.234
577.234
577.234
577.234
577.234
464
464
464
464
464
407.184
407.184
407.184
407.184
407.184
328.5
328.5
328.5
328.5
328.5
526.375
526.375
526.375
526.375
526.375
580.313
580.313
580.313
580.313
580.313
673.586
673.586
673.586
673.586
673.586
578.714
578.714
578.714
578.714
578.714
595.594
595.594
595.594
595.594
595.594
442.313
442.313
442.313
442.313
442.313
659.984
659.984
659.984
659.984
659.984
594.5
594.5
594.5
594.5
594.5
561.904
561.904
561.904
561.904
561.904
638.328
638.328
638.328
638.328
638.328
555.203
555.203
555.203
555.203
555.203
463.983
463.983
463.983
463.983
463.983
443.835
443.835
443.835
443.835
443.835
562.5
562.5
562.5
562.5
562.5
619.609
619.609
619.609
619.609
619.609
472.375
472.375
472.375
472.375
472.375
614.902
614.902
614.902
614.902
614.902
515.07
515.07
515.07
515.07
515.07
662.5
662.5
662.5
662.5
662.5
462.497
462.497
462.497
462.497
462.497
532.149
532.149
532.149
532.149
532.149
559.333
559.333
559.333
559.333
559.333
600.172
600.172
600.172
600.172
600.172
675.544
675.544
675.544
675.544
675.544
275.25
275.25
275.25
275.25
275.25
400.395
400.395
400.395
400.395
400.395
549.75
549.75
549.75
549.75
549.75
459.937
459.937
459.937
459.937
459.937
449.875
449.875
449.875
449.875
449.875
584.25
584.25
584.25
584.25
584.25
401.727
401.727
401.727
401.727
401.727
660.445
660.445
660.445
660.445
660.445
593.016
593.016
593.016
593.016
593.016
448.239
448.239
448.239
448.239
448.239
548.906
548.906
548.906
548.906
548.906
497.75
497.75
497.75
497.75
497.75
663.582
663.582
663.582
663.582
663.582
535.454
535.454
535.454
535.454
535.454
569.803
569.803
569.803
569.803
569.803
233.543
233.543
233.543
233.543
233.543
749.59
749.59
749.59
749.59
749.59
658.51
658.51
658.51
658.51
658.51
493.704
493.704
493.704
493.704
493.704
466.696
466.696
466.696
466.696
466.696
654.865
654.865
654.865
654.865
654.865
562.875
562.875
562.875
562.875
562.875
525.907
525.907
525.907
525.907
525.907
616.391
616.391
616.391
616.391
616.391
522.531
522.531
522.531
522.531
522.531
381.969
381.969
381.969
381.969
381.969
273.925
273.925
273.925
273.925
273.925
242.166
242.166
242.166
242.166
242.166
536.297
536.297
536.297
536.297
536.297
0
