0
0
0
0
766.04
766.04
766.04
766.04
766.04
767.867
767.867
767.867
767.867
767.867
724.692
724.692
724.692
724.692
724.692
773.011
773.011
773.011
773.011
773.011
755.82
755.82
755.82
755.82
755.82
432.649
432.649
432.649
432.649
432.649
790.137
790.137
790.137
790.137
790.137
741.354
741.354
741.354
741.354
741.354
765.261
765.261
765.261
765.261
765.261
758.322
758.322
758.322
758.322
758.322
775.868
775.868
775.868
775.868
775.868
782.177
782.177
782.177
782.177
782.177
728.098
728.098
728.098
728.098
728.098
597.404
597.404
597.404
597.404
597.404
706.449
706.449
706.449
706.449
706.449
760.755
760.755
760.755
760.755
760.755
739.749
739.749
739.749
739.749
739.749
766.985
766.985
766.985
766.985
766.985
791.608
791.608
791.608
791.608
791.608
781.543
781.543
781.543
781.543
781.543
780.785
780.785
780.785
780.785
780.785
794.733
794.733
794.733
794.733
794.733
779.435
779.435
779.435
779.435
779.435
788.854
788.854
788.854
788.854
788.854
791.86
791.86
791.86
791.86
791.86
787.989
787.989
787.989
787.989
787.989
784.843
784.843
784.843
784.843
784.843
790.892
790.892
790.892
790.892
790.892
778.079
778.079
778.079
778.079
778.079
782.796
782.796
782.796
782.796
782.796
786.5
786.5
786.5
786.5
786.5
772.535
772.535
772.535
772.535
772.535
782.233
782.233
782.233
782.233
782.233
787.868
787.868
787.868
787.868
787.868
787.766
787.766
787.766
787.766
787.766
788.253
788.253
788.253
788.253
788.253
787.429
787.429
787.429
787.429
787.429
784.304
784.304
784.304
784.304
784.304
771.529
771.529
771.529
771.529
771.529
780.93
780.93
780.93
780.93
780.93
785.115
785.115
785.115
785.115
785.115
760.739
760.739
760.739
760.739
760.739
791.33
791.33
791.33
791.33
791.33
773.691
773.691
773.691
773.691
773.691
772.814
772.814
772.814
772.814
772.814
784.197
784.197
784.197
784.197
784.197
780.713
780.713
780.713
780.713
780.713
780.478
780.478
780.478
780.478
780.478
789.483
789.483
789.483
789.483
789.483
779.079
779.079
779.079
779.079
779.079
774.284
774.284
774.284
774.284
774.284
785.479
785.479
785.479
785.479
785.479
755.046
755.046
755.046
755.046
755.046
764.982
764.982
764.982
764.982
764.982
740.017
740.017
740.017
740.017
740.017
426.86
426.86
426.86
426.86
426.86
662.182
662.182
662.182
662.182
662.182
336.371
336.371
336.371
336.371
336.371
419.399
419.399
419.399
419.399
419.399
779
779
779
779
779
784.133
784.133
784.133
784.133
784.133
778.401
778.401
778.401
778.401
778.401
767.678
767.678
767.678
767.678
767.678
794.945
794.945
794.945
794.945
794.945
784.827
784.827
784.827
784.827
784.827
794.388
794.388
794.388
794.388
794.388
783.381
783.381
783.381
783.381
783.381
790.344
790.344
790.344
790.344
790.344
782.818
782.818
782.818
782.818
782.818
790.086
790.086
790.086
790.086
790.086
781.388
781.388
781.388
781.388
781.388
778.984
778.984
778.984
778.984
778.984
787.115
787.115
787.115
787.115
787.115
769.934
769.934
769.934
769.934
769.934
766.143
766.143
766.143
766.143
766.143
790.351
790.351
790.351
790.351
790.351
793.875
793.875
793.875
793.875
793.875
782.509
782.509
782.509
782.509
782.509
783.506
783.506
783.506
783.506
783.506
776.561
776.561
776.561
776.561
776.561
768.065
768.065
768.065
768.065
768.065
786.774
786.774
786.774
786.774
786.774
751.934
751.934
751.934
751.934
751.934
744.833
744.833
744.833
744.833
744.833
792.237
792.237
792.237
792.237
792.237
782.435
782.435
782.435
782.435
782.435
771.541
771.541
771.541
771.541
771.541
795.35
795.35
795.35
795.35
795.35
784.971
784.971
784.971
784.971
784.971
784.775
784.775
784.775
784.775
784.775
763.589
763.589
763.589
763.589
763.589
766.931
766.931
766.931
766.931
766.931
790.513
790.513
790.513
790.513
790.513
792.351
792.351
792.351
792.351
792.351
787.714
787.714
787.714
787.714
787.714
785.469
785.469
785.469
785.469
785.469
780.097
780.097
780.097
780.097
780.097
766.069
766.069
766.069
766.069
766.069
745.005
745.005
745.005
745.005
745.005
793.15
793.15
793.15
793.15
793.15
790.618
790.618
790.618
790.618
790.618
780.891
780.891
780.891
780.891
780.891
785.599
785.599
785.599
785.599
785.599
787.995
787.995
787.995
787.995
787.995
772.2
772.2
772.2
772.2
772.2
784.866
784.866
784.866
784.866
784.866
780.872
780.872
780.872
780.872
780.872
782.335
782.335
782.335
782.335
782.335
797.171
797.171
797.171
797.171
797.171
795.61
795.61
795.61
795.61
795.61
791.584
791.584
791.584
791.584
791.584
795.325
795.325
795.325
795.325
795.325
794.478
794.478
794.478
794.478
794.478
789.524
789.524
789.524
789.524
789.524
797.541
797.541
797.541
797.541
797.541
792.815
792.815
792.815
792.815
792.815
792.099
792.099
792.099
792.099
792.099
793.012
793.012
793.012
793.012
793.012
794.719
794.719
794.719
794.719
794.719
786.877
786.877
786.877
786.877
786.877
795.179
795.179
795.179
795.179
795.179
790.244
790.244
790.244
790.244
790.244
789.382
789.382
789.382
789.382
789.382
794.549
794.549
794.549
794.549
794.549
793.356
793.356
793.356
793.356
793.356
783.439
783.439
783.439
783.439
783.439
796.328
796.328
796.328
796.328
796.328
789.063
789.063
789.063
789.063
789.063
794.219
794.219
794.219
794.219
794.219
794.807
794.807
794.807
794.807
794.807
791.461
791.461
791.461
791.461
791.461
786.303
786.303
786.303
786.303
786.303
796.101
796.101
796.101
796.101
796.101
789.77
789.77
789.77
789.77
789.77
787.916
787.916
787.916
787.916
787.916
792.985
792.985
792.985
792.985
792.985
796.013
796.013
796.013
796.013
796.013
786.754
786.754
786.754
786.754
786.754
789.819
789.819
789.819
789.819
789.819
786.453
786.453
786.453
786.453
786.453
793.038
793.038
793.038
793.038
793.038
794.789
794.789
794.789
794.789
794.789
795.727
795.727
795.727
795.727
795.727
788.648
788.648
788.648
788.648
788.648
792.924
792.924
792.924
792.924
792.924
774.105
774.105
774.105
774.105
774.105
783.686
783.686
783.686
783.686
783.686
787.625
787.625
787.625
787.625
787.625
787.694
787.694
787.694
787.694
787.694
784.611
784.611
784.611
784.611
784.611
794.447
794.447
794.447
794.447
794.447
797
797
797
797
797
795.778
795.778
795.778
795.778
795.778
797.645
797.645
797.645
797.645
797.645
791.707
791.707
791.707
791.707
791.707
788.849
788.849
788.849
788.849
788.849
796.471
796.471
796.471
796.471
796.471
794.424
794.424
794.424
794.424
794.424
791.758
791.758
791.758
791.758
791.758
797.455
797.455
797.455
797.455
797.455
795.239
795.239
795.239
795.239
795.239
792.452
792.452
792.452
792.452
792.452
791.566
791.566
791.566
791.566
791.566
786.913
786.913
786.913
786.913
786.913
783.333
783.333
783.333
783.333
783.333
793.249
793.249
793.249
793.249
793.249
788.355
788.355
788.355
788.355
788.355
783.318
783.318
783.318
783.318
783.318
793.074
793.074
793.074
793.074
793.074
791.9
791.9
791.9
791.9
791.9
792.434
792.434
792.434
792.434
792.434
794.969
794.969
794.969
794.969
794.969
793.645
793.645
793.645
793.645
793.645
790.562
790.562
790.562
790.562
790.562
796.564
796.564
796.564
796.564
796.564
796.256
796.256
796.256
796.256
796.256
794.716
794.716
794.716
794.716
794.716
794.159
794.159
794.159
794.159
794.159
787.663
787.663
787.663
787.663
787.663
779.926
779.926
779.926
779.926
779.926
798.003
798.003
798.003
798.003
798.003
791.355
791.355
791.355
791.355
791.355
792.406
792.406
792.406
792.406
792.406
791.377
791.377
791.377
791.377
791.377
785.195
785.195
785.195
785.195
785.195
790.35
790.35
790.35
790.35
790.35
793.563
793.563
793.563
793.563
793.563
788.546
788.546
788.546
788.546
788.546
785.985
785.985
785.985
785.985
785.985
797.066
797.066
797.066
797.066
797.066
793.957
793.957
793.957
793.957
793.957
793.797
793.797
793.797
793.797
793.797
788.47
788.47
788.47
788.47
788.47
788.91
788.91
788.91
788.91
788.91
786.018
786.018
786.018
786.018
786.018
797.495
797.495
797.495
797.495
797.495
779.514
779.514
779.514
779.514
779.514
788.504
788.504
788.504
788.504
788.504
796.676
796.676
796.676
796.676
796.676
796.042
796.042
796.042
796.042
796.042
791.91
791.91
791.91
791.91
791.91
797.031
797.031
797.031
797.031
797.031
792.077
792.077
792.077
792.077
792.077
787.238
787.238
787.238
787.238
787.238
797.239
797.239
797.239
797.239
797.239
789.747
789.747
789.747
789.747
789.747
788.843
788.843
788.843
788.843
788.843
795.627
795.627
795.627
795.627
795.627
795.149
795.149
795.149
795.149
795.149
787.972
787.972
787.972
787.972
787.972
795.209
795.209
795.209
795.209
795.209
793.857
793.857
793.857
793.857
793.857
793.366
793.366
793.366
793.366
793.366
795.492
795.492
795.492
795.492
795.492
793.294
793.294
793.294
793.294
793.294
789.389
789.389
789.389
789.389
789.389
796.482
796.482
796.482
796.482
796.482
793.669
793.669
793.669
793.669
793.669
788.218
788.218
788.218
788.218
788.218
796.815
796.815
796.815
796.815
796.815
794.435
794.435
794.435
794.435
794.435
790.575
790.575
790.575
790.575
790.575
795.688
795.688
795.688
795.688
795.688
793.652
793.652
793.652
793.652
793.652
791.562
791.562
791.562
791.562
791.562
793.574
793.574
793.574
793.574
793.574
792.66
792.66
792.66
792.66
792.66
787.621
787.621
787.621
787.621
787.621
795.89
795.89
795.89
795.89
795.89
793.278
793.278
793.278
793.278
793.278
792.973
792.973
792.973
792.973
792.973
797.05
797.05
797.05
797.05
797.05
796.147
796.147
796.147
796.147
796.147
793.598
793.598
793.598
793.598
793.598
795.494
795.494
795.494
795.494
795.494
793.031
793.031
793.031
793.031
793.031
790.103
790.103
790.103
790.103
790.103
797.42
797.42
797.42
797.42
797.42
796.845
796.845
796.845
796.845
796.845
790.014
790.014
790.014
790.014
790.014
796.652
796.652
796.652
796.652
796.652
794.614
794.614
794.614
794.614
794.614
793.556
793.556
793.556
793.556
793.556
797.766
797.766
797.766
797.766
797.766
795.08
795.08
795.08
795.08
795.08
794.226
794.226
794.226
794.226
794.226
795.493
795.493
795.493
795.493
795.493
791.527
791.527
791.527
791.527
791.527
787.756
787.756
787.756
787.756
787.756
795.77
795.77
795.77
795.77
795.77
793.361
793.361
793.361
793.361
793.361
792.724
792.724
792.724
792.724
792.724
796.52
796.52
796.52
796.52
796.52
794.114
794.114
794.114
794.114
794.114
792.809
792.809
792.809
792.809
792.809
797.266
797.266
797.266
797.266
797.266
793.682
793.682
793.682
793.682
793.682
790.802
790.802
790.802
790.802
790.802
797.37
797.37
797.37
797.37
797.37
795.219
795.219
795.219
795.219
795.219
791.866
791.866
791.866
791.866
791.866
792.959
792.959
792.959
792.959
792.959
788.92
788.92
788.92
788.92
788.92
783.664
783.664
783.664
783.664
783.664
794.068
794.068
794.068
794.068
794.068
788.679
788.679
788.679
788.679
788.679
792.161
792.161
792.161
792.161
792.161
797.375
797.375
797.375
797.375
797.375
792.107
792.107
792.107
792.107
792.107
781.878
781.878
781.878
781.878
781.878
792.123
792.123
792.123
792.123
792.123
788.07
788.07
788.07
788.07
788.07
783.179
783.179
783.179
783.179
783.179
797.58
797.58
797.58
797.58
797.58
795.612
795.612
795.612
795.612
795.612
788.983
788.983
788.983
788.983
788.983
796.21
796.21
796.21
796.21
796.21
791.713
791.713
791.713
791.713
791.713
793.122
793.122
793.122
793.122
793.122
794.82
794.82
794.82
794.82
794.82
791.041
791.041
791.041
791.041
791.041
788.814
788.814
788.814
788.814
788.814
793.534
793.534
793.534
793.534
793.534
792.092
792.092
792.092
792.092
792.092
787.803
787.803
787.803
787.803
787.803
794.896
794.896
794.896
794.896
794.896
790.244
790.244
790.244
790.244
790.244
779.994
779.994
779.994
779.994
779.994
791.901
791.901
791.901
791.901
791.901
789.883
789.883
789.883
789.883
789.883
788.305
788.305
788.305
788.305
788.305
792.804
792.804
792.804
792.804
792.804
795.191
795.191
795.191
795.191
795.191
790.439
790.439
790.439
790.439
790.439
797.345
797.345
797.345
797.345
797.345
796.201
796.201
796.201
796.201
796.201
790.164
790.164
790.164
790.164
790.164
797.822
797.822
797.822
797.822
797.822
796.671
796.671
796.671
796.671
796.671
796.322
796.322
796.322
796.322
796.322
795.258
795.258
795.258
795.258
795.258
792.191
792.191
792.191
792.191
792.191
789.879
789.879
789.879
789.879
789.879
796.239
796.239
796.239
796.239
796.239
793.973
793.973
793.973
793.973
793.973
795.943
795.943
795.943
795.943
795.943
794.7
794.7
794.7
794.7
794.7
791.731
791.731
791.731
791.731
791.731
789.364
789.364
789.364
789.364
789.364
793.694
793.694
793.694
793.694
793.694
791.518
791.518
791.518
791.518
791.518
789.612
789.612
789.612
789.612
789.612
795.157
795.157
795.157
795.157
795.157
792.761
792.761
792.761
792.761
792.761
788.41
788.41
788.41
788.41
788.41
798.36
798.36
798.36
798.36
798.36
786.238
786.238
786.238
786.238
786.238
776.352
776.352
776.352
776.352
776.352
796.767
796.767
796.767
796.767
796.767
794.727
794.727
794.727
794.727
794.727
791.737
791.737
791.737
791.737
791.737
793.265
793.265
793.265
793.265
793.265
790.915
790.915
790.915
790.915
790.915
787.609
787.609
787.609
787.609
787.609
793.642
793.642
793.642
793.642
793.642
795.61
795.61
795.61
795.61
795.61
790.807
790.807
790.807
790.807
790.807
796.428
796.428
796.428
796.428
796.428
794.607
794.607
794.607
794.607
794.607
791.338
791.338
791.338
791.338
791.338
793.783
793.783
793.783
793.783
793.783
789.571
789.571
789.571
789.571
789.571
783.559
783.559
783.559
783.559
783.559
788.046
788.046
788.046
788.046
788.046
786.953
786.953
786.953
786.953
786.953
790.909
790.909
790.909
790.909
790.909
795.352
795.352
795.352
795.352
795.352
778.953
778.953
778.953
778.953
778.953
778.751
778.751
778.751
778.751
778.751
788.278
788.278
788.278
788.278
788.278
782.441
782.441
782.441
782.441
782.441
788.852
788.852
788.852
788.852
788.852
795.447
795.447
795.447
795.447
795.447
794.263
794.263
794.263
794.263
794.263
791.192
791.192
791.192
791.192
791.192
793.618
793.618
793.618
793.618
793.618
791.684
791.684
791.684
791.684
791.684
790.051
790.051
790.051
790.051
790.051
793.085
793.085
793.085
793.085
793.085
795.558
795.558
795.558
795.558
795.558
790.289
790.289
790.289
790.289
790.289
793.541
793.541
793.541
793.541
793.541
794.586
794.586
794.586
794.586
794.586
794.527
794.527
794.527
794.527
794.527
793.568
793.568
793.568
793.568
793.568
797.723
797.723
797.723
797.723
797.723
794.139
794.139
794.139
794.139
794.139
794.009
794.009
794.009
794.009
794.009
782.997
782.997
782.997
782.997
782.997
775.942
775.942
775.942
775.942
775.942
796.911
796.911
796.911
796.911
796.911
792.024
792.024
792.024
792.024
792.024
789.247
789.247
789.247
789.247
789.247
793.542
793.542
793.542
793.542
793.542
793.744
793.744
793.744
793.744
793.744
790.362
790.362
790.362
790.362
790.362
796.233
796.233
796.233
796.233
796.233
791.466
791.466
791.466
791.466
791.466
787.624
787.624
787.624
787.624
787.624
796.243
796.243
796.243
796.243
796.243
793.482
793.482
793.482
793.482
793.482
792.433
792.433
792.433
792.433
792.433
793.643
793.643
793.643
793.643
793.643
790.478
790.478
790.478
790.478
790.478
787.128
787.128
787.128
787.128
787.128
796.888
796.888
796.888
796.888
796.888
796.025
796.025
796.025
796.025
796.025
794.512
794.512
794.512
794.512
794.512
794.479
794.479
794.479
794.479
794.479
790.534
790.534
790.534
790.534
790.534
789.372
789.372
789.372
789.372
789.372
797.031
797.031
797.031
797.031
797.031
795.355
795.355
795.355
795.355
795.355
787.169
787.169
787.169
787.169
787.169
795.886
795.886
795.886
795.886
795.886
795.602
795.602
795.602
795.602
795.602
789.393
789.393
789.393
789.393
789.393
796.104
796.104
796.104
796.104
796.104
792.403
792.403
792.403
792.403
792.403
786.497
786.497
786.497
786.497
786.497
794.61
794.61
794.61
794.61
794.61
793.58
793.58
793.58
793.58
793.58
785.868
785.868
785.868
785.868
785.868
796.043
796.043
796.043
796.043
796.043
794.293
794.293
794.293
794.293
794.293
792.381
792.381
792.381
792.381
792.381
796.556
796.556
796.556
796.556
796.556
795.767
795.767
795.767
795.767
795.767
788.459
788.459
788.459
788.459
788.459
794.613
794.613
794.613
794.613
794.613
788.17
788.17
788.17
788.17
788.17
788.058
788.058
788.058
788.058
788.058
797.973
797.973
797.973
797.973
797.973
791.602
791.602
791.602
791.602
791.602
792.102
792.102
792.102
792.102
792.102
797.364
797.364
797.364
797.364
797.364
794.181
794.181
794.181
794.181
794.181
785.927
785.927
785.927
785.927
785.927
793.827
793.827
793.827
793.827
793.827
787.079
787.079
787.079
787.079
787.079
778.006
778.006
778.006
778.006
778.006
789.761
789.761
789.761
789.761
789.761
790.995
790.995
790.995
790.995
790.995
788.902
788.902
788.902
788.902
788.902
794.119
794.119
794.119
794.119
794.119
789.206
789.206
789.206
789.206
789.206
789.063
789.063
789.063
789.063
789.063
787.428
787.428
787.428
787.428
787.428
785.848
785.848
785.848
785.848
785.848
782.863
782.863
782.863
782.863
782.863
793.166
793.166
793.166
793.166
793.166
791.311
791.311
791.311
791.311
791.311
790.683
790.683
790.683
790.683
790.683
796.934
796.934
796.934
796.934
796.934
780.067
780.067
780.067
780.067
780.067
772.165
772.165
772.165
772.165
772.165
786.533
786.533
786.533
786.533
786.533
778.549
778.549
778.549
778.549
778.549
762.769
762.769
762.769
762.769
762.769
793.714
793.714
793.714
793.714
793.714
785.324
785.324
785.324
785.324
785.324
780.464
780.464
780.464
780.464
780.464
759.678
759.678
759.678
759.678
759.678
776.059
776.059
776.059
776.059
776.059
779.27
779.27
779.27
779.27
779.27
789.179
789.179
789.179
789.179
789.179
754.202
754.202
754.202
754.202
754.202
763.126
763.126
763.126
763.126
763.126
772.714
772.714
772.714
772.714
772.714
784.607
784.607
784.607
784.607
784.607
774.81
774.81
774.81
774.81
774.81
787.775
787.775
787.775
787.775
787.775
774.392
774.392
774.392
774.392
774.392
771.97
771.97
771.97
771.97
771.97
792.032
792.032
792.032
792.032
792.032
783.951
783.951
783.951
783.951
783.951
785.087
785.087
785.087
785.087
785.087
778.115
778.115
778.115
778.115
778.115
774.336
774.336
774.336
774.336
774.336
751.673
751.673
751.673
751.673
751.673
771.971
771.971
771.971
771.971
771.971
782.344
782.344
782.344
782.344
782.344
628.989
628.989
628.989
628.989
628.989
728.105
728.105
728.105
728.105
728.105
278.279
278.279
278.279
278.279
278.279
367.438
367.438
367.438
367.438
367.438
471.816
471.816
471.816
471.816
471.816
683.458
683.458
683.458
683.458
683.458
618.276
618.276
618.276
618.276
618.276
734.382
734.382
734.382
734.382
734.382
757.05
757.05
757.05
757.05
757.05
759.289
759.289
759.289
759.289
759.289
764.514
764.514
764.514
764.514
764.514
754.871
754.871
754.871
754.871
754.871
751.589
751.589
751.589
751.589
751.589
786.893
786.893
786.893
786.893
786.893
777.478
777.478
777.478
777.478
777.478
769.055
769.055
769.055
769.055
769.055
793.591
793.591
793.591
793.591
793.591
786.677
786.677
786.677
786.677
786.677
790.142
790.142
790.142
790.142
790.142
795.439
795.439
795.439
795.439
795.439
790.159
790.159
790.159
790.159
790.159
789.012
789.012
789.012
789.012
789.012
795.692
795.692
795.692
795.692
795.692
795.161
795.161
795.161
795.161
795.161
789.359
789.359
789.359
789.359
789.359
790.387
790.387
790.387
790.387
790.387
784.652
784.652
784.652
784.652
784.652
791.036
791.036
791.036
791.036
791.036
794.363
794.363
794.363
794.363
794.363
797.671
797.671
797.671
797.671
797.671
791.066
791.066
791.066
791.066
791.066
798.085
798.085
798.085
798.085
798.085
795.204
795.204
795.204
795.204
795.204
792.253
792.253
792.253
792.253
792.253
797.486
797.486
797.486
797.486
797.486
794.026
794.026
794.026
794.026
794.026
793.374
793.374
793.374
793.374
793.374
795.004
795.004
795.004
795.004
795.004
793.022
793.022
793.022
793.022
793.022
789.881
789.881
789.881
789.881
789.881
793.67
793.67
793.67
793.67
793.67
794.431
794.431
794.431
794.431
794.431
793.618
793.618
793.618
793.618
793.618
797.528
797.528
797.528
797.528
797.528
796.051
796.051
796.051
796.051
796.051
796.095
796.095
796.095
796.095
796.095
793.788
793.788
793.788
793.788
793.788
795.196
795.196
795.196
795.196
795.196
788.906
788.906
788.906
788.906
788.906
795.432
795.432
795.432
795.432
795.432
792.98
792.98
792.98
792.98
792.98
790.335
790.335
790.335
790.335
790.335
796.78
796.78
796.78
796.78
796.78
794.398
794.398
794.398
794.398
794.398
790.304
790.304
790.304
790.304
790.304
795.761
795.761
795.761
795.761
795.761
790.413
790.413
790.413
790.413
790.413
784.328
784.328
784.328
784.328
784.328
797.707
797.707
797.707
797.707
797.707
794.609
794.609
794.609
794.609
794.609
792.112
792.112
792.112
792.112
792.112
795.333
795.333
795.333
795.333
795.333
793.639
793.639
793.639
793.639
793.639
792.34
792.34
792.34
792.34
792.34
796.934
796.934
796.934
796.934
796.934
794.446
794.446
794.446
794.446
794.446
796.149
796.149
796.149
796.149
796.149
797.42
797.42
797.42
797.42
797.42
793.911
793.911
793.911
793.911
793.911
792.476
792.476
792.476
792.476
792.476
796.665
796.665
796.665
796.665
796.665
794.268
794.268
794.268
794.268
794.268
791.426
791.426
791.426
791.426
791.426
797.552
797.552
797.552
797.552
797.552
790.683
790.683
790.683
790.683
790.683
788.717
788.717
788.717
788.717
788.717
798.314
798.314
798.314
798.314
798.314
795.201
795.201
795.201
795.201
795.201
792.481
792.481
792.481
792.481
792.481
795.777
795.777
795.777
795.777
795.777
792.523
792.523
792.523
792.523
792.523
793.492
793.492
793.492
793.492
793.492
790.389
790.389
790.389
790.389
790.389
788.965
788.965
788.965
788.965
788.965
787.392
787.392
787.392
787.392
787.392
796.14
796.14
796.14
796.14
796.14
795.352
795.352
795.352
795.352
795.352
793.079
793.079
793.079
793.079
793.079
798.118
798.118
798.118
798.118
798.118
796.306
796.306
796.306
796.306
796.306
794.203
794.203
794.203
794.203
794.203
797.238
797.238
797.238
797.238
797.238
783.131
783.131
783.131
783.131
783.131
790.088
790.088
790.088
790.088
790.088
796.912
796.912
796.912
796.912
796.912
792.345
792.345
792.345
792.345
792.345
793.797
793.797
793.797
793.797
793.797
788.816
788.816
788.816
788.816
788.816
793.767
793.767
793.767
793.767
793.767
795.249
795.249
795.249
795.249
795.249
795.686
795.686
795.686
795.686
795.686
792.346
792.346
792.346
792.346
792.346
794.053
794.053
794.053
794.053
794.053
797.768
797.768
797.768
797.768
797.768
797.008
797.008
797.008
797.008
797.008
790.998
790.998
790.998
790.998
790.998
792.926
792.926
792.926
792.926
792.926
793.272
793.272
793.272
793.272
793.272
786.976
786.976
786.976
786.976
786.976
797.266
797.266
797.266
797.266
797.266
797.176
797.176
797.176
797.176
797.176
791.983
791.983
791.983
791.983
791.983
792.839
792.839
792.839
792.839
792.839
787.9
787.9
787.9
787.9
787.9
784.7
784.7
784.7
784.7
784.7
795.16
795.16
795.16
795.16
795.16
789.152
789.152
789.152
789.152
789.152
782.561
782.561
782.561
782.561
782.561
796.47
796.47
796.47
796.47
796.47
793.694
793.694
793.694
793.694
793.694
781.046
781.046
781.046
781.046
781.046
797.966
797.966
797.966
797.966
797.966
789.761
789.761
789.761
789.761
789.761
780.043
780.043
780.043
780.043
780.043
795.305
795.305
795.305
795.305
795.305
787.831
787.831
787.831
787.831
787.831
786.871
786.871
786.871
786.871
786.871
793.761
793.761
793.761
793.761
793.761
785.874
785.874
785.874
785.874
785.874
785.114
785.114
785.114
785.114
785.114
783.933
783.933
783.933
783.933
783.933
780.106
780.106
780.106
780.106
780.106
794.097
794.097
794.097
794.097
794.097
795.436
795.436
795.436
795.436
795.436
782.809
782.809
782.809
782.809
782.809
774.134
774.134
774.134
774.134
774.134
793.902
793.902
793.902
793.902
793.902
788.666
788.666
788.666
788.666
788.666
794.604
794.604
794.604
794.604
794.604
796.203
796.203
796.203
796.203
796.203
782.718
782.718
782.718
782.718
782.718
777.935
777.935
777.935
777.935
777.935
796.774
796.774
796.774
796.774
796.774
789.055
789.055
789.055
789.055
789.055
789.834
789.834
789.834
789.834
789.834
788.525
788.525
788.525
788.525
788.525
790.463
795.425
795.425
795.425
795.425
774.91
774.91
774.91
774.91
774.91
792.45
792.45
792.45
792.45
792.45
790.664
790.664
790.664
790.664
790.664
785.541
785.541
785.541
785.541
785.541
786.581
786.581
786.581
786.581
786.581
786.416
786.416
786.416
786.416
786.416
780.126
780.126
780.126
780.126
780.126
792.272
792.272
792.272
792.272
792.272
790.42
790.42
790.42
790.42
790.42
786.545
786.545
786.545
786.545
786.545
791.637
791.637
791.637
791.637
791.637
787.007
787.007
787.007
787.007
787.007
787.496
787.496
787.496
787.496
787.496
793.836
793.836
793.836
793.836
793.836
789.907
789.907
789.907
789.907
789.907
790.253
790.253
790.253
790.253
790.253
789.655
789.655
789.655
789.655
789.655
783.228
783.228
783.228
783.228
783.228
778.526
778.526
778.526
778.526
778.526
791.674
791.674
791.674
791.674
791.674
788.683
788.683
788.683
788.683
788.683
779.746
779.746
779.746
779.746
779.746
789.893
789.893
789.893
789.893
789.893
780.684
780.684
780.684
780.684
780.684
765.248
765.248
765.248
765.248
765.248
792.872
792.872
792.872
792.872
792.872
788.178
788.178
788.178
788.178
788.178
783.898
783.898
783.898
783.898
783.898
790.635
790.635
790.635
790.635
790.635
776.309
776.309
776.309
776.309
776.309
762.285
762.285
762.285
762.285
762.285
793.351
793.351
793.351
793.351
793.351
790.567
790.567
790.567
790.567
790.567
784.491
784.491
784.491
784.491
784.491
787.057
787.057
787.057
787.057
787.057
776.606
776.606
776.606
776.606
776.606
786.017
786.017
786.017
786.017
786.017
795.064
795.064
795.064
795.064
795.064
786.243
786.243
786.243
786.243
786.243
773.22
773.22
773.22
773.22
773.22
794.611
794.611
794.611
794.611
794.611
772.275
772.275
772.275
772.275
772.275
766.081
766.081
766.081
766.081
766.081
794.93
794.93
794.93
794.93
794.93
789.016
789.016
789.016
789.016
789.016
776.549
776.549
776.549
776.549
776.549
779.648
779.648
779.648
779.648
779.648
785.664
785.664
785.664
785.664
785.664
763.243
763.243
763.243
763.243
763.243
791.566
791.566
791.566
791.566
791.566
787.436
787.436
787.436
787.436
787.436
778.209
778.209
778.209
778.209
778.209
792.104
792.104
792.104
792.104
792.104
792.018
792.018
792.018
792.018
792.018
770.551
770.551
770.551
770.551
770.551
786.673
786.673
786.673
786.673
786.673
775.818
775.818
775.818
775.818
775.818
767.004
767.004
767.004
767.004
767.004
787.751
787.751
787.751
787.751
787.751
788.169
788.169
788.169
788.169
788.169
771.25
771.25
771.25
771.25
771.25
791.383
791.383
791.383
791.383
791.383
791.016
791.016
791.016
791.016
791.016
787.69
787.69
787.69
787.69
787.69
796.226
796.226
796.226
796.226
796.226
791.19
791.19
791.19
791.19
791.19
789.209
789.209
789.209
789.209
789.209
797.088
797.088
797.088
797.088
797.088
790.63
790.63
790.63
790.63
790.63
790.23
790.23
790.23
790.23
790.23
785.209
785.209
785.209
785.209
785.209
761.345
761.345
761.345
761.345
761.345
749.133
749.133
754.766
754.766
754.766
775.25
775.25
775.25
775.25
775.25
785.579
785.579
785.579
785.579
785.579
775.995
775.995
775.995
775.995
775.995
790.227
790.227
790.227
790.227
790.227
777.88
777.88
777.88
777.88
777.88
762.95
762.95
762.95
762.95
762.95
779.96
779.96
779.96
779.96
779.96
786.36
786.36
786.36
786.36
786.36
775.424
775.424
775.424
775.424
775.424
768.836
768.836
768.836
768.836
768.836
748.743
748.743
748.743
748.743
748.743
609.191
609.191
609.191
609.191
609.191
761.791
761.791
761.791
761.791
761.791
784.753
784.753
784.753
784.753
784.753
749.186
749.186
749.186
749.186
749.186
769.965
769.965
769.965
769.965
769.965
646.038
646.038
646.038
646.038
646.038
732.7
732.7
732.7
732.7
732.7
782.462
782.462
782.462
782.462
782.462
747.092
747.092
747.092
747.092
747.092
771.134
771.134
771.134
771.134
771.134
773.256
773.256
773.256
773.256
773.256
739.94
739.94
739.94
739.94
739.94
697.509
697.509
697.509
697.509
697.509
482.45
482.45
482.45
482.45
482.45
611.274
611.274
611.274
611.274
611.274
253.022
253.022
253.022
253.022
253.022
341.094
341.094
341.094
341.094
341.094
611.688
611.688
611.688
611.688
611.688
715.322
715.322
715.518
715.518
715.518
710.445
710.445
710.445
710.445
710.445
578.139
578.139
578.139
578.139
578.139
556.035
556.035
556.035
556.035
556.035
751.929
751.929
751.929
751.929
751.929
707.579
707.579
707.579
707.579
707.579
599.063
599.063
599.063
599.063
599.063
752.063
752.063
752.063
752.063
752.063
772.68
772.68
772.68
772.68
772.68
762.816
762.816
762.816
762.816
762.816
723.35
723.35
723.35
723.35
723.35
752.214
752.214
754.929
754.929
754.929
735.354
735.354
735.354
735.354
735.354
780.567
780.567
780.567
780.567
780.567
760.842
760.842
760.842
760.842
760.842
750.061
750.061
750.061
750.061
750.061
757.955
757.955
757.955
757.955
757.955
682.166
682.166
682.166
682.166
682.166
763.075
763.075
763.075
763.075
763.075
782.821
782.821
782.821
782.821
782.821
722.312
722.312
722.312
722.312
722.312
773.363
773.363
773.363
773.363
773.363
780.43
780.43
780.43
780.43
780.43
792.218
792.218
792.218
792.218
792.218
773.117
773.117
773.117
773.117
773.117
789.298
789.298
789.298
789.298
789.298
677.345
677.345
677.345
677.345
677.345
625.586
625.586
625.586
625.586
625.586
773.494
773.494
773.494
773.494
773.494
708.171
708.171
708.171
708.171
708.171
741.417
741.417
741.417
741.417
741.417
551.733
551.733
551.733
551.733
551.733
223.98
223.98
223.98
223.98
223.98
291.52
291.52
291.52
291.52
291.52
776.663
776.663
776.663
776.663
776.663
781.344
781.344
781.344
781.344
781.344
776.299
776.299
776.299
776.299
776.299
788.057
788.057
788.057
788.057
788.057
780.166
780.166
780.166
780.166
780.166
764.781
764.781
764.781
764.781
764.781
776.377
776.377
776.377
776.377
776.377
741.8
741.8
741.8
741.8
741.8
747.731
747.731
747.731
747.731
747.731
770.979
770.979
770.987
770.987
770.987
757.527
757.527
757.527
757.527
757.527
747.936
747.936
747.936
747.936
747.936
738.199
738.199
738.199
738.199
738.199
705.973
705.973
705.973
705.973
705.973
766.101
766.101
766.101
766.101
766.101
790.617
790.617
790.617
790.617
790.617
760.532
760.532
760.532
760.532
760.532
767.013
767.013
767.013
767.013
767.013
772.608
772.608
772.608
772.608
772.608
754.234
754.234
754.234
754.234
754.234
516.664
516.664
516.664
516.664
516.664
661.603
661.603
661.603
661.603
661.603
531.294
531.294
531.294
531.294
531.294
707.995
707.995
707.995
707.995
707.995
495.351
495.351
495.351
495.351
495.351
713.352
713.352
713.352
713.352
713.352
595.755
595.755
595.755
595.755
595.755
374.796
374.796
374.796
374.796
374.796
662.749
662.749
662.749
662.749
662.749
774.747
774.747
774.747
774.747
774.747
760.503
760.503
760.503
760.503
760.503
766.888
766.888
766.888
766.888
766.888
762.74
762.74
762.74
762.74
762.74
764.027
764.027
764.027
764.027
764.027
762.43
762.43
762.43
762.43
762.43
603.014
603.014
603.014
603.014
603.014
781.089
781.089
781.089
781.089
781.089
758.243
758.243
758.243
758.243
758.243
747.66
747.66
747.66
747.66
747.66
346.608
346.608
346.608
346.608
346.608
765.676
765.676
765.676
765.676
765.676
690.451
690.451
690.451
690.451
690.451
792.294
792.294
792.294
792.294
792.294
790.384
790.384
790.384
790.384
790.384
777.465
777.465
777.465
777.465
777.465
778.921
778.921
778.921
778.921
778.921
789.845
789.845
789.845
789.845
789.845
776.288
776.288
776.288
776.288
776.288
793.565
793.565
793.565
793.565
793.565
780.444
780.444
780.444
780.444
780.444
783.275
783.275
783.275
783.275
783.275
796.129
796.129
796.129
796.129
796.129
790.7
790.7
790.7
790.7
790.7
777.53
777.53
777.53
777.53
777.53
790.822
790.822
790.822
790.822
790.822
791.195
791.195
791.195
791.195
791.195
786.959
786.959
786.959
786.959
786.959
793.508
793.508
793.508
793.508
793.508
785.87
785.87
785.87
785.87
785.87
792.548
792.548
792.548
792.548
792.548
792.137
792.137
792.137
792.137
792.137
794.166
794.166
794.166
794.166
794.166
782.822
782.822
782.822
782.822
782.822
796.898
796.898
796.898
796.898
796.898
793.41
793.41
793.41
793.41
793.41
788.788
788.788
788.788
788.788
788.788
793.983
793.983
793.983
793.983
793.983
790.447
790.447
790.447
790.447
790.447
792.632
792.632
792.632
792.632
792.632
798.138
798.138
798.138
798.138
798.138
791.732
791.732
791.732
791.732
791.732
787.299
787.299
787.299
787.299
787.299
797.55
797.55
797.55
797.55
797.55
791.764
791.764
791.764
791.764
791.764
786.489
786.489
786.489
786.489
786.489
795.6
795.6
795.6
795.6
795.6
792.455
792.455
792.455
792.455
792.455
792.125
792.125
792.125
792.125
792.125
795.036
795.036
795.036
795.036
795.036
790.863
790.863
790.863
790.863
790.863
788.847
788.847
788.847
788.847
788.847
795.896
795.896
795.896
795.896
795.896
787.679
787.679
787.679
787.679
787.679
790.554
790.554
790.554
790.554
790.554
796.749
796.749
796.749
796.749
796.749
791.793
791.793
791.793
791.793
791.793
789.915
789.915
789.915
789.915
789.915
793.781
793.781
793.781
793.781
793.781
792.035
792.035
792.035
792.035
792.035
791.12
791.12
791.12
791.12
791.12
790.175
790.175
790.175
790.175
790.175
785.438
785.438
785.438
785.438
785.438
779.13
779.13
779.13
779.13
779.13
797.427
797.427
797.427
797.427
797.427
792.634
792.634
792.634
792.634
792.634
788.552
788.552
788.552
788.552
788.552
795.651
795.651
795.651
795.651
795.651
791.025
791.025
791.025
791.025
791.025
788.471
788.471
788.471
788.471
788.471
797.18
797.18
797.18
797.18
797.18
796.512
796.512
796.512
796.512
796.512
795.348
795.348
795.348
795.348
795.348
793.254
793.254
793.254
793.254
793.254
793.379
793.379
793.379
793.379
793.379
794.94
794.94
794.94
794.94
794.94
797.473
797.473
797.473
797.473
797.473
791.53
791.53
791.53
791.53
791.53
784.42
784.42
784.42
784.42
784.42
796.897
796.897
796.897
796.897
796.897
791.821
791.821
791.821
791.821
791.821
791.654
791.654
791.654
791.654
791.654
791.762
791.762
791.762
791.762
791.762
787.932
787.932
787.932
787.932
787.932
785.091
785.091
785.091
785.091
785.091
797.454
797.454
797.454
797.454
797.454
793.499
793.499
793.499
793.499
793.499
792.081
792.081
792.081
792.081
792.081
797.808
797.808
797.808
797.808
797.808
796.984
796.984
796.984
796.984
796.984
795.17
795.17
795.17
795.17
795.17
792.911
792.911
792.911
792.911
792.911
792.001
792.001
792.001
792.001
792.001
789.995
789.995
789.995
789.995
789.995
796.509
796.509
796.509
796.509
796.509
789.721
789.721
789.721
789.721
789.721
787.784
787.784
787.784
787.784
787.784
791.25
791.25
791.25
791.25
791.25
786.094
786.094
786.094
786.094
786.094
782.526
782.526
782.526
782.526
782.526
797.526
797.526
797.526
797.526
797.526
788.686
788.686
788.686
788.686
788.686
784.934
784.934
784.934
784.934
784.934
795.818
795.818
795.818
795.818
795.818
793.544
793.544
793.544
793.544
793.544
793.124
793.124
793.124
793.124
793.124
792.987
792.987
792.987
792.987
792.987
786.236
786.236
786.236
786.236
786.236
788.417
788.417
788.417
788.417
788.417
798.241
798.241
798.241
798.241
798.241
792.803
792.803
792.803
792.803
792.803
790.272
790.272
790.272
790.272
790.272
795.704
795.704
795.704
795.704
795.704
785.629
785.629
785.629
785.629
785.629
780.633
780.633
780.633
780.633
780.633
796.783
796.783
796.783
796.783
796.783
790.043
790.043
790.043
790.043
790.043
789.087
789.087
789.087
789.087
789.087
797.637
797.637
797.637
797.637
797.637
796.129
796.129
796.129
796.129
796.129
793.637
793.637
793.637
793.637
793.637
794.844
794.844
794.844
794.844
794.844
791.653
791.653
791.653
791.653
791.653
786.296
786.296
786.296
786.296
786.296
794.551
794.551
794.551
794.551
794.551
796.193
796.193
796.193
796.193
796.193
793.122
793.122
793.122
793.122
793.122
794.359
794.359
794.359
794.359
794.359
791.3
791.3
791.3
791.3
791.3
788.204
788.204
788.204
788.204
788.204
796.729
796.729
796.729
796.729
796.729
793.381
793.381
793.381
793.381
793.381
791.822
791.822
791.822
791.822
791.822
795.159
795.159
795.159
795.159
795.159
792.697
792.697
792.697
792.697
792.697
787.453
787.453
787.453
787.453
787.453
793.396
793.396
793.396
793.396
793.396
795.815
795.815
795.815
795.815
795.815
790.371
790.371
790.371
790.371
790.371
793.82
793.82
793.82
793.82
793.82
796.644
796.644
796.644
796.644
796.644
794.645
794.645
794.645
794.645
794.645
798.565
798.565
798.565
798.565
798.565
795.188
795.188
795.188
795.188
795.188
793.534
793.534
793.534
793.534
793.534
795.25
795.25
795.25
795.25
795.25
793.582
793.582
793.582
793.582
793.582
790.391
790.391
790.391
790.391
790.391
795.922
795.922
795.922
795.922
795.922
794.403
794.403
794.403
794.403
794.403
794.394
794.394
794.394
794.394
794.394
797.137
797.137
797.137
797.137
797.137
793.421
793.421
793.421
793.421
793.421
790.145
790.145
790.145
790.145
790.145
794.798
794.798
794.798
794.798
794.798
792.791
792.791
792.791
792.791
792.791
789.781
789.781
789.781
789.781
789.781
796.071
796.071
796.071
796.071
796.071
794.692
794.692
794.692
794.692
794.692
792.015
792.015
792.015
792.015
792.015
786.874
786.874
786.874
786.874
786.874
790.828
790.828
790.828
790.828
790.828
794.848
794.848
794.848
794.848
794.848
794.637
794.637
794.637
794.637
794.637
795.833
795.833
795.833
795.833
795.833
787.09
787.09
787.09
787.09
787.09
791.079
791.079
791.079
791.079
791.079
789.678
789.678
789.678
789.678
789.678
792.994
792.994
792.994
792.994
792.994
796.726
796.726
796.726
796.726
796.726
793.7
793.7
793.7
793.7
793.7
791.433
791.433
791.433
791.433
791.433
793.525
793.525
793.525
793.525
793.525
791.44
791.44
791.44
791.44
791.44
787.939
787.939
787.939
787.939
787.939
796.816
796.816
796.816
796.816
796.816
793.797
793.797
793.797
793.797
793.797
793.395
793.395
793.395
793.395
793.395
797.295
797.295
797.295
797.295
797.295
795.124
795.124
795.124
795.124
795.124
793.705
793.705
793.705
793.705
793.705
796.623
796.623
796.623
796.623
796.623
795.98
795.98
795.98
795.98
795.98
794.991
794.991
794.991
794.991
794.991
793.539
793.539
793.539
793.539
793.539
787.935
787.935
787.935
787.935
787.935
788.366
788.366
788.366
788.366
788.366
798.403
798.403
798.403
798.403
798.403
797.033
797.033
797.033
797.033
797.033
793.659
793.659
793.659
793.659
793.659
797.95
797.95
797.95
797.95
797.95
797.041
797.041
797.041
797.041
797.041
797.238
797.238
797.238
797.238
797.238
796.415
796.415
796.415
796.415
796.415
792.964
792.964
792.964
792.964
792.964
791.041
791.041
791.041
791.041
791.041
798.268
798.268
798.268
798.268
798.268
796.387
796.387
796.387
796.387
796.387
794.935
794.935
794.935
794.935
794.935
797.541
797.541
797.541
797.541
797.541
792.313
792.313
792.313
792.313
792.313
789.336
789.336
789.336
789.336
789.336
797.302
797.302
797.302
797.302
797.302
797.423
797.423
797.423
797.423
797.423
789.418
789.418
789.418
789.418
789.418
797.699
797.699
797.699
797.699
797.699
794.996
794.996
794.996
794.996
794.996
794.639
794.639
794.639
794.639
794.639
797.779
797.779
797.779
797.779
797.779
795.259
795.259
795.259
795.259
795.259
792.716
792.716
792.716
792.716
792.716
795.731
795.731
795.731
795.731
795.731
794.404
794.404
794.404
794.404
794.404
789.76
789.76
789.76
789.76
789.76
798.03
798.03
798.03
798.03
798.03
791.912
791.912
791.912
791.912
791.912
789.238
789.238
789.238
789.238
789.238
797.795
797.795
797.795
797.795
797.795
794.427
794.427
794.427
794.427
794.427
795.483
795.483
795.483
795.483
795.483
792.986
792.986
792.986
792.986
792.986
786.276
786.276
786.276
786.276
786.276
791.156
791.156
791.156
791.156
791.156
795.532
795.532
795.532
795.532
795.532
794.322
794.322
794.322
794.322
794.322
792.167
792.167
792.167
792.167
792.167
796.276
796.276
796.276
796.276
796.276
795.429
795.429
795.429
795.429
795.429
793.109
793.109
793.109
793.109
793.109
796.314
796.314
796.314
796.314
796.314
793.922
793.922
793.922
793.922
793.922
790.429
790.429
790.429
790.429
790.429
796.367
796.367
796.367
796.367
796.367
793.256
793.256
793.256
793.256
793.256
786.082
786.082
786.082
786.082
786.082
797.808
797.808
797.808
797.808
797.808
0
