0
0
0
0
0
0
0
0
0
0
0
0
0
0
0
0
0
0
0
0
0
0
0
0
0
0
0
0
0
0
0
0
0
0
0
0
0
0
0
0
0
0
0
0
0
0
0
0
0
0
0
0
0
0
0
0
0
0
0
0
0
0
0
0
0
0
0
0
0
0
0
0
0
0
0
0
0
0
0
0
0
0
0
0
0
0
0
0
0
0
0
0
0
0
0
0
0
0
0
0
0
0
0
0
0
0
0
0
0
0
0
0
0
0
0
0
0
0
0
0
0
0
0
0
0
0
0
0
0
0
0
0
0
0
0
0
0
0
0
0
0
0
0
0
0
0
0
0
0
0
0
0
0
0
0
0
0
0
0
0
0
0
0
0
0
0
0
0
0
0
0
0
0
0
0
0
0
0
0
0
0
0
0
0
0
0
0
0
0
0
0
0
0
0
0
0
0
0
0
712.201
712.201
712.201
712.201
712.201
766.297
766.297
766.297
766.297
766.297
594.014
594.014
594.014
594.014
594.014
343.188
343.188
343.188
343.188
343.188
716.083
716.083
716.083
716.083
716.083
715.828
715.828
715.828
715.828
715.828
689.683
689.683
689.683
689.683
689.683
627.919
627.919
627.919
627.919
627.919
626.983
626.983
626.983
626.983
626.983
736.088
736.088
736.088
736.088
736.088
737.235
737.235
737.235
737.235
737.235
753.361
753.361
753.361
753.361
753.361
754.133
754.133
754.133
754.133
754.133
582.936
582.936
582.936
582.936
582.936
713.232
713.232
713.232
713.232
713.232
563.513
563.513
563.513
563.513
563.513
532.978
532.978
532.978
532.978
532.978
519.905
519.905
519.905
519.905
519.905
747.463
747.463
747.463
747.463
747.463
786.719
786.719
786.719
786.719
786.719
774.502
774.502
774.502
774.502
774.502
773.692
773.692
773.692
773.692
773.692
790.909
790.909
790.909
790.909
790.909
746.118
746.118
746.118
746.118
746.118
740.043
740.043
740.043
740.043
740.043
782.723
782.723
782.723
782.723
782.723
781.537
781.537
781.537
781.537
781.537
784.858
784.858
784.858
784.858
784.858
791.692
791.692
791.692
791.692
791.692
765.634
765.634
765.634
765.634
765.634
769.328
769.328
769.328
769.328
769.328
781.146
781.146
781.146
781.146
781.146
778.115
778.115
778.115
778.115
778.115
741.276
741.276
741.276
741.276
741.276
772.16
772.16
772.16
772.16
772.16
758.812
758.812
758.812
758.812
758.812
743.925
743.925
743.925
743.925
743.925
793.56
793.56
793.56
793.56
793.56
768.961
768.961
768.961
768.961
768.961
784.431
784.431
784.431
784.431
784.431
791.426
791.426
791.426
791.426
791.426
784.352
784.352
784.352
784.352
784.352
775.217
775.217
775.217
775.217
775.217
791.242
791.242
791.242
791.242
791.242
779.435
779.435
779.435
779.435
779.435
768.435
768.435
768.435
768.435
768.435
774.712
774.712
774.712
774.712
774.712
759.682
759.682
759.682
759.682
759.682
705.384
705.384
705.384
705.384
705.384
727.201
727.201
727.201
727.201
727.201
469.1
469.1
469.1
469.1
469.1
702.669
702.669
702.669
702.669
702.669
589.587
589.587
589.587
589.587
589.587
739.407
739.407
739.407
739.407
739.407
410.827
410.827
410.827
410.827
410.827
693.058
693.058
693.058
693.058
693.058
681.615
681.615
681.615
681.615
681.615
727.109
727.109
727.109
727.109
727.109
410.873
410.873
410.873
410.873
410.873
661.407
661.407
661.407
661.407
661.407
762.045
762.045
762.045
762.045
762.045
608.66
608.66
608.66
608.66
608.66
753.641
753.641
753.641
753.641
753.641
778.351
778.351
778.351
778.351
778.351
792.054
792.054
792.054
792.054
792.054
773.388
773.388
773.388
773.388
773.388
758.77
758.77
758.77
758.77
758.77
786.99
786.99
786.99
786.99
786.99
774.043
774.043
774.043
774.043
774.043
771.81
771.81
771.81
771.81
771.81
780.476
780.476
780.476
780.476
780.476
770.797
770.797
770.797
770.797
770.797
787.753
787.753
787.781
787.781
787.781
793.113
793.113
793.113
793.113
793.113
790.176
790.176
790.176
790.176
790.176
758.155
758.155
758.155
758.155
758.155
778.88
778.88
778.88
778.88
778.88
781.382
781.382
781.382
781.382
781.382
706.009
706.009
706.009
706.009
706.009
703.538
703.538
703.538
703.538
703.538
765.041
765.041
765.041
765.041
765.041
778.729
778.729
778.729
778.729
778.729
787.159
787.159
787.159
787.159
787.159
775.004
775.004
775.004
775.004
775.004
740.214
740.214
740.214
740.214
740.214
769.199
769.199
769.199
769.199
769.199
756.796
756.796
756.796
756.796
756.796
734.69
734.69
734.69
734.69
734.69
783.835
783.835
783.835
783.835
783.835
774.162
774.162
774.162
774.162
774.162
755.237
755.245
755.245
755.245
755.245
773.902
773.902
773.902
773.902
773.902
792.275
792.275
792.275
792.275
792.275
782.194
782.194
782.194
782.194
782.194
755.604
755.604
755.604
755.604
755.604
756.035
756.035
756.035
756.035
756.035
577.36
577.36
577.36
577.36
577.36
577.049
577.049
577.049
577.049
577.049
598.819
598.819
598.819
598.819
598.819
744.81
744.81
744.812
744.812
744.812
722.548
722.548
722.548
722.548
722.548
726.291
726.291
726.291
726.291
726.291
258.721
258.721
258.721
258.721
258.721
619.476
619.476
619.476
619.476
619.476
593.032
593.032
593.032
593.032
593.032
422.953
422.953
422.953
422.953
422.953
733.668
733.668
733.668
733.668
733.668
695.23
695.23
695.23
695.23
695.23
410.168
410.168
410.168
410.168
410.168
431.496
431.496
431.496
431.496
431.496
496.934
496.934
496.934
496.934
496.934
763.183
763.183
763.183
763.183
763.183
749.811
749.811
749.811
749.811
749.811
770.62
770.62
770.62
770.62
770.62
627.682
627.682
627.682
627.682
627.682
681.714
681.714
681.714
681.714
681.714
291.075
291.075
291.075
291.075
291.075
365
365
365
365
365
672.462
672.462
672.462
672.462
672.462
478.993
478.993
478.993
478.993
478.993
438.339
438.339
438.339
438.339
438.339
334.308
334.308
334.308
334.308
334.308
757.487
757.487
757.487
757.487
757.487
720.265
720.265
720.265
720.265
720.265
695.617
695.617
695.617
695.617
695.617
775.883
775.883
775.883
775.883
775.883
782.038
782.038
782.038
782.038
782.038
777.219
777.219
777.219
777.219
777.219
769.124
769.124
772.497
772.497
772.497
745.742
745.742
745.742
745.742
745.742
770.879
770.879
770.879
770.879
770.879
768.33
768.33
768.33
768.33
768.33
686.375
686.375
686.375
686.375
686.375
784.071
784.071
784.071
784.071
784.071
761.189
761.189
761.189
761.189
761.189
779.672
779.672
779.672
779.672
779.672
750.597
750.597
750.597
750.597
750.597
787.611
787.611
787.611
787.611
787.611
765.778
765.778
765.778
765.778
765.778
782.893
782.893
782.893
782.893
782.893
771.32
771.32
771.32
771.32
771.32
745.118
745.118
745.118
745.118
745.118
759.587
759.587
759.587
759.587
759.587
762.88
762.88
762.88
762.88
762.88
766.019
766.019
766.019
766.019
766.019
790.057
790.057
790.057
790.057
790.057
790.906
790.906
790.906
790.906
790.906
745.038
745.038
745.038
745.038
745.038
781.56
781.56
781.56
781.56
781.56
752.902
752.902
752.902
752.902
752.902
733.089
733.089
733.089
733.089
733.089
791.28
791.28
791.28
791.28
791.28
770.04
770.04
770.04
770.04
770.04
763.375
763.375
763.375
763.375
763.375
744.879
744.879
744.879
744.879
744.879
715.166
715.166
715.166
715.166
715.166
620.503
620.503
620.503
620.503
620.503
760.132
760.132
760.132
760.132
760.132
760.273
760.273
760.273
760.273
760.273
557.902
557.902
557.902
557.902
557.902
544.544
544.544
544.544
544.544
544.544
716.443
716.443
716.443
716.443
716.443
647.303
647.303
647.303
647.303
647.303
560.451
560.451
560.451
560.451
560.451
593.67
593.67
593.67
593.67
593.67
307.299
307.299
307.299
307.299
307.299
713.905
713.905
713.905
713.905
713.905
316.137
316.137
316.137
316.137
316.137
659.902
659.902
659.902
659.902
659.902
538.513
538.513
538.513
538.513
538.513
599.743
599.743
599.743
599.743
599.743
609.249
609.249
609.249
609.249
609.249
742.733
742.733
742.733
742.733
742.733
773.296
773.296
773.296
773.296
773.296
585.541
585.541
585.541
585.541
585.541
654.125
654.125
654.125
654.125
654.125
543.378
543.378
543.378
543.378
543.378
552.286
552.286
552.286
552.286
552.286
695.935
695.935
695.935
695.935
695.935
741.178
741.178
741.178
741.178
741.178
435.686
435.686
435.686
435.686
435.686
439.84
439.84
439.84
439.84
439.84
633.115
633.115
633.115
633.115
633.115
704.132
704.132
704.132
704.132
704.132
596.44
596.44
596.44
596.44
596.44
606.198
599.897
599.897
599.897
599.897
751.225
751.225
751.225
751.225
751.225
788.296
788.296
788.296
788.296
788.296
753.111
753.111
753.111
753.111
753.111
521.156
521.156
521.156
521.156
521.156
438.79
438.79
438.79
438.79
438.79
619.686
619.686
619.686
619.686
619.686
476.964
476.964
476.964
476.964
476.964
540.846
540.846
540.846
540.846
540.846
635.424
635.424
635.424
635.424
635.424
535.434
535.434
535.434
535.434
535.434
775.38
775.38
775.38
775.38
775.38
748.472
748.472
748.472
748.472
748.472
570.139
570.139
570.139
570.139
570.139
636.305
636.305
636.305
636.305
636.305
745.351
745.351
745.351
745.351
745.351
706.831
706.831
706.831
706.831
706.831
491.499
491.499
491.499
491.499
491.499
512.077
512.077
512.077
512.077
512.077
629.641
629.641
629.641
629.641
629.641
619.983
619.983
619.983
619.983
619.983
480.734
480.734
480.734
480.734
480.734
404.189
404.189
404.189
404.189
404.189
615.733
615.733
615.733
615.733
615.733
743.997
743.997
743.997
743.997
743.997
394.955
394.955
394.955
394.955
394.955
641.019
641.019
641.019
641.019
641.019
572.776
572.776
572.776
572.776
572.776
649.462
649.462
649.462
649.462
649.462
656.392
656.392
656.392
656.392
656.392
533.477
533.477
533.477
533.477
533.477
703.868
703.868
703.868
703.868
703.868
742.801
742.801
742.801
742.801
742.801
679.03
679.03
679.03
679.03
679.03
627.351
627.351
627.351
627.351
627.351
762.577
762.577
762.577
762.577
762.577
778.922
778.922
778.922
778.922
778.922
781.44
781.44
781.44
781.44
781.44
777.22
777.22
777.22
777.22
777.22
786.894
786.894
786.894
786.894
786.894
707.686
707.686
707.686
707.686
707.686
532.584
532.584
532.584
532.584
532.584
767.093
767.093
767.093
767.093
767.093
760.935
760.935
760.935
760.935
760.935
769.722
769.722
769.722
769.722
769.722
501.753
501.753
501.753
501.753
501.753
419.423
419.423
419.423
419.423
419.423
728.89
728.89
728.89
728.89
728.89
761.47
761.47
761.47
761.47
761.47
723.008
723.008
723.008
723.008
723.008
693.117
693.117
693.117
693.117
693.117
677.278
677.278
677.278
677.278
677.278
517.135
517.135
517.135
517.135
517.135
599.877
599.877
599.877
599.877
599.877
233.653
233.653
233.653
233.653
233.653
573.125
573.125
573.125
573.125
573.125
322.764
322.764
322.764
322.764
322.764
694.262
694.262
694.262
694.262
694.262
713.066
713.066
713.066
713.066
713.066
788.134
788.134
788.134
788.134
788.134
763.787
763.787
763.787
763.787
763.787
752.638
752.638
752.638
752.638
752.638
778.173
778.252
778.252
778.252
778.252
758.245
758.245
758.245
758.245
758.245
766.884
766.884
766.884
766.884
766.884
791.174
791.174
791.174
791.174
791.174
781.154
781.154
781.154
781.154
781.154
780.318
780.318
780.318
780.318
780.318
792.478
792.478
792.478
792.478
792.478
771.014
771.014
771.014
771.014
771.014
763.461
763.461
763.461
763.461
763.461
785.8
785.8
785.8
785.8
785.8
780.086
780.086
780.086
780.086
780.086
755.58
755.58
755.58
755.58
755.58
775.442
775.442
775.442
775.442
775.442
740.153
740.153
740.153
740.153
740.153
731.804
731.804
731.804
731.804
731.804
728.737
728.737
728.737
728.737
728.737
590.328
590.328
590.328
590.328
590.328
522.532
522.532
522.532
522.532
522.532
483.292
483.292
483.292
483.292
483.292
399.151
399.151
399.151
399.151
399.151
665.831
665.831
665.831
665.831
665.831
573.449
573.449
573.449
573.449
573.449
448.479
448.479
448.479
448.479
448.479
643.997
643.997
643.997
643.997
643.997
598.309
598.309
598.309
598.309
598.309
241.448
241.448
241.448
241.448
241.448
374.252
374.252
374.252
374.252
374.252
383.154
383.154
383.154
383.154
383.154
264.971
264.971
264.971
264.971
264.971
722.279
722.279
722.279
722.279
722.279
744.909
744.909
744.909
744.909
744.909
567.937
567.937
567.937
567.937
567.937
765.234
765.234
765.234
765.234
765.234
716.54
716.54
716.54
716.54
716.54
759.608
759.608
759.608
759.608
759.608
788.698
788.698
788.698
788.698
788.698
760.401
760.401
760.401
760.401
760.401
660.886
660.886
660.886
660.886
660.886
775.968
775.968
775.968
775.968
775.968
717.238
717.238
717.238
717.238
717.238
379.105
379.105
379.105
379.105
379.105
577.013
577.013
577.013
577.013
577.013
721.464
721.464
721.464
721.464
721.464
607.124
607.124
607.124
607.124
607.124
750.26
750.26
750.26
750.26
750.26
775.347
775.347
775.347
775.347
775.347
758.709
758.709
758.709
758.709
758.709
764.871
764.871
764.871
764.871
764.871
772.549
772.549
772.549
772.549
772.549
749.282
749.282
749.282
749.282
749.282
757.58
757.58
757.58
757.58
757.58
767.051
767.051
767.051
767.051
767.051
775.855
775.855
775.855
775.855
775.855
769.409
769.409
769.409
769.409
769.409
672.62
672.62
672.62
672.62
672.62
683.817
683.817
683.817
683.817
683.817
725.288
725.288
725.288
725.288
725.288
729.725
729.725
729.725
729.725
729.725
587.566
587.566
587.566
587.566
587.566
771.416
771.416
771.416
771.416
771.416
736.954
736.954
736.954
736.954
736.954
766.94
766.94
766.94
766.94
766.94
787.567
787.567
787.567
787.567
787.567
773.716
773.716
773.716
773.716
773.716
762.617
762.617
762.617
762.617
762.617
777.319
777.319
777.319
777.319
777.319
780.839
780.839
780.839
780.839
780.839
742.562
742.562
742.562
742.562
742.562
713.373
713.373
713.373
713.373
713.373
629.479
629.479
629.479
629.479
629.479
295.578
295.578
295.578
295.578
295.578
613.912
613.912
613.912
613.912
613.912
771.861
771.861
771.861
771.861
771.861
428.003
428.003
428.003
428.003
428.003
710.143
710.143
710.143
710.143
710.143
395.366
395.366
395.366
395.366
395.366
703.513
703.513
703.513
703.513
703.513
651.503
651.503
651.503
651.503
651.503
647.902
647.902
647.902
647.902
647.902
728.29
728.29
728.29
728.29
728.29
714.071
714.071
714.071
714.071
714.071
680.025
680.025
680.025
680.025
680.025
749.979
749.979
749.979
749.979
749.979
760.35
760.35
760.35
760.35
760.35
786.48
786.48
786.48
786.48
786.48
756.401
756.401
756.401
756.401
756.401
717.268
717.268
717.268
717.268
717.268
793.572
793.572
793.572
793.572
793.572
745.381
745.381
745.381
745.381
745.381
722.905
722.905
722.905
722.905
722.905
751.474
751.474
751.474
751.474
751.474
781.164
781.164
781.164
781.164
781.164
784.357
784.357
784.357
784.357
784.357
783.029
783.029
783.029
783.029
783.029
779.418
779.418
779.418
779.418
779.418
771.32
771.32
771.32
771.32
771.32
789.525
789.525
789.525
789.525
789.525
788.812
788.812
788.812
788.812
788.812
785.878
785.878
785.878
785.878
785.878
791.487
791.487
791.487
791.487
791.487
772.844
772.844
772.844
772.844
772.844
776.507
776.507
776.54
776.54
776.54
772.703
772.703
772.703
772.703
772.703
785.394
785.394
785.394
785.394
785.394
763.278
763.278
763.278
763.278
763.278
784.997
784.997
784.997
784.997
784.997
755.466
755.466
755.466
755.466
755.466
752.505
752.505
752.505
752.505
752.505
789.452
789.452
789.452
789.452
789.452
787.632
787.632
787.632
787.632
787.632
790.41
790.41
790.41
790.41
790.41
783.294
783.294
783.294
783.294
783.294
781.161
781.161
781.161
781.161
781.161
778.98
778.98
778.98
778.98
778.98
792.274
792.274
792.274
792.274
792.274
781.35
781.35
781.35
781.35
781.35
787.551
787.551
787.551
787.551
787.551
786.332
786.332
786.332
786.332
786.332
792.827
792.827
792.827
792.827
792.827
784.865
784.865
784.865
784.865
784.865
788.659
788.659
788.659
788.659
788.659
781.111
781.111
781.111
781.111
781.111
785.984
785.984
785.984
785.984
785.984
790.436
790.436
790.436
790.436
790.436
781.134
781.134
781.134
781.134
781.134
776.084
776.084
776.084
776.084
776.084
795.249
795.249
795.249
795.249
795.249
787.481
787.481
787.481
787.481
787.481
745.431
745.431
745.431
745.431
745.431
751.208
751.208
751.208
751.208
751.208
780.118
780.118
780.118
780.118
780.118
751.504
751.504
751.504
751.504
751.504
777.732
777.732
777.732
777.732
777.732
793.569
793.569
793.569
793.569
793.569
786.111
786.111
786.111
786.111
786.111
794.501
794.501
794.501
794.501
794.501
788.456
788.456
788.456
788.456
788.456
766.599
766.614
783.228
783.228
783.228
794.313
794.313
794.313
794.313
794.313
795.723
795.723
795.723
795.723
795.723
784.865
784.865
784.865
784.865
784.865
793.373
793.373
793.373
793.373
793.373
782.622
782.622
782.622
782.622
782.622
781.158
781.158
781.158
781.158
781.158
780.256
780.256
780.256
780.256
780.256
793.03
793.03
793.03
793.03
793.03
787.789
787.789
787.789
787.789
787.789
795.817
795.817
795.817
795.817
795.817
784.796
784.796
784.796
784.796
784.796
792.211
792.211
792.211
792.211
792.211
784.348
784.348
784.348
784.348
784.348
774.898
774.898
774.898
774.898
774.898
785.411
785.411
785.411
785.411
785.411
793.898
793.898
793.898
793.898
793.898
775.951
775.951
775.951
775.951
775.951
785.617
785.617
785.617
785.617
785.617
781.879
781.879
781.879
781.879
781.879
780.248
780.248
780.248
780.248
780.248
770.215
770.215
770.215
770.215
770.215
793.269
793.269
793.269
793.269
793.269
768.753
768.753
768.753
768.753
768.753
760.829
760.829
760.829
760.829
760.829
765.969
765.969
765.969
765.969
765.969
748.008
748.008
748.008
748.008
748.008
772.376
772.376
772.376
772.376
772.376
794.137
794.137
794.137
794.137
794.137
793.15
793.15
793.15
793.15
793.15
789.175
789.175
789.175
789.175
789.175
795.666
795.666
795.666
795.666
795.666
780.72
780.72
780.72
780.72
780.72
790.706
790.706
790.706
790.706
790.706
790.555
790.555
790.555
790.555
790.555
786.804
786.804
786.804
786.804
786.804
754.383
754.383
754.383
754.383
754.383
783.577
783.577
783.577
783.577
783.577
786.165
786.165
786.165
786.165
786.165
766.53
766.53
766.53
766.53
766.53
786.141
786.141
786.141
786.141
786.141
761.971
761.971
761.971
761.971
761.971
771.068
771.068
771.068
771.068
771.068
791.16
791.16
791.16
791.16
791.16
786.506
786.506
786.506
786.506
786.506
771.448
771.448
771.448
771.448
771.448
786.827
786.827
786.827
786.827
786.827
788.095
788.095
788.095
788.095
788.095
762.207
762.207
762.207
762.207
762.207
775.678
775.678
775.678
775.678
775.678
772.095
772.095
772.095
772.095
772.095
758.994
758.994
758.994
758.994
758.994
782.738
782.738
782.738
782.738
782.738
765.331
765.331
765.331
765.331
765.331
758.12
758.12
758.12
758.12
758.12
531.039
531.039
531.039
531.039
531.039
636.146
636.146
636.146
636.146
636.146
778.951
778.951
778.951
778.951
778.951
778.499
778.499
778.499
778.499
778.499
770.178
770.178
770.178
770.178
770.178
773.473
773.473
773.473
773.473
773.473
772.655
772.655
772.655
772.655
772.655
784.385
784.385
784.385
784.385
784.385
765.684
765.684
765.684
765.684
765.684
796.748
796.748
796.748
796.748
796.748
783.172
783.172
783.172
783.172
783.172
789.266
789.266
789.266
789.266
789.266
790.898
790.898
790.898
790.898
790.898
774.774
774.774
774.774
774.774
774.774
773.192
773.192
773.192
773.192
773.192
773.718
773.718
773.718
773.718
773.718
714.639
714.639
714.639
714.639
714.639
667.776
667.776
667.776
667.776
667.776
669.06
669.06
669.06
669.06
669.06
762.22
762.22
762.22
762.22
762.22
734.78
734.78
734.78
734.78
734.78
734.981
734.981
734.981
734.981
734.981
634.456
634.456
634.456
634.456
634.456
365.947
365.947
365.947
365.947
365.947
635.102
635.102
635.102
635.102
635.102
481.802
481.802
481.802
481.802
481.802
511.583
511.681
511.681
511.681
511.681
444.6
444.6
444.6
444.6
444.6
713.001
713.001
713.001
713.001
713.001
568.056
636.113
636.113
636.113
636.113
409.408
409.408
409.408
409.408
409.408
556.188
556.188
556.188
556.188
556.188
644.435
644.435
644.435
644.435
644.435
749.074
749.074
749.074
749.074
749.074
751.066
751.066
751.066
751.066
751.066
607.092
607.092
607.092
607.092
607.092
687.509
687.509
687.509
687.509
687.509
697.052
697.052
697.052
697.052
697.052
504.732
504.732
504.732
504.732
504.732
751.2
751.2
751.2
751.2
751.2
641.299
641.299
641.299
641.299
641.299
680.886
680.886
680.886
680.886
680.886
617.831
617.831
617.831
617.831
617.831
557.384
557.384
557.384
557.384
557.384
230.688
230.688
230.688
230.688
230.688
484.626
484.626
484.626
484.626
484.626
777.311
777.311
777.311
777.311
777.311
751.001
751.001
751.001
751.001
751.001
780.37
780.37
780.37
780.37
780.37
763.102
763.102
763.102
763.102
763.102
760.979
760.979
760.979
760.979
760.979
716.131
716.131
716.131
716.131
716.131
763.174
763.174
763.174
763.174
763.174
730.646
730.646
730.646
730.646
730.646
624.293
624.293
624.293
624.293
624.293
677.432
677.432
677.432
677.432
677.432
705.651
705.651
705.651
705.651
705.651
659.476
659.476
659.476
659.476
659.476
541.05
541.05
541.05
541.05
541.05
761.819
761.819
761.819
761.819
761.819
770.414
770.414
770.414
770.414
770.414
755.318
755.318
755.318
755.318
755.318
769.676
769.676
769.676
769.676
769.676
708.25
708.25
708.25
708.25
708.25
741.789
741.789
741.789
741.789
741.789
724.989
724.989
724.989
724.989
724.989
794.102
794.102
794.102
794.102
794.102
774.212
774.212
774.212
774.212
774.212
750.65
750.65
750.65
750.65
750.65
756.675
756.675
756.675
756.675
756.675
702.937
702.937
702.937
702.937
702.937
767.286
767.286
767.286
767.286
767.286
782.085
782.085
782.085
782.085
782.085
788.701
788.701
788.701
788.701
788.701
765.555
765.555
765.555
765.555
765.555
770.144
770.144
770.144
770.144
770.144
714.506
714.506
714.506
714.506
714.506
713.122
713.122
713.122
713.122
713.122
501.22
501.22
501.22
501.22
501.22
417.441
417.441
417.441
417.441
417.441
500.94
500.94
500.94
500.94
500.94
480.456
480.456
480.456
480.456
480.456
447.375
447.375
447.375
447.375
447.375
736.249
736.249
736.249
736.249
736.249
739.98
739.98
739.98
739.98
739.98
729.96
729.96
729.96
729.96
729.96
760.375
760.375
760.375
760.375
760.375
779.764
779.764
779.764
779.764
779.764
776.189
776.189
776.189
776.189
776.189
730.347
730.347
730.347
730.347
730.347
765.406
765.406
765.406
765.406
765.406
775.363
775.363
775.363
775.363
775.363
768.971
768.971
768.971
768.971
768.971
796.459
796.459
796.459
796.459
796.459
791.521
791.521
791.521
791.521
791.521
794.442
794.442
794.442
794.442
794.442
785.151
785.151
785.151
785.151
785.151
783.721
783.721
783.721
783.721
783.721
793.231
793.231
793.231
793.231
793.231
790.622
790.622
790.622
790.622
790.622
792.296
792.296
792.296
792.296
792.296
786.636
786.636
786.636
786.636
786.636
788.727
788.727
788.727
788.727
788.727
791.083
791.083
791.083
791.083
791.083
787.975
787.975
787.975
787.975
787.975
791.521
791.521
791.521
791.521
791.521
785.038
785.038
785.038
785.038
785.038
783.38
783.38
783.38
783.38
783.38
789.65
789.65
789.65
789.65
789.65
789.293
789.293
789.293
789.293
789.293
778.355
778.355
778.355
778.355
778.355
776.916
776.916
776.916
776.916
776.916
785.24
785.24
785.24
785.24
785.24
780.917
780.917
780.917
780.917
780.917
788.387
788.387
788.387
788.387
788.387
774.368
774.368
774.368
774.368
774.368
774.973
774.973
774.973
774.973
774.973
787.471
787.471
787.471
787.471
787.471
724.483
724.483
724.483
724.483
724.483
769.009
769.009
769.009
769.009
769.009
773.98
773.98
773.98
773.98
773.98
763.894
763.894
763.894
763.894
763.894
752.978
752.978
752.978
752.978
752.978
738.217
738.217
738.217
738.217
738.217
715.269
715.269
715.269
715.269
715.269
766.452
766.452
766.452
766.452
766.452
747.893
747.893
747.893
747.893
747.893
621.826
621.826
621.826
621.826
621.826
378.196
378.196
378.196
378.196
378.196
739.916
739.916
739.916
739.916
739.916
710.675
710.675
710.675
710.675
710.675
767.112
767.112
767.112
767.112
767.112
790.145
790.145
790.145
790.145
790.145
782.331
782.331
782.331
782.331
782.331
787.332
787.332
787.332
787.332
787.332
790.897
790.897
790.897
790.897
790.897
789.271
789.271
789.271
789.271
789.271
772.794
772.794
772.794
772.794
772.794
779.546
779.546
779.546
779.546
779.546
759.906
759.906
759.906
759.906
759.906
766.037
766.037
766.037
766.037
766.037
790.305
790.305
790.305
790.305
790.305
771.346
771.346
771.346
771.346
771.346
767.509
767.509
767.509
767.509
767.509
753.129
753.129
753.129
753.129
753.129
787.179
787.179
787.179
787.179
787.179
762.944
762.944
762.944
762.944
762.944
750.668
750.668
750.668
750.668
750.668
715.299
715.299
715.299
715.299
715.299
746.28
746.28
746.28
746.28
746.28
755.191
755.191
755.191
755.191
755.191
759.051
759.051
759.051
759.051
759.051
704.851
704.851
704.851
704.851
704.851
775.618
775.618
775.845
775.845
775.845
791.776
791.776
791.776
791.776
791.776
775.666
775.666
775.666
775.666
775.666
790.445
790.445
790.445
790.445
790.445
789.613
789.613
789.613
789.613
789.613
793.97
793.97
793.97
793.97
793.97
792.672
792.672
792.672
792.672
792.672
786.76
786.76
786.76
786.76
786.76
789.33
789.33
789.33
789.33
789.33
790.625
790.625
790.625
790.625
790.625
783.753
783.753
783.753
783.753
783.753
766.196
766.196
766.196
766.196
766.196
781.671
781.671
781.671
781.671
781.671
787.453
787.453
787.453
787.453
787.453
793.196
793.196
793.196
793.196
793.196
793.899
793.899
793.899
793.899
793.899
777.262
777.262
777.262
777.262
777.262
765.244
765.244
765.245
765.245
765.245
764.923
764.923
764.923
764.923
764.923
776.476
776.476
776.476
776.476
776.476
772.725
772.725
772.725
772.725
772.725
776.945
776.945
776.945
776.945
776.945
785.809
785.809
786.993
786.993
786.993
753.54
753.54
753.54
753.54
753.54
776.669
776.669
776.669
776.669
776.669
784.461
784.461
784.461
784.461
784.461
770.437
770.437
770.437
770.437
770.437
784.626
784.626
784.626
784.626
784.626
749.234
749.234
749.234
749.234
749.234
759.991
759.991
759.991
759.991
759.991
788.209
788.209
788.209
788.209
788.209
788.792
788.792
788.792
788.792
788.792
777.133
777.133
777.133
777.133
777.133
764.9
764.9
764.9
764.9
764.9
514.915
514.915
514.915
514.915
514.915
454.544
454.544
454.544
454.544
454.544
642.506
642.506
642.506
642.506
642.506
583.289
583.289
583.287
583.287
583.287
508.039
508.039
508.039
508.039
508.039
743.781
743.781
743.781
743.781
743.781
724.32
724.32
724.32
724.32
724.32
670.328
670.328
670.328
670.328
670.328
722.331
722.331
722.331
722.331
722.331
554.644
554.644
554.644
554.644
554.644
643.478
643.478
643.478
643.478
643.478
743.021
743.021
743.021
743.021
743.021
750.741
750.741
750.741
750.741
750.741
720.403
720.403
720.403
720.403
720.403
760.162
760.162
760.162
760.162
760.162
681.34
681.34
681.34
681.34
681.34
761.262
761.262
761.262
761.262
761.262
792.229
792.229
792.229
792.229
792.229
722.831
722.831
722.831
722.831
722.831
629.388
629.388
629.388
629.388
629.388
335.742
335.742
335.742
335.742
335.742
402.849
402.849
402.849
402.849
402.849
773.859
773.859
773.859
773.859
773.859
583.777
583.777
583.777
583.777
583.777
590.38
590.38
590.38
590.38
590.38
435.602
435.602
435.602
435.602
435.602
614.126
614.126
614.126
614.126
614.126
497.692
497.692
497.692
497.692
497.692
733.402
733.402
733.402
733.402
733.402
610.959
610.959
610.959
610.959
610.959
437.345
437.345
437.345
437.345
437.345
465.387
465.387
465.387
465.387
465.387
453.184
453.184
453.184
453.184
453.184
745.829
745.829
745.829
745.829
745.829
337.123
337.123
337.123
337.123
337.123
617.484
617.484
617.484
617.484
617.484
639.674
639.674
639.674
639.674
639.674
334.071
334.071
334.071
334.071
334.071
409.798
409.798
409.798
409.798
409.798
454.331
454.331
454.331
454.331
454.331
776.277
776.277
776.277
776.277
776.277
741.908
741.908
741.908
741.908
741.908
481.746
481.746
481.746
481.746
481.746
370.775
370.775
370.775
370.775
370.775
774.309
774.309
774.309
774.309
774.309
722.91
722.91
722.91
722.91
722.91
741.023
741.023
741.023
741.023
741.023
738.388
738.388
738.388
738.388
738.388
521.296
521.296
521.296
521.296
521.296
679.438
679.438
679.438
679.438
679.438
339.913
339.913
339.913
339.913
339.913
537.52
537.52
537.52
537.52
537.52
639.885
639.885
639.885
639.885
639.885
697.971
697.971
697.971
697.971
697.971
772.852
772.852
772.852
772.852
772.852
746.566
746.566
746.566
746.566
746.566
741.797
741.797
741.797
741.797
741.797
575.095
575.095
575.095
575.095
575.095
705.481
705.481
705.481
705.481
705.481
525.621
525.621
525.621
525.621
525.621
736.402
736.402
736.402
736.402
736.402
667.708
667.708
667.708
667.708
667.708
559.215
559.215
559.215
559.215
559.215
435.395
435.395
435.395
435.395
435.395
538.67
538.67
538.67
538.67
538.67
789.737
789.737
789.737
789.737
789.737
685.723
685.723
685.723
685.723
685.723
771.784
771.784
771.784
771.784
771.784
780.726
780.726
780.726
780.726
780.726
771.288
771.288
771.288
771.288
771.288
763.598
763.598
763.598
763.598
763.598
786.848
786.848
786.848
786.848
786.848
750.417
750.417
750.417
750.417
750.417
768.341
768.341
768.341
768.341
768.341
778.952
778.952
778.952
778.952
778.952
790.065
790.065
790.065
790.065
790.065
782.958
782.958
782.958
782.958
782.958
786.819
786.819
786.819
786.819
786.819
768.313
768.313
768.313
768.313
768.313
745.318
745.318
745.318
745.318
745.318
791.208
791.208
791.208
791.208
791.208
727.006
727.006
727.006
727.006
727.006
747.581
747.581
747.581
747.581
747.581
790.531
790.531
790.531
790.531
790.531
775.623
775.623
775.623
775.623
775.623
783.575
783.575
783.575
783.575
783.575
758.207
758.207
758.207
758.207
758.207
744.256
744.256
744.256
744.256
744.256
724.511
724.511
724.96
724.96
724.96
759.621
759.621
759.621
759.621
759.621
738.77
738.77
738.77
738.77
738.77
755.374
755.374
755.374
755.374
755.374
693.526
693.526
693.526
693.526
693.526
767.661
767.661
767.661
767.661
767.661
780.35
780.35
780.35
780.35
780.35
787.679
787.679
787.679
787.679
787.679
785.113
785.113
785.113
785.113
785.113
763.448
763.448
763.448
763.448
763.448
782.217
782.217
782.217
782.217
782.217
758.464
758.464
758.464
758.464
758.464
737.017
737.017
737.017
737.017
737.017
791.104
791.104
791.104
791.104
791.104
760.219
760.219
760.219
760.219
760.219
788.843
788.843
788.843
788.843
788.843
791.053
791.053
791.053
791.053
791.053
777.42
777.42
777.42
777.42
777.42
769.386
769.386
769.386
769.386
769.386
779.35
779.35
779.35
779.35
779.35
769.935
769.935
769.935
769.935
769.935
708.226
708.226
708.226
708.226
708.226
748.281
748.281
748.281
748.281
748.281
786.073
786.073
786.073
786.073
786.073
769.544
769.544
769.544
769.544
769.544
788.38
788.38
788.38
788.38
788.38
768.553
768.553
768.553
768.553
768.553
757.017
757.017
757.127
757.127
757.127
788.352
788.352
788.352
788.352
788.352
787.054
787.054
787.054
787.054
787.054
771.635
771.635
771.635
771.635
771.635
762.939
762.939
762.939
762.939
762.939
753.59
753.59
753.59
753.59
753.59
723.786
723.786
723.786
723.786
723.786
728.89
728.89
728.89
728.89
728.89
731.429
731.429
731.429
731.429
731.429
549.088
549.088
549.088
549.088
549.088
420.012
420.012
420.012
420.012
420.012
245.414
245.414
245.414
245.414
245.414
767.52
767.52
767.52
767.52
767.52
562.245
562.245
562.245
562.245
562.245
618.033
618.033
618.033
618.033
618.033
593.031
593.031
593.031
593.031
593.031
361.217
361.217
361.217
361.217
361.217
437.72
437.72
437.72
437.72
437.72
353.641
353.641
353.641
353.641
353.641
378.86
378.86
378.86
378.86
378.86
574.866
574.866
574.866
574.866
574.866
334.256
334.256
334.256
334.256
334.256
248.691
248.691
248.691
248.691
248.691
551.031
551.031
551.031
551.031
551.031
669.426
669.426
669.426
669.426
669.426
657.046
657.046
657.046
657.046
657.046
607.25
607.25
607.25
607.25
607.25
488.538
488.538
488.538
488.538
488.538
532.214
532.214
532.214
532.214
532.214
743.369
743.369
743.369
743.369
743.369
703.611
703.611
703.611
703.611
703.611
683.194
683.194
683.194
683.194
683.194
494.204
494.204
494.204
494.204
494.204
570.459
570.459
570.459
570.459
570.459
584.92
584.92
584.92
584.92
584.92
432.583
432.583
432.583
432.583
432.583
587.347
587.347
587.347
587.347
587.347
638.223
638.223
638.223
638.223
638.223
408.467
408.467
408.467
408.467
408.467
742.275
742.275
742.275
742.275
742.275
786.575
786.575
786.575
786.575
786.575
742.39
742.39
742.39
742.39
742.39
694.756
694.756
694.756
694.756
694.756
712.327
712.327
712.327
712.327
712.327
758.965
758.965
758.965
758.965
758.965
735.192
735.192
735.192
735.192
735.192
765.971
765.971
765.971
765.971
765.971
766.771
766.771
766.771
766.771
766.771
794.299
794.299
794.299
794.299
794.299
788.622
788.622
788.622
788.622
788.622
762.58
762.58
762.58
762.58
762.58
745.311
745.311
745.311
745.311
745.311
767.983
767.983
767.983
767.983
767.983
768.105
768.105
768.105
768.105
768.105
770.933
770.933
770.933
770.933
770.933
786.6
786.6
786.6
786.6
786.6
734.465
734.465
734.465
734.465
734.465
761.341
761.341
761.341
761.341
761.341
792.879
792.879
792.879
792.879
792.879
793.127
793.127
793.127
793.127
793.127
786.901
786.901
786.901
786.901
786.901
789.075
789.075
789.075
789.075
789.075
789.431
789.431
789.431
789.431
789.431
776.738
776.738
776.738
776.738
776.738
781.949
781.949
781.949
781.949
781.949
773.956
773.956
773.956
773.956
773.956
774.011
774.011
774.011
774.011
774.011
779.703
779.703
779.703
779.703
779.703
766.509
766.509
766.509
766.509
766.509
773.969
773.969
773.969
773.969
773.969
787.038
787.038
787.038
787.038
787.038
779.843
779.843
779.843
779.843
779.843
780.959
780.959
780.959
780.959
780.959
792.543
792.543
792.543
792.543
792.543
776.812
776.812
776.812
776.812
776.812
756.7
756.7
756.7
756.7
756.7
768.284
768.284
768.284
768.284
768.284
723.542
723.542
723.542
723.542
723.542
762.549
762.549
762.55
762.55
762.55
780.026
780.026
780.026
780.026
780.026
777.332
777.332
777.332
777.332
777.332
751.687
751.687
751.687
751.687
751.687
765.297
765.297
765.297
765.297
765.297
703.336
703.336
703.336
703.336
703.336
704.065
704.065
704.065
704.065
704.065
768.45
768.45
768.45
768.45
768.45
734.039
734.039
734.039
734.039
734.039
742.434
742.434
742.434
742.434
742.434
766.843
766.843
766.843
766.843
766.843
762.721
762.721
762.721
762.721
762.721
756.265
756.265
756.265
756.265
756.265
778.622
778.622
778.622
778.622
778.622
781.012
781.012
781.012
781.012
781.012
780.118
780.118
780.118
780.118
780.118
791.636
791.636
791.636
791.636
791.636
770.517
770.517
770.517
770.517
770.517
775.039
775.039
775.039
775.039
775.039
773.548
773.548
773.548
773.548
773.548
755.101
755.101
755.101
755.101
755.101
737.997
737.997
737.997
737.997
737.997
778.848
778.848
778.848
778.848
778.848
779.264
779.264
779.264
779.264
779.264
680.811
680.811
680.811
680.811
680.811
726.662
726.662
726.662
726.662
726.662
667.034
667.034
667.034
667.034
667.034
760.171
760.171
760.171
760.171
760.171
776.112
776.112
776.112
776.112
776.112
630.388
630.388
630.388
630.388
630.388
278.734
278.734
278.734
278.734
278.734
371.994
371.994
371.994
371.994
371.994
544.781
544.781
544.781
544.781
544.781
426.568
426.568
426.568
426.568
426.568
364.201
364.201
364.201
364.201
364.201
605.769
605.769
605.769
605.769
605.769
782.454
782.454
782.454
782.454
782.454
774.213
774.213
774.213
774.213
774.213
783.829
783.829
783.829
783.829
783.829
769.885
769.885
769.885
769.885
769.885
782.317
782.317
782.317
782.317
782.317
741.123
741.123
741.123
741.123
741.123
764.909
764.909
764.909
764.909
764.909
786.718
786.718
786.718
786.718
786.718
785.836
785.836
785.836
785.836
785.836
778.961
778.961
778.961
778.961
778.961
756.99
756.99
756.99
756.99
756.99
735.469
735.469
735.469
735.469
735.469
763.389
763.389
763.389
763.389
763.389
769.907
769.907
769.907
769.907
769.907
739.858
739.858
739.858
739.858
739.858
766.404
766.404
766.404
766.404
766.404
776.353
776.353
776.353
776.353
776.353
774.687
774.687
774.687
774.687
774.687
768.486
768.486
768.486
768.486
768.486
785.08
785.08
785.08
785.08
785.08
776.978
776.978
776.978
776.978
776.978
774.523
774.523
774.523
774.523
774.523
790.125
790.125
790.125
790.125
790.125
789.422
789.422
789.422
789.422
789.422
777.741
777.741
777.741
777.741
777.741
793.62
793.62
793.62
793.62
793.62
771.055
771.055
771.055
771.055
771.055
776.03
776.03
776.03
776.03
776.03
777.626
777.626
777.626
777.626
777.626
759.406
759.406
759.406
759.406
759.406
764.659
764.659
764.659
764.659
764.659
786.598
786.598
786.598
786.598
786.598
793.244
793.244
793.244
793.244
793.244
782.709
782.709
782.709
782.709
782.709
794.089
794.089
794.089
794.089
794.089
772.798
772.798
772.798
772.798
772.798
780.999
780.999
780.999
780.999
780.999
794.316
794.316
794.316
794.316
794.316
793.828
793.828
793.828
793.828
793.828
788.435
788.435
788.435
788.435
788.435
785.266
785.266
785.266
785.266
785.266
748.956
748.956
748.956
748.956
748.956
734.84
734.84
734.84
734.84
734.84
743.009
743.009
743.009
743.009
743.009
786.798
786.798
786.798
786.798
786.798
774.81
774.81
774.81
774.81
774.81
791.322
791.322
791.322
791.322
791.322
752.476
752.476
752.476
752.476
752.476
763.89
763.89
763.89
763.89
763.89
783.066
783.066
783.066
783.066
783.066
758.235
758.235
758.235
758.235
758.235
778.248
778.248
778.248
778.248
778.248
787.017
787.017
787.017
787.017
787.017
783.639
783.639
783.639
783.639
783.639
783.744
783.744
783.744
783.744
783.744
786.391
786.391
786.391
786.391
786.391
793.719
793.719
793.719
793.719
793.719
784.365
784.365
784.365
784.365
784.365
794.052
794.052
794.052
794.052
794.052
791.993
791.993
791.993
791.993
791.993
774.368
774.368
774.368
774.368
774.368
789.247
789.247
789.247
789.247
789.247
782.48
782.48
782.48
782.48
782.48
778.679
778.679
778.679
778.679
778.679
792.503
792.503
792.503
792.503
792.503
769.62
769.62
769.62
769.62
769.62
746.055
746.055
746.055
746.055
746.055
758.667
758.667
758.667
758.667
758.667
747.768
747.768
747.768
747.768
747.768
778.112
778.112
778.112
778.112
778.112
755.668
755.668
755.668
755.668
755.668
750.777
750.777
750.777
750.777
750.777
409.401
409.401
409.401
409.401
409.401
359.376
359.376
359.376
359.376
359.376
773.936
773.936
773.936
773.936
773.936
777.053
777.053
777.053
777.053
777.053
411.603
411.603
411.603
411.603
411.603
370.594
370.594
370.594
370.594
370.594
655.42
655.42
655.42
655.42
655.42
665.597
665.597
665.597
665.597
665.597
611.316
611.316
611.316
611.316
611.316
710.693
710.693
710.693
710.693
710.693
673.604
673.604
673.604
673.604
673.604
688.395
688.395
688.395
688.395
688.395
490.288
490.288
490.288
490.288
490.288
757.669
757.669
760.837
760.837
760.837
783.615
783.615
783.615
783.615
783.615
767.885
767.885
767.885
767.885
767.885
723.16
723.16
723.16
723.16
723.16
731.406
731.406
731.406
731.406
731.406
773.02
773.02
773.02
773.02
773.02
773.594
773.594
773.594
773.594
773.594
775.416
775.416
775.416
775.416
775.416
714.757
714.757
714.757
714.757
714.757
786.104
786.104
786.104
786.104
786.104
766.374
766.374
766.374
766.374
766.374
782.128
782.128
782.128
782.128
782.128
785.4
785.4
785.4
785.4
785.4
765.389
765.389
765.389
765.389
765.389
787.927
787.927
787.927
787.927
787.927
776.015
776.015
776.015
776.015
776.015
762.111
762.111
762.111
762.111
762.111
781.98
781.98
781.98
781.98
781.98
783.184
783.184
783.184
783.184
783.184
766.939
766.939
766.939
766.939
766.939
679.343
679.343
679.343
679.343
679.343
0
