0
0
0
0
0
0
0
0
0
0
0
0
0
0
0
0
0
0
0
0
0
0
0
0
0
0
0
0
0
0
0
0
0
0
0
0
0
0
0
0
0
0
0
0
0
0
0
0
0
0
0
0
0
0
0
0
0
0
0
0
0
0
0
0
0
0
0
0
0
0
0
0
0
0
0
0
0
0
0
0
0
0
0
0
0
0
0
0
0
0
0
0
0
0
0
0
0
0
0
0
0
0
0
0
0
0
0
0
0
0
0
0
0
0
0
0
0
0
0
0
0
0
0
0
0
0
0
0
0
0
0
0
0
0
0
0
0
0
0
0
0
0
0
0
0
0
0
0
0
0
0
0
0
0
0
0
0
0
0
0
0
0
0
0
0
0
0
0
0
0
0
0
0
0
0
0
0
0
0
0
0
0
0
0
0
0
0
0
0
0
0
0
0
0
0
0
0
0
0
779.733
779.733
779.733
779.733
779.733
763.946
763.946
763.946
763.946
763.946
702.402
702.402
702.402
702.402
702.402
747.769
747.769
747.769
747.769
747.769
771.525
771.525
771.525
771.525
771.525
726
726
726
726
726
732.772
732.772
732.772
732.772
732.772
688.606
688.606
688.606
688.606
688.606
647.177
647.177
647.177
647.177
647.177
761.483
761.483
761.483
761.483
761.483
773.355
773.355
773.355
773.355
773.355
742.691
742.691
742.691
742.691
742.691
757.181
757.181
757.181
757.181
757.181
723.879
723.879
723.879
723.879
723.879
242.398
242.398
242.398
242.398
242.398
767.854
767.854
767.854
767.854
767.854
783.86
783.86
783.86
783.86
783.86
738.391
738.391
738.391
738.391
738.391
644.03
644.03
644.03
644.03
644.03
662.516
662.516
662.516
662.516
662.516
583.717
583.717
583.717
583.717
583.717
675.74
675.74
675.74
675.74
675.74
641.365
641.365
641.365
641.365
641.365
634.01
634.01
634.01
634.01
634.01
325.134
325.134
325.134
325.134
325.134
489.875
489.875
489.875
489.875
489.875
704.84
704.84
704.84
704.84
704.84
132.039
132.039
132.039
132.039
132.039
772.36
772.36
772.36
772.36
772.36
753.552
753.552
753.552
753.552
753.552
767.374
767.374
767.374
767.374
767.374
778.698
778.698
778.698
778.698
778.698
750.775
750.775
750.775
750.775
750.775
785.436
785.436
785.436
785.436
785.436
779.646
779.646
779.646
779.646
779.646
731.78
731.78
731.78
731.78
731.78
699.611
699.611
699.611
699.611
699.611
776.907
776.907
776.907
776.907
776.907
489.983
489.983
489.983
489.983
489.983
636.01
636.01
636.01
636.01
636.01
691.25
691.25
691.25
691.25
691.25
398.824
398.824
398.824
398.824
398.824
601.469
601.469
601.469
601.469
601.469
588.627
588.627
588.627
588.627
588.627
445.213
445.213
445.213
445.213
445.213
455.88
455.88
455.88
455.88
455.88
749.676
749.676
749.676
749.676
749.676
693.132
690.265
690.265
690.265
690.265
379.247
379.247
379.247
379.247
379.247
750.182
750.182
750.182
750.182
750.182
439.028
439.028
439.028
439.028
439.028
707.648
707.648
707.648
707.648
707.648
770.154
770.154
770.154
770.154
770.154
745.6
745.6
745.6
745.6
745.6
768.841
768.841
768.841
768.841
768.841
750.182
750.182
750.182
750.182
750.182
545.419
545.419
545.419
545.419
545.419
378.92
378.92
378.92
378.92
378.92
362.559
362.559
362.559
362.559
362.559
552.68
553.484
553.484
553.484
553.484
762.122
762.122
762.122
762.122
762.122
769.604
769.604
769.604
769.604
769.604
780.566
780.566
780.566
780.566
780.566
687.023
687.023
687.023
687.023
687.023
507.102
507.359
507.359
507.359
507.359
774.085
774.085
774.085
774.085
774.085
772.077
772.077
772.077
772.077
772.077
792.179
792.179
792.179
792.179
792.179
766.674
766.674
766.674
766.674
766.674
784.703
784.703
784.703
784.703
784.703
767.345
767.345
767.345
767.345
767.345
778.441
778.441
778.441
778.441
778.441
764.49
764.49
764.49
764.49
764.49
783.039
783.039
783.039
783.039
783.039
755.383
755.383
755.383
755.383
755.383
717.425
717.425
717.425
717.425
717.425
784.141
784.141
784.141
784.141
784.141
765.934
765.934
765.934
765.934
765.934
775.45
775.45
775.45
775.45
775.45
761.675
761.675
761.675
761.675
761.675
763.047
763.047
763.047
763.047
763.047
763.293
763.293
763.293
763.293
763.293
771.521
771.521
771.521
771.521
771.521
785.191
785.191
785.191
785.191
785.191
788.25
788.25
788.25
788.25
788.25
779.613
779.613
779.613
779.613
779.613
787.287
787.287
787.287
787.287
787.287
780.567
780.567
780.567
780.567
780.567
780.161
780.161
780.161
780.161
780.161
792.666
792.666
792.666
792.666
792.666
796.048
796.048
796.048
796.048
796.048
794.226
794.226
794.226
794.226
794.226
784.95
784.95
784.95
784.95
784.95
783.286
783.286
783.286
783.286
783.286
793.728
793.728
793.728
793.728
793.728
785.85
785.85
785.85
785.85
785.85
793.72
793.72
793.72
793.72
793.72
793.605
793.605
793.605
793.605
793.605
784.766
784.766
784.766
784.766
784.766
791.872
791.872
791.872
791.872
791.872
775.588
775.588
775.588
775.588
775.588
790.253
790.253
790.253
790.253
790.253
781.14
781.14
781.14
781.14
781.14
791.833
791.833
791.833
791.833
791.833
788.463
788.463
788.463
788.463
788.463
793.589
793.589
793.589
793.589
793.589
789.281
789.281
789.281
789.281
789.281
776.538
776.538
776.538
776.538
776.538
765.278
765.278
765.278
765.278
765.278
794.686
794.686
794.686
794.686
794.686
792.569
792.569
792.569
792.569
792.569
779.65
779.65
779.65
779.65
779.65
793.984
793.984
793.984
793.984
793.984
785.593
785.593
785.593
785.593
785.593
780.768
780.768
780.768
780.768
780.768
785.649
785.649
785.649
785.649
785.649
778.977
778.977
778.977
778.977
778.977
778.374
778.374
778.374
778.374
778.374
796.17
796.17
796.17
796.17
796.17
795.125
795.125
795.125
795.125
795.125
793.324
793.324
793.324
793.324
793.324
763.004
763.004
763.004
763.004
763.004
766.582
766.582
766.582
766.582
766.582
748.978
748.978
748.978
748.978
748.978
789.477
789.477
789.477
789.477
789.477
783.81
783.81
783.81
783.81
783.81
786.257
786.257
786.257
786.257
786.257
760.198
760.198
760.198
760.198
760.198
758.947
758.947
758.947
758.947
758.947
737.744
737.744
737.744
737.744
737.744
777.782
777.782
777.782
777.782
777.782
785.454
785.454
785.454
785.454
785.454
762.218
762.218
762.218
762.218
762.218
749.033
749.033
749.033
749.033
749.033
786.47
786.47
786.47
786.47
786.47
787.892
787.892
787.892
787.892
787.892
773.617
773.617
773.617
773.617
773.617
781.764
781.764
781.764
781.764
781.764
788.305
788.305
788.305
788.305
788.305
786.957
786.957
786.957
786.957
786.957
783.422
783.422
783.422
783.422
783.422
788.791
788.791
788.791
788.791
788.791
773.416
773.416
773.416
773.416
773.416
756.523
756.523
756.523
756.523
756.523
790.97
790.97
790.97
790.97
790.97
785.455
785.455
785.455
785.455
785.455
777.3
777.3
777.3
777.3
777.3
784.633
784.633
784.633
784.633
784.633
795.674
795.674
795.674
795.674
795.674
775.671
775.671
775.671
775.671
775.671
785.937
785.937
785.937
785.937
785.937
775.632
775.632
775.632
775.632
775.632
778.438
778.438
778.438
778.438
778.438
788.437
788.437
788.437
788.437
788.437
780.03
780.03
780.03
780.03
780.03
751.115
751.115
751.115
751.115
751.115
774.083
774.083
774.083
774.083
774.083
757.562
757.562
757.562
757.562
757.562
782.998
782.998
782.998
782.998
782.998
741.151
741.151
741.151
741.151
741.151
779.678
779.678
779.678
779.678
779.678
764.932
764.932
764.932
764.932
764.932
762.098
762.098
762.098
762.098
762.098
795.07
795.07
795.07
795.07
795.07
759.888
759.888
759.888
759.888
759.888
726.159
726.159
726.159
726.159
726.159
302.676
302.676
302.676
302.676
302.676
729.316
729.316
729.316
729.316
729.316
771.557
771.557
771.557
771.557
771.557
782.077
782.077
782.077
782.077
782.077
768.283
768.283
768.283
768.283
768.283
792.992
792.992
792.992
792.992
792.992
788.724
788.724
788.724
788.724
788.724
775.232
775.232
775.232
775.232
775.232
775.557
775.557
775.557
775.557
775.557
794.28
794.28
794.28
794.28
794.28
789.64
789.64
789.64
789.64
789.64
775.737
775.737
775.737
775.737
775.737
785.889
785.889
785.889
785.889
785.889
784.831
784.831
784.831
784.831
784.831
773.503
773.503
773.503
773.503
773.503
770.278
770.278
772.557
772.557
772.557
787.864
787.864
787.864
787.864
787.864
775.306
775.306
775.306
775.306
775.306
794.2
794.2
794.2
794.2
794.2
787.085
787.085
787.085
787.085
787.085
786.125
786.125
786.125
786.125
786.125
793.591
793.591
793.591
793.591
793.591
779.591
779.591
779.591
779.591
779.591
793.161
793.161
793.161
793.161
793.161
789.652
789.652
789.652
789.652
789.652
792.113
792.113
792.113
792.113
792.113
783.779
783.779
783.779
783.779
783.779
787.513
787.513
787.513
787.513
787.513
791.368
791.368
791.368
791.368
791.368
780.652
780.652
780.652
780.652
780.652
787.806
787.806
787.806
787.806
787.806
783.462
783.462
783.462
783.462
783.462
780.629
780.629
780.629
780.629
780.629
792.755
792.755
792.755
792.755
792.755
787.708
787.708
787.708
787.708
787.708
795.281
795.281
795.281
795.281
795.281
794.768
794.768
794.768
794.768
794.768
787.082
787.082
787.082
787.082
787.082
784.176
784.176
784.176
784.176
784.176
794.107
794.107
794.107
794.107
794.107
786.983
786.983
786.983
786.983
786.983
794.575
794.575
794.575
794.575
794.575
775.041
775.041
775.041
775.041
775.041
786.13
786.13
786.13
786.13
786.13
762.424
762.424
762.424
762.424
762.424
782.236
782.236
782.236
782.236
782.236
774.624
774.624
774.624
774.624
774.624
773.196
773.196
773.196
773.196
773.196
790.733
790.733
790.733
790.733
790.733
765.265
765.265
765.265
765.265
765.265
773.047
773.047
773.047
773.047
773.047
770.089
770.089
770.089
770.089
770.089
777.904
777.904
777.904
777.904
777.904
742.345
742.345
742.345
742.345
742.345
772.87
772.87
772.87
772.87
772.87
746.321
746.321
746.321
746.321
746.321
739.87
739.87
739.87
739.87
739.87
779.231
779.231
779.231
779.231
779.231
785.654
785.654
785.654
785.654
785.654
755.781
755.781
755.781
755.781
755.781
786.836
786.836
786.836
786.836
786.836
732.682
732.682
732.682
732.682
732.682
390.792
390.792
390.792
390.792
390.792
264.075
264.075
264.075
264.075
264.075
720.39
720.39
720.39
720.39
720.39
756.197
756.197
756.197
756.197
756.197
724.199
724.199
724.199
724.199
724.199
776.953
776.953
776.953
776.953
776.953
753.219
753.219
753.219
753.219
753.219
784.57
784.57
784.57
784.57
784.57
782.759
782.759
782.759
782.759
782.759
783.023
783.023
783.023
783.023
783.023
770.905
770.905
770.905
770.905
770.905
747.337
747.337
747.337
747.337
747.337
771.276
771.276
771.276
771.276
771.276
710.924
710.924
710.924
710.924
710.924
653.733
653.733
653.733
653.733
653.733
423.807
423.807
423.807
423.807
423.807
445.363
445.363
445.363
445.363
445.363
513.25
513.25
513.25
513.25
513.25
513.695
513.695
513.695
513.695
513.695
695.59
695.59
695.59
695.59
695.59
482.368
482.368
482.368
482.368
482.368
345.344
345.344
345.344
345.344
345.344
494.365
494.365
494.365
494.365
494.365
655.363
655.363
655.363
655.363
655.363
575.695
575.695
575.695
575.695
575.695
752.391
752.391
752.391
752.391
752.391
708.659
708.659
708.659
708.659
708.659
678.564
678.564
678.564
678.564
678.564
770.135
770.135
770.145
770.145
770.145
524.065
524.065
524.065
524.065
524.065
434.898
434.898
434.886
434.886
434.886
441.406
441.406
441.406
441.406
441.406
645.834
645.834
645.834
645.834
645.834
635.64
635.64
635.64
635.64
635.64
730.903
730.903
730.903
730.903
730.903
753.286
753.286
753.286
753.286
753.286
717.139
717.139
717.139
717.139
717.139
752.652
752.652
752.652
752.652
752.652
714.477
714.477
714.477
714.477
714.477
626.266
626.266
626.266
626.266
626.266
335.033
335.033
335.033
335.033
335.033
655.3
655.3
655.3
655.3
655.3
299.879
299.879
299.879
299.879
299.879
680.253
680.253
680.253
680.253
680.253
568.243
568.243
568.243
568.243
568.243
495.907
495.907
495.907
495.907
495.907
705.302
705.302
705.302
705.302
705.302
654.421
654.421
654.421
654.421
654.421
645.129
645.129
645.129
645.129
645.129
522.57
522.57
522.57
522.57
522.57
780.643
780.643
780.643
780.643
780.643
769.813
769.813
769.813
769.813
769.813
760.434
760.434
760.434
760.434
760.434
727.184
727.184
727.184
727.184
727.184
784.314
784.314
784.314
784.314
784.314
782.63
782.63
782.63
782.63
782.63
779.989
779.989
779.989
779.989
779.989
794.323
794.323
794.323
794.323
794.323
784.962
784.962
784.962
784.962
784.962
790.878
790.878
790.878
790.878
790.878
795.918
795.918
795.918
795.918
795.918
793.435
793.435
793.435
793.435
793.435
789.222
789.222
789.222
789.222
789.222
788.658
788.658
788.658
788.658
788.658
788.744
788.744
788.744
788.744
788.744
783.66
783.66
783.66
783.66
783.66
789.012
789.012
789.012
789.012
789.012
793.182
793.182
793.182
793.182
793.182
787.06
787.06
787.06
787.06
787.06
796.502
796.502
796.502
796.502
796.502
787.485
787.485
787.485
787.485
787.485
783.959
783.959
783.959
783.959
783.959
783.631
783.631
783.631
783.631
783.631
794.373
794.373
794.373
794.373
794.373
781.045
781.045
781.045
781.045
781.045
793.823
793.823
793.823
793.823
793.823
794.983
794.983
794.983
794.983
794.983
788.127
788.127
788.127
788.127
788.127
789.685
789.685
789.685
789.685
789.685
785.455
785.455
785.455
785.455
785.455
760.534
760.534
760.534
760.534
760.534
783.349
783.349
783.349
783.349
783.349
793.634
793.634
793.634
793.634
793.634
787.853
787.853
787.853
787.853
787.853
796.873
796.873
796.873
796.873
796.873
793.655
793.655
793.655
793.655
793.655
785.493
785.493
785.493
785.493
785.493
793.551
793.551
793.551
793.551
793.551
782.348
782.348
782.348
782.348
782.348
782.764
782.764
782.764
782.764
782.764
782.197
782.197
782.197
782.197
782.197
791.434
791.434
791.434
791.434
791.434
783.077
783.077
783.077
783.077
783.077
777.614
777.614
777.614
777.614
777.614
786.299
786.299
786.299
786.299
786.299
775.919
775.919
775.919
775.919
775.919
792.996
792.996
792.996
792.996
792.996
788.497
788.497
788.497
788.497
788.497
782.333
782.333
782.333
782.333
782.333
789.818
789.818
789.818
789.818
789.818
786.783
786.783
786.783
786.783
786.783
783.993
783.993
783.993
783.993
783.993
795.357
795.357
795.357
795.357
795.357
791.979
791.979
791.979
791.979
791.979
791.577
791.577
791.577
791.577
791.577
794.242
794.242
794.242
794.242
794.242
790.489
790.489
790.489
790.489
790.489
788.851
788.851
788.851
788.851
788.851
790.32
790.32
790.32
790.32
790.32
798.157
798.157
798.157
798.157
798.157
790.261
790.261
790.261
790.261
790.261
794.781
794.781
794.781
794.781
794.781
793.686
793.686
793.686
793.686
793.686
789.81
789.81
789.81
789.81
789.81
789.068
789.068
789.068
789.068
789.068
796.712
796.712
796.712
796.712
796.712
792.358
792.358
792.358
792.358
792.358
797.003
797.003
797.003
797.003
797.003
793.415
793.415
793.415
793.415
793.415
788.992
788.992
788.992
788.992
788.992
796.033
796.033
796.033
796.033
796.033
795.703
795.703
795.703
795.703
795.703
793.644
793.644
793.644
793.644
793.644
790.004
790.004
790.004
790.004
790.004
797.321
797.321
797.321
797.321
797.321
794.658
794.658
794.658
794.658
794.658
796.829
796.829
796.829
796.829
796.829
795.457
795.457
795.457
795.457
795.457
792.644
792.644
792.644
792.644
792.644
798.717
798.717
798.717
798.717
798.717
792.443
792.443
792.443
792.443
792.443
790.263
790.263
790.263
790.263
790.263
789.357
789.357
789.357
789.357
789.357
784.443
784.443
784.443
784.443
784.443
781.994
781.994
781.994
781.994
781.994
783.606
783.606
783.606
783.606
783.606
794.891
794.891
794.891
794.891
794.891
793.541
793.541
793.541
793.541
793.541
784.16
784.16
784.16
784.16
784.16
794.46
794.46
794.46
794.46
794.46
794.713
794.713
794.713
794.713
794.713
787.662
787.662
787.662
787.662
787.662
796.327
796.327
796.327
796.327
796.327
793.25
793.25
793.25
793.25
793.25
797.135
797.135
797.135
797.135
797.135
794.601
794.601
794.601
794.601
794.601
791.96
791.96
791.96
791.96
791.96
795.987
795.987
795.987
795.987
795.987
793.02
793.02
793.02
793.02
793.02
785.753
785.753
785.753
785.753
785.753
794.713
794.713
794.713
794.713
794.713
787.894
787.894
787.894
787.894
787.894
773.214
773.214
773.214
773.214
773.214
788.403
788.403
788.403
788.403
788.403
795.41
795.41
795.41
795.41
795.41
790.84
790.84
790.84
790.84
790.84
798.623
798.623
798.623
798.623
798.623
794.586
794.586
794.586
794.586
794.586
791.452
791.452
791.452
791.452
791.452
795.16
795.16
795.16
795.16
795.16
795.087
795.087
795.087
795.087
795.087
792.565
792.565
792.565
792.565
792.565
793.499
793.499
793.499
793.499
793.499
796.285
796.285
796.285
796.285
796.285
793.529
793.529
793.529
793.529
793.529
787.29
787.29
787.29
787.29
787.29
790.454
790.454
790.454
790.454
790.454
782.698
782.698
782.698
782.698
782.698
784.449
784.449
784.449
784.449
784.449
796.494
796.494
796.494
796.494
796.494
792.111
792.111
792.111
792.111
792.111
788.398
788.398
788.398
788.398
788.398
793.014
793.014
793.014
793.014
793.014
792.826
792.826
792.826
792.826
792.826
785.589
785.589
785.589
785.589
785.589
791.371
791.371
791.371
791.371
791.371
792.249
792.249
792.249
792.249
792.249
789.479
789.479
789.479
789.479
789.479
794.387
794.387
794.387
794.387
794.387
793.108
793.108
793.108
793.108
793.108
793.302
793.302
793.302
793.302
793.302
778.24
778.24
778.24
778.24
778.24
782.034
782.034
782.034
782.034
782.034
790.788
790.788
790.788
790.788
790.788
794.356
794.356
794.356
794.356
794.356
791.713
791.713
791.713
791.713
791.713
792.859
792.859
792.859
792.859
792.859
794.455
794.455
794.455
794.455
794.455
787.467
787.467
787.467
787.467
787.467
786.59
786.59
786.59
786.59
786.59
792.753
792.753
792.753
792.753
792.753
783.44
783.44
783.44
783.44
783.44
793.408
793.408
793.408
793.408
793.408
787.449
787.449
787.449
787.449
787.449
782.315
782.315
782.315
782.315
782.315
794.316
794.316
794.316
794.316
794.316
796.85
796.85
796.85
796.85
796.85
788.065
788.065
788.065
788.065
788.065
787.76
787.76
787.76
787.76
787.76
797.028
797.028
797.028
797.028
797.028
792.863
792.863
792.863
792.863
792.863
792.105
792.105
792.105
792.105
792.105
797.344
797.344
797.344
797.344
797.344
794.678
794.678
794.678
794.678
794.678
792.259
792.259
792.259
792.259
792.259
782.431
782.431
782.431
782.431
782.431
782.164
782.164
782.164
782.164
782.164
782.927
782.927
782.927
782.927
782.927
790.49
790.49
790.49
790.49
790.49
795.226
795.226
795.226
795.226
795.226
794.776
794.776
794.776
794.776
794.776
791.505
791.505
791.505
791.505
791.505
781.925
781.925
781.925
781.925
781.925
780.865
780.865
780.865
780.865
780.865
789.639
789.639
789.639
789.639
789.639
785.774
785.774
785.774
785.774
785.774
781.29
781.29
781.29
781.29
781.29
783.588
783.588
783.588
783.588
783.588
780.722
780.722
780.722
780.722
780.722
797.875
797.875
797.875
797.875
797.875
792.628
792.628
792.628
792.628
792.628
789.846
789.846
789.846
789.846
789.846
787.152
787.152
787.152
787.152
787.152
791.836
791.836
791.836
791.836
791.836
788.976
788.976
788.976
788.976
788.976
787.217
787.217
787.217
787.217
787.217
795.749
795.749
795.749
795.749
795.749
789.816
789.816
789.816
789.816
789.816
785.17
785.17
785.17
785.17
785.17
780.56
780.56
780.56
780.56
780.56
777.888
777.888
777.888
777.888
777.888
775.076
775.076
775.076
775.076
775.076
788.506
788.506
788.506
788.506
788.506
781.663
781.663
781.663
781.663
781.663
782.038
782.038
782.038
782.038
782.038
776.344
776.344
776.344
776.344
776.344
788.728
788.728
788.728
788.728
788.728
795.26
795.26
795.26
795.26
795.26
790.442
790.442
790.442
790.442
790.442
789.414
789.414
789.414
789.414
789.414
789.713
789.713
789.713
789.713
789.713
789.202
789.202
789.202
789.202
789.202
768.999
768.999
768.999
768.999
768.999
766.869
766.869
766.869
766.869
766.869
795.237
795.237
795.237
795.237
795.237
787.543
787.543
787.543
787.543
787.543
792.544
792.544
792.544
792.544
792.544
786.082
786.082
786.082
786.082
786.082
780.203
780.203
780.203
780.203
780.203
770.974
770.974
770.974
770.974
770.974
782.814
782.814
782.814
782.814
782.814
780.962
780.962
780.962
780.962
780.962
788.034
788.034
788.034
788.034
788.034
791.741
791.741
791.741
791.741
791.741
771.62
771.62
771.62
771.62
771.62
756.184
756.184
756.184
756.184
756.184
782.939
782.939
782.939
782.939
782.939
706.005
706.005
706.005
706.005
706.005
772.568
772.568
772.568
772.568
772.568
785.386
785.386
785.386
785.386
785.386
779.106
779.106
779.106
779.106
779.106
786.837
786.837
786.837
786.837
786.837
757.909
757.909
757.909
757.909
757.909
739.717
739.717
739.717
739.717
739.717
703.546
703.546
703.546
703.546
703.546
773.506
773.506
773.506
773.506
773.506
773.977
773.977
773.977
773.977
773.977
788.254
788.254
788.254
788.254
788.254
779.318
779.318
779.318
779.318
779.318
766.737
766.737
766.737
766.737
766.737
789.898
789.898
789.898
789.898
789.898
787.888
787.888
787.888
787.888
787.888
748.53
748.53
748.53
748.53
748.53
788.787
788.787
788.787
788.787
788.787
772.206
772.206
772.206
772.206
772.206
792.505
792.505
792.505
792.505
792.505
796.911
796.911
796.911
796.911
796.911
779.373
779.373
779.373
779.373
779.373
759.85
759.85
759.85
759.85
759.85
761.201
761.201
761.201
761.201
761.201
788.059
788.059
788.059
788.059
788.059
765.072
765.072
765.072
765.072
765.072
784.673
784.673
784.673
784.673
784.673
770.643
770.643
770.643
770.643
770.643
767.321
767.321
767.321
767.321
767.321
789.224
789.224
789.224
789.224
789.224
740.659
740.659
740.659
740.659
740.659
780.877
780.877
780.877
780.877
780.877
790.68
790.68
790.68
790.68
790.68
768.191
768.191
768.191
768.191
768.191
753.043
753.043
753.043
753.043
753.043
730.909
730.909
730.909
730.909
730.909
784.9
784.9
784.9
784.9
784.9
783.586
783.586
783.586
783.586
783.586
769.831
769.831
769.831
769.831
769.831
766.402
766.402
766.402
766.402
766.402
754.56
754.56
754.56
754.56
754.56
745.947
745.947
745.947
745.947
745.947
488.782
488.782
488.782
488.782
488.782
610.142
610.142
610.142
610.142
610.142
775.616
775.616
775.616
775.616
775.616
793.543
793.543
793.543
793.543
793.543
788.39
788.39
788.39
788.39
788.39
782.493
782.493
782.493
782.493
782.493
778.043
778.043
778.043
778.043
778.043
767.141
767.141
767.141
767.141
767.141
760.372
760.372
760.372
760.372
760.372
776.929
776.929
787.357
787.357
787.357
774.465
774.465
774.465
774.465
774.465
777.265
777.265
777.265
777.265
777.265
793.436
793.436
793.436
793.436
793.436
790.59
790.59
790.59
790.59
790.59
794.809
794.809
794.809
794.809
794.809
781.98
781.98
781.98
781.98
781.98
787.63
787.63
787.63
787.63
787.63
788.257
788.257
788.257
788.257
788.257
790.315
790.315
790.315
790.315
790.315
784.247
784.247
784.247
784.247
784.247
795.8
795.8
795.8
795.8
795.8
783.42
783.42
783.42
783.42
783.42
781.073
781.073
781.073
781.073
781.073
771.824
771.824
771.824
771.824
771.824
789.137
789.137
789.137
789.137
789.137
768.994
768.994
768.994
768.994
768.994
796.767
796.767
796.767
796.767
796.767
794.379
794.379
794.379
794.379
794.379
788.556
788.556
788.556
788.556
788.556
790.415
790.415
790.415
790.415
790.415
791.616
791.616
791.616
791.616
791.616
782.221
782.221
782.221
782.221
782.221
782.211
782.211
782.211
782.211
782.211
788.793
788.793
788.793
788.793
788.793
785.396
785.396
785.396
785.396
785.396
794.214
794.214
794.214
794.214
794.214
783.385
783.385
783.385
783.385
783.385
779.857
779.857
779.857
779.857
779.857
778.64
778.64
778.64
778.64
778.64
791.372
791.372
791.372
791.372
791.372
791.152
791.152
791.152
791.152
791.152
768.721
768.721
768.721
768.721
768.721
790.143
790.143
790.143
790.143
790.143
778.983
778.983
778.983
778.983
778.983
788.439
788.439
788.439
788.439
788.439
775.553
775.553
775.553
775.553
775.553
782.804
782.804
782.804
782.804
782.804
791.133
791.133
791.133
791.133
791.133
778.481
778.481
778.481
778.481
778.481
760.291
760.291
760.291
760.291
760.291
783.624
783.624
783.624
783.624
783.624
780.37
780.37
780.37
780.37
780.37
669.519
669.519
669.519
669.519
669.519
529.695
529.695
529.695
529.695
529.695
564.006
564.006
564.006
564.006
564.006
365.641
365.641
365.641
365.641
365.641
522.197
522.197
522.197
522.197
522.197
567.341
567.341
567.341
567.341
567.341
665.146
665.146
665.146
665.146
665.146
325.24
325.24
325.24
325.24
325.24
584.705
584.705
584.705
584.705
584.705
585.833
585.833
585.833
585.833
585.833
593.141
593.141
593.141
593.141
593.141
732.44
732.44
732.44
732.44
732.44
687.861
687.861
687.861
687.861
687.861
666.389
666.621
666.621
666.621
666.621
370.89
370.89
370.89
370.89
370.89
767.208
767.208
767.208
767.208
767.208
783.663
783.663
783.663
783.663
783.663
768.999
768.999
768.999
768.999
768.999
754.979
754.979
754.979
754.979
754.979
762.314
762.314
762.314
762.314
762.314
791.425
791.425
791.425
791.425
791.425
774.941
774.941
774.941
774.941
774.941
775.428
775.428
775.428
775.428
775.428
757.08
757.08
757.08
757.08
757.08
724.777
724.777
724.777
724.777
724.777
683.345
683.345
683.345
683.345
683.345
756.021
756.021
756.021
756.021
756.021
754.081
754.081
754.081
754.081
754.081
789.424
789.424
789.424
789.424
789.424
788.294
788.294
788.294
788.294
788.294
746.84
746.84
746.84
746.84
746.84
734.715
734.716
734.716
734.716
734.716
760.005
760.005
760.005
760.005
760.005
694.315
694.315
694.315
694.315
694.315
666.674
666.674
666.674
666.674
666.674
526.634
526.634
526.634
526.634
526.634
474.725
474.725
474.725
474.725
474.725
769.704
769.704
769.704
769.704
769.704
740.021
740.021
740.021
740.021
740.021
707.736
707.736
707.736
707.736
707.736
627.918
627.918
627.918
627.918
627.918
695.881
695.881
695.881
695.881
695.881
622.25
622.25
622.25
622.25
622.25
756.778
756.778
756.778
756.778
756.778
654.276
654.276
654.276
654.276
654.276
593.135
593.135
593.135
593.135
593.135
474.468
474.468
474.468
474.468
474.468
437.293
437.293
437.293
437.293
437.293
264.292
264.292
264.292
264.292
264.292
347.251
347.251
347.251
347.251
347.251
469.298
469.298
469.298
469.298
469.298
434.868
434.868
434.868
434.868
434.868
404
404
404
404
404
345.716
345.716
345.716
345.716
345.716
448.506
448.506
448.506
448.506
448.506
650.002
650.002
650.002
650.002
650.002
746.963
746.963
746.963
746.963
746.963
352.401
352.401
352.401
352.401
352.401
746.291
746.291
746.291
746.291
746.291
754.134
754.134
754.134
754.134
754.134
737.985
737.985
737.985
737.985
737.985
647.145
647.145
647.145
647.145
647.145
778.662
778.662
778.662
778.662
778.662
748.555
748.555
748.555
748.555
748.555
692.232
692.232
692.232
692.232
692.232
662.474
662.474
662.474
662.474
662.474
576.765
576.765
576.765
576.765
576.765
693.542
691.084
691.084
691.084
691.084
627.889
627.889
627.889
627.889
627.889
749.263
749.263
749.263
749.263
749.263
119.422
119.422
119.422
119.422
119.422
276.655
276.655
276.655
276.655
276.655
761.736
761.736
761.736
761.736
761.736
753.747
753.747
753.747
753.747
753.747
739.888
739.888
739.888
739.888
739.888
759.532
759.532
759.532
759.532
759.532
705.051
705.051
705.051
705.051
705.051
758.939
758.939
758.939
758.939
758.939
759.224
759.224
759.224
759.224
759.224
739.718
739.718
740.31
740.31
740.31
758.543
758.543
758.543
758.543
758.543
706.366
706.366
706.366
706.366
706.366
671.026
671.026
671.026
671.026
671.026
501.633
501.633
501.633
501.633
501.633
634.077
634.077
634.077
634.077
634.077
766.503
766.503
766.503
766.503
766.503
706.691
706.691
706.691
706.691
706.691
725.818
725.818
725.818
725.818
725.818
750.932
750.932
750.932
750.932
750.932
767.915
767.915
767.915
767.915
767.915
691.356
691.356
691.356
691.356
691.356
664.331
664.331
664.331
664.331
664.331
503.591
503.591
503.591
503.591
503.591
756.679
756.679
756.679
756.679
756.679
752.264
752.264
752.264
752.264
752.264
752.384
752.384
752.384
752.384
752.384
641.612
641.612
641.612
641.612
641.612
759.653
759.653
759.653
759.653
759.653
576.64
576.64
576.64
576.64
576.64
464.442
464.442
464.442
464.442
464.442
710.215
710.215
710.215
710.215
710.215
766.526
766.526
766.526
766.526
766.526
603.368
603.368
603.368
603.368
603.368
676.026
676.026
676.026
676.026
676.026
371.566
371.566
371.566
371.566
371.566
393.859
393.859
393.859
393.859
393.859
323.831
323.831
323.831
323.831
323.831
269.02
269.02
269.02
269.02
269.02
710.022
710.022
710.022
710.022
710.022
766.889
766.889
766.889
766.889
766.889
706.331
706.331
706.331
706.331
706.331
578.972
578.972
578.972
578.972
578.972
772.244
772.244
772.244
772.244
772.244
767.546
767.546
767.546
767.546
767.546
757.748
757.748
757.748
757.748
757.748
744.373
744.373
744.373
744.373
744.373
761.663
761.663
761.663
761.663
761.663
715.96
715.96
715.96
715.96
715.96
760.142
760.142
760.142
760.142
760.142
787.332
787.332
787.332
787.332
787.332
724.236
724.236
724.236
724.236
724.236
727.361
727.361
727.361
727.361
727.361
734.408
734.408
734.408
734.408
734.408
770.663
770.663
770.663
770.663
770.663
767.275
771.051
771.051
771.051
771.051
793.678
793.678
793.678
793.678
793.678
788.255
788.255
788.255
788.255
788.255
759.564
759.564
759.564
759.564
759.564
789.006
789.006
789.006
789.006
789.006
738.876
738.876
738.876
738.876
738.876
748.2
748.2
748.2
748.2
748.2
715.529
715.529
715.529
715.529
715.529
740.473
740.473
740.473
740.473
740.473
759.708
759.708
759.708
759.708
759.708
767.901
767.901
767.901
767.901
767.901
736.35
736.35
736.35
736.35
736.35
785.75
785.75
785.75
785.75
785.75
695.587
695.587
695.587
695.587
695.587
578.385
578.385
578.385
578.385
578.385
362.483
362.483
362.483
362.483
362.483
716.287
716.287
716.287
716.287
716.287
727.253
727.254
727.254
727.254
727.254
756.316
756.316
756.316
756.316
756.316
753.971
753.971
753.971
753.971
753.971
601.113
601.113
601.113
601.113
601.113
701.628
701.628
701.628
701.628
701.628
551.012
551.012
551.012
551.012
551.012
391.093
391.093
391.093
391.093
391.093
736.201
736.201
736.201
736.201
736.201
717.742
717.742
717.742
717.742
717.742
672.766
672.766
672.766
672.766
672.766
608.126
608.126
608.126
608.126
608.126
577.501
577.501
577.501
577.501
577.501
465.224
465.224
465.224
465.224
465.224
733.116
733.116
733.116
733.116
733.116
542.271
542.271
542.271
542.271
542.271
518.465
518.465
518.465
518.465
518.465
457.945
457.945
457.945
457.945
457.945
766.658
766.658
766.658
766.658
766.658
717.819
717.819
717.819
717.819
717.819
608.593
608.593
608.593
608.593
608.593
756.944
756.944
756.944
756.944
756.944
775.637
775.637
775.637
775.637
775.637
736.683
736.683
736.683
736.683
736.683
765.503
765.503
765.503
765.503
765.503
781.722
781.722
781.722
781.722
781.722
650.719
650.719
650.719
650.719
650.719
782.473
782.473
782.473
782.473
782.473
743.067
743.067
743.067
743.067
743.067
727.781
727.781
727.781
727.781
727.781
582.121
582.121
582.121
582.121
582.121
760.144
760.144
760.144
760.144
760.144
773.993
773.993
773.993
773.993
773.993
755.528
755.528
755.528
755.528
755.528
779.751
779.751
779.751
779.751
779.751
782.663
782.663
782.663
782.663
782.663
792.446
792.446
792.446
792.446
792.446
783.096
783.096
783.096
783.096
783.096
777.991
777.991
777.991
777.991
777.991
756.23
756.23
756.23
756.23
756.23
764.279
764.279
764.279
764.279
764.279
758.979
758.979
758.979
758.979
758.979
767.728
767.728
767.728
767.728
767.728
776.363
776.363
776.363
776.363
776.363
769.299
769.299
769.299
769.299
769.299
778.221
778.221
778.221
778.221
778.221
745.316
745.316
745.316
745.316
745.316
779.473
779.473
779.473
779.473
779.473
779.21
779.21
779.21
779.21
779.21
748.499
748.499
748.499
748.499
748.499
771.429
771.429
771.429
771.429
771.429
738.911
738.911
738.911
738.911
738.911
762.046
762.046
762.046
762.046
762.046
751.121
751.121
751.121
751.121
751.121
570.606
570.606
570.606
570.606
570.606
338.453
338.453
338.453
338.453
338.453
684.805
684.805
684.805
684.805
684.805
746.677
746.677
746.677
746.677
746.677
686.627
686.627
686.627
686.627
686.627
494.561
494.561
494.561
494.561
494.561
515.552
515.552
515.552
515.552
515.552
624.794
624.794
624.794
624.794
624.794
500.282
500.282
500.282
500.282
500.282
745.339
745.339
745.339
745.339
745.339
382.424
382.424
382.424
382.424
382.424
513.86
513.86
513.852
513.852
513.852
781.253
781.253
781.253
781.253
781.253
739.165
739.165
739.165
739.165
739.165
791.364
791.364
791.364
791.364
791.364
780.622
780.622
780.622
780.622
780.622
769.545
769.545
769.545
769.545
769.545
760.752
760.752
760.752
760.752
760.752
771.4
771.4
771.4
771.4
771.4
758.349
758.349
758.349
758.349
758.349
775.674
775.674
775.674
775.674
775.674
787.453
787.453
787.453
787.453
787.453
775.955
775.955
775.955
775.955
775.955
769.494
769.494
769.494
769.494
769.494
790.343
790.343
790.343
790.343
790.343
762.002
762.002
762.002
762.002
762.002
774.73
774.73
774.73
774.73
774.73
763.643
763.643
763.643
763.643
763.643
679.623
679.623
679.623
679.623
679.623
699.455
699.455
699.455
699.455
699.455
760.853
760.853
760.853
760.853
760.853
456.59
456.59
456.59
456.59
456.59
578.356
578.356
578.356
578.356
578.356
362.723
362.723
362.723
362.723
362.723
650.755
650.755
650.755
650.755
650.755
526.121
526.121
526.121
526.121
526.121
788.403
788.403
788.403
788.403
788.403
759.81
759.81
759.81
759.81
759.81
782.51
782.51
782.51
782.51
782.51
758.689
758.689
758.689
758.689
758.689
751.15
751.15
751.15
751.15
751.15
755.613
755.613
755.613
755.613
755.613
780.644
780.644
780.644
780.644
780.644
761.67
761.67
761.67
761.67
761.67
761.838
761.838
761.838
761.838
761.838
744.904
744.904
744.904
744.904
744.904
721.624
721.624
721.624
721.624
721.624
766.537
766.537
766.537
766.537
766.537
767.591
767.591
767.591
767.591
767.591
644.607
644.607
644.607
644.607
644.607
484.469
484.469
484.469
484.469
484.469
543.248
543.248
543.248
543.248
543.248
699.493
699.493
699.493
699.493
699.493
719.529
719.529
719.529
719.529
719.529
771.189
771.189
771.189
771.189
771.189
714.725
714.725
714.725
714.725
714.725
317.016
317.016
317.016
317.016
317.016
664.431
664.431
664.431
664.431
664.431
491.428
491.428
491.428
491.428
491.428
646.898
646.898
646.898
646.898
646.898
573.186
573.186
573.186
573.186
573.186
562.804
562.804
562.804
562.804
562.804
252.626
252.626
252.595
252.595
252.595
695.45
695.45
695.45
695.45
695.45
721.203
721.203
721.203
721.203
721.203
577.936
577.936
577.936
577.936
705.872
651.245
651.245
651.245
651.245
651.245
688.432
688.432
688.432
688.432
688.432
782.283
782.283
782.283
782.283
782.283
343.788
343.788
343.788
343.788
343.788
562.174
562.174
562.174
562.174
562.174
283.129
283.129
283.129
283.129
283.129
777.447
777.447
777.447
777.447
777.447
680.416
680.416
680.416
680.416
680.416
784.017
784.017
784.017
784.017
784.017
783.53
783.53
783.53
783.53
783.53
730.445
730.445
730.445
730.445
730.445
760.243
760.243
760.243
760.243
760.243
781.311
781.311
781.311
781.311
781.311
656.643
656.643
656.643
656.643
656.643
688.175
688.175
688.175
688.175
688.175
762.732
762.732
762.732
762.732
762.732
582.904
582.904
582.904
582.904
582.904
556.414
556.414
556.414
556.414
556.414
325.105
325.105
325.105
325.105
325.105
329.844
329.844
329.844
329.844
329.844
667.266
667.266
667.266
667.266
667.266
442.868
442.868
442.868
442.868
442.868
760.859
760.859
760.859
760.859
760.859
713.583
713.583
713.583
713.583
713.583
586.211
586.211
586.211
586.211
586.211
418.75
418.75
418.75
418.75
418.75
695.43
695.43
695.43
695.43
695.43
753.695
753.695
753.695
753.695
753.695
745.768
745.768
745.768
745.768
745.768
766.316
766.316
766.316
766.316
766.316
775.563
775.563
775.563
775.563
775.563
776.398
776.398
776.398
776.398
776.398
760.07
760.07
760.07
760.07
760.07
785.845
785.845
785.845
785.845
785.845
759.941
759.941
759.941
759.941
759.941
753.668
753.668
753.668
753.668
753.668
729.85
729.85
729.85
729.85
729.85
692.543
692.543
692.543
692.543
692.543
610.229
610.229
610.229
610.229
610.229
431.028
431.028
431.028
431.028
431.028
654.774
654.774
654.774
654.774
654.774
458.058
458.058
458.058
458.058
458.058
792.929
792.929
792.929
792.929
792.929
758.831
758.831
758.831
758.831
758.831
767.992
767.992
767.992
767.992
767.992
793.02
793.02
793.02
793.02
793.02
778.093
778.093
778.093
778.093
778.093
786.016
786.016
786.016
786.016
786.016
790.665
790.665
790.665
790.665
790.665
755.919
755.919
755.919
755.919
755.919
787.955
787.955
787.955
787.955
787.955
786.153
786.153
786.153
786.153
786.153
748.716
748.716
748.716
748.716
748.716
771.644
771.644
771.644
771.644
771.644
777.286
777.286
777.286
777.286
777.286
746.149
742.299
742.299
742.299
742.299
578.103
578.103
578.103
578.103
578.103
705.653
705.653
705.653
705.653
705.653
749.287
749.287
749.287
749.287
749.287
756.597
756.597
756.597
756.597
756.597
742.916
742.916
742.916
742.916
742.916
407.918
407.918
407.918
407.918
407.918
738.847
738.847
738.847
738.847
738.847
716.595
716.595
716.595
716.595
716.595
707.702
707.702
707.702
707.702
707.702
781.402
781.402
781.402
781.402
781.402
786.808
786.808
786.808
786.808
786.808
715.071
715.071
715.071
715.071
715.071
774.759
774.759
774.759
774.759
774.759
781.03
781.03
781.03
781.03
781.03
777.912
777.912
777.912
777.912
777.912
773.353
773.353
773.353
773.353
773.353
778.179
778.179
778.179
778.179
778.179
776.604
776.604
776.604
776.604
776.604
789.29
789.29
789.29
789.29
789.29
772.057
772.057
772.057
772.057
772.057
757.581
757.581
757.581
757.581
757.581
781.038
781.038
781.038
781.038
781.038
758.912
758.912
758.912
758.912
758.912
713.763
713.763
713.763
713.763
713.763
756.86
756.86
756.86
756.86
756.86
757.58
757.58
757.58
757.58
757.58
539.533
539.533
539.533
539.533
539.533
435.328
435.328
435.328
435.328
435.328
331.022
331.022
331.022
331.022
331.022
676.757
676.757
676.757
676.757
676.757
371.579
371.579
371.579
371.579
371.579
258.813
258.813
258.813
258.813
258.813
616.969
616.969
616.969
616.969
616.969
508.891
508.891
508.891
508.891
508.891
468.182
468.182
468.182
468.182
468.182
721.277
721.277
721.277
721.277
721.277
362.177
362.177
362.177
362.177
362.177
608.129
608.129
608.129
608.129
608.129
477.554
477.554
477.554
477.554
477.554
671.173
671.173
671.173
671.173
671.173
535.628
535.628
535.628
535.628
535.628
676.539
676.539
676.539
676.539
676.539
618.987
618.987
618.987
618.987
618.987
559.036
559.036
559.036
559.036
559.036
665.604
665.604
665.604
665.604
665.604
642.721
642.721
642.721
642.721
642.721
745.846
745.846
745.846
745.846
745.846
608.494
608.494
608.494
608.494
608.494
787.978
787.978
787.978
787.978
787.978
773.083
773.083
773.083
773.083
773.083
719.817
719.817
719.817
719.817
719.817
716.344
716.344
716.344
716.344
716.344
779.166
779.166
779.166
779.166
779.166
778.34
778.34
778.34
778.34
778.34
757.439
757.439
757.439
757.439
757.439
747.068
747.068
747.068
747.068
747.068
688.384
688.384
688.384
688.384
688.384
687.007
687.007
687.007
687.007
687.007
701.638
701.638
701.638
701.638
701.638
528.202
528.202
528.202
528.202
528.202
662.25
662.25
662.25
662.25
662.25
558.222
558.222
558.222
558.222
558.222
636.998
636.998
636.998
636.998
636.998
736.34
736.34
736.34
736.34
736.34
763.459
763.459
763.459
763.459
763.459
772.026
772.026
772.026
772.026
772.026
661.04
661.04
661.04
661.04
661.04
0
