0
0
0
0
710.72
710.72
710.72
710.72
710.72
721.646
721.646
721.646
721.646
721.646
783.726
783.726
783.726
783.726
783.726
784.355
784.355
784.355
784.355
784.355
781.319
781.319
781.319
781.319
781.319
792.404
792.404
792.404
792.404
792.404
794.79
794.79
794.79
794.79
794.79
788.467
788.467
788.467
788.467
788.467
789.587
789.587
789.587
789.587
789.587
795.647
795.647
795.647
795.647
795.647
792.255
792.255
792.255
792.255
792.255
783.066
783.066
783.066
783.066
783.066
796.655
796.655
796.655
796.655
796.655
790.875
790.875
790.875
790.875
790.875
788.103
788.103
788.103
788.103
788.103
798.489
798.489
798.489
798.489
798.489
794.887
794.887
794.887
794.887
794.887
792.644
792.644
792.644
792.644
792.644
794.713
794.713
794.713
794.713
794.713
790.263
790.263
790.263
790.263
790.263
788.424
788.424
788.424
788.424
788.424
797.511
797.511
797.511
797.511
797.511
795.734
795.734
795.734
795.734
795.734
796.967
796.967
796.967
796.967
796.967
798.703
798.703
798.703
798.703
798.703
796.215
796.215
796.215
796.215
796.215
795.128
795.128
795.128
795.128
795.128
793.027
793.027
793.027
793.027
793.027
795.425
795.425
795.425
795.425
795.425
788.337
788.337
788.337
788.337
788.337
798.614
798.614
798.614
798.614
798.614
795.342
795.342
795.342
795.342
795.342
794.154
794.154
794.154
794.154
794.154
795.482
795.482
795.482
795.482
795.482
794.011
794.011
794.011
794.011
794.011
793.217
793.217
793.217
793.217
793.217
796.411
796.411
796.411
796.411
796.411
795.216
795.216
795.216
795.216
795.216
794.05
794.05
794.05
794.05
794.05
797.736
797.736
797.736
797.736
797.736
797.086
797.086
797.086
797.086
797.086
796.123
796.123
796.123
796.123
796.123
797.072
797.072
797.072
797.072
797.072
796.801
796.801
796.801
796.801
796.801
794.924
794.924
794.924
794.924
794.924
798.74
798.74
798.74
798.74
798.74
797.788
797.788
797.788
797.788
797.788
797.323
797.323
797.323
797.323
797.323
798.437
798.437
798.437
798.437
798.437
797.714
797.714
797.714
797.714
797.714
797.111
797.111
797.111
797.111
797.111
798.534
798.534
798.534
798.534
798.534
796.876
796.876
796.876
796.876
796.876
796.037
796.037
796.037
796.037
796.037
798.242
798.242
798.242
798.242
798.242
798.29
798.29
798.29
798.29
798.29
796.141
796.141
796.141
796.141
796.141
797.201
797.201
797.201
797.201
797.201
796.71
796.71
796.71
796.71
796.71
795.803
795.803
795.803
795.803
795.803
798.935
798.935
798.935
798.935
798.935
797.946
797.946
797.946
797.946
797.946
795.4
795.4
795.4
795.4
795.4
798.479
798.479
798.479
798.479
798.479
797.951
797.951
797.951
797.951
797.951
796.722
796.722
796.722
796.722
796.722
798.029
798.029
798.029
798.029
798.029
797.596
797.596
797.596
797.596
797.596
796.878
796.878
796.878
796.878
796.878
798.163
798.163
798.163
798.163
798.163
797.151
797.151
797.151
797.151
797.151
795.839
795.839
795.839
795.839
795.839
798.969
798.969
798.969
798.969
798.969
798.181
798.181
798.181
798.181
798.181
798.309
798.309
798.309
798.309
798.309
798.183
798.183
798.183
798.183
798.183
797.141
797.141
797.141
797.141
797.141
798.227
798.227
798.227
798.227
798.227
798.484
798.484
798.484
798.484
798.484
797.511
797.511
797.511
797.511
797.511
798.13
798.13
798.13
798.13
798.13
798.953
798.953
798.953
798.953
798.953
798.378
798.378
798.378
798.378
798.378
797.476
797.476
797.476
797.476
797.476
798.246
798.246
798.246
798.246
798.246
798.052
798.052
798.052
798.052
798.052
797.27
797.27
797.27
797.27
797.27
798.988
798.988
798.988
798.988
798.988
798.335
798.335
798.335
798.335
798.335
797.458
797.458
797.458
797.458
797.458
798.729
798.729
798.729
798.729
798.729
798.828
798.828
798.828
798.828
798.828
797.477
797.477
797.477
797.477
797.477
799
799
799
799
799
798.621
798.621
798.621
798.621
798.621
797.477
797.477
797.477
797.477
797.477
799
799
799
799
799
798.477
798.477
798.477
798.477
798.477
797.859
797.859
797.859
797.859
797.859
798.499
798.499
798.499
798.499
798.499
798.085
798.085
798.085
798.085
798.085
797.317
797.317
797.317
797.317
797.317
798.953
798.953
798.953
798.953
798.953
798.905
798.905
798.905
798.905
798.905
798.043
798.043
798.043
798.043
798.043
798.678
798.678
798.678
798.678
798.678
798.746
798.746
798.746
798.746
798.746
798.244
798.244
798.244
798.244
798.244
798.723
798.723
798.723
798.723
798.723
798.187
798.187
798.187
798.187
798.187
797.874
797.874
797.874
797.874
797.874
798.5
798.5
798.5
798.5
798.5
797.938
797.938
797.938
797.938
797.938
798.475
798.475
798.475
798.475
798.475
798.686
798.686
798.686
798.686
798.686
797.647
797.647
797.647
797.647
797.647
797.726
797.726
797.726
797.726
797.726
798.371
798.371
798.371
798.371
798.371
798.341
798.341
798.341
798.341
798.341
797.884
797.884
797.884
797.884
797.884
798.984
798.984
798.984
798.984
798.984
798.955
798.955
798.955
798.955
798.955
798.478
798.478
798.478
798.478
798.478
798.859
798.859
798.859
798.859
798.859
798.615
798.615
798.615
798.615
798.615
798.105
798.105
798.105
798.105
798.105
798.969
798.969
798.969
798.969
798.969
798.844
798.844
798.844
798.844
798.844
798.746
798.746
798.746
798.746
798.746
799
799
799
799
799
798.677
798.677
798.677
798.677
798.677
798.676
798.676
798.676
798.676
798.676
798.937
798.937
798.937
798.937
798.937
798.175
798.175
798.175
798.175
798.175
797.83
797.83
797.83
797.83
797.83
798.996
798.996
798.996
798.996
798.996
798.433
798.433
798.433
798.433
798.433
798.262
798.262
798.262
798.262
798.262
799
799
799
799
799
797.562
797.562
797.562
797.562
797.562
797.994
797.994
797.994
797.994
797.994
798.969
798.969
798.969
798.969
798.969
798.453
798.453
798.453
798.453
798.453
798.32
798.32
798.32
798.32
798.32
798.986
798.986
798.986
798.986
798.986
798.226
798.226
798.226
798.226
798.226
798.56
798.56
798.56
798.56
798.56
798.961
798.961
798.961
798.961
798.961
798.858
798.858
798.858
798.858
798.858
798.702
798.702
798.702
798.702
798.702
798.496
798.496
798.496
798.496
798.496
798.398
798.398
798.398
798.398
798.398
798.272
798.272
798.272
798.272
798.272
798.937
798.937
798.937
798.937
798.937
798.184
798.184
798.184
798.184
798.184
798.236
798.236
798.236
798.236
798.236
799
799
799
799
799
798.936
798.936
798.936
798.936
798.936
798.416
798.416
798.416
798.416
798.416
798.99
798.99
798.99
798.99
798.99
798.928
798.928
798.928
798.928
798.928
798.504
798.504
798.504
798.504
798.504
798.687
798.687
798.687
798.687
798.687
798.96
798.96
798.96
798.96
798.96
798.71
798.71
798.71
798.71
798.71
798.996
798.996
798.996
798.996
798.996
798.465
798.465
798.465
798.465
798.465
798.449
798.449
798.449
798.449
798.449
798.616
798.616
798.616
798.616
798.616
798.615
798.615
798.615
798.615
798.615
797.865
797.865
797.865
797.865
797.865
799
799
799
799
799
798.984
798.984
798.984
798.984
798.984
798.851
798.851
798.851
798.851
798.851
798.998
798.998
798.998
798.998
798.998
798.999
798.999
798.999
798.999
798.999
798.855
798.855
798.855
798.855
798.855
799
799
799
799
799
798.953
798.953
798.953
798.953
798.953
798.726
798.726
798.726
798.726
798.726
799
799
799
799
799
799
799
799
799
799
798.874
798.874
798.874
798.874
798.874
799
799
799
799
799
799
799
799
799
799
798.725
798.725
798.725
798.725
798.725
799
799
799
799
799
798.499
798.499
798.499
798.499
798.499
798.991
798.991
798.991
798.991
798.991
799
799
799
799
799
799
799
799
799
799
798.98
798.98
798.98
798.98
798.98
799
799
799
799
799
798.496
798.496
798.496
798.496
798.496
798.234
798.234
798.234
798.234
798.234
798.998
798.998
798.998
798.998
798.998
797.744
797.744
797.744
797.744
797.744
797.492
797.492
797.492
797.492
797.492
798.996
798.996
798.996
798.996
798.996
799
799
799
799
799
798.992
798.992
798.992
798.992
798.992
799
799
799
799
799
798.998
798.998
798.998
798.998
798.998
798.967
798.967
798.967
798.967
798.967
799
799
799
799
799
798.312
798.312
798.312
798.312
798.312
798.687
798.687
798.687
798.687
798.687
799
799
799
799
799
798.483
798.483
798.483
798.483
798.483
798.224
798.224
798.224
798.224
798.224
799
799
799
799
799
799
799
799
799
799
798.367
798.367
798.367
798.367
798.367
799
799
799
799
799
798.998
798.998
798.998
798.998
798.998
798.462
798.462
798.462
798.462
798.462
798.867
798.867
798.867
798.867
798.867
798.875
798.875
798.875
798.875
798.875
798.267
798.267
798.267
798.267
798.267
799
799
799
799
799
798.871
798.871
798.871
798.871
798.871
798.058
798.058
798.058
798.058
798.058
799
799
799
799
799
798.842
798.842
798.842
798.842
798.842
798.046
798.046
798.046
798.046
798.046
798.875
798.875
798.875
798.875
798.875
798.25
798.25
798.25
798.25
798.25
798.312
798.312
798.312
798.312
798.312
799
799
799
799
799
798.998
798.998
798.998
798.998
798.998
798.999
798.999
798.999
798.999
798.999
798.75
798.75
798.75
798.75
798.75
798.875
798.875
798.875
798.875
798.875
798.797
798.797
798.797
798.797
798.797
799
799
799
799
799
798.719
798.719
798.719
798.719
798.719
797.966
797.966
797.966
797.966
797.966
799
799
799
799
799
798.937
798.937
798.937
798.937
798.937
798.615
798.615
798.615
798.615
798.615
799
799
799
799
799
798.5
798.5
798.5
798.5
798.5
798.102
798.102
798.102
798.102
798.102
799
799
799
799
799
798.375
798.375
798.375
798.375
798.375
798.367
798.367
798.367
798.367
798.367
799
799
799
799
799
799
799
799
799
799
798.906
798.906
798.906
798.906
798.906
799
799
799
799
799
799
799
799
799
799
798.483
798.483
798.483
798.483
798.483
799
799
799
799
799
798.25
798.25
798.25
798.25
798.25
798.247
798.247
798.247
798.247
798.247
799
799
799
799
799
798.75
798.75
798.75
798.75
798.75
798.367
798.367
798.367
798.367
798.367
799
799
799
799
799
798.992
798.992
798.992
798.992
798.992
798.965
798.965
798.965
798.965
798.965
799
799
799
799
799
798.75
798.75
798.75
798.75
798.75
798.875
798.875
798.875
798.875
798.875
799
799
799
799
799
798.968
798.968
798.968
798.968
798.968
798.718
798.718
798.718
798.718
798.718
799
799
799
799
799
799
799
799
799
799
798.99
798.99
798.99
798.99
798.99
799
799
799
799
799
799
799
799
799
799
798.931
798.931
798.931
798.931
798.931
799
799
799
799
799
798.874
798.874
798.874
798.874
798.874
798.312
798.312
798.312
798.312
798.312
799
799
799
799
799
799
799
799
799
799
798.951
798.951
798.951
798.951
798.951
799
799
799
799
799
798.75
798.75
798.75
798.75
798.75
798.749
798.749
798.749
798.749
798.749
798.873
798.873
798.873
798.873
798.873
798.873
798.873
798.873
798.873
798.873
798.841
798.841
798.841
798.841
798.841
799
799
799
799
799
799
799
799
799
799
798.984
798.984
798.984
798.984
798.984
799
799
799
799
799
798.875
798.875
798.875
798.875
798.875
798.375
798.375
798.375
798.375
798.375
799
799
799
799
799
798.997
798.997
798.997
798.997
798.997
798.984
798.984
798.984
798.984
798.984
799
799
799
799
799
799
799
799
799
799
798.858
798.858
798.858
798.858
798.858
798.999
798.999
798.999
798.999
798.999
798.999
798.999
798.999
798.999
798.999
798.906
798.906
798.906
798.906
798.906
799
799
799
799
799
799
799
799
799
799
798.5
798.5
798.5
798.5
798.5
799
799
799
799
799
799
799
799
799
799
798.984
798.984
798.984
798.984
798.984
798.75
798.75
798.75
798.75
798.75
799
799
799
799
799
798.958
798.958
798.958
798.958
798.958
799
799
799
799
799
798.992
798.992
798.992
798.992
798.992
798.734
798.734
798.734
798.734
798.734
799
799
799
799
799
798.875
798.875
798.875
798.875
798.875
798.965
798.965
798.965
798.965
798.965
799
799
799
799
799
798.969
798.969
798.969
798.969
798.969
798.871
798.871
798.871
798.871
798.871
799
799
799
799
799
799
799
799
799
799
799
799
799
799
799
799
799
799
799
799
798.998
798.998
798.998
798.998
798.998
798.998
798.998
798.998
798.998
798.998
799
799
799
799
799
798.875
798.875
798.875
798.875
798.875
798.812
798.812
798.812
798.812
798.812
799
799
799
799
799
799
799
799
799
799
798.937
798.937
798.937
798.937
798.937
799
799
799
799
799
799
799
799
799
799
798.991
798.991
798.991
798.991
798.991
799
799
799
799
799
798.968
798.968
798.968
798.968
798.968
798.936
798.936
798.936
798.936
798.936
799
799
799
799
799
799
799
799
799
799
799
799
799
799
799
799
799
799
799
799
798.969
798.969
798.969
798.969
798.969
798.984
798.984
798.984
798.984
798.984
798.998
798.998
798.998
798.998
798.998
799
799
799
799
799
799
799
799
799
799
799
799
799
799
799
799
799
799
799
799
798.937
798.937
798.937
798.937
798.937
799
799
799
799
799
798.875
798.875
798.875
798.875
798.875
798.984
798.984
798.984
798.984
798.984
798.875
798.875
798.875
798.875
798.875
798.937
798.937
798.937
798.937
798.937
798.687
798.687
798.687
798.687
798.687
799
799
799
799
799
798.936
798.936
798.936
798.936
798.936
798.934
798.934
798.934
798.934
798.934
799
799
799
799
799
799
799
799
799
799
799
799
799
799
799
799
799
799
799
799
799
799
799
799
799
798.49
798.49
798.49
798.49
798.49
799
799
799
799
799
799
799
799
799
799
799
799
799
799
799
799
799
799
799
799
798.992
798.992
798.992
798.992
798.992
798.932
798.932
798.932
798.932
798.932
799
799
799
799
799
798.875
798.875
798.875
798.875
798.875
798.793
798.793
798.793
798.793
798.793
799
799
799
799
799
798.75
798.75
798.75
798.75
798.75
799
799
799
799
799
799
799
799
799
799
799
799
799
799
799
799
799
799
799
799
799
799
799
799
799
798.5
798.5
798.5
798.5
798.5
798.5
798.5
798.5
798.5
798.5
799
799
799
799
799
799
799
799
799
799
799
799
799
799
799
798.969
798.969
798.969
798.969
798.969
798.969
798.969
798.969
798.969
798.969
798.965
798.965
798.965
798.965
798.965
799
799
799
799
799
799
799
799
799
799
799
799
799
799
799
799
799
799
799
799
799
799
799
799
799
799
799
799
799
799
799
799
799
799
799
798.75
798.75
798.75
798.75
798.75
798.75
798.75
798.75
798.75
798.75
799
799
799
799
799
798.977
798.977
798.977
798.977
798.977
798.953
798.953
798.953
798.953
798.953
799
799
799
799
799
799
799
799
799
799
799
799
799
799
799
799
799
799
799
799
798.984
798.984
798.984
798.984
798.984
798.867
798.867
798.867
798.867
798.867
799
799
799
799
799
799
799
799
799
799
799
799
799
799
799
799
799
799
799
799
799
799
799
799
799
798.984
798.984
798.984
798.984
798.984
799
799
799
799
799
799
799
799
799
799
798.992
798.992
798.992
798.992
798.992
799
799
799
799
799
799
799
799
799
799
799
799
799
799
799
799
799
799
799
799
799
799
799
799
799
799
799
799
799
799
799
799
799
799
799
799
799
799
799
799
799
799
799
799
799
799
799
799
799
799
799
799
799
799
799
799
799
799
799
799
798.996
798.996
798.996
798.996
798.996
798.996
798.996
798.996
798.996
798.996
798.998
798.998
798.998
798.998
798.998
799
799
799
799
799
799
799
799
799
799
798.969
798.969
798.969
798.969
798.969
799
799
799
799
799
799
799
799
799
799
798.999
798.999
798.999
798.999
798.999
799
799
799
799
799
799
799
799
799
799
799
799
799
799
799
799
799
799
799
799
799
799
799
799
799
799
799
799
799
799
799
799
799
799
799
799
799
799
799
799
799
799
799
799
799
799
799
799
799
799
799
799
799
799
799
799
799
799
799
799
799
799
799
799
799
799
799
799
799
799
799
799
799
799
799
799
799
799
799
799
799
799
799
799
799
799
799
799
799
799
799
799
799
799
799
799
799
799
799
799
799
799
799
799
799
799
799
799
799
799
799
799
799
799
799
799
799
799
799
799
799
799
799
799
799
799
799
799
799
799
799
799
799
799
799
799
799
799
799
799
799
799
799
799
799
798.875
798.875
798.875
798.875
798.875
799
799
799
799
799
799
799
799
799
799
799
799
799
799
799
799
799
799
799
799
799
799
799
799
799
799
799
799
799
799
799
799
799
799
799
799
799
799
799
799
799
799
799
799
799
799
799
799
799
799
799
799
799
799
799
799
799
799
799
799
799
799
799
799
799
799
799
799
799
799
798.465
798.465
798.465
798.465
798.465
799
799
799
799
799
799
799
799
799
799
799
799
799
799
799
799
799
799
799
799
799
799
799
799
799
798.996
798.996
798.996
798.996
798.996
799
799
799
799
799
799
799
799
799
799
799
799
799
799
799
799
799
799
799
799
799
799
799
799
799
798.5
798.5
798.5
798.5
798.5
799
799
799
799
799
799
799
799
799
799
799
799
799
799
799
799
799
799
799
799
799
799
799
799
799
799
799
799
799
799
799
799
799
799
799
799
799
799
799
799
799
799
799
799
799
799
799
799
799
799
799
799
799
799
799
799
799
799
799
799
799
799
799
799
799
799
799
799
799
799
799
799
799
799
799
799
799
799
799
799
799
799
799
799
799
799
799
799
799
799
799
799
799
799
799
799
799
799
799
799
799
799
799
799
799
799
799
799
799
799
799
799
799
799
799
799
799
799
799
799
799
799
799
799
799
799
799
799
799
799
799
799
799
799
799
799
799
799
799
799
799
799
799
799
799
799
799
799
799
799
799
799
799
799
799
799
799
799
799
799
798.75
798.75
798.75
798.75
798.75
799
799
799
799
799
799
799
799
799
799
799
799
799
799
799
799
799
799
799
799
799
799
799
799
799
799
799
799
799
799
799
799
799
799
799
799
799
799
799
799
799
799
799
799
799
799
799
799
799
799
799
799
799
799
799
799
799
799
799
799
799
799
799
799
799
799
799
799
799
799
798.999
798.999
798.999
798.999
798.999
799
799
799
799
799
799
799
799
799
799
799
799
799
799
799
799
799
799
799
799
799
799
799
799
799
799
799
799
799
799
799
799
799
799
799
799
799
799
799
799
799
799
799
799
799
799
799
799
799
799
799
799
799
799
799
799
799
799
799
799
799
799
799
799
799
799
799
799
799
799
798.5
798.5
798.5
798.5
798.5
799
799
799
799
799
799
799
799
799
799
799
799
799
799
799
799
799
799
799
799
799
799
799
799
799
799
799
799
799
799
799
799
799
799
799
799
799
799
799
799
799
799
799
799
799
799
799
799
799
799
799
799
799
799
799
799
799
799
799
799
799
799
799
799
799
799
799
799
799
799
799
799
799
799
799
799
799
799
799
799
799
799
799
799
799
799
799
799
799
799
799
799
799
799
799
799
799
799
799
799
798.5
798.5
798.5
798.5
798.5
799
799
799
799
799
799
799
799
799
799
799
799
799
799
799
799
799
799
799
799
799
799
799
799
799
799
799
799
799
799
799
799
799
799
799
799
799
799
799
799
799
799
799
799
799
799
799
799
799
799
799
799
799
799
799
799
799
799
799
799
799
799
799
799
799
799
799
799
799
799
798.938
798.938
798.938
798.938
798.938
799
799
799
799
799
799
799
799
799
799
799
799
799
799
799
799
799
799
799
799
799
799
799
799
799
799
799
799
799
799
799
799
799
799
799
799
799
799
799
799
799
799
799
799
799
799
799
799
799
799
799
799
799
799
799
799
799
799
799
799
799
799
799
799
799
799
799
799
799
799
799
799
799
799
799
799
799
799
799
799
799
799
799
799
799
799
799
799
799
799
799
799
799
799
799
799
799
799
799
799
799
799
799
799
799
799
799
799
799
799
799
799
799
799
799
799
799
799
799
799
799
799
799
799
799
799
799
799
799
799
799
799
799
799
799
799
799
799
799
799
799
799
799
799
799
799
799
799
799
799
799
799
799
799
799
799
799
799
799
799
799
799
799
799
799
799
799
799
799
799
799
799
799
799
799
799
799
799
799
799
799
799
799
799
799
798.992
798.992
798.992
798.992
798.992
798.992
798.992
798.992
798.992
798.992
799
799
799
799
799
799
799
799
799
799
799
799
799
799
799
799
799
799
799
799
799
799
799
799
799
799
799
799
799
799
799
799
799
799
799
799
799
799
799
799
799
799
799
799
799
799
799
799
799
799
799
799
799
799
799
799
799
799
799
799
799
799
799
799
799
799
799
799
799
799
799
799
799
799
799
799
799
799
799
799
799
799
799
799
799
799
799
799
799
799
799
799
799
799
799
799
799
799
799
799
798.969
798.969
798.969
798.969
798.969
799
799
799
799
799
799
799
799
799
799
799
799
799
799
799
799
799
799
799
799
799
799
799
799
799
799
799
799
799
799
799
799
799
799
799
799
799
799
799
799
799
799
799
799
799
799
799
799
799
799
799
799
799
799
799
799
799
799
799
799
799
799
799
799
799
799
799
799
799
799
799
799
799
799
799
799
799
799
799
799
799
799
799
799
799
799
799
799
799
799
799
799
799
799
799
799
799
799
799
799
799
799
799
799
799
799
799
799
799
799
799
799
799
799
799
799
799
799
799
799
799
799
799
799
799
799
799
799
799
799
799
799
799
799
799
799
799
799
799
799
799
799
799
799
799
799
799
799
799
799
799
799
799
799
799
799
799
799
799
799
799
799
799
799
799
799
799
799
799
799
799
799
799
799
799
799
799
799
799
799
799
799
799
799
799
799
799
799
799
799
799
799
799
799
799
799
799
799
799
799
799
799
799
799
799
799
799
799
799
799
799
799
799
799
799
799
799
799
799
799
799
799
799
799
799
799
799
799
799
799
799
799
799
799
799
799
799
799
799
799
799
799
799
799
799
799
799
799
799
799
799
799
799
799
799
799
799
799
799
799
799
799
799
799
799
799
799
799
799
799
799
799
799
799
799
799
799
799
799
799
799
799
799
799
799
799
799
799
799
799
799
799
799
799
799
799
799
799
799
799
799
799
799
799
799
799
799
799
799
799
798.938
798.938
798.938
798.938
798.938
799
799
799
799
799
799
799
799
799
799
799
799
799
799
799
799
799
799
799
799
799
799
799
799
799
799
799
799
799
799
799
799
799
799
799
799
799
799
799
799
799
799
799
799
799
799
799
799
799
799
799
799
799
799
799
799
799
799
799
799
799
799
799
799
799
799
799
799
799
799
799
799
799
799
799
799
799
799
799
799
799
799
799
799
799
799
799
799
799
799
799
799
799
799
799
799
799
799
799
799
799
799
799
799
799
799
799
799
799
799
799
799
799
799
799
799
799
799
799
799
799
799
799
799
799
799
799
799
799
799
799
799
799
799
799
799
799
799
799
799
799
799
799
799
799
799
799
799
799
799
799
799
799
799
799
799
799
799
799
799
799
799
799
799
799
799
799
799
799
799
799
799
799
799
799
799
799
799
799
799
799
799
799
799
799
799
799
799
799
799
799
799
799
799
799
799
799
799
799
799
799
799
799
799
799
799
799
799
799
799
799
799
799
799
799
799
799
799
799
799
799
799
799
799
799
799
799
799
799
799
799
799
799
799
799
799
799
799
799
799
799
799
799
799
799
799
799
799
799
799
799
799
799
799
799
799
799
799
799
799
799
799
799
799
799
799
799
799
799
799
799
799
799
799
799
799
799
799
799
799
799
799
799
799
799
799
799
799
799
799
799
799
799
799
799
799
799
799
799
799
799
799
799
799
799
799
799
799
799
799
799
799
799
799
799
799
799
799
799
799
799
799
799
799
799
799
799
799
799
799
799
799
799
799
799
799
799
799
799
799
799
799
799
799
799
799
799
799
799
799
799
799
799
799
799
799
799
799
799
799
799
799
799
799
799
799
799
799
799
799
799
799
799
799
799
799
799
799
799
799
799
799
799
799
799
799
799
799
799
799
799
799
799
799
799
799
799
799
799
799
799
799
799
799
799
799
799
799
799
799
799
799
799
799
799
799
799
799
799
799
799
799
799
799
799
799
799
799
799
799
799
799
799
799
799
799
799
799
799
799
799
799
799
799
799
799
799
799
799
799
799
799
799
799
799
799
799
799
799
799
799
799
799
799
799
799
799
799
799
799
799
799
799
799
799
799
799
799
799
799
799
799
799
799
799
799
799
799
799
799
799
799
799
799
799
799
799
799
799
799
799
799
799
799
799
799
799
799
799
799
799
799
799
799
799
799
799
799
799
799
799
799
799
799
799
799
799
799
799
799
799
799
799
799
799
799
799
799
799
799
799
799
799
799
799
799
799
799
799
799
799
799
799
799
799
799
799
799
799
799
799
799
799
799
799
799
799
799
799
799
799
799
799
799
799
799
799
799
799
799
799
799
799
799
799
799
799
799
799
799
799
799
799
799
799
799
799
799
799
799
799
799
799
799
799
799
799
799
799
799
799
799
799
799
799
799
799
799
799
799
799
799
799
799
799
799
799
799
799
799
799
799
799
799
799
799
799
799
799
799
799
799
799
799
799
799
799
799
799
799
798.875
798.875
798.875
798.875
798.875
798.875
798.875
798.875
798.875
798.875
799
799
799
799
799
799
799
799
799
799
798.5
798.5
798.5
798.5
798.5
799
799
799
799
799
799
799
799
799
799
799
799
799
799
799
799
799
799
799
799
799
799
799
799
799
799
799
799
799
799
799
799
799
799
799
799
799
799
799
799
799
799
799
799
799
799
799
799
799
799
799
799
799
799
799
799
799
799
799
799
799
799
799
799
799
799
799
799
799
799
799
799
799
799
799
799
799
799
799
799
799
799
799
799
799
799
799
799
799
799
799
799
799
799
799
799
799
799
799
799
799
799
799
799
799
799
799
799
799
799
799
799
799
799
799
799
799
799
799
799
799
799
799
799
799
799
799
799
799
799
799
799
799
799
799
799
799
799
799
799
799
799
799
799
799
799
799
799
799
799
799
799
799
799
799
799
799
799
799
799
799
799
799
799
799
799
799
799
799
799
799
799
799
799
799
799
799
799
799
799
799
799
799
799
799
799
799
799
799
799
799
799
799
799
799
799
799
799
799
799
799
799
799
799
799
799
799
799
799
799
799
799
799
799
799
799
799
799
799
799
799
799
799
799
799
799
799
799
799
799
799
799
799
799
799
799
799
799
799
799
799
799
799
799
799
799
799
799
799
799
799
799
799
799
799
799
799
799
799
799
799
799
799
799
799
799
799
799
799
799
799
799
799
799
799
799
799
799
799
799
799
799
799
799
799
799
799
799
799
799
799
799
799
799
799
799
799
799
799
799
799
799
799
799
799
799
799
799
799
799
799
799
799
799
799
799
799
799
799
799
799
799
799
799
799
799
799
799
799
799
799
799
799
799
799
799
799
799
799
799
799
799
799
799
799
799
799
799
799
799
799
799
799
799
799
799
799
799
799
799
799
799
799
799
799
799
799
799
799
799
799
799
799
799
799
799
799
799
799
799
799
799
799
799
799
799
799
799
799
799
799
799
799
799
799
799
799
799
799
799
799
799
799
799
799
799
799
799
799
799
799
799
799
799
799
799
799
799
799
799
799
799
799
799
799
799
799
799
799
799
799
799
799
799
799
799
799
799
799
799
799
799
799
799
799
799
799
799
799
799
799
799
799
799
799
799
799
799
799
799
799
799
799
799
799
799
799
799
799
799
799
799
799
799
799
799
799
799
799
799
799
799
799
799
799
799
799
799
799
799
799
799
799
799
799
799
799
799
799
799
799
799
799
799
799
799
799
799
799
799
799
799
799
799
799
799
799
799
799
799
799
799
799
799
799
799
799
799
799
799
799
799
799
799
799
799
799
799
799
799
799
799
799
799
799
799
799
799
799
799
799
799
799
799
799
799
799
799
799
799
799
799
799
799
799
799
799
799
799
799
799
799
799
799
799
799
799
799
799
799
799
799
799
799
799
799
799
799
799
799
799
799
799
799
799
799
799
799
799
799
799
799
799
799
799
799
799
799
799
799
799
799
799
799
799
799
799
799
799
799
799
799
799
799
799
799
799
799
799
799
799
799
799
799
799
799
799
799
799
799
799
799
799
799
799
799
799
799
799
799
799
799
799
799
799
799
799
799
799
799
799
799
799
799
799
799
799
799
799
799
799
799
799
799
799
799
799
799
799
799
799
799
799
799
799
799
799
799
799
799
799
799
799
799
799
799
799
799
799
799
799
799
799
799
799
799
799
799
799
799
799
799
799
799
799
799
799
799
799
799
799
799
799
799
799
799
799
799
799
799
799
799
799
799
799
799
799
799
799
799
799
799
799
799
799
799
799
799
799
799
799
799
799
799
799
0
