0
0
0
0
542.706
542.706
542.706
542.706
542.706
520.783
520.783
520.783
520.783
520.783
594.984
594.984
594.984
594.984
594.984
579.312
579.312
579.312
579.312
579.312
738.266
738.266
738.266
738.266
738.266
703.572
703.572
703.572
703.572
703.572
660.504
660.504
660.504
660.504
660.504
215.375
215.375
215.375
215.375
215.375
779.131
779.131
779.131
779.131
779.131
773.312
773.312
773.312
773.312
773.312
786.575
786.575
786.575
786.575
786.575
776.409
776.409
776.409
776.409
776.409
753.603
753.603
753.603
753.603
753.603
717.182
717.182
717.182
717.182
717.182
737.399
737.399
737.399
737.399
737.399
748.776
748.776
748.776
748.776
748.776
757.728
757.728
757.728
757.728
757.728
570.713
570.713
570.713
570.713
570.713
771.007
771.007
771.007
771.007
771.007
389.405
389.405
389.405
389.405
389.405
783.242
783.242
783.242
783.242
783.242
773.057
773.057
773.057
773.057
773.057
628.013
628.013
628.013
628.013
628.013
591.191
591.191
591.191
591.191
591.191
682.76
682.76
682.76
682.76
682.76
756.164
756.164
756.164
756.164
756.164
746.062
746.062
746.062
746.062
746.062
749.731
749.731
749.731
749.731
749.731
794.959
794.959
794.959
794.959
794.959
790.104
790.104
790.104
790.104
790.104
767.239
767.239
767.239
767.239
767.239
768.329
768.329
768.329
768.329
768.329
780.852
780.852
780.852
780.852
780.852
750.988
750.988
750.988
750.988
750.988
771.782
771.782
771.782
771.782
771.782
743.561
743.561
743.561
743.561
743.561
740.138
740.138
740.138
740.138
740.138
788.713
788.713
788.713
788.713
788.713
760.241
760.241
760.241
760.241
760.241
632.871
632.871
632.871
632.871
632.871
765.774
765.774
765.774
765.774
765.774
758.202
758.202
758.202
758.202
758.202
766.632
766.632
766.632
766.632
766.632
778.183
778.183
778.183
778.183
778.183
782.477
782.477
782.477
782.477
782.477
744.735
744.735
744.735
744.735
744.735
764.28
764.28
764.28
764.28
764.28
755.181
755.181
755.181
755.181
755.181
742.192
742.192
742.192
742.192
742.192
776.551
776.551
776.551
776.551
776.551
782.311
782.311
782.311
782.311
782.311
699.497
699.497
699.497
699.497
699.497
647.095
647.095
647.095
647.095
647.095
706.016
706.016
706.016
706.016
706.016
782.178
782.178
782.178
782.178
782.178
785.022
785.022
785.022
785.022
785.022
757.681
757.681
757.681
757.681
757.681
743.995
743.995
743.995
743.995
743.995
794.84
794.84
794.84
794.84
794.84
789.153
789.153
789.153
789.153
789.153
791.062
791.062
791.062
791.062
791.062
786.548
786.548
786.548
786.548
786.548
786.768
786.768
786.768
786.768
786.768
779.488
779.488
779.488
779.488
779.488
777.851
777.851
777.851
777.851
777.851
773.341
773.341
773.341
773.341
773.341
751.956
751.956
751.956
751.956
751.956
793.677
793.677
793.677
793.677
793.677
771.243
771.243
771.243
771.243
771.243
782.191
782.191
782.191
782.191
782.191
786.036
786.036
786.036
786.036
786.036
784.73
784.73
784.73
784.73
784.73
778.568
778.568
778.568
778.568
778.568
791.689
791.689
791.689
791.689
791.689
788.613
788.613
788.613
788.613
788.613
783.887
783.887
783.887
783.887
783.887
795.643
795.643
795.643
795.643
795.643
790.918
790.918
790.918
790.918
790.918
792.849
792.849
792.849
792.849
792.849
789.854
789.854
789.854
789.854
789.854
765.765
765.765
765.765
765.765
765.765
758.732
758.732
758.732
758.732
758.732
764.07
764.07
764.07
764.07
764.07
764.718
764.718
764.718
764.718
764.718
765.464
765.464
765.464
765.464
765.464
785.105
785.105
785.105
785.105
785.105
791.106
791.106
791.106
791.106
791.106
780.661
780.661
780.661
780.661
780.661
791.804
791.804
791.804
791.804
791.804
785.483
785.483
785.483
785.483
785.483
756.616
756.616
758.482
758.482
758.482
786.886
786.886
786.886
786.886
786.886
780.987
780.987
780.987
780.987
780.987
751.675
751.675
751.675
751.675
751.675
765.467
765.467
765.48
765.48
765.48
765.763
765.763
765.763
765.763
765.763
790.782
790.782
790.782
790.782
790.782
793.229
793.229
793.229
793.229
793.229
795.364
795.364
795.364
795.364
795.364
788.742
788.742
788.742
788.742
788.742
782.231
782.231
782.231
782.231
782.231
781.636
781.636
781.636
781.636
781.636
782.541
782.541
782.541
782.541
782.541
794.838
794.838
794.838
794.838
794.838
780.062
780.062
780.062
780.062
780.062
775.089
775.089
775.089
775.089
775.089
790.931
790.931
790.931
790.931
790.931
790.853
790.853
790.853
790.853
790.853
784.021
784.021
784.021
784.021
784.021
794.052
794.052
794.052
794.052
794.052
791.353
791.353
791.353
791.353
791.353
783.987
783.987
783.987
783.987
783.987
795.916
795.916
795.916
795.916
795.916
789.909
789.909
789.909
789.909
789.909
782.314
782.314
782.314
782.314
782.314
792.454
792.454
792.454
792.454
792.454
792.682
792.682
792.682
792.682
792.682
784.117
784.117
784.117
784.117
784.117
792.158
792.158
792.158
792.158
792.158
787.334
787.334
787.334
787.334
787.334
778.898
778.898
778.898
778.898
778.898
791.872
791.872
791.872
791.872
791.872
779.081
779.081
779.081
779.081
779.081
784.592
784.592
784.592
784.592
784.592
785.011
785.011
785.011
785.011
785.011
787.609
787.609
787.609
787.609
787.609
782.814
782.814
782.814
782.814
782.814
786.812
786.812
786.812
786.812
786.812
776.197
776.197
776.197
776.197
776.197
778.834
778.834
778.834
778.834
778.834
788.993
788.993
788.993
788.993
788.993
790.519
790.519
790.519
790.519
790.519
783.491
783.491
783.491
783.491
783.491
792.859
792.859
792.859
792.859
792.859
786.097
786.097
786.097
786.097
786.097
771.372
771.372
771.372
771.372
771.372
790.542
790.542
790.542
790.542
790.542
772.724
772.724
772.724
772.724
772.724
742.895
742.895
742.895
742.895
742.895
775.533
775.533
775.533
775.533
775.533
777.749
777.749
777.749
777.749
777.749
790.732
790.732
790.732
790.732
790.732
782.39
782.39
782.39
782.39
782.39
780.816
780.816
780.816
780.816
780.816
786.06
786.06
786.06
786.06
786.06
775.903
775.903
775.903
775.903
775.903
774.861
774.861
774.861
774.861
774.861
730.103
730.103
730.103
730.103
730.103
741.189
741.189
741.189
741.189
741.189
720.525
720.525
720.525
720.525
720.525
498.317
498.317
498.317
498.317
498.317
532.435
532.435
532.435
532.435
532.435
713.526
713.526
713.526
713.526
713.526
631.771
631.771
631.771
631.771
631.771
761.595
761.595
761.595
761.595
761.595
762.082
762.082
762.082
762.082
762.082
778.429
778.429
778.429
778.429
778.429
790.293
790.293
790.293
790.293
790.293
785.563
785.563
785.563
785.563
785.563
777.292
777.292
777.292
777.292
777.292
764.769
764.769
764.769
764.769
764.769
770.108
770.108
770.108
770.108
770.108
739.757
739.757
739.757
739.757
739.757
776.299
776.299
776.299
776.299
776.299
773.76
773.76
773.76
773.76
773.76
756.14
756.14
756.14
756.14
756.14
773.334
773.334
773.334
773.334
773.334
767.259
767.259
767.259
767.259
767.259
765.559
765.629
765.629
765.629
765.629
785.913
785.913
785.913
785.913
785.913
781.956
781.956
781.956
781.956
781.956
769.365
769.365
769.365
769.365
769.365
789.147
789.147
789.147
789.147
789.147
745.631
745.631
745.631
745.631
745.631
760.668
760.668
760.668
760.668
760.668
779.623
779.623
779.623
779.623
779.623
769.991
769.991
769.991
769.991
769.991
768.255
768.255
768.255
768.255
768.255
751.698
751.698
751.698
751.698
751.698
731.577
731.577
731.577
731.577
731.577
723.304
723.304
723.304
723.304
723.304
786.198
786.198
786.198
786.198
786.198
755.931
755.931
755.931
755.931
755.931
760.316
760.316
760.316
760.316
760.316
750.626
750.626
750.626
750.626
750.626
713.076
713.076
713.076
713.076
713.076
750.994
750.994
750.994
750.994
750.994
762.725
762.725
762.725
762.725
762.725
564.913
564.913
564.913
564.913
564.913
738.391
757.031
757.031
757.031
757.031
575.644
575.644
575.644
575.644
575.644
655.396
655.396
655.396
655.396
655.396
644.061
644.061
644.061
644.061
644.061
791.361
791.361
791.361
791.361
791.361
360.846
360.846
360.846
360.846
360.846
555.997
555.997
555.997
555.997
555.997
673.262
673.262
673.262
673.262
673.262
642.214
642.214
642.214
642.214
642.214
568.739
568.739
568.739
568.739
568.739
506.688
506.688
506.688
506.688
506.688
656.57
656.57
656.57
656.57
656.57
780.716
780.716
780.716
780.716
780.716
766.903
766.903
766.903
766.903
766.903
737.425
737.425
737.425
737.425
737.425
631.897
631.897
631.897
631.897
631.897
519.018
519.018
519.018
519.018
519.018
761.626
761.626
761.626
761.626
761.626
758.156
758.156
758.156
758.156
758.156
507.019
507.019
507.019
507.019
507.019
612.881
612.881
612.881
612.881
612.881
568.693
568.693
568.693
568.693
568.693
341.978
341.978
341.978
341.978
341.978
544.121
544.121
544.121
544.121
544.121
747.201
747.201
747.201
747.201
747.201
709.783
709.783
709.783
709.783
709.783
757.744
757.744
757.744
757.744
757.744
746.74
746.74
746.74
746.74
746.74
766.117
766.117
766.117
766.117
766.117
754.183
754.183
754.183
754.183
754.183
784.081
784.081
784.081
784.081
784.081
718.729
718.729
718.729
718.729
718.729
723.855
723.855
723.855
723.855
723.855
723.052
723.052
723.052
723.052
723.052
771.63
771.63
771.63
771.63
771.63
747.817
747.817
747.817
747.817
747.817
729.694
729.694
729.694
729.694
729.694
770.546
770.546
770.546
770.546
770.546
761.093
761.093
761.093
761.093
761.093
476.311
476.311
476.311
476.311
476.311
552.234
552.234
552.234
552.234
552.234
369.553
369.553
369.553
369.553
369.553
599.143
599.143
599.143
599.143
599.143
531.746
531.852
531.852
531.852
531.852
421.706
421.706
421.706
421.706
421.706
777.326
777.326
777.326
777.326
777.326
750.524
750.524
750.524
750.524
750.524
555.707
555.707
555.707
555.707
555.707
602.332
602.332
602.332
602.332
602.332
709.896
709.896
709.896
709.896
709.896
750.861
750.861
750.861
750.861
750.861
441.507
441.507
441.507
441.507
441.507
673.591
673.591
673.591
673.591
673.591
385.099
385.099
385.099
385.099
385.099
254.587
254.587
254.587
254.587
254.587
760.343
760.343
760.343
760.343
760.343
739.691
739.691
739.691
739.691
739.691
764.358
764.358
764.358
764.358
764.358
777.322
777.322
777.322
777.322
777.322
752.903
752.903
752.903
752.903
752.903
735.423
735.423
735.423
735.423
735.423
756.011
756.011
756.011
756.011
756.011
654.837
654.837
654.837
654.837
654.837
748.863
748.863
748.863
748.863
748.863
727.031
727.031
727.031
727.031
727.031
766.4
766.4
766.4
766.4
766.4
712.92
712.92
712.92
712.92
712.92
727.258
727.258
727.258
727.258
727.258
544.001
544.001
544.001
544.001
544.001
552.176
552.176
552.176
552.176
552.176
330.972
330.972
330.972
330.972
336.476
722.887
722.887
722.887
722.887
722.887
473.201
473.201
473.201
473.201
473.201
201.328
201.328
201.328
201.328
201.328
578.857
578.857
578.857
578.857
578.857
729.258
729.258
729.258
729.258
729.258
362.898
362.898
362.898
362.898
362.898
707.022
707.022
707.022
707.022
707.022
750.609
750.609
750.609
750.609
750.609
777.56
777.56
777.56
777.56
777.56
736.36
736.36
736.36
736.36
736.36
735.271
735.271
735.271
735.271
735.271
741.883
741.883
741.883
741.883
741.883
787.345
787.345
787.345
787.345
787.345
763.593
763.593
763.593
763.593
763.593
789.881
789.881
789.881
789.881
789.881
791.022
791.022
791.022
791.022
791.022
791.596
791.596
791.596
791.596
791.596
784.205
784.205
784.205
784.205
784.205
784.055
784.055
784.055
784.055
784.055
786.618
786.618
786.618
786.618
786.618
790.359
790.359
790.359
790.359
790.359
780.276
780.276
780.276
780.276
780.276
780.521
780.521
780.521
780.521
780.521
792.887
792.887
792.887
792.887
792.887
768.681
768.681
768.681
768.681
768.681
759.796
759.796
759.796
759.796
759.796
760.093
760.093
760.093
760.093
760.093
739.415
739.415
739.415
739.415
739.415
726.799
726.799
726.799
726.799
726.799
661.829
661.829
661.829
661.829
661.829
761.737
761.737
761.737
761.737
761.737
746.034
746.034
746.034
746.034
746.034
757.317
757.317
757.317
757.317
757.317
655.548
655.548
655.548
655.548
655.548
517.938
517.938
517.938
517.938
517.938
736.173
736.173
736.173
736.173
736.173
492.824
492.824
492.824
492.824
492.824
540.727
540.727
540.727
540.727
540.727
747.467
747.467
747.467
747.467
747.467
767.647
767.647
767.647
767.647
767.647
753.537
753.537
753.537
753.537
753.537
789.921
789.921
789.921
789.921
789.921
747.204
747.204
747.204
747.204
747.204
712.866
712.866
712.866
712.866
712.866
752.565
752.565
752.565
752.565
752.565
766.417
766.417
766.417
766.417
766.417
734.091
734.091
734.091
734.091
734.091
768.502
768.502
768.502
768.502
768.502
726.203
726.203
726.203
726.203
726.203
706.071
706.071
706.071
706.071
706.071
737.73
737.73
737.73
737.73
737.73
775.744
775.744
775.744
775.744
775.744
510.961
510.961
510.961
510.961
510.961
783.355
783.355
783.355
783.355
783.355
781.125
781.125
781.125
781.125
781.125
777.858
777.858
777.858
777.858
777.858
782.359
782.359
782.359
782.359
782.359
773.234
773.234
773.234
773.234
773.234
758.531
758.531
758.531
758.531
758.531
742.586
742.586
742.586
742.586
742.586
757.183
757.183
757.183
757.183
757.183
783.12
783.12
783.12
783.12
783.12
786.733
786.733
786.733
786.733
786.733
761.059
761.059
761.059
761.059
761.059
754.92
754.92
754.92
754.92
754.92
790.244
790.244
790.244
790.244
790.244
733.872
733.872
733.872
733.872
733.872
790.658
790.658
790.658
790.658
790.658
776.732
776.732
776.732
776.732
776.732
783.549
783.549
783.549
783.549
783.549
739.363
739.363
739.363
739.363
739.363
769.263
769.263
769.263
769.263
769.263
737.327
737.327
737.327
737.327
737.327
760.993
760.993
760.993
760.993
760.993
792.326
792.326
792.326
792.326
792.326
772.456
772.456
772.456
772.456
772.456
734.668
734.668
734.668
734.668
734.668
763.915
763.915
763.915
763.915
763.915
779.346
779.346
779.346
779.346
779.346
780.384
780.384
780.384
780.384
780.384
773.095
773.095
773.095
773.095
773.095
770.952
770.952
770.952
770.952
770.952
742.209
742.209
742.209
742.209
742.209
751.305
751.305
751.305
751.305
751.305
400.088
400.088
400.088
400.088
400.088
420.256
420.256
420.256
420.256
420.256
757.299
757.299
757.299
757.299
757.299
713.962
713.962
713.962
713.962
713.962
772.008
772.008
772.008
772.008
772.008
769.474
769.474
769.474
769.474
769.474
769.583
769.583
769.583
769.583
769.583
756.574
756.574
756.574
756.574
756.574
787.4
787.4
787.4
787.4
787.4
769.208
769.208
769.208
769.208
769.208
735.042
735.042
735.042
735.042
735.042
774.428
774.428
774.428
774.428
774.428
780.482
780.482
780.482
780.482
780.482
785.381
785.381
785.381
785.381
785.381
795.664
795.664
795.664
795.664
795.664
794.687
794.687
794.687
794.687
794.687
788.638
788.638
788.639
788.639
788.639
794.783
794.783
794.783
794.783
794.783
780.532
780.532
780.532
780.532
780.532
775.668
775.668
775.668
775.668
775.668
793.146
793.146
793.146
793.146
793.146
790.847
790.847
790.847
790.847
790.847
790.725
790.725
790.725
790.725
790.725
791.427
791.427
791.427
791.427
791.427
791.466
791.466
791.466
791.466
791.466
787.417
787.417
787.417
787.417
787.417
781.582
781.582
781.582
781.582
781.582
778.19
778.19
778.19
778.19
778.19
784.552
784.552
784.552
784.552
784.552
787.575
787.575
787.575
787.575
787.575
774.326
774.326
774.326
774.326
774.326
775.17
775.17
775.17
775.17
775.17
796.54
796.54
796.54
796.54
796.54
793.284
793.284
793.284
793.284
793.284
788.87
788.87
788.87
788.87
788.87
789.115
789.115
789.115
789.115
789.115
784.521
784.521
784.521
784.521
784.521
778.227
778.227
778.227
778.227
778.227
795.601
795.601
795.601
795.601
795.601
789.888
789.888
789.888
789.888
789.888
792.358
792.358
792.358
792.358
792.358
781.424
781.424
781.424
781.424
781.424
775.482
775.482
775.482
775.482
775.482
788.93
788.93
788.93
788.93
788.93
788.463
788.463
788.463
788.463
788.463
782.742
782.742
782.742
782.742
782.742
780.75
780.75
780.75
780.75
780.75
797.42
797.42
797.42
797.42
797.42
792.193
792.193
792.193
792.193
792.193
788.202
788.202
788.202
788.202
788.202
789.239
789.239
789.239
789.239
789.239
790.651
790.651
790.651
790.651
790.651
794.397
794.397
794.397
794.397
794.397
793.836
793.836
793.836
793.836
793.836
792.955
792.955
792.955
792.955
792.955
780.914
780.914
780.914
780.914
780.914
795.928
795.928
795.928
795.928
795.928
784.97
784.97
784.97
784.97
784.97
786.296
786.296
786.296
786.296
786.296
794.642
794.642
794.642
794.642
794.642
789.611
789.611
789.611
789.611
789.611
780.321
780.321
780.321
780.321
780.321
790.583
790.583
790.583
790.583
790.583
787.558
787.558
787.558
787.558
787.558
782.9
782.9
782.9
782.9
782.9
796.967
796.967
796.967
796.967
796.967
795.055
795.055
795.055
795.055
795.055
791.775
791.775
791.775
791.775
791.775
792.037
792.037
792.037
792.037
792.037
784.05
784.05
784.05
784.05
784.05
789.426
789.426
789.426
789.426
789.426
797.594
797.594
797.594
797.594
797.594
796.815
796.815
796.815
796.815
796.815
787.924
787.924
787.924
787.924
787.924
796.601
796.601
796.601
796.601
796.601
791.606
791.606
791.606
791.606
791.606
786.39
786.39
786.39
786.39
786.39
793.994
793.994
793.994
793.994
793.994
790.092
790.092
790.092
790.092
790.092
777.961
777.961
777.961
777.961
777.961
792.723
792.723
792.723
792.723
792.723
793.071
793.071
793.071
793.071
793.071
788.615
788.615
788.615
788.615
788.615
788.225
788.225
788.225
788.225
788.225
784.747
784.747
784.747
784.747
784.747
785.703
785.703
785.703
785.703
785.703
795.308
795.308
795.308
795.308
795.308
795.869
795.869
795.869
795.869
795.869
792.944
792.944
792.944
792.944
792.944
795.229
795.229
795.229
795.229
795.229
790.011
790.011
790.011
790.011
790.011
786.438
786.438
786.438
786.438
786.438
795.548
795.548
795.548
795.548
795.548
789.134
789.134
789.134
789.134
789.134
787.68
787.68
787.68
787.68
787.68
794.765
794.765
794.765
794.765
794.765
788.277
788.277
788.277
788.277
788.277
784.639
784.639
784.639
784.639
784.639
794.949
794.949
794.949
794.949
794.949
792.04
792.04
792.04
792.04
792.04
784.621
784.621
784.621
784.621
784.621
797.843
797.843
797.843
797.843
797.843
792.491
792.491
792.491
792.491
792.491
788.917
788.917
788.917
788.917
788.917
791.156
791.156
791.156
791.156
791.156
788.104
788.104
788.104
788.104
788.104
785.59
785.59
785.59
785.59
785.59
786.486
786.486
786.486
786.486
786.486
786.811
786.811
786.811
786.811
786.811
785.785
785.785
785.785
785.785
785.785
796.593
796.593
796.593
796.593
796.593
788.73
788.73
788.73
788.73
788.73
789.883
789.883
789.883
789.883
789.883
796.896
796.896
796.896
796.896
796.896
796.009
796.009
796.009
796.009
796.009
790.149
790.149
790.149
790.149
790.149
797.668
797.668
797.668
797.668
797.668
794.362
794.362
794.362
794.362
794.362
790.218
790.218
790.218
790.218
790.218
791.942
791.942
791.942
791.942
791.942
792.099
792.099
792.099
792.099
792.099
784.123
784.123
784.123
784.123
784.123
792.854
792.854
792.854
792.854
792.854
785.893
785.893
785.893
785.893
785.893
790.189
790.189
790.189
790.189
790.189
793.98
793.98
793.98
793.98
793.98
790.464
790.464
790.464
790.464
790.464
789.408
789.408
789.408
789.408
789.408
797.323
797.323
797.323
797.323
797.323
794.145
794.145
794.145
794.145
794.145
794.812
794.812
794.812
794.812
794.812
795.78
795.78
795.78
795.78
795.78
792.333
792.333
792.333
792.333
792.333
790.652
790.652
790.652
790.652
790.652
790.879
790.879
790.879
790.879
790.879
786.324
786.324
786.324
786.324
786.324
776.422
776.422
776.422
776.422
776.422
788.681
788.681
788.681
788.681
788.681
790.923
790.923
790.923
790.923
790.923
776.097
776.097
776.097
776.097
776.097
788.49
788.49
788.49
788.49
788.49
784.961
784.961
784.961
784.961
784.961
792.949
792.949
792.949
792.949
792.949
775.56
775.56
775.56
775.56
775.56
770.297
770.297
770.297
770.297
770.297
757.097
757.097
757.097
757.097
757.097
766.912
766.912
766.912
766.912
766.912
768.724
768.724
768.724
768.724
768.724
783.976
783.976
783.976
783.976
783.976
791.481
791.481
791.481
791.481
791.481
770.137
770.137
770.137
770.137
770.137
745.78
745.78
745.78
745.78
745.78
790.228
790.228
790.228
790.228
790.228
785.99
785.99
785.99
785.99
785.99
783.704
783.704
783.704
783.704
783.704
790.28
790.28
790.28
790.28
790.28
789.249
789.249
789.249
789.249
789.249
788.022
788.022
788.022
788.022
788.022
795.934
795.934
795.934
795.934
795.934
787.78
787.78
787.78
787.78
787.78
783.217
783.217
783.221
783.221
783.221
794.88
794.88
794.88
794.88
794.88
792.276
792.276
792.276
792.276
792.276
779.155
779.155
779.155
779.155
779.155
790.036
790.036
790.036
790.036
790.036
777.06
777.06
777.06
777.06
777.06
777.004
777.004
777.004
777.004
777.004
786.17
786.17
786.17
786.17
786.17
788.972
788.972
788.972
788.972
788.972
780.835
780.835
780.835
780.835
780.835
790.229
790.229
790.229
790.229
790.229
788.366
788.366
788.366
788.366
788.366
788.437
788.437
788.437
788.437
788.437
790.735
790.735
790.735
790.735
790.735
786.32
786.32
786.32
786.32
786.32
766.409
766.409
766.409
766.409
766.409
785.086
785.086
785.086
785.086
785.086
786.562
786.562
786.562
786.562
786.562
790.201
790.201
790.201
790.201
790.201
792.918
792.918
792.918
792.918
792.918
786.005
786.005
786.005
786.005
786.005
781.981
781.981
781.981
781.981
781.981
783.494
783.494
783.494
783.494
783.494
783.406
783.406
783.406
783.406
783.406
766.687
766.687
766.687
766.687
766.687
774.612
774.612
774.612
774.612
774.612
772.886
772.886
772.886
772.886
772.886
753.783
753.783
753.783
753.783
753.783
784.659
784.659
784.659
784.659
784.659
772.484
772.484
772.484
772.484
772.484
765.495
765.495
765.495
765.495
765.495
775.8
775.8
775.8
775.8
775.8
754.667
754.667
754.667
754.667
754.667
769.301
769.301
769.301
769.301
769.301
781.018
781.018
781.018
781.018
781.018
781.585
781.585
781.585
781.585
781.585
792.41
792.41
792.41
792.41
792.41
795.366
795.366
795.366
795.366
795.366
794.59
794.59
794.59
794.59
794.59
785.34
785.34
785.34
785.34
785.34
777.608
777.608
777.608
777.608
777.608
774.616
774.616
774.616
774.616
774.616
776.23
776.23
776.23
776.23
776.23
787.906
787.906
787.906
787.906
787.906
786.146
786.146
786.146
786.146
786.146
786.436
786.436
786.436
786.436
786.436
795.69
795.69
795.69
795.69
795.69
787.844
787.844
787.844
787.844
787.844
792.216
792.216
792.216
792.216
792.216
798.447
798.447
798.447
798.447
798.447
794.967
794.967
794.967
794.967
794.967
790.824
790.824
790.824
790.824
790.824
787.836
787.836
787.836
787.836
787.836
776.698
776.698
776.698
776.698
776.698
777.289
777.289
777.289
777.289
777.289
793.598
793.598
793.598
793.598
793.598
791.106
791.106
791.106
791.106
791.106
792.497
792.497
792.497
792.497
792.497
791.77
791.77
791.77
791.77
791.77
780.012
780.012
780.012
780.012
780.012
761.914
761.914
761.914
761.914
761.914
791.238
791.238
791.238
791.238
791.238
785.858
785.858
785.858
785.858
785.858
786.486
786.486
786.486
786.486
786.486
794.838
794.838
794.838
794.838
794.838
790.64
790.64
790.64
790.64
790.64
781.663
781.663
781.663
781.663
781.663
778.498
778.498
778.498
778.498
778.498
773.21
773.21
773.21
773.21
773.21
770.293
770.293
770.293
770.293
770.293
783.614
783.614
783.614
783.614
783.614
752.963
752.963
752.963
752.963
752.963
759.374
759.374
759.374
759.374
759.374
788.984
788.984
788.984
788.984
788.984
783.414
783.414
783.414
783.414
783.414
777.796
777.796
777.796
777.796
777.796
787.567
787.567
787.567
787.567
787.567
788.098
788.098
788.098
788.098
788.098
788.244
788.244
788.244
788.244
788.244
785.481
785.481
785.481
785.481
785.481
778.606
778.606
778.606
778.606
778.606
780.111
780.111
780.111
780.111
780.111
784.56
784.56
784.56
784.56
784.56
794.532
794.532
794.532
794.532
794.532
788.403
788.403
788.403
788.403
788.403
787.504
787.504
787.504
787.504
787.504
793.31
793.31
793.31
793.31
793.31
795.612
795.612
795.612
795.612
795.612
792.052
792.052
792.052
792.052
792.052
788.981
788.981
788.981
788.981
788.981
780.178
780.178
780.178
780.178
780.178
789.232
789.232
789.232
789.232
789.232
775.182
775.182
775.182
775.182
775.182
782.103
782.103
782.103
782.103
782.103
778.019
778.019
778.019
778.019
778.019
774.195
774.195
774.195
774.195
774.195
767.148
767.148
767.148
767.148
767.148
790.889
790.889
790.889
790.889
790.889
781.452
781.452
781.452
781.452
781.452
779.784
779.784
779.784
779.784
779.784
793.899
793.899
793.899
793.899
793.899
792.093
792.093
792.093
792.093
792.093
789.073
789.073
789.073
789.073
789.073
793.614
793.614
793.614
793.614
793.614
797.252
797.252
797.252
797.252
797.252
791.41
791.41
791.41
791.41
791.41
796.348
796.348
796.348
796.348
796.348
793.352
793.352
793.352
793.352
793.352
787.807
787.807
787.807
787.807
787.807
796.806
796.806
796.806
796.806
796.806
794.926
794.926
794.926
794.926
794.926
790.512
790.512
790.512
790.512
790.512
795.138
795.138
795.138
795.138
795.138
791.049
791.049
791.049
791.049
791.049
789.507
789.507
789.507
789.507
789.507
792.676
792.676
792.676
792.676
792.676
785.543
785.543
785.543
785.543
785.543
783.106
783.106
783.106
783.106
783.106
794.785
794.785
794.785
794.785
794.785
793.82
793.82
793.82
793.82
793.82
785.603
785.603
785.603
785.603
785.603
793.368
793.368
793.368
793.368
793.368
791.712
791.712
791.712
791.712
791.712
784.324
784.324
784.324
784.324
784.324
792.697
792.697
792.697
792.697
792.697
787.455
787.455
787.455
787.455
787.455
774.164
774.164
774.164
774.164
774.164
787.457
787.457
787.457
787.457
787.457
777.429
777.429
777.429
777.429
777.429
773.315
773.315
773.315
773.315
773.315
793.637
793.637
793.637
793.637
793.637
765.831
765.831
765.831
765.831
765.831
770.993
770.993
770.993
770.993
770.993
796.068
796.068
796.068
796.068
796.068
785.896
785.896
785.896
785.896
785.896
789.305
789.305
789.305
789.305
789.305
787.72
787.72
787.72
787.72
787.72
774.159
774.159
774.159
774.159
774.159
782.605
782.605
782.605
782.605
782.605
791.884
791.884
791.884
791.884
791.884
791.393
791.393
791.393
791.393
791.393
782.154
782.154
782.154
782.154
782.154
791.964
791.964
791.964
791.964
791.964
787.816
787.816
787.816
787.816
787.816
785.687
785.687
785.687
785.687
785.687
788.965
788.965
788.965
788.965
788.965
796.535
796.535
796.535
796.535
796.535
787.392
787.392
787.392
787.392
787.392
793.777
793.777
793.777
793.777
793.777
784.512
784.512
784.512
784.512
784.512
767.369
767.369
767.369
767.369
767.369
791.505
791.505
791.505
791.505
791.505
781.517
781.517
781.517
781.517
781.517
781.303
781.303
781.303
781.303
781.303
792.358
792.358
792.358
792.358
792.358
792.388
792.388
792.388
792.388
792.388
771.49
771.49
771.49
771.49
771.49
779.326
779.326
779.326
779.326
779.326
769.846
769.846
769.846
769.846
769.846
769.132
769.132
769.132
769.132
769.132
785.083
785.083
785.083
785.083
785.083
759.294
759.294
759.294
759.294
759.294
783.595
783.595
783.595
783.595
783.595
790.182
790.182
790.182
790.182
790.182
787.286
787.286
787.286
787.286
787.286
783.611
783.611
783.611
783.611
783.611
793.431
793.431
793.431
793.431
793.431
758.467
758.467
758.467
758.467
758.467
746.198
746.198
746.198
746.198
746.198
780.145
780.145
780.145
780.145
780.145
776.28
776.28
776.28
776.28
776.28
785.61
785.61
785.61
785.61
785.61
795.001
795.001
795.001
795.001
795.001
784.664
784.664
784.664
784.664
784.664
768.2
768.2
768.2
768.2
768.2
785.902
785.902
785.902
785.902
785.902
763.531
763.531
763.531
763.531
763.531
772.792
772.792
772.792
772.792
772.792
788.26
788.26
788.26
788.26
788.26
791.103
791.103
791.103
791.103
791.103
756.272
756.272
756.272
756.272
756.272
780.964
780.964
780.964
780.964
780.964
748.233
748.233
748.233
748.233
748.233
745.697
745.697
745.697
745.697
745.697
709.659
709.659
709.659
709.659
709.659
773.459
773.459
773.459
773.459
773.459
754.018
754.018
754.018
754.018
754.018
751.827
751.827
751.827
751.827
751.827
679.889
679.889
679.889
679.889
679.889
552.677
552.677
552.677
552.677
552.677
753.358
753.358
753.358
753.358
753.358
782.126
782.126
782.126
782.126
782.126
741.628
741.628
741.628
741.628
741.628
786.358
786.358
786.358
786.358
786.358
781.77
781.77
781.77
781.77
781.77
779.779
779.779
779.779
779.779
779.779
789.179
789.179
789.179
789.179
789.179
785.466
785.466
785.466
785.466
785.466
772.237
772.237
772.237
772.237
772.237
784.352
784.352
784.352
784.352
784.352
764.498
764.498
764.498
764.498
764.498
744.099
744.1
744.1
744.1
744.1
784.439
784.439
784.439
784.439
784.439
752.795
752.795
752.795
752.795
752.795
763.16
763.16
763.16
763.16
763.16
769.821
769.821
769.821
769.821
769.821
781.387
781.387
781.387
781.387
781.387
749.353
749.353
749.353
749.353
749.353
787.152
787.152
787.152
787.152
787.152
771.662
771.662
771.662
771.662
771.662
719.158
719.158
719.158
719.158
719.158
719.513
719.513
719.513
719.513
719.513
699.124
699.124
699.124
699.124
699.124
741.411
741.411
741.411
741.411
741.411
782.664
782.664
782.664
782.664
782.664
731.225
731.225
731.225
731.225
731.225
720.869
720.869
720.869
720.869
720.869
789.663
789.663
789.663
789.663
789.663
790.173
790.173
790.173
790.173
790.173
787.324
787.324
787.324
787.324
787.324
779.098
779.098
779.098
779.098
779.098
771.634
771.634
771.634
771.634
771.634
746.991
746.991
746.991
746.991
746.991
783.271
783.271
783.271
783.271
783.271
794.86
794.86
794.86
794.86
794.86
781.931
781.931
781.931
781.931
781.931
789.023
789.023
789.023
789.023
789.023
787.852
787.852
787.852
787.852
787.852
774.305
774.305
774.305
774.305
774.305
787.833
787.833
787.833
787.833
787.833
785.226
785.226
785.226
785.226
785.226
787.244
787.244
787.244
787.244
787.244
794.275
794.275
794.275
794.275
794.275
781.55
781.55
781.55
781.55
781.55
768.032
768.032
768.032
768.032
768.032
793.101
793.101
793.101
793.101
793.101
787.057
787.057
787.057
787.057
787.057
779.172
779.172
779.172
779.172
779.172
786.195
786.195
786.195
786.195
786.195
791.178
791.178
791.178
791.178
791.178
774.748
774.748
774.748
774.748
774.748
791.224
791.224
791.224
791.224
791.224
784.233
784.233
784.233
784.233
784.233
779.906
779.906
779.906
779.906
779.906
796.775
796.775
796.775
796.775
796.775
781.922
781.922
781.922
781.922
781.922
762.168
762.168
762.168
762.168
762.168
775.381
775.381
775.381
775.381
775.381
786.705
786.705
786.705
786.705
786.705
785.94
785.94
785.94
785.94
785.94
795.274
795.274
795.274
795.274
795.274
782.745
782.745
782.745
782.745
782.745
773.031
773.031
773.031
773.031
773.031
773.314
773.314
773.314
773.314
773.314
756.953
756.953
756.953
756.953
756.953
781.38
781.38
781.38
781.38
781.38
773.537
773.537
773.537
773.537
773.537
788.753
788.753
788.753
788.753
788.753
761.562
761.562
761.562
761.562
761.562
768.902
768.902
768.902
768.902
768.902
771.534
771.534
771.534
771.534
771.534
751.18
751.18
751.18
751.18
751.18
767.147
767.147
767.147
767.147
767.147
789.268
789.268
789.268
789.268
789.268
790.182
790.182
790.182
790.182
790.182
758.251
758.251
758.251
758.251
758.251
738.638
738.638
738.638
738.638
738.638
761.207
761.207
761.207
761.207
761.207
771.126
771.126
771.126
771.126
771.126
719.18
719.18
719.18
719.18
719.18
769.517
769.517
769.517
769.517
769.517
774.346
774.346
774.346
774.346
774.346
754.484
754.484
754.484
754.484
754.484
785.562
785.562
786.437
786.437
786.437
778.09
778.09
778.09
778.09
778.09
729.667
729.667
729.667
729.667
729.667
769.723
769.723
769.723
769.723
769.723
779.092
779.092
779.092
779.092
779.092
761.163
761.163
761.163
761.163
761.163
771.224
771.224
771.224
771.224
771.224
774.314
774.314
774.314
774.314
774.314
760.246
760.246
760.246
760.246
760.246
755.902
755.902
755.902
755.902
755.902
788.834
788.834
788.834
788.834
788.834
766.574
766.574
766.574
766.574
766.574
776.625
776.625
776.625
776.625
776.625
787.929
787.929
787.929
787.929
787.929
777.591
777.591
777.591
777.591
777.591
765.932
765.932
765.932
765.932
765.932
793.315
793.315
793.315
793.315
793.315
793.357
793.357
793.357
793.357
793.357
792.531
792.531
792.531
792.531
792.531
793.266
793.266
793.266
793.266
793.266
786.509
786.509
786.509
786.509
786.509
773.807
773.807
773.807
773.807
773.807
793.259
793.259
793.259
793.259
793.259
787.565
787.565
787.565
787.565
787.565
785.364
785.364
785.364
785.364
785.364
797.16
797.16
797.16
797.16
797.16
794.379
794.379
794.379
794.379
794.379
791.12
791.12
791.12
791.12
791.12
794.717
794.717
794.717
794.717
794.717
790.185
790.185
790.185
790.185
790.185
788.917
788.917
788.917
788.917
788.917
795.456
795.456
795.456
795.456
795.456
790.148
790.148
790.148
790.148
790.148
786.987
786.987
786.987
786.987
786.987
782.906
782.906
782.906
782.906
782.906
781.344
781.344
781.344
781.344
781.344
776.735
776.735
776.735
776.735
776.735
791.772
791.772
791.772
791.772
791.772
796.576
796.576
796.576
796.576
796.576
789.558
789.558
789.558
789.558
789.558
793.995
793.995
793.995
793.995
793.995
780.062
780.062
780.062
780.062
780.062
779.884
779.884
779.884
779.884
779.884
794.665
794.665
794.665
794.665
794.665
792.772
792.772
792.772
792.772
792.772
781.515
781.515
781.515
781.515
781.515
794.305
794.305
794.305
794.305
794.305
792.108
792.108
792.108
792.108
792.108
785.116
785.116
785.116
785.116
785.116
796.503
796.503
796.503
796.503
796.503
795.694
795.694
795.694
795.694
795.694
796.015
796.015
796.015
796.015
796.015
797.462
797.462
797.462
797.462
797.462
794.217
794.217
794.217
794.217
794.217
796.614
796.614
796.614
796.614
796.614
794.259
794.259
794.259
794.259
794.259
782.12
782.12
782.12
782.12
782.12
777.949
777.949
777.949
777.949
777.949
795.627
795.627
795.627
795.627
795.627
789.834
789.834
789.834
789.834
789.834
786.893
786.893
786.893
786.893
786.893
795.919
795.919
795.919
795.919
795.919
789.628
789.628
789.628
789.628
789.628
790.685
790.685
790.685
790.685
790.685
792.233
792.233
792.233
792.233
792.233
787.249
787.249
787.249
787.249
787.249
778.108
778.108
778.108
778.108
778.108
790.61
790.61
790.61
790.61
790.61
786.856
786.856
786.856
786.856
786.856
793.387
793.387
793.387
793.387
793.387
794.746
794.746
794.746
794.746
794.746
791.712
791.712
791.712
791.712
791.712
781.206
781.206
781.206
781.206
781.206
789.964
789.964
789.964
789.964
789.964
783.534
783.534
783.534
783.534
783.534
780.379
780.379
780.379
780.379
780.379
789.508
789.508
789.508
789.508
789.508
786.858
786.858
786.858
786.858
786.858
783.859
783.859
783.859
783.859
783.859
792.216
792.216
792.216
792.216
792.216
792.212
792.212
792.212
792.212
792.212
791.768
791.768
791.768
791.768
791.768
791.004
791.004
791.004
791.004
791.004
786.744
786.744
786.744
786.744
786.744
792.172
792.172
792.172
792.172
792.172
794.874
794.874
794.874
794.874
794.874
794.203
794.203
794.203
794.203
794.203
789.503
789.503
789.503
789.503
789.503
797.505
797.505
797.505
797.505
797.505
796.506
796.506
796.506
796.506
796.506
793.568
793.568
793.568
793.568
793.568
794.803
794.803
794.803
794.803
794.803
794.18
794.18
794.18
794.18
794.18
792.096
792.096
792.096
792.096
792.096
794.603
794.603
794.603
794.603
794.603
791.781
791.781
791.781
791.781
791.781
792.154
792.154
792.154
792.154
792.154
796.826
796.826
796.826
796.826
796.826
789.63
789.63
789.63
789.63
789.63
788.458
788.458
788.458
788.458
788.458
798.012
798.012
798.012
798.012
798.012
796.526
796.526
796.526
796.526
796.526
792.005
792.005
792.005
792.005
792.005
796.581
796.581
796.581
796.581
796.581
792.599
792.599
792.599
792.599
792.599
790.04
790.04
790.04
790.04
790.04
795.765
795.765
795.765
795.765
795.765
792.92
792.92
792.92
792.92
792.92
790.049
790.049
790.049
790.049
790.049
797.706
797.706
797.706
797.706
797.706
791.788
791.788
791.788
791.788
791.788
794.725
794.725
794.725
794.725
794.725
797.085
797.085
797.085
797.085
797.085
795.412
795.412
795.412
795.412
795.412
791.823
791.823
791.823
791.823
791.823
797.892
797.892
797.892
797.892
797.892
789.788
789.788
789.788
789.788
789.788
787.872
787.872
787.872
787.872
787.872
797.251
797.251
797.251
797.251
797.251
793.289
793.289
793.289
793.289
793.289
789.67
789.67
789.67
789.67
789.67
792.501
792.501
792.501
792.501
792.501
790.765
790.765
790.765
790.765
790.765
792.607
792.607
792.607
792.607
792.607
795.555
795.555
795.555
795.555
795.555
792.406
792.406
792.406
792.406
792.406
792.199
792.199
792.199
792.199
792.199
795.789
795.789
795.789
795.789
795.789
794.748
794.748
794.748
794.748
794.748
792.069
792.069
792.069
792.069
792.069
790.486
790.486
790.486
790.486
790.486
795.722
795.722
795.722
795.722
795.722
793.594
793.594
793.594
793.594
793.594
797.435
797.435
797.435
797.435
797.435
795.505
795.505
795.505
795.505
795.505
792.661
792.661
792.661
792.661
792.661
793.842
793.842
793.842
793.842
793.842
789.203
789.203
789.203
789.203
789.203
786.189
786.189
786.189
786.189
786.189
795.163
795.163
795.163
795.163
795.163
792.775
792.775
792.775
792.775
792.775
787.073
787.073
787.073
787.073
787.073
793.498
793.498
793.498
793.498
793.498
784.118
784.118
784.118
784.118
784.118
780.297
780.297
780.297
780.297
780.297
792.555
792.555
792.555
792.555
792.555
784.243
784.243
784.243
784.243
784.243
785.207
785.207
785.207
785.207
785.207
792.202
792.202
792.202
792.202
792.202
783.648
783.648
783.648
783.648
783.648
783.821
783.821
783.821
783.821
783.821
779.911
779.911
779.911
779.911
779.911
788
788
788
788
788
787.43
787.43
787.43
787.43
787.43
795.425
795.425
795.425
795.425
795.425
790.375
790.375
790.375
790.375
790.375
793.066
793.066
793.066
793.066
793.066
795.944
795.944
795.944
795.944
795.944
792.499
792.499
792.499
792.499
792.499
788.299
788.299
788.299
788.299
788.299
797.293
797.293
797.293
797.293
797.293
795.735
795.735
795.735
795.735
795.735
792.749
792.749
792.749
792.749
792.749
797.978
797.978
797.978
797.978
797.978
794.632
794.632
794.632
794.632
794.632
792.214
792.214
792.214
792.214
792.214
791.859
791.859
791.859
791.859
791.859
788.01
788.01
788.01
788.01
788.01
782.461
782.461
782.461
782.461
782.461
794.548
794.548
794.548
794.548
794.548
794.644
794.644
794.644
794.644
794.644
794.92
794.92
794.92
794.92
794.92
796.226
796.226
796.226
796.226
796.226
791.788
791.788
791.788
791.788
791.788
796.487
796.487
796.487
796.487
796.487
792.866
792.866
792.866
792.866
792.866
794.397
794.397
794.397
794.397
794.397
790.39
790.39
790.39
790.39
790.39
798.601
798.601
798.601
798.601
798.601
795.626
795.626
795.626
795.626
795.626
793.37
793.37
793.37
793.37
793.37
795.3
795.3
795.3
795.3
795.3
794.208
794.208
794.208
794.208
794.208
793.876
793.876
793.876
793.876
793.876
797.192
797.192
797.192
797.192
797.192
794.344
794.344
794.344
794.344
794.344
787.487
787.487
787.487
787.487
787.487
796.911
796.911
796.911
796.911
796.911
796.32
796.32
796.32
796.32
796.32
794.404
794.404
794.404
794.404
794.404
795.509
795.509
795.509
795.509
795.509
792.587
792.587
792.587
792.587
792.587
791.142
791.142
791.142
791.142
791.142
796.839
796.839
796.839
796.839
796.839
792.027
792.027
792.027
792.027
792.027
792.32
792.32
792.32
792.32
792.32
795.748
795.748
795.748
795.748
795.748
791.557
791.557
791.557
791.557
791.557
795.577
795.577
795.577
795.577
795.577
797.691
797.691
797.691
797.691
797.691
796.662
796.662
796.662
796.662
796.662
796.394
796.394
796.394
796.394
796.394
793.6
793.6
793.6
793.6
793.6
797.433
797.433
797.433
797.433
797.433
794.949
794.949
794.949
794.949
794.949
797.239
797.239
797.239
797.239
797.239
796.412
796.412
796.412
796.412
796.412
796.191
796.191
796.191
796.191
796.191
798.684
798.684
798.684
798.684
798.684
797.3
797.3
797.3
797.3
797.3
796.141
796.141
796.141
796.141
796.141
798.321
798.321
798.321
798.321
798.321
797.659
797.659
797.659
797.659
797.659
797.893
797.893
797.893
797.893
797.893
797.406
797.406
797.406
797.406
797.406
795.065
795.065
795.065
795.065
795.065
792.717
792.717
792.717
792.717
792.717
796.739
796.739
796.739
796.739
796.739
795.444
795.444
795.444
795.444
795.444
795.237
795.237
795.237
795.237
795.237
797.921
797.921
797.921
797.921
797.921
797.355
797.355
797.355
797.355
797.355
792.338
792.338
792.338
792.338
792.338
0
