0
0
0
0
364.516
364.516
364.516
364.516
364.516
460.713
460.713
460.713
460.713
460.713
499.941
499.941
499.941
499.941
499.941
540.902
540.902
540.902
540.902
540.902
371.405
371.405
371.405
371.405
371.405
431.235
431.235
431.235
431.235
431.235
429.758
429.758
429.758
429.758
429.758
542.365
542.365
542.365
542.365
542.365
636.752
636.752
636.752
636.752
636.752
545.114
545.114
545.114
545.114
545.114
487.125
487.125
487.125
487.125
487.125
494.836
494.836
494.836
494.836
494.836
609.005
609.005
609.005
609.005
609.005
651.406
651.406
651.406
651.406
651.406
474.976
474.921
474.921
474.921
474.921
475.164
475.164
475.164
475.164
475.164
637.434
637.434
637.434
637.434
637.434
376.825
376.825
376.825
376.825
376.825
642.636
642.636
642.636
642.636
642.636
268.527
268.527
268.527
268.527
268.527
651.905
651.905
651.905
651.905
651.905
492.687
492.687
492.687
492.687
492.687
528.734
528.734
528.734
528.734
528.734
507.089
507.089
507.089
507.089
507.089
691.535
691.535
691.535
691.535
705.82
596.781
596.781
596.781
596.781
596.781
593.223
593.223
593.223
593.223
593.223
510.202
510.202
510.202
510.202
510.202
444.725
444.725
444.725
444.725
444.725
535.563
535.563
535.563
535.563
535.563
518.914
518.914
518.914
518.914
518.914
626.099
626.099
626.099
626.099
626.099
222.597
222.597
222.597
222.597
222.597
304.033
304.033
304.033
304.033
304.033
509.511
509.511
509.511
509.511
509.511
343.995
343.995
343.995
343.995
343.995
652.179
652.179
652.179
652.179
652.179
617.356
617.356
617.356
617.356
617.356
641.629
641.629
641.629
641.629
641.629
414.522
414.496
414.496
414.496
414.496
455.344
455.344
455.344
455.344
455.344
697.084
697.084
697.084
697.084
697.084
543.537
543.537
543.537
543.537
543.537
607.33
607.33
607.33
607.33
607.33
408.641
408.641
408.641
408.641
408.641
423.313
423.313
423.313
423.313
423.313
643.294
643.294
643.294
643.294
643.294
531.432
531.432
531.432
531.432
531.432
608.261
608.261
608.261
608.261
608.261
541.75
541.75
541.75
541.75
541.75
444.887
444.887
444.887
444.887
444.887
312.016
312.016
312.016
312.016
312.016
538.301
538.301
538.301
538.301
538.301
498.578
498.578
498.578
498.578
498.578
605.627
605.627
605.627
605.627
605.627
498.375
498.375
498.375
498.375
498.375
515.875
515.875
515.875
515.875
515.875
609.682
609.682
609.682
609.682
609.682
700.706
700.706
700.706
700.706
700.706
639.112
639.112
639.112
639.112
639.112
449.469
449.469
449.469
449.469
449.469
581.363
581.363
581.363
581.363
581.363
564.68
564.68
564.68
564.68
564.68
490.922
490.922
490.922
490.922
490.922
544.657
544.657
544.657
544.657
544.657
300.815
300.815
300.815
300.815
300.815
637.914
637.914
637.914
637.914
637.914
602.688
602.688
602.688
602.688
602.688
263.573
263.573
263.573
263.573
263.573
478.156
478.156
478.156
478.156
478.156
397.875
397.875
397.875
397.875
397.875
577.241
577.241
577.241
577.241
577.241
507.627
507.627
507.627
507.627
507.627
681.531
681.531
681.531
681.531
681.531
616.875
616.875
616.875
616.875
616.875
234.262
234.262
234.262
234.262
234.262
611.875
611.875
611.875
611.875
611.875
697.594
697.594
697.594
697.594
697.594
470.332
470.332
470.332
470.332
470.332
652.839
652.839
652.839
652.839
652.839
407.569
407.569
407.569
407.569
407.569
517.111
517.111
517.111
517.111
517.111
395.469
395.469
395.469
395.469
395.469
652.361
652.361
652.361
652.361
652.361
691.59
691.59
691.59
691.59
691.59
635.907
635.907
635.907
635.907
635.907
622.168
622.168
622.168
622.168
622.168
234.125
234.125
234.125
234.125
234.125
572.231
572.231
572.231
572.231
572.231
438.844
438.844
438.844
438.844
438.844
558.3
558.3
558.3
558.3
558.3
543.42
543.42
543.42
543.42
543.42
643.534
643.534
643.534
643.534
643.534
462.672
462.672
462.672
462.672
462.672
349.313
349.313
349.313
349.313
349.313
620.404
620.404
620.404
620.404
620.404
514.151
514.151
514.151
514.151
514.151
635.656
635.656
635.656
635.656
635.656
393.983
393.983
393.983
393.983
393.983
573.561
573.561
573.561
573.561
573.561
445.127
445.127
445.127
445.127
445.127
512.875
512.875
512.875
512.875
512.875
469.463
469.463
469.463
469.463
469.463
677.391
677.391
677.391
677.391
677.391
634.671
634.671
634.671
634.671
634.671
582.859
582.859
582.859
582.859
582.859
545.99
545.99
545.99
545.99
545.99
659.773
659.773
659.773
659.773
659.773
560.266
560.266
560.266
560.266
560.266
650.313
650.313
650.313
650.313
650.313
371.008
371.008
371.008
371.008
371.008
295.961
295.961
295.961
295.961
295.961
741.844
741.844
741.844
741.844
741.844
329.688
329.688
329.688
329.688
329.688
431.559
431.559
431.559
431.559
431.559
603.778
603.778
603.778
603.778
603.778
471.625
471.625
471.625
471.625
471.625
351.469
351.469
351.469
351.469
351.469
0
0
0
0
0
632.07
632.07
632.07
632.07
632.07
597.104
597.104
597.104
597.104
597.104
670.742
670.742
670.742
670.742
670.742
754.089
754.089
754.089
754.089
754.089
518.06
518.06
518.06
518.06
518.06
464.426
464.426
464.426
464.426
464.426
631.907
631.907
631.907
631.907
631.907
450.625
450.625
450.625
450.625
450.625
293.478
293.478
293.478
293.478
293.478
432.176
432.176
432.176
432.176
432.176
286.695
286.695
286.695
286.695
286.695
395.127
395.127
395.127
395.127
395.127
505.084
505.084
505.084
505.084
505.084
486.828
486.828
486.828
486.828
486.828
717.52
717.52
717.52
717.52
717.52
610.317
610.317
610.317
610.317
610.317
574.125
574.125
574.125
574.125
574.125
371.887
371.887
371.887
371.887
371.887
373.287
373.287
373.287
373.287
373.287
387.375
387.375
387.375
387.375
387.375
661.25
661.25
661.25
661.25
661.25
738.153
738.153
738.153
738.153
738.153
487.855
487.855
487.855
487.855
487.855
344.938
344.938
344.938
344.938
344.938
328.563
328.563
328.563
328.563
328.563
340.838
340.838
340.838
340.838
340.838
447
447
447
447
447
735.736
735.736
735.736
735.736
735.736
459.594
459.594
459.594
459.594
459.594
436.875
436.875
436.875
436.875
436.875
497.889
497.889
497.889
497.889
497.889
347.109
347.109
347.109
347.109
347.109
391.723
391.723
391.723
391.723
391.723
656.25
656.25
656.25
656.25
656.25
454.607
454.607
454.607
454.607
454.607
566.375
566.375
566.375
566.375
566.375
520.561
520.561
520.561
520.561
520.561
689.477
689.477
689.477
689.477
689.477
524.031
524.031
524.031
524.031
524.031
553.938
553.938
553.938
553.938
553.938
687.414
687.414
687.414
687.414
687.414
578.27
578.27
578.27
578.27
578.27
459.194
459.194
459.194
459.194
459.194
694.428
694.428
694.428
694.428
694.428
363.311
363.311
363.311
363.311
363.311
583.805
583.805
583.805
583.805
583.805
480.272
480.272
480.272
480.272
480.272
407.421
407.421
407.421
407.421
407.421
658.031
658.031
658.031
658.031
658.031
717.906
717.906
717.906
717.906
717.906
434.078
434.078
434.078
434.078
434.078
677.484
677.484
677.484
677.484
677.484
668.432
668.432
668.432
668.432
668.432
509.648
509.648
509.648
509.648
509.648
674.75
674.75
674.75
674.75
674.75
281.806
281.806
281.806
281.806
281.806
587.4
587.4
587.4
587.4
587.4
450.511
450.511
450.511
450.511
450.511
572.662
572.662
572.662
572.662
572.662
510.183
510.183
510.183
510.183
510.183
548.152
548.152
548.152
548.152
548.152
678.394
678.394
678.394
678.394
678.394
622.09
622.09
622.09
622.09
622.09
326.305
326.305
326.305
326.305
326.305
458.079
458.079
458.079
458.079
458.079
575.463
575.463
575.463
575.463
575.463
579.047
579.047
579.047
579.047
579.047
548
548
548
548
548
528.247
528.247
528.247
528.247
528.247
258.701
258.701
258.701
258.701
258.701
378.249
378.249
378.249
378.249
378.249
470.493
470.493
470.493
470.493
470.493
313.016
313.016
313.016
313.016
313.016
749.036
749.036
749.036
749.036
749.036
531.916
531.916
531.916
531.916
531.916
619
619
619
619
619
402.992
402.992
402.992
402.992
402.992
636.656
636.656
636.656
636.656
636.656
262.287
262.287
262.287
262.287
262.287
596.197
596.197
596.197
596.197
596.197
577.98
577.98
577.98
577.98
577.98
608.739
608.739
608.739
608.739
608.739
394.766
394.766
394.766
394.766
394.766
549.525
549.525
549.525
549.525
549.525
649.516
649.516
649.516
649.516
649.516
571.75
571.75
571.75
571.75
571.75
491.454
491.454
491.454
491.454
491.454
245.875
245.875
245.875
245.875
245.875
505.768
505.768
505.768
505.768
505.768
539.309
539.309
539.309
539.309
539.309
422.914
422.914
422.914
422.914
422.914
528.626
528.626
528.626
528.626
528.626
700.49
700.49
700.49
700.49
700.49
600.057
600.057
600.057
600.057
600.057
423.688
423.688
423.688
423.688
423.688
415.188
415.188
415.188
415.188
415.188
559.304
559.304
559.304
559.304
559.304
431.5
431.5
431.5
431.5
431.5
457.156
457.156
457.156
457.156
457.156
485.613
485.613
485.613
485.613
485.613
307.068
307.068
307.068
307.068
307.068
567.771
567.771
567.771
567.771
567.771
666.649
666.649
666.649
666.649
666.649
672.688
672.688
672.688
672.688
672.688
742.85
742.85
742.85
742.85
742.85
456.154
456.154
456.154
456.154
456.154
679.375
679.375
679.375
679.375
679.375
465.044
465.044
465.044
465.044
465.044
648.699
648.699
648.699
648.699
648.699
686.587
686.587
686.587
686.587
686.587
498.022
498.022
498.022
498.022
498.022
747.182
747.182
747.182
747.182
747.182
688.145
688.145
688.145
688.145
688.145
573.443
573.443
573.443
573.443
573.443
410.19
410.19
410.19
410.19
410.19
481.761
481.761
481.761
481.761
481.761
461.36
461.36
461.36
461.36
461.36
621.913
621.913
621.913
621.913
621.913
355.611
355.611
355.611
355.611
355.611
613.733
613.733
613.733
613.733
613.733
583.54
583.54
583.54
583.54
583.54
497.457
497.457
497.457
497.457
497.457
449.426
449.426
449.426
449.426
449.426
714.984
714.984
714.984
714.984
714.984
482.788
482.788
482.788
482.788
482.788
549.527
549.527
549.527
549.527
549.527
461.252
461.252
461.252
461.252
461.252
581.585
581.585
581.585
581.585
581.585
562.094
562.094
562.094
562.094
562.094
324.938
324.938
324.938
324.938
324.938
511.125
511.125
511.125
511.125
511.125
714.906
714.906
714.906
714.906
714.906
531.227
531.227
531.227
531.227
531.227
602.38
602.38
602.38
602.38
602.38
719.003
719.003
719.003
719.003
719.003
479.5
479.5
479.5
479.5
479.5
387.031
387.031
387.031
387.031
387.031
325.314
325.314
325.314
325.314
325.314
613.75
613.75
613.75
613.75
613.75
606.445
606.445
606.445
606.445
606.445
572.287
572.287
572.287
572.287
572.287
369.75
369.75
369.75
369.75
369.75
476.397
476.397
476.397
476.397
476.397
424.476
424.476
424.476
424.476
424.476
512.387
512.387
512.387
512.387
512.387
458.777
458.777
458.777
458.777
458.777
545.729
545.729
545.729
545.729
545.729
677.649
677.649
677.649
677.649
677.649
302.154
302.154
302.154
302.154
302.154
685.469
685.469
685.469
685.469
685.469
510.174
510.174
510.174
510.174
510.174
642.545
642.545
642.545
642.545
642.545
570.044
570.044
570.044
570.044
570.044
460
460
460
460
460
367.823
367.823
367.823
367.823
367.823
523.534
523.534
523.534
523.534
523.534
660.234
660.234
660.234
660.234
660.234
596.988
596.988
596.988
596.988
596.988
527.437
527.437
527.437
527.437
527.437
641.881
641.881
641.881
641.881
641.881
651.648
651.648
651.648
651.648
651.648
524.656
524.656
524.656
524.656
524.656
371.565
371.565
371.565
371.565
371.565
418.5
418.5
418.5
418.5
418.5
434.954
434.954
434.954
434.954
434.954
561.167
561.167
561.167
561.167
561.167
463.754
463.754
463.754
463.754
463.754
516.344
516.344
516.344
516.344
516.344
532.693
532.693
532.693
532.693
532.693
601.868
601.868
601.868
601.868
601.868
670.162
670.162
670.162
670.162
670.162
594.7
594.7
594.7
594.7
594.7
639.498
639.498
639.498
639.498
639.498
475.75
475.75
475.75
475.75
475.75
518.017
518.017
518.017
518.017
518.017
720.316
720.316
720.316
720.316
720.316
284.781
284.781
284.781
284.781
284.781
489.5
489.5
489.5
489.5
489.5
415.942
415.942
415.942
415.942
415.942
622.355
622.355
622.355
622.355
622.355
600.826
600.826
600.826
600.826
600.826
608.997
608.997
608.997
608.997
608.997
666.609
666.609
666.609
666.609
666.609
636.664
636.664
636.664
636.664
636.664
676.931
676.931
676.931
676.931
676.931
332.078
332.078
332.078
332.078
332.078
447.297
447.297
447.297
447.297
447.297
603.938
603.938
603.938
603.938
603.938
459.25
459.25
459.25
459.25
459.25
592.281
592.281
592.281
592.281
592.281
650.093
650.093
650.093
650.093
650.093
479.125
479.125
479.125
479.125
479.125
433.906
433.906
433.906
433.906
433.906
477.375
477.375
477.375
477.375
477.375
282.586
282.586
282.586
282.586
282.586
586.418
586.418
586.418
586.418
586.418
499.5
499.5
499.5
499.5
499.5
548.504
548.504
548.504
548.504
548.504
655.43
655.43
655.43
655.43
655.43
593.904
593.904
593.904
593.904
593.904
363.217
363.217
363.217
363.217
363.217
645.25
645.25
645.25
645.25
645.25
364.39
364.39
364.39
364.39
364.39
622.906
622.906
622.906
622.906
622.906
279.87
279.87
279.87
279.87
279.87
163.233
163.233
163.233
163.233
163.233
566.173
566.173
566.173
566.173
566.173
521.403
521.403
521.403
521.403
521.403
718.705
718.705
718.705
718.705
718.705
477.25
477.25
477.25
477.25
477.25
654.211
654.211
654.211
654.211
654.211
599.567
599.567
599.567
599.567
599.567
401.375
401.375
401.373
401.373
401.373
211.313
211.313
211.313
211.313
211.313
463.225
463.225
463.225
463.225
463.225
440.357
440.357
440.357
440.357
440.357
555.365
555.365
555.365
555.365
555.365
576.042
576.042
576.042
576.042
576.042
711.25
711.25
711.25
711.25
711.25
670.562
670.562
670.562
670.562
670.562
197.063
197.063
197.063
197.063
197.063
442.5
442.5
442.5
442.5
442.5
566.75
566.75
566.75
566.75
566.75
640.427
640.427
640.427
640.427
640.427
769.8
769.8
769.8
769.8
769.8
524.292
524.292
524.292
524.292
524.292
373.188
373.188
373.188
373.188
373.188
389.906
389.906
389.906
389.906
389.906
508.459
508.459
508.459
508.459
508.459
456.977
456.977
456.977
456.977
456.977
473.144
473.144
473.144
473.144
473.144
523.155
523.155
523.155
523.155
523.155
512.016
512.016
512.016
512.016
512.016
301.25
301.25
301.25
301.25
301.25
621.438
621.438
621.438
621.438
621.438
381.697
381.697
381.697
381.697
381.697
538.063
538.063
538.063
538.063
538.063
627.902
627.902
627.902
627.902
627.902
583.963
583.963
583.963
583.963
583.963
620.771
620.771
620.771
620.771
620.771
354.211
354.211
354.211
354.211
354.211
545.313
545.313
545.313
545.313
545.313
299.125
299.125
299.125
299.125
299.125
539.185
539.185
539.185
539.185
539.185
688.417
688.417
688.417
688.417
688.417
380.36
380.36
380.36
380.36
380.36
566.719
566.719
566.719
566.719
566.719
457.638
457.638
457.638
457.638
457.638
415.88
415.88
415.88
415.88
415.88
510.344
510.344
510.344
510.344
510.344
616.281
616.281
616.281
616.281
616.281
502.453
502.453
502.453
502.453
502.453
491.115
491.115
491.115
491.115
491.115
632.227
632.227
632.227
632.227
632.227
491.037
491.037
491.037
491.037
491.037
559.115
559.115
559.115
559.115
559.115
519.953
519.953
519.953
519.953
519.953
506.322
506.322
506.322
506.322
506.322
308.602
308.602
308.602
308.602
308.602
412.875
412.875
412.875
412.875
412.875
487
487
487
487
487
620.321
620.321
620.321
620.321
620.321
567.32
567.32
567.32
567.32
567.32
530.02
530.02
530.02
530.02
530.02
713.635
713.635
713.635
713.635
713.635
756.15
756.15
756.15
756.15
756.15
774.366
774.366
774.366
774.366
774.366
772.782
772.782
772.782
772.782
772.782
789.519
789.519
789.519
789.519
789.519
517.623
517.623
517.623
517.623
517.623
595.447
595.447
595.447
595.447
595.447
630.172
630.172
630.172
630.172
630.172
354.277
354.277
354.277
354.277
354.277
756
756
756
756
756
652.152
652.152
652.152
652.152
652.152
250
250
250
250
250
617.029
617.029
617.029
617.029
617.029
629.41
629.41
629.41
629.41
655.57
578.568
578.568
578.568
578.568
578.568
508.338
508.338
508.338
508.338
508.338
640.15
640.15
640.15
640.15
640.15
646.061
646.061
646.061
646.061
646.061
629.055
629.055
629.055
629.055
629.055
605.002
605.002
605.002
605.002
605.002
772.426
772.426
772.426
772.426
772.426
580.181
580.181
580.181
580.181
580.181
571.42
571.42
571.42
571.42
571.42
410.285
385.57
385.57
385.57
385.57
612.601
612.601
612.601
612.601
612.601
415.625
415.625
415.625
415.625
415.625
657.688
657.688
657.688
657.688
657.688
577.938
577.938
577.938
577.938
577.938
646.061
646.061
646.061
646.061
646.061
156.392
156.392
156.392
156.392
156.392
704.599
704.599
704.599
704.599
704.599
368.869
368.869
368.869
368.869
368.869
626.785
626.785
626.785
626.785
626.785
456.955
456.955
456.955
456.955
456.955
526.184
526.184
526.184
526.184
526.184
511.582
511.582
511.582
511.582
511.582
756.668
756.668
756.668
756.668
756.668
628.454
628.454
628.454
628.454
628.454
608
608
608
608
608
702.913
702.913
702.913
702.913
702.913
479.381
479.381
479.381
479.381
479.381
592.484
592.484
592.484
592.484
592.484
625.75
625.75
625.75
625.75
625.75
461
461
461
461
461
613.688
613.688
613.688
613.688
613.688
597.934
597.934
597.934
597.934
597.934
182.465
182.465
182.465
182.465
182.465
550.36
550.36
550.36
550.36
550.36
0
0
0
0
0
548.409
548.409
548.409
548.409
548.409
471
471
471
471
471
374.281
374.281
374.281
374.281
374.281
612.193
612.193
612.193
612.193
612.193
501.133
501.133
501.133
501.133
501.133
469.631
469.631
469.631
469.631
469.631
192.813
192.813
192.813
192.813
192.813
571.527
571.527
571.527
571.527
571.527
664.129
664.129
664.129
664.129
664.129
566.904
566.904
566.904
566.904
566.904
533.185
533.185
533.185
533.185
533.185
721.174
721.174
721.174
721.174
721.174
608
608
608
608
608
670.616
670.616
670.616
670.616
670.616
356.441
356.441
356.441
356.441
356.441
629.376
629.376
629.376
629.376
629.376
646.328
646.328
646.328
646.328
646.328
481.485
481.485
481.485
481.485
481.485
473.639
473.639
473.639
473.639
473.639
715.769
715.769
715.769
715.769
715.769
510.936
510.936
510.936
510.936
510.936
392.25
392.25
392.25
392.25
392.25
584.625
584.625
584.625
584.625
584.625
416.668
416.668
416.668
416.668
416.668
317.232
317.232
317.232
317.232
317.232
591.088
591.088
591.088
591.088
591.088
422.711
422.711
422.711
422.711
422.711
544.219
544.219
544.219
544.219
544.219
480.825
480.825
480.825
480.825
480.825
539.672
539.672
539.672
539.672
539.672
544.981
544.981
544.981
544.981
544.981
507.134
507.134
507.134
507.134
507.134
417.266
417.266
417.266
417.266
417.266
542.525
542.525
542.525
542.525
542.525
559.782
559.782
559.782
559.782
559.782
644.703
644.703
644.703
644.703
644.703
587.274
587.274
587.274
587.274
587.274
289.027
289.027
289.027
289.027
289.027
705
705
705
705
705
599.95
599.95
599.95
599.95
599.95
480.875
480.875
480.875
480.875
480.875
387.026
387.026
387.026
387.026
387.026
570.16
570.16
570.16
570.16
570.16
470.914
470.914
470.914
470.914
470.914
625.216
625.216
625.216
625.216
625.216
686.225
686.225
686.225
686.225
686.225
612.568
612.568
612.568
612.568
612.568
626.269
626.269
626.269
626.269
626.269
538.264
538.264
538.264
538.264
538.264
477.563
477.563
477.563
477.563
477.563
422.063
422.063
422.063
422.063
422.063
657.23
657.23
630.711
630.711
630.711
755.5
755.5
755.5
755.5
755.5
746.953
746.953
746.953
746.953
746.953
327.218
327.218
327.218
327.218
327.218
563.574
563.574
563.574
563.574
563.574
690.708
690.708
690.708
690.708
690.708
758
758
758
758
758
277.032
277.032
277.032
277.032
277.032
571.259
571.259
571.259
571.259
571.259
398.34
398.34
398.34
398.34
398.34
466.5
466.5
466.5
466.5
466.5
502.5
502.5
502.5
502.5
502.5
362.128
362.128
362.128
362.128
362.128
230.983
230.983
230.983
230.983
230.983
189.739
189.739
189.739
189.739
189.739
644.978
644.978
644.978
644.978
644.978
671.033
671.033
671.033
671.033
671.033
227.766
227.766
227.766
227.766
227.766
668.059
668.059
668.059
668.059
668.059
624.971
624.971
624.971
624.971
624.971
577.933
577.933
577.933
577.933
577.933
685.052
685.052
685.052
685.052
685.052
634.844
634.844
634.844
634.844
634.844
329.549
329.549
329.549
329.549
329.549
254.867
254.867
254.867
254.867
254.867
413.137
413.137
413.137
413.137
413.137
428.37
428.37
428.37
428.37
428.37
520.796
520.796
520.796
520.796
520.796
434.63
434.63
434.63
434.63
434.63
733.328
733.328
733.328
733.328
733.328
581.25
581.25
581.25
581.25
581.25
654.188
654.188
654.188
654.188
654.188
670.806
670.806
670.806
670.806
670.806
422.5
422.5
422.5
422.5
422.5
696.422
696.422
696.422
696.422
696.422
561.238
561.238
561.238
561.238
561.238
492.75
492.75
492.75
492.75
492.75
549
549
549
549
549
440.932
440.932
440.932
440.932
440.932
440.75
440.75
440.75
440.75
440.75
327.826
327.826
327.826
327.826
327.826
318.436
318.436
318.436
318.436
318.436
446.393
446.393
446.393
446.393
446.393
444.813
444.813
444.813
444.813
444.813
590.843
590.843
590.843
590.843
590.843
668.438
668.438
668.438
668.438
668.438
449.021
449.021
449.021
449.021
449.021
477.971
477.971
477.971
477.971
477.971
733
733
733
733
733
543.898
543.898
543.898
543.898
543.898
633.25
633.25
633.25
633.25
633.25
496.469
496.469
496.469
496.469
496.469
431.875
431.875
431.875
431.875
431.875
628.25
628.25
628.25
628.25
628.25
533.531
533.531
533.531
533.531
533.531
553.347
554.74
554.74
554.74
554.74
307.129
307.129
307.129
307.129
307.129
419.8
419.8
419.8
419.8
419.8
707.438
707.438
707.438
707.438
707.438
683.156
694.938
694.938
694.938
694.938
480.469
480.469
480.469
480.469
480.469
614.202
614.202
614.202
614.202
614.202
395.245
395.245
395.245
395.245
395.245
438.688
438.688
438.688
438.688
438.688
507.625
507.625
507.625
507.625
507.625
448.549
448.549
448.549
448.549
448.549
444.031
444.031
444.031
444.031
444.031
176.75
176.75
176.75
176.75
176.75
449.721
449.721
449.721
449.721
449.721
506.779
506.779
506.779
506.779
506.779
597.811
597.811
597.811
597.811
597.811
558.32
558.32
558.32
558.32
558.32
449.875
449.875
449.875
449.875
449.875
470.82
470.82
470.82
470.82
470.82
581.961
581.961
581.961
581.961
581.961
677.816
677.816
677.816
677.816
677.816
715.696
715.696
715.696
715.696
715.696
507.164
507.164
507.164
507.164
507.164
411.019
411.019
411.019
411.019
411.019
481.743
481.743
481.743
481.743
481.743
418.115
418.115
418.115
418.115
418.115
627.178
627.178
627.178
627.178
627.178
478.969
478.969
478.969
478.969
478.969
381.15
381.15
381.15
381.15
381.15
366.492
366.492
366.492
366.492
366.492
602.934
602.934
602.934
602.934
602.934
565.719
565.719
565.719
565.719
565.719
251.797
251.797
251.797
251.797
251.797
528.061
528.061
528.061
528.061
528.061
646.945
646.945
646.945
646.945
646.945
539.782
539.782
539.782
539.782
539.782
508.5
508.5
508.5
508.5
508.5
668.25
668.25
668.25
668.25
668.25
470.863
470.863
470.863
470.863
470.863
548
548
548
548
548
435.35
435.366
435.366
435.366
435.366
515.407
515.407
515.407
515.407
515.407
501.672
501.672
501.672
501.672
501.672
655.125
655.125
655.125
655.125
655.125
548.772
548.772
548.772
548.772
548.772
599.6
599.6
599.6
599.6
599.6
410.851
410.851
410.851
410.851
410.851
438.967
438.967
438.967
438.967
438.967
542.778
542.778
542.778
542.778
542.778
375.786
375.786
375.786
375.786
375.786
470.063
470.063
470.063
470.063
470.063
576.09
576.09
576.09
576.09
576.09
653.172
653.172
653.172
653.172
653.172
490.578
490.578
490.578
490.578
490.578
778.376
778.376
778.376
778.376
778.376
747.559
747.559
747.559
747.559
747.559
710.939
710.939
710.939
710.939
710.939
717.347
717.347
717.347
717.347
717.347
739.565
739.565
739.565
739.565
739.565
756.812
756.812
756.812
756.812
756.812
679.754
679.754
679.754
679.754
679.754
654.73
654.73
654.73
654.73
654.73
487.057
487.057
487.057
487.057
487.057
382.527
382.527
382.527
382.527
382.527
501.035
501.035
501.035
501.035
501.035
753.219
753.219
753.219
753.219
753.219
454.844
454.844
454.844
454.844
454.844
549.414
549.414
549.414
549.414
549.414
491.601
491.601
491.601
491.601
491.601
316.908
316.908
316.908
316.908
316.908
278.658
278.658
278.658
278.658
278.658
391.891
391.891
391.891
391.891
391.891
479.391
479.391
479.391
479.391
479.391
223.5
223.5
223.5
223.5
223.5
410.125
410.125
410.125
410.125
410.125
507.5
507.5
507.5
507.5
507.5
614.781
614.781
614.781
614.781
614.781
435.264
435.264
435.264
435.264
435.264
561.754
561.754
561.754
561.754
561.754
655.837
655.837
655.837
655.837
655.837
375.397
375.397
375.397
375.397
375.397
484.094
484.094
484.094
484.094
484.094
630.75
630.75
630.75
630.75
630.75
369.732
369.732
369.732
369.732
369.732
598.29
598.29
598.29
598.29
598.29
330.416
330.416
330.416
330.416
330.416
442.792
442.792
442.792
442.792
442.792
260.418
260.418
260.418
260.418
260.418
419
419
419
419
419
512.523
512.523
512.523
512.523
512.523
348.423
348.423
348.423
348.423
348.423
556.403
556.403
556.403
556.403
556.403
256.947
256.947
256.947
256.947
256.947
588.922
588.922
588.922
588.922
588.922
434.691
434.691
434.691
434.691
434.691
254.052
254.052
254.052
254.052
254.052
618.313
618.313
618.313
618.313
618.313
147.961
147.961
147.961
147.961
147.961
594.728
594.728
594.728
594.728
594.728
310.188
310.188
310.188
310.188
310.188
372.531
372.531
372.531
372.531
372.531
680.372
680.372
680.372
680.372
680.372
609.06
609.06
609.06
609.06
609.06
291.296
291.296
291.296
291.296
291.296
520.25
520.25
520.25
520.25
520.25
534.871
534.871
534.871
534.871
534.871
695.47
695.47
695.47
695.47
695.47
517.941
517.941
517.941
517.941
517.941
474.972
474.972
474.972
474.972
474.972
546.566
546.566
546.566
546.566
546.566
712.75
712.75
712.75
712.75
712.75
579.25
579.25
579.25
579.25
579.25
370.652
370.652
370.652
370.652
370.652
607.244
607.244
607.244
607.244
607.244
658.579
658.579
658.579
658.579
658.579
569.783
569.783
569.783
569.783
569.783
366.715
366.715
366.715
366.715
366.715
552.745
552.745
552.745
552.745
552.745
533.156
533.156
533.156
533.156
533.156
576.563
576.563
576.563
576.563
576.563
561.375
561.375
561.375
561.375
561.375
513.141
513.141
513.141
513.141
513.141
446.648
446.648
446.648
446.648
446.648
365.406
365.406
365.406
365.406
365.406
385.419
385.419
385.419
385.419
385.419
466.086
466.086
466.086
466.086
466.086
495.438
495.438
495.438
495.438
495.438
748.051
727.601
727.601
727.601
727.601
481.383
481.383
481.383
481.383
481.383
700.061
700.061
700.061
700.061
700.061
273.109
273.109
273.109
273.109
273.109
695.164
695.164
695.164
695.164
695.164
699.367
699.367
699.367
699.367
699.367
485.602
485.602
485.602
485.602
485.602
546.31
546.31
546.31
546.31
546.31
557.328
557.328
557.328
557.328
557.328
570
570
570
570
570
558.531
558.531
558.531
558.531
558.531
566.855
566.855
566.855
566.855
566.855
610.5
610.5
610.5
610.5
610.5
336.641
336.641
336.641
336.641
336.641
770.447
770.447
770.447
770.447
770.447
758.855
758.855
758.855
758.855
758.855
753.31
753.31
753.31
753.31
753.31
362.462
362.462
362.399
362.399
362.399
678.3
678.3
678.3
678.3
678.3
729.745
729.745
729.752
729.752
729.752
700.76
700.76
700.76
700.76
700.76
483.076
483.076
483.076
483.076
483.076
653.313
653.313
653.313
653.313
653.313
432.677
432.677
432.677
432.677
432.677
434.774
434.774
434.774
434.774
434.774
718.636
718.636
718.636
718.636
718.636
627.793
627.75
627.75
627.75
627.75
552.984
552.984
552.984
552.984
552.984
687.355
687.355
687.355
687.355
687.355
334.552
334.552
334.552
334.552
334.552
666.525
666.525
666.525
666.525
666.525
698.666
698.667
698.667
698.667
698.667
747.197
747.197
747.197
747.197
747.197
710.622
710.622
710.622
710.622
710.622
625.149
625.149
625.149
625.149
625.149
570.252
570.252
570.252
570.252
570.252
701.766
701.766
701.766
701.766
701.766
617.828
617.828
617.828
617.828
617.828
459.175
459.175
459.175
459.175
459.175
457.576
457.576
457.576
457.576
457.576
349.25
349.25
349.25
349.25
349.25
233.156
233.156
233.156
233.156
233.156
487.498
487.498
487.498
487.498
487.498
755.268
755.268
755.268
755.268
755.268
605.735
605.735
605.735
605.735
605.735
594.938
594.938
594.938
594.938
594.938
588
588
588
588
588
489.057
489.057
489.057
489.057
489.057
582.313
582.313
582.313
582.313
582.313
448.142
448.142
448.142
448.142
448.142
547.229
547.229
547.229
547.229
547.229
415.195
415.195
415.195
415.195
415.195
482.596
482.596
482.596
482.596
482.596
242.657
242.657
242.657
242.657
242.657
568.488
568.488
568.488
568.488
568.488
584.95
584.95
584.95
584.95
584.95
583.493
583.493
583.493
583.493
583.493
278.828
278.828
278.828
278.828
387.656
314.166
314.166
314.166
314.166
314.166
558.526
558.526
558.526
558.526
558.526
550.375
550.375
550.375
550.375
550.375
528.212
528.212
528.212
528.212
528.212
611.945
611.945
611.945
611.945
611.945
522.525
522.525
522.525
522.525
522.525
582.25
582.25
582.25
582.25
582.25
429.117
429.117
429.117
429.117
429.117
606.5
606.5
606.5
606.5
606.5
461.203
461.203
461.203
461.203
461.203
415.163
415.163
415.163
415.163
415.163
613.938
613.938
613.938
613.938
613.938
711.262
711.262
711.262
711.262
711.262
625.042
625.042
625.042
625.042
625.042
427.711
427.711
427.711
427.711
427.711
399.05
399.05
399.05
399.05
399.05
452.875
452.875
452.875
452.875
452.875
599.035
599.035
599.035
599.035
599.035
410.262
410.262
410.262
410.262
410.262
684.969
684.969
684.969
684.969
684.969
354.925
354.925
354.925
354.925
354.925
659.832
659.832
659.832
659.832
659.832
558.094
558.094
558.094
558.094
558.094
468.781
468.781
468.781
468.781
468.781
665.232
665.232
665.233
665.233
665.233
382.493
382.493
382.493
382.493
382.493
578.412
578.412
578.412
578.412
578.412
250.471
250.471
250.471
250.471
250.471
124.98
124.98
124.98
124.98
124.98
722.069
722.069
722.069
722.069
722.069
624.523
624.523
624.523
624.523
624.523
461.731
461.731
461.731
461.731
461.731
192.155
192.155
192.155
192.155
192.155
603.511
603.511
603.511
603.511
603.511
657.75
657.75
657.75
657.75
657.75
514.762
514.762
514.762
514.762
514.762
472.906
472.906
472.906
472.906
472.906
422.977
422.977
422.977
422.977
422.977
585.875
585.875
585.875
585.875
585.875
633.958
633.958
633.958
633.958
633.958
336.25
336.25
336.094
336.094
336.094
468.391
468.391
468.391
468.391
468.391
669.001
669.001
669.001
669.001
669.001
247.188
247.188
247.188
247.188
247.188
360.939
360.939
360.939
360.939
360.939
576.531
576.531
576.531
576.531
576.531
527.813
527.813
527.813
527.813
527.813
603.401
603.401
603.401
603.401
603.401
586.523
586.523
586.523
586.523
586.523
295.672
295.672
295.672
295.672
295.672
627.047
627.047
627.047
627.047
627.047
500.361
500.361
500.361
500.361
500.361
435.374
435.374
435.374
435.374
435.374
432.625
432.625
432.625
432.625
432.625
491.207
491.207
491.207
491.207
491.207
355.141
355.141
355.141
355.141
355.141
534.336
534.336
534.336
534.336
534.336
567.883
567.883
567.883
567.883
567.883
437.253
437.253
437.253
437.253
437.253
419.965
419.965
419.965
419.965
419.965
456.469
456.469
456.469
456.469
456.469
761.707
761.707
761.707
761.707
761.707
390.782
390.782
390.782
390.782
390.782
626.613
626.613
626.613
626.613
626.613
651.529
651.529
651.529
651.529
651.529
548.667
548.667
548.667
548.667
548.667
561.563
561.563
561.563
561.563
561.563
490.586
490.586
490.586
490.586
490.586
606.401
606.401
606.401
606.401
606.401
499.594
499.594
499.594
499.594
499.594
642.193
642.193
642.193
642.193
642.193
701.719
701.719
701.719
701.719
701.719
524
524
524
524
524
595.242
595.242
595.242
595.242
595.242
531.581
531.581
531.581
531.581
531.581
315.17
315.17
315.17
315.17
315.17
456.763
456.763
456.763
456.763
456.763
475.174
475.174
475.174
475.174
475.174
491.578
491.578
491.578
491.578
491.578
756.008
756.008
756.008
756.008
756.008
504.57
504.57
504.57
504.57
504.57
523.625
523.625
523.625
523.625
523.625
460.596
460.596
460.596
460.596
460.596
437.625
437.625
437.625
437.625
437.625
569.569
569.569
569.569
569.569
569.569
370.266
370.266
370.266
370.266
370.266
333.731
333.731
333.731
333.731
333.731
549.68
549.68
549.68
549.68
549.68
713.536
713.536
713.536
713.536
713.536
565.172
565.172
565.172
565.172
565.172
560.048
560.048
560.048
560.048
560.048
531.344
531.344
531.344
531.344
531.344
623
623
623
623
623
475.166
475.166
475.166
475.166
475.166
545.087
545.087
545.087
545.087
545.087
715.5
715.5
715.5
715.5
715.5
642.594
642.594
642.594
642.594
642.594
607.25
607.25
607.25
607.25
607.25
537.331
537.331
537.331
537.331
537.331
575.918
575.918
575.918
575.918
575.918
704.969
704.969
704.969
704.969
704.969
490.839
490.839
490.839
490.839
490.839
641.234
641.234
641.234
641.234
641.234
665.488
665.488
665.488
665.488
665.488
445.248
445.248
445.248
445.248
445.248
621.372
621.372
621.372
621.372
666.995
540.596
540.596
540.596
540.596
540.596
646.789
646.789
646.789
646.789
646.789
696.627
696.627
696.627
696.627
696.627
551.375
551.375
551.375
551.375
551.375
678.188
678.188
678.188
678.188
678.188
542.523
542.523
542.523
542.523
542.523
721.844
721.844
721.844
721.844
721.844
421.876
421.876
421.876
421.876
421.876
434.563
434.563
434.563
434.563
434.563
393.006
393.006
393.006
393.006
393.006
462.628
462.628
462.628
462.628
462.628
315.236
315.236
315.236
315.236
315.236
588.078
588.078
588.078
588.078
588.078
218.666
218.666
218.666
218.666
218.666
591.205
591.205
591.205
591.205
591.205
500.719
500.719
500.719
500.719
500.719
429.375
429.375
429.375
429.375
429.375
502.582
502.582
502.582
502.582
502.582
565.375
565.375
565.375
565.375
565.375
568.25
568.25
568.25
568.25
568.25
571.543
571.543
571.543
571.543
571.543
734.902
734.902
734.902
734.902
734.902
549.619
549.619
549.619
549.619
549.619
453.5
453.5
453.5
453.5
453.5
614.874
614.874
614.874
614.874
614.874
271.094
271.094
271.094
271.094
271.094
597.795
597.795
597.795
597.795
597.795
444.065
444.065
444.065
444.065
444.065
391.337
391.337
391.337
391.337
391.337
338.606
338.606
338.606
338.606
338.606
523.499
523.499
523.499
523.499
523.499
583.594
583.594
583.594
583.594
583.594
759.692
759.692
759.692
759.692
759.692
724.294
724.294
724.294
724.294
724.294
681.288
681.288
681.288
681.288
681.288
633.397
633.397
633.397
633.397
633.397
410.717
410.717
410.717
410.717
410.717
407.197
407.197
407.197
407.197
407.197
449.289
449.289
449.289
449.289
449.289
599.094
599.094
599.094
599.094
599.094
554.474
554.474
554.474
554.474
554.474
357.844
357.844
357.844
357.844
357.844
622.231
622.231
622.231
622.231
622.231
441.325
441.325
441.325
441.325
441.325
591.684
591.684
591.684
591.684
591.684
460.222
460.222
460.222
460.222
460.222
355.969
355.969
355.969
355.969
355.969
450.493
450.493
450.493
450.493
450.493
406.363
406.363
406.363
406.363
406.363
587.5
587.5
587.5
587.5
587.5
562.844
562.844
562.844
562.844
562.844
737.375
737.375
737.375
737.375
737.375
167.378
167.378
167.378
167.378
308.756
748.407
748.407
748.407
748.407
748.407
520.021
520.021
520.021
520.021
520.021
315.391
315.391
315.391
315.391
315.391
437.175
437.175
437.175
437.175
437.175
472.094
472.094
472.094
472.094
472.094
759.967
759.967
759.967
759.967
759.967
496.784
496.784
496.784
496.784
496.784
472.596
472.596
472.596
472.596
472.596
439
439
439
439
439
611.5
611.5
611.5
611.5
611.5
487.414
487.414
487.414
487.414
487.414
562.447
562.447
562.447
562.447
562.447
540.824
540.824
540.824
540.824
540.824
400.012
400.012
400.012
400.012
400.012
310.438
310.438
310.438
310.438
310.438
757.784
757.784
757.784
757.784
757.784
455.343
455.343
455.343
455.343
455.343
483.16
483.16
483.16
483.16
483.16
405.11
405.11
405.11
405.11
400.22
583.432
583.432
583.432
583.432
583.432
470.625
470.625
470.625
470.625
470.625
516.303
516.303
516.303
516.303
516.303
201.5
201.5
201.5
201.5
201.5
544.569
544.569
544.569
544.569
544.569
423.962
423.962
423.962
423.962
423.962
236.77
236.77
236.77
236.77
236.77
520.071
520.071
520.071
520.071
520.071
381.099
381.099
381.099
381.099
381.099
416.227
416.227
416.227
416.227
416.227
530.625
530.625
530.625
530.625
530.625
705.75
705.75
705.75
705.75
705.75
590.819
590.819
590.819
590.819
590.819
269.688
269.688
269.688
269.688
269.688
406.765
406.765
406.765
406.765
406.765
408.711
408.711
408.711
408.711
408.711
370.289
370.289
370.289
370.289
370.289
345.355
345.355
345.355
345.355
345.355
400.824
400.824
400.824
400.824
400.824
746.363
746.363
746.363
746.363
746.363
433.094
433.094
433.094
433.094
433.094
536.768
536.768
536.768
536.768
536.768
455.656
455.656
455.656
455.656
455.656
437.516
437.516
437.516
437.516
437.516
644.113
644.113
644.113
644.113
644.113
549.49
549.49
549.49
549.49
549.49
528.445
528.445
528.445
528.445
528.445
588.297
588.297
588.297
588.297
588.297
456.037
456.037
456.037
456.037
456.037
599.693
599.693
599.693
599.693
599.693
575.375
575.375
575.375
575.375
575.375
645.896
645.896
645.896
645.896
645.896
735.256
735.256
735.256
735.256
735.256
518.706
518.706
518.706
518.706
518.706
344.688
344.688
344.688
344.688
344.688
659.023
659.023
659.023
659.023
659.023
166.099
166.099
166.099
166.099
166.099
513.305
513.305
513.305
513.305
513.305
662.557
662.557
662.557
662.557
662.557
566.95
566.95
566.95
566.95
566.95
504.605
504.605
504.605
504.605
504.605
520.639
520.639
520.639
520.639
520.639
588.279
588.279
588.279
588.279
588.279
528.677
528.677
528.677
528.677
528.677
662.095
662.095
662.095
662.095
662.095
496.578
496.578
496.578
496.578
496.578
522.281
522.281
522.281
522.281
522.281
651.984
651.984
651.984
651.984
651.984
690.267
690.267
690.267
690.267
690.267
265.828
265.828
265.828
265.828
330.656
246.295
246.295
246.295
246.295
246.295
656
656
656
656
656
727.82
727.82
727.82
727.82
727.82
652.342
652.342
652.342
652.342
652.342
593.26
593.26
593.26
593.26
593.26
555.625
555.625
555.625
555.625
555.625
417.037
417.037
417.037
417.037
417.037
583.261
583.261
583.261
583.261
583.261
362.88
362.88
362.88
362.88
362.88
300.572
300.572
300.572
300.572
300.572
349.941
349.941
349.941
349.941
349.941
271.016
271.016
271.016
271.016
271.016
659.944
659.944
659.944
659.944
659.944
527.469
527.469
527.469
527.469
527.469
371.939
371.939
371.939
371.939
371.939
562.951
562.951
562.951
562.951
562.951
740.438
740.438
740.438
740.438
740.438
512.268
512.268
512.268
512.268
512.268
643.625
643.625
643.625
643.625
643.625
698.195
698.195
698.195
698.195
698.195
527.145
527.145
527.145
527.145
527.145
511.75
511.75
511.75
511.75
511.75
571.805
571.805
571.805
571.805
571.805
665.172
665.172
665.172
665.172
665.172
544.775
544.775
544.775
544.775
544.775
569.75
569.75
569.75
569.75
569.75
361.938
361.938
361.938
361.938
361.938
572.45
572.45
572.45
572.45
572.45
735.828
735.828
735.828
735.828
735.828
363.403
363.403
363.403
363.403
363.403
627.388
627.388
627.388
627.388
627.388
581.563
581.563
581.563
581.563
581.563
568.803
568.803
568.803
568.803
568.803
559.987
559.987
559.987
559.987
559.987
760.79
760.79
760.79
760.79
760.79
669.359
669.359
669.359
669.359
669.359
517.031
517.031
517.031
517.031
517.031
181.305
181.305
181.305
181.305
181.305
427.113
427.113
427.113
427.113
427.113
270.394
270.394
270.394
270.394
270.394
684.532
684.532
684.532
684.532
684.532
536.375
536.375
536.375
536.375
536.375
639.081
639.081
639.081
639.081
639.081
565.427
565.427
565.427
565.427
565.427
519.275
519.275
519.275
519.275
519.275
487.036
487.036
487.036
487.036
487.036
514.75
514.75
514.75
514.75
514.75
551.805
551.805
551.805
551.805
551.805
368.848
368.848
368.848
368.848
368.848
0
