0
0
0
0
209.656
209.656
209.656
209.656
209.656
501.088
501.088
501.088
501.088
501.088
488.168
488.168
488.168
488.168
488.168
480.7
480.7
480.7
480.7
480.7
454.792
454.792
454.792
454.792
454.792
624.438
624.438
624.438
624.438
624.438
694.244
694.244
694.244
694.244
694.244
540.75
540.75
540.75
540.75
540.75
320.907
320.907
320.907
320.907
320.907
750.063
750.063
750.063
750.063
750.063
370.507
370.507
370.507
370.507
370.507
517.365
517.365
517.365
517.365
517.365
522.013
522.013
522.013
522.013
522.013
378.902
378.902
378.902
378.902
378.902
377.305
377.305
377.305
377.305
377.305
637
637
637
637
637
462.412
462.412
462.412
462.412
462.412
353.287
353.287
353.287
353.287
353.287
686.898
686.898
686.898
686.898
686.898
657
657
657
657
657
575.398
575.398
575.398
575.398
575.398
521.537
521.537
521.537
521.537
521.537
510.499
510.499
510.499
510.499
510.499
609.367
609.367
609.367
609.367
609.367
683.046
683.046
683.046
683.046
683.046
535.066
535.066
535.066
535.066
535.066
321.454
321.454
321.454
321.454
321.454
588.457
588.457
588.457
588.457
588.457
533.063
533.063
533.063
533.063
533.063
611.902
611.902
611.902
611.902
611.902
385.597
385.597
385.597
385.597
385.597
631.698
631.698
631.698
631.698
631.698
554.136
554.136
554.136
554.136
554.136
509.376
509.376
509.376
509.376
509.376
484.133
484.133
484.133
484.133
484.133
661.129
661.129
661.129
661.129
661.129
586.298
586.298
586.298
586.298
586.298
607.489
607.489
607.489
607.489
607.489
333.172
333.172
333.172
333.172
333.172
616.621
616.621
616.621
616.621
616.621
521.816
521.816
521.816
521.816
521.816
665.746
665.746
665.746
665.746
665.746
639.29
639.29
639.29
639.29
639.29
476.094
476.094
476.094
476.094
476.094
290.234
290.234
290.234
290.234
290.234
658.503
658.503
658.503
658.503
658.503
559.861
559.861
559.861
559.861
559.861
629.92
629.92
629.92
629.92
629.92
199.094
199.094
199.094
199.094
199.094
638.18
638.18
638.18
638.18
638.18
604.25
604.25
604.25
604.25
604.25
426.362
426.362
426.362
426.362
426.362
406.742
406.742
406.742
406.742
406.742
528.632
526.14
526.14
526.14
526.14
662.009
662.009
662.009
662.009
662.009
554.456
554.456
554.456
554.456
554.456
585.332
585.332
585.332
585.332
585.332
454.75
454.75
454.75
454.75
454.75
486.055
486.055
486.055
486.055
486.055
254.692
254.692
254.692
254.692
254.692
646.005
646.005
646.005
646.005
646.005
338.891
338.891
338.891
338.891
338.891
518.623
518.623
518.623
518.623
518.623
616.012
616.012
616.012
616.012
616.012
423.066
423.066
423.066
423.066
423.066
296.249
296.249
296.249
296.249
296.249
569.452
569.452
569.452
569.452
569.452
415.52
415.52
415.52
415.52
415.52
631.429
631.429
631.429
631.429
631.429
423.125
423.125
423.125
423.125
423.125
514.45
514.45
514.45
514.45
514.45
610.877
610.877
610.877
610.877
610.877
289.816
289.816
289.816
289.816
289.816
584.744
584.744
584.744
584.744
584.744
609.297
609.297
609.297
609.297
609.297
284.313
284.313
284.313
284.313
284.313
453.422
453.422
453.422
453.422
453.422
423.188
423.188
423.188
423.188
423.188
407.63
407.63
407.63
407.63
407.63
403.163
403.163
403.163
403.163
403.163
613.902
613.902
613.902
613.902
613.902
681.024
681.024
681.024
681.024
681.024
720.802
720.802
720.802
720.802
720.802
340.599
340.599
340.599
340.599
340.599
425.61
425.61
425.61
425.61
425.61
541.386
541.386
541.386
541.386
541.386
287.328
287.328
287.328
287.328
287.328
426.965
426.965
426.965
426.965
426.965
490.38
490.38
490.38
490.38
490.38
542.441
542.441
542.441
542.441
542.441
702.156
702.156
702.156
702.156
702.156
132.29
132.29
132.29
132.29
132.29
681.614
681.614
681.614
681.614
681.614
375.09
375.09
375.09
375.09
375.09
483.875
483.875
483.875
483.875
483.875
634.285
634.285
634.285
634.285
634.285
696.883
696.883
696.883
696.883
696.883
372.516
372.516
372.516
372.516
372.516
481.33
481.33
481.33
481.33
481.33
369.891
369.891
369.891
369.891
369.891
235.844
235.844
235.844
235.844
235.844
612.631
612.631
612.631
612.631
612.631
643.478
643.478
643.478
643.478
643.478
284.323
284.323
284.323
284.323
284.323
490.293
490.293
490.293
490.293
490.293
544.017
544.017
544.017
544.017
544.017
657.594
657.594
657.594
657.594
657.594
406.813
406.813
406.813
406.813
406.813
706.5
706.5
706.5
706.5
706.5
631.296
631.295
631.295
631.295
631.295
704.959
705.157
705.157
705.157
705.157
736.807
736.807
736.807
736.807
736.807
474.813
474.813
474.813
474.813
474.813
610.511
610.511
610.511
610.511
610.511
668.256
668.256
668.256
668.256
668.256
634.874
634.874
634.874
634.874
634.874
639.988
639.988
639.988
639.988
639.988
402.609
402.609
402.609
402.609
402.609
711.5
711.5
711.5
711.5
711.5
543.53
543.53
543.53
543.53
543.53
368.315
368.315
368.315
368.315
368.315
439.698
439.698
439.698
439.698
439.698
395.759
395.759
395.759
395.759
395.759
379.688
379.688
379.688
379.688
379.688
702.287
702.287
702.287
702.287
702.287
619.344
619.344
619.344
619.344
619.344
475.84
475.84
475.84
475.84
475.84
501.756
501.756
501.756
501.756
501.756
684
684
684
684
684
713.565
713.565
713.565
713.565
713.565
591.5
591.5
591.5
591.5
591.5
514.094
514.094
514.094
514.094
514.094
414
414
414
414
414
533.248
533.248
533.248
533.248
533.248
608.674
608.674
608.674
608.674
608.674
616.76
616.76
616.76
616.76
616.76
627.557
627.557
627.557
627.557
627.557
697.477
697.477
697.477
697.477
697.477
337.754
337.754
337.754
337.754
337.754
427.344
427.344
427.344
427.344
427.344
744.375
744.375
744.375
744.375
744.375
747.435
747.435
747.435
747.435
747.435
363.739
363.739
363.739
363.739
363.739
380.406
380.406
380.406
380.406
380.406
453.25
453.25
453.25
453.25
453.25
528.224
528.224
528.224
528.224
528.224
627.5
627.5
627.5
627.5
627.5
289.847
289.847
289.847
289.847
289.847
649.383
649.383
649.383
649.383
649.383
491.709
491.709
491.709
491.709
491.709
465.339
465.339
465.339
465.339
465.339
651.172
651.172
651.172
651.172
651.172
234.594
234.594
234.594
234.594
234.594
527.666
527.666
527.666
527.666
527.666
350.375
350.375
350.375
350.375
350.375
556.636
556.636
556.636
556.636
556.636
507.931
507.931
507.931
507.931
507.931
745.656
745.656
745.656
745.656
745.656
650.225
650.225
650.225
650.225
650.225
450.346
450.346
450.346
450.346
450.346
499.625
499.625
499.625
499.625
499.625
485.963
485.963
485.963
485.963
485.963
520
520
520
520
520
489.512
489.512
489.512
489.512
489.512
456.844
456.844
456.844
456.844
456.844
700.593
700.593
700.593
700.593
700.593
562.787
562.787
562.787
562.787
562.787
359.785
359.785
359.785
359.785
359.785
581.207
581.207
581.207
581.207
581.207
411.787
411.787
411.787
411.787
411.787
297.386
297.386
297.386
297.386
297.386
534.235
534.235
534.235
534.235
534.235
461.332
461.332
461.332
461.332
461.332
466.728
466.728
466.728
466.728
466.728
614.844
614.844
614.844
614.844
614.844
342.063
342.063
342.063
342.063
342.063
452.391
452.391
452.391
452.391
452.391
671.301
671.301
671.301
671.301
671.301
299.736
299.736
299.736
299.736
299.736
468.75
468.75
468.75
468.75
468.75
392.719
392.719
392.719
392.719
392.719
338.115
338.115
338.115
338.115
338.115
780.063
780.063
780.063
780.063
780.063
487.266
487.266
487.266
487.266
487.266
640.659
640.659
640.659
640.659
640.659
345.037
345.037
345.037
345.037
345.037
724.982
724.982
724.982
724.982
724.982
552.984
552.984
552.984
552.984
552.984
660.705
660.705
660.705
660.705
660.705
737.375
737.375
737.375
737.375
737.375
258.931
258.931
258.931
258.931
258.931
423.641
423.641
423.641
423.641
423.641
455.57
455.57
455.57
455.57
455.57
382.949
382.949
382.946
382.946
382.946
739.057
739.057
739.057
739.057
739.057
675.582
675.582
675.582
675.582
675.582
649.5
649.5
649.5
649.5
649.5
549.561
549.561
549.561
549.561
549.561
519.236
519.236
519.236
519.236
519.236
409.305
409.305
409.305
409.305
409.305
505.868
505.868
505.868
505.868
505.868
584.438
584.438
584.438
584.438
584.438
676.244
676.244
676.244
676.244
676.244
149.102
149.102
149.102
149.102
149.102
418.31
418.31
418.31
418.31
418.31
462.93
462.93
462.93
462.93
462.93
228.325
228.325
228.325
228.325
228.325
690.739
690.739
690.739
694.666
694.666
560.762
560.762
560.762
560.762
560.762
705.387
705.387
705.387
705.387
705.387
734.066
734.066
734.066
734.066
734.066
534.014
534.014
534.014
534.014
534.014
441.223
441.223
441.223
441.223
441.223
385.16
385.16
385.16
385.16
385.16
480.503
480.503
480.503
480.503
480.503
394.05
394.05
394.05
394.05
394.05
616.487
616.487
616.487
616.487
616.487
304.733
304.733
304.733
304.733
304.733
370.583
370.583
370.583
370.583
370.583
326.848
326.848
326.848
326.848
326.848
510.953
510.953
510.953
510.953
510.953
326.075
326.075
326.075
326.075
326.075
574.604
574.604
574.604
574.604
574.604
586.832
586.832
586.832
586.832
586.832
409.495
409.495
409.495
409.495
409.495
562.84
562.84
562.84
562.84
562.84
607.945
607.945
607.945
607.945
607.945
544.611
544.611
544.611
544.611
544.611
692.77
692.77
692.77
692.77
692.77
393.733
393.733
393.733
393.733
393.733
487
487
487
487
487
416.954
416.954
416.954
416.954
416.954
717.063
717.063
717.063
717.063
717.063
624.477
624.477
624.477
624.477
624.477
581.119
581.119
581.119
581.119
581.119
510.957
510.957
510.957
510.957
510.957
489.063
489.063
489.063
489.063
489.063
589.345
589.345
589.345
589.345
589.345
455.135
455.135
455.135
455.135
455.135
430.997
430.997
430.997
430.997
430.997
247.117
247.117
247.117
247.117
247.117
487.313
487.313
487.313
487.313
487.313
494.35
494.35
494.35
494.35
494.35
664.492
664.492
664.492
664.492
664.492
616.719
616.719
616.719
616.719
616.719
397.992
397.992
397.992
397.992
397.992
647.255
647.255
647.255
647.255
647.255
674.313
674.313
674.313
674.313
674.313
288.25
288.25
288.25
288.25
288.25
452.061
452.061
452.061
452.061
452.061
351.363
351.363
351.363
351.363
351.363
591.938
591.938
591.938
591.938
591.938
548.031
548.031
548.031
548.031
548.031
594.489
594.489
594.489
594.489
594.489
459.439
459.439
459.439
459.439
459.439
650.848
650.848
650.848
650.848
650.848
613.871
613.871
613.871
613.871
613.871
417.531
417.531
417.531
417.531
417.531
508.75
508.75
508.75
508.75
508.75
374.219
374.219
374.219
374.219
374.219
721.111
721.111
721.111
721.111
721.111
264.563
264.563
264.563
264.563
264.563
531.414
531.414
531.414
531.414
531.414
638.918
638.918
638.918
638.918
638.918
615.358
615.358
615.358
615.358
615.358
546.345
546.345
546.345
546.345
546.345
377.977
377.977
377.977
377.977
377.977
336.63
336.63
336.63
336.63
336.63
461.825
461.825
461.825
461.825
461.825
667.755
667.755
667.755
667.755
667.755
733.855
733.855
733.855
733.855
733.855
404.891
404.891
404.891
404.891
404.891
356.787
356.787
356.787
356.787
356.787
584.875
584.875
584.875
584.875
584.875
370.746
370.746
370.746
370.746
370.746
573.891
573.891
573.891
573.891
573.891
665.391
665.391
665.391
665.391
665.391
694
694
694
694
694
568.094
568.094
568.094
568.094
568.094
572.17
572.17
572.17
572.17
572.17
374.5
374.5
374.5
374.5
374.5
675.063
675.063
675.063
675.063
675.063
438.934
438.934
438.934
438.934
438.934
539.105
539.105
539.105
539.105
539.105
424.724
424.724
424.724
424.724
424.724
541.734
541.734
541.734
541.734
541.734
559.085
559.085
559.085
559.085
559.085
425.025
425.025
425.025
425.025
425.025
431.746
431.746
431.746
431.746
431.746
650.75
650.75
650.75
650.75
650.75
699.273
699.273
699.273
699.273
699.273
696.137
648.773
648.773
648.773
648.773
594.25
594.25
594.25
594.25
594.25
488.514
488.514
488.514
488.514
488.514
542.383
542.383
542.383
542.383
542.383
239.441
239.441
239.441
239.441
239.441
478.688
478.688
478.688
478.688
478.688
620.324
620.324
620.324
620.324
620.324
368.914
368.914
368.914
368.914
368.914
579.375
579.375
579.375
579.375
579.375
687.153
687.153
687.153
687.153
687.153
634.191
634.191
634.191
634.191
634.191
389.25
389.25
389.25
389.25
389.25
527.344
527.344
527.344
527.344
527.344
543.962
543.962
543.962
543.962
543.962
672.043
672.043
672.043
672.043
672.043
471.521
471.521
575.043
575.043
575.043
627.875
627.875
627.875
627.875
627.875
664.719
664.719
664.719
664.719
664.719
315.617
315.617
315.617
315.617
315.617
445.937
445.937
445.937
445.937
445.937
527.56
527.56
527.56
527.56
527.56
247.891
247.891
247.891
247.891
247.891
578.656
578.656
578.656
578.656
578.656
695.693
695.693
695.693
695.693
695.693
735.095
735.095
735.095
735.095
735.095
477.307
477.307
477.307
477.307
477.307
544.794
544.794
544.794
544.794
544.794
599.504
599.148
599.148
599.148
599.148
333.106
333.106
333.106
333.106
333.106
586.098
586.098
586.098
586.098
586.098
555
555
555
555
555
695.938
695.938
695.938
695.938
695.938
620.953
620.953
620.953
620.953
620.953
489.04
489.04
489.04
489.04
489.04
731.65
731.65
731.65
731.65
731.65
484.832
484.832
484.832
484.832
484.832
462.157
462.157
462.157
462.157
462.157
428.172
428.172
428.172
428.172
428.172
477.013
477.013
477.013
477.013
477.013
659.648
659.648
659.648
659.648
659.648
726.813
726.813
726.813
726.813
726.813
472.103
472.103
472.103
472.103
472.103
489.978
489.978
489.978
489.978
489.978
394.189
394.189
394.189
394.189
394.189
656.971
656.971
656.971
656.971
656.971
500.622
500.622
500.622
500.622
500.622
539.316
539.316
539.316
539.316
539.316
558.125
558.125
558.125
558.125
558.125
325.529
325.529
325.529
325.529
325.529
587.75
587.75
587.75
587.75
587.75
637.179
637.179
637.179
637.179
637.179
628.547
628.547
628.547
628.547
628.547
440.368
440.368
440.368
440.368
440.368
564.25
564.25
564.25
564.25
564.25
473.134
473.134
473.134
473.134
473.134
300.527
300.527
300.527
300.527
300.527
273.165
273.165
273.165
273.165
273.165
612.785
612.785
612.785
612.785
612.785
585.457
585.457
585.457
585.457
585.457
602.922
602.922
602.922
602.922
602.922
630.609
630.609
630.609
630.609
630.609
688.14
688.14
688.14
688.14
688.14
390.882
390.882
390.882
390.882
390.882
506.102
506.102
506.102
506.102
506.102
591.563
591.563
591.563
591.563
591.563
479.961
479.961
479.961
479.961
479.961
582.632
582.632
582.632
582.632
582.632
747.626
747.626
747.626
747.626
747.626
625.626
625.626
625.626
625.626
625.626
374.098
374.098
374.098
374.098
374.098
459.256
459.256
459.256
459.256
459.256
682.375
682.375
682.375
682.375
682.375
650.956
650.956
650.956
650.956
650.956
431.739
431.739
431.739
431.739
431.739
634.719
634.719
634.719
634.719
634.719
687.919
687.919
687.919
687.919
687.919
493.151
492.989
492.989
492.989
492.989
552.599
552.599
552.599
552.599
552.599
496.649
496.649
496.649
496.649
496.649
698.117
698.117
698.117
698.117
698.117
619.047
619.047
619.047
619.047
619.047
345.736
345.736
345.736
345.736
345.736
584.523
584.523
584.523
584.523
584.523
670.436
670.436
670.436
670.436
670.436
516.429
516.429
516.429
516.429
516.429
625.938
625.938
625.938
625.938
625.938
474.491
474.491
474.491
474.491
474.491
400.833
400.833
400.833
400.833
400.833
524.564
524.564
524.564
524.564
524.564
619.552
619.552
619.552
619.552
619.552
634.257
634.257
634.257
634.257
634.257
747.692
747.692
747.692
747.692
747.692
729.83
729.83
729.83
729.83
729.83
756.57
756.57
756.57
756.57
756.57
545.076
545.076
545.076
545.076
545.076
622.109
622.109
622.109
622.109
622.109
415.461
415.461
415.461
415.461
415.461
544.137
544.137
544.137
544.137
544.137
594.5
594.5
594.5
594.5
594.5
547.261
547.261
547.261
547.261
547.261
350.721
350.721
350.721
350.721
350.721
568.18
568.18
568.18
568.18
568.18
560.632
560.632
560.632
560.632
560.632
477.381
477.381
477.381
477.381
477.381
597.66
597.66
597.66
597.66
597.66
637.086
637.086
637.086
637.086
637.086
749.78
749.78
749.78
749.78
749.78
428.41
428.41
428.41
428.41
428.41
178.256
178.256
178.256
178.256
178.256
472.2
472.2
472.2
472.2
472.2
173.662
173.662
173.662
173.662
173.662
422.88
422.88
422.88
422.88
422.88
180
180
180
180
180
442.5
442.5
442.5
442.5
442.5
644.086
644.086
644.086
644.086
644.086
638.923
638.923
638.923
638.923
638.923
665.531
665.531
665.531
665.531
665.531
387.75
387.75
387.75
387.75
387.75
519.094
519.094
519.094
519.094
519.094
406.106
406.106
406.106
406.106
406.106
476.801
476.801
476.801
476.801
476.801
474.781
474.781
474.781
474.781
474.781
592.285
592.285
592.285
592.285
592.285
303.5
303.5
303.5
303.5
303.5
674.203
674.203
674.203
674.203
674.203
493.313
493.313
493.313
493.313
493.313
565.111
565.111
565.111
565.111
565.111
263.596
263.596
263.596
263.596
263.596
479.133
479.133
479.133
479.133
479.133
561.5
561.5
561.5
561.5
561.5
487.219
487.219
487.219
487.219
487.219
691.294
691.294
691.294
691.294
691.294
707.719
707.719
707.719
707.719
707.719
536.448
536.448
536.448
536.448
536.448
576.328
576.328
576.328
576.328
576.328
538.813
538.813
538.813
538.813
538.813
382.813
382.813
382.813
382.813
382.813
586
586
586
586
586
629.5
629.5
629.5
629.5
629.5
696.506
696.506
696.506
696.506
696.506
510.546
510.546
510.546
510.546
510.546
337.087
337.087
337.087
337.087
337.087
322.417
322.417
322.417
322.417
322.417
588.074
588.074
588.074
588.074
588.074
360.252
360.252
360.252
360.252
360.252
492.085
492.085
492.085
492.085
492.085
353.844
353.844
353.844
353.844
353.844
588.323
588.323
588.323
588.323
588.323
202.5
202.5
202.5
202.5
202.5
340.3
340.3
340.3
340.3
340.3
461.262
461.262
461.262
461.262
461.262
621.281
621.281
621.281
621.281
621.281
411.906
411.906
411.906
411.906
411.906
338.5
338.5
338.5
338.5
338.5
538
538
538
538
538
465.391
465.391
465.391
465.391
465.391
632.081
632.081
632.081
632.081
632.081
545.332
545.332
545.332
545.332
545.332
197.484
197.484
197.484
197.484
197.484
729.914
729.914
729.914
729.914
729.914
674.201
674.201
674.201
674.201
674.201
509.228
509.228
509.228
509.228
509.228
692.063
692.063
692.063
692.063
692.063
290.499
290.499
290.499
290.499
290.499
580.785
580.785
580.785
580.785
580.785
531
531
531
531
531
616.875
616.875
616.875
616.875
616.875
569.961
569.961
569.961
569.961
569.961
283.584
283.584
283.584
283.584
283.584
552.188
552.188
552.188
552.188
552.188
534.464
534.464
534.464
534.464
534.464
563.125
563.125
563.125
563.125
563.125
508.33
508.33
508.33
508.33
508.33
699.004
699.004
699.004
699.004
699.004
494.182
494.182
494.182
494.182
494.182
657.43
657.43
657.43
657.43
657.43
557.038
557.038
557.038
557.038
557.038
695.689
695.689
695.689
695.689
695.689
572.016
572.016
572.016
572.016
572.016
512.299
512.299
512.299
512.299
512.299
749
749
749
749
749
397.332
397.332
397.332
397.332
397.332
659.341
659.341
659.341
659.341
659.341
400.159
400.159
400.159
400.159
400.159
766.074
766.074
766.074
766.074
766.074
675.262
675.262
675.262
675.262
675.262
448.957
448.957
448.957
448.957
448.957
289.749
289.749
289.749
289.749
289.749
645.75
645.75
645.75
645.75
645.75
377.484
377.484
377.484
377.484
377.484
581.606
581.606
581.606
581.606
581.606
668.122
668.122
668.122
668.122
668.122
697.732
697.732
697.732
697.732
697.732
318.688
318.688
318.688
318.688
318.688
505.068
505.068
505.068
505.068
505.068
630.181
630.181
630.181
630.181
630.181
167.876
167.876
167.876
167.876
167.876
380.535
380.535
380.535
380.535
380.535
282.563
282.563
282.563
282.563
282.563
663.413
663.413
663.413
663.413
663.413
704.685
704.685
704.685
704.685
704.685
530.334
530.334
530.334
530.334
530.334
514.397
514.397
514.397
514.397
514.397
526.578
526.578
526.578
526.578
526.578
141.5
141.5
141.5
141.5
141.5
678
678
678
678
678
189.437
189.437
189.437
189.437
189.437
717.154
717.154
717.154
717.154
717.154
609.223
609.223
609.223
609.223
609.223
654.89
654.89
654.89
654.89
654.89
706.697
706.697
706.697
706.697
706.697
581.529
581.529
581.529
581.529
581.529
423.656
423.656
423.656
423.656
423.656
576.914
576.914
576.914
576.914
576.914
475.486
475.486
475.486
475.486
475.486
608.125
608.125
608.125
608.125
608.125
417.542
417.542
417.542
417.542
417.542
549.913
549.913
549.913
549.913
549.913
580.627
580.627
580.627
580.627
580.627
679.641
679.641
679.641
679.641
679.641
567.283
567.283
567.283
567.283
567.283
659.5
659.5
659.5
659.5
659.5
470.633
470.633
470.633
470.633
470.633
170.664
170.664
170.664
170.664
170.664
545.439
545.439
545.439
545.439
545.439
727.551
727.551
727.551
727.551
727.551
634.844
634.844
634.844
634.844
634.844
500.143
500.143
500.143
500.143
500.143
368.709
368.709
368.709
368.709
368.709
725.25
725.25
725.25
725.25
725.25
258.811
258.811
258.811
258.811
258.811
592.267
592.267
592.267
592.267
592.267
523.393
523.393
523.393
523.393
523.393
248.383
248.383
248.383
248.383
248.383
533.476
533.476
533.476
533.476
533.476
431.06
431.06
431.06
431.06
431.06
281.416
281.416
281.416
281.416
281.416
667.943
667.943
667.943
667.943
667.943
604.949
604.949
604.949
604.949
604.949
692.572
692.572
692.572
692.572
692.572
343.625
343.625
343.625
343.625
343.625
404.016
404.016
404.016
404.016
404.016
634.523
634.523
634.523
634.523
634.523
663.867
663.867
663.867
663.867
663.867
396.625
396.625
396.625
396.625
396.625
467.192
467.192
467.192
467.192
467.192
677.174
677.174
677.174
677.174
677.174
581.292
581.292
581.292
581.292
581.292
485.676
485.676
485.676
485.676
485.676
392.053
392.053
392.053
392.053
392.053
550.781
550.781
550.781
550.781
550.781
201.75
201.75
201.75
201.75
201.75
553.957
553.957
553.957
553.957
553.957
545.234
545.234
545.234
545.234
545.234
485
485
485
485
485
665.164
665.164
665.164
665.164
665.164
741
741
741
741
741
619.878
619.878
619.878
619.878
619.878
605.885
605.885
605.885
605.885
605.885
532.719
532.719
532.719
532.719
532.719
568.75
568.75
568.75
568.75
568.75
461.748
461.748
461.748
461.748
461.748
372.39
372.39
372.39
372.39
372.39
537.25
537.25
537.25
537.25
537.25
470.563
470.563
470.563
470.563
470.563
658.34
658.34
658.34
658.34
658.34
365.062
365.062
365.062
365.062
365.062
291.205
291.205
291.205
291.205
291.205
417.93
417.93
417.93
417.93
417.93
570.447
570.447
570.447
570.447
570.447
424.738
424.738
424.691
424.691
424.691
432.396
432.396
432.396
432.396
432.396
402.336
402.336
402.336
402.336
402.336
146.372
146.372
146.372
146.372
146.372
392.015
392.015
392.015
392.015
392.015
565.172
565.172
565.172
565.172
565.172
589.887
589.887
589.887
589.887
589.887
323.748
323.748
323.748
323.748
323.748
355.822
355.822
355.822
355.822
355.822
349.031
349.031
349.031
349.031
349.031
423.852
423.852
423.852
423.852
423.852
628.628
628.628
628.628
628.628
628.628
376.5
376.5
376.5
376.5
376.5
664.661
664.661
664.661
664.661
664.661
502.75
502.75
502.75
502.75
502.75
543.24
543.24
543.24
543.24
543.24
592.188
592.188
592.188
592.188
592.188
318.875
318.875
318.875
318.875
318.875
601.328
601.328
601.328
601.328
601.328
528.746
528.746
528.746
528.746
528.746
444.436
444.436
444.436
444.436
444.436
579.793
579.793
579.793
579.793
579.793
421.445
421.445
421.445
421.445
421.445
684.02
684.02
684.02
684.02
684.02
459.766
459.766
459.766
459.766
459.766
369.058
369.058
369.058
369.058
369.058
492.621
492.621
492.621
492.621
492.621
437.148
437.148
437.148
437.148
437.148
330.248
330.248
330.248
330.248
330.248
595.777
595.777
595.777
595.777
595.777
720.281
720.281
720.281
720.281
720.281
706.477
706.477
706.477
706.477
706.477
526.068
526.068
526.068
526.068
526.068
547.372
547.372
547.372
547.372
547.372
335.413
335.413
335.413
335.413
335.413
493.875
493.875
493.875
493.875
493.875
598.373
598.373
598.373
598.373
598.373
686.969
686.969
686.969
686.969
686.969
470.682
470.682
470.682
470.682
470.682
539.5
539.5
539.5
539.5
539.5
592.441
592.441
592.441
592.441
592.441
557.965
557.965
557.965
557.965
557.965
615.204
615.204
615.204
615.204
615.204
542.219
542.219
542.219
542.219
542.219
532.082
532.082
532.082
532.082
532.082
475.469
475.469
475.469
475.469
475.469
417.063
417.063
417.063
417.063
417.063
457.17
457.17
457.17
457.17
457.17
609.406
609.406
609.406
609.406
609.406
650.301
650.301
650.301
650.301
650.301
228.379
228.379
228.379
228.379
228.379
419.819
419.819
419.819
419.819
419.819
544.449
544.449
544.449
544.449
544.449
254.676
254.676
254.676
254.676
254.676
362.75
362.75
362.75
362.75
362.75
459.322
459.322
459.322
459.322
459.322
632.32
632.32
632.32
632.32
632.32
335.5
335.5
335.5
335.5
335.5
586.844
586.844
586.844
586.844
586.844
573.285
573.285
573.285
573.285
573.285
730.736
730.736
730.736
730.736
730.736
718.599
718.599
718.599
718.599
718.599
383.058
383.058
383.058
383.058
383.058
492.408
492.408
492.408
492.408
492.408
595.222
595.222
595.222
595.222
595.222
419.75
419.75
419.75
419.75
419.75
472.283
472.283
472.283
472.283
472.283
535.438
535.438
535.438
535.438
535.438
457.8
456.6
456.6
456.6
456.6
461.07
461.07
461.07
461.07
461.07
357.422
357.422
357.422
357.422
357.422
397.038
397.038
397.038
397.038
397.038
594.234
594.234
594.234
594.234
594.234
585.625
585.625
585.625
585.625
585.625
464.008
464.008
464.008
464.008
464.008
601.066
601.066
601.066
601.066
601.066
395.757
395.757
395.757
395.757
395.757
696.688
696.688
696.688
696.688
696.688
604.347
604.347
604.347
604.347
604.347
331.922
331.922
331.922
331.922
331.922
600.809
600.809
600.809
600.809
600.809
326.715
326.715
326.715
326.715
326.715
679.402
679.402
679.402
679.402
679.402
482
482
482
482
482
445.683
445.683
442.741
442.741
442.741
388.875
388.875
388.875
388.875
388.875
495.438
495.438
495.438
495.438
495.438
696.123
696.123
696.123
696.123
696.123
558.981
558.981
558.981
558.981
558.981
296.718
296.718
296.718
296.718
296.718
445.688
445.688
445.688
445.688
445.688
645.922
645.922
645.922
645.922
645.922
660.547
660.547
660.547
660.547
660.547
350.141
350.141
350.141
350.141
433.283
610.696
610.696
610.696
610.696
610.696
382.644
382.644
382.644
382.644
382.644
410.852
410.852
410.852
410.852
410.852
623.663
623.663
623.663
623.663
623.663
468
468
468
468
468
447.063
447.063
447.063
447.063
447.063
390.008
390.008
390.008
390.008
390.008
664.961
664.961
664.961
664.961
664.961
420.75
420.75
420.75
420.75
420.75
600.649
600.649
600.649
600.649
600.649
695.938
695.938
695.938
695.938
695.938
291.141
291.141
291.141
291.141
291.141
535.454
535.454
535.454
535.454
535.454
627.585
627.585
627.585
627.585
627.585
621.127
621.442
621.442
621.442
621.442
639.166
639.166
639.166
639.166
639.166
443.711
443.711
527.422
527.422
527.422
561.469
561.469
561.469
561.469
561.469
638.609
638.609
638.609
638.609
638.609
459.656
459.656
459.656
459.656
459.656
586.929
586.929
586.929
586.929
586.929
407.25
407.25
407.25
407.25
407.25
614.852
614.852
614.852
614.852
614.852
427.566
427.566
427.566
427.566
427.566
609.828
609.828
609.828
609.828
609.828
521.624
521.624
521.624
521.624
521.624
702.237
702.237
702.237
702.237
702.237
398.227
398.227
398.227
398.227
398.227
486.25
486.25
486.25
486.25
486.25
683.197
683.197
683.197
683.197
683.197
496.25
496.25
496.25
496.25
496.25
618.627
618.627
618.627
618.627
618.627
378.516
378.516
378.516
378.516
378.516
616.5
616.5
616.5
616.5
616.5
518.844
518.844
518.844
518.844
518.844
510.016
510.016
510.016
510.016
510.016
635.934
635.934
635.934
635.934
635.934
491.875
491.875
491.875
491.875
491.875
626.513
626.513
626.513
626.513
626.513
516.385
516.385
516.385
516.385
516.385
347.825
347.825
347.825
347.825
347.825
497.368
497.368
497.368
497.368
497.368
380.107
380.107
380.107
380.107
380.107
486.369
486.369
486.369
486.369
486.369
531.85
531.85
531.85
531.85
531.85
420.238
420.238
420.238
420.238
420.238
405.5
405.5
405.5
405.5
405.5
586.021
586.021
586.021
586.021
586.021
581.159
581.159
581.159
581.159
581.159
667.779
667.779
667.779
667.779
667.779
505.309
505.309
505.309
505.309
505.309
556.422
556.422
556.422
556.422
556.422
387.833
387.833
387.833
387.833
387.833
447.625
447.625
447.625
447.625
447.625
589.609
589.609
589.609
589.609
589.609
544.932
544.932
544.932
544.932
544.932
429.711
429.711
429.711
429.711
429.711
203.781
203.781
203.781
203.781
203.781
464.955
464.955
464.955
464.955
464.955
475.413
475.413
475.413
475.413
475.413
646.313
646.313
646.313
646.313
646.313
453.075
453.075
453.075
453.075
453.075
687.733
687.733
687.733
687.733
687.733
544.344
544.344
544.344
544.344
544.344
729
729
729
729
729
453.984
453.984
453.984
453.984
453.984
445.181
445.181
445.181
445.181
445.181
472.975
472.975
472.975
472.975
472.975
443.551
443.551
443.551
443.551
443.551
499.125
499.125
499.125
499.125
499.125
484.902
484.902
484.902
484.902
484.902
721.172
721.172
721.172
721.172
721.172
543.769
543.769
543.769
543.769
543.769
538.631
538.631
538.631
538.631
538.631
342.83
342.83
342.83
342.83
342.83
674.25
674.25
674.25
674.25
674.25
486
486
486
486
486
638.024
638.024
638.024
638.024
638.024
613.969
613.969
613.969
613.969
613.969
614.794
614.794
614.794
614.794
614.794
466.939
466.939
466.939
466.939
466.939
585.563
585.563
585.563
585.563
585.563
710.675
710.675
710.675
710.675
710.675
634.42
634.42
634.42
634.42
634.42
596.203
596.203
596.203
596.203
596.203
632.193
632.193
632.193
632.193
632.193
492.875
492.875
492.875
492.875
492.875
542.326
542.326
542.326
542.326
542.326
341.242
341.242
341.242
341.242
341.242
635.375
635.375
635.375
635.375
635.375
554.454
554.454
554.454
554.454
554.454
515.233
515.233
515.233
515.233
515.233
306.661
306.661
306.661
306.661
306.661
583.246
583.246
583.246
583.246
583.246
303.959
303.959
303.959
303.959
303.959
390.238
390.238
390.238
390.238
390.238
291.121
291.121
291.121
291.121
291.121
472.598
472.598
472.598
472.598
472.598
446.881
446.881
446.881
446.881
446.881
289.541
289.541
289.541
289.541
289.541
648.898
648.898
648.898
648.898
648.898
344.483
344.483
344.483
344.483
344.483
499.131
499.131
499.131
499.131
499.131
509
509
509
509
509
599.791
599.791
599.791
599.791
599.791
717.147
717.147
717.147
717.147
717.147
660.063
660.063
660.063
660.063
660.063
343.346
343.346
343.346
343.346
343.346
681.039
681.039
681.039
681.039
681.039
734.064
734.064
734.064
734.064
734.064
378.262
378.262
378.262
378.262
378.262
304.936
304.936
304.936
304.936
304.936
337.105
337.105
337.105
337.105
337.105
578.075
578.075
578.075
578.075
578.075
419.627
419.627
419.627
419.627
419.627
651.188
651.188
651.188
651.188
651.188
564.359
564.359
564.359
564.359
564.359
363.471
363.471
363.471
363.471
363.471
518.891
518.891
518.891
518.891
518.891
529.856
529.856
529.856
529.856
529.856
545.518
545.518
545.518
545.518
545.518
493.452
493.452
493.452
493.452
493.452
467.598
467.598
467.598
467.598
467.598
642.313
642.313
642.313
642.313
642.313
484.411
484.411
484.411
484.411
484.411
439.094
439.094
439.094
439.094
439.094
484.333
484.333
484.333
484.333
484.333
436.969
436.969
436.969
436.969
436.969
623.156
623.156
623.156
623.156
623.156
492.027
492.027
492.027
492.027
492.027
619.129
619.129
619.129
619.129
619.129
315.354
315.354
315.354
315.354
315.354
674.742
674.742
674.742
674.742
674.742
498.356
498.356
498.356
498.356
498.356
495.12
495.12
495.12
495.12
495.12
680.719
680.719
680.719
680.719
680.719
634.305
634.305
634.305
634.305
634.305
418.331
418.331
418.331
418.331
418.331
486.375
486.375
486.375
486.375
486.375
426.77
426.77
426.77
426.77
426.77
624.828
624.828
624.828
624.828
624.828
351.594
351.594
351.594
351.594
351.594
728.725
728.725
728.725
728.725
728.725
499.104
499.104
499.104
499.104
499.104
539.112
539.112
539.112
539.112
539.112
574.823
574.823
574.823
574.823
574.823
335.599
335.599
335.599
335.599
335.599
593.887
593.887
593.887
593.887
593.887
616.906
616.906
616.906
616.906
616.906
359.657
359.657
359.657
359.657
359.657
546.793
546.793
546.793
546.793
546.793
442.875
442.875
442.875
442.875
442.875
684.37
684.37
684.37
684.37
684.37
369.908
369.908
369.908
369.908
369.908
175.224
175.224
175.224
175.224
175.224
459.047
459.047
459.047
459.047
459.047
602.419
602.419
602.419
602.419
602.419
330.316
487.633
487.633
487.633
487.633
493.296
493.296
493.296
493.296
493.296
444.366
444.366
444.366
444.366
444.366
632.875
632.875
632.875
632.875
632.875
386.481
386.481
386.481
386.481
386.481
489.422
489.422
489.422
489.422
489.422
649.553
649.553
649.553
649.553
649.553
484.146
484.146
484.146
484.146
484.146
584.985
584.985
584.985
584.985
584.985
696.605
696.605
696.605
696.605
696.605
557.406
557.406
557.406
557.406
557.406
497.56
497.56
497.56
497.56
497.56
699.221
699.221
699.221
699.221
699.221
724.059
724.059
724.059
724.059
724.059
565.334
565.334
565.334
565.334
565.334
397.985
397.985
397.985
397.985
397.985
759.969
759.969
759.969
759.969
759.969
558.916
558.916
558.916
558.916
558.916
625.768
625.768
625.768
625.768
625.768
229.625
229.625
229.625
229.625
229.625
238.25
238.25
238.25
238.25
238.25
407.328
407.328
407.328
407.328
407.328
639.97
639.97
639.97
639.97
639.97
586.375
586.375
586.375
586.375
586.375
325.298
325.298
325.298
325.298
325.298
523.921
523.921
523.921
523.921
523.921
644.289
644.289
644.289
644.289
644.289
422.377
422.377
422.377
422.377
422.377
458.453
458.453
458.453
458.453
458.453
558.184
558.184
558.184
558.184
558.184
472.502
472.502
472.502
472.502
472.502
441.06
441.06
441.06
441.06
441.06
602.531
602.531
602.531
602.531
602.531
388.297
388.297
388.297
388.297
388.297
487.5
487.5
487.5
487.5
487.5
408.789
408.789
408.789
408.789
408.789
351.063
351.063
351.063
351.063
351.063
597.141
597.141
597.141
597.141
597.141
221.865
221.865
221.865
221.865
221.865
412.234
412.234
412.234
412.234
412.234
456.238
456.238
456.238
456.238
456.238
538.313
538.313
538.313
538.313
538.313
667.997
667.997
667.997
667.997
667.997
537.859
537.859
537.859
537.859
537.859
517.938
517.938
517.938
517.938
517.938
384.11
384.11
384.11
384.11
384.11
413.605
413.605
413.605
413.605
413.605
295.48
295.48
295.48
295.48
295.48
339.617
339.617
339.617
339.617
339.617
518.866
518.866
518.866
518.866
518.866
661.531
661.531
661.531
661.531
661.531
374.119
374.119
374.119
374.119
374.119
434.888
434.888
434.888
434.888
434.888
564.094
564.094
564.094
564.094
564.094
262.477
262.477
262.477
262.477
262.477
753
753
753
753
753
524.783
524.783
524.783
524.783
524.783
729.563
729.563
729.563
729.563
729.563
541.063
541.063
541.063
541.063
541.063
669.25
669.25
669.25
669.25
669.25
515.762
515.762
515.762
515.762
515.762
633.227
633.227
633.227
633.227
633.227
710.531
710.531
710.531
710.531
710.531
578.438
578.438
578.438
578.438
578.438
544.508
544.508
544.508
544.508
544.508
578.945
578.945
578.945
578.945
578.945
611.017
611.017
611.017
611.017
611.017
673.159
673.159
673.159
673.159
673.159
420.266
420.266
420.266
420.266
420.266
638.356
638.356
638.356
638.356
638.356
454.853
454.853
454.853
454.853
454.853
631.375
631.375
631.375
631.375
631.375
599.19
599.19
599.19
599.19
599.19
660.49
660.49
660.49
660.49
660.49
342.827
342.827
342.827
342.827
342.827
465.88
465.88
465.88
465.88
465.88
398.484
398.484
398.484
398.484
398.484
479.002
479.002
479.002
479.002
479.002
375.178
375.178
375.178
375.178
375.178
592.509
592.509
592.509
592.509
592.509
511.285
511.285
511.285
511.285
511.285
402.307
402.307
402.307
402.307
402.307
677.648
677.648
677.648
677.648
677.648
704.574
704.574
704.574
704.574
704.574
625.5
625.5
625.5
625.5
625.5
641.166
641.166
641.166
641.166
641.166
714.869
714.869
714.869
714.869
714.869
279.625
279.625
279.625
279.625
279.625
486.109
486.109
486.109
486.109
486.109
739.359
739.359
739.359
739.359
739.359
650.25
650.25
650.25
650.25
650.25
533.984
533.984
533.984
533.984
533.984
535.385
535.385
535.385
535.385
535.385
597.082
597.082
597.082
597.082
597.082
348.125
348.125
348.125
348.125
348.125
628.734
628.734
628.734
628.734
628.734
409.469
409.469
409.469
409.469
409.469
475.521
475.521
475.521
475.521
475.521
394.54
394.54
394.54
394.54
394.54
528.843
528.843
528.843
528.843
528.843
430.41
430.41
430.41
430.41
430.41
580.563
580.563
580.563
580.563
580.563
519
519
519
519
519
310.993
310.993
310.993
310.993
310.993
566.38
566.38
566.38
566.38
566.38
723.794
723.794
723.794
723.794
723.794
601.583
601.583
601.583
601.583
601.583
665.246
665.246
665.246
665.246
665.246
257.188
257.188
257.188
257.188
257.188
679.595
679.595
679.595
679.595
679.595
482.006
482.006
482.006
482.006
482.006
632.721
632.721
632.721
632.721
632.721
613.43
613.43
613.43
613.43
613.43
603.875
603.875
603.875
603.875
603.875
432.004
432.004
432.004
432.004
432.004
719.199
719.199
719.199
719.199
719.199
573.402
573.402
573.402
573.402
573.402
394.573
394.573
394.573
394.573
394.573
644.708
644.708
644.708
644.708
644.708
665.653
665.653
665.653
665.653
665.653
446.531
446.531
446.531
446.531
446.531
535.617
535.617
535.617
535.617
535.617
679.5
679.5
679.5
679.5
679.5
381.673
381.673
381.673
381.673
381.673
337.002
337.002
337.002
337.002
337.002
534.983
534.983
534.983
534.983
534.983
405.125
405.125
405.125
405.125
405.125
484.302
484.302
484.302
484.302
484.302
459.84
459.84
459.84
459.84
459.84
505.73
505.73
505.73
505.73
505.73
621.747
621.747
621.747
621.747
621.747
506.52
506.52
506.52
506.52
506.52
325.992
325.992
325.992
325.992
325.992
626.172
626.172
626.172
626.172
626.172
416.127
416.127
416.127
416.127
416.127
570.452
570.452
570.452
570.452
570.452
593.933
593.933
593.933
593.933
593.933
518.316
518.316
518.316
518.316
518.316
731.344
731.344
731.344
731.344
731.344
561.563
561.563
561.563
561.563
561.563
303
303
303
303
303
304.164
304.164
304.164
304.164
304.164
473.746
473.746
473.746
473.746
473.746
548.087
548.087
548.087
548.087
548.087
471.253
471.253
471.253
471.253
471.253
504.828
504.828
504.828
504.828
504.828
393.5
393.5
393.5
393.5
393.5
560.624
560.624
560.624
560.624
560.624
399.261
399.261
399.261
399.261
399.261
506.906
506.906
506.906
506.906
506.906
774.124
774.124
774.124
774.124
774.124
292.883
292.883
292.883
292.883
292.883
528.777
528.777
528.777
528.777
528.777
589.348
589.348
589.348
589.348
589.348
366.398
366.398
366.398
366.398
366.398
586.071
586.071
586.071
586.071
586.071
612.531
612.531
612.531
612.531
612.531
748.002
748.002
748.002
748.002
748.002
570.686
570.686
570.686
570.686
570.686
339.771
339.771
339.771
339.771
339.771
521.453
521.453
521.453
521.453
521.453
514.333
514.333
514.333
514.333
514.333
477.375
477.375
477.375
477.375
477.375
434.928
434.928
434.928
434.928
434.928
740.25
740.25
740.25
740.25
740.25
259.617
259.617
259.617
259.617
259.617
680.015
680.015
680.015
680.015
680.015
351.026
351.026
351.026
351.026
351.026
560.48
560.48
560.48
560.48
560.48
332.486
332.486
332.486
332.486
332.486
264.305
264.305
264.305
264.305
264.305
632.009
632.009
632.009
632.009
632.009
484.775
484.775
484.775
484.775
484.775
492.258
492.258
492.258
492.258
492.258
687.072
687.072
687.072
687.072
687.072
297.813
297.813
297.813
297.813
297.813
400.508
400.508
400.508
400.508
400.508
614.554
614.554
614.554
614.554
614.554
377.71
377.71
377.71
377.71
377.71
255.55
255.55
255.55
255.55
255.55
504.313
504.313
504.313
504.313
504.313
381
381
381
381
381
369.277
369.277
369.277
369.277
369.277
560.5
560.5
560.5
560.5
560.5
461.188
461.188
461.188
461.188
461.188
545.523
545.523
545.523
545.523
545.523
570.967
570.967
570.967
570.967
570.967
645.68
645.68
645.68
645.68
645.68
0
