0
0
0
0
281.933
281.933
281.933
281.933
281.933
557.779
557.779
557.779
557.779
557.779
610.712
610.712
610.712
610.712
610.712
449.629
449.629
449.629
449.629
449.629
373.809
373.809
373.809
373.809
373.809
597.801
597.801
597.801
597.801
597.801
498.762
498.762
498.762
498.762
498.762
388.809
388.809
388.809
388.809
388.809
732.195
732.195
732.195
732.195
732.195
781.188
781.188
781.188
781.188
781.188
692.022
692.022
692.022
692.022
692.022
418.479
418.479
418.479
418.479
418.479
638.347
638.347
638.347
638.347
638.347
638.625
638.625
638.625
638.625
638.625
398.875
398.875
398.875
398.875
398.875
630.057
630.057
630.057
630.057
630.057
754.051
754.051
754.051
754.051
754.051
761.979
761.979
761.979
761.979
761.979
453.969
453.969
453.969
453.969
453.969
543.532
543.531
543.531
543.531
543.531
560.369
560.369
560.369
560.369
560.369
592.601
592.601
592.601
592.601
592.601
575.464
575.464
575.464
575.464
575.464
395.475
395.475
395.475
395.475
395.475
454.897
454.897
454.897
454.897
454.897
623.373
623.373
623.373
623.373
623.373
432.511
432.511
432.511
432.511
432.511
514.984
514.984
514.984
514.984
514.984
407.562
407.562
407.562
407.562
407.562
585.591
585.591
585.591
585.591
585.591
717.749
717.749
717.749
717.749
717.749
568.927
568.927
568.927
568.927
568.927
671.031
671.031
671.031
671.031
671.031
746.654
746.654
746.654
746.654
746.654
774.055
774.055
774.055
774.055
774.055
290.951
290.951
290.951
290.951
290.951
784.273
784.273
784.273
784.273
784.273
745.089
745.089
745.089
745.089
745.089
626.693
626.693
626.693
626.693
626.693
615.718
615.718
615.718
615.718
615.718
566.539
566.539
566.539
566.539
566.539
292.701
292.701
292.701
292.701
292.701
551.763
551.763
551.763
551.763
551.763
569.719
569.719
569.719
569.719
569.719
733.269
733.269
733.269
733.269
733.269
694.178
694.178
694.178
694.178
694.178
356.683
356.683
356.683
356.683
356.683
400.297
400.297
400.297
400.297
400.297
587.753
587.753
587.753
587.753
587.753
497.3
497.3
497.3
497.3
497.3
530.406
530.406
530.406
530.406
530.406
613.539
613.539
613.539
613.539
613.539
375.722
375.722
375.722
375.722
375.722
515.15
515.15
515.15
515.15
515.15
752.559
752.559
752.559
752.559
752.559
538.375
538.375
538.375
538.375
538.375
764.653
764.653
764.653
764.653
764.653
673.397
673.397
673.397
673.397
673.397
584.613
584.613
584.613
584.613
584.613
418.359
418.359
418.359
418.359
418.359
529.258
529.258
529.258
529.258
529.258
531.783
531.783
531.783
531.783
531.783
336.758
336.758
336.758
336.758
336.758
667.252
667.252
667.252
667.252
667.252
740.392
740.392
740.392
740.392
740.392
770.504
770.504
770.504
770.504
770.504
608.457
608.457
608.457
608.457
608.457
694.031
694.031
694.031
694.031
694.031
481.188
481.188
481.188
481.188
481.188
431.969
431.969
431.969
431.969
431.969
496.286
496.286
496.286
496.286
496.286
501.248
501.248
501.248
501.248
501.248
608.063
608.063
608.063
608.063
608.063
716.636
716.636
716.636
716.636
716.636
492.191
492.191
492.191
492.191
492.191
782.892
782.892
782.892
782.892
782.892
537.314
537.314
537.314
537.314
537.314
774.93
774.93
774.93
774.93
774.93
650.29
650.29
650.29
650.29
650.29
651.542
651.542
651.542
651.542
651.542
188.282
188.282
188.282
188.282
188.282
737.684
737.684
737.684
737.684
737.684
588.449
588.449
588.449
588.449
588.449
477.577
477.577
477.577
477.577
477.577
516.817
516.817
516.817
516.817
516.817
464.162
464.162
464.162
464.162
464.162
415.643
415.643
415.643
415.643
415.643
501.313
501.313
501.313
501.313
501.313
514.625
514.625
514.625
514.625
514.625
503.002
503.002
503.002
503.002
503.002
598.23
598.23
598.23
598.23
598.23
561.206
561.206
561.206
561.206
561.206
496.051
496.051
496.051
496.051
496.051
709.971
709.971
709.971
709.971
709.971
681.668
681.668
681.668
681.668
681.668
571.712
571.712
571.712
571.712
571.712
383.07
383.07
383.07
383.07
383.07
273.5
273.5
273.5
273.5
273.5
600.462
600.462
600.462
600.462
600.462
760.225
760.225
760.225
760.225
760.225
716.384
716.384
716.384
716.384
716.384
662.309
662.309
662.309
662.309
662.309
595.797
595.797
595.797
595.797
595.797
407.979
407.979
407.979
407.979
407.979
459.121
459.121
459.121
459.121
459.121
459.439
459.439
459.439
459.439
459.439
307.875
307.875
307.875
307.875
307.875
355.143
355.143
355.143
355.143
355.143
674.46
674.46
674.358
674.358
674.358
736.288
736.288
736.288
736.288
736.288
494.623
494.623
494.623
494.623
494.623
500.142
500.142
500.142
500.142
500.142
544.854
544.854
544.854
544.854
544.854
502.69
502.69
502.69
502.69
502.69
649.406
649.406
649.406
649.406
649.406
781.217
781.217
781.217
781.217
781.217
776.024
776.024
776.024
776.024
776.024
785.923
785.923
785.923
785.923
785.923
782.922
782.922
782.922
782.922
782.922
755.227
755.227
755.227
755.227
755.227
719.873
719.873
719.873
719.873
719.873
728.979
728.979
728.979
728.979
728.979
223.381
223.381
223.381
223.381
223.381
364.527
364.527
364.527
364.527
364.527
630.855
630.855
630.855
630.855
630.855
506.492
506.492
506.492
506.492
506.492
566.16
566.16
566.16
566.16
566.16
757.272
757.272
757.272
757.272
757.272
718.089
718.089
718.089
718.089
718.089
567.333
567.333
567.333
567.333
567.333
712.435
712.435
712.435
712.435
712.435
614.375
614.375
614.375
614.375
614.375
523.039
563.578
563.578
563.578
563.578
455.437
455.437
455.437
455.437
455.437
373.528
373.528
373.528
373.528
373.528
509.78
509.78
509.78
509.78
509.78
619.564
619.564
619.564
619.564
619.564
668.972
668.972
668.972
668.972
668.972
376.678
376.678
376.678
376.678
376.678
589.99
589.99
589.99
589.99
589.99
645.762
645.762
645.762
645.762
645.762
612.814
612.814
612.814
612.814
612.814
775.957
775.957
775.957
775.957
775.957
722.623
722.623
722.623
722.623
722.623
776.835
776.835
776.835
776.835
776.835
728.553
728.553
728.553
728.553
728.553
706.724
706.724
706.724
706.724
706.724
625.064
625.064
625.064
625.064
625.064
696.171
696.171
696.171
696.171
696.171
609.503
609.503
609.503
609.503
609.503
595.328
595.328
595.328
595.328
595.328
509.69
509.69
509.69
509.69
509.69
391.548
391.548
391.548
391.548
391.548
256.653
256.653
256.653
256.653
256.653
427.027
427.027
427.027
427.027
427.027
651.146
651.146
651.146
651.146
651.146
612.096
612.096
612.096
612.096
612.096
417.573
417.573
417.573
417.573
417.573
374.124
374.124
374.124
374.124
374.124
302.125
302.125
302.125
302.125
302.125
412.152
412.152
412.152
412.152
412.152
615.321
615.321
615.321
615.321
615.321
653.323
658.959
658.959
658.959
658.959
421.582
421.582
421.582
421.582
421.582
739.027
739.027
739.027
739.027
739.027
769.085
769.085
769.085
769.085
769.085
377.328
377.328
377.328
377.328
377.328
509.249
509.249
509.249
509.249
534.498
563.93
563.93
563.93
563.93
563.93
517.08
517.08
517.08
517.08
517.08
492.525
492.525
492.525
492.525
492.525
306.25
306.25
306.25
306.25
306.25
288.896
288.896
288.896
288.896
288.896
476.469
476.469
476.469
476.469
476.469
291.572
291.572
291.572
291.572
291.572
460.573
460.573
460.573
460.573
460.573
773.666
773.666
773.666
773.666
773.666
754.912
754.912
756.073
756.073
756.073
713.974
713.974
713.974
713.974
713.974
685.032
685.032
685.032
685.032
685.032
732.295
732.295
732.295
732.295
732.295
631.294
631.294
631.294
631.294
631.294
588.822
588.822
588.822
588.822
588.822
548.063
548.063
548.063
548.063
548.063
746.58
746.58
746.58
746.58
746.58
662.064
662.064
662.064
662.064
662.064
654.99
654.99
654.99
654.99
654.99
454.417
454.417
454.417
454.417
454.417
649.477
649.477
649.477
649.477
649.477
624.375
624.375
624.375
624.375
624.375
614.5
614.5
614.5
614.5
614.5
599.625
599.625
599.625
599.625
599.625
700.5
700.5
700.5
700.5
700.5
739.75
739.75
739.75
739.75
739.75
298.316
298.316
298.316
298.316
298.316
403.564
403.564
403.564
403.564
403.564
583.764
583.764
583.764
583.764
583.764
570.773
570.773
570.773
570.773
570.773
466.234
466.234
466.234
466.234
466.234
466.562
466.562
466.562
466.562
466.562
583.237
583.237
583.237
583.237
583.237
401.328
401.328
401.328
401.328
401.328
449.473
449.473
449.473
449.473
449.473
502.828
502.828
502.828
502.828
502.828
434.721
434.721
434.721
434.721
434.721
755.561
755.561
755.561
755.561
755.561
636.353
636.353
636.353
636.353
636.353
329.795
329.795
329.795
329.795
329.795
517.264
517.264
517.264
517.264
517.264
351.617
351.617
351.617
351.617
351.617
594.29
594.29
594.29
594.29
594.29
446.707
446.707
446.707
446.707
446.707
728.873
728.873
728.873
728.873
728.873
402.355
402.355
402.355
402.355
402.355
574.086
574.086
574.086
574.086
574.086
348.978
348.978
348.978
348.978
348.978
644.517
644.517
644.517
644.517
644.517
553.836
553.836
553.836
553.836
553.836
423.197
423.197
423.197
423.197
423.197
666.947
666.947
666.947
666.947
666.947
561.955
561.955
561.955
561.955
561.955
144.75
144.75
144.75
144.75
144.75
748.37
748.37
748.37
748.37
748.37
576.735
576.735
576.735
576.735
576.735
566.836
566.836
566.839
566.839
566.839
255.625
255.625
255.625
255.625
255.625
563.384
563.384
563.384
563.384
563.384
393.988
393.988
393.988
393.988
393.988
695.749
695.749
695.749
695.749
695.749
502.8
502.8
502.8
502.8
502.8
216.5
216.5
216.5
216.5
216.5
709.938
709.938
709.938
709.938
709.938
695.998
695.998
695.998
695.998
695.998
315.215
315.215
315.215
315.215
315.215
765.13
765.13
765.13
765.13
765.13
725.835
725.835
725.835
725.835
725.835
617.069
617.069
617.069
617.069
617.069
521.125
521.125
521.125
521.125
521.125
458.594
458.594
458.594
458.594
458.594
620.406
620.406
620.406
620.406
620.406
488.877
488.877
488.877
488.877
488.877
591
591
591
591
591
519.094
519.094
519.094
519.094
519.094
533.6
533.6
533.6
533.6
533.6
725.362
725.362
725.362
725.362
725.362
530.104
530.104
530.104
530.104
530.104
540.212
540.212
540.212
540.212
540.212
414.221
414.221
414.221
414.221
414.221
540.719
540.719
540.719
540.719
540.719
348.5
348.5
348.5
348.5
348.5
664.613
664.613
664.613
664.613
664.613
718.94
719.879
719.879
719.879
719.879
716.719
716.719
716.719
716.719
716.719
549.209
549.209
549.209
549.209
549.209
639.859
639.859
639.859
639.859
639.859
582.874
582.874
582.874
582.874
582.874
510.408
510.408
510.408
510.408
510.408
527.819
527.819
527.819
527.819
527.819
494.503
494.503
494.503
494.503
494.503
487
487
487
487
487
737.395
737.395
737.395
737.395
737.395
732.662
732.662
732.662
732.662
732.662
702.27
702.27
702.27
702.27
702.27
768.711
768.711
768.711
768.711
768.711
549.406
549.406
549.406
549.406
549.406
308
308
308
308
308
620.188
620.188
620.188
620.188
620.188
584.397
584.397
584.397
584.397
584.397
665.734
665.734
665.734
665.734
665.734
438.127
438.127
438.127
438.127
438.127
302.438
302.438
302.438
302.438
302.438
462.031
462.031
462.031
462.031
462.031
263.531
263.531
263.531
263.531
263.531
672.741
672.741
672.741
672.741
672.741
546.5
546.5
546.5
546.5
546.5
779.432
779.432
779.432
779.432
779.432
771.289
771.289
771.289
771.289
771.289
768.135
768.135
768.135
768.135
768.135
740.348
740.348
740.348
740.348
740.348
537.139
537.139
537.139
537.139
537.139
487.516
487.516
487.516
487.516
487.516
300.736
300.736
300.736
300.736
300.736
501.049
501.049
501.049
501.049
501.049
752.778
752.778
752.778
752.778
752.778
752.96
752.96
752.96
752.96
752.96
771.285
771.285
771.285
771.285
771.285
741.363
741.363
741.363
741.363
741.363
632.449
632.449
632.449
632.449
632.449
563.215
563.215
563.215
563.215
563.215
540.494
540.494
540.494
540.494
540.494
680.135
680.135
680.135
680.135
680.135
365.891
365.891
365.891
365.891
365.891
592
592
592
592
592
469.74
469.74
469.74
469.74
469.74
687.494
687.494
687.494
687.494
687.494
267.402
267.402
267.402
267.402
267.402
672.227
672.227
672.227
672.227
672.227
684.358
684.358
684.358
684.358
684.358
587.61
587.61
587.61
587.61
587.61
489.346
489.346
489.346
489.346
489.346
744.636
744.636
744.636
744.636
744.636
498.979
498.979
498.979
498.979
498.979
518.399
518.399
518.399
518.399
518.399
384.726
384.726
384.726
384.726
384.726
524.332
524.332
524.332
524.332
524.332
366.526
366.526
366.526
366.526
366.526
399.82
399.82
399.82
399.82
399.82
767.309
767.309
767.309
767.309
767.309
297.567
297.567
297.567
297.567
297.567
731.969
731.969
731.969
731.969
731.969
587.636
587.636
587.636
587.636
587.636
543.75
543.75
543.75
543.75
543.75
670.776
670.776
670.776
670.776
670.776
317.042
317.042
317.042
317.042
317.042
516.805
516.805
516.805
516.805
516.805
743.898
743.898
743.898
743.898
743.898
642.677
642.677
642.677
642.677
642.677
626.056
626.056
626.056
626.056
626.056
450.375
450.375
450.375
450.375
450.375
254.316
254.316
254.316
254.316
254.316
283.191
283.191
283.191
283.191
283.191
516.941
516.941
516.941
516.941
516.941
600.609
600.609
600.589
600.589
600.589
262.985
262.985
262.985
262.985
262.985
593.426
593.426
593.426
593.426
593.426
764.854
764.854
764.854
764.854
764.854
741.735
741.735
741.735
741.735
741.735
788.73
788.73
788.73
788.73
788.73
752.049
752.049
752.049
752.049
752.049
489.273
489.273
489.273
489.273
489.273
372.725
372.725
372.725
372.725
372.725
294.188
294.188
294.188
294.188
294.188
640.063
640.063
640.063
640.063
640.063
728.118
728.118
728.118
728.118
728.118
704.534
704.534
704.534
704.534
704.534
485.571
485.571
485.571
485.571
485.571
282.098
282.098
282.098
282.098
282.098
719.045
719.045
719.045
719.045
719.045
706.154
706.154
706.154
706.154
706.154
584.296
584.296
584.296
584.296
584.296
341.952
341.952
341.952
341.952
341.952
457.236
457.236
457.236
457.236
457.236
521.76
521.76
521.76
521.76
521.76
548.734
548.734
548.734
548.734
548.734
591.12
591.12
591.12
591.12
591.12
491.612
491.612
491.612
491.612
491.612
649.539
649.539
649.539
649.539
649.539
656.982
656.982
656.982
656.982
656.982
754.314
754.314
754.314
754.314
754.314
390.853
390.853
390.853
390.853
390.853
780.822
780.822
780.822
780.822
780.822
735.509
735.509
735.509
735.509
735.509
493.614
493.614
493.614
493.614
493.614
579.271
579.271
579.271
579.271
579.271
572.086
572.086
572.086
572.086
572.086
769.404
769.404
769.404
769.404
769.404
468.778
468.778
468.778
468.778
468.778
511.835
511.835
511.835
511.835
511.835
516.152
516.152
516.152
516.152
516.152
438.406
438.406
438.406
438.406
438.406
468.076
469.996
469.996
469.996
469.996
671.841
671.841
671.841
671.841
671.841
582.074
582.074
582.074
582.074
582.074
443.216
443.216
443.216
443.216
443.216
706.07
706.07
706.07
706.07
706.07
557.656
557.656
557.656
557.656
557.656
303.452
303.452
303.452
303.452
303.452
344.056
344.056
344.056
344.056
344.056
688.799
688.799
688.799
688.799
688.799
488.383
488.383
488.383
488.383
488.383
606.962
606.962
606.962
606.962
606.962
534.486
534.486
534.486
534.486
534.486
542.234
542.234
542.234
542.234
542.234
688.191
688.191
688.191
688.191
688.191
486.375
486.375
486.375
486.375
486.375
433.75
433.75
433.75
433.75
433.75
552.611
552.611
552.611
552.611
552.611
448
448
448
448
448
542.945
542.945
542.945
542.945
542.945
326.525
326.525
326.525
326.525
326.525
354.565
354.565
354.565
354.565
354.565
490.181
490.181
490.181
490.181
505.612
588.272
588.272
588.272
588.272
588.272
589.223
589.223
589.223
589.223
589.223
485.182
485.182
485.182
485.182
485.182
675.063
675.063
675.063
675.063
675.063
545.742
545.742
545.742
545.742
545.742
480.885
480.885
480.885
480.885
480.885
711.605
711.605
711.605
711.605
711.605
183.455
183.455
183.455
183.455
183.455
477.159
477.159
477.159
477.159
477.159
475.122
475.122
475.122
475.122
475.122
554.888
554.888
554.888
554.888
554.888
234.73
234.73
234.73
234.73
234.73
700.672
700.672
700.672
700.672
700.672
740.923
740.923
740.923
740.923
740.923
503.685
503.685
503.685
503.685
503.685
733.744
733.744
733.744
733.744
733.744
420.704
420.704
420.704
420.704
420.704
468.864
468.864
468.864
468.864
468.864
490.875
490.875
490.875
490.875
490.875
669.294
669.294
669.294
669.294
669.294
752.906
752.906
752.906
752.906
752.906
694.116
694.116
694.116
694.116
694.116
661.721
661.721
661.721
661.721
661.721
632.856
632.856
632.856
632.856
632.856
584.667
584.667
584.667
582.834
582.834
701.157
701.157
701.157
701.157
701.157
681.929
681.929
681.929
681.929
681.929
254.041
254.041
254.041
254.041
254.041
424.888
424.888
424.888
424.888
424.888
613.237
613.237
613.237
613.237
613.237
543.719
543.719
543.719
543.719
543.719
761.239
761.239
761.239
761.239
761.239
585.677
585.677
585.677
585.677
585.677
455.984
455.984
455.984
455.984
455.984
455.31
455.31
455.31
455.31
455.31
420.303
420.303
420.303
420.303
420.303
304.41
304.41
304.41
304.41
304.41
562.096
562.096
562.096
562.096
562.096
573.433
573.433
573.433
573.433
573.433
587.578
587.578
587.578
587.578
587.578
577.5
577.5
577.5
577.5
577.5
545.787
545.787
545.787
545.787
545.787
373.54
373.54
373.54
373.54
373.54
450.352
450.352
450.352
450.352
450.352
541.997
541.997
541.997
541.997
541.997
479.219
479.219
479.219
479.219
479.219
452.49
452.49
452.49
452.49
452.49
616.688
616.688
616.688
616.688
616.688
543.25
543.25
543.25
543.25
543.25
689.79
689.79
689.79
689.79
689.79
212.083
212.083
212.083
212.083
212.083
664.555
664.555
664.555
664.555
664.555
297.19
297.19
297.19
297.19
297.19
681.262
681.262
681.262
681.262
681.262
430.793
430.793
430.793
430.793
430.793
323.916
323.916
323.916
323.916
323.916
361.768
361.768
533.535
533.535
533.535
585.789
585.789
585.789
585.789
585.789
549.972
549.968
549.968
549.968
549.968
392.969
392.969
392.969
392.969
392.969
599.551
599.551
599.551
599.551
599.551
377.398
377.398
377.398
377.398
377.398
512.01
512.01
512.01
512.01
512.01
409.939
409.939
409.939
409.939
409.939
655.281
655.281
655.281
655.281
655.281
625.625
625.625
625.625
625.625
625.625
665.479
665.479
665.479
665.479
665.479
538.911
538.911
538.911
538.911
538.911
690.087
690.087
690.087
690.087
690.087
754.327
754.327
754.327
754.327
754.327
770.198
770.198
770.326
770.326
770.326
628.144
628.144
628.144
628.144
628.144
568.906
568.906
568.906
568.906
568.906
390.438
390.438
390.438
390.438
390.438
546.148
546.148
546.148
546.148
546.148
310.5
310.5
310.5
310.5
310.5
502.784
502.784
502.784
502.784
502.784
735.652
735.652
735.652
735.652
735.652
567.122
567.122
567.122
567.122
567.122
578.672
578.672
578.672
578.672
578.672
619.107
619.107
619.107
619.107
619.107
583.344
583.344
583.344
583.344
583.344
593.585
593.585
593.585
593.585
593.585
245.438
245.438
245.438
245.438
245.438
487.589
487.589
487.589
487.589
487.589
497.342
497.342
497.342
497.342
497.342
339.681
339.681
339.681
339.681
339.681
466.462
466.462
466.462
466.462
466.462
432.251
432.251
432.251
432.251
432.251
416.198
416.198
416.198
416.198
416.198
415.127
415.127
415.127
415.127
415.127
506.967
506.967
506.967
506.967
506.967
713.846
713.846
713.846
713.846
713.846
686.853
686.853
686.859
686.859
686.859
427.806
427.806
427.784
427.784
427.784
500.5
500.5
500.5
500.5
500.5
493.013
493.013
493.013
493.013
493.013
741.5
741.5
741.5
741.5
741.5
580.37
580.37
580.37
580.37
580.37
749.344
749.344
749.344
749.344
749.344
562.718
562.718
562.718
562.718
562.718
575.928
575.928
575.928
575.928
575.928
754.359
754.359
754.359
754.359
754.359
594.466
594.466
594.466
594.466
594.466
630.124
630.124
630.124
630.124
630.124
709.441
709.441
709.441
709.441
709.441
415.295
415.295
415.295
415.295
415.295
334.052
334.052
334.052
334.052
334.052
546.537
546.537
546.537
546.537
546.537
274.062
274.062
274.062
274.062
274.062
733.545
733.545
733.545
733.545
733.545
739.399
739.399
739.399
739.399
739.399
731.921
731.921
731.921
731.921
731.921
634.023
634.023
634.023
634.023
634.023
647.688
647.688
647.688
647.688
647.688
421.064
421.064
421.064
421.064
421.064
656.098
656.098
656.098
656.098
656.098
412.117
412.117
412.117
412.117
412.117
780.022
780.022
780.022
780.022
780.022
459.861
459.861
459.861
459.861
459.861
415.194
415.194
415.194
415.194
415.194
608.157
608.157
608.157
608.157
608.157
418.263
418.263
418.263
418.263
418.263
511.179
511.179
511.179
511.179
511.179
418.323
418.323
418.323
418.323
418.323
307.82
307.82
307.82
307.82
307.82
651.117
651.117
651.117
651.117
651.117
582.172
582.172
582.172
582.172
582.172
435.549
435.549
435.549
435.549
435.549
304.594
304.594
304.594
304.594
304.594
707.225
707.225
707.225
707.225
707.225
565.639
565.639
565.639
565.639
565.639
753.602
753.602
753.602
753.602
753.602
778.273
778.273
778.273
778.273
778.273
718.277
718.277
718.277
718.277
718.277
522.929
522.929
522.929
522.929
522.929
635.582
635.582
635.582
635.582
635.582
625.333
625.333
625.333
625.333
625.333
401.151
401.151
401.151
401.151
401.151
400.313
400.313
400.313
400.313
400.313
758.746
758.746
758.746
758.746
758.746
379.118
379.118
379.118
379.118
379.118
313.392
313.392
313.392
313.392
313.392
724.18
724.18
724.18
724.18
724.18
563.372
563.372
563.372
563.372
563.372
612
612
612
612
612
659.267
659.267
659.267
659.267
659.267
665.125
665.125
665.125
665.125
665.125
717.445
717.445
717.445
717.445
717.445
581.57
581.57
581.57
581.57
581.57
570.782
570.782
570.782
570.782
570.782
449.35
449.35
449.35
449.35
449.35
416.2
416.2
416.2
416.2
416.2
517.953
517.953
517.953
517.953
517.953
353.188
353.188
353.188
353.188
353.188
592.3
592.3
592.3
592.3
592.3
419.27
419.27
419.27
419.27
419.27
691.835
691.835
691.835
691.835
691.835
476.075
476.075
476.075
476.075
476.075
625.68
625.68
625.68
625.68
625.68
736.554
736.554
736.554
736.554
736.554
682.137
682.137
682.137
682.137
682.137
749.313
749.313
749.313
749.313
749.313
645.648
645.648
645.648
645.648
645.648
540.125
540.125
540.125
540.125
540.125
620.714
620.714
620.714
620.714
620.714
495.219
495.219
495.219
495.219
495.219
487.106
487.106
487.106
487.106
487.106
565.978
565.978
565.978
565.978
565.978
383.071
383.071
383.071
383.071
383.071
625.2
625.2
625.2
625.2
625.2
457.82
457.82
457.82
457.82
457.82
500.558
500.558
500.558
500.558
500.558
686.69
686.69
686.69
686.69
686.69
630.75
630.75
630.75
630.75
630.75
261.781
261.781
261.781
261.781
261.781
502.792
502.792
502.792
502.792
502.792
529.004
529.004
529.004
529.004
529.004
357.05
357.05
357.05
357.05
357.05
700.626
700.626
700.626
700.626
700.626
672.401
672.401
672.401
672.401
672.401
556.201
556.201
556.201
556.201
556.201
718.615
718.615
718.615
718.615
718.615
739.502
739.502
739.502
739.502
739.502
335.739
335.739
335.739
335.739
335.739
358.12
358.12
358.12
358.12
358.12
441.953
441.953
441.953
441.953
441.953
573.454
573.454
573.454
573.454
573.454
546.561
546.561
546.561
546.561
546.561
547.661
547.661
547.661
547.661
547.661
522.724
522.724
522.724
522.724
522.724
286.891
286.891
286.891
286.891
286.891
568.156
568.156
568.156
568.156
568.156
491.63
491.63
491.63
491.63
491.63
356.348
356.348
356.348
356.348
356.348
725.034
725.034
725.034
725.034
725.034
708.138
708.138
708.138
708.138
708.138
486.292
486.292
486.292
486.292
486.292
494.063
494.063
494.063
494.063
494.063
360.781
360.781
360.781
360.781
360.781
533.595
533.595
533.595
533.595
533.595
274.865
274.865
274.865
274.865
274.865
767.149
767.149
767.149
767.149
767.149
501.427
501.427
501.427
501.427
501.427
231.104
231.104
231.104
231.104
231.104
566.605
566.605
566.605
566.605
566.605
682.647
682.647
682.647
682.647
682.647
374.623
374.623
374.623
374.623
374.623
579.606
579.606
579.606
579.606
579.606
607.688
607.688
607.688
607.688
607.688
505.977
505.977
505.977
505.977
505.977
664.62
664.62
664.62
664.62
664.62
601.153
601.153
601.153
601.153
601.153
562.625
562.625
562.625
562.625
562.625
452.911
452.911
452.911
452.911
452.911
681.699
681.699
681.699
681.699
681.699
352.998
352.998
352.998
352.998
352.998
693.439
693.439
693.439
693.439
693.439
227.885
227.885
227.885
227.885
227.885
652.101
652.101
652.101
652.101
652.101
556.953
556.953
556.953
556.953
556.953
315.039
315.039
315.039
315.039
315.039
338.342
338.342
338.342
338.342
338.342
578.717
578.717
578.717
578.717
578.717
745.486
745.486
745.486
745.486
745.486
473.324
473.324
473.324
473.324
473.324
741.366
741.366
741.366
741.366
741.366
757.372
757.372
757.372
757.372
757.372
745.593
745.593
745.593
745.593
745.593
746.046
746.046
746.046
746.046
746.046
383.914
383.914
383.914
383.914
383.914
663.021
663.021
663.021
663.021
663.021
609.528
609.528
609.528
609.528
609.528
323.689
323.689
323.689
323.689
323.689
488.047
488.047
488.047
488.047
488.047
753.787
753.787
753.787
753.787
753.787
505.505
505.505
505.505
505.505
505.505
394.947
394.947
394.947
394.947
394.947
674.493
674.493
674.493
674.493
674.493
686.185
686.185
686.185
686.185
686.185
536.623
536.623
536.623
536.623
536.623
421.918
421.918
421.918
421.918
421.918
623.021
623.021
623.021
623.021
623.021
540.438
540.438
540.438
540.438
540.438
708.493
708.493
708.493
708.493
708.493
559.089
559.089
559.089
559.089
559.089
661.881
661.881
661.881
661.881
661.881
602.125
602.125
602.125
602.125
602.125
348.63
348.63
348.63
348.63
348.63
372.25
372.25
372.25
372.25
372.25
679.566
679.566
679.566
679.566
679.566
301.641
301.641
301.641
301.641
301.641
420.872
420.872
420.872
420.872
420.872
553.978
553.978
553.978
553.978
553.978
537.298
537.298
537.298
537.298
537.298
244.475
244.475
244.475
244.475
244.475
520.639
520.639
520.639
520.639
520.639
455.849
455.849
455.849
455.849
455.849
531.763
531.763
531.763
531.763
531.763
679.738
679.738
679.738
679.738
679.738
545.023
545.023
545.023
545.023
545.023
775.069
775.069
775.069
775.069
775.069
455.482
455.482
455.482
455.482
455.482
548.341
548.341
548.341
548.341
548.341
581.391
581.391
581.391
581.391
581.391
383.581
383.581
383.581
383.581
383.581
541
541
541
541
541
607.844
607.844
607.844
607.844
607.844
461.342
461.342
461.342
461.342
461.342
555.59
555.59
555.59
555.59
555.59
648.026
648.026
648.026
648.026
648.026
593.891
593.891
593.891
593.891
593.891
709.536
709.537
709.537
709.537
709.537
424.983
424.983
424.983
424.983
424.983
377.149
377.149
377.149
377.149
377.149
445.781
445.781
445.781
445.781
445.781
429.911
429.911
429.911
429.911
429.911
605.387
605.387
605.387
605.387
605.387
506.488
506.488
506.488
506.488
506.488
458.75
458.75
458.75
458.75
458.75
589.191
589.191
589.191
589.191
589.191
508.877
508.877
508.877
508.877
508.877
662.324
662.324
662.324
662.324
662.324
595.39
595.39
595.39
595.39
595.39
569.902
569.902
569.902
569.902
569.902
560.82
560.82
560.82
560.82
560.82
658.367
658.367
658.367
658.367
658.367
521.281
521.281
521.281
521.281
521.281
469.493
469.493
469.493
469.493
469.493
674.125
674.125
674.125
674.125
674.125
469.881
469.881
469.881
469.881
469.881
521.523
521.523
521.523
521.523
521.523
251.001
251.001
251.001
251.001
251.001
603.277
603.277
603.277
603.277
603.277
472.125
472.125
472.125
472.125
472.125
506.125
506.125
506.125
506.125
506.125
722.029
722.029
722.029
722.029
722.029
444.281
444.281
444.281
444.281
444.281
507.73
507.73
507.73
507.73
507.73
415.351
415.351
415.351
415.351
415.351
466.44
466.44
466.44
466.44
466.44
639.746
639.746
639.746
639.746
639.746
702.979
702.979
702.979
702.979
702.979
568.205
568.205
568.205
568.205
568.205
475.792
475.792
475.792
475.792
475.792
434.438
434.438
434.438
434.438
434.438
597.125
597.125
597.125
597.125
597.125
447.322
447.322
447.322
447.322
447.322
518.218
518.218
518.218
518.218
518.218
601.817
601.817
601.817
601.817
601.817
558.75
558.75
558.75
558.75
558.75
456.109
456.109
456.109
456.109
456.109
354.031
354.031
354.031
354.031
354.031
634.964
634.964
634.964
634.964
634.964
676.891
676.891
676.891
676.891
676.891
620.865
620.865
620.865
620.865
620.865
598.955
598.955
598.955
598.955
598.955
466.594
466.594
466.594
466.594
466.594
579.664
579.664
579.664
579.664
579.664
173.047
173.047
173.047
173.047
173.047
739.963
739.963
739.963
739.963
739.963
412.126
412.126
412.126
412.126
412.126
181.591
181.591
181.591
181.591
181.591
680.195
680.195
680.195
680.195
680.195
769.172
769.172
769.172
769.172
769.172
518.197
518.197
518.197
518.197
518.197
368.191
368.191
368.191
368.191
368.191
273.112
273.112
273.112
273.112
273.112
352.915
352.915
352.915
352.915
352.915
524.97
524.97
524.97
524.97
524.97
463.958
463.958
463.958
463.958
463.958
386.402
386.402
386.402
386.402
386.402
564.586
564.586
564.586
564.586
564.586
398.479
398.479
398.479
398.479
398.479
527.978
527.978
527.978
527.978
527.978
736.027
736.027
736.027
736.027
736.027
520.517
520.517
520.517
520.517
520.517
444.5
444.5
444.5
444.5
444.5
522.431
522.431
522.431
522.431
522.431
530.079
530.079
530.079
530.079
530.079
570.08
570.08
570.08
570.08
570.08
379.156
379.156
379.156
379.156
379.156
326.543
326.543
326.543
326.543
326.543
659.008
659.008
659.008
659.008
659.008
582.507
582.507
582.507
582.507
582.507
570.611
570.611
570.611
570.611
570.611
355.81
355.81
355.81
355.81
355.81
557.781
557.781
557.781
557.781
557.781
366.363
366.363
366.363
366.363
366.363
631.318
631.318
631.318
631.318
631.318
698.506
698.506
698.506
698.506
698.506
590.768
590.768
590.768
590.768
590.768
699.87
699.87
699.87
699.87
699.87
583.215
583.215
583.215
583.215
583.215
508.088
508.088
508.088
508.088
508.088
697.984
697.984
697.984
697.984
697.984
645
645
645
645
645
584.97
584.97
584.97
584.97
584.97
558.443
558.443
558.443
558.443
558.443
496.297
496.297
496.297
496.297
496.297
303.973
303.973
303.973
303.973
303.973
608.922
608.922
608.922
608.922
608.922
404.25
404.25
404.25
404.25
404.25
257.715
257.715
257.715
257.715
257.715
615.359
615.359
615.359
615.359
615.359
338.329
338.329
338.329
338.329
338.329
383.655
383.655
383.655
383.655
383.655
572.328
572.328
572.328
572.328
572.328
530.068
530.068
530.068
530.068
530.068
376.735
376.735
376.735
376.735
376.735
789.737
789.737
789.737
789.737
789.737
749.208
749.208
749.208
749.208
749.208
582.603
582.603
582.603
582.603
582.603
702.71
702.71
702.71
702.71
702.71
444.954
444.954
444.954
444.954
444.954
721.25
721.25
721.25
721.25
721.25
574.728
574.728
574.728
574.728
574.728
565.678
565.677
565.677
565.677
565.677
715.582
715.582
715.582
715.582
715.582
437.846
437.846
437.846
437.846
437.846
702.466
702.466
702.466
702.466
702.466
564.456
564.456
564.456
564.456
564.456
585.449
585.449
585.449
585.449
585.449
292.962
292.962
292.962
292.962
292.962
688.499
688.499
688.499
688.499
688.499
591.875
591.875
591.875
591.875
591.875
468.924
468.924
468.924
468.924
468.924
654.5
654.5
654.5
654.5
654.5
658.384
658.384
658.384
658.384
658.384
753.41
753.41
753.41
753.41
753.41
645.232
645.232
645.232
645.232
645.232
519.046
519.046
519.046
519.046
519.046
362.633
362.633
362.633
362.633
362.633
568.064
568.064
568.064
568.064
568.064
218.228
218.228
218.228
218.228
218.228
466.891
466.891
466.891
466.891
466.891
269.75
269.75
269.75
269.75
269.75
512.691
512.691
512.691
512.691
512.691
295.139
295.139
295.139
295.139
295.139
519.629
519.629
519.629
519.629
519.629
556.674
556.674
556.674
556.674
556.674
759.543
759.543
759.543
759.543
759.543
464.206
464.206
464.235
464.235
464.235
347.237
347.237
347.237
347.237
347.237
693.24
693.24
693.24
693.24
693.24
659.747
659.747
659.747
659.747
659.747
581.344
581.344
581.344
581.344
581.344
684.5
684.5
684.5
684.5
684.5
403.25
403.25
403.25
403.25
403.25
578.325
578.325
578.325
578.325
578.325
464.507
464.507
464.507
464.507
464.507
580.686
580.686
580.686
580.686
580.686
634.156
634.156
634.156
634.156
634.156
744.917
744.917
744.917
744.917
744.917
495.714
495.714
495.714
495.714
495.714
496.899
496.899
496.899
496.899
496.899
565.842
565.842
565.842
565.842
565.842
664.337
664.337
664.337
664.337
664.337
470.946
470.946
470.946
470.946
470.946
671.601
671.601
671.601
671.601
671.601
327.665
327.665
327.665
327.665
327.665
731.259
731.259
731.259
731.259
731.259
478.806
478.806
478.806
478.806
478.806
499.06
499.06
499.06
499.06
499.06
653.355
653.355
653.355
653.355
653.355
629.558
629.558
629.558
629.558
629.558
336.436
336.436
336.436
336.436
336.436
694.979
694.979
694.979
694.979
694.979
470.017
470.017
470.017
470.017
470.017
364.786
364.786
364.786
364.786
364.786
483.23
483.23
483.23
483.23
483.23
463.813
463.813
463.813
463.813
463.813
679.991
679.991
679.991
679.991
679.991
450.906
450.906
450.906
450.906
450.906
651.063
651.063
651.063
651.063
651.063
499.993
499.993
499.993
499.993
499.993
390.13
390.13
390.13
390.13
390.13
324.767
324.767
324.767
324.767
324.767
443.426
443.426
443.426
443.426
443.426
656.422
656.422
656.422
656.422
656.422
757.769
757.769
757.769
757.769
757.769
731.669
731.669
731.669
731.669
731.669
663.43
663.43
663.43
663.43
663.43
544.383
544.383
544.383
544.383
544.383
299.475
299.475
299.475
299.475
299.475
676.303
676.303
676.303
676.303
676.303
490.656
500.313
500.313
500.313
500.313
441.913
441.913
441.913
441.913
441.913
669.312
669.312
669.312
669.312
669.312
529.978
529.978
529.978
529.978
529.978
231.47
231.47
231.47
231.47
231.47
612.142
612.142
612.142
612.142
612.142
530.319
530.319
530.319
530.319
530.319
779.985
779.985
779.985
779.985
779.985
721.737
721.737
721.737
721.737
721.737
676.007
676.007
676.007
676.007
676.007
703.455
703.455
703.455
703.455
703.455
681.404
681.404
681.404
681.404
681.404
517.949
517.949
517.949
517.949
517.949
566.927
566.927
566.927
566.927
566.927
399.445
399.445
399.445
399.445
399.445
586.586
586.586
586.586
586.586
586.586
580.612
580.612
580.612
580.612
580.612
655.39
653.656
653.656
653.656
653.656
616.93
616.93
616.93
616.93
616.93
652.066
652.066
652.066
652.066
652.066
320.716
320.716
320.716
320.716
320.716
669.635
669.635
669.635
669.635
669.635
466.392
466.392
466.392
466.392
466.392
560.291
560.291
560.291
560.291
560.291
380.627
380.627
380.627
380.627
380.627
610.268
610.268
610.268
610.268
610.268
528.055
528.055
528.055
528.055
528.055
563.598
563.598
563.598
563.598
563.598
388.297
388.297
388.297
388.297
388.297
393.017
393.017
393.017
393.017
393.017
568.314
568.314
568.314
568.314
568.314
655.831
655.831
655.831
655.831
655.831
422.21
422.21
422.21
422.21
422.21
344.906
344.906
344.906
344.906
344.906
492.319
492.319
492.319
492.319
492.319
141.922
141.922
141.922
141.922
141.922
708.88
708.88
708.88
708.88
708.88
593.284
593.284
593.284
593.284
593.284
550.083
550.083
550.083
550.083
550.083
499.469
499.469
499.469
499.469
499.469
484.438
484.438
484.438
484.438
484.438
708.549
708.549
708.549
708.549
708.549
787.618
787.618
787.618
787.618
787.618
684.515
684.515
684.515
684.515
684.515
576.593
576.593
576.593
576.593
576.593
777.842
777.842
777.842
777.842
777.842
772.467
772.467
772.372
772.372
772.372
374.87
374.87
374.87
374.87
374.87
429.543
429.543
429.543
429.543
429.543
478.694
478.694
478.694
478.694
478.694
576.591
576.591
576.591
576.591
576.591
332.296
332.296
332.296
332.296
332.296
779.483
779.483
779.483
779.483
779.483
513.019
513.019
513.019
513.019
513.019
309.922
309.922
309.922
309.922
309.922
722.694
722.694
722.694
722.694
722.694
585.344
585.344
585.344
585.344
585.344
340.91
340.91
340.91
340.91
340.91
720.435
720.435
720.435
720.435
720.435
573.875
573.875
573.875
573.875
573.875
771.02
771.02
771.02
771.02
771.02
706.827
706.827
706.827
706.827
706.827
481.112
481.112
481.112
481.112
481.112
647.284
647.284
647.284
647.284
647.284
488.176
488.176
488.176
488.176
488.176
509.766
509.766
509.766
509.766
509.766
516.028
516.028
516.028
516.028
516.028
562.525
562.525
562.525
562.525
562.525
585.458
585.458
585.458
585.458
585.458
277.188
277.188
277.188
277.188
277.188
613.396
613.396
613.396
613.396
613.396
739.727
739.727
739.727
739.727
739.727
561.297
561.297
561.297
561.297
561.297
299.51
299.51
299.51
299.51
299.51
523.603
523.603
523.603
523.603
523.603
536.156
536.156
536.156
536.156
536.156
349.465
349.465
349.465
349.465
349.465
449.781
449.781
449.781
449.781
449.781
413.094
413.094
413.094
413.094
413.094
548.537
548.537
548.537
548.537
548.537
516.599
516.599
516.599
516.599
516.599
613.75
613.75
613.75
613.75
613.75
609.513
609.513
609.513
609.513
609.513
510.271
510.271
510.271
510.271
510.271
281.813
281.813
281.813
281.813
281.813
659.207
659.207
659.207
659.207
659.207
555.814
555.814
555.814
555.814
555.814
558.537
558.537
558.537
558.537
558.537
628.842
628.842
628.842
628.842
628.842
613.227
613.227
613.227
613.227
613.227
616.65
616.65
616.65
616.65
616.65
623.708
623.708
623.708
623.708
623.708
743.438
743.438
743.438
743.438
743.438
344.974
344.974
344.974
344.974
344.974
746.586
746.586
746.586
746.586
746.586
736.988
736.988
736.988
736.988
736.988
655.268
655.268
655.268
655.268
655.268
655.993
655.993
655.993
655.993
655.993
729.212
729.212
729.212
729.212
729.212
506.962
506.962
506.962
506.962
506.962
463.029
463.029
463.029
463.029
463.029
213.908
213.908
213.908
213.908
213.908
541.205
541.205
541.205
541.205
541.205
496.635
496.635
496.635
496.635
496.635
458.221
458.221
458.221
458.221
458.221
313.854
313.854
313.854
313.854
313.854
376.194
376.194
376.194
376.194
376.194
585.112
585.112
585.112
585.112
585.112
776.32
776.32
776.32
776.32
776.32
744.938
744.938
744.938
744.938
744.938
739.772
739.772
739.772
739.772
739.772
434.18
434.18
434.18
434.18
434.18
732.222
732.222
732.222
732.222
732.222
317.969
317.969
317.969
317.969
317.969
757.515
757.515
757.515
757.515
757.515
278.375
278.375
278.375
278.375
278.375
573.563
573.563
573.563
573.563
573.563
452.688
452.688
452.688
452.688
452.688
576.365
576.365
576.365
576.365
576.365
687.323
687.323
687.323
687.323
687.323
442.558
442.558
442.558
442.558
442.558
724.868
724.868
724.868
724.868
724.868
438.537
438.537
438.537
438.537
438.537
497.057
497.057
497.057
497.057
497.057
684.648
684.648
684.648
684.648
684.648
597.75
597.75
597.75
597.75
597.75
652.354
652.354
652.354
652.354
652.354
419.439
419.439
419.439
419.439
419.439
555.826
555.826
555.826
555.826
555.826
273.036
273.036
273.036
273.036
273.036
453.576
453.576
453.576
453.576
453.576
692.506
692.506
692.506
692.506
692.506
509.304
509.304
509.304
509.304
509.304
484.25
484.25
484.25
484.25
484.25
402.344
402.344
402.344
402.344
402.344
514.603
514.603
514.603
514.603
514.603
339.014
339.014
339.014
339.014
339.014
332.193
332.193
332.193
332.193
332.193
688.113
688.113
688.113
688.113
688.113
463.885
463.885
463.885
463.885
463.885
429.809
429.809
429.809
429.809
429.809
338.707
338.707
338.707
338.707
338.707
740.376
740.376
740.376
740.376
740.376
455.897
455.897
455.897
455.897
455.897
339.781
339.781
339.781
339.781
339.781
547.508
547.508
547.508
547.508
547.508
372.572
372.572
372.572
372.572
695.145
541.854
541.854
541.854
541.854
541.854
697.407
697.407
697.407
697.407
697.407
532.235
532.235
532.235
532.235
532.235
540.673
540.673
540.673
540.673
540.673
627.895
627.895
627.895
627.895
627.895
662.638
662.638
662.638
662.638
662.638
587.708
587.708
587.708
587.708
587.708
698.216
698.216
698.216
698.216
698.216
426.291
426.291
426.291
426.291
426.291
683.429
683.429
683.429
683.429
683.429
608.506
608.506
608.506
608.506
608.506
531.634
531.634
531.634
531.634
531.634
443.313
443.313
443.313
443.313
443.313
445.736
445.736
445.736
445.736
445.736
424.888
424.888
424.888
424.888
424.888
547.081
547.081
547.081
547.081
547.081
683.857
683.857
683.857
683.857
683.857
767.525
767.525
767.525
767.525
767.525
484.461
484.461
484.461
484.461
484.461
606.917
606.917
606.917
606.917
606.917
575.922
575.922
575.922
575.922
575.922
399.674
399.674
399.674
399.674
399.674
441.797
441.797
441.797
441.797
441.797
497.131
497.131
497.131
497.131
497.131
539.816
539.816
539.816
539.816
539.816
0
