0
0
0
0
722.539
722.539
722.539
722.539
722.539
605.118
605.118
605.118
605.118
605.118
329.073
329.073
329.073
329.073
329.073
764.707
764.707
764.707
764.707
764.707
784.079
784.079
784.079
784.079
784.079
766.719
766.719
766.719
766.719
766.719
768.39
768.39
768.39
768.39
768.39
782.468
782.468
782.468
782.468
782.468
788.97
788.97
788.97
788.97
788.97
779.107
779.107
779.107
779.107
779.107
773.549
773.549
773.549
773.549
773.549
773.769
773.769
773.769
773.769
773.769
791.457
791.457
791.457
791.457
791.457
778.296
778.296
778.296
778.296
778.296
786.539
786.539
786.539
786.539
786.539
796.579
796.579
796.579
796.579
796.579
797.422
797.422
797.422
797.422
797.422
797.379
797.379
797.379
797.379
797.379
792.942
792.942
792.942
792.942
792.942
794.354
794.354
794.354
794.354
794.354
797.775
797.775
797.775
797.775
797.775
792.152
792.152
792.152
792.152
792.152
792.872
792.872
792.872
792.872
792.872
798.39
798.39
798.39
798.39
798.39
795.867
795.867
795.867
795.867
795.867
792.422
792.422
792.422
792.422
792.422
792.186
792.186
792.186
792.186
792.186
798.784
798.784
798.784
798.784
798.784
796.76
796.76
796.76
796.76
796.76
798.038
798.038
798.038
798.038
798.038
795.843
795.843
795.843
795.843
795.843
794.863
794.863
794.863
794.863
794.863
794.002
794.002
794.002
794.002
794.002
797.772
797.772
797.772
797.772
797.772
796.904
796.904
796.904
796.904
796.904
798.319
798.319
798.319
798.319
798.319
795.437
795.437
795.437
795.437
795.437
794.228
794.228
794.228
794.228
794.228
793.98
793.98
793.98
793.98
793.98
797.474
797.474
797.474
797.474
797.474
795.12
795.12
795.12
795.12
795.12
798.729
798.729
798.729
798.729
798.729
798.01
798.01
798.01
798.01
798.01
797.48
797.48
797.48
797.48
797.48
796.066
796.066
796.066
796.066
796.066
793.424
793.424
793.424
793.424
793.424
791.946
791.946
791.946
791.946
791.946
798.372
798.372
798.372
798.372
798.372
797.756
797.756
797.756
797.756
797.756
797.032
797.032
797.032
797.032
797.032
796.573
796.573
796.573
796.573
796.573
797.711
797.711
797.711
797.711
797.711
795.925
795.925
795.925
795.925
795.925
795.577
795.577
795.577
795.577
795.577
798.906
798.906
798.906
798.906
798.906
797.328
797.328
797.328
797.328
797.328
796.725
796.725
796.725
796.725
796.725
798.057
798.057
798.057
798.057
798.057
796.573
796.573
796.573
796.573
796.573
797.15
797.15
797.15
797.15
797.15
795.863
795.863
795.863
795.863
795.863
795.649
795.649
795.649
795.649
795.649
798.917
798.917
798.917
798.917
798.917
797.047
797.047
797.047
797.047
797.047
796.733
796.733
796.733
796.733
796.733
794.633
794.633
794.633
794.633
794.633
798.677
798.677
798.677
798.677
798.677
797.542
797.542
797.542
797.542
797.542
796.865
796.865
796.865
796.865
796.865
797.619
797.619
797.619
797.619
797.619
797.355
797.355
797.355
797.355
797.355
798.969
798.969
798.969
798.969
798.969
798.513
798.513
798.513
798.513
798.513
796.964
796.964
796.964
796.964
796.964
798.932
798.932
798.932
798.932
798.932
796.842
796.842
796.842
796.842
796.842
796.228
796.228
796.228
796.228
796.228
797.839
797.839
797.839
797.839
797.839
798.287
798.287
798.287
798.287
798.287
796.974
796.974
796.974
796.974
796.974
798.745
798.745
798.745
798.745
798.745
798.251
798.251
798.251
798.251
798.251
798.315
798.315
798.315
798.315
798.315
797.418
797.418
797.418
797.418
797.418
798.968
798.968
798.968
798.968
798.968
798.853
798.853
798.853
798.853
798.853
797.928
797.928
797.928
797.928
797.928
798.48
798.48
798.48
798.48
798.48
797.103
797.103
797.103
797.103
797.103
795.239
795.239
795.239
795.239
795.239
798.981
798.981
798.981
798.981
798.981
797.592
797.592
797.592
797.592
797.592
796.113
796.113
796.113
796.113
796.113
797.437
797.437
797.437
797.437
797.437
798.012
798.012
798.012
798.012
798.012
798.359
798.359
798.359
798.359
798.359
798.551
798.551
798.551
798.551
798.551
798.215
798.215
798.215
798.215
798.215
798.048
798.048
798.048
798.048
798.048
797.947
797.947
797.947
797.947
797.947
796.925
796.925
796.925
796.925
796.925
795.644
795.644
795.644
795.644
795.644
797.862
797.862
797.862
797.862
797.862
796.494
796.494
796.494
796.494
796.494
798.74
798.74
798.74
798.74
798.74
798.686
798.686
798.686
798.686
798.686
798.301
798.301
798.301
798.301
798.301
798.175
798.175
798.175
798.175
798.175
798.918
798.918
798.918
798.918
798.918
797.836
797.836
797.836
797.836
797.836
798.987
798.987
798.987
798.987
798.987
798.878
798.878
798.878
798.878
798.878
797.922
797.922
797.922
797.922
797.922
798.152
798.152
798.152
798.152
798.152
797.304
797.304
797.304
797.304
797.304
796.917
796.917
796.917
796.917
796.917
797.51
797.51
797.51
797.51
797.51
798.734
798.734
798.734
798.734
798.734
798.433
798.433
798.433
798.433
798.433
798.71
798.71
798.71
798.71
798.71
798.639
798.639
798.639
798.639
798.639
798.759
798.759
798.759
798.759
798.759
798.141
798.141
798.141
798.141
798.141
798.967
798.967
798.967
798.967
798.967
798.27
798.27
798.27
798.27
798.27
797.77
797.77
797.77
797.77
797.77
798.875
798.875
798.875
798.875
798.875
798.658
798.658
798.658
798.658
798.658
798.998
798.998
798.998
798.998
798.998
798.708
798.708
798.708
798.708
798.708
797.942
797.942
797.942
797.942
797.942
797.645
797.645
797.645
797.645
797.645
798.429
798.429
798.429
798.429
798.429
798.335
798.335
798.335
798.335
798.335
797.887
797.887
797.887
797.887
797.887
798.875
798.875
798.875
798.875
798.875
798.12
798.12
798.12
798.12
798.12
798.187
798.187
798.187
798.187
798.187
797.918
797.918
797.918
797.918
797.918
797.771
797.771
797.771
797.771
797.771
797.638
797.638
797.638
797.638
797.638
798.999
798.999
798.999
798.999
798.999
798.249
798.249
798.249
798.249
798.249
798.998
798.998
798.998
798.998
798.998
798.874
798.874
798.874
798.874
798.874
798.73
798.73
798.73
798.73
798.73
798.995
798.995
798.995
798.995
798.995
798.732
798.732
798.732
798.732
798.732
797.852
797.852
797.852
797.852
797.852
797.129
797.129
797.129
797.129
797.129
799
799
799
799
799
798.933
798.933
798.933
798.933
798.933
798.692
798.692
798.692
798.692
798.692
798.965
798.965
798.965
798.965
798.965
798.777
798.777
798.777
798.777
798.777
797.781
797.781
797.781
797.781
797.781
798.74
798.74
798.74
798.74
798.74
797.951
797.951
797.951
797.951
797.951
797.855
797.855
797.855
797.855
797.855
798.984
798.984
798.984
798.984
798.984
798.949
798.949
798.949
798.949
798.949
797.944
797.944
797.944
797.944
797.944
798.937
798.937
798.937
798.937
798.937
798.812
798.812
798.812
798.812
798.812
799
799
799
799
799
798.987
798.987
798.987
798.987
798.987
798.355
798.355
798.355
798.355
798.355
798.999
798.999
798.999
798.999
798.999
798.413
798.413
798.413
798.413
798.413
798.094
798.094
798.094
798.094
798.094
798.967
798.967
798.967
798.967
798.967
798.926
798.926
798.926
798.926
798.926
798.398
798.398
798.398
798.398
798.398
799
799
799
799
799
798.43
798.43
798.43
798.43
798.43
798.336
798.336
798.336
798.336
798.336
799
799
799
799
799
798.999
798.999
798.999
798.999
798.999
798.979
798.979
798.979
798.979
798.979
798.996
798.996
798.996
798.996
798.996
798.453
798.453
798.453
798.453
798.453
798.424
798.424
798.424
798.424
798.424
798.285
798.285
798.285
798.285
798.285
798.5
798.5
798.5
798.5
798.5
798.25
798.25
798.25
798.25
798.25
798.212
798.212
798.212
798.212
798.212
799
799
799
799
799
798.625
798.625
798.625
798.625
798.625
798.609
798.609
798.609
798.609
798.609
798.5
798.5
798.5
798.5
798.5
798.382
798.382
798.382
798.382
798.382
798.984
798.984
798.984
798.984
798.984
798.982
798.982
798.982
798.982
798.982
797.928
797.928
797.928
797.928
797.928
797.925
797.925
797.925
797.925
797.925
799
799
799
799
799
799
799
799
799
799
798.981
798.981
798.981
798.981
798.981
799
799
799
799
799
798.982
798.982
798.982
798.982
798.982
799
799
799
799
799
798.893
798.893
798.893
798.893
798.893
798.65
798.65
798.65
798.65
798.65
798.969
798.969
798.969
798.969
798.969
798.465
798.465
798.465
798.465
798.465
798.324
798.324
798.324
798.324
798.324
799
799
799
799
799
798.742
798.742
798.742
798.742
798.742
797.992
797.992
797.992
797.992
797.992
799
799
799
799
799
798.871
798.871
798.871
798.871
798.871
798.739
798.739
798.739
798.739
798.739
799
799
799
799
799
798.937
798.937
798.937
798.937
798.937
798.912
798.912
798.912
798.912
798.912
798.969
798.969
798.969
798.969
798.969
798.172
798.172
798.172
798.172
798.172
798.204
798.204
798.204
798.204
798.204
798.961
798.961
798.961
798.961
798.961
797.982
797.982
797.982
797.982
797.982
797.879
797.879
797.879
797.879
797.879
797.748
797.748
797.748
797.748
797.748
799
799
799
799
799
798.999
798.999
798.999
798.999
798.999
798.5
798.5
798.5
798.5
798.5
798.625
798.625
798.625
798.625
798.625
798.842
798.842
798.842
798.842
798.842
799
799
799
799
799
799
799
799
799
799
798.928
798.928
798.928
798.928
798.928
799
799
799
799
799
799
799
799
799
799
798.992
798.992
798.992
798.992
798.992
798.188
798.188
798.188
798.188
798.188
798.219
798.219
798.219
798.219
798.219
797.48
797.48
797.48
797.48
797.48
798.969
798.969
798.969
798.969
798.969
798.656
798.656
798.656
798.656
798.656
797.953
797.953
797.953
797.953
797.953
799
799
799
799
799
798.498
798.498
798.498
798.498
798.498
797.557
797.557
797.557
797.557
797.557
797.661
797.661
797.661
797.661
797.661
798.984
798.984
798.984
798.984
798.984
798.171
798.171
798.171
798.171
798.171
798.008
798.008
798.008
798.008
798.008
799
799
799
799
799
799
799
799
799
799
799
799
799
799
799
798.492
798.492
798.492
798.492
798.492
798.092
798.092
798.092
798.092
798.092
797.951
797.951
797.951
797.951
797.951
798.998
798.998
798.998
798.998
798.998
798.998
798.998
798.998
798.998
798.998
798.552
798.552
798.552
798.552
798.552
799
799
799
799
799
798.875
798.875
798.875
798.875
798.875
798.812
798.812
798.812
798.812
798.812
799
799
799
799
799
799
799
799
799
799
799
799
799
799
799
798.984
798.984
798.984
798.984
798.984
798.945
798.945
798.945
798.945
798.945
799
799
799
799
799
798.984
798.984
798.984
798.984
798.984
798.95
798.95
798.95
798.95
798.95
798.333
798.333
798.333
798.333
798.333
798.75
798.75
798.75
798.75
798.75
798.748
798.748
798.748
798.748
798.748
798.279
798.279
798.279
798.279
798.279
799
799
799
799
799
799
799
799
799
799
799
799
799
799
799
798.969
798.969
798.969
798.969
798.969
798.773
798.773
798.773
798.773
798.773
799
799
799
799
799
798.683
798.683
798.683
798.683
798.683
798.931
798.931
798.931
798.931
798.931
798.589
798.589
798.589
798.589
798.589
799
799
799
799
799
798.687
798.687
798.687
798.687
798.687
799
799
799
799
799
798.469
798.469
798.469
798.469
798.469
798.326
798.326
798.326
798.326
798.326
799
799
799
799
799
798.996
798.996
798.996
798.996
798.996
798.709
798.709
798.709
798.709
798.709
798.663
798.663
798.663
798.663
798.663
799
799
799
799
799
798.992
798.992
798.992
798.992
798.992
798.861
798.861
798.861
798.861
798.861
799
799
799
799
799
798.5
798.5
798.5
798.5
798.5
798.109
798.109
798.109
798.109
798.109
799
799
799
799
799
798.996
798.996
798.996
798.996
798.996
798.998
798.998
798.998
798.998
798.998
798.998
798.998
798.998
798.998
798.998
799
799
799
799
799
798.992
798.992
798.992
798.992
798.992
799
799
799
799
799
798.967
798.967
798.967
798.967
798.967
798.92
798.92
798.92
798.92
798.92
798.969
798.969
798.969
798.969
798.969
799
799
799
799
799
799
799
799
799
799
799
799
799
799
799
799
799
799
799
799
799
799
799
799
799
799
799
799
799
799
798.976
798.976
798.976
798.976
798.976
798.937
798.937
798.937
798.937
798.937
799
799
799
799
799
798.75
798.75
798.75
798.75
798.75
799
799
799
799
799
798.5
798.5
798.5
798.5
798.5
798.498
798.498
798.498
798.498
798.498
799
799
799
799
799
799
799
799
799
799
798.951
798.951
798.951
798.951
798.951
799
799
799
799
799
799
799
799
799
799
798.991
798.991
798.991
798.991
798.991
799
799
799
799
799
798.996
798.996
798.996
798.996
798.996
798.992
798.992
798.992
798.992
798.992
798.726
798.726
798.726
798.726
798.726
799
799
799
799
799
799
799
799
799
799
799
799
799
799
799
798.375
798.375
798.375
798.375
798.375
798.373
798.373
798.373
798.373
798.373
799
799
799
799
799
798.996
798.996
798.996
798.996
798.996
798.749
798.749
798.749
798.749
798.749
799
799
799
799
799
799
799
799
799
799
798.425
798.425
798.425
798.425
798.425
798.75
798.75
798.75
798.75
798.75
798.863
798.863
798.863
798.863
798.863
798.719
798.719
798.719
798.719
798.719
799
799
799
799
799
798.996
798.996
798.996
798.996
798.996
798.619
798.619
798.619
798.619
798.619
798.875
798.875
798.875
798.875
798.875
798.875
798.875
798.875
798.875
798.875
798.375
798.375
798.375
798.375
798.375
798.625
798.625
798.625
798.625
798.625
799
799
799
799
799
799
799
799
799
799
798.875
798.875
798.875
798.875
798.875
798.625
798.625
798.625
798.625
798.625
798.81
798.81
798.81
798.81
798.81
799
799
799
799
799
798.686
798.686
798.686
798.686
798.686
798.436
798.436
798.436
798.436
798.436
798.696
798.696
798.696
798.696
798.696
799
799
799
799
799
799
799
799
799
799
799
799
799
799
799
798.875
798.875
798.875
798.875
798.875
798.875
798.875
798.875
798.875
798.875
798.375
798.375
798.375
798.375
798.375
799
799
799
799
799
799
799
799
799
799
799
799
799
799
799
799
799
799
799
799
799
799
799
799
799
798.75
798.75
798.75
798.75
798.75
799
799
799
799
799
798.742
798.742
798.742
798.742
798.742
799
799
799
799
799
799
799
799
799
799
799
799
799
799
799
799
799
799
799
799
798.656
798.656
798.656
798.656
798.656
798.656
798.656
798.656
798.656
798.656
798.652
798.652
798.652
798.652
798.652
799
799
799
799
799
799
799
799
799
799
798.992
798.992
798.992
798.992
798.992
799
799
799
799
799
798.969
798.969
798.969
798.969
798.969
799
799
799
799
799
798.875
798.875
798.875
798.875
798.875
798.749
798.749
798.749
798.749
798.749
799
799
799
799
799
799
799
799
799
799
799
799
799
799
799
798.997
798.997
798.997
798.997
798.997
799
799
799
799
799
799
799
799
799
799
798.984
798.984
798.984
798.984
798.984
799
799
799
799
799
799
799
799
799
799
798.998
798.998
798.998
798.998
798.998
799
799
799
799
799
798.375
798.375
798.375
798.375
798.375
797.875
797.875
797.875
797.875
797.875
799
799
799
799
799
798.999
798.999
798.999
798.999
798.999
799
799
799
799
799
798.991
798.991
798.991
798.991
798.991
798.992
798.992
798.992
798.992
798.992
798.669
798.669
798.669
798.669
798.669
799
799
799
799
799
799
799
799
799
799
799
799
799
799
799
799
799
799
799
799
799
799
799
799
799
799
799
799
799
799
799
799
799
799
799
799
799
799
799
799
798.469
798.469
798.469
798.469
798.469
799
799
799
799
799
798.996
798.996
798.996
798.996
798.996
799
799
799
799
799
798.875
798.875
798.875
798.875
798.875
798.656
798.656
798.656
798.656
798.656
799
799
799
799
799
799
799
799
799
799
798.937
798.937
798.937
798.937
798.937
798.687
798.687
798.687
798.687
798.687
799
799
799
799
799
799
799
799
799
799
799
799
799
799
799
799
799
799
799
799
798.875
798.875
798.875
798.875
798.875
799
799
799
799
799
799
799
799
799
799
799
799
799
799
799
799
799
799
799
799
799
799
799
799
799
798.999
798.999
798.999
798.999
798.999
798.999
798.999
798.999
798.999
798.999
799
799
799
799
799
799
799
799
799
799
799
799
799
799
799
799
799
799
799
799
799
799
799
799
799
799
799
799
799
799
799
799
799
799
799
799
799
799
799
799
798.984
798.984
798.984
798.984
798.984
799
799
799
799
799
799
799
799
799
799
799
799
799
799
799
799
799
799
799
799
798.874
798.874
798.874
798.874
798.874
798.938
798.938
798.938
798.938
798.938
798.938
798.938
798.938
798.938
798.938
798.938
798.938
798.938
798.938
798.938
799
799
799
799
799
799
799
799
799
799
799
799
799
799
799
799
799
799
799
799
799
799
799
799
799
798.484
798.484
798.484
798.484
798.484
799
799
799
799
799
799
799
799
799
799
798.5
798.5
798.5
798.5
798.5
799
799
799
799
799
799
799
799
799
799
798.75
798.75
798.75
798.75
798.75
799
799
799
799
799
798.875
798.875
798.875
798.875
798.875
798.866
798.866
798.866
798.866
798.866
799
799
799
799
799
799
799
799
799
799
799
799
799
799
799
799
799
799
799
799
799
799
799
799
799
799
799
799
799
799
799
799
799
799
799
799
799
799
799
799
799
799
799
799
799
799
799
799
799
799
799
799
799
799
799
799
799
799
799
799
798.967
798.967
798.967
798.967
798.967
799
799
799
799
799
799
799
799
799
799
799
799
799
799
799
799
799
799
799
799
799
799
799
799
799
799
799
799
799
799
799
799
799
799
799
798.75
798.75
798.75
798.75
798.75
798.75
798.75
798.75
798.75
798.75
799
799
799
799
799
799
799
799
799
799
798.977
798.977
798.977
798.977
798.977
799
799
799
799
799
799
799
799
799
799
799
799
799
799
799
799
799
799
799
799
799
799
799
799
799
799
799
799
799
799
799
799
799
799
799
799
799
799
799
799
799
799
799
799
799
799
799
799
799
799
798.988
798.988
798.988
798.988
798.988
798.988
798.988
798.988
798.988
798.988
799
799
799
799
799
799
799
799
799
799
799
799
799
799
799
799
799
799
799
799
798.5
798.5
798.5
798.5
798.5
798.5
798.5
798.5
798.5
798.5
799
799
799
799
799
799
799
799
799
799
799
799
799
799
799
799
799
799
799
799
799
799
799
799
799
799
799
799
799
799
799
799
799
799
799
799
799
799
799
799
799
799
799
799
799
799
799
799
799
799
799
799
799
799
799
799
799
799
799
799
799
799
799
799
799
799
799
799
799
799
799
799
799
799
799
799
799
799
799
799
799
799
799
799
799
799
799
799
799
799
799
799
799
799
799
799
799
799
799
799
799
799
799
799
799
799
799
799
799
799
799
799
799
799
799
798.996
798.996
798.996
798.996
798.996
799
799
799
799
799
799
799
799
799
799
799
799
799
799
799
799
799
799
799
799
799
799
799
799
799
799
799
799
799
799
799
799
799
799
799
799
799
799
799
799
799
799
799
799
799
799
799
799
799
799
799
799
799
799
799
799
799
799
799
799
799
799
799
799
799
799
799
799
799
799
799
799
799
799
799
799
799
799
799
799
799
799
799
799
799
799
799
799
799
799
799
799
799
799
799
799
799
799
799
799
799
799
799
799
799
799
799
799
799
799
799
799
799
799
799
798.984
798.984
798.984
798.984
798.984
799
799
799
799
799
799
799
799
799
799
799
799
799
799
799
799
799
799
799
799
799
799
799
799
799
799
799
799
799
799
799
799
799
799
799
799
799
799
799
799
799
799
799
799
799
799
799
799
799
799
798.75
798.75
798.75
798.75
798.75
799
799
799
799
799
799
799
799
799
799
799
799
799
799
799
799
799
799
799
799
799
799
799
799
799
799
799
799
799
799
798.75
798.75
798.75
798.75
798.75
799
799
799
799
799
799
799
799
799
799
799
799
799
799
799
799
799
799
799
799
799
799
799
799
799
799
799
799
799
799
799
799
799
799
799
799
799
799
799
799
799
799
799
799
799
799
799
799
799
799
799
799
799
799
799
799
799
799
799
799
799
799
799
799
799
799
799
799
799
799
799
799
799
799
799
799
799
799
799
799
799
799
799
799
799
799
799
799
799
799
799
799
799
799
799
799
799
799
799
799
799
799
799
799
799
799
799
799
799
799
799
799
799
799
799
799
799
799
799
799
799
799
799
799
799
799
799
799
799
799
799
799
799
799
799
799
799
799
799
799
799
799
799
799
799
799
799
799
799
799
799
799
799
799
799
799
799
799
799
799
799
799
799
799
799
799
799
799
799
799
799
799
799
799
799
798.996
798.996
798.996
798.996
798.996
799
799
799
799
799
799
799
799
799
799
799
799
799
799
799
799
799
799
799
799
799
799
799
799
799
799
799
799
799
799
799
799
799
799
799
799
799
799
799
799
798.999
798.999
798.999
798.999
798.999
799
799
799
799
799
799
799
799
799
799
799
799
799
799
799
799
799
799
799
799
799
799
799
799
799
799
799
799
799
799
799
799
799
799
799
799
799
799
799
799
799
799
799
799
799
799
799
799
799
799
799
799
799
799
799
799
799
799
799
799
799
799
799
799
799
798.5
798.5
798.5
798.5
798.5
798.5
798.5
798.5
798.5
798.5
799
799
799
799
799
799
799
799
799
799
799
799
799
799
799
799
799
799
799
799
799
799
799
799
799
799
799
799
799
799
799
799
799
799
799
799
799
799
799
799
799
799
799
799
799
799
799
799
799
799
798.992
798.992
798.992
798.992
798.992
799
799
799
799
799
799
799
799
799
799
799
799
799
799
799
799
799
799
799
799
799
799
799
799
799
799
799
799
799
799
799
799
799
799
799
799
799
799
799
799
799
799
799
799
799
799
799
799
799
799
799
799
799
799
799
799
799
799
799
799
799
799
799
799
799
799
799
799
799
799
799
799
799
799
799
799
799
799
799
799
799
799
799
799
799
799
799
799
799
799
798.5
798.5
798.5
798.5
798.5
799
799
799
799
799
799
799
799
799
799
799
799
799
799
799
799
799
799
799
799
799
799
799
799
799
799
799
799
799
799
799
799
799
799
799
799
799
799
799
799
799
799
799
799
799
799
799
799
799
799
799
799
799
799
799
799
799
799
799
799
799
799
799
799
799
799
799
799
799
799
799
799
799
799
799
799
799
799
799
799
799
799
799
799
799
799
799
799
799
799
799
799
799
799
799
799
799
799
799
799
799
799
799
799
799
799
799
799
799
799
799
799
799
799
799
799
799
799
799
799
799
799
799
799
799
799
799
799
799
799
799
799
799
799
799
799
799
799
799
799
799
799
799
799
799
799
799
799
799
799
799
799
799
799
799
799
799
799
799
799
799
799
799
799
799
799
799
799
799
799
799
799
799
799
799
799
799
799
799
799
799
799
799
799
799
799
799
799
799
799
799
799
799
799
799
799
799
799
799
799
799
799
799
799
799
799
799
799
799
799
799
799
799
799
799
799
799
799
799
799
799
799
799
799
799
799
799
799
799
799
799
799
799
799
799
799
799
799
799
799
799
799
799
799
799
799
799
799
799
799
799
799
799
799
799
799
799
799
799
799
799
799
799
799
799
799
799
799
799
799
799
799
799
799
799
799
799
799
799
799
799
799
799
799
799
799
799
799
799
799
799
799
799
799
799
799
799
799
799
799
799
799
799
799
799
799
799
799
799
799
799
799
799
799
799
799
799
799
799
799
799
799
799
799
799
799
799
799
799
799
799
799
799
799
799
799
799
799
799
799
799
799
799
799
799
799
799
799
799
799
799
799
799
799
799
799
799
799
799
799
799
799
799
799
799
799
799
799
799
799
799
799
799
799
799
799
799
799
799
799
799
799
799
799
799
799
799
799
799
799
799
799
799
799
799
799
799
799
799
799
799
799
799
799
799
799
799
799
799
799
799
799
799
799
799
799
799
799
799
799
799
799
799
799
799
799
799
799
799
799
799
799
799
799
799
799
799
799
799
799
799
799
799
799
799
799
799
799
799
799
799
799
799
799
799
799
799
799
799
799
799
799
799
799
799
799
799
799
799
799
798.875
798.875
798.875
798.875
798.875
798.875
798.875
798.875
798.875
798.875
799
799
799
799
799
799
799
799
799
799
799
799
799
799
799
799
799
799
799
799
799
799
799
799
799
799
799
799
799
799
799
799
799
799
799
799
799
799
799
799
799
799
799
799
799
799
799
799
799
799
799
799
799
799
799
799
799
799
799
799
799
799
799
799
799
799
799
799
799
799
799
799
799
799
799
799
799
799
799
799
799
799
799
799
799
799
799
799
799
799
799
799
799
799
799
799
799
799
799
799
799
799
799
799
799
799
799
799
799
799
799
799
799
799
799
799
799
799
799
799
799
799
799
799
799
799
799
799
799
799
799
799
799
799
799
799
799
799
799
799
799
799
799
799
799
799
799
799
799
799
799
799
799
799
799
799
799
799
799
799
799
799
799
799
799
799
799
799
799
799
799
799
799
799
799
799
799
799
799
799
799
799
799
799
799
799
799
799
799
799
799
799
799
799
799
799
799
799
799
799
799
799
799
799
799
799
799
799
799
799
799
799
799
799
799
799
799
799
799
799
799
799
799
799
799
799
799
799
799
799
799
799
799
799
799
799
799
799
799
799
799
799
799
799
799
799
799
799
799
799
799
799
799
799
799
799
799
799
799
799
799
799
799
799
799
799
799
799
799
799
799
799
799
799
799
799
799
799
799
799
799
799
799
799
799
799
799
799
799
799
799
799
799
799
799
799
799
799
799
799
799
799
799
799
799
799
799
799
799
799
799
799
799
799
799
799
799
799
799
799
799
799
799
799
799
799
799
799
799
799
799
799
799
799
799
799
799
799
799
799
799
799
799
799
799
799
799
799
799
799
799
799
799
799
799
799
799
799
799
799
799
799
799
799
799
799
799
799
799
799
799
799
799
799
799
799
799
799
799
799
799
799
799
799
799
799
799
799
799
799
799
799
799
799
799
799
799
799
799
799
799
799
799
799
799
799
799
799
799
799
799
799
799
799
799
799
799
799
799
799
799
799
799
799
799
799
799
799
799
799
799
799
799
799
799
799
799
799
799
799
799
799
799
799
799
799
799
799
799
799
799
799
799
799
799
799
799
799
799
799
799
799
799
799
799
799
799
799
799
799
799
799
799
799
799
799
799
799
799
799
799
799
799
799
799
799
799
799
799
799
799
799
799
799
799
799
799
799
799
799
799
799
799
799
799
799
799
799
799
799
799
799
799
799
799
799
799
799
799
799
799
799
799
799
799
799
799
799
799
799
799
799
799
799
799
799
799
799
799
799
799
799
799
799
799
799
799
799
799
799
799
799
799
799
799
799
799
799
799
799
799
799
799
799
799
799
799
799
799
799
799
799
799
799
799
799
799
799
799
799
799
799
799
799
799
799
799
799
799
799
799
799
799
799
799
799
799
799
799
799
799
799
799
799
799
798.5
798.5
798.5
798.5
798.5
798.5
798.5
798.5
798.5
798.5
799
799
799
799
799
799
799
799
799
799
799
799
799
799
799
799
799
799
799
799
799
799
799
799
799
799
799
799
799
799
799
799
799
799
799
799
799
799
799
799
799
799
799
799
799
799
799
799
799
799
799
799
799
799
799
799
799
799
799
799
799
799
799
799
799
799
799
799
799
799
799
799
799
799
799
799
799
799
799
799
799
799
799
799
799
799
799
799
799
799
799
799
799
799
799
799
799
799
799
799
799
799
799
799
799
799
799
799
799
799
799
799
799
799
799
799
799
799
799
799
799
799
799
799
799
799
799
799
799
799
799
799
799
799
799
799
799
799
799
799
799
799
799
799
799
799
799
799
799
799
799
799
799
799
799
799
799
799
799
799
799
799
799
799
799
799
799
799
799
799
799
799
799
799
799
799
799
799
799
799
799
799
799
799
799
799
799
799
799
799
799
799
799
799
799
799
799
799
799
799
799
799
799
799
799
799
799
799
799
799
799
799
799
799
799
799
799
799
799
799
799
799
799
799
799
799
799
799
799
799
799
799
799
799
799
799
799
799
799
799
799
799
799
799
799
799
799
799
799
799
799
799
799
799
799
799
799
799
799
799
799
799
799
799
799
799
799
799
799
799
799
799
799
799
799
799
799
799
799
799
799
799
799
799
799
799
799
799
799
799
799
799
799
799
799
799
799
799
799
799
799
799
799
799
799
799
799
799
799
799
799
799
799
799
799
799
799
799
799
799
799
799
799
799
799
799
799
799
799
799
799
799
799
799
799
799
799
799
799
799
799
799
799
799
799
799
799
799
799
799
799
799
799
799
799
799
799
799
799
799
799
799
799
799
799
799
799
799
799
799
799
799
799
799
799
799
799
799
799
799
799
799
799
799
799
799
799
799
799
799
799
799
799
799
799
799
799
799
799
799
799
799
799
799
799
799
799
799
799
799
799
799
799
799
799
799
799
799
799
799
799
799
799
799
799
799
799
799
799
799
799
799
799
799
799
799
799
799
799
799
799
799
799
799
799
799
799
799
799
799
799
799
799
799
799
799
799
799
799
799
799
799
799
799
799
799
799
799
799
799
799
799
799
799
799
799
799
799
799
799
799
799
799
799
799
799
799
799
799
799
799
799
799
799
799
799
799
799
799
799
799
799
799
799
799
799
799
799
799
799
799
799
799
799
799
799
799
799
799
799
799
799
799
799
799
799
799
799
799
799
799
799
799
799
799
799
799
799
799
799
799
799
799
799
799
799
799
799
799
799
799
799
799
799
799
799
799
799
799
799
799
799
799
799
799
799
799
799
799
799
799
799
799
799
799
0
