0
0
0
0
536.25
536.25
536.25
536.25
536.25
429.137
429.137
429.137
429.137
429.137
523.336
523.336
523.336
523.336
523.336
554.25
554.25
554.25
554.25
554.25
484.063
484.063
484.063
484.063
484.063
462.284
462.284
462.284
462.284
485.818
592.082
592.082
592.082
592.082
592.082
331.613
331.613
331.613
331.613
331.613
502
502
502
502
502
536.391
536.391
536.391
536.391
536.391
535.5
535.5
535.5
535.5
535.5
726.531
726.531
726.531
726.531
726.531
539.924
539.924
539.924
539.924
539.924
518.629
518.629
518.629
518.629
518.629
540.711
540.711
540.711
540.711
540.711
270.241
270.241
270.241
270.241
270.241
433.75
433.75
433.75
433.75
433.75
353.641
353.641
353.641
353.641
353.641
723.914
723.914
723.914
723.914
723.914
587.73
587.73
587.73
587.73
587.73
519.015
519.015
519.015
519.015
519.015
617.813
617.813
617.813
617.813
617.813
660.75
660.75
660.75
660.75
660.75
364.566
364.566
364.566
364.566
364.566
504.703
504.703
504.703
504.703
504.703
479.989
479.989
479.989
479.989
479.989
603.938
603.938
603.938
603.938
603.938
381.477
381.477
381.477
381.477
381.477
523.078
523.078
523.078
523.078
523.078
341.922
341.344
341.344
341.344
341.344
653.885
653.885
653.885
653.885
653.885
365.103
365.103
365.103
365.103
365.103
619.375
619.375
619.375
619.375
619.375
505
505
505
505
505
658.375
658.375
658.375
658.375
658.375
562.972
562.972
562.972
562.972
562.972
781
781
781
781
781
594.399
594.399
594.399
594.399
594.399
431.875
431.875
431.875
431.875
431.875
450.955
450.955
450.955
450.955
450.955
643.773
643.773
643.773
643.773
643.773
609.5
609.5
609.5
609.5
609.5
508.375
508.375
508.375
508.375
508.375
280.266
280.266
280.266
280.266
280.266
568.536
568.536
568.536
568.536
568.536
735.15
735.15
735.15
735.15
735.15
431.25
431.25
431.25
431.25
431.25
517.042
517.042
517.042
517.042
517.042
318.262
318.262
318.262
318.262
318.262
344.508
344.508
344.508
344.508
344.508
609.906
609.906
609.906
609.906
609.906
253.992
253.992
253.992
253.992
253.992
502.727
502.727
502.727
502.727
502.727
709.563
709.563
709.563
709.563
709.563
590
590
590
590
590
489
489
489
489
489
623.75
623.75
623.75
623.75
623.75
455.945
455.945
455.945
455.945
455.945
315.603
315.603
315.603
315.603
315.603
559.684
559.684
559.684
559.684
559.684
539.27
539.27
539.27
539.27
539.27
503.437
503.437
503.437
503.437
503.437
579.504
579.504
579.504
579.504
579.504
494.023
494.023
494.023
494.023
494.023
454.461
454.461
454.461
454.461
454.461
575.762
575.762
575.762
575.762
575.762
339.312
339.312
339.312
339.312
339.312
474.25
474.25
474.25
474.25
474.25
426.266
426.266
426.266
426.266
426.266
675.194
675.161
675.161
675.161
688.572
554.226
554.226
554.226
554.226
554.226
699.406
699.406
699.406
699.406
699.406
423.506
423.506
423.506
423.506
423.506
717
717
717
717
717
550
550
550
550
550
627.981
627.981
627.981
627.981
627.981
471.031
471.031
471.031
471.031
471.031
657.836
657.836
657.836
657.836
657.836
623.375
623.375
623.375
623.375
623.375
667.56
667.56
667.56
667.56
667.56
458.875
458.875
458.875
458.875
458.875
486.409
486.409
486.409
486.409
486.409
655
655
655
655
655
331.5
331.5
331.5
331.5
331.5
375.75
375.75
375.75
375.75
375.75
554.481
554.481
554.481
554.481
554.481
457.194
457.194
457.194
457.194
457.194
557.219
557.219
557.219
557.219
557.219
697.729
697.729
697.729
697.729
697.729
381.5
381.5
381.5
381.5
381.5
566.605
566.605
566.605
566.605
566.605
648.398
648.398
648.398
648.398
648.398
274.956
274.956
274.956
274.956
274.956
409.5
409.5
409.5
409.5
409.5
483.125
483.125
483.125
483.125
483.125
614.191
614.191
614.191
614.191
614.191
345.141
345.141
345.141
345.141
345.141
251.25
251.25
251.25
251.25
251.25
614.344
614.344
614.344
614.344
614.344
546.056
546.056
546.056
546.056
546.056
560.875
560.875
560.875
560.875
560.875
346.164
346.164
346.164
346.164
346.164
566.406
564.063
564.063
564.063
564.063
520
520
520
520
520
479.507
479.507
479.507
479.507
479.507
507.137
507.137
507.137
507.137
507.137
713.094
713.094
713.094
713.094
713.094
643.188
643.188
643.188
643.188
643.188
485.75
485.75
485.75
485.75
485.75
455.397
455.397
455.397
455.397
455.397
460.93
460.93
460.93
460.93
460.93
570.375
570.375
570.375
570.375
570.375
586.625
586.625
586.625
586.625
586.625
618.545
618.545
618.545
618.545
618.545
430.521
430.498
430.498
430.498
430.498
499.219
499.219
499.219
499.219
499.219
402.742
402.742
402.742
402.742
402.742
542.047
542.047
542.047
542.047
542.047
496.891
496.891
496.891
496.891
496.891
422.145
422.145
422.145
422.145
422.145
388.558
388.558
388.558
388.558
388.558
486.641
486.641
486.641
486.641
486.641
386.277
386.277
386.277
386.277
386.277
296.422
296.422
296.422
296.422
296.422
397.365
397.365
397.365
397.365
397.365
400.5
400.5
400.5
400.5
400.5
713.125
713.125
713.125
713.125
713.125
370.484
370.484
370.484
370.484
370.484
510.871
510.871
510.871
510.871
510.871
612.416
612.416
612.416
612.416
612.416
562.75
562.75
562.75
562.75
562.75
520.125
520.125
520.125
520.125
520.125
607.5
607.5
607.5
607.5
607.5
668.375
668.375
668.375
668.375
668.375
396
396
396
396
396
553.811
553.811
553.811
553.811
553.811
618.75
618.75
618.75
618.75
618.75
579.427
579.427
579.427
579.427
579.427
611.309
611.309
611.309
611.309
611.309
643.324
643.324
643.324
643.324
643.324
571.839
571.839
571.839
571.839
571.839
548.406
548.406
548.406
548.406
548.406
747.875
747.875
747.875
747.875
747.875
447.688
447.688
447.688
447.688
447.688
375.625
375.625
375.625
375.625
375.625
497.25
497.25
497.25
497.25
497.25
510.357
510.357
510.357
510.357
510.357
321.74
321.74
321.74
321.74
321.74
454.968
454.968
454.968
454.968
454.968
679
679
679
679
679
495.952
495.952
495.952
495.952
495.952
659.875
659.875
659.875
659.875
659.875
452.702
452.702
452.702
452.702
452.702
564.266
564.266
564.266
564.266
564.266
539.799
539.799
539.799
539.799
539.799
473.01
473.01
473.01
473.01
473.01
479.685
479.685
479.685
479.685
479.685
365.671
365.671
365.671
365.671
365.671
619.237
619.237
619.237
619.237
619.237
430.703
430.703
430.703
430.703
430.703
363.984
363.984
363.984
363.984
363.984
514.854
514.854
514.854
514.854
514.854
629
629
629
629
629
397.336
397.336
397.336
397.336
397.336
278.961
278.961
278.961
278.961
278.961
388.518
388.518
387.629
387.629
387.629
564.625
564.625
564.625
564.625
564.625
413.219
413.219
413.219
413.219
413.219
591.594
591.594
591.594
591.594
591.594
567.661
567.661
567.661
567.661
567.661
241.902
241.902
241.902
241.902
241.902
414.078
414.078
414.078
414.078
414.078
691.281
691.281
691.281
691.281
691.281
455.875
455.875
455.875
455.875
455.875
401.452
401.452
401.452
401.452
401.452
568.375
568.375
568.375
568.375
568.375
460.125
460.125
460.125
460.125
460.125
473.313
473.313
473.313
473.313
473.313
575.582
575.582
575.582
575.582
575.582
365.093
365.093
365.093
365.093
365.093
526.75
526.75
526.75
526.75
526.75
534.313
534.313
534.313
534.313
534.313
533.808
533.808
533.808
533.808
533.808
455.177
455.177
455.177
455.177
455.177
548.75
548.75
548.75
548.75
548.75
355.406
355.406
355.406
355.406
355.406
252.395
252.395
252.395
252.395
252.395
298.375
298.375
298.375
298.375
298.375
589.563
589.563
589.563
589.563
589.563
462.125
462.125
462.125
462.125
462.125
749.156
749.156
749.156
749.156
749.156
596.329
596.329
596.329
596.329
596.329
340.116
340.116
340.116
340.116
340.116
315.268
315.268
315.268
315.268
315.268
510.385
510.385
510.385
510.385
510.385
370.5
370.5
370.5
370.5
370.5
564.738
564.738
564.738
564.738
564.738
553.394
553.394
553.394
553.394
553.394
429.824
429.824
429.824
429.824
429.824
624.25
624.25
624.25
624.25
624.25
177.825
177.825
177.825
177.825
177.825
752.613
752.613
752.613
752.613
752.613
601.02
601.02
601.02
601.02
601.02
554.789
554.789
554.789
554.789
554.789
561.875
561.875
561.875
561.875
561.875
505.156
505.156
505.156
505.156
505.156
392.5
392.5
392.5
392.5
392.5
404.463
404.463
404.463
404.463
404.463
0
0
0
0
0
555.002
555.002
555.002
555.002
555.002
507.109
507.109
507.109
507.109
507.109
578.09
577.586
577.586
577.586
577.586
420
420
420
420
420
444.836
444.836
444.836
444.836
444.836
654.875
654.875
654.875
654.875
654.875
549
549
549
549
549
511.578
511.578
511.578
511.578
511.578
231.01
231.01
231.01
231.01
231.01
260.85
260.85
260.85
260.85
260.85
340.816
340.816
340.816
340.816
340.816
510.426
510.426
510.426
510.426
510.426
509.813
509.813
509.813
509.813
509.813
623.668
623.668
623.668
623.668
623.668
478.375
478.375
478.375
478.375
478.375
533.672
533.672
533.672
533.672
533.672
598.359
598.359
598.359
598.359
598.359
373.359
373.359
373.359
373.359
373.359
530.6
530.6
530.6
530.6
530.6
230.75
230.75
230.75
230.75
230.75
539.829
539.829
539.829
539.829
539.829
505.919
505.919
505.919
505.919
505.919
536.844
536.844
536.844
536.844
536.844
656.134
656.134
656.134
656.134
656.134
534.609
534.609
534.609
534.609
534.609
361
361
361
361
361
399.5
399.5
399.5
399.5
399.5
633.198
633.198
633.198
633.198
642.458
638.25
638.25
638.25
638.25
638.25
531.696
531.696
531.696
531.696
531.696
505.551
505.551
505.551
505.551
505.551
536.148
536.148
536.148
536.148
536.148
319.975
319.975
319.975
319.975
319.975
366.361
366.361
366.361
366.361
366.361
716.5
716.5
716.5
716.5
716.5
550.956
550.956
550.956
550.956
550.956
527.598
527.598
527.598
527.598
527.598
380.911
380.911
380.911
380.911
380.911
345.934
345.934
345.934
345.934
345.934
371.5
371.5
371.5
371.5
371.5
394.429
394.429
394.429
394.429
394.429
418.328
418.328
418.328
418.328
418.328
551.164
551.164
551.164
551.164
551.164
563.375
563.375
563.375
563.375
563.375
611.961
611.961
611.961
611.961
611.961
354.16
354.16
354.16
354.16
354.16
280.518
280.518
280.518
280.518
280.518
479.758
479.758
479.758
479.758
479.758
500.429
500.429
500.429
500.429
500.429
472.188
472.188
472.188
472.188
472.188
383.219
383.219
383.219
383.219
383.219
605.328
605.328
605.328
605.328
605.328
171.875
171.875
171.875
171.875
171.875
660.875
660.875
660.875
660.875
660.875
410.344
410.344
410.344
410.344
410.344
664.75
664.75
664.75
664.75
664.75
620.787
620.787
620.787
620.787
620.787
479.063
479.063
479.063
479.063
479.063
643.637
643.637
643.637
643.637
643.637
428.309
428.309
428.309
428.309
428.309
308.852
308.852
308.852
308.852
308.852
426.422
426.422
426.422
426.422
426.422
557.875
557.875
557.875
557.875
557.875
347.5
347.5
347.5
347.5
347.5
574.916
574.916
574.916
574.916
574.916
677.313
677.313
677.313
677.313
677.313
453.041
453.041
453.041
453.041
453.041
453.281
453.281
453.281
453.281
453.281
624.428
624.428
624.428
624.428
624.428
367.75
367.75
367.75
367.75
367.75
411.805
411.805
411.805
411.805
411.805
637.938
637.938
637.938
637.938
637.938
489.672
489.672
489.672
489.672
489.672
531.75
531.75
531.75
531.75
531.75
600.14
600.14
600.14
600.14
600.14
513
513
513
513
513
490.406
490.406
490.406
490.406
490.406
526.266
526.266
526.266
526.266
526.266
532.813
532.813
532.813
532.813
532.813
121
121
121
121
121
551.859
551.859
551.859
551.859
551.859
646.484
646.484
646.484
646.484
646.484
315.109
315.109
315.109
315.109
315.109
588.289
588.289
588.289
588.289
588.289
363.899
363.899
363.899
363.899
363.899
558.349
558.349
558.349
558.349
558.349
483.875
483.875
483.875
483.875
483.875
441.002
441.002
441.002
441.002
441.002
544.842
544.842
544.842
544.842
544.842
480.075
480.075
480.075
480.075
480.075
418.577
418.577
418.577
418.577
418.577
584.469
584.469
584.469
584.469
584.469
508.25
508.25
508.25
508.25
508.25
660.156
660.156
660.156
660.156
660.156
300.781
300.781
300.781
300.781
300.781
305.848
305.848
305.848
305.848
305.848
697.621
697.621
697.621
697.621
697.621
458.504
458.504
458.504
458.504
458.504
522.679
522.679
522.679
522.679
522.679
600.938
600.938
600.938
600.938
600.938
336.781
336.781
336.781
336.781
336.781
263.133
263.133
263.133
263.133
263.133
495.586
495.586
495.586
495.586
495.586
497.016
497.016
497.016
497.016
497.016
549.596
549.596
549.596
549.596
549.596
474.543
474.543
474.543
474.543
474.543
728.942
728.942
728.942
728.942
728.942
348.547
348.547
348.547
348.547
348.547
538.492
538.492
538.492
538.492
538.492
589.961
589.961
589.961
589.961
589.961
767.736
767.736
767.736
767.736
767.736
465.141
465.141
465.141
465.141
465.141
487.281
487.281
487.281
487.281
487.281
594.781
594.781
594.781
594.781
594.781
581.313
581.313
581.313
581.313
581.313
678.781
678.781
678.781
678.781
678.781
630.49
630.49
630.49
630.49
630.49
595.375
595.375
595.375
595.375
595.375
560.5
560.5
560.5
560.5
560.5
630.845
630.845
630.845
638.347
638.347
631.75
631.75
631.75
631.75
631.75
452.563
452.563
452.563
452.563
452.563
388.97
388.97
388.97
388.97
388.97
461.032
461.032
461.032
461.032
461.032
547.75
547.75
547.75
547.75
547.75
225
225
225
225
225
632
632
632
632
632
605
605
605
605
605
606.559
606.559
606.559
606.559
606.559
522.313
522.313
522.313
522.313
522.313
557.216
557.216
557.216
557.216
557.216
237.055
237.055
237.055
237.055
237.055
690.656
690.656
690.656
690.656
690.656
526.125
526.125
526.125
526.125
526.125
563.609
563.609
563.609
563.609
563.609
543.524
543.524
543.524
543.524
543.524
605.781
605.781
605.781
605.781
605.781
353.406
353.406
353.406
353.406
353.406
510.745
510.745
510.745
510.745
510.745
396.602
396.602
396.602
396.602
396.602
386.453
386.453
386.453
386.453
386.453
423.5
423.5
423.5
423.5
423.5
599.188
599.188
599.188
599.188
599.188
580.25
580.25
580.25
580.25
580.25
667.836
667.836
667.836
667.836
667.836
451.707
451.707
451.707
451.707
451.707
625.943
625.943
625.943
625.943
625.943
559.954
559.954
559.954
559.954
559.954
496.477
496.477
496.477
496.477
496.477
476.125
476.125
476.125
476.125
476.125
253.5
253.5
253.5
253.5
253.5
627.514
627.514
627.514
627.514
627.514
392.039
392.039
392.039
392.039
392.039
495.984
495.984
495.984
495.984
495.984
648.961
648.961
648.961
648.961
648.961
550.906
550.906
550.906
550.906
550.906
585
585
585
585
585
589.344
589.344
589.344
589.344
589.344
563
563
563
563
563
465.484
465.484
465.484
465.484
465.484
372.25
372.25
372.25
372.25
372.25
764.859
764.859
764.859
764.859
764.859
736.906
736.906
736.906
736.906
736.906
698.766
698.766
698.766
698.766
698.766
374.25
374.25
374.25
374.25
374.25
283.016
283.016
283.016
283.016
283.016
430.719
430.719
430.719
430.719
430.719
658.541
658.541
658.541
658.541
658.541
670.578
670.047
670.047
670.047
670.047
319.924
319.924
319.924
319.924
319.924
570.168
570.168
570.168
570.168
570.168
498.065
498.065
498.065
498.065
498.065
693.313
693.313
693.313
693.313
693.313
594.983
594.983
594.983
594.983
594.983
555.688
555.688
555.688
555.688
555.688
447.625
447.625
447.625
447.625
447.625
627.977
627.977
627.977
627.977
627.977
413
413
413
413
413
303.865
303.865
303.865
303.865
303.865
665.141
665.141
665.141
665.141
665.141
494.688
494.688
494.688
494.688
494.688
447.875
447.875
447.875
447.875
447.875
464.867
464.867
464.867
464.867
464.867
640
640
640
640
640
414
414
414
414
414
457.829
457.829
457.829
457.829
457.829
560.5
560.5
560.5
560.5
560.5
508.585
508.585
508.585
508.585
508.585
410.516
410.516
410.516
410.516
410.516
505.305
505.305
505.305
505.305
505.305
505.125
505.125
505.125
505.125
632.25
287.75
287.75
287.75
287.75
287.75
392.125
392.125
392.125
392.125
392.125
421.625
421.625
421.625
421.625
421.625
375.21
375.21
375.21
375.21
375.21
284.686
284.686
284.686
284.686
284.686
514.041
514.041
514.041
514.041
514.041
435.872
435.872
435.872
435.872
435.872
599.25
599.25
599.25
599.25
599.25
347.068
347.068
347.068
347.068
347.068
321.301
321.301
321.301
321.301
321.301
649.436
649.436
649.436
649.436
649.436
368.19
368.19
368.19
368.19
368.19
555.598
555.598
555.598
555.598
555.598
320.358
320.358
320.358
320.358
320.358
373.519
373.519
373.519
373.519
373.519
722.492
722.492
722.492
722.492
722.492
317.008
317.008
317.008
317.008
317.008
633.125
633.125
633.125
633.125
633.125
506.369
506.369
506.369
506.369
506.369
595.563
595.563
595.563
595.563
595.563
599.026
599.026
599.026
599.026
599.026
665.5
665.5
665.5
665.5
665.5
333.813
333.813
333.813
333.813
333.813
640.677
640.677
640.677
640.677
640.677
362.25
362.25
362.25
362.25
362.25
562.32
562.32
562.32
562.32
562.32
549.375
549.375
549.375
549.375
549.375
712.125
712.125
712.125
712.125
712.125
572.694
572.694
572.694
572.694
572.694
483.451
485.152
485.152
485.152
485.152
388.809
388.809
388.809
388.809
388.809
483.296
483.296
483.296
483.296
483.296
527.531
527.531
527.531
527.531
527.531
500.625
500.625
500.625
500.625
500.625
732.384
732.384
732.384
732.384
732.384
272.209
272.209
272.209
272.209
272.209
682.872
682.872
682.872
682.872
682.872
448.983
448.983
448.983
448.983
448.983
514.856
514.856
514.856
514.856
514.856
589.835
589.835
589.835
589.835
589.835
717.453
717.453
717.453
717.453
717.453
374.859
374.859
374.859
374.859
374.859
439.063
439.063
439.063
439.063
439.063
515.199
515.199
515.199
515.199
515.199
637.207
637.207
637.207
637.207
637.207
623.009
623.009
623.009
623.009
623.009
660.313
660.313
660.313
660.313
660.313
676.652
676.652
676.652
676.652
676.652
690
690
690
690
690
324.25
324.25
324.25
324.25
324.25
516.906
516.906
516.906
516.906
516.906
740.61
740.61
740.61
740.61
740.61
655.656
655.656
655.656
655.656
655.656
503.855
503.855
503.855
503.855
503.855
305.415
305.415
305.415
305.415
305.415
677.5
677.5
677.5
677.5
677.5
435.375
435.375
435.375
435.375
435.375
577.777
577.777
577.777
577.777
577.777
537.624
537.624
537.624
537.624
537.624
551.125
551.125
551.125
551.125
551.125
713.688
713.688
713.688
713.688
713.688
298.261
298.261
298.261
298.261
298.261
509.594
509.594
509.594
509.594
509.594
542.156
542.156
542.156
542.156
542.156
637.092
637.092
637.092
637.092
637.092
475.75
475.75
475.75
475.75
475.75
575.387
575.387
575.387
575.387
575.387
525.642
525.642
525.642
525.642
525.642
483.547
483.547
483.547
483.547
483.547
660.344
660.344
660.344
660.344
660.344
279.25
279.25
279.25
279.25
279.25
587.08
587.08
587.08
587.08
587.08
566.02
566.02
566.02
566.02
566.02
741.125
741.125
741.125
741.125
741.125
409.592
409.592
409.592
409.592
409.592
401.702
401.702
401.702
401.702
401.702
518.016
518.016
518.016
518.016
518.016
637.75
637.75
637.75
637.75
637.75
377.764
377.764
377.764
377.764
377.764
491.375
491.375
491.375
491.375
491.375
649.375
649.375
649.375
649.375
649.375
467.375
467.375
467.375
467.375
467.375
229.461
229.461
229.461
229.461
229.461
472.352
472.352
472.352
472.352
472.352
225
225
225
225
225
354.586
354.586
354.586
354.586
354.586
608.155
608.155
608.155
608.155
608.155
520.536
520.536
520.536
520.536
520.536
216.5
216.5
216.5
216.5
216.5
657.037
657.037
657.037
657.037
657.037
538.5
538.5
538.5
538.5
538.5
385.75
385.75
385.75
385.75
385.75
461.125
461.125
461.125
461.125
461.125
402.789
402.789
402.789
402.789
402.789
281.479
281.479
281.479
281.479
281.479
442.25
442.25
442.25
442.25
442.25
571.547
571.547
571.547
571.547
571.547
538.055
538.055
538.055
538.055
538.055
552.5
552.5
552.5
552.5
552.5
614
614
614
614
614
558.371
558.371
558.371
558.371
558.371
326.047
326.047
326.047
326.047
326.047
304.404
304.404
304.404
304.404
304.404
647.184
647.184
647.184
647.184
647.184
609.922
609.922
609.922
609.922
609.922
624.5
624.5
624.5
624.5
624.5
293.139
293.139
293.139
293.139
293.139
396.719
414.688
414.688
414.688
414.688
437.842
437.842
437.842
437.842
437.842
333.5
333.5
333.5
333.5
333.5
651.85
651.85
651.85
651.85
651.85
502.313
502.313
502.313
502.313
502.313
393.594
393.594
393.594
393.594
393.594
552.766
552.766
552.766
552.766
552.766
613.016
613.016
613.016
613.016
613.016
330.385
330.385
330.385
330.385
330.385
248.125
248.125
248.125
248.125
248.125
650.813
650.813
650.813
650.813
650.813
544.75
544.75
544.75
544.75
544.75
229.351
229.351
229.351
229.351
229.351
537.656
537.656
537.656
537.656
537.656
650.127
650.127
650.127
650.127
650.127
624.625
624.625
624.625
624.625
624.625
642.579
642.579
642.579
642.579
642.579
395.449
395.449
395.449
395.449
395.449
310.301
310.301
310.301
310.301
310.301
760
760
760
760
760
502.406
502.406
502.406
502.406
502.406
533.422
533.422
533.422
533.422
533.422
482.881
482.881
482.881
482.881
482.881
320.875
320.875
320.875
320.875
320.875
606.974
606.974
606.974
606.974
606.974
384.908
384.908
384.908
384.908
384.908
507.6
507.6
507.6
507.6
507.6
572.313
572.313
572.313
572.313
572.313
506.375
506.375
506.375
506.375
506.375
487.5
487.5
487.5
487.5
487.5
647.004
647.004
647.004
647.004
647.004
677.094
677.094
677.094
677.094
677.094
514
514
514
514
514
509.75
509.75
509.75
509.75
509.75
448.794
448.794
448.794
448.794
448.794
531.5
531.5
531.5
531.5
531.5
550
550
550
550
550
726.5
726.5
726.5
726.5
726.5
448.516
448.516
448.516
448.516
448.516
446.039
446.039
446.039
446.039
446.039
772
772
772
772
772
564.242
564.242
564.242
564.242
564.242
502.719
502.719
502.719
502.719
502.719
346.25
346.25
346.25
346.25
346.25
444.625
444.625
444.625
444.625
444.625
318.211
318.211
318.211
318.211
318.211
448.726
448.726
448.726
448.726
448.726
578.482
578.482
578.482
578.482
578.482
393.568
393.568
393.568
393.568
393.568
551.75
551.75
551.75
551.75
551.75
487.438
487.438
487.438
487.438
487.438
737.883
737.883
737.883
737.883
737.883
521.087
521.087
521.087
521.087
521.087
660.643
660.643
660.643
660.643
660.643
454.078
454.078
454.078
454.078
454.078
686.505
686.505
686.505
686.505
686.505
395.886
395.886
395.886
395.886
395.886
594.5
594.5
594.5
594.5
594.5
493.969
493.969
493.969
493.969
493.969
315.799
315.799
315.799
315.799
315.799
587.875
587.875
587.875
587.875
587.875
660.188
660.188
660.188
660.188
660.188
603.313
603.313
603.313
603.313
603.313
419.781
419.781
419.781
419.781
419.781
428.938
428.938
428.938
428.938
428.938
489.75
489.75
489.75
489.75
489.75
506.523
506.523
506.523
506.523
506.523
668.063
668.063
668.063
668.063
668.063
562.875
562.875
562.875
562.875
562.875
608.583
608.583
608.583
608.583
608.583
560
560
560
560
560
328.787
328.787
328.787
328.787
328.787
557.502
557.502
557.502
557.502
557.502
704.389
704.389
704.389
704.389
704.389
381.339
381.339
381.339
381.339
381.339
463.391
463.391
463.391
463.391
463.391
522.797
522.797
522.797
522.797
522.797
303.719
303.719
303.719
303.719
303.719
237
237
237
237
237
111
111
111
111
111
524.256
524.256
524.256
524.256
524.256
610.629
610.629
610.629
610.629
610.629
418.496
418.496
418.496
418.496
418.496
528.278
500.056
500.056
500.056
500.056
585.5
585.5
585.5
585.5
585.5
249.789
249.789
249.789
249.789
249.789
462.5
462.5
462.5
462.5
462.5
634.031
634.031
634.031
634.031
634.031
560.889
560.889
560.889
560.889
560.889
662.933
662.933
662.933
662.933
662.933
508.938
508.938
508.938
508.938
508.938
389.563
389.563
389.563
389.563
389.563
295.063
295.063
295.063
295.063
295.063
651.566
651.566
651.566
651.566
651.566
613.875
613.875
613.875
613.875
613.875
380.063
380.063
380.063
380.063
380.063
452
452
452
452
452
660.5
660.5
660.5
660.5
660.5
374.715
374.715
374.715
374.715
374.715
603.463
603.463
603.463
603.463
603.463
605.855
605.855
605.855
605.855
605.855
577.07
577.07
577.07
577.07
577.07
385.99
385.99
385.99
385.99
385.99
735.875
735.875
735.875
735.875
735.875
426.875
426.875
426.875
426.875
426.875
448.52
448.52
448.52
448.52
448.52
498.824
498.824
498.824
498.824
498.824
399.5
399.5
399.5
399.5
399.5
698.25
698.25
698.25
698.25
698.25
378.207
378.207
378.207
378.207
378.207
547.523
547.523
547.523
547.523
547.523
602.104
602.104
602.104
602.104
602.104
352.65
352.65
352.65
352.65
352.65
378.717
378.717
378.717
378.717
378.717
458
458
458
458
458
558.945
558.945
558.945
558.945
558.945
219.203
219.203
219.203
219.203
219.203
784.5
784.5
784.5
784.5
784.5
404.447
404.447
404.447
404.447
404.447
539.16
539.16
539.16
539.16
539.16
382.219
382.219
382.219
382.219
382.219
592.5
592.5
592.5
592.5
592.5
618.125
618.125
734.25
734.25
734.25
684.004
685.641
685.641
685.641
685.641
574.16
574.16
574.16
574.16
574.16
391.571
391.571
391.571
391.571
391.571
409.219
409.219
409.219
409.219
409.219
669.529
669.529
669.529
669.529
669.529
369.754
369.754
369.754
369.754
369.754
539.961
539.961
539.961
539.961
539.961
564.555
564.555
564.555
564.555
564.555
591.621
591.621
591.621
591.621
591.621
591.586
591.586
591.586
591.586
591.586
426.291
426.291
426.291
426.291
426.291
557.387
557.387
557.387
557.387
557.387
596.313
596.313
596.313
596.313
596.313
494
494
494
494
494
672.313
672.313
672.313
672.313
672.313
475.644
475.644
475.644
475.644
475.644
609.615
609.615
609.615
609.615
609.615
430.875
430.875
430.875
430.875
430.875
467.188
467.188
467.188
467.188
467.188
461.25
461.25
461.25
461.25
461.25
646.125
646.125
646.125
646.125
646.125
602.148
602.148
602.148
602.148
602.148
279.781
279.781
279.781
279.781
279.781
538.729
538.729
538.729
538.729
538.729
468.352
468.352
468.352
468.352
468.352
452.719
452.719
452.719
452.719
452.719
458.414
458.414
458.414
458.414
458.414
381.766
381.766
381.766
381.766
381.766
478.089
478.089
478.089
478.089
478.089
478.625
478.625
478.625
478.625
478.625
566.25
566.25
566.25
566.25
566.25
713
713
713
713
713
498.938
498.938
498.938
498.938
498.938
711.219
711.219
711.219
711.219
711.219
498.939
498.939
498.939
498.939
498.939
491.75
491.75
491.75
491.75
491.75
663.641
663.641
663.641
663.641
663.641
549.549
549.549
549.549
549.549
549.549
390.473
390.473
390.473
390.473
390.473
733.5
733.5
733.5
733.5
733.5
398.75
398.75
398.75
398.75
398.75
377.094
377.094
377.094
377.094
377.094
679.015
679.015
679.015
679.015
679.015
634.272
634.272
634.272
634.272
634.272
579.125
579.125
579.125
579.125
579.125
517.125
517.125
517.125
517.125
517.125
470.5
470.5
470.5
470.5
470.5
563.563
563.563
563.563
563.563
563.563
565.938
565.938
565.938
565.938
565.938
659.442
659.442
659.442
659.442
659.442
711.25
711.25
711.25
711.25
711.25
626.563
626.563
626.563
626.563
626.563
222.123
222.123
222.123
222.123
222.123
607.82
607.82
607.82
607.82
607.82
522.762
522.762
522.762
522.762
522.762
437.521
437.521
437.521
437.521
437.521
651.5
651.5
651.5
651.5
651.5
654.695
654.695
654.695
654.695
654.695
260.375
260.375
260.375
260.375
260.375
578.75
578.75
578.75
578.75
578.75
427.563
427.563
427.563
427.563
427.563
571.448
571.448
571.448
571.448
571.448
623.313
623.313
623.313
623.313
623.313
503.75
503.75
503.75
503.75
503.75
297.141
297.141
297.141
297.141
297.141
538.604
538.604
538.604
538.604
538.604
536.827
536.827
536.827
536.827
536.827
332.589
332.589
332.589
332.589
332.589
485.414
485.414
485.414
485.414
485.414
295.625
295.625
295.625
295.625
295.625
528.84
528.84
528.84
528.84
528.84
574.75
574.75
574.75
574.75
574.75
370.906
370.906
370.906
370.906
370.906
622.287
622.287
622.287
622.287
622.287
284.231
284.231
284.231
284.231
284.231
511.953
511.953
511.953
511.953
511.953
646.956
646.956
646.956
646.956
646.956
340.799
340.799
340.799
340.799
340.799
510.5
510.5
510.5
510.5
510.5
328.798
328.798
328.798
328.798
328.798
454.5
454.5
454.5
454.5
454.5
617.962
617.962
617.962
617.962
617.962
273.313
273.313
273.313
273.313
273.313
478.125
478.125
478.125
478.125
478.125
296.031
296.031
296.031
296.031
296.031
189.782
189.782
189.782
189.782
189.782
300.523
300.523
300.523
300.523
300.523
357.769
357.769
357.769
357.769
357.769
314.32
314.32
314.32
314.32
314.32
234.599
234.599
234.599
234.599
234.599
151.337
151.337
151.337
151.337
151.337
718.625
718.625
718.625
718.625
718.625
493.5
493.5
493.5
493.5
493.5
451.633
451.633
451.633
451.633
451.633
289.809
289.809
289.809
289.809
289.809
356.51
356.51
356.51
356.51
356.51
340.688
340.688
340.688
340.688
340.688
509.547
509.547
509.547
509.547
509.547
711.797
711.797
711.797
711.797
711.797
377.788
377.788
377.788
377.788
377.788
580.4
580.4
580.4
580.4
580.4
455.25
455.25
455.25
455.25
455.25
572.633
572.633
572.633
572.633
572.633
450.813
450.813
450.813
450.813
450.813
565.063
565.063
565.063
565.063
565.063
482.528
482.513
482.513
482.513
482.513
565.055
565.055
565.055
565.055
565.055
350.177
350.177
350.177
350.177
350.177
453.25
453.25
453.25
453.25
453.25
632.188
632.188
632.188
632.188
632.188
536.18
536.18
536.18
536.18
536.18
695
695
695
695
695
632.32
632.32
632.32
632.32
632.32
403.791
403.791
403.791
403.791
403.791
583.469
583.469
583.469
583.469
583.469
303.012
303.012
303.012
303.012
303.012
477.438
477.438
477.438
477.438
477.438
438.25
438.25
438.25
438.25
438.25
531.269
531.269
531.269
531.269
531.269
515.25
515.25
515.25
515.25
515.25
558.375
558.375
558.375
558.375
558.375
302.93
302.93
302.93
302.93
302.93
289.656
289.656
289.656
289.656
289.656
582.366
582.366
582.366
582.366
582.366
514.5
514.5
514.5
514.5
514.5
236.313
236.313
236.313
236.313
236.313
389.101
389.101
389.101
389.101
389.101
266.041
266.041
266.041
266.041
266.041
419.727
421.611
421.611
421.611
421.611
609.859
609.859
609.859
609.859
609.859
682
682
682
682
682
705.875
705.875
705.875
705.875
705.875
552
552
552
552
552
205.144
205.144
205.144
205.144
205.144
411.813
411.813
411.813
411.813
411.813
407.651
407.651
407.651
407.651
407.651
355.125
355.125
355.125
355.125
355.125
688.672
688.672
688.672
688.672
688.672
688.75
688.75
688.75
688.75
688.75
593.38
593.38
593.38
593.38
593.38
537.5
537.5
537.5
537.5
537.5
502.719
502.719
502.719
502.719
502.719
693.37
693.37
693.37
693.37
693.37
635.007
635.007
635.007
635.007
635.007
625.195
625.195
625.195
625.195
625.195
515.248
515.248
515.248
515.248
515.248
477.357
477.357
477.357
477.357
477.357
289.855
289.855
289.855
289.855
289.855
584.156
584.156
584.156
584.156
584.156
570.37
570.37
570.37
570.37
570.37
351.5
351.5
351.5
351.5
351.5
571.572
571.572
571.572
571.572
571.572
513.469
513.469
513.469
513.469
513.469
375.26
375.26
375.26
375.26
375.26
414.813
404.5
404.5
404.5
404.5
744.654
744.654
744.654
744.654
744.654
582.336
582.336
582.336
582.336
582.336
427.67
427.67
427.67
427.67
427.67
435.617
435.617
435.617
435.617
435.617
397.02
397.02
397.02
397.02
397.02
493.639
493.639
493.639
493.639
493.639
550.813
550.813
550.813
550.813
550.813
555
555
555
555
555
240.888
240.888
240.888
240.888
240.888
642.824
642.824
642.824
642.824
642.824
342.01
342.01
342.01
342.01
342.01
332.242
332.242
332.242
332.242
332.242
501.922
501.922
501.922
501.922
501.922
514.25
514.25
514.25
514.25
514.25
494.052
494.052
494.052
494.052
494.052
486.172
486.172
486.172
486.172
486.172
479.547
479.547
479.547
479.547
479.547
666.678
666.678
666.678
666.678
666.678
549
549
549
549
549
176.435
176.435
176.435
176.435
176.435
557.591
557.591
557.591
557.591
557.591
545.75
545.75
545.75
545.75
545.75
521.879
521.879
521.879
521.879
521.879
280.5
280.5
280.5
280.5
280.5
582.478
582.478
582.478
582.478
582.478
221.121
221.121
221.121
221.121
221.121
667.181
667.181
667.181
667.181
667.181
219.575
219.575
219.575
219.575
219.575
506.047
506.047
506.047
506.047
506.047
451.578
451.578
451.578
451.578
451.578
556.172
556.172
556.172
556.172
556.172
571.641
571.641
571.641
571.641
571.641
459.934
459.934
459.934
459.934
459.934
345.418
345.418
345.418
345.418
345.418
524.875
524.875
524.875
524.875
524.875
371.158
371.158
371.158
371.158
371.158
386.988
386.988
386.988
386.988
386.988
744.539
744.539
744.539
744.539
744.539
575.52
575.52
575.52
575.52
575.52
587.125
587.125
587.125
587.125
587.125
468.324
468.324
468.324
468.324
468.324
711.25
711.25
711.25
711.25
711.25
748.656
748.656
748.656
748.656
748.656
465.227
465.227
465.227
465.227
465.227
585.672
585.672
585.672
585.672
585.672
454.25
454.25
454.25
454.25
454.25
345.416
345.416
345.416
345.416
345.416
361.943
361.943
361.943
361.943
361.943
574.375
574.375
574.375
574.375
574.375
591.406
591.406
591.406
591.406
591.406
681.875
681.875
681.875
681.875
681.875
371.438
371.438
371.438
371.438
371.438
417.78
417.78
417.78
417.78
417.78
337
337
337
337
337
514.018
514.018
514.018
514.018
514.018
574.672
574.672
574.672
574.672
574.672
379.164
379.164
379.164
379.164
379.164
628.086
628.086
628.086
628.086
628.086
250.156
250.156
250.156
250.156
250.156
567.598
567.598
567.598
567.598
567.598
530
530
530
530
530
621.902
621.902
621.902
621.902
621.902
363.782
363.782
363.782
363.782
363.782
317.559
317.559
317.56
411.619
411.619
495.225
495.225
495.225
495.225
495.225
321.46
321.46
321.46
321.46
321.46
375.219
375.219
375.219
375.219
375.219
282.339
282.339
282.339
282.339
282.339
550.234
550.234
550.234
550.234
550.234
428.741
428.741
428.741
428.741
428.741
143.953
143.953
143.953
143.953
143.953
286.68
286.68
286.68
286.68
286.68
516.863
516.863
516.863
516.863
516.863
415.281
415.281
415.281
415.281
415.281
507.031
507.031
507.031
507.031
507.031
534.479
534.479
534.479
534.479
534.479
467.688
467.688
467.688
467.688
467.688
444.703
444.703
444.703
444.703
444.703
499.008
499.008
499.008
499.008
499.008
356.082
356.082
356.082
356.082
356.082
345.344
345.344
345.344
345.344
345.344
690.625
690.625
690.625
690.625
690.625
506.875
506.875
506.875
506.875
506.875
499.156
499.156
499.156
499.156
499.156
619.094
619.094
619.094
619.094
619.094
648.703
648.703
648.703
648.703
648.703
662.289
662.289
662.289
662.289
662.289
517.922
517.922
517.922
517.922
517.922
510
510
510
510
510
657.172
657.172
657.172
657.172
657.172
528.258
528.258
528.258
528.258
528.258
357.902
357.902
357.902
357.902
357.902
556.746
556.746
556.746
556.746
556.746
487.814
487.814
487.814
487.814
487.814
352.859
352.859
352.859
352.859
352.859
322.928
322.928
322.928
322.928
322.928
612.27
612.27
612.27
612.27
612.27
452
452
452
452
452
387.813
387.813
387.813
387.813
387.813
641.75
641.75
641.75
641.75
641.75
530.747
530.747
519.244
519.244
519.244
659.523
659.523
659.523
659.523
659.523
630
630
630
630
630
410.217
410.217
410.217
410.217
410.217
508.906
508.906
508.906
508.906
508.906
440.375
440.375
440.375
440.375
440.375
477.16
477.16
477.16
477.16
477.16
476.5
476.5
476.5
476.5
476.5
512.688
512.688
512.688
512.688
512.688
560.5
560.5
560.5
560.5
560.5
703.898
703.898
703.898
703.898
710.797
420.329
420.329
420.329
420.329
420.329
399.453
399.453
399.453
399.453
399.453
546.603
546.603
546.603
546.603
546.603
566.664
566.664
566.664
566.664
566.664
350
350
350
350
350
496.819
496.819
496.819
496.819
496.819
637.51
637.51
637.51
637.51
637.51
474
474
474
474
474
608.122
608.122
608.122
608.122
608.122
539.188
539.188
539.188
539.188
539.188
680.5
680.5
680.5
680.5
680.5
517.468
517.468
517.468
517.468
517.468
568.938
568.938
568.938
568.938
568.938
395.114
395.114
395.114
395.114
395.114
578.125
578.125
578.125
578.125
578.125
395.531
395.531
395.531
395.531
395.531
565.656
565.656
565.656
565.656
565.656
661.828
661.828
661.828
661.828
661.828
515.266
515.266
515.266
515.266
515.266
636.429
636.429
636.429
636.429
636.429
642.656
642.656
642.656
642.656
642.656
578.828
578.828
578.828
578.828
578.828
546.25
546.25
546.25
546.25
546.25
528
528
528
528
528
602.25
602.25
602.25
602.25
602.25
436.5
436.5
436.5
436.5
436.5
627.5
627.5
627.5
627.5
627.5
502.145
502.145
502.145
502.145
502.145
409.888
409.888
409.888
409.888
409.888
522.305
522.305
522.305
522.305
522.305
601.438
601.438
601.438
601.438
601.438
593.869
593.869
593.869
593.869
593.869
495.563
495.563
495.563
495.563
495.563
300.583
300.583
300.583
300.583
300.583
210.828
210.828
210.828
210.828
210.828
572.5
572.5
572.5
572.5
572.5
667.332
667.332
667.332
667.332
667.332
659.688
659.688
659.688
659.688
659.688
676.2
676.2
676.2
676.2
676.2
458.625
458.625
458.625
458.625
458.625
464.125
464.125
464.125
464.125
464.125
601.625
601.625
601.625
601.625
601.625
656.992
656.992
656.992
656.992
656.992
281.346
281.346
281.346
281.346
281.346
346.325
346.325
346.325
346.325
346.325
437.486
437.486
437.486
437.486
437.486
642.875
642.875
642.875
642.875
642.875
262.795
262.795
262.795
262.795
262.795
637.277
637.277
637.277
637.277
637.277
436.203
436.203
436.203
436.203
436.203
681.12
681.12
681.12
681.12
681.12
684.991
684.991
684.991
684.991
684.991
355.703
355.703
355.703
355.703
355.703
554.125
554.125
554.125
554.125
554.125
641.75
641.75
641.75
641.75
641.75
520.289
520.289
520.289
520.289
520.289
433
433
433
433
433
313.875
313.875
313.875
313.875
313.875
272.211
272.211
272.211
272.211
272.211
273.813
273.813
273.813
273.813
273.813
519.328
519.328
519.328
519.328
519.328
335.684
335.684
335.684
335.684
335.684
514.755
514.755
514.755
514.755
514.755
414
414
414
414
414
480.511
480.511
480.511
480.511
480.511
582.188
582.188
582.188
582.188
582.188
633.545
633.545
633.545
633.545
633.545
567.133
567.133
567.133
567.133
567.133
560.418
560.418
560.418
560.418
560.418
554.5
554.5
554.5
554.5
554.5
718.75
718.75
718.75
718.75
718.75
666.313
666.313
666.313
666.313
666.313
283.53
283.53
283.53
283.53
283.53
588.297
588.297
588.297
588.297
588.297
624.289
624.289
624.289
624.289
624.289
510.375
510.375
510.375
510.375
510.375
450.586
450.586
450.586
450.586
450.586
469.699
469.699
469.699
469.699
469.699
433.012
433.012
433.012
433.012
433.012
254.573
254.573
254.573
254.573
254.573
411.666
411.666
411.666
411.666
411.666
605.948
605.948
605.948
605.948
605.948
489.047
489.047
489.047
489.047
489.047
593.58
593.58
593.58
593.58
593.58
506.5
506.5
506.5
506.5
506.5
335.452
335.452
335.452
335.452
335.452
648.625
648.625
648.625
648.625
648.625
511.593
511.593
511.593
511.593
511.593
560.938
560.938
560.938
560.938
560.938
587.232
587.232
587.232
587.232
587.232
467.9
467.9
467.9
467.9
467.9
496.75
496.75
496.75
496.75
496.75
742.719
742.719
742.719
742.719
742.719
440.703
440.703
440.703
440.703
440.703
627.625
627.625
627.625
627.625
627.625
268.156
268.156
268.156
268.156
268.156
577.625
577.625
577.625
577.625
577.625
397.734
397.734
397.734
397.734
397.734
484.667
484.667
484.667
484.667
484.667
476.252
476.252
476.252
476.252
476.252
510.046
510.046
510.046
510.046
510.046
470.422
470.422
470.422
470.422
470.422
681.266
681.266
681.266
681.266
681.266
329.813
329.813
329.813
329.813
329.813
0
