0
0
0
0
629.009
629.009
629.009
629.009
629.009
723.286
723.286
723.286
723.286
723.286
651.664
651.664
651.664
651.664
651.664
550.467
550.467
550.467
550.467
550.467
427.125
427.125
427.125
427.125
427.125
679.258
679.258
679.258
679.258
679.258
657.667
657.667
657.667
657.667
657.667
526.404
526.404
526.404
526.404
526.404
136.607
136.607
136.607
136.607
136.607
359.221
359.221
359.221
359.221
359.221
481.301
481.301
481.301
481.301
481.301
722.17
722.17
722.17
722.17
722.17
158.838
158.838
158.838
158.838
158.838
549.031
549.031
549.031
549.031
549.031
288.487
288.487
288.487
288.487
288.487
528.867
528.867
528.867
528.867
528.867
480.461
480.461
480.461
480.461
480.461
658.625
658.625
658.625
658.625
658.625
498.667
498.667
498.667
498.667
498.667
377.156
377.156
377.156
377.156
377.156
476.845
476.845
476.845
476.845
476.845
748.848
748.848
748.848
748.848
748.848
778.019
778.019
778.019
778.019
778.019
781.83
781.83
781.83
781.83
781.83
738.783
738.783
738.783
738.783
738.783
772.948
772.948
771.897
771.897
771.897
783.563
783.563
783.563
783.563
783.563
766.697
766.697
766.697
766.697
766.697
722.992
722.992
722.992
722.992
722.992
776.513
776.513
776.513
776.513
776.513
784.898
784.898
785.859
785.859
785.859
779.448
779.448
779.448
779.448
779.448
775.07
775.07
775.07
775.07
775.07
762.993
762.993
762.993
762.993
762.993
760.513
760.513
760.513
760.513
760.513
756.645
756.645
756.645
756.645
756.645
787.39
787.39
787.39
787.39
787.39
749.463
749.463
749.463
749.463
749.463
646.792
646.792
646.792
646.792
646.792
768.01
768.01
768.01
768.01
768.01
475.552
475.552
475.552
475.552
475.552
683.733
683.733
683.733
683.733
683.733
478.172
478.172
478.172
478.172
478.172
649.412
649.412
649.412
649.412
649.412
769.628
769.628
769.628
769.628
769.628
767.633
767.633
767.633
767.633
767.633
748.824
748.824
748.824
748.824
748.824
752.57
752.57
752.57
752.57
752.57
773.684
773.684
773.684
773.684
773.684
604.408
604.408
604.408
604.408
604.408
694.336
694.336
694.336
694.336
694.336
486.58
486.58
486.58
486.58
486.58
772.381
772.381
772.381
772.381
772.381
500.304
500.304
500.304
500.304
500.304
640.166
640.166
640.166
640.166
640.166
781.129
781.129
781.129
781.129
781.129
769.838
769.838
769.838
769.838
769.838
700.272
700.272
700.272
700.272
700.272
728.32
728.32
728.32
728.32
728.32
762.4
762.4
762.4
762.4
762.4
711.827
711.827
711.827
711.827
711.827
543.656
543.656
543.656
543.656
543.656
386.542
386.542
386.542
386.542
386.542
469.854
469.854
469.854
469.854
469.854
440.2
440.2
440.2
440.2
440.2
775.936
775.936
775.936
775.936
775.936
200.917
200.917
200.917
200.917
200.917
252.932
252.932
252.932
252.932
252.932
584.472
584.472
584.472
584.472
584.472
480.813
480.813
480.813
480.813
480.813
596.1
596.1
596.1
596.1
596.1
393.278
393.278
393.278
393.278
393.278
729.983
729.983
729.983
729.983
729.983
722.54
722.54
722.54
722.54
722.54
477.444
477.444
477.444
477.444
477.444
494.701
494.701
494.701
494.701
494.701
562
562
562
562
562
687.462
687.462
687.462
687.462
687.462
763.521
763.521
763.521
763.521
763.521
766.974
766.974
766.974
766.974
766.974
761.631
761.631
761.631
761.631
761.631
753.585
753.585
753.585
753.585
753.585
669.524
669.524
669.524
669.524
669.524
790.48
790.48
790.48
790.48
790.48
776.16
776.16
776.16
776.16
776.16
772.006
772.006
772.006
772.006
772.006
769.489
769.489
769.489
769.489
769.489
755.057
755.057
755.057
755.057
755.057
741.81
741.81
741.81
741.81
741.81
777.818
777.818
777.818
777.818
777.818
743.886
743.886
743.886
743.886
743.886
759.853
759.853
759.853
759.853
759.853
794.053
794.053
794.053
794.053
794.053
771.171
771.171
771.171
771.171
771.171
774.973
774.973
774.973
774.973
774.973
780.847
780.847
780.847
780.847
780.847
757.76
757.76
757.76
757.76
757.76
778.953
778.953
778.953
778.953
778.953
771.255
771.255
771.255
771.255
771.255
748.256
748.256
748.256
748.256
748.256
720.191
720.191
720.191
720.191
720.191
775.972
775.972
775.972
775.972
775.972
688.061
688.061
688.061
688.061
688.061
571.899
571.899
571.899
571.899
571.899
662.554
662.554
662.554
662.554
662.554
453.318
453.318
453.318
453.318
453.318
454.839
454.839
454.839
454.839
454.839
406.125
406.125
406.125
406.125
406.125
345.512
345.512
345.512
345.512
345.512
680.013
680.013
680.013
680.013
680.013
478.016
478.016
478.016
478.016
478.016
552.842
552.842
552.842
552.842
552.842
654.638
654.638
654.638
654.638
654.638
426
426
426
426
426
683.457
683.457
683.457
683.457
683.457
752.477
752.477
752.477
752.477
752.477
755.101
755.101
755.101
755.101
755.101
717.785
717.785
717.785
717.785
717.785
600.011
600.011
600.011
600.011
600.011
547.38
547.38
547.38
547.38
547.38
777.92
777.92
777.92
777.92
777.92
381.202
381.202
381.202
381.202
381.202
690.556
690.556
690.556
690.556
690.556
748.018
748.018
748.018
748.018
748.018
638.423
638.423
638.423
638.423
638.423
489.237
489.237
489.237
489.237
489.237
657.184
657.184
657.184
657.184
657.184
659.316
659.316
659.316
659.316
659.316
679.173
679.173
679.173
679.173
679.173
628.1
628.1
628.1
628.1
628.1
644.125
644.125
644.125
644.125
644.125
749.911
749.911
749.911
749.911
749.911
723.266
723.266
723.266
723.266
723.266
508.191
508.191
508.191
508.191
508.191
627.224
627.224
627.224
627.224
627.224
750.641
750.641
750.641
750.641
750.641
325.205
325.205
325.205
325.205
325.205
605.435
605.435
605.435
605.435
605.435
374.073
374.073
374.073
374.073
374.073
775.913
775.913
775.913
775.913
775.913
770.202
770.202
770.202
770.202
770.202
749.703
749.703
749.703
749.703
749.703
715.941
715.941
715.941
715.941
715.941
701.449
701.449
701.449
701.449
701.449
735.6
735.6
735.6
735.6
735.6
780.749
780.749
780.749
780.749
780.749
786.118
786.118
786.118
786.118
786.118
737.919
737.919
737.919
737.919
737.919
788.883
788.883
788.883
788.883
788.883
781.065
781.065
781.065
781.065
781.065
772.983
772.983
772.983
772.983
772.983
790.08
790.08
790.08
790.08
790.08
756.065
756.065
756.065
756.065
756.065
580.155
580.155
580.155
580.155
580.155
626.329
626.329
626.329
626.329
626.329
469.895
469.895
469.895
469.895
469.895
565.688
565.688
565.688
565.688
565.688
729.017
729.017
729.017
729.017
729.017
557.201
557.201
557.201
557.201
557.201
348.608
348.608
348.608
348.608
348.608
682.736
682.736
682.736
682.736
682.736
771.575
771.575
771.575
771.575
771.575
665.231
665.231
665.231
665.231
665.231
498.12
498.12
498.12
498.12
498.12
407.928
407.928
407.928
407.928
407.928
640.071
640.071
640.071
640.071
640.071
727.363
727.363
727.363
727.363
727.363
506.184
506.184
506.184
506.184
506.184
558.316
558.316
558.316
558.316
558.316
752.822
752.822
752.822
752.822
752.822
746.958
746.958
746.958
746.958
746.958
731.125
731.125
731.125
731.125
731.125
772.583
772.583
772.583
772.583
772.583
743.696
743.696
743.696
743.696
743.696
735.792
735.792
735.792
735.792
735.792
719.801
719.801
719.801
719.801
719.801
730.221
730.221
730.221
730.221
730.221
739.261
739.261
739.261
739.261
739.261
719.511
719.511
719.511
719.511
719.511
664.099
664.099
664.099
664.099
664.099
759.598
759.598
759.598
759.598
759.598
775.828
775.828
775.828
775.828
775.828
781.055
781.055
781.055
781.055
781.055
774.123
774.123
774.123
774.123
774.123
797.157
797.157
797.157
797.157
797.157
772.882
772.882
772.882
772.882
772.882
761.581
761.581
761.581
761.581
761.581
730.209
730.209
730.209
730.209
730.209
775.861
775.861
775.861
775.861
775.861
580.451
580.451
580.451
580.451
580.451
609.604
609.604
609.604
609.604
609.604
711.339
711.339
711.339
711.339
711.339
751.866
751.866
751.866
751.866
751.866
313.032
313.032
313.032
313.032
313.032
376.681
376.681
376.681
376.681
376.681
315.324
315.324
315.324
315.324
315.324
594.461
594.461
594.461
594.461
594.461
336.953
336.953
336.953
336.953
336.953
423.358
423.358
423.358
423.358
423.358
601.503
601.503
601.503
601.503
601.503
373.062
373.062
373.062
373.062
373.062
618.297
618.297
618.297
618.297
618.297
397.037
397.037
397.037
397.037
397.037
362.989
362.989
362.989
362.989
362.989
518.541
518.541
518.541
518.541
518.541
759.056
759.056
759.056
759.056
759.056
760.241
760.241
760.241
760.241
760.241
604.65
604.65
604.65
604.65
604.65
758.768
758.768
758.768
758.768
758.768
691.752
691.752
691.752
691.752
691.752
471.908
471.908
471.908
471.908
471.908
758.836
758.836
758.836
758.836
758.836
725.693
725.693
725.693
725.693
725.693
732.935
732.935
732.935
732.935
732.935
782.85
782.85
782.85
782.85
782.85
779.864
779.864
779.864
779.864
779.864
768.951
768.951
768.951
768.951
768.951
781.868
781.868
781.868
781.868
781.868
778.522
778.522
778.522
778.522
778.522
772.256
772.282
772.282
772.282
772.282
793.104
793.104
793.104
793.104
793.104
786.788
786.788
786.788
786.788
786.788
776.48
776.48
776.48
776.48
776.48
762.816
762.816
762.816
762.816
762.816
769.443
769.443
769.443
769.443
769.443
776.797
777.343
777.343
777.343
777.343
762.459
762.459
762.459
762.459
762.459
780.056
780.056
780.056
780.056
780.056
728.307
728.307
728.307
728.307
728.307
716.658
716.658
716.658
716.658
716.658
743.162
743.162
743.162
743.162
743.162
776.327
776.327
776.327
776.327
776.327
728.779
728.779
728.779
728.779
728.779
427.625
427.625
427.625
427.625
427.625
392
392
392
392
392
513.193
513.193
513.193
513.193
513.193
580.724
580.724
580.724
580.724
580.724
710.222
710.222
710.222
710.222
710.222
772.363
772.363
772.363
772.363
772.363
729.372
729.372
729.372
729.372
729.372
741.259
741.259
741.259
741.259
741.259
561.955
561.955
561.955
561.955
561.955
569.38
569.38
569.38
569.38
569.38
579.072
579.072
579.072
579.072
579.072
324.807
324.807
324.807
324.807
324.807
705.223
705.223
705.223
705.223
705.223
720.559
720.559
720.559
720.559
720.559
606.314
606.314
606.314
606.314
606.314
424.478
424.478
424.478
424.478
424.478
199.82
199.82
199.82
199.82
199.82
579.225
579.225
579.225
579.225
579.225
553.835
553.835
553.835
553.835
553.835
563.8
563.8
563.8
563.8
563.8
610.883
610.883
610.883
610.883
610.883
739.504
739.504
739.504
739.504
739.504
771.556
771.556
771.556
771.556
771.556
746.045
746.045
746.045
746.045
746.045
671.042
671.042
671.042
671.042
671.042
743.901
743.901
743.901
743.901
743.901
599.006
599.006
599.006
599.006
599.006
630.808
630.808
630.808
630.808
630.808
425.46
425.46
425.46
425.46
425.46
449.071
449.071
449.072
449.072
449.072
743.636
743.636
743.636
743.636
743.636
682.254
682.254
682.254
682.254
682.254
698.566
698.566
698.566
698.566
698.566
469.938
469.938
469.938
469.938
469.938
727.297
727.297
727.297
727.297
727.297
708.258
708.258
708.258
708.258
708.258
748.136
748.136
748.136
748.136
748.136
769.658
769.658
769.658
769.658
769.658
539.839
539.839
539.839
539.839
539.839
630.805
630.805
630.805
630.805
630.805
733.371
733.371
733.371
733.371
733.371
782.813
782.813
782.813
782.813
782.813
772.045
772.045
772.045
772.045
772.045
772.39
772.39
772.39
772.39
772.39
656.01
656.01
656.01
656.01
656.01
763.826
763.826
763.826
763.826
763.826
481.182
481.182
481.182
481.182
481.182
365.559
365.559
365.559
365.559
365.559
468.004
468.004
468.004
468.004
468.004
421.533
421.533
421.533
421.533
421.533
539.316
539.316
539.316
539.316
539.316
482.951
482.951
482.951
482.951
482.951
715.481
715.481
715.481
715.481
715.481
717.141
717.141
717.141
717.141
717.141
458.173
458.173
458.173
458.173
458.173
447.975
447.975
447.975
447.975
447.975
663.62
663.62
663.62
663.62
663.62
613.524
613.524
613.524
613.524
613.524
724.293
724.293
724.293
724.293
724.293
789.465
789.465
789.465
789.465
789.465
771.579
771.579
771.579
771.579
771.579
771.72
771.72
771.72
771.72
771.72
752.482
752.482
752.482
752.482
752.482
726.216
726.216
726.216
726.216
726.216
756.892
756.892
756.892
756.892
756.892
750.74
750.74
750.74
750.74
750.74
540.834
540.834
540.834
540.834
540.834
681.164
681.164
681.164
681.164
681.164
534.145
534.145
534.141
534.141
534.141
510.391
510.391
510.391
510.391
510.391
442.687
442.687
442.687
442.687
442.687
360.002
360.002
360.002
360.002
360.002
731.92
731.92
731.92
731.92
731.92
725.723
725.723
725.723
725.723
725.723
760.172
760.172
760.172
760.172
760.172
699.501
699.501
699.501
699.501
699.501
733.038
733.038
733.038
733.038
733.038
602.416
602.416
602.416
602.416
602.416
524.647
524.647
524.647
524.647
524.647
719.187
719.187
719.187
719.187
719.187
207.832
207.832
207.832
207.832
207.832
661.085
661.085
661.085
661.085
661.085
631.222
631.222
631.222
631.222
631.222
587.7
587.7
587.7
587.7
587.7
603.888
603.888
603.888
603.888
603.888
410.778
410.778
410.778
410.778
410.778
135.518
135.518
135.518
135.518
135.518
476.279
476.278
476.278
476.278
476.278
553.106
553.106
553.106
553.106
553.106
452.834
452.834
452.834
452.834
452.834
701.72
701.72
701.72
701.72
701.72
740.035
740.035
740.035
740.035
740.035
768.13
768.13
768.13
768.13
768.13
774.66
774.66
774.66
774.66
774.66
679.057
679.057
679.057
679.057
679.057
727.074
727.074
727.074
727.074
727.074
494.182
494.182
494.182
494.182
494.182
790.574
790.574
790.574
790.574
790.574
753.11
753.11
753.11
753.11
753.11
751.015
751.015
751.015
751.015
751.015
467.513
467.513
467.513
467.513
467.513
316.36
316.36
316.36
316.36
316.36
730.399
730.399
730.399
730.399
730.399
412.547
412.547
412.547
412.547
412.547
762.892
762.892
762.892
762.892
762.892
291.981
291.981
291.981
291.981
291.981
770.318
770.318
770.318
770.318
770.318
674.518
674.518
674.518
674.518
674.518
745.667
745.667
745.667
745.667
745.667
665.144
665.144
665.144
665.144
665.144
438.249
438.249
438.249
438.249
438.249
590.563
590.563
590.563
590.563
590.563
739.932
739.932
739.932
739.932
739.932
720.533
720.533
720.533
720.533
720.533
562.909
562.909
562.909
562.909
562.909
571.794
571.794
571.794
571.794
571.794
329.751
329.751
329.751
329.751
329.751
402.625
402.625
402.625
402.625
402.625
606.689
606.689
606.689
606.689
606.689
304.002
304.002
304.002
304.002
304.002
695.074
695.074
695.074
695.074
695.074
761.873
761.873
761.873
761.873
761.873
704.651
704.651
704.651
704.651
704.651
518.391
518.391
518.396
518.396
518.396
447.074
447.074
447.074
447.074
447.074
742.739
742.739
742.739
742.739
742.739
779.006
779.006
779.006
779.006
779.006
747.148
747.156
747.156
747.156
747.156
775.564
775.564
775.564
775.564
775.564
549.127
549.127
549.127
549.127
549.127
418.044
418.044
418.044
418.044
418.044
604.234
604.234
604.234
604.234
604.234
325.416
325.416
325.416
325.416
325.416
423.225
423.225
423.225
423.225
423.225
543.469
543.469
543.469
543.469
543.469
488.441
488.441
488.441
488.441
488.441
681.395
681.395
681.395
681.395
681.395
731.27
731.27
731.27
731.27
731.27
653.648
653.648
653.648
653.648
653.648
580.115
580.115
580.115
580.115
580.115
584.438
584.438
584.438
584.438
584.438
713.876
713.876
713.876
713.876
713.876
627.445
627.445
627.445
627.445
627.445
610.234
610.234
610.234
610.234
610.234
632.453
632.453
632.453
632.453
632.453
529.545
529.545
529.545
529.545
529.545
768.863
768.863
768.863
768.863
768.863
632.139
632.139
632.139
632.139
632.139
533.426
533.426
533.426
533.426
533.426
700.158
700.158
700.158
700.158
700.158
544.462
544.462
544.462
544.462
544.462
769.396
769.396
769.396
769.396
769.396
556.688
556.688
556.688
556.688
556.688
200.654
200.654
200.654
200.654
200.654
324.577
324.577
324.577
324.577
324.577
427.75
427.75
427.75
427.75
427.75
740.778
740.778
740.778
740.778
740.778
713.877
713.877
713.877
713.877
713.877
405.78
405.78
405.78
405.78
405.78
312.823
312.823
312.823
312.823
312.823
551.375
551.375
551.375
551.375
689.75
422.789
422.789
422.789
422.789
422.789
352.6
352.6
352.6
352.6
352.6
686.099
686.099
686.099
686.099
686.099
550.014
550.014
550.014
550.014
550.014
640.29
640.29
640.29
640.29
640.29
753.027
753.027
753.027
753.027
753.027
737.278
737.278
737.278
737.278
737.278
580.548
580.548
580.548
580.548
580.548
742.212
742.212
742.212
742.212
742.212
726.871
726.871
726.871
726.871
726.871
755.27
755.27
755.27
755.27
755.27
717.904
717.904
717.904
717.904
717.904
708.036
708.036
708.036
708.036
708.036
360.015
360.015
360.015
360.015
360.015
570.659
570.659
570.659
570.659
570.659
697.132
697.132
697.132
697.132
697.132
718.171
718.171
718.171
718.171
718.171
730.494
730.494
730.494
730.494
730.494
760.219
760.219
760.219
760.219
760.219
777.467
777.467
777.467
777.467
777.467
792.714
792.714
793.272
793.272
793.272
787.65
787.65
787.65
787.65
787.65
787.848
787.848
787.848
787.848
787.848
764.235
764.235
764.235
764.235
764.235
779.655
779.655
779.655
779.655
779.655
790.59
790.59
790.59
790.59
790.59
778.687
778.687
778.687
778.687
778.687
787.096
787.096
787.096
787.096
787.096
788.69
788.69
788.69
788.69
788.69
775.592
775.592
775.592
775.592
775.592
769.749
769.749
769.749
769.749
769.749
773.81
773.81
773.81
773.81
773.81
787.443
787.443
787.443
787.443
787.443
782.992
782.992
782.992
782.992
782.992
769.584
769.584
769.584
769.584
769.584
753.065
753.065
753.065
753.065
753.065
782.378
782.378
782.378
782.378
782.378
760.85
760.85
760.85
760.85
760.85
756.367
756.367
756.367
756.367
756.367
741.693
741.693
741.693
741.693
741.693
781.573
781.573
781.573
781.573
781.573
762.771
762.771
762.771
762.771
762.771
656.506
656.506
656.506
656.506
656.506
779.929
779.929
779.929
779.929
779.929
773.048
773.048
773.048
773.048
773.048
744.63
744.63
744.63
744.63
744.63
737.82
737.82
737.82
737.82
737.82
743.312
743.312
743.312
743.312
743.312
619.858
510.215
510.215
510.215
510.215
298.939
298.939
298.939
298.939
298.939
497.395
497.395
497.395
497.395
497.395
775.807
775.807
775.807
775.807
775.807
772.976
772.976
772.976
772.976
772.976
695.183
695.183
695.183
695.183
695.183
438.934
438.934
438.934
438.934
438.934
784.306
784.306
784.306
784.306
784.306
755.686
755.686
755.686
755.686
755.686
764.943
764.943
764.943
764.943
764.943
704.622
704.622
704.622
704.622
704.622
778.202
778.202
778.202
778.202
778.202
765.182
765.182
765.182
765.182
765.182
538.25
538.25
538.25
538.25
538.25
460.128
460.128
460.128
460.128
460.128
502.603
502.603
502.603
502.603
502.603
409.091
409.091
409.091
409.091
409.091
562.685
562.685
562.685
562.685
562.685
489.092
489.092
489.092
489.092
489.092
546.773
546.773
546.773
546.773
546.773
638.441
638.441
638.441
638.441
638.441
565.6
565.6
565.6
565.6
565.6
477.334
477.334
477.334
477.334
477.334
532.063
532.063
532.063
532.063
532.063
522.68
522.68
522.68
522.68
522.68
424.625
424.625
424.625
424.625
424.625
737.757
737.757
737.757
737.757
737.757
533.612
533.612
533.612
533.612
533.612
289.783
289.783
289.783
289.783
289.783
652.205
652.205
652.205
652.205
652.205
733.975
733.975
733.975
733.975
733.975
670.017
670.017
670.017
670.017
670.017
703.431
703.431
703.431
703.431
703.431
689.241
689.241
689.241
689.241
689.241
736.723
736.723
736.723
736.723
736.723
678.534
678.534
678.534
678.534
678.534
698.547
698.547
698.547
698.547
698.547
675.854
675.854
675.854
675.854
675.854
732.392
732.392
732.392
732.392
732.392
614.008
614.008
614.008
614.008
614.008
651.496
651.496
651.496
651.496
651.496
714.227
714.227
714.227
714.227
714.227
771.95
771.95
771.95
771.95
771.95
446.301
446.301
446.301
446.301
446.301
401.734
401.734
401.734
401.734
401.734
690.158
690.158
690.158
690.158
690.158
444.096
444.096
444.255
444.255
444.255
596.352
596.352
596.352
596.352
596.352
321.304
321.304
321.304
321.304
321.304
347.179
347.179
347.179
347.179
347.179
549.078
549.078
549.078
549.078
549.078
582.689
582.689
582.689
582.689
582.689
407.119
407.119
407.119
407.119
407.119
764.517
764.517
764.517
764.517
764.517
779.766
779.766
779.766
779.766
779.766
739.666
739.666
739.666
739.666
739.666
754.647
754.647
754.647
754.647
754.647
788.223
788.223
788.223
788.223
788.223
756.187
756.187
756.187
756.187
756.187
739.192
739.192
739.192
739.192
739.192
778.002
778.002
778.002
778.002
778.002
783.682
783.682
783.682
783.682
783.682
779.558
779.558
779.558
779.558
779.558
767.822
767.822
767.822
767.822
767.822
790.751
790.751
790.751
790.751
790.751
761.484
761.484
761.484
761.484
761.484
765.27
765.27
765.27
765.27
765.27
756.434
756.434
756.434
756.434
756.434
770.161
770.161
770.161
770.161
770.161
766.308
766.308
766.308
766.308
766.308
376.194
376.194
376.194
376.194
376.194
562.782
562.782
562.782
562.782
562.782
612.705
612.705
612.705
612.705
612.705
792.027
792.027
792.027
792.027
792.027
782.173
782.173
782.173
782.173
782.173
763.975
763.975
763.975
763.975
763.975
772.368
772.368
772.368
772.368
772.368
750.428
750.428
750.428
750.428
750.428
782.023
782.023
782.023
782.023
782.023
783.109
783.109
783.109
783.109
783.109
705.744
705.744
705.744
705.744
705.744
708.691
708.691
708.691
708.691
708.691
369.873
369.873
369.873
369.873
369.873
587.033
587.033
587.033
587.033
587.033
700.375
700.375
700.375
700.375
700.375
685.46
685.46
685.461
685.461
685.461
601.044
601.044
601.044
601.044
601.044
208.397
224.045
224.045
224.045
224.045
668.554
668.554
668.554
668.554
668.554
750.191
750.191
750.191
750.191
750.191
666.343
666.343
666.343
666.343
666.343
779.662
779.662
779.662
779.662
779.662
497.051
497.051
497.051
497.051
497.051
416.504
416.504
416.504
416.504
416.504
509.75
509.75
509.75
509.75
509.75
423.676
423.676
423.676
423.676
423.676
769.739
769.739
769.739
769.739
769.739
787.968
787.968
787.968
787.968
787.968
780.732
780.732
780.732
780.732
780.732
774.211
774.211
774.211
774.211
774.211
758.376
758.376
758.376
758.376
758.376
705.502
705.502
705.502
705.502
705.502
735.031
735.031
735.031
735.031
735.031
758.114
758.114
758.114
758.114
758.114
759.071
759.071
759.071
759.071
759.071
766.017
766.017
766.017
766.017
766.017
780.908
780.908
780.908
780.908
780.908
766.015
766.015
766.015
766.015
766.015
784.807
784.807
784.807
784.807
784.807
783.185
783.185
783.185
783.185
783.185
730.028
730.028
730.028
730.028
730.028
780.249
780.249
780.249
780.249
780.249
742.41
742.41
742.41
742.41
742.41
742.447
742.447
742.447
742.447
742.447
773.246
773.246
773.246
773.246
773.246
751.489
751.489
751.489
751.489
751.489
731.538
731.538
731.538
731.538
731.538
772.406
772.406
772.406
772.406
772.406
761.51
761.51
761.51
761.51
761.51
767.958
767.958
767.958
767.958
767.958
783.08
783.08
783.08
783.08
783.08
782.424
782.424
782.424
782.424
782.424
791.365
791.365
791.365
791.365
791.365
767.839
767.839
767.839
767.839
767.839
795.306
795.306
795.306
795.306
795.306
779.39
779.39
779.39
779.39
779.39
777.778
777.778
777.778
777.778
777.778
779.73
779.73
779.73
779.73
779.73
782.041
782.041
782.041
782.041
782.041
780.828
780.828
780.828
780.828
780.828
763.826
763.826
763.826
763.826
763.826
780.121
780.121
780.121
780.121
780.121
779.739
779.739
779.739
779.739
779.739
786.771
786.771
786.771
786.771
786.771
774.834
774.834
774.834
774.834
774.834
770.911
770.911
770.911
770.911
770.911
760.654
760.654
760.654
760.654
760.654
737.887
737.887
737.887
737.887
737.887
739.459
739.459
739.459
739.459
739.459
783.407
783.407
783.407
783.407
783.407
699.95
699.95
699.95
699.95
699.95
592.911
592.911
592.911
592.911
592.911
775.152
775.152
775.152
775.152
775.152
360.585
360.585
360.585
360.585
360.585
521.115
521.115
521.115
521.115
521.115
441.77
441.77
441.77
441.77
441.77
627.669
627.669
627.669
627.669
627.669
568.345
568.345
568.345
568.345
568.345
552.875
552.875
552.875
552.875
552.875
378.115
378.115
378.115
378.115
378.115
660.35
660.35
660.35
660.35
660.35
723.598
723.598
723.598
723.598
723.598
554.508
554.505
554.505
554.505
554.505
717.958
717.958
717.958
717.958
717.958
767.94
767.94
767.94
767.94
767.94
375.963
375.963
375.963
375.963
375.963
329.106
329.106
329.106
329.106
329.106
236.957
236.957
236.957
236.957
236.957
433.81
433.81
433.81
433.81
433.81
664.19
664.19
664.19
664.19
664.19
758.843
758.843
758.843
758.843
758.843
651.501
651.501
651.501
651.501
651.501
595.623
595.623
595.624
595.624
595.624
764.908
764.908
764.908
764.908
764.908
782.998
782.998
782.998
782.998
782.998
779.936
779.936
779.936
779.936
779.936
705.065
705.065
705.065
705.065
705.065
679.838
679.838
679.838
679.838
679.838
780.058
780.058
780.058
780.058
780.058
784.992
784.992
784.992
784.992
784.992
770.189
770.189
770.189
770.189
770.189
749.053
749.053
749.053
749.053
749.053
780.423
780.423
780.423
780.423
780.423
782.32
782.32
782.32
782.32
782.32
762.953
762.953
762.953
762.953
762.953
790.227
790.227
790.227
790.227
790.227
780.148
780.148
780.148
780.148
780.148
759.861
759.861
759.861
759.861
759.861
786.579
786.579
786.579
786.579
786.579
755.356
755.356
755.356
755.356
755.356
745.143
745.143
745.143
745.143
745.143
755.788
755.788
755.788
755.788
755.788
717.598
717.598
717.598
717.598
717.598
771.976
771.976
771.976
771.976
771.976
713.933
713.933
713.933
713.933
713.933
553.838
553.838
553.838
553.838
553.838
364.61
364.61
364.61
364.61
364.61
771.39
771.39
771.39
771.39
771.39
752.949
752.949
752.949
752.949
752.949
704.789
704.789
704.789
704.789
704.789
582.703
582.703
582.703
582.703
582.703
660.868
660.868
660.868
660.868
660.868
491.459
491.459
491.459
491.459
494.09
617.836
617.836
617.836
617.836
617.836
276.539
276.539
276.539
276.539
276.539
387.265
387.265
387.265
387.265
387.265
609.094
609.094
609.094
609.094
609.094
470
470
470
470
470
574.238
574.238
574.238
574.238
574.238
712.402
712.402
712.402
712.402
712.402
566.886
566.886
566.886
566.886
566.886
776.533
776.533
776.533
776.533
776.533
645.862
645.862
645.862
645.862
645.862
578.855
578.855
578.855
578.855
578.855
616.063
616.063
616.063
616.063
616.063
370.004
370.004
370.004
370.004
370.004
760.752
760.752
760.752
760.752
760.752
751.689
751.689
751.689
751.689
751.689
750.002
750.002
750.002
750.002
750.002
411.012
411.012
411.012
411.012
411.012
767.96
767.96
767.96
767.96
767.96
500.083
500.083
500.083
500.083
500.083
293.201
293.201
293.201
293.201
293.201
774.196
774.196
774.196
774.196
774.196
765.58
765.58
765.58
765.58
765.58
607.91
607.91
607.91
607.91
607.91
534.101
534.101
534.101
534.101
534.101
255.667
255.667
255.667
255.667
255.667
482.008
482.008
482.008
482.008
482.008
665.958
665.958
665.958
665.958
665.958
388.567
388.567
388.567
388.567
388.567
640.377
640.377
640.377
640.377
640.377
721.016
721.016
721.016
721.016
721.016
248.137
248.137
248.137
248.137
248.137
383.087
383.087
383.087
383.087
383.087
631.708
631.708
631.708
631.708
631.708
499.462
499.462
499.462
499.462
499.462
514.242
514.242
514.242
514.242
514.242
482.563
482.563
482.563
482.563
482.563
620.369
620.369
620.369
620.369
620.369
702.501
702.501
702.501
702.501
702.501
581.041
581.041
581.041
581.041
581.041
607.363
607.363
607.363
607.363
607.363
381.623
381.623
381.623
381.623
381.623
279.254
279.254
279.254
279.254
279.254
528.946
528.946
528.946
528.946
528.946
442.112
442.112
442.112
442.112
442.112
789.369
789.369
789.369
789.369
789.369
783.252
783.252
783.252
783.252
783.252
770.537
770.537
770.537
770.537
770.537
774.114
783.727
783.727
783.727
783.727
722.562
722.562
722.562
722.562
722.562
770.635
770.635
770.635
770.635
770.635
767.499
767.499
767.499
767.499
767.499
752.408
752.408
752.408
752.408
752.408
771.645
771.645
771.645
771.645
771.645
761.414
761.414
761.414
761.414
761.414
744.04
744.04
744.04
744.04
744.04
728.316
728.316
728.316
728.316
728.316
198.489
198.489
198.489
215.728
215.728
619.597
619.597
619.597
619.597
619.597
624.9
624.9
624.9
624.9
624.9
506.271
506.271
506.271
506.271
506.271
712.465
712.465
712.465
712.465
712.465
460.219
460.219
460.219
460.219
460.219
464.089
464.089
464.089
464.089
464.089
746.296
746.296
746.296
746.296
746.296
734.722
734.722
734.722
734.722
734.722
560.377
560.377
560.377
560.377
560.377
757.009
757.009
757.009
757.009
757.009
778.577
778.577
778.577
778.577
778.577
787.542
787.542
787.542
787.542
787.542
769.584
769.584
769.584
769.584
769.584
746.435
746.435
746.435
746.435
746.435
783.714
784.929
784.929
784.929
784.929
763.287
763.287
763.287
763.287
763.287
723.658
723.658
723.658
723.658
723.658
709.812
709.812
709.812
709.812
709.812
599.945
599.945
599.945
599.945
599.945
719.23
719.23
719.23
719.23
719.23
512.044
512.044
512.044
512.044
512.044
645.758
645.758
645.758
645.758
645.758
568.844
568.844
568.844
568.844
568.844
653.896
653.896
653.896
653.896
653.896
774.72
774.72
774.72
774.72
774.72
790.778
790.778
790.778
790.778
790.778
388.443
388.443
388.443
388.443
388.443
468.616
468.616
468.616
468.616
468.616
480.731
480.731
480.731
480.731
480.731
711.546
711.546
711.546
711.546
711.546
785.449
785.449
785.449
785.449
785.449
579.278
579.278
579.278
579.278
579.278
458.076
458.076
559.152
559.152
559.152
776.605
776.605
776.605
776.605
776.605
581.875
581.875
581.875
581.875
581.875
303.674
303.674
303.674
303.674
303.674
404.646
404.646
404.646
404.646
404.646
652.262
652.262
652.262
652.262
652.262
469.463
469.463
469.463
469.463
469.463
313.594
313.594
313.594
313.594
313.594
323.719
323.719
323.719
323.719
323.719
417.189
417.189
417.189
417.189
417.189
562.51
562.51
562.51
562.51
562.51
653.005
653.005
653.005
653.005
653.005
699.437
684.374
684.374
684.374
684.374
631.377
631.377
631.377
631.377
631.377
554.915
554.915
554.915
554.915
554.915
396.961
396.961
396.961
396.961
396.961
510.215
510.215
510.215
510.215
510.215
661.425
661.425
661.425
661.425
661.425
373.695
373.695
373.689
373.689
373.689
772.194
772.194
772.194
772.194
772.194
744.929
744.929
744.929
744.929
744.929
772.687
772.687
772.687
772.687
772.687
747.594
747.594
747.594
747.594
747.594
762.805
762.805
762.805
762.805
762.805
783.288
783.288
783.288
783.288
783.288
781.48
781.48
781.48
781.48
781.48
744.713
744.713
744.713
744.713
744.713
737.753
737.753
737.753
737.753
737.753
779.515
779.515
779.515
779.515
779.515
778.791
778.791
778.791
778.791
778.791
753.566
753.566
753.566
753.566
753.566
571.69
571.69
571.69
571.69
571.69
619.241
619.241
619.241
619.241
619.241
544.5
544.5
544.5
544.5
544.5
758.778
758.778
758.778
758.778
758.778
354.273
354.273
354.273
354.273
354.273
373.895
373.895
373.895
373.895
373.895
354.39
354.39
354.39
354.39
354.39
777.159
777.159
777.159
777.159
777.159
777.795
777.795
777.795
777.795
777.795
764.079
764.079
764.079
764.079
764.079
757.808
757.808
757.808
757.808
757.808
724.822
724.822
724.822
724.822
724.822
779.849
779.849
779.849
779.849
779.849
781.517
781.517
781.517
781.517
781.517
779.903
779.903
779.903
779.903
779.903
761.477
761.477
761.477
761.477
761.477
579.885
579.885
579.885
579.885
579.885
569.792
569.792
569.792
569.792
569.792
366.471
366.471
366.471
366.471
366.471
776.076
776.076
776.079
776.079
776.079
781.956
781.956
781.956
781.956
781.956
788.956
788.956
788.956
788.956
788.956
658.031
658.031
658.031
658.031
658.031
770.551
770.551
770.551
770.551
770.551
692.672
692.672
692.672
692.672
692.672
760.187
760.187
760.187
760.187
760.187
706.123
706.123
706.123
706.123
706.123
218.17
218.17
218.17
218.17
218.17
773.185
773.185
773.185
773.185
773.185
189.071
189.071
189.071
189.071
189.071
708.099
708.099
708.099
708.099
708.099
629.488
629.488
629.488
629.488
629.488
540.153
540.153
540.153
540.153
540.153
574.795
574.795
574.795
574.795
574.795
336.184
336.184
336.184
336.184
336.184
629.866
629.866
629.866
629.866
629.866
701.665
701.665
701.665
701.665
701.665
772.668
772.668
772.668
772.668
772.668
756.997
756.997
756.997
756.997
756.997
767.089
767.089
767.089
767.089
767.089
790.02
790.02
790.02
790.02
790.02
766.412
766.412
766.412
766.412
766.412
764.104
764.104
764.104
764.104
764.104
759.287
759.287
759.287
759.287
759.287
722.937
722.937
722.937
722.937
722.937
719.168
719.168
719.168
719.168
719.168
760.65
760.65
760.65
760.65
760.65
581.139
581.139
581.139
581.139
581.139
772.282
772.282
772.282
772.282
772.282
730.579
730.579
730.579
730.579
730.579
670.141
670.141
670.141
670.141
670.141
615.403
615.403
615.403
615.403
615.403
387.403
387.403
387.403
387.403
387.403
725.267
725.267
725.267
725.267
725.267
568.24
568.24
568.24
568.24
568.24
402.324
402.324
402.324
402.324
402.324
447.049
447.049
447.049
447.049
447.049
502.743
502.743
502.743
502.743
502.743
637.055
637.055
637.055
637.055
637.055
525.945
525.945
525.945
525.945
525.945
611.024
611.024
611.024
611.024
611.024
733.141
733.141
733.141
733.141
733.141
661.991
661.991
661.991
661.991
661.991
394.222
394.222
394.222
394.222
394.222
750.808
750.808
750.808
750.808
750.808
771.004
771.004
771.004
771.004
771.004
779.839
779.839
779.839
779.839
779.839
766.128
766.128
766.128
766.128
766.128
791.927
791.927
791.927
791.927
791.927
686.409
686.409
686.409
686.409
686.409
663.142
663.142
663.142
663.142
663.142
709.354
709.354
709.354
709.354
709.354
751.91
751.91
751.91
751.91
751.91
764.796
764.796
764.796
764.796
764.796
737.228
737.228
737.228
737.228
737.228
743.538
743.538
743.538
743.538
743.538
704.019
704.019
704.019
704.019
704.019
718.114
718.114
718.114
718.114
718.114
734.322
734.322
734.322
734.322
734.322
660.59
660.59
660.59
660.59
660.59
593.646
593.646
593.646
593.646
593.646
611.104
611.104
611.104
611.104
611.104
766.21
766.21
766.21
766.21
766.21
669.662
669.662
669.662
669.662
669.662
570.229
570.229
570.229
570.229
570.229
750.078
751.781
751.781
751.781
751.781
246.585
246.585
246.585
246.585
246.585
717.203
717.203
717.203
717.203
717.203
741.763
741.763
741.763
741.763
741.763
761.277
761.277
761.277
761.277
761.277
766.456
766.456
766.456
766.456
766.456
788.149
788.149
788.149
788.149
788.149
782.902
782.902
782.902
782.902
782.902
781.903
781.903
781.903
781.903
781.903
755.627
755.627
755.627
755.627
755.627
779.998
779.998
779.998
779.998
779.998
789.811
789.811
789.811
789.811
789.811
771.138
771.138
771.138
771.138
771.138
787.104
787.104
787.104
787.104
787.104
791.232
791.232
791.232
791.232
791.232
775.339
775.339
775.339
775.339
775.339
783.251
783.251
783.251
783.251
783.251
769.824
769.824
769.824
769.824
769.824
752.412
752.412
752.412
752.412
752.412
793.857
793.857
793.994
793.994
793.994
780.242
780.242
780.242
780.242
780.242
757.319
757.319
757.319
757.319
757.319
726.585
726.585
726.585
726.585
726.585
753.783
753.783
753.783
753.783
753.783
612.068
612.068
612.068
612.068
612.068
479.457
479.457
479.457
479.457
479.457
445.727
445.727
445.727
445.727
445.727
671.891
671.891
671.891
671.891
671.891
500.313
500.313
500.313
500.313
500.313
703.889
703.889
703.889
703.889
703.889
598.656
598.656
598.656
598.656
598.656
444.688
444.688
444.688
444.688
444.688
678.217
678.217
678.217
678.217
678.217
446.58
446.58
446.58
446.58
446.58
739.435
739.435
739.435
739.435
739.435
670.844
670.844
670.844
670.844
670.844
670.469
670.469
670.469
670.469
670.469
336.151
336.151
336.151
336.151
336.151
451.75
451.75
451.75
451.75
451.75
778.008
778.008
778.008
778.008
778.008
666.983
666.983
666.983
666.983
666.983
761.292
761.292
761.292
761.292
761.292
734.773
734.773
734.773
734.773
734.773
430.87
430.87
430.87
430.87
430.87
629.76
629.76
629.76
629.76
629.76
752.393
752.393
752.393
752.393
752.393
784.78
784.78
784.78
784.78
784.78
754.746
754.746
754.746
754.746
754.746
732.918
732.918
732.918
732.918
732.918
470.946
470.946
470.946
470.946
470.946
694.759
694.759
694.759
694.759
694.759
763.571
763.571
763.571
763.571
763.571
717.109
717.109
717.109
717.109
717.109
613.117
613.117
613.117
613.117
613.117
368.895
368.895
368.895
368.895
368.895
631.106
631.106
631.106
631.106
631.106
772.916
772.916
772.916
772.916
772.916
597.064
597.064
597.064
597.064
597.064
565.162
565.162
565.162
565.162
565.162
419.564
419.564
419.564
419.564
419.564
474.179
474.179
474.179
474.179
474.179
452.729
452.729
452.729
452.729
452.729
474.706
474.706
474.706
474.706
474.706
450.138
450.138
450.138
450.138
450.138
630.351
630.351
630.351
630.351
630.351
443.977
443.977
443.977
443.977
443.977
303.162
303.162
303.162
303.162
303.162
360.727
360.727
360.727
360.727
360.727
476.385
476.385
476.385
476.385
476.385
681.885
681.885
681.885
681.885
681.885
349.118
349.118
349.118
349.118
349.118
405.263
405.263
405.263
405.263
405.263
521.958
521.958
521.958
521.958
521.958
726.718
726.718
726.718
726.718
726.718
723.878
723.878
723.878
723.878
723.878
273.055
273.055
273.055
273.055
273.055
700.18
700.18
700.18
700.18
700.18
629.079
629.079
629.079
629.079
629.079
677.469
677.469
677.469
677.469
677.469
743
743
743
743
743
751.512
751.512
751.512
751.512
751.512
780.346
780.346
780.346
780.346
780.346
756.834
756.834
756.834
756.834
756.834
640.437
640.437
640.437
640.437
640.437
746.226
746.226
746.226
746.226
746.226
750.331
750.331
750.331
750.331
750.331
613.394
613.394
613.394
613.394
613.394
458.979
458.979
458.979
458.979
458.979
572.832
572.832
572.832
572.832
572.832
578.295
578.295
578.295
578.295
578.295
643.851
643.851
643.851
643.851
643.851
736.946
736.946
736.946
736.946
736.946
662.338
662.338
662.338
662.338
662.338
759.828
759.828
759.828
759.828
759.828
734.983
734.983
734.983
734.983
734.983
425.057
425.057
425.057
425.057
425.057
391.438
391.438
391.438
391.438
391.438
306.084
306.084
306.084
306.084
306.084
706.956
706.956
706.956
706.956
706.956
618.359
618.359
618.359
618.359
618.359
764.7
764.7
764.7
764.7
764.7
778.36
778.36
778.36
778.36
778.36
762.853
762.853
762.853
762.853
762.853
727.003
727.003
727.003
727.003
727.003
783.426
783.426
783.426
783.426
783.426
628.163
628.163
628.163
628.163
628.163
638.354
638.354
638.354
638.354
638.354
372.711
372.711
372.711
372.711
372.711
520.023
520.023
520.023
520.023
520.023
440.88
440.88
440.88
440.88
440.88
545.775
545.775
545.775
545.775
545.775
644.169
644.169
644.169
644.169
644.169
528.925
528.925
528.925
528.925
528.925
671.071
671.071
671.071
671.071
671.071
199.644
199.644
199.644
199.644
199.644
316.122
316.122
316.122
316.122
316.122
780.541
780.541
780.541
780.541
780.541
764.497
764.497
764.497
764.497
764.497
767.027
767.027
767.027
767.027
767.027
780.166
780.166
780.166
780.166
780.166
738.548
738.548
738.548
738.548
738.548
788.204
788.204
788.204
788.204
788.204
777.138
777.138
777.138
777.138
777.138
783.228
783.228
783.228
783.228
783.228
756.362
756.362
756.362
756.362
756.362
765.73
765.73
765.73
765.73
765.73
612.012
612.012
612.012
612.012
612.012
451.458
451.458
451.458
451.458
451.458
445.493
445.493
445.493
445.493
445.493
622.594
622.594
622.594
622.594
622.594
295.712
295.712
295.712
295.712
295.712
742.341
742.341
742.341
742.341
742.341
763.486
763.486
763.486
763.486
763.486
743.608
743.608
743.608
743.608
743.608
431.506
431.506
431.506
431.506
431.506
564.914
564.914
564.914
564.914
564.914
607.505
607.505
607.505
607.505
607.505
415.035
415.035
415.035
415.035
415.035
692.213
692.213
692.213
692.213
692.213
714.547
714.547
714.547
714.547
714.547
773.52
773.68
773.68
773.68
773.68
757.263
757.263
757.263
757.263
757.263
792.212
792.212
792.212
792.212
792.212
781.965
781.965
781.965
781.965
781.965
763.004
763.004
763.004
763.004
763.004
787.326
787.326
787.326
787.326
787.326
775.117
775.117
775.117
775.117
775.117
773.358
773.358
773.358
773.358
773.358
737.248
737.248
737.248
737.248
737.248
658.393
658.393
658.393
658.393
658.393
786.7
786.7
786.7
786.7
786.7
772.786
772.786
772.786
772.786
772.786
736.97
736.97
736.97
736.97
736.97
720.11
720.11
720.11
720.11
720.11
525.927
525.927
525.927
525.927
525.927
636.344
636.344
636.344
636.344
636.344
553.727
553.727
553.727
553.727
553.727
779.098
779.098
779.098
779.098
779.098
226.346
226.346
226.346
226.346
226.346
776.636
776.636
776.636
776.636
776.636
0
