0
0
0
0
380.752
380.752
380.752
380.752
380.752
752.665
752.665
752.665
752.665
752.665
724.442
724.442
724.442
724.442
724.442
678.205
678.205
678.205
678.205
678.205
773.639
773.639
773.639
773.639
773.639
769.103
769.103
769.103
769.103
769.103
783.687
783.687
783.687
783.687
783.687
787.622
787.622
787.622
787.622
787.622
786.322
786.322
786.322
786.322
786.322
782.015
782.015
782.015
782.015
782.015
791.42
791.42
791.42
791.42
791.42
785.977
785.977
785.977
785.977
785.977
794.486
794.486
794.486
794.486
794.486
796.395
796.395
796.395
796.395
796.395
787.871
787.871
787.871
787.871
787.871
784.776
784.776
784.776
784.776
784.776
792.445
792.445
792.445
792.445
792.445
790.053
790.053
790.053
790.053
790.053
780.704
780.704
780.704
780.704
780.704
783.447
783.447
783.447
783.447
783.447
781.794
781.794
781.794
781.794
781.794
783.26
783.26
783.26
783.26
783.26
786.105
786.105
786.105
786.105
786.105
783.602
783.602
783.602
783.602
783.602
790.131
790.131
790.131
790.131
790.131
795.296
795.296
795.296
795.296
795.296
782.858
782.858
782.858
782.858
782.858
777.775
777.775
777.775
777.775
777.775
796.925
796.925
796.925
796.925
796.925
795.691
795.691
795.691
795.691
795.691
792.175
792.175
792.175
792.175
792.175
797.841
797.841
797.841
797.841
797.841
795.651
795.651
795.651
795.651
795.651
795.266
795.266
795.266
795.266
795.266
797.368
797.368
797.368
797.368
797.368
794.034
794.034
794.034
794.034
794.034
795.083
795.083
795.083
795.083
795.083
796.382
796.382
796.382
796.382
796.382
793.813
793.813
793.813
793.813
793.813
792.628
792.628
792.628
792.628
792.628
798.854
798.854
798.854
798.854
798.854
794.35
794.35
794.35
794.35
794.35
793.746
793.746
793.746
793.746
793.746
797.368
797.368
797.368
797.368
797.368
796.083
796.083
796.083
796.083
796.083
795.188
795.188
795.188
795.188
795.188
796.451
796.451
796.451
796.451
796.451
793.623
793.623
793.623
793.623
793.623
792.52
792.52
792.52
792.52
792.52
798.226
798.226
798.226
798.226
798.226
795.865
795.865
795.865
795.865
795.865
790.885
790.885
790.885
790.885
790.885
797.122
797.122
797.122
797.122
797.122
794.663
794.663
794.663
794.663
794.663
793.302
793.302
793.302
793.302
793.302
798.156
798.156
798.156
798.156
798.156
796.66
796.66
796.66
796.66
796.66
792.802
792.802
792.802
792.802
792.802
797.684
797.684
797.684
797.684
797.684
793.301
793.301
793.301
793.301
793.301
793.85
793.85
793.85
793.85
793.85
797.58
797.58
797.58
797.58
797.58
796.356
796.356
796.356
796.356
796.356
795.006
795.006
795.006
795.006
795.006
797.596
797.596
797.596
797.596
797.596
795.487
795.487
795.487
795.487
795.487
794.008
794.008
794.008
794.008
794.008
796.466
796.466
796.466
796.466
796.466
795.911
795.911
795.911
795.911
795.911
795.015
795.015
795.015
795.015
795.015
794.777
794.777
794.777
794.777
794.777
795.702
795.702
795.702
795.702
795.702
789.819
789.819
789.819
789.819
789.819
798.865
798.865
798.865
798.865
798.865
797.114
797.114
797.114
797.114
797.114
796.213
796.213
796.213
796.213
796.213
797.215
797.215
797.215
797.215
797.215
791.917
791.917
791.917
791.917
791.917
791.78
791.78
791.78
791.78
791.78
798.746
798.746
798.746
798.746
798.746
797.121
797.121
797.121
797.121
797.121
795.546
795.546
795.546
795.546
795.546
798.802
798.802
798.802
798.802
798.802
798.012
798.012
798.012
798.012
798.012
797.389
797.389
797.389
797.389
797.389
797.992
797.992
797.992
797.992
797.992
795.936
795.936
795.936
795.936
795.936
795.79
795.79
795.79
795.79
795.79
798.251
798.251
798.251
798.251
798.251
797.884
797.884
797.884
797.884
797.884
797.103
797.103
797.103
797.103
797.103
798.765
798.765
798.765
798.765
798.765
797.762
797.762
797.762
797.762
797.762
797.277
797.277
797.277
797.277
797.277
798.983
798.983
798.983
798.983
798.983
798.791
798.791
798.791
798.791
798.791
797.572
797.572
797.572
797.572
797.572
797.96
797.96
797.96
797.96
797.96
795.943
795.943
795.943
795.943
795.943
794.001
794.001
794.001
794.001
794.001
797.925
797.925
797.925
797.925
797.925
797.328
797.328
797.328
797.328
797.328
796.218
796.218
796.218
796.218
796.218
798.802
798.802
798.802
798.802
798.802
797.272
797.272
797.272
797.272
797.272
796.236
796.236
796.236
796.236
796.236
798.184
798.184
798.184
798.184
798.184
796.447
796.447
796.447
796.447
796.447
796.722
796.722
796.722
796.722
796.722
798.298
798.298
798.298
798.298
798.298
797.309
797.309
797.309
797.309
797.309
796.349
796.349
796.349
796.349
796.349
798.054
798.054
798.054
798.054
798.054
797.286
797.286
797.286
797.286
797.286
796.568
796.568
796.568
796.568
796.568
797.848
797.848
797.848
797.848
797.848
796.957
796.957
796.957
796.957
796.957
794.03
794.03
794.03
794.03
794.03
797.7
797.7
797.7
797.7
797.7
796.865
796.865
796.865
796.865
796.865
797.357
797.357
797.357
797.357
797.357
798.75
798.75
798.75
798.75
798.75
796.781
796.781
796.781
796.781
796.781
795.68
795.68
795.68
795.68
795.68
797.659
797.659
797.659
797.659
797.659
796.65
796.65
796.65
796.65
796.65
796.936
796.936
796.936
796.936
796.936
798.293
798.293
798.293
798.293
798.293
796.663
796.663
796.663
796.663
796.663
798.148
798.148
798.148
798.148
798.148
798.299
798.299
798.299
798.299
798.299
796.122
796.122
796.122
796.122
796.122
794.451
794.451
794.451
794.451
794.451
798.62
798.62
798.62
798.62
798.62
797.843
797.843
797.843
797.843
797.843
796.689
796.689
796.689
796.689
796.689
796.893
796.893
796.893
796.893
796.893
796.187
796.187
796.187
796.187
796.187
795.116
795.116
795.116
795.116
795.116
797.603
797.603
797.603
797.603
797.603
795.996
795.996
795.996
795.996
795.996
795.156
795.156
795.156
795.156
795.156
797.902
797.902
797.902
797.902
797.902
797.149
797.149
797.149
797.149
797.149
793.172
793.172
793.172
793.172
793.172
798.342
798.342
798.342
798.342
798.342
797.384
797.384
797.384
797.384
797.384
796.989
796.989
796.989
796.989
796.989
798.875
798.875
798.875
798.875
798.875
798.822
798.822
798.822
798.822
798.822
797.694
797.694
797.694
797.694
797.694
798.604
798.604
798.604
798.604
798.604
796.325
796.325
796.325
796.325
796.325
795.604
795.604
795.604
795.604
795.604
798.915
798.915
798.915
798.915
798.915
797.613
797.613
797.613
797.613
797.613
796.83
796.83
796.83
796.83
796.83
798.857
798.857
798.857
798.857
798.857
798.645
798.645
798.645
798.645
798.645
796.979
796.979
796.979
796.979
796.979
797.967
797.967
797.967
797.967
797.967
797.888
797.888
797.888
797.888
797.888
795.893
795.893
795.893
795.893
795.893
798.31
798.31
798.31
798.31
798.31
798.247
798.247
798.247
798.247
798.247
797.405
797.405
797.405
797.405
797.405
798.685
798.685
798.685
798.685
798.685
798.416
798.416
798.416
798.416
798.416
798.141
798.141
798.141
798.141
798.141
798.392
798.392
798.392
798.392
798.392
798.312
798.312
798.312
798.312
798.312
796.888
796.888
796.888
796.888
796.888
798.986
798.986
798.986
798.986
798.986
798.147
798.147
798.147
798.147
798.147
797.142
797.142
797.142
797.142
797.142
798.8
798.8
798.8
798.8
798.8
798.67
798.67
798.67
798.67
798.67
797.87
797.87
797.87
797.87
797.87
798.351
798.351
798.351
798.351
798.351
798.343
798.343
798.343
798.343
798.343
795.627
795.627
795.627
795.627
795.627
797.5
797.5
797.5
797.5
797.5
797.342
797.342
797.342
797.342
797.342
796.63
796.63
796.63
796.63
796.63
797.999
797.999
797.999
797.999
797.999
798.317
798.317
798.317
798.317
798.317
797.155
797.155
797.155
797.155
797.155
798.717
798.717
798.717
798.717
798.717
798.015
798.015
798.015
798.015
798.015
796.363
796.363
796.363
796.363
796.363
798.655
798.655
798.655
798.655
798.655
798.153
798.153
798.153
798.153
798.153
798.081
798.081
798.081
798.081
798.081
798.994
798.994
798.994
798.994
798.994
798.37
798.37
798.37
798.37
798.37
798.032
798.032
798.032
798.032
798.032
798.5
798.5
798.5
798.5
798.5
797.859
797.859
797.859
797.859
797.859
797.447
797.447
797.447
797.447
797.447
798.308
798.308
798.308
798.308
798.308
798.192
798.192
798.192
798.192
798.192
797.162
797.162
797.162
797.162
797.162
798.496
798.496
798.496
798.496
798.496
798.426
798.426
798.426
798.426
798.426
797.861
797.861
797.861
797.861
797.861
797.87
797.87
797.87
797.87
797.87
797.935
797.935
797.935
797.935
797.935
797.447
797.447
797.447
797.447
797.447
798.795
798.795
798.795
798.795
798.795
798.155
798.155
798.155
798.155
798.155
798.04
798.04
798.04
798.04
798.04
798.969
798.969
798.969
798.969
798.969
798.786
798.786
798.786
798.786
798.786
798.285
798.285
798.285
798.285
798.285
798.929
798.929
798.929
798.929
798.929
797.99
797.99
797.99
797.99
797.99
797.128
797.128
797.128
797.128
797.128
798.245
798.245
798.245
798.245
798.245
797.969
797.969
797.969
797.969
797.969
797.441
797.441
797.441
797.441
797.441
798.233
798.233
798.233
798.233
798.233
797.213
797.213
797.213
797.213
797.213
796.916
796.916
796.916
796.916
796.916
798.936
798.936
798.936
798.936
798.936
798.737
798.737
798.737
798.737
798.737
798.679
798.679
798.679
798.679
798.679
799
799
799
799
799
798.857
798.857
798.857
798.857
798.857
798.053
798.053
798.053
798.053
798.053
798.996
798.996
798.996
798.996
798.996
798.55
798.55
798.55
798.55
798.55
798.035
798.035
798.035
798.035
798.035
798.812
798.812
798.812
798.812
798.812
798.648
798.648
798.648
798.648
798.648
798.4
798.4
798.4
798.4
798.4
798.932
798.932
798.932
798.932
798.932
798.883
798.883
798.883
798.883
798.883
798.016
798.016
798.016
798.016
798.016
798.864
798.864
798.864
798.864
798.864
798.493
798.493
798.493
798.493
798.493
797.955
797.955
797.955
797.955
797.955
798.996
798.996
798.996
798.996
798.996
798.991
798.991
798.991
798.991
798.991
798.802
798.802
798.802
798.802
798.802
798.953
798.953
798.953
798.953
798.953
798.445
798.445
798.445
798.445
798.445
798.688
798.688
798.688
798.688
798.688
798.459
798.459
798.459
798.459
798.459
797.404
797.404
797.404
797.404
797.404
796.905
796.905
796.905
796.905
796.905
799
799
799
799
799
798.369
798.369
798.369
798.369
798.369
798.191
798.191
798.191
798.191
798.191
798.937
798.937
798.937
798.937
798.937
798.689
798.689
798.689
798.689
798.689
797.419
797.419
797.419
797.419
797.419
799
799
799
799
799
798.964
798.964
798.964
798.964
798.964
798.083
798.083
798.083
798.083
798.083
798.996
798.996
798.996
798.996
798.996
798.232
798.232
798.232
798.232
798.232
797.803
797.803
797.803
797.803
797.803
799
799
799
799
799
798.631
798.631
798.631
798.631
798.631
797.328
797.328
797.328
797.328
797.328
798.482
798.482
798.482
798.482
798.482
797.974
797.974
797.974
797.974
797.974
798.65
798.65
798.65
798.65
798.65
798.999
798.999
798.999
798.999
798.999
798.067
798.067
798.067
798.067
798.067
797.836
797.836
797.836
797.836
797.836
798.999
798.999
798.999
798.999
798.999
798.919
798.919
798.919
798.919
798.919
798.391
798.391
798.391
798.391
798.391
799
799
799
799
799
798.342
798.342
798.342
798.342
798.342
798.364
798.364
798.364
798.364
798.364
798.5
798.5
798.5
798.5
798.5
798.46
798.46
798.46
798.46
798.46
797.567
797.567
797.567
797.567
797.567
799
799
799
799
799
798.64
798.64
798.64
798.64
798.64
798.254
798.254
798.254
798.254
798.254
797.491
797.491
797.491
797.491
797.491
796.744
796.744
796.744
796.744
796.744
796.367
796.367
796.367
796.367
796.367
798.997
798.997
798.997
798.997
798.997
798.144
798.144
798.144
798.144
798.144
797.625
797.625
797.625
797.625
797.625
798.992
798.992
798.992
798.992
798.992
798.145
798.145
798.145
798.145
798.145
797.694
797.694
797.694
797.694
797.694
798.998
798.998
798.998
798.998
798.998
798.838
798.838
798.838
798.838
798.838
798.511
798.511
798.511
798.511
798.511
798.904
798.904
798.904
798.904
798.904
798.706
798.706
798.706
798.706
798.706
797.558
797.558
797.558
797.558
797.558
798.75
798.75
798.75
798.75
798.75
798.605
798.605
798.605
798.605
798.605
798.671
798.671
798.671
798.671
798.671
798.984
798.984
798.984
798.984
798.984
798.947
798.947
798.947
798.947
798.947
798.294
798.294
798.294
798.294
798.294
799
799
799
799
799
798.73
798.73
798.73
798.73
798.73
798.687
798.687
798.687
798.687
798.687
798.994
798.994
798.994
798.994
798.994
798.993
798.993
798.993
798.993
798.993
798.463
798.463
798.463
798.463
798.463
798.875
798.875
798.875
798.875
798.875
798.249
798.249
798.249
798.249
798.249
797.84
797.84
797.84
797.84
797.84
798.375
798.375
798.375
798.375
798.375
798.245
798.245
798.245
798.245
798.245
798.161
798.161
798.161
798.161
798.161
798.999
798.999
798.999
798.999
798.999
798.734
798.734
798.734
798.734
798.734
798.606
798.606
798.606
798.606
798.606
798.999
798.999
798.999
798.999
798.999
798.811
798.811
798.811
798.811
798.811
798.183
798.183
798.183
798.183
798.183
798.984
798.984
798.984
798.984
798.984
797.859
797.859
797.859
797.859
797.859
797.857
797.857
797.857
797.857
797.857
798.984
798.984
798.984
798.984
798.984
798.965
798.965
798.965
798.965
798.965
798.824
798.824
798.824
798.824
798.824
798.484
798.484
798.484
798.484
798.484
798.46
798.46
798.46
798.46
798.46
798.223
798.223
798.223
798.223
798.223
798.969
798.969
798.969
798.969
798.969
798.972
798.972
798.972
798.972
798.972
797.847
797.847
797.847
797.847
797.847
798.937
798.937
798.937
798.937
798.937
798.617
798.617
798.617
798.617
798.617
798.879
798.879
798.879
798.879
798.879
799
799
799
799
799
798.996
798.996
798.996
798.996
798.996
798.111
798.111
798.111
798.111
798.111
799
799
799
799
799
798.42
798.42
798.42
798.42
798.42
798.095
798.095
798.095
798.095
798.095
798.979
798.979
798.979
798.979
798.979
798.949
798.949
798.949
798.949
798.949
798.447
798.447
798.447
798.447
798.447
799
799
799
799
799
798.422
798.422
798.422
798.422
798.422
798.307
798.307
798.307
798.307
798.307
799
799
799
799
799
798.999
798.999
798.999
798.999
798.999
798.95
798.95
798.95
798.95
798.95
799
799
799
799
799
798.484
798.484
798.484
798.484
798.484
798.459
798.459
798.459
798.459
798.459
798.5
798.5
798.5
798.5
798.5
798.496
798.496
798.496
798.496
798.496
798.144
798.144
798.144
798.144
798.144
799
799
799
799
799
798.623
798.623
798.623
798.623
798.623
798.601
798.601
798.601
798.601
798.601
798.875
798.875
798.875
798.875
798.875
798.75
798.75
798.75
798.75
798.75
797.925
797.925
797.925
797.925
797.925
798.984
798.984
798.984
798.984
798.984
798.933
798.933
798.933
798.933
798.933
797.935
797.935
797.935
797.935
797.935
798.984
798.984
798.984
798.984
798.984
798.984
798.984
798.984
798.984
798.984
798.989
798.989
798.989
798.989
798.989
799
799
799
799
799
798.984
798.984
798.984
798.984
798.984
798.915
798.915
798.915
798.915
798.915
799
799
799
799
799
798.963
798.963
798.963
798.963
798.963
798.72
798.72
798.72
798.72
798.72
798.859
798.859
798.859
798.859
798.859
798.492
798.492
798.492
798.492
798.492
798.363
798.363
798.363
798.363
798.363
799
799
799
799
799
798.498
798.498
798.498
798.498
798.498
798.495
798.495
798.495
798.495
798.495
799
799
799
799
799
798.844
798.844
798.844
798.844
798.844
798.916
798.916
798.916
798.916
798.916
799
799
799
799
799
798.992
798.992
798.992
798.992
798.992
798.99
798.99
798.99
798.99
798.99
798.969
798.969
798.969
798.969
798.969
798.906
798.906
798.906
798.906
798.906
798.583
798.583
798.583
798.583
798.583
798.961
798.961
798.961
798.961
798.961
798.461
798.461
798.461
798.461
798.461
798.437
798.437
798.437
798.437
798.437
799
799
799
799
799
798.966
798.966
798.966
798.966
798.966
798.933
798.933
798.933
798.933
798.933
799
799
799
799
799
798.594
798.594
798.594
798.594
798.594
798.656
798.656
798.656
798.656
798.656
799
799
799
799
799
798.875
798.875
798.875
798.875
798.875
798.25
798.25
798.25
798.25
798.25
798.992
798.992
798.992
798.992
798.992
798.937
798.937
798.937
798.937
798.937
798.799
798.799
798.799
798.799
798.799
799
799
799
799
799
798.999
798.999
798.999
798.999
798.999
798.455
798.455
798.455
798.455
798.455
798.812
798.812
798.812
798.812
798.812
797.859
797.859
797.859
797.859
797.859
798.044
798.044
798.044
798.044
798.044
799
799
799
799
799
798.75
798.75
798.75
798.75
798.75
798.416
798.416
798.416
798.416
798.416
799
799
799
799
799
798.179
798.179
798.179
798.179
798.179
798.968
798.968
798.968
798.968
798.968
798.984
798.984
798.984
798.984
798.984
798.029
798.029
798.029
798.029
798.029
798.547
798.547
798.547
798.547
798.547
799
799
799
799
799
799
799
799
799
799
798.648
798.648
798.648
798.648
798.648
799
799
799
799
799
798.467
798.467
798.467
798.467
798.467
798.218
798.218
798.218
798.218
798.218
798.992
798.992
798.992
798.992
798.992
798.747
798.747
798.747
798.747
798.747
798.427
798.427
798.427
798.427
798.427
799
799
799
799
799
798.875
798.875
798.875
798.875
798.875
798.777
798.777
798.777
798.777
798.777
799
799
799
799
799
799
799
799
799
799
798.98
798.98
798.98
798.98
798.98
799
799
799
799
799
798.937
798.937
798.937
798.937
798.937
798.81
798.81
798.81
798.81
798.81
799
799
799
799
799
798.906
798.906
798.906
798.906
798.906
798.711
798.711
798.711
798.711
798.711
799
799
799
799
799
798.742
798.742
798.742
798.742
798.742
798.614
798.614
798.614
798.614
798.614
799
799
799
799
799
798.998
798.998
798.998
798.998
798.998
798.742
798.742
798.742
798.742
798.742
799
799
799
799
799
798.875
798.875
798.875
798.875
798.875
798.843
798.843
798.843
798.843
798.843
799
799
799
799
799
799
799
799
799
799
798.992
798.992
798.992
798.992
798.992
798.938
798.938
798.938
798.938
798.938
798.867
798.867
798.867
798.867
798.867
798.609
798.609
798.609
798.609
798.609
799
799
799
799
799
798.703
798.703
798.703
798.703
798.703
798.863
798.863
798.863
798.863
798.863
798.969
798.969
798.969
798.969
798.969
798.937
798.937
798.937
798.937
798.937
798.343
798.343
798.343
798.343
798.343
798.992
798.992
798.992
798.992
798.992
798.992
798.992
798.992
798.992
798.992
798.617
798.617
798.617
798.617
798.617
799
799
799
799
799
798.93
798.93
798.93
798.93
798.93
798.97
798.97
798.97
798.97
798.97
799
799
799
799
799
798.969
798.969
798.969
798.969
798.969
798.429
798.429
798.429
798.429
798.429
799
799
799
799
799
798.928
798.928
798.928
798.928
798.928
798.848
798.848
798.848
798.848
798.848
799
799
799
799
799
798.961
798.961
798.961
798.961
798.961
798.843
798.843
798.843
798.843
798.843
799
799
799
799
799
798.999
798.999
798.999
798.999
798.999
798.466
798.466
798.466
798.466
798.466
799
799
799
799
799
798.969
798.969
798.969
798.969
798.969
798.983
798.983
798.983
798.983
798.983
799
799
799
799
799
799
799
799
799
799
799
799
799
799
799
799
799
799
799
799
799
799
799
799
799
798.727
798.727
798.727
798.727
798.727
799
799
799
799
799
798.749
798.749
798.749
798.749
798.749
798.934
798.934
798.934
798.934
798.934
799
799
799
799
799
798.5
798.5
798.5
798.5
798.5
798.249
798.249
798.249
798.249
798.249
799
799
799
799
799
799
799
799
799
799
799
799
799
799
799
799
799
799
799
799
799
799
799
799
799
798.242
798.242
798.242
798.242
798.242
799
799
799
799
799
798.984
798.984
798.984
798.984
798.984
798.996
798.996
798.996
798.996
798.996
799
799
799
799
799
799
799
799
799
799
798.499
798.499
798.499
798.499
798.499
799
799
799
799
799
799
799
799
799
799
798.969
798.969
798.969
798.969
798.969
799
799
799
799
799
798.483
798.483
798.483
798.483
798.483
798.442
798.442
798.442
798.442
798.442
799
799
799
799
799
799
799
799
799
799
799
799
799
799
799
798.996
798.996
798.996
798.996
798.996
798.996
798.996
798.996
798.996
798.996
798.972
798.972
798.972
798.972
798.972
798.875
798.875
798.875
798.875
798.875
798.375
798.375
798.375
798.375
798.375
798.5
798.5
798.5
798.5
798.5
799
799
799
799
799
798.858
798.858
798.858
798.858
798.858
798.794
798.794
798.794
798.794
798.794
799
799
799
799
799
798.5
798.5
798.5
798.5
798.5
798.5
798.5
798.5
798.5
798.5
799
799
799
799
799
799
799
799
799
799
798.999
798.999
798.999
798.999
798.999
798.875
798.875
798.875
798.875
798.875
798.922
798.922
798.922
798.922
798.922
798.906
798.906
798.906
798.906
798.906
799
799
799
799
799
799
799
799
799
799
798.747
798.747
798.747
798.747
798.747
799
799
799
799
799
799
799
799
799
799
798.367
798.367
798.367
798.367
798.367
799
799
799
799
799
799
799
799
799
799
798.248
798.248
798.248
798.248
798.248
799
799
799
799
799
799
799
799
799
799
798.984
798.984
798.984
798.984
798.984
799
799
799
799
799
799
799
799
799
799
798.498
798.498
798.498
798.498
798.498
798.75
798.75
798.75
798.75
798.75
798.746
798.746
798.746
798.746
798.746
798.243
798.243
798.243
798.243
798.243
799
799
799
799
799
799
799
799
799
799
798.998
798.998
798.998
798.998
798.998
799
799
799
799
799
799
799
799
799
799
799
799
799
799
799
799
799
799
799
799
798.998
798.998
798.998
798.998
798.998
798.996
798.996
798.996
798.996
798.996
799
799
799
799
799
798.992
798.992
798.992
798.992
798.992
798.984
798.984
798.984
798.984
798.984
799
799
799
799
799
798.75
798.75
798.75
798.75
798.75
798.864
798.864
798.864
798.864
798.864
798.984
798.984
798.984
798.984
798.984
798.969
798.969
798.969
798.969
798.969
798.984
798.984
798.984
798.984
798.984
799
799
799
799
799
799
799
799
799
799
799
799
799
799
799
798.996
798.996
798.996
798.996
798.996
798.987
798.987
798.987
798.987
798.987
798.861
798.861
798.861
798.861
798.861
799
799
799
799
799
798.75
798.75
798.75
798.75
798.75
798.718
798.718
798.718
798.718
798.718
799
799
799
799
799
798.234
798.234
798.234
798.234
798.234
798.367
798.367
798.367
798.367
798.367
799
799
799
799
799
798.999
798.999
798.999
798.999
798.999
798.983
798.983
798.983
798.983
798.983
799
799
799
799
799
798.998
798.998
798.998
798.998
798.998
798.842
798.842
798.842
798.842
798.842
798.996
798.996
798.996
798.996
798.996
799
799
799
799
799
798.937
798.937
798.937
798.937
798.937
799
799
799
799
799
799
799
799
799
799
798.5
798.5
798.5
798.5
798.5
799
799
799
799
799
799
799
799
799
799
798.5
798.5
798.5
798.5
798.5
798.75
798.75
798.75
798.75
798.75
798.5
798.5
798.5
798.5
798.5
798.484
798.484
798.484
798.484
798.484
799
799
799
799
799
799
799
799
799
799
798.936
798.936
798.936
798.936
798.936
799
799
799
799
799
799
799
799
799
799
798.979
798.979
798.979
798.979
798.979
799
799
799
799
799
799
799
799
799
799
798.875
798.875
798.875
798.875
798.875
799
799
799
799
799
799
799
799
799
799
799
799
799
799
799
799
799
799
799
799
798.938
798.938
798.938
798.938
798.938
798.937
798.937
798.937
798.937
798.937
799
799
799
799
799
799
799
799
799
799
799
799
799
799
799
799
799
799
799
799
799
799
799
799
799
798.996
798.996
798.996
798.996
798.996
799
799
799
799
799
799
799
799
799
799
798.969
798.969
798.969
798.969
798.969
799
799
799
799
799
799
799
799
799
799
799
799
799
799
799
799
799
799
799
799
799
799
799
799
799
799
799
799
799
799
799
799
799
799
799
799
799
799
799
799
798.937
798.937
798.937
798.937
798.937
799
799
799
799
799
799
799
799
799
799
798.969
798.969
798.969
798.969
798.969
799
799
799
799
799
799
799
799
799
799
798.875
798.875
798.875
798.875
798.875
798.875
798.875
798.875
798.875
798.875
799
799
799
799
799
798.937
798.937
798.937
798.937
798.937
799
799
799
799
799
799
799
799
799
799
799
799
799
799
799
799
799
799
799
799
799
799
799
799
799
798.492
798.492
798.492
798.492
798.492
799
799
799
799
799
799
799
799
799
799
799
799
799
799
799
799
799
799
799
799
799
799
799
799
799
798.75
798.75
798.75
798.75
798.75
799
799
799
799
799
798.813
798.813
798.813
798.813
798.813
798.874
798.874
798.874
798.874
798.874
799
799
799
799
799
798.75
798.75
798.75
798.75
798.75
798.749
798.749
798.749
798.749
798.749
799
799
799
799
799
799
799
799
799
799
798.5
798.5
798.5
798.5
798.5
799
799
799
799
799
798.5
798.5
798.5
798.5
798.5
799
799
799
799
799
799
799
799
799
799
799
799
799
799
799
799
799
799
799
799
798.969
798.969
798.969
798.969
798.969
798.937
798.937
798.937
798.937
798.937
798.996
798.996
798.996
798.996
798.996
799
799
799
799
799
799
799
799
799
799
799
799
799
799
799
799
799
799
799
799
799
799
799
799
799
799
799
799
799
799
799
799
799
799
799
798.5
798.5
798.5
798.5
798.5
798.75
798.75
798.75
798.75
798.75
799
799
799
799
799
798.953
798.953
798.953
798.953
798.953
798.969
798.969
798.969
798.969
798.969
799
799
799
799
799
799
799
799
799
799
799
799
799
799
799
799
799
799
799
799
798.992
798.992
798.992
798.992
798.992
798.732
798.732
798.732
798.732
798.732
799
799
799
799
799
799
799
799
799
799
799
799
799
799
799
799
799
799
799
799
799
799
799
799
799
799
799
799
799
799
799
799
799
799
799
798.992
798.992
798.992
798.992
798.992
798.996
798.996
798.996
798.996
798.996
799
799
799
799
799
799
799
799
799
799
798.875
798.875
798.875
798.875
798.875
799
799
799
799
799
798.5
798.5
798.5
798.5
798.5
798.5
798.5
798.5
798.5
798.5
798.999
798.999
798.999
798.999
798.999
799
799
799
799
799
798.996
798.996
798.996
798.996
798.996
799
799
799
799
799
799
799
799
799
799
799
799
799
799
799
799
799
799
799
799
798.996
798.996
798.996
798.996
798.996
798.998
798.998
798.998
798.998
798.998
799
799
799
799
799
799
799
799
799
799
798.984
798.984
798.984
798.984
798.984
799
799
799
799
799
799
799
799
799
799
798.75
798.75
798.75
798.75
798.75
799
799
799
799
799
799
799
799
799
799
799
799
799
799
799
799
799
799
799
799
799
799
799
799
799
798.998
798.998
798.998
798.998
798.998
799
799
799
799
799
799
799
799
799
799
799
799
799
799
799
799
799
799
799
799
798.998
798.998
798.998
798.998
798.998
798.999
798.999
798.999
798.999
798.999
799
799
799
799
799
799
799
799
799
799
799
799
799
799
799
799
799
799
799
799
799
799
799
799
799
799
799
799
799
799
799
799
799
799
799
799
799
799
799
799
799
799
799
799
799
799
799
799
799
799
799
799
799
799
799
799
799
799
799
799
799
799
799
799
799
799
799
799
799
799
799
799
799
799
799
799
799
799
799
799
799
799
799
799
799
799
799
799
799
799
799
799
799
799
799
799
799
799
799
799
799
799
799
799
799
799
799
799
799
799
799
799
799
799
799
799
799
799
799
799
799
799
799
799
799
799
799
799
799
799
799
799
799
799
799
799
799
799
799
799
799
799
799
799
799
799
799
799
799
799
799
799
799
799
799
799
799
799
799
799
799
799
799
799
799
799
799
799
799
799
799
799
799
799
799
799
799
799
799
799
799
799
799
799
799
799
799
799
799
799
798.469
798.469
798.469
798.469
798.469
799
799
799
799
799
799
799
799
799
799
799
799
799
799
799
799
799
799
799
799
799
799
799
799
799
798.996
798.996
798.996
798.996
798.996
799
799
799
799
799
799
799
799
799
799
799
799
799
799
799
799
799
799
799
799
799
799
799
799
799
798.75
798.75
798.75
798.75
798.75
799
799
799
799
799
799
799
799
799
799
798.996
798.996
798.996
798.996
798.996
799
799
799
799
799
799
799
799
799
799
798.984
798.984
798.984
798.984
798.984
799
799
799
799
799
799
799
799
799
799
798.996
798.996
798.996
798.996
798.996
799
799
799
799
799
799
799
799
799
799
798.5
798.5
798.5
798.5
798.5
799
799
799
799
799
799
799
799
799
799
799
799
799
799
799
799
799
799
799
799
799
799
799
799
799
799
799
799
799
799
799
799
799
799
799
799
799
799
799
799
798.875
798.875
798.875
798.875
798.875
799
799
799
799
799
799
799
799
799
799
799
799
799
799
799
799
799
799
799
799
799
799
799
799
799
799
799
799
799
799
799
799
799
799
799
799
799
799
799
799
798.937
798.937
798.937
798.937
798.937
799
799
799
799
799
799
799
799
799
799
798.996
798.996
798.996
798.996
798.996
799
799
799
799
799
798.875
798.875
798.875
798.875
798.875
798.75
798.75
798.75
798.75
798.75
799
799
799
799
799
799
799
799
799
799
799
799
799
799
799
799
799
799
799
799
799
799
799
799
799
798.999
798.999
798.999
798.999
798.999
799
799
799
799
799
799
799
799
799
799
798.93
798.93
798.93
798.93
798.93
799
799
799
799
799
798.984
798.984
798.984
798.984
798.984
798.968
798.968
798.968
798.968
798.968
799
799
799
799
799
799
799
799
799
799
799
799
799
799
799
799
799
799
799
799
799
799
799
799
799
799
799
799
799
799
799
799
799
799
799
799
799
799
799
799
799
799
799
799
799
799
799
799
799
799
799
799
799
799
799
798.999
798.999
798.999
798.999
798.999
799
799
799
799
799
799
799
799
799
799
799
799
799
799
799
799
799
799
799
799
799
799
799
799
799
799
799
799
799
799
799
799
799
799
799
799
799
799
799
799
798.5
798.5
798.5
798.5
798.5
799
799
799
799
799
798.984
798.984
798.984
798.984
798.984
798.984
798.984
798.984
798.984
798.984
799
799
799
799
799
799
799
799
799
799
798.5
798.5
798.5
798.5
798.5
799
799
799
799
799
799
799
799
799
799
799
799
799
799
799
799
799
799
799
799
799
799
799
799
799
799
799
799
799
799
799
799
799
799
799
799
799
799
799
799
798.998
798.998
798.998
798.998
798.998
799
799
799
799
799
799
799
799
799
799
799
799
799
799
799
799
799
799
799
799
799
799
799
799
799
799
799
799
799
799
799
799
799
799
799
799
799
799
799
799
798.5
798.5
798.5
798.5
798.5
799
799
799
799
799
799
799
799
799
799
799
799
799
799
799
799
799
799
799
799
799
799
799
799
799
799
799
799
799
799
799
799
799
799
799
799
799
799
799
799
799
799
799
799
799
799
799
799
799
799
799
799
799
799
799
799
799
799
799
799
799
799
799
799
799
798.938
798.938
798.938
798.938
798.938
799
799
799
799
799
799
799
799
799
799
799
799
799
799
799
799
799
799
799
799
799
799
799
799
799
799
799
799
799
799
799
799
799
799
799
799
799
799
799
799
799
799
799
799
799
798.996
798.996
798.996
798.996
798.996
799
799
799
799
799
799
799
799
799
799
799
799
799
799
799
799
799
799
799
799
799
799
799
799
799
799
799
799
799
799
799
799
799
799
799
799
799
799
799
799
799
799
799
799
799
799
799
799
799
799
799
799
799
799
799
799
799
799
799
799
799
799
799
799
799
799
799
799
799
799
799
799
799
799
799
799
799
799
799
799
799
799
799
799
799
799
799
799
799
799
799
799
799
799
799
799
799
799
799
799
799
799
799
799
799
799
799
799
799
799
799
799
799
799
799
799
799
799
799
799
799
799
799
799
799
799
799
799
799
799
799
799
799
799
799
799
799
799
799
799
799
799
799
799
799
798.969
798.969
798.969
798.969
798.969
799
799
799
799
799
799
799
799
799
799
799
799
799
799
799
799
799
799
799
799
799
799
799
799
799
798.719
798.719
798.719
798.719
798.719
799
799
799
799
799
799
799
799
799
799
799
799
799
799
799
799
799
799
799
799
799
799
799
799
799
799
799
799
799
799
799
799
799
799
799
799
799
799
799
799
799
799
799
799
799
799
799
799
799
799
799
799
799
799
799
799
799
799
799
799
799
799
799
799
799
799
799
799
799
799
799
799
799
799
799
799
799
799
799
799
799
799
799
799
799
799
799
799
799
799
799
799
799
799
799
799
799
799
799
799
799
799
799
799
799
799
799
799
799
799
799
799
799
799
799
799
799
799
799
799
799
799
799
799
799
799
799
799
799
799
799
799
799
799
799
799
799
799
799
799
799
799
799
799
799
799
799
799
799
799
799
799
799
799
799
799
799
799
799
799
799
799
799
799
799
799
799
799
799
799
799
799
799
799
799
799
799
799
799
799
799
799
799
799
799
799
799
799
799
799
798.996
798.996
798.996
798.996
798.996
799
799
799
799
799
799
799
799
799
799
799
799
799
799
799
799
799
799
799
799
798.992
798.992
798.992
798.992
798.992
798.496
798.496
798.496
798.496
798.496
799
799
799
799
799
799
799
799
799
799
799
799
799
799
799
799
799
799
799
799
799
799
799
799
799
799
799
799
799
799
799
799
799
799
799
799
799
799
799
799
799
799
799
799
799
799
799
799
799
799
799
799
799
799
799
799
799
799
799
799
799
799
799
799
799
799
799
799
799
799
799
799
799
799
799
799
799
799
799
799
799
799
799
799
799
798.969
798.969
798.969
798.969
798.969
0
