0
0
0
0
400.521
400.521
400.521
400.521
400.521
599.584
599.584
599.584
599.584
599.584
543.678
543.678
543.678
543.678
543.678
521.345
521.345
521.345
521.345
521.345
497.468
497.468
497.468
497.468
497.468
508.504
508.504
508.414
508.414
508.414
483
483
483
483
483
512.633
512.633
512.633
512.633
512.633
596.242
596.242
596.242
596.242
596.242
741.236
741.236
741.236
741.236
741.236
628.156
628.156
628.156
628.156
628.156
548
548
548
548
548
469.183
469.183
469.183
469.183
469.183
487.745
487.745
487.745
487.745
487.745
599.875
599.875
599.875
599.875
599.875
345.883
345.883
345.883
345.883
345.883
619.969
619.969
619.969
619.969
619.969
299.841
299.841
299.841
299.841
299.841
461.801
461.801
461.801
461.801
461.801
522.772
522.772
522.772
522.772
522.772
202.08
202.08
202.08
202.08
202.08
593.932
593.932
593.932
593.932
593.932
533.781
533.781
533.781
533.781
533.781
574.064
574.064
574.064
574.064
574.064
440.187
440.187
440.187
440.187
440.482
483.5
483.5
483.5
483.5
483.5
671.59
671.59
671.59
671.59
671.59
487.687
487.687
487.687
487.687
487.687
659.715
659.715
659.715
659.715
659.715
532.4
532.4
532.4
532.4
532.4
278.172
278.172
278.172
278.172
278.172
451.295
451.295
451.295
451.295
451.295
335
335
335
335
335
295.182
295.182
295.182
295.182
295.182
524.184
524.184
524.184
524.184
524.184
646.451
646.451
646.451
646.451
646.451
274.763
274.763
274.763
274.763
274.763
622.247
622.247
622.247
622.247
622.247
668.264
668.264
668.264
668.264
668.264
521.981
521.981
521.981
521.981
521.981
316.137
316.137
316.137
316.137
316.137
781.831
781.831
781.831
781.831
781.831
666.166
666.166
666.166
666.166
666.166
541.769
541.769
541.769
541.769
541.769
447.669
447.669
447.669
447.669
447.669
522.582
522.582
522.582
522.582
522.582
491.5
491.5
491.5
491.5
491.5
403.098
403.098
403.098
403.098
403.098
622.156
622.156
622.156
622.156
622.156
350.719
350.719
350.719
350.719
350.719
561.047
561.047
561.047
561.047
561.047
462.586
462.586
462.586
462.586
462.586
635
635
635
635
635
349.337
349.337
349.337
349.337
349.337
547
547
547
547
547
489.044
489.044
489.044
489.044
489.044
584.569
584.569
584.569
584.569
584.569
625.783
625.783
625.783
625.783
625.783
524.767
524.767
524.767
524.767
524.767
506.166
506.166
506.166
506.166
506.166
654.25
654.25
654.25
654.25
654.25
644.75
644.75
644.75
644.75
644.75
769.529
769.529
769.529
769.529
769.529
558.391
558.391
558.391
558.391
558.391
580.045
580.045
580.045
580.045
580.045
594.359
594.359
594.359
594.359
594.359
627.052
627.052
627.052
627.052
627.052
658.916
658.916
658.916
658.916
658.916
581.375
581.375
581.375
581.375
581.375
639.351
639.351
639.351
639.351
639.351
415.217
415.217
415.217
415.217
415.217
480.518
480.518
480.518
480.518
480.518
549.254
549.254
549.254
549.254
549.254
707.781
707.781
707.781
707.781
707.781
376.969
376.969
376.969
376.969
376.969
668.657
668.657
668.657
668.657
668.657
0
0
0
0
0
334.354
334.354
334.354
334.354
334.354
545.8
545.8
545.8
545.8
545.8
340
340
340
340
340
437.161
437.161
437.161
437.161
437.161
293.593
293.593
293.593
293.593
293.593
402.354
402.354
402.354
402.354
402.354
485.237
485.237
485.237
485.237
485.237
397.015
397.015
397.015
397.015
397.015
589.273
589.273
589.273
589.273
589.273
697.743
697.743
697.743
697.743
697.743
598.3
598.3
598.3
598.3
598.3
383.597
383.597
383.597
383.597
383.597
623.311
623.311
623.311
623.311
623.311
617.035
617.035
617.035
617.035
617.035
655.762
655.762
655.762
655.762
655.762
507.91
507.91
507.461
507.461
507.461
624.375
624.375
624.375
624.375
624.375
528.914
528.914
528.914
528.914
528.914
530.625
530.625
530.625
530.625
530.625
374.875
374.875
374.875
374.875
374.875
501.972
506.695
506.695
506.695
506.695
577.738
577.738
577.738
577.738
577.738
643.619
643.619
643.619
643.619
643.619
557.893
557.893
557.893
557.893
557.893
573.5
573.5
573.5
573.5
573.5
705.75
705.75
705.75
705.75
705.75
376.406
376.406
376.406
376.406
376.406
676.726
676.726
676.726
676.726
676.726
345.408
345.408
345.408
345.408
345.408
478.414
478.414
478.414
478.414
478.414
487.313
487.313
487.313
487.313
487.313
533.813
533.813
533.813
533.813
533.813
347.359
347.359
347.359
347.359
347.359
511.453
511.453
511.453
511.453
511.453
428.626
428.626
428.626
428.626
428.626
520.939
520.939
520.939
520.939
520.939
660.625
660.625
660.625
660.625
660.625
650.985
650.985
650.985
650.985
650.985
499.156
499.156
499.156
499.156
499.156
687.347
687.347
687.347
687.347
687.347
679.059
679.059
679.059
679.059
679.059
712.708
712.708
712.708
712.708
712.708
298.824
298.824
298.824
298.824
298.824
328.384
328.384
328.384
328.384
328.384
526.207
526.207
526.207
526.207
526.207
474.907
474.907
474.907
474.907
474.907
593.656
593.656
593.656
593.656
593.656
728.175
728.175
728.175
728.175
728.175
411.935
411.935
411.935
411.935
411.935
439.789
439.789
439.789
439.789
439.789
508.234
508.234
508.234
508.234
508.234
529.71
529.71
529.71
529.71
529.71
750.721
750.721
750.721
750.721
750.721
603.925
603.925
603.925
603.925
603.925
416.249
416.249
416.249
416.249
416.249
556.938
556.938
556.938
556.938
556.938
522.654
522.654
522.654
522.654
522.654
666.794
666.794
666.794
666.794
666.794
708.922
708.922
708.922
708.922
708.922
548.906
548.906
548.906
548.906
548.906
560.185
560.185
560.185
560.185
560.185
429.35
429.35
429.35
429.35
429.35
440.188
440.188
440.188
440.188
440.188
327.789
327.789
327.789
327.789
327.789
333.24
333.24
333.24
333.24
333.24
668
668
668
668
668
516.703
516.703
516.703
516.703
516.703
359.352
359.352
359.352
359.352
359.352
637.513
637.513
637.513
637.513
637.513
429.039
429.039
429.039
429.039
429.039
637.432
637.432
637.432
637.432
637.432
540.039
540.039
540.039
540.039
540.039
791.851
791.851
791.851
791.851
791.851
301.991
301.991
301.991
301.991
301.991
591.5
591.5
591.5
591.5
591.5
519.447
519.447
519.447
519.447
519.447
682.314
682.314
682.314
682.314
682.314
640.078
640.078
640.078
640.078
640.078
416
416
416
416
416
495.418
495.418
495.418
495.418
495.418
649.051
649.051
649.051
649.051
649.051
612.183
612.183
612.183
612.183
612.183
593.664
593.664
593.664
593.664
593.664
683.5
683.5
683.5
683.5
683.5
690.301
690.301
690.301
690.301
690.301
381.094
381.094
381.094
381.094
381.094
688.119
688.119
688.119
688.119
688.119
534.086
534.086
534.086
534.086
534.086
450.093
450.093
450.093
450.093
450.093
643.752
643.752
643.752
643.752
643.752
536.465
536.465
536.465
536.465
536.465
428.287
428.287
428.287
428.287
428.287
716.772
716.772
716.772
716.772
716.772
327.37
327.37
327.37
327.37
327.37
725.438
725.438
725.438
725.438
725.438
424.34
424.34
424.34
424.34
424.34
352.94
352.94
352.94
352.94
352.94
177.808
177.808
177.808
177.808
177.808
301.089
301.089
301.089
301.089
301.089
515.718
515.718
515.718
515.718
515.718
446.328
446.328
446.328
446.328
446.328
278.353
278.353
278.353
278.353
278.353
432.781
432.781
432.781
432.781
432.781
570.223
570.223
570.223
570.223
570.223
699.334
699.334
699.334
699.334
699.334
566.502
566.502
566.502
566.502
566.502
302.544
302.544
302.544
302.544
302.544
519.994
519.994
519.994
519.994
519.994
670.732
670.732
670.732
670.732
670.732
476.851
476.851
476.851
476.851
476.851
501.248
501.248
501.248
501.248
501.248
239.505
239.505
239.505
239.505
239.505
623.541
623.541
623.541
623.541
623.541
389.437
389.437
389.437
389.437
389.437
520.283
520.283
520.283
520.283
520.283
373.677
373.677
373.677
373.677
373.677
380.06
380.06
380.094
380.094
380.094
636.75
636.75
636.75
636.75
636.75
541.555
541.555
541.555
541.555
541.555
452.401
452.401
452.401
452.401
452.401
239.335
239.335
239.335
239.335
239.335
526.531
526.531
526.531
526.531
526.531
470.687
470.687
470.687
470.687
470.687
502.619
502.619
502.619
502.619
502.619
746.236
746.236
746.236
746.236
746.236
485.114
485.114
485.114
485.114
485.114
569.438
569.438
569.438
569.438
569.438
693.563
693.563
693.563
693.563
693.563
678.031
678.031
678.031
678.031
678.031
514.5
514.5
514.5
514.5
514.5
747.566
747.566
747.566
747.566
747.566
517.183
517.183
517.183
517.183
517.183
449.109
449.109
449.109
449.109
449.109
280.371
280.371
280.371
280.371
280.371
387.18
387.18
387.18
387.18
387.18
613.094
613.094
613.094
613.094
613.094
679.417
679.417
679.417
679.417
679.417
642.3
642.3
642.3
642.3
642.3
597.02
597.02
597.02
597.02
597.02
677.914
677.914
677.914
677.914
677.914
347.5
347.5
347.5
347.5
347.5
580.594
580.594
580.594
580.594
580.594
531.615
531.615
531.615
531.615
531.615
427.5
427.5
427.5
427.5
427.5
455.125
455.125
455.125
455.125
455.125
445.459
445.459
445.459
445.459
445.459
690.392
690.392
690.392
690.392
690.392
413.5
413.5
413.5
413.5
413.5
616.674
616.674
616.674
616.674
616.674
561.246
561.246
561.246
561.246
561.246
505.21
505.21
505.21
505.21
505.21
582.061
582.061
582.061
582.061
582.061
672.545
672.545
672.545
672.545
672.545
604.415
604.415
604.415
604.415
604.415
576.25
576.25
576.25
576.25
576.25
164.082
164.082
164.082
164.082
164.082
551.208
551.208
551.208
551.208
551.208
322.416
322.416
322.416
322.416
322.416
715.375
715.375
715.375
715.375
715.375
650.5
650.5
650.5
650.5
650.5
521.625
521.625
521.625
521.625
521.625
587.674
587.674
587.674
587.674
587.674
460.661
460.661
460.661
460.661
460.661
477.875
477.875
477.875
477.875
477.875
524.688
524.688
524.688
524.688
524.688
674.719
674.719
674.719
674.719
674.719
541.865
541.865
541.865
541.865
541.865
533.895
533.895
533.895
533.895
533.895
621.152
621.152
621.152
621.152
621.152
575.637
575.637
575.637
575.637
575.637
373.574
373.574
373.574
373.574
373.574
643
643
643
643
643
787.971
787.971
787.971
787.971
787.971
587.267
587.267
587.267
587.267
587.267
402.562
402.562
402.562
402.562
402.562
706.742
706.742
706.742
706.742
706.742
453.303
453.303
453.303
453.303
453.303
476.2
476.2
476.2
476.2
476.2
290.134
290.134
290.134
290.134
290.134
521.16
521.16
521.16
521.16
521.16
465.199
465.199
465.199
465.199
465.199
698.2
698.2
698.207
698.207
698.207
297.062
297.062
297.062
297.062
297.062
484.234
484.234
484.234
484.234
484.234
402.432
402.432
402.432
402.432
402.432
162.625
162.625
162.625
162.625
162.625
545.729
545.729
545.729
545.729
545.729
651.82
651.82
651.82
651.82
651.82
650.656
650.656
650.656
650.656
650.656
563.828
563.828
563.828
563.828
563.828
709.887
709.887
709.887
709.887
709.887
501.743
501.743
501.743
501.743
501.743
290.844
290.844
290.844
290.844
290.844
620.531
620.531
620.531
620.531
620.531
569.219
569.219
569.219
569.219
569.219
615.75
615.75
615.75
615.75
615.75
708.422
708.422
708.422
708.422
708.422
394.29
393.846
393.846
393.846
393.846
422.741
422.741
422.741
422.741
422.741
663.188
663.188
663.188
663.188
663.188
402.443
402.443
402.443
402.443
402.443
442.2
442.2
442.2
442.2
442.2
512
512
512
512
512
662.79
662.79
689.08
689.08
689.08
550.034
550.034
550.034
550.034
550.034
656.748
656.748
656.748
656.748
656.748
562.926
562.926
562.926
562.926
562.926
586.617
586.617
586.617
586.617
586.617
653.602
653.602
653.602
653.602
653.602
279.774
279.774
279.774
279.774
279.774
404.781
404.781
404.781
404.781
404.781
319.376
319.376
319.376
319.376
319.376
231.865
231.865
231.865
231.865
231.865
497
497
497
497
497
495.911
495.911
495.911
495.911
495.911
546.681
546.681
546.681
546.681
546.681
700.599
700.599
700.599
700.599
700.599
467.191
467.191
467.191
467.191
467.191
421.701
421.701
421.701
421.701
421.701
251.236
251.236
251.236
251.236
251.236
415.505
415.505
415.505
415.505
415.505
308.625
308.625
308.625
308.625
308.625
636.188
636.188
636.188
636.188
636.188
593.711
593.711
593.711
593.711
593.711
345.39
345.39
345.39
345.39
345.39
411.897
411.897
411.897
411.897
411.897
532.979
532.979
532.979
532.979
532.979
628.633
628.633
628.633
628.633
628.633
347.908
347.908
347.908
347.908
347.908
613.26
613.26
613.26
613.26
613.26
612.25
612.25
612.25
612.25
612.25
645.25
645.25
645.25
645.25
645.25
538.432
538.432
538.432
538.432
538.432
476.906
476.906
476.906
476.906
476.906
464.031
464.031
464.031
464.031
464.031
619.953
619.953
619.953
619.953
619.953
525.278
525.278
525.278
525.278
525.278
385.701
385.701
385.701
385.701
385.701
234.823
234.823
234.823
234.823
234.823
571.56
571.56
571.56
571.56
571.56
433.648
433.648
433.648
433.648
433.648
642.599
642.599
642.599
642.599
642.599
481.824
481.824
481.824
481.824
481.824
597.223
597.223
597.223
597.223
597.223
640.625
640.625
640.625
640.625
640.625
636.7
636.7
636.7
636.7
636.7
510.578
510.578
510.578
510.578
510.578
659.707
659.707
659.707
659.707
659.707
508.328
508.328
508.328
508.328
508.328
526.305
526.305
526.305
526.305
526.305
595.991
595.991
595.991
595.991
595.991
619.404
619.404
619.404
619.404
619.404
672.002
672.002
672.002
672.002
672.002
406.737
406.737
406.737
406.737
406.737
591.5
591.5
591.5
591.5
591.5
693.147
693.147
693.147
693.147
693.147
292.334
292.334
292.334
292.334
292.334
503.582
503.582
503.582
503.582
503.582
631
631
631
631
631
659.291
659.291
659.291
659.291
659.291
681.926
681.926
681.926
681.926
681.926
436.75
436.75
436.75
436.75
436.75
676.742
676.742
676.742
676.742
676.742
650.217
650.217
650.217
650.217
650.217
262.906
262.906
262.906
262.906
262.906
292.344
292.344
292.344
292.344
292.344
345.938
345.938
345.938
345.938
345.938
546.256
546.256
546.256
546.256
546.256
593.278
593.278
593.278
593.278
593.278
476.984
476.984
476.984
476.984
476.984
611.604
611.604
611.604
611.604
611.604
479.047
479.047
479.047
479.047
479.047
571.031
571.031
571.031
571.031
571.031
487.352
487.352
487.352
487.352
487.352
647.313
647.313
647.313
647.313
647.313
306.305
306.305
306.305
306.305
306.305
514.888
514.888
513.824
513.824
513.824
661.793
661.793
661.793
661.793
661.793
640.241
640.241
640.241
640.241
640.241
345.016
345.016
345.016
345.016
345.016
700.625
700.625
700.625
700.625
700.625
436.597
436.597
436.597
436.597
436.597
496.965
496.965
496.965
496.965
496.965
592.787
592.787
592.787
592.787
592.787
134.26
134.26
134.26
134.26
134.26
522.063
522.063
522.063
522.063
522.063
323.732
323.732
323.732
323.732
323.732
518
518
518
518
518
399.594
399.594
399.594
399.594
399.594
532.718
532.718
532.718
532.718
532.718
439.781
439.781
439.781
439.781
439.781
505.813
505.813
505.813
505.813
505.813
346.657
346.657
346.657
346.657
346.657
600.409
600.409
600.409
600.409
600.409
556.688
556.688
556.688
556.688
556.688
481.777
481.777
481.777
481.777
481.777
519.933
519.933
519.933
519.933
519.933
659.98
659.98
659.98
659.98
659.98
444.467
444.467
444.467
444.467
444.467
388.917
388.917
388.917
388.917
388.917
382.126
382.126
382.126
382.126
382.126
354.605
492.547
492.547
492.547
492.547
446.227
446.227
446.227
446.227
446.227
385.125
385.125
385.125
385.125
385.125
438.89
438.89
438.89
438.89
438.89
493.648
493.648
493.648
493.648
493.648
658.297
658.297
658.297
658.297
658.297
772.103
772.103
772.103
772.103
772.103
725.893
725.893
725.893
725.893
725.893
280.248
280.248
280.248
280.248
280.248
526.416
526.416
526.416
526.416
526.416
525.705
525.705
525.705
525.705
525.705
688.281
688.281
688.281
688.281
688.281
413.551
413.551
413.551
413.551
413.551
454.456
454.456
454.456
454.456
454.456
721.962
721.962
721.962
721.962
721.962
322.504
322.504
322.504
322.504
322.504
264.692
264.692
264.692
264.692
264.692
449.438
449.438
449.438
449.438
449.438
559.277
559.277
559.277
559.277
559.277
306.35
306.35
306.35
306.35
306.35
242.408
242.408
242.408
242.408
242.408
665.379
665.379
665.379
665.379
665.379
720.358
720.358
720.358
720.358
720.358
607.889
607.889
607.889
607.889
607.889
563.5
563.5
563.5
563.5
563.5
493.719
493.719
493.719
493.719
493.719
500.299
500.299
500.299
500.299
500.299
434.089
434.089
434.089
434.089
434.089
506.5
506.5
506.5
506.5
506.5
600.685
600.685
600.685
600.685
600.685
576.703
576.703
576.703
576.703
576.703
579.985
579.985
579.985
579.985
579.985
506.633
506.633
506.633
506.633
506.633
366.31
366.31
366.31
366.31
366.31
624.703
624.703
624.703
624.703
624.703
653
653
653
653
653
490.438
490.438
490.438
490.438
490.438
626.065
626.065
626.102
626.102
626.102
331.451
331.451
331.451
331.451
331.451
507.723
507.723
507.723
507.723
507.723
359.5
359.5
359.5
359.5
359.5
520.012
520.012
520.012
520.012
520.012
295.172
295.172
295.172
295.172
295.172
386.82
386.82
386.82
386.82
386.82
384.628
384.628
384.628
384.628
384.628
552.057
552.057
552.057
552.057
552.057
539.529
539.529
539.529
539.529
539.529
291.676
291.676
291.676
291.676
291.676
597.258
597.258
597.258
597.258
597.258
535.508
535.508
535.508
535.508
535.508
476
476
476
476
476
317.957
317.957
317.957
317.957
317.957
407.031
407.031
407.031
407.031
407.031
651.259
651.259
651.259
651.259
651.259
562.203
562.203
562.203
562.203
562.203
603.375
603.375
603.375
603.375
603.375
402.99
402.99
402.99
402.99
402.99
641.888
641.888
641.888
641.888
641.888
264.829
264.829
264.829
264.829
264.829
486.891
486.891
486.891
486.891
486.891
597.449
597.449
597.449
597.449
597.449
477.828
477.828
477.828
477.828
477.828
435.744
435.744
435.744
435.744
435.744
683.099
683.099
683.099
683.099
683.099
551.795
551.795
551.795
551.795
551.795
494.109
494.109
494.109
494.109
494.109
569.277
569.277
569.277
569.277
569.277
392.614
392.614
392.614
392.614
392.614
505.162
505.162
505.162
505.162
505.162
320.884
320.884
320.884
320.884
320.884
546.033
546.033
546.033
546.033
546.033
325.313
325.313
325.313
325.313
325.313
674.32
674.32
674.32
674.32
674.32
286.61
286.61
286.61
286.61
286.61
444.574
444.574
444.574
444.574
444.574
385.211
385.211
385.211
385.211
385.211
541.53
541.53
541.53
541.53
541.53
431.813
431.813
431.813
431.813
431.813
571.02
571.02
571.02
571.02
571.02
655.14
655.14
655.14
655.14
655.14
640.135
640.135
640.135
640.135
640.135
449.969
449.969
449.969
449.969
449.969
672.98
672.98
672.98
672.98
672.98
533.145
533.145
533.145
533.145
533.145
514.69
514.69
514.69
514.69
514.69
304.933
304.933
304.933
304.933
304.933
496.883
496.883
496.883
496.883
496.883
675.75
675.75
675.75
675.75
675.75
199.215
199.215
199.215
199.215
199.215
671.563
671.563
671.563
671.563
671.563
488.851
488.851
488.851
488.851
488.851
579.438
579.438
579.438
579.438
579.438
625.924
625.924
625.924
625.924
625.924
617.965
617.965
617.965
617.965
617.965
560.926
560.926
560.926
560.926
560.926
525.016
525.016
525.016
525.016
525.016
468.875
468.875
468.875
468.875
468.875
452.924
452.924
452.924
452.924
452.924
743.387
743.387
743.387
743.387
743.387
707.151
707.151
707.151
707.151
707.151
671.791
671.791
671.791
671.791
671.791
521.778
521.778
521.778
521.778
521.778
419.328
419.328
419.328
419.328
419.328
260.81
260.81
260.81
260.81
260.81
502.213
502.213
502.213
502.213
502.213
506.146
506.146
506.146
506.146
506.146
525.547
525.547
525.547
525.547
525.547
519.875
519.875
519.875
519.875
519.875
639.718
639.718
639.718
639.718
639.718
605.07
605.07
605.07
605.07
605.07
724.433
724.433
724.433
724.433
724.433
272.872
272.872
272.872
272.872
272.872
529.405
529.405
529.405
529.405
529.405
552.25
552.25
552.25
552.25
552.25
673.89
673.89
673.89
673.89
673.89
571.473
571.473
571.473
571.473
571.473
619.547
619.547
619.547
619.547
619.547
417.761
417.761
417.761
417.761
417.761
632.927
632.927
632.927
632.927
632.927
405
405
405
405
405
372.688
372.688
372.688
372.688
372.688
465.625
465.625
465.625
465.625
465.625
611.273
611.273
611.273
611.273
611.273
700.906
700.906
700.906
700.906
700.906
574.962
574.962
574.962
574.962
574.962
541.975
541.975
541.975
541.975
541.975
427.594
427.594
427.594
427.594
427.594
525.023
525.023
525.023
525.023
525.023
505.078
505.078
505.078
505.078
505.078
623.335
623.335
623.335
623.335
623.335
496.109
496.109
496.109
496.109
496.109
290.308
290.308
290.308
290.308
290.308
759.972
759.972
759.972
759.972
759.972
581.046
581.046
581.046
581.046
581.046
307.75
307.75
307.75
307.75
307.75
695.48
695.48
695.48
695.48
695.48
523.719
523.719
523.719
523.719
523.719
687.547
687.547
687.547
687.547
687.547
487.531
487.531
487.531
487.531
487.531
503.313
503.313
503.313
503.313
503.313
674.326
674.326
674.326
674.326
674.326
357.484
357.484
357.484
357.484
357.484
527.125
527.125
527.125
527.125
527.125
735
735
735
735
735
418.289
418.289
418.289
418.289
418.289
500.288
500.288
500.288
500.288
500.288
680.539
680.539
680.539
680.539
680.539
316.719
316.719
316.719
316.719
316.719
376.953
376.953
376.953
376.953
376.953
258.25
258.25
258.25
258.25
258.25
328.234
328.234
328.234
328.234
328.234
496.254
496.254
496.254
496.254
496.254
349.535
349.535
349.535
349.535
349.535
256.135
256.135
256.135
256.135
256.135
650.787
650.787
650.787
650.787
650.787
530.5
530.5
530.5
530.5
530.5
659.188
659.188
659.188
659.188
659.188
451.942
451.942
451.942
451.942
451.942
431.5
431.5
431.5
431.5
431.5
555.797
555.797
555.797
555.797
555.797
313.814
313.814
313.814
313.814
313.814
657.163
657.163
657.163
657.163
657.163
447.314
447.314
447.314
447.314
447.314
549.406
549.406
549.406
549.406
549.406
468.969
468.969
468.969
468.969
468.969
520.081
520.081
520.081
520.081
520.081
570.177
570.177
570.177
570.177
570.177
666.111
666.111
666.111
666.111
666.111
766.743
766.743
766.743
766.743
766.743
431.133
431.133
431.133
431.133
431.133
503.451
503.451
503.451
503.451
503.451
346.827
346.827
346.827
346.827
346.827
520.938
520.938
520.938
520.938
520.938
577.625
577.625
577.625
577.625
577.625
399.113
399.113
399.113
399.113
399.113
749.532
749.532
749.532
749.532
749.532
718.636
718.636
718.636
718.636
718.636
464.211
464.211
464.211
464.211
464.211
586.865
586.865
586.865
586.865
586.865
460
460
460
460
460
565.109
565.109
565.109
565.109
565.109
640.375
640.375
640.375
640.375
640.375
673.578
673.578
673.578
673.578
673.578
585.44
585.44
585.44
585.44
585.44
187.666
187.666
187.666
187.666
187.666
571.568
571.568
571.568
571.568
571.568
672.162
672.162
672.162
672.162
672.162
199.466
199.466
199.466
199.466
199.466
503.281
503.281
503.281
503.281
503.281
667
667
667
667
667
640.555
640.555
640.555
640.555
640.555
639.31
639.31
639.31
639.31
639.31
632.139
632.139
632.139
632.139
632.139
522.63
522.63
522.63
522.63
522.63
331.566
331.566
331.566
331.566
331.566
511.422
511.422
511.422
511.422
511.422
322.249
322.249
322.249
322.249
322.249
582.547
582.547
582.547
582.547
582.547
476.806
476.806
476.806
476.806
476.806
552.234
552.234
552.234
552.234
552.234
656.389
656.389
656.389
656.389
656.389
316.477
316.477
316.477
316.477
316.477
569.954
569.954
569.954
569.954
569.954
437.789
437.789
437.789
437.789
437.789
446.275
446.275
446.275
446.275
446.275
739.338
739.338
739.338
739.338
739.338
246.947
246.947
246.947
246.947
246.947
498.5
498.5
498.5
498.5
498.5
511.833
511.833
511.833
511.833
511.833
379.5
379.5
379.5
379.5
379.5
379.651
379.651
379.651
379.651
379.651
670.223
670.223
670.223
670.223
670.223
676.289
676.289
676.289
676.289
676.289
705.25
705.25
705.25
705.25
705.25
567.14
567.14
567.14
567.14
567.14
584.416
584.416
584.416
584.416
584.416
561.125
561.125
561.125
561.125
561.125
537.852
537.852
537.852
537.852
537.852
268.745
268.745
268.745
268.745
268.745
459.899
459.899
459.899
459.899
459.899
541.25
541.25
541.25
541.25
541.25
660.984
660.984
660.984
660.984
660.984
622.5
622.5
622.5
622.5
622.5
439.258
439.258
439.258
439.258
439.258
264.334
264.334
264.334
264.334
264.334
417.484
417.484
417.484
417.484
417.484
478.609
478.609
478.609
478.609
478.609
607.438
607.438
607.438
607.438
607.438
481.934
481.934
481.934
481.934
481.934
560.847
560.847
560.847
560.847
560.847
362.586
362.586
362.586
362.586
362.586
551.249
551.249
551.249
551.249
551.249
380.05
380.05
380.05
380.05
380.05
578.774
578.774
578.774
578.774
578.774
482.959
482.959
482.959
482.959
482.959
631.125
631.125
631.125
631.125
631.125
453.215
453.215
453.215
453.215
453.215
653.203
653.203
653.203
653.203
653.203
462.563
591.625
591.625
591.625
591.625
419.512
419.512
419.512
419.512
419.512
447.215
447.215
447.215
447.215
447.215
406.844
406.844
406.844
406.844
406.844
539.375
539.375
539.375
539.375
539.375
427.138
427.138
427.138
427.138
427.138
425.281
425.281
425.281
425.281
425.281
407.408
367.316
367.316
367.316
367.316
535.875
535.875
535.875
535.875
535.875
509.955
509.955
509.955
509.955
509.955
375.938
375.938
375.938
375.938
375.938
498.125
498.125
498.125
498.125
498.125
493.332
493.332
493.332
493.332
493.332
425.656
425.656
425.656
425.656
425.656
360.375
360.375
360.375
360.375
360.375
600.445
600.445
600.445
600.445
600.445
407.729
407.729
407.729
407.729
407.729
501.709
501.709
501.709
501.709
501.709
568.406
568.406
568.406
568.406
568.406
618.844
618.844
618.844
618.844
618.844
596.016
596.016
596.016
596.016
596.016
685.785
685.785
685.785
685.785
685.785
621.641
621.641
621.641
621.641
621.641
372.25
372.25
372.25
372.25
372.25
691.161
691.161
691.161
691.161
691.161
443.369
443.369
443.369
443.369
443.369
629
629
629
629
629
552.31
552.31
552.31
552.31
552.31
538.766
538.766
538.766
538.766
538.766
512.994
512.994
512.994
512.994
512.994
479.563
479.563
479.563
479.563
479.563
374.827
374.827
374.827
374.827
374.827
628.421
628.421
628.421
628.421
628.421
276.865
276.865
276.865
276.865
276.865
413.294
413.294
413.294
413.294
413.294
515.227
515.227
515.227
515.227
515.227
603.916
603.916
603.916
603.916
603.916
526.29
526.29
526.29
526.29
526.29
385.355
385.355
385.355
385.355
385.355
727.052
727.052
727.052
727.052
727.052
546.168
546.168
546.168
546.168
546.168
691.061
691.061
691.061
691.061
691.061
758.048
758.048
758.048
758.048
758.048
565.577
565.577
565.577
565.577
565.577
671.773
671.773
671.773
671.773
671.773
547.295
547.295
547.295
547.295
547.295
673
673
673
673
673
468.999
468.999
468.999
468.999
468.999
568.318
568.318
568.318
568.318
568.318
389.277
389.277
389.277
389.277
389.277
757.743
757.743
757.743
757.743
757.743
463.509
463.509
463.509
463.509
463.509
420.461
420.461
420.461
420.461
420.461
518
518
518
518
518
568.625
568.625
568.625
568.625
568.625
487.826
487.826
487.826
487.826
487.826
439.114
439.114
439.114
439.114
439.114
312.061
312.061
312.061
312.061
312.061
642.291
642.291
642.291
642.291
642.291
269.666
269.666
269.666
269.666
269.666
572.765
572.765
572.765
572.765
572.765
482.703
482.703
482.703
482.703
482.703
589.287
589.287
589.287
589.287
589.287
577.713
577.713
577.713
577.713
577.713
703.556
703.556
703.556
703.556
703.556
548.187
548.187
548.187
548.187
548.187
712.652
712.652
712.652
712.652
712.652
542.523
542.523
542.523
542.523
542.523
596.088
596.088
596.088
596.088
596.088
425.656
425.656
425.656
425.656
425.656
446.561
446.561
446.561
446.561
446.561
528.19
528.19
528.19
528.19
528.19
620.788
620.788
620.788
620.788
620.788
410.453
410.453
410.453
410.453
410.453
478.107
478.107
478.107
478.107
478.107
660.642
660.642
660.642
660.642
660.642
411.359
411.359
411.359
411.359
411.359
395.625
395.625
395.625
395.625
395.625
315.5
315.5
315.5
315.5
315.5
656.91
656.91
656.91
656.91
656.91
348.922
348.922
348.922
348.922
348.922
450.875
450.875
450.875
450.875
450.875
513.766
513.766
513.766
513.766
513.766
266
266
266
266
266
345.859
345.859
345.859
345.859
345.859
569.732
569.732
569.732
569.732
569.732
475.122
475.122
475.122
475.122
475.122
508.393
508.393
508.393
508.393
508.393
635.475
635.475
635.475
635.475
635.475
510.96
510.96
510.96
510.96
510.96
596.294
596.294
596.294
596.294
596.294
393.82
393.82
393.82
393.82
393.82
435.758
435.758
435.758
435.758
435.758
467.191
467.191
467.191
467.191
467.191
780.176
780.176
780.176
780.176
780.176
788.005
788.005
788.005
788.005
788.005
781.662
781.662
781.662
781.662
781.662
643.678
643.678
643.678
643.678
643.678
454.961
454.961
454.961
454.961
454.961
572.987
572.987
572.987
572.987
572.987
673.875
673.875
673.875
673.875
673.875
693.898
693.898
693.898
693.898
693.898
236.281
236.281
236.281
236.281
236.281
570.702
570.702
570.702
570.702
570.702
553.814
553.814
553.814
553.814
553.814
701.517
701.517
701.517
701.517
701.517
641.609
641.609
641.609
641.609
641.609
708.553
708.553
708.553
708.553
708.553
694.207
694.207
694.207
694.207
694.207
515.146
515.146
515.146
515.146
515.146
376.544
376.544
376.544
376.544
376.544
615.125
615.125
615.125
615.125
615.125
480.691
480.691
480.691
480.691
480.691
317.188
317.188
317.188
317.188
317.188
561.638
561.638
561.638
561.638
561.638
590.594
590.594
590.594
590.594
590.594
640.26
640.26
640.26
640.26
640.26
245.25
245.25
245.25
245.25
245.25
616.469
616.469
616.469
616.469
616.469
359.855
359.855
359.855
359.855
359.855
609.625
609.625
609.625
609.625
609.625
556.506
556.506
556.506
556.506
556.506
350.701
350.701
350.701
350.701
350.701
625
625
625
625
625
682.313
682.313
682.313
682.313
682.313
502.239
502.239
502.239
502.239
502.239
509.898
509.898
509.898
509.898
509.898
454.748
454.748
454.748
454.748
454.748
700.875
700.875
700.875
700.875
700.875
571.734
571.734
571.734
571.734
571.734
410.074
410.074
410.074
410.074
410.074
538.494
538.494
538.494
538.494
538.494
573
573
573
573
573
540.547
540.547
540.547
540.547
540.547
536.042
536.042
536.042
536.042
536.042
350.75
350.75
350.75
350.75
350.75
249.531
249.531
249.531
249.531
249.531
417.701
417.701
417.701
417.701
417.701
275.536
275.536
275.536
275.536
275.536
309.715
309.715
309.715
309.715
309.715
499.516
499.516
499.516
499.516
499.516
568.863
568.863
568.863
568.863
568.863
326.242
326.242
326.242
326.242
326.242
265.004
265.004
265.004
265.004
265.004
709.945
709.945
709.945
709.945
709.945
539.434
539.434
539.434
539.434
539.434
424.875
424.875
424.875
424.875
424.875
403.102
403.102
403.102
403.102
403.102
648.241
648.241
648.241
648.241
648.241
669.432
669.432
669.432
669.432
669.432
418.145
418.145
418.145
418.145
418.145
420.987
420.987
420.987
420.987
420.987
538.537
538.537
538.537
538.537
538.537
661.307
661.307
661.307
661.307
661.307
480.094
480.094
480.094
480.094
480.094
446.305
446.305
446.305
446.305
446.305
708.344
708.344
666.688
666.688
666.688
481.5
481.5
481.5
481.5
481.5
706.969
706.969
706.969
706.969
706.969
543.717
543.717
543.717
543.717
543.717
590.5
590.5
590.5
590.5
590.5
552.266
552.266
552.266
552.266
552.266
678.835
678.835
678.835
678.835
678.835
625.61
625.61
625.61
625.61
625.61
572.332
572.332
572.332
572.332
572.332
189.449
189.449
189.449
189.449
189.449
522.281
522.281
522.281
522.281
522.281
419.945
419.945
419.945
419.945
419.945
425.605
425.605
425.605
425.605
425.605
368.148
368.148
368.148
368.148
368.148
619.25
619.25
619.25
619.25
619.25
465.203
465.203
465.203
465.203
465.203
442.881
442.881
442.881
442.881
442.881
690.571
690.571
690.571
690.571
690.571
393.508
393.508
393.508
393.508
393.508
538.315
538.315
538.315
538.315
538.315
470.471
470.471
470.471
470.471
470.471
621.948
621.948
621.948
621.948
621.948
657.125
657.125
657.125
657.125
657.125
360.686
360.686
360.686
360.686
360.686
567.234
567.234
567.234
567.234
567.234
522.645
522.645
522.645
522.645
522.645
507.25
507.25
507.25
507.25
507.25
502.328
502.328
502.328
502.328
502.328
603.729
603.729
603.729
603.729
603.729
660.877
660.877
660.877
660.877
660.877
643.557
643.557
643.557
643.557
643.557
649.318
649.318
649.318
649.318
649.318
554.188
554.188
554.188
554.188
554.188
629.296
629.296
629.296
629.296
629.296
433.928
433.928
433.928
433.928
433.928
495.922
495.922
495.922
495.922
495.922
548.961
548.961
548.961
548.961
548.961
296.773
296.773
296.773
296.773
296.773
348.875
348.875
348.875
348.875
348.875
585.58
585.58
585.58
585.58
585.58
533.168
533.168
533.168
533.168
533.168
480.635
480.635
480.635
480.635
480.635
447.06
447.06
447.06
447.06
447.06
566.781
566.781
566.781
566.781
566.781
657.625
657.625
657.625
657.625
657.625
636.5
636.5
636.5
636.5
636.5
742.781
742.781
742.781
742.781
742.781
585.5
585.5
585.5
585.5
585.5
495.625
495.625
495.625
495.625
495.625
564.398
564.398
564.398
564.398
564.398
522.657
522.657
522.657
522.657
522.657
583.125
583.125
583.125
583.125
583.125
265.734
265.734
265.734
265.734
265.734
309.368
309.368
309.368
309.368
309.368
361.81
361.81
361.81
361.81
361.81
514.469
514.469
514.469
514.469
514.469
745.5
745.5
745.5
745.5
745.5
510.026
510.026
510.026
510.026
512.053
689.606
689.606
689.606
689.606
689.606
708.146
708.146
708.146
708.146
708.146
481.3
481.3
481.3
481.3
481.3
456.063
456.063
456.063
456.063
456.063
352.018
352.018
352.018
352.018
352.018
718.505
718.505
718.505
718.505
718.505
350.625
350.625
350.625
350.625
350.625
424
424
424
424
424
593.474
593.476
593.476
593.476
593.476
731.336
731.336
731.336
731.336
731.336
562.336
562.336
562.336
562.336
562.336
608.839
608.839
608.839
608.839
608.839
261.047
261.047
261.047
261.047
261.047
388.438
388.438
388.438
388.438
388.438
628.86
628.86
628.904
628.904
628.904
615.103
615.103
615.103
615.103
615.103
347.94
347.94
347.94
347.94
347.94
334.54
334.54
334.54
334.54
334.54
471.057
471.057
471.057
471.057
471.057
315.274
315.274
315.274
315.274
315.274
686.75
686.75
686.75
686.75
686.75
287.775
287.775
287.775
287.775
287.775
470.813
470.813
470.813
470.813
470.813
569.553
569.553
569.553
569.553
569.553
624.945
624.945
624.945
624.945
624.945
657.268
657.268
657.268
657.268
657.268
676.25
676.25
676.25
676.25
676.25
418.172
418.172
418.172
418.172
418.172
443.634
443.634
443.634
443.634
443.634
624.311
624.311
624.311
624.311
624.311
459.058
459.058
459.058
459.058
459.058
477.57
477.57
477.57
477.57
477.57
646.201
646.201
646.201
646.201
646.201
672.346
672.346
672.346
672.346
672.346
473.658
473.658
473.658
473.658
473.658
664.055
664.055
664.055
664.055
664.055
615.5
615.5
615.5
615.5
615.5
587.67
587.67
587.67
587.67
587.67
479.719
479.719
479.719
479.719
479.719
391.105
391.105
391.105
391.105
391.105
554.7
554.7
554.7
554.7
554.7
698.5
698.5
698.5
698.5
698.5
365.08
365.08
365.08
365.08
365.08
549
549
549
549
549
608.703
608.703
608.703
608.703
608.703
674.598
674.598
674.598
674.598
674.598
433.75
433.75
433.75
433.75
433.75
431.491
431.491
431.491
431.491
431.491
442.046
442.046
442.046
442.046
442.046
362.105
362.105
362.105
362.105
362.105
270.594
270.594
270.594
270.594
270.594
705.982
705.982
705.982
705.982
705.982
291
291
291
291
291
419.199
419.199
419.199
419.199
419.199
708.089
708.089
708.089
708.089
708.089
775.884
775.884
775.884
775.884
775.884
707.672
707.672
707.672
707.672
707.672
535.581
535.581
535.581
535.581
535.581
411.643
411.643
411.643
411.643
411.643
411.589
411.589
411.589
411.589
411.589
626.957
626.957
626.957
626.957
626.957
467.004
467.004
467.004
467.004
467.004
510.602
510.602
510.602
510.602
510.602
526.5
526.5
526.5
526.5
526.5
391.602
391.602
391.602
391.602
391.602
547.866
547.866
547.866
547.866
547.866
591.406
591.406
591.406
591.406
591.406
441.011
441.011
441.011
441.011
441.011
462.153
462.153
462.153
462.153
462.153
494.375
494.375
494.375
494.375
494.375
733.071
733.071
733.071
733.071
733.071
434.099
434.099
434.099
434.099
434.099
718.648
718.648
718.648
718.648
718.648
754.563
754.563
754.563
754.563
754.563
652.824
652.824
652.824
652.824
652.824
468.012
468.012
468.012
468.012
468.012
456.25
456.25
456.25
456.25
456.25
460.023
460.023
460.023
460.023
460.023
432.619
432.619
432.619
432.619
432.619
514.896
514.896
514.896
514.896
514.896
484.188
484.188
484.188
484.188
484.188
530.904
530.904
530.904
530.904
530.904
679.046
679.046
679.046
679.046
679.046
758.535
758.535
758.535
758.535
758.535
685.491
685.491
685.491
685.491
685.491
509.388
509.388
509.388
509.388
509.388
422.968
422.968
422.968
422.968
422.968
676.563
676.563
676.563
676.563
676.563
426.77
426.77
426.77
426.77
426.77
217.768
217.768
217.768
217.768
217.768
393.497
393.497
393.497
393.497
393.497
651.805
651.805
651.805
651.805
651.805
489.451
489.451
489.451
489.451
489.451
490.338
490.338
490.338
490.338
490.338
547.752
547.752
547.752
547.752
547.752
480.156
480.156
480.156
480.156
480.156
333.047
333.047
333.047
333.047
333.047
379.002
379.002
379.002
379.002
379.002
528.27
528.27
528.27
528.27
528.27
682.108
682.108
682.108
682.108
682.108
332.004
332.004
332.004
332.004
332.004
551
551
551
551
551
409.326
409.326
409.326
409.326
409.326
614.275
614.275
614.275
614.275
614.275
522.208
522.208
522.208
522.208
522.208
761.342
761.342
761.342
761.342
761.342
391.46
391.46
391.46
391.46
391.46
414.25
414.25
414.25
414.25
414.25
400.046
400.046
400.046
400.046
400.046
544.484
544.484
544.484
544.484
544.484
444.5
444.5
444.5
444.5
444.5
573.906
573.906
573.906
573.906
573.906
381.052
381.052
381.052
381.052
381.052
683.375
683.375
683.375
683.375
683.375
613.953
613.953
613.953
613.953
613.953
352.214
352.214
352.214
352.214
352.214
437.141
437.141
437.141
437.141
437.141
718.709
718.709
718.709
718.709
718.709
473.741
473.741
473.741
473.741
473.741
553.125
553.125
553.125
553.125
553.125
583.852
583.852
583.852
583.852
583.852
439.219
439.219
439.219
439.219
439.219
456.234
456.234
456.234
456.234
456.234
460.141
460.141
460.141
460.141
460.141
630.833
630.833
630.833
630.833
630.833
563.25
563.25
563.25
563.25
563.25
318.765
318.765
318.765
318.765
318.765
470.406
470.406
470.406
470.406
470.406
642.125
642.125
642.125
642.125
642.125
611.75
611.75
611.75
611.75
611.75
570.747
570.747
570.747
570.747
570.747
664.65
664.65
664.65
664.65
664.65
409.255
409.255
409.255
409.255
409.255
531.379
531.379
531.379
531.379
531.379
636.516
636.516
636.516
636.516
636.516
578.705
578.705
578.705
578.705
578.705
446.186
446.186
446.186
446.186
446.186
398.547
398.547
398.547
398.547
398.547
400.728
400.728
400.728
400.728
400.728
423.301
423.301
423.301
423.301
423.301
343.726
343.726
343.726
343.726
343.726
581.688
581.688
581.688
581.688
581.688
443.678
443.678
443.678
443.678
443.678
204.469
204.469
204.469
204.469
204.469
252.158
252.158
252.158
252.158
252.158
454.852
454.852
454.852
454.852
454.852
348.438
348.438
348.438
348.438
348.438
366.813
366.813
366.813
366.813
366.813
724.271
724.271
724.271
724.271
724.271
567.188
567.188
567.188
567.188
567.188
279.941
279.941
279.941
279.941
279.941
588.156
588.156
588.156
588.156
588.156
596.478
596.478
596.478
596.478
596.478
618.581
618.581
618.581
618.581
618.581
437.625
437.625
437.625
437.625
437.625
416.29
416.29
416.29
416.29
416.29
255.293
255.293
255.293
255.293
255.293
751.03
751.03
751.03
751.03
751.03
482.649
482.649
482.649
482.649
482.649
625.953
625.953
625.953
625.953
625.953
391.943
391.943
391.943
391.943
391.943
433.712
433.712
433.712
433.712
433.712
555.347
555.347
555.347
555.347
555.347
464.262
464.262
464.262
464.262
464.262
479.355
479.355
479.355
479.355
479.355
489
489
489
489
489
662.468
662.468
662.468
662.468
662.468
263.698
263.698
263.698
263.698
263.698
611.869
611.869
611.869
611.869
611.869
531.496
531.496
531.496
531.496
531.496
0
