0
0
0
0
705.338
705.338
705.338
705.338
705.338
778.512
778.512
778.512
778.512
778.512
762.151
762.151
762.151
762.151
762.151
752.248
752.248
752.248
752.248
752.248
761.65
761.65
761.65
761.65
761.65
775.864
775.864
775.864
775.864
775.864
771.76
771.76
771.76
771.76
771.76
778.985
778.985
778.985
778.985
778.985
774.512
774.512
774.512
774.512
774.512
761.309
761.309
761.309
761.309
761.309
774.104
774.104
774.104
774.104
774.104
773.466
773.466
773.486
773.486
773.486
780.769
780.769
780.769
780.769
780.769
777.703
777.703
777.703
777.703
777.703
778.75
778.75
778.75
778.75
778.75
781.743
781.743
781.743
781.743
781.743
785.339
785.339
785.339
785.339
785.339
792.728
792.728
792.728
792.728
792.728
784.317
784.317
784.317
784.317
784.317
787.781
787.781
787.781
787.781
787.781
794.901
794.901
794.901
794.901
794.901
775.008
775.008
775.008
775.008
775.008
790.569
790.569
790.569
790.569
790.569
790.058
790.058
790.058
790.058
790.058
784.292
784.292
784.292
784.292
784.292
777.903
777.903
777.903
777.903
777.903
793.79
793.79
793.79
793.79
793.79
785.495
785.495
785.495
785.495
785.495
782.314
782.314
782.314
782.314
782.314
797.5
797.5
797.5
797.5
797.5
786.578
786.578
786.578
786.578
786.578
788.517
788.517
788.517
788.517
788.517
797.373
797.373
797.373
797.373
797.373
794.378
794.378
794.378
794.378
794.378
790.348
790.348
790.348
790.348
790.348
793.68
793.68
793.68
793.68
793.68
789.99
789.99
789.99
789.99
789.99
784.452
784.452
784.452
784.452
784.452
789.778
789.778
789.778
789.778
789.778
788.286
788.286
788.286
788.286
788.286
785.583
785.583
785.583
785.583
785.583
790.581
790.581
790.581
790.581
790.581
792.266
792.266
792.266
792.266
792.266
790.352
790.352
790.352
790.352
790.352
782.969
782.969
782.969
782.969
782.969
785.583
785.583
785.583
785.583
785.583
770.898
770.898
770.898
770.898
770.898
785.525
785.525
785.525
785.525
785.525
773.487
773.487
773.487
773.487
773.487
789.824
789.824
789.824
789.824
789.824
790.982
790.982
790.982
790.982
790.982
793.539
793.539
793.539
793.539
793.539
788.411
788.411
788.411
788.411
788.411
791.828
791.828
791.828
791.828
791.828
781.981
781.981
781.981
781.981
781.981
785.54
785.54
785.54
785.54
785.54
796.978
796.978
796.978
796.978
796.978
790.134
790.134
790.134
790.134
790.134
790.547
790.547
790.547
790.547
790.547
797.182
797.182
797.182
797.182
797.182
794.044
794.044
794.044
794.044
794.044
787.408
787.408
787.408
787.408
787.408
792.095
792.095
792.095
792.095
792.095
789.005
789.005
789.005
789.005
789.005
786.016
786.016
786.016
786.016
786.016
796.336
796.336
796.336
796.336
796.336
795.886
795.886
795.886
795.886
795.886
793.76
793.76
793.76
793.76
793.76
796.339
796.339
796.339
796.339
796.339
788.998
788.998
788.998
788.998
788.998
787.656
787.656
787.656
787.656
787.656
794.428
794.428
794.428
794.428
794.428
793.281
793.281
793.281
793.281
793.281
790.078
790.078
790.078
790.078
790.078
793.761
793.761
793.761
793.761
793.761
791.652
791.652
791.652
791.652
791.652
788.824
788.824
788.824
788.824
788.824
793.504
793.504
793.504
793.504
793.504
792.005
792.005
792.005
792.005
792.005
786.989
786.989
786.989
786.989
786.989
795.848
795.848
795.848
795.848
795.848
786.495
786.495
786.495
786.495
786.495
770.578
770.578
770.578
770.578
770.578
795.39
795.39
795.39
795.39
795.39
793.591
793.591
793.591
793.591
793.591
790.452
790.452
790.452
790.452
790.452
796.663
796.663
796.663
796.663
796.663
792.645
792.645
792.645
792.645
792.645
779.546
779.546
779.546
779.546
779.546
796.541
796.541
796.541
796.541
796.541
789.587
789.587
789.587
789.587
789.587
785.033
785.033
785.033
785.033
785.033
786.994
786.994
786.994
786.994
786.994
781.554
781.554
781.554
781.554
781.554
791.831
791.831
791.831
791.831
791.831
797.633
797.633
797.633
797.633
797.633
794.519
794.519
794.519
794.519
794.519
791.715
791.715
791.715
791.715
791.715
791.31
791.31
791.31
791.31
791.31
786.275
786.275
786.275
786.275
786.275
792.626
792.626
792.626
792.626
792.626
795.435
795.435
795.435
795.435
795.435
795.788
795.788
795.788
795.788
795.788
781.983
781.983
781.983
781.983
781.983
795.267
795.267
795.267
795.267
795.267
795.78
795.78
795.78
795.78
795.78
784.022
784.022
784.022
784.022
784.022
793.164
793.164
793.164
793.164
793.164
794.941
794.941
794.941
794.941
794.941
792.384
792.384
792.384
792.384
792.384
793.699
793.699
793.699
793.699
793.699
792.778
792.778
792.778
792.778
792.778
791.651
791.651
791.651
791.651
791.651
795.922
795.922
795.922
795.922
795.922
793.187
793.187
793.187
793.187
793.187
792.593
792.593
792.593
792.593
792.593
796.899
796.899
796.899
796.899
796.899
795.207
795.207
795.207
795.207
795.207
791.679
791.679
791.679
791.679
791.679
793.762
793.762
793.762
793.762
793.762
784.05
784.05
784.05
784.05
784.05
781.536
781.536
781.536
781.536
781.536
793.162
793.162
793.162
793.162
793.162
792.019
792.019
792.019
792.019
792.019
788.302
788.302
788.302
788.302
788.302
797.251
797.251
797.251
797.251
797.251
792.589
792.589
792.589
792.589
792.589
792.271
792.271
792.271
792.271
792.271
795.336
795.336
795.336
795.336
795.336
789.141
789.141
789.141
789.141
789.141
790.388
790.388
790.388
790.388
790.388
798.085
798.085
798.085
798.085
798.085
794.457
794.457
794.457
794.457
794.457
792.668
792.668
792.668
792.668
792.668
796.63
796.63
796.63
796.63
796.63
793.641
793.641
793.641
793.641
793.641
791.606
791.606
791.606
791.606
791.606
797.278
797.278
797.278
797.278
797.278
796.177
796.177
796.177
796.177
796.177
790.978
790.978
790.978
790.978
790.978
796.427
796.427
796.427
796.427
796.427
794.154
794.154
794.154
794.154
794.154
791.995
791.995
791.995
791.995
791.995
796.389
796.389
796.389
796.389
796.389
793.704
793.704
793.704
793.704
793.704
790.894
790.894
790.894
790.894
790.894
796.48
796.48
796.48
796.48
796.48
794.901
794.901
794.901
794.901
794.901
792.128
792.128
792.128
792.128
792.128
797.204
797.204
797.204
797.204
797.204
794.32
794.32
794.32
794.32
794.32
793.565
793.565
793.565
793.565
793.565
798.615
798.615
798.615
798.615
798.615
796.403
796.403
796.403
796.403
796.403
796.365
796.365
796.365
796.365
796.365
794.753
794.753
794.753
794.753
794.753
793.63
793.63
793.63
793.63
793.63
786.865
786.865
786.865
786.865
786.865
798.415
798.415
798.415
798.415
798.415
797.387
797.387
797.387
797.387
797.387
791.632
791.632
791.632
791.632
791.632
795.486
795.486
795.486
795.486
795.486
790.485
790.485
790.485
790.485
790.485
790.348
790.348
790.348
790.348
790.348
797.486
797.486
797.486
797.486
797.486
794.854
794.854
794.854
794.854
794.854
794.791
794.791
794.791
794.791
794.791
798.094
798.094
798.094
798.094
798.094
795.159
795.159
795.159
795.159
795.159
795.096
795.096
795.096
795.096
795.096
796.882
796.882
796.882
796.882
796.882
795.647
795.647
795.647
795.647
795.647
792.5
792.5
792.5
792.5
792.5
797.295
797.295
797.295
797.295
797.295
796.031
796.031
796.031
796.031
796.031
797.31
797.31
797.31
797.31
797.31
795.4
795.4
795.4
795.4
795.4
797.195
797.195
797.195
797.195
797.195
795.436
795.436
795.436
795.436
795.436
798.232
798.232
798.232
798.232
798.232
796.192
796.192
796.192
796.192
796.192
791.282
791.282
791.282
791.282
791.282
797.068
797.068
797.068
797.068
797.068
795.988
795.988
795.988
795.988
795.988
795.65
795.65
795.65
795.65
795.65
798.374
798.374
798.374
798.374
798.374
796
796
796
796
796
793.862
793.862
793.862
793.862
793.862
798.822
798.822
798.822
798.822
798.822
796.215
796.215
796.215
796.215
796.215
795.255
795.255
795.255
795.255
795.255
798.187
798.187
798.187
798.187
798.187
796.069
796.069
796.069
796.069
796.069
794.032
794.032
794.032
794.032
794.032
798.291
798.291
798.291
798.291
798.291
797.597
797.597
797.597
797.597
797.597
795.181
795.181
795.181
795.181
795.181
797.584
797.584
797.584
797.584
797.584
797.41
797.41
797.41
797.41
797.41
795.878
795.878
795.878
795.878
795.878
797.062
797.062
797.062
797.062
797.062
796.4
796.4
796.4
796.4
796.4
794.284
794.284
794.284
794.284
794.284
798.99
798.99
798.99
798.99
798.99
796.003
796.003
796.003
796.003
796.003
794.651
794.651
794.651
794.651
794.651
798.82
798.82
798.82
798.82
798.82
798.553
798.553
798.553
798.553
798.553
796.599
796.599
796.599
796.599
796.599
798.213
798.213
798.213
798.213
798.213
796.839
796.839
796.839
796.839
796.839
795.746
795.746
795.746
795.746
795.746
797.986
797.986
797.986
797.986
797.986
795.995
795.995
795.995
795.995
795.995
796.762
796.762
796.762
796.762
796.762
798.484
798.484
798.484
798.484
798.484
796.942
796.942
796.942
796.942
796.942
796.154
796.154
796.154
796.154
796.154
795.4
795.4
795.4
795.4
795.4
793.504
793.504
793.504
793.504
793.504
794.617
794.617
794.617
794.617
794.617
798.443
798.443
798.443
798.443
798.443
798.152
798.152
798.152
798.152
798.152
797.245
797.245
797.245
797.245
797.245
797.32
797.32
797.32
797.32
797.32
796.913
796.913
796.913
796.913
796.913
796.672
796.672
796.672
796.672
796.672
797.889
797.889
797.889
797.889
797.889
797.007
797.007
797.007
797.007
797.007
795.119
795.119
795.119
795.119
795.119
798.161
798.161
798.161
798.161
798.161
797.892
797.892
797.892
797.892
797.892
797.233
797.233
797.233
797.233
797.233
797.43
797.43
797.43
797.43
797.43
796.255
796.255
796.255
796.255
796.255
791.625
791.625
791.625
791.625
791.625
798.624
798.624
798.624
798.624
798.624
797.441
797.441
797.441
797.441
797.441
795.706
795.706
795.706
795.706
795.706
798.49
798.49
798.49
798.49
798.49
796.722
796.722
796.722
796.722
796.722
795.661
795.661
795.661
795.661
795.661
798.35
798.35
798.35
798.35
798.35
794.851
794.851
794.851
794.851
794.851
793.816
793.816
793.816
793.816
793.816
797.267
797.267
797.267
797.267
797.267
797.326
797.326
797.326
797.326
797.326
796.911
796.911
796.911
796.911
796.911
797.462
797.462
797.462
797.462
797.462
797.104
797.104
797.104
797.104
797.104
796.393
796.393
796.393
796.393
796.393
796.923
796.923
796.923
796.923
796.923
795.325
795.325
795.325
795.325
795.325
797.178
797.178
797.178
797.178
797.178
798.108
798.108
798.108
798.108
798.108
795.439
795.439
795.439
795.439
795.439
794.491
794.491
794.491
794.491
794.491
795.224
795.224
795.224
795.224
795.224
793.885
793.885
793.885
793.885
793.885
797.291
797.291
797.291
797.291
797.291
798.733
798.733
798.733
798.733
798.733
797.499
797.499
797.499
797.499
797.499
796.219
796.219
796.219
796.219
796.219
798.208
798.208
798.208
798.208
798.208
797.473
797.473
797.473
797.473
797.473
797.261
797.261
797.261
797.261
797.261
798.012
798.012
798.012
798.012
798.012
797.561
797.561
797.561
797.561
797.561
795.812
795.812
795.812
795.812
795.812
798.898
798.898
798.898
798.898
798.898
798.405
798.405
798.405
798.405
798.405
797.683
797.683
797.683
797.683
797.683
797.921
797.921
797.921
797.921
797.921
797.753
797.753
797.753
797.753
797.753
797.404
797.404
797.404
797.404
797.404
798.99
798.99
798.99
798.99
798.99
798.675
798.675
798.675
798.675
798.675
795.95
795.95
795.95
795.95
795.95
798.678
798.678
798.678
798.678
798.678
797.747
797.747
797.747
797.747
797.747
794.992
794.992
794.992
794.992
794.992
797.697
797.697
797.697
797.697
797.697
797.5
797.5
797.5
797.5
797.5
796.45
796.45
796.45
796.45
796.45
798.949
798.949
798.949
798.949
798.949
798.72
798.72
798.72
798.72
798.72
797.188
797.188
797.188
797.188
797.188
798.613
798.613
798.613
798.613
798.613
797.356
797.356
797.356
797.356
797.356
797.52
797.52
797.52
797.52
797.52
798.962
798.962
798.962
798.962
798.962
798.149
798.149
798.149
798.149
798.149
797.268
797.268
797.268
797.268
797.268
797.305
797.305
797.305
797.305
797.305
797.414
797.414
797.414
797.414
797.414
795.885
795.885
795.885
795.885
795.885
798.919
798.919
798.919
798.919
798.919
795.895
795.895
795.895
795.895
795.895
796.115
796.115
796.115
796.115
796.115
798.62
798.62
798.62
798.62
798.62
796.852
796.852
796.852
796.852
796.852
796.093
796.093
796.093
796.093
796.093
797.455
797.455
797.455
797.455
797.455
797.9
797.9
797.9
797.9
797.9
796.293
796.293
796.293
796.293
796.293
798.958
798.958
798.958
798.958
798.958
798.19
798.19
798.19
798.19
798.19
797.364
797.364
797.364
797.364
797.364
798.875
798.875
798.875
798.875
798.875
798.486
798.486
798.486
798.486
798.486
797.84
797.84
797.84
797.84
797.84
798.738
798.738
798.738
798.738
798.738
797.869
797.869
797.869
797.869
797.869
797.771
797.771
797.771
797.771
797.771
798.922
798.922
798.922
798.922
798.922
797.918
797.918
797.918
797.918
797.918
797.874
797.874
797.874
797.874
797.874
798.555
798.555
798.555
798.555
798.555
796.376
796.376
796.376
796.376
796.376
795.771
795.771
795.771
795.771
795.771
798.75
798.75
798.75
798.75
798.75
798.173
798.173
798.173
798.173
798.173
798.287
798.287
798.287
798.287
798.287
798.652
798.652
798.652
798.652
798.652
797.314
797.314
797.314
797.314
797.314
796.963
796.963
796.963
796.963
796.963
798.437
798.437
798.437
798.437
798.437
797.488
797.488
797.488
797.488
797.488
796.208
796.208
796.208
796.208
796.208
798.453
798.453
798.453
798.453
798.453
797.194
797.194
797.194
797.194
797.194
796.638
796.638
796.638
796.638
796.638
798.87
798.87
798.87
798.87
798.87
797.998
797.998
797.998
797.998
797.998
796.997
796.997
796.997
796.997
796.997
797.955
797.955
797.955
797.955
797.955
796.848
796.848
796.848
796.848
796.848
796.403
796.403
796.403
796.403
796.403
798.998
798.998
798.998
798.998
798.998
798.877
798.877
798.877
798.877
798.877
798.599
798.599
798.599
798.599
798.599
798.748
798.748
798.748
798.748
798.748
797.781
797.781
797.781
797.781
797.781
796.754
796.754
796.754
796.754
796.754
798.529
798.529
798.529
798.529
798.529
797.975
797.975
797.975
797.975
797.975
798.053
798.053
798.053
798.053
798.053
798.625
798.625
798.625
798.625
798.625
797.357
797.357
797.357
797.357
797.357
797.934
797.934
797.934
797.934
797.934
798.594
798.594
798.594
798.594
798.594
797.375
797.375
797.375
797.375
797.375
796.456
796.456
796.456
796.456
796.456
797.992
797.992
797.992
797.992
797.992
798.843
798.843
798.843
798.843
798.843
797.405
797.405
797.405
797.405
797.405
798.919
798.919
798.919
798.919
798.919
798.351
798.351
798.351
798.351
798.351
798.716
798.716
798.716
798.716
798.716
798.999
798.999
798.999
798.999
798.999
798.479
798.479
798.479
798.479
798.479
797.783
797.783
797.783
797.783
797.783
798.999
798.999
798.999
798.999
798.999
798.924
798.924
798.924
798.924
798.924
798.508
798.508
798.508
798.508
798.508
798.125
798.125
798.125
798.125
798.125
797.585
797.585
797.585
797.585
797.585
796.645
796.645
796.645
796.645
796.645
798.834
798.834
798.834
798.834
798.834
797.803
797.803
797.803
797.803
797.803
797.523
797.523
797.523
797.523
797.523
798.437
798.437
798.437
798.437
798.437
797.944
797.944
797.944
797.944
797.944
797.614
797.614
797.614
797.614
797.614
798.988
798.988
798.988
798.988
798.988
798.168
798.168
798.168
798.168
798.168
798.057
798.057
798.057
798.057
798.057
798.227
798.227
798.227
798.227
798.227
797.664
797.664
797.664
797.664
797.664
797.078
797.078
797.078
797.078
797.078
798.936
798.936
798.936
798.936
798.936
797.922
797.922
797.922
797.922
797.922
797.331
797.331
797.331
797.331
797.331
798.468
798.468
798.468
798.468
798.468
797.964
797.964
797.964
797.964
797.964
797.426
797.426
797.426
797.426
797.426
798.546
798.546
798.546
798.546
798.546
797.652
797.652
797.652
797.652
797.652
797.616
797.616
797.616
797.616
797.616
798.999
798.999
798.999
798.999
798.999
798.342
798.342
798.342
798.342
798.342
797.488
797.488
797.488
797.488
797.488
798.234
798.234
798.234
798.234
798.234
797.568
797.568
797.568
797.568
797.568
796.505
796.505
796.505
796.505
796.505
798.484
798.484
798.484
798.484
798.484
797.462
797.462
797.462
797.462
797.462
796.95
796.95
796.95
796.95
796.95
798.623
798.623
798.623
798.623
798.623
798.052
798.052
798.052
798.052
798.052
797.376
797.376
797.376
797.376
797.376
798.928
798.928
798.928
798.928
798.928
797.477
797.477
797.477
797.477
797.477
797.387
797.387
797.387
797.387
797.387
798.872
798.872
798.872
798.872
798.872
798.238
798.238
798.238
798.238
798.238
797.077
797.077
797.077
797.077
797.077
799
799
799
799
799
797.183
797.183
797.183
797.183
797.183
796.605
796.605
796.605
796.605
796.605
799
799
799
799
799
798.781
798.781
798.781
798.781
798.781
798.797
798.797
798.797
798.797
798.797
798.994
798.994
798.994
798.994
798.994
797.931
797.931
797.931
797.931
797.931
796.958
796.958
796.958
796.958
796.958
798.984
798.984
798.984
798.984
798.984
798.718
798.718
798.718
798.718
798.718
796.675
796.675
796.675
796.675
796.675
798.992
798.992
798.992
798.992
798.992
798.163
798.163
798.163
798.163
798.163
797.767
797.767
797.767
797.767
797.767
798.949
798.949
798.949
798.949
798.949
798.492
798.492
798.492
798.492
798.492
798.524
798.524
798.524
798.524
798.524
798.733
798.733
798.733
798.733
798.733
797.193
797.193
797.193
797.193
797.193
795.861
795.861
795.861
795.861
795.861
798.464
798.464
798.464
798.464
798.464
797.941
797.941
797.941
797.941
797.941
796.949
796.949
796.949
796.949
796.949
798.686
798.686
798.686
798.686
798.686
797.142
797.142
797.142
797.142
797.142
796.714
796.714
796.714
796.714
796.714
798.742
798.742
798.742
798.742
798.742
798.556
798.556
798.556
798.556
798.556
797.243
797.243
797.243
797.243
797.243
798.744
798.744
798.744
798.744
798.744
797.705
797.705
797.705
797.705
797.705
798.369
798.369
798.369
798.369
798.369
798.984
798.984
798.984
798.984
798.984
798.918
798.918
798.918
798.918
798.918
797.748
797.748
797.748
797.748
797.748
798.871
798.871
798.871
798.871
798.871
798.576
798.576
798.576
798.576
798.576
797.923
797.923
797.923
797.923
797.923
798.891
798.891
798.891
798.891
798.891
798.474
798.474
798.474
798.474
798.474
798.147
798.147
798.147
798.147
798.147
798.866
798.866
798.866
798.866
798.866
798.728
798.728
798.728
798.728
798.728
798.427
798.427
798.427
798.427
798.427
798.748
798.748
798.748
798.748
798.748
798.6
798.6
798.6
798.6
798.6
798.158
798.158
798.158
798.158
798.158
798.916
798.916
798.916
798.916
798.916
797.757
797.757
797.757
797.757
797.757
797.418
797.418
797.418
797.418
797.418
798.625
798.625
798.625
798.625
798.625
797.82
797.82
797.82
797.82
797.82
797.174
797.174
797.174
797.174
797.174
798.991
798.991
798.991
798.991
798.991
796.619
796.619
796.619
796.619
796.619
795.986
795.986
795.986
795.986
795.986
798.562
798.562
798.562
798.562
798.562
797.505
797.505
797.505
797.505
797.505
797.066
797.066
797.066
797.066
797.066
798.991
798.991
798.991
798.991
798.991
797.808
797.808
797.808
797.808
797.808
796.866
796.866
796.866
796.866
796.866
798.324
798.324
798.324
798.324
798.324
797.931
797.931
797.931
797.931
797.931
797.801
797.801
797.801
797.801
797.801
798.969
798.969
798.969
798.969
798.969
798.726
798.726
798.726
798.726
798.726
797.977
797.977
797.977
797.977
797.977
798.985
798.985
798.985
798.985
798.985
798.022
798.022
798.022
798.022
798.022
797.336
797.336
797.336
797.336
797.336
798.707
798.707
798.707
798.707
798.707
798.07
798.07
798.07
798.07
798.07
798.318
798.318
798.318
798.318
798.318
798.854
798.854
798.854
798.854
798.854
798.852
798.852
798.852
798.852
798.852
798.202
798.202
798.202
798.202
798.202
798.469
798.469
798.469
798.469
798.469
797.673
797.673
797.673
797.673
797.673
796.847
796.847
796.847
796.847
796.847
798.326
798.326
798.326
798.326
798.326
797.554
797.554
797.554
797.554
797.554
797.255
797.255
797.255
797.255
797.255
798.185
798.185
798.185
798.185
798.185
797.684
797.684
797.684
797.684
797.684
796.283
796.283
796.283
796.283
796.283
798.919
798.919
798.919
798.919
798.919
797.608
797.608
797.608
797.608
797.608
797.085
797.085
797.085
797.085
797.085
799
799
799
799
799
797.964
797.964
797.964
797.964
797.964
796.221
796.221
796.221
796.221
796.221
798.425
798.425
798.425
798.425
798.425
797.597
797.597
797.597
797.597
797.597
796.732
796.732
796.732
796.732
796.732
798.98
798.98
798.98
798.98
798.98
798.792
798.792
798.792
798.792
798.792
798.667
798.667
798.667
798.667
798.667
798.296
798.296
798.296
798.296
798.296
797.851
797.851
797.851
797.851
797.851
798.078
798.078
798.078
798.078
798.078
798.715
798.715
798.715
798.715
798.715
798.076
798.076
798.076
798.076
798.076
797.74
797.74
797.74
797.74
797.74
798.968
798.968
798.968
798.968
798.968
798.441
798.441
798.441
798.441
798.441
797.428
797.428
797.428
797.428
797.428
798.498
798.498
798.498
798.498
798.498
798.212
798.212
798.212
798.212
798.212
797.598
797.598
797.598
797.598
797.598
798.365
798.365
798.365
798.365
798.365
798.068
798.068
798.068
798.068
798.068
796.969
796.969
796.969
796.969
796.969
798.108
798.108
798.108
798.108
798.108
797.865
797.865
797.865
797.865
797.865
797.731
797.731
797.731
797.731
797.731
798.984
798.984
798.984
798.984
798.984
798.339
798.339
798.339
798.339
798.339
798.277
798.277
798.277
798.277
798.277
798.904
798.904
798.904
798.904
798.904
797.022
797.022
797.022
797.022
797.022
794.89
794.89
794.89
794.89
794.89
798.726
798.726
798.726
798.726
798.726
798.606
798.606
798.606
798.606
798.606
798.325
798.325
798.325
798.325
798.325
798.996
798.996
798.996
798.996
798.996
798.934
798.934
798.934
798.934
798.934
798.463
798.463
798.463
798.463
798.463
798.672
798.672
798.672
798.672
798.672
798.116
798.116
798.116
798.116
798.116
797.356
797.356
797.356
797.356
797.356
798.991
798.991
798.991
798.991
798.991
798.944
798.944
798.944
798.944
798.944
798.473
798.473
798.473
798.473
798.473
799
799
799
799
799
798.646
798.646
798.646
798.646
798.646
797.392
797.392
797.392
797.392
797.392
798.75
798.75
798.75
798.75
798.75
798.466
798.466
798.466
798.466
798.466
798.672
798.672
798.672
798.672
798.672
798.969
798.969
798.969
798.969
798.969
798.712
798.712
798.712
798.712
798.712
798.102
798.102
798.102
798.102
798.102
799
799
799
799
799
798.83
798.83
798.83
798.83
798.83
797.699
797.699
797.699
797.699
797.699
797.373
797.373
797.373
797.373
797.373
796.928
796.928
796.928
796.928
796.928
797.192
797.192
797.192
797.192
797.192
799
799
799
799
799
798.91
798.91
798.91
798.91
798.91
798.279
798.279
798.279
798.279
798.279
798.917
798.917
798.917
798.917
798.917
797.909
797.909
797.909
797.909
797.909
797.857
797.857
797.857
797.857
797.857
797.965
797.965
797.965
797.965
797.965
797.044
797.044
797.044
797.044
797.044
796.973
796.973
796.973
796.973
796.973
798.975
798.975
798.975
798.975
798.975
798.492
798.492
798.492
798.492
798.492
798.104
798.104
798.104
798.104
798.104
798.994
798.994
798.994
798.994
798.994
797.87
797.87
797.87
797.87
797.87
797.434
797.434
797.434
797.434
797.434
797.496
797.496
797.496
797.496
797.496
797.965
797.965
797.965
797.965
797.965
798.046
798.046
798.046
798.046
798.046
799
799
799
799
799
798.694
798.694
798.694
798.694
798.694
798.431
798.431
798.431
798.431
798.431
798.996
798.996
798.996
798.996
798.996
798.437
798.437
798.437
798.437
798.437
798.434
798.434
798.434
798.434
798.434
798.625
798.625
798.625
798.625
798.625
798.119
798.119
798.119
798.119
798.119
797.528
797.528
797.528
797.528
797.528
798.969
798.969
798.969
798.969
798.969
798.798
798.798
798.798
798.798
798.798
798.762
798.762
798.762
798.762
798.762
798.875
798.875
798.875
798.875
798.875
798.218
798.218
798.218
798.218
798.218
797.954
797.954
797.954
797.954
797.954
798.483
798.483
798.483
798.483
798.483
797.777
797.777
797.777
797.777
797.777
797.341
797.341
797.341
797.341
797.341
798.367
798.367
798.367
798.367
798.367
798.899
798.899
798.899
798.899
798.899
797.877
797.877
797.877
797.877
797.877
798.996
798.996
798.996
798.996
798.996
797.862
797.862
797.862
797.862
797.862
797.106
797.106
797.106
797.106
797.106
798.98
798.98
798.98
798.98
798.98
798.491
798.491
798.491
798.491
798.491
798.401
798.401
798.401
798.401
798.401
798.937
798.937
798.937
798.937
798.937
798.826
798.826
798.826
798.826
798.826
798.125
798.125
798.125
798.125
798.125
797.99
797.99
797.99
797.99
797.99
797.978
797.978
797.978
797.978
797.978
798.46
798.46
798.46
798.46
798.46
798.805
798.805
798.805
798.805
798.805
798.381
798.381
798.381
798.381
798.381
798.502
798.502
798.502
798.502
798.502
798.875
798.875
798.875
798.875
798.875
798.3
798.3
798.3
798.3
798.3
798.298
798.298
798.298
798.298
798.298
798.992
798.992
798.992
798.992
798.992
798.359
798.359
798.359
798.359
798.359
797.61
797.61
797.61
797.61
797.61
798.984
798.984
798.984
798.984
798.984
798.029
798.029
798.029
798.029
798.029
796.762
796.762
796.762
796.762
796.762
798.866
798.866
798.866
798.866
798.866
798.367
798.367
798.367
798.367
798.367
797.575
797.575
797.575
797.575
797.575
798.625
798.625
798.625
798.625
798.625
798.749
798.749
798.749
798.749
798.749
797.8
797.8
797.8
797.8
797.8
798.998
798.998
798.998
798.998
798.998
798.993
798.993
798.993
798.993
798.993
798.297
798.297
798.297
798.297
798.297
798.983
798.983
798.983
798.983
798.983
798.968
798.968
798.968
798.968
798.968
798.358
798.358
798.358
798.358
798.358
798.875
798.875
798.875
798.875
798.875
798.962
798.962
798.962
798.962
798.962
798.762
798.762
798.762
798.762
798.762
798.938
798.938
798.938
798.938
798.938
798.453
798.453
798.453
798.453
798.453
798.29
798.29
798.29
798.29
798.29
798.734
798.734
798.734
798.734
798.734
798.431
798.431
798.431
798.431
798.431
797.867
797.867
797.867
797.867
797.867
798.968
798.968
798.968
798.968
798.968
798.7
798.7
798.7
798.7
798.7
798.528
798.528
798.528
798.528
798.528
798.871
798.871
798.871
798.871
798.871
798.742
798.742
798.742
798.742
798.742
798.368
798.368
798.368
798.368
798.368
798.5
798.5
798.5
798.5
798.5
798.25
798.25
798.25
798.25
798.25
797.609
797.609
797.609
797.609
797.609
798.875
798.875
798.875
798.875
798.875
797.868
797.868
797.868
797.868
797.868
796.973
796.973
796.973
796.973
796.973
798.499
798.499
798.499
798.499
798.499
798.351
798.351
798.351
798.351
798.351
797.728
797.728
797.728
797.728
797.728
798.937
798.937
798.937
798.937
798.937
798.797
798.797
798.797
798.797
798.797
798.812
798.812
798.812
798.812
798.812
799
799
799
799
799
798.214
798.214
798.214
798.214
798.214
798.335
798.335
798.335
798.335
798.335
799
799
799
799
799
798.982
798.982
798.982
798.982
798.982
798.448
798.448
798.448
798.448
798.448
798.5
798.5
798.5
798.5
798.5
797.184
797.184
797.184
797.184
797.184
795.956
795.956
795.956
795.956
795.956
798.488
798.488
798.488
798.488
798.488
798.549
798.549
798.549
798.549
798.549
797.994
797.994
797.994
797.994
797.994
798.75
798.75
798.75
798.75
798.75
797.991
797.991
797.991
797.991
797.991
797.92
797.92
797.92
797.92
797.92
799
799
799
799
799
798.965
798.965
798.965
798.965
798.965
798.892
798.892
798.892
798.892
798.892
798.998
798.998
798.998
798.998
798.998
798.592
798.592
798.592
798.592
798.592
798.199
798.199
798.199
798.199
798.199
798.75
798.75
798.75
798.75
798.75
798.687
798.687
798.687
798.687
798.687
798.359
798.359
798.359
798.359
798.359
799
799
799
799
799
798.897
798.897
798.897
798.897
798.897
797.651
797.651
797.651
797.651
797.651
798.679
798.679
798.679
798.679
798.679
798.433
798.433
798.433
798.433
798.433
798.239
798.239
798.239
798.239
798.239
799
799
799
799
799
797.982
797.982
797.982
797.982
797.982
797.934
797.934
797.934
797.934
797.934
799
799
799
799
799
798.433
798.433
798.433
798.433
798.433
797.65
797.65
797.65
797.65
797.65
798.965
798.965
798.965
798.965
798.965
798.954
798.954
798.954
798.954
798.954
798.351
798.351
798.351
798.351
798.351
798.875
798.875
798.875
798.875
798.875
798.745
798.745
798.745
798.745
798.745
797.057
797.057
797.057
797.057
797.057
798.875
798.875
798.875
798.875
798.875
798.281
798.281
798.281
798.281
798.281
798.067
798.067
798.067
798.067
798.067
798.984
798.984
798.984
798.984
798.984
798.796
798.796
798.796
798.796
798.796
798.554
798.554
798.554
798.554
798.554
798.998
798.998
798.998
798.998
798.998
798.956
798.956
798.956
798.956
798.956
798.938
798.938
798.938
798.938
798.938
799
799
799
799
799
798.687
798.687
798.687
798.687
798.687
798.465
798.465
798.465
798.465
798.465
798.75
798.75
798.75
798.75
798.75
798.998
798.998
798.998
798.998
798.998
798.668
798.668
798.668
798.668
798.668
798.87
798.87
798.87
798.87
798.87
798.373
798.373
798.373
798.373
798.373
798.532
798.532
798.532
798.532
798.532
798.467
798.467
798.467
798.467
798.467
798.083
798.083
798.083
798.083
798.083
797.129
797.129
797.129
797.129
797.129
799
799
799
799
799
798.749
798.749
798.749
798.749
798.749
798.232
798.232
798.232
798.232
798.232
798.374
798.374
798.374
798.374
798.374
797.873
797.873
797.873
797.873
797.873
797.369
797.369
797.369
797.369
797.369
799
799
799
799
799
798.867
798.867
798.867
798.867
798.867
798.318
798.318
798.318
798.318
798.318
798.999
798.999
798.999
798.999
798.999
798.913
798.913
798.913
798.913
798.913
798.752
798.752
798.752
798.752
798.752
798.934
798.934
798.934
798.934
798.934
798.966
798.966
798.966
798.966
798.966
798.829
798.829
798.829
798.829
798.829
799
799
799
799
799
798.984
798.984
798.984
798.984
798.984
798.778
798.778
798.778
798.778
798.778
798.999
798.999
798.999
798.999
798.999
798.998
798.998
798.998
798.998
798.998
798.852
798.852
798.852
798.852
798.852
798.998
798.998
798.998
798.998
798.998
798.468
798.468
798.468
798.468
798.468
798.333
798.333
798.333
798.333
798.333
798.75
798.75
798.75
798.75
798.75
798.187
798.187
798.187
798.187
798.187
797.558
797.558
797.558
797.558
797.558
799
799
799
799
799
798.992
798.992
798.992
798.992
798.992
798.491
798.491
798.491
798.491
798.491
799
799
799
799
799
798.492
798.492
798.492
798.492
798.492
798.476
798.476
798.476
798.476
798.476
798.75
798.75
798.75
798.75
798.75
797.872
797.872
797.872
797.872
797.872
796.934
796.934
796.934
796.934
796.934
798.496
798.496
798.496
798.496
798.496
798.453
798.453
798.453
798.453
798.453
798.447
798.447
798.447
798.447
798.447
798.996
798.996
798.996
798.996
798.996
798.492
798.492
798.492
798.492
798.492
798.303
798.303
798.303
798.303
798.303
798.999
798.999
798.999
798.999
798.999
798.951
798.951
798.951
798.951
798.951
798.693
798.693
798.693
798.693
798.693
798.75
798.75
798.75
798.75
798.75
798.959
798.959
798.959
798.959
798.959
798.347
798.347
798.347
798.347
798.347
799
799
799
799
799
798.875
798.875
798.875
798.875
798.875
798.748
798.748
798.748
798.748
798.748
799
799
799
799
799
798.625
798.625
798.625
798.625
798.625
798.148
798.148
798.148
798.148
798.148
799
799
799
799
799
799
799
799
799
799
798.967
798.967
798.967
798.967
798.967
798.996
798.996
798.996
798.996
798.996
798.999
798.999
798.999
798.999
798.999
798.996
798.996
798.996
798.996
798.996
799
799
799
799
799
798.748
798.748
798.748
798.748
798.748
798.873
798.873
798.873
798.873
798.873
798.873
798.873
798.873
798.873
798.873
798.936
798.936
798.936
798.936
798.936
798.62
798.62
798.62
798.62
798.62
799
799
799
799
799
799
799
799
799
799
798.818
798.818
798.818
798.818
798.818
798.969
798.969
798.969
798.969
798.969
798.968
798.968
798.968
798.968
798.968
798.616
798.616
798.616
798.616
798.616
799
799
799
799
799
798.996
798.996
798.996
798.996
798.996
798.619
798.619
798.619
798.619
798.619
798.5
798.5
798.5
798.5
798.5
798.499
798.499
798.499
798.499
798.499
798.431
798.431
798.431
798.431
798.431
799
799
799
799
799
798.999
798.999
798.999
798.999
798.999
798.964
798.964
798.964
798.964
798.964
799
799
799
799
799
798.999
798.999
798.999
798.999
798.999
798.875
798.875
798.875
798.875
798.875
799
799
799
799
799
798.484
798.484
798.484
798.484
798.484
798.437
798.437
798.437
798.437
798.437
799
799
799
799
799
798.75
798.75
798.75
798.75
798.75
798.312
798.312
798.312
798.312
798.312
799
799
799
799
799
798.937
798.937
798.937
798.937
798.937
798.367
798.367
798.367
798.367
798.367
799
799
799
799
799
799
799
799
799
799
798.922
798.922
798.922
798.922
798.922
798.969
798.969
798.969
798.969
798.969
798.937
798.937
798.937
798.937
798.937
798.895
798.895
798.895
798.895
798.895
799
799
799
799
799
798.374
798.374
798.374
798.374
798.374
798.117
798.117
798.117
798.117
798.117
798.999
798.999
798.999
798.999
798.999
798.905
798.905
798.905
798.905
798.905
798.31
798.31
798.31
798.31
798.31
798.938
798.938
798.938
798.938
798.938
798.93
798.93
798.93
798.93
798.93
798.605
798.605
798.605
798.605
798.605
798.998
798.998
798.998
798.998
798.998
798.842
798.842
798.842
798.842
798.842
798.885
798.885
798.885
798.885
798.885
799
799
799
799
799
799
799
799
799
799
798.999
798.999
798.999
798.999
798.999
798.5
798.5
798.5
798.5
798.5
798.992
798.992
798.992
798.992
798.992
798.411
798.411
798.411
798.411
798.411
799
799
799
799
799
798.48
798.48
798.48
798.48
798.48
798.494
798.494
798.494
798.494
798.494
799
799
799
799
799
798.75
798.75
798.75
798.75
798.75
798.22
798.22
798.22
798.22
798.22
799
799
799
799
799
798.906
798.906
798.906
798.906
798.906
798.592
798.592
798.592
798.592
798.592
799
799
799
799
799
798.674
798.674
798.674
798.674
798.674
798.687
798.687
798.687
798.687
798.687
798.922
798.922
798.922
798.922
798.922
798.748
798.748
798.748
798.748
798.748
798.757
798.757
798.757
798.757
798.757
799
799
799
799
799
798.855
798.855
798.855
798.855
798.855
798.616
798.616
798.616
798.616
798.616
798.5
798.5
798.5
798.5
798.5
798.749
798.749
798.749
798.749
798.749
798.718
798.718
798.718
798.718
798.718
798.938
798.938
798.938
798.938
798.938
798.28
798.28
798.28
798.28
798.28
798.154
798.154
798.154
798.154
798.154
799
799
799
799
799
799
799
799
799
799
798.498
798.498
798.498
798.498
798.498
798.75
798.75
798.75
798.75
798.75
798.75
798.75
798.75
798.75
798.75
798.734
798.734
798.734
798.734
798.734
799
799
799
799
799
799
799
799
799
799
798.966
798.966
798.966
798.966
798.966
798.969
798.969
798.969
798.969
798.969
798.844
798.844
798.844
798.844
798.844
798.932
798.932
798.932
798.932
798.932
798.719
798.719
798.719
798.719
798.719
798.687
798.687
798.687
798.687
798.687
798.335
798.335
798.335
798.335
798.335
799
799
799
799
799
799
799
799
799
799
798.921
798.921
798.921
798.921
798.921
798.938
798.938
798.938
798.938
798.938
799
799
799
799
799
798.812
798.812
798.812
798.812
798.812
798.999
798.999
798.999
798.999
798.999
798.999
798.999
798.999
798.999
798.999
798.998
798.998
798.998
798.998
798.998
799
799
799
799
799
799
799
799
799
799
798.625
798.625
798.625
798.625
798.625
798.5
798.5
798.5
798.5
798.5
798.498
798.498
798.498
798.498
798.498
798.481
798.481
798.481
798.481
798.481
798.984
798.984
798.984
798.984
798.984
798.906
798.906
798.906
798.906
798.906
798.891
798.891
798.891
798.891
798.891
799
799
799
799
799
798.984
798.984
798.984
798.984
798.984
798.59
798.59
798.59
798.59
798.59
799
799
799
799
799
799
799
799
799
799
798.991
798.991
798.991
798.991
798.991
799
799
799
799
799
798.854
798.854
798.854
798.854
798.854
798.692
798.692
798.692
798.692
798.692
798.492
798.492
798.492
798.492
798.492
798.461
798.461
798.461
798.461
798.461
798.332
798.332
798.332
798.332
798.332
799
799
799
799
799
799
799
799
799
799
798.75
798.75
798.75
798.75
798.75
799
799
799
799
799
799
799
799
799
799
798.498
798.498
798.498
798.498
798.498
798.945
798.945
798.945
798.945
798.945
798.979
798.979
798.979
798.979
798.979
798.851
798.851
798.851
798.851
798.851
798.999
798.999
798.999
798.999
798.999
798.996
798.996
798.996
798.996
798.996
798.887
798.887
798.887
798.887
798.887
799
799
799
799
799
798.75
798.75
798.75
798.75
798.75
798.937
798.937
798.937
798.937
798.937
799
799
799
799
799
798.749
798.749
798.749
798.749
798.749
798.84
798.84
798.84
798.84
798.84
799
799
799
799
799
798.5
798.5
798.5
798.5
798.5
798.187
798.187
798.187
798.187
798.187
799
799
799
799
799
798.967
798.967
798.967
798.967
798.967
798.935
798.935
798.935
798.935
798.935
798.992
798.992
798.992
798.992
798.992
798.745
798.745
798.745
798.745
798.745
798.456
798.456
798.456
798.456
798.456
799
799
799
799
799
798.5
798.5
798.5
798.5
798.5
798.468
798.468
798.468
798.468
798.468
799
799
799
799
799
798.999
798.999
798.999
798.999
798.999
798.749
798.749
798.749
798.749
798.749
798.999
798.999
798.999
798.999
798.999
798.996
798.996
798.996
798.996
798.996
798.731
798.731
798.731
798.731
798.731
799
799
799
799
799
798.997
798.997
798.997
798.997
798.997
798.981
798.981
798.981
798.981
798.981
799
799
799
799
799
799
799
799
799
799
798.625
798.625
798.625
798.625
798.625
798.742
798.742
798.742
798.742
798.742
798.734
798.734
798.734
798.734
798.734
798.687
798.687
798.687
798.687
798.687
799
799
799
799
799
798.875
798.875
798.875
798.875
798.875
798.874
798.874
798.874
798.874
798.874
799
799
799
799
799
798.75
798.75
798.75
798.75
798.75
798.749
798.749
798.749
798.749
798.749
799
799
799
799
799
799
799
799
799
799
798.482
798.482
798.482
798.482
798.482
799
799
799
799
799
799
799
799
799
799
798.968
798.968
798.968
798.968
798.968
799
799
799
799
799
798.75
798.75
798.75
798.75
798.75
798.744
798.744
798.744
798.744
798.744
799
799
799
799
799
798.999
798.999
798.999
798.999
798.999
798.996
798.996
798.996
798.996
798.996
799
799
799
799
799
798.986
798.986
798.986
798.986
798.986
798.83
798.83
798.83
798.83
798.83
799
799
799
799
799
799
799
799
799
799
798.23
798.23
798.23
798.23
798.23
799
799
799
799
799
798.992
798.992
798.992
798.992
798.992
798.859
798.859
798.859
798.859
798.859
799
799
799
799
799
798.999
798.999
798.999
798.999
798.999
798.495
798.495
798.495
798.495
798.495
799
799
799
799
799
798.965
798.965
798.965
798.965
798.965
798.367
798.367
798.367
798.367
798.367
799
799
799
799
799
798.992
798.992
798.992
798.992
798.992
798.867
798.867
798.867
798.867
798.867
799
799
799
799
799
798.984
798.984
798.984
798.984
798.984
798.482
798.482
798.482
798.482
798.482
799
799
799
799
799
799
799
799
799
799
798.935
798.935
798.935
798.935
798.935
799
799
799
799
799
798.999
798.999
798.999
798.999
798.999
798.998
798.998
798.998
798.998
798.998
799
799
799
799
799
798.999
798.999
798.999
798.999
798.999
0
