0
0
0
0
356.905
356.905
356.905
356.905
356.905
395.822
395.822
395.822
395.822
395.822
439.724
439.724
439.724
439.724
439.724
718.609
718.609
718.609
718.609
718.609
678.866
678.866
678.866
678.866
678.866
596.766
596.766
596.766
596.766
596.766
348.586
348.586
348.586
348.586
348.586
597.287
597.287
597.287
597.287
597.287
625.813
625.813
625.813
625.813
625.813
759.92
759.92
759.92
759.92
759.92
437.495
437.495
437.495
437.495
437.495
636.589
636.589
636.589
636.589
636.589
448.83
448.83
448.83
448.83
448.83
565.594
565.594
565.594
565.594
565.594
646.115
646.115
646.115
646.115
646.115
536.922
536.922
536.922
536.922
536.922
419.394
419.394
419.394
419.394
419.394
459.515
459.515
459.515
459.515
459.515
687.647
687.647
687.647
687.647
687.647
674.938
674.938
674.938
674.938
674.938
475.75
475.75
475.75
475.75
475.75
467.705
467.705
467.705
467.705
467.705
581.794
581.794
581.794
581.794
581.794
676.831
676.831
676.831
676.831
676.831
453
453
453
453
453
414.372
414.372
414.372
414.372
414.372
305.831
305.831
305.831
305.831
305.831
484.433
484.433
484.433
484.433
484.433
492.095
492.095
492.095
492.095
492.095
453.566
453.566
453.566
453.566
453.566
447.835
447.835
447.835
447.835
447.835
642.766
642.766
642.766
642.766
642.766
376.428
376.428
376.428
376.428
376.428
754.985
754.985
754.985
754.985
754.985
340.361
340.361
340.361
340.361
340.361
552.552
552.552
552.552
552.552
552.552
627.25
627.25
627.25
627.25
627.25
388.826
388.826
388.826
388.826
388.826
610.414
610.414
610.414
610.414
610.414
488.686
488.686
488.686
488.686
488.686
597.039
597.039
597.039
597.039
597.039
489.531
489.531
489.531
489.531
489.531
466.845
466.845
466.845
466.845
466.845
432.836
432.836
432.836
432.836
432.836
644.773
644.773
644.773
644.773
644.773
318.75
318.75
318.75
318.75
318.75
549.459
549.459
549.459
549.459
549.459
770.591
770.591
770.591
770.591
770.591
398.545
398.545
398.545
398.545
398.545
710.5
710.5
710.5
710.5
710.5
261.859
261.859
261.859
261.859
261.859
268.978
268.978
268.978
268.978
268.978
574.031
574.031
574.031
574.031
574.031
194.274
194.274
194.274
194.274
194.274
357.253
357.253
357.253
357.253
357.253
577.563
577.563
577.563
577.563
577.563
672.406
672.406
672.406
672.406
672.406
534.656
534.656
534.656
534.656
534.656
635.783
635.783
635.783
635.783
635.783
452.11
452.11
452.11
452.11
452.11
354.594
354.594
354.594
354.594
354.594
702.207
702.207
702.207
702.207
702.207
621.286
621.286
621.286
621.286
621.286
672.226
672.226
672.226
672.226
672.226
524.402
524.402
524.402
524.402
524.402
414.866
414.866
414.866
414.866
414.866
609.344
609.344
609.344
609.344
609.344
426.93
426.93
426.93
426.93
426.93
762
762
762
762
762
496.223
496.223
496.223
496.223
496.223
452.239
452.239
452.239
452.239
452.239
509.902
509.902
509.902
509.902
509.902
549.178
549.178
549.178
549.178
549.178
752.906
752.906
752.906
752.906
752.906
622
622
622
622
622
429.674
429.674
429.674
429.674
429.674
439.363
439.363
439.363
439.363
439.363
648.672
648.672
648.672
648.672
648.672
619.105
619.105
619.105
619.105
619.105
607.797
607.797
607.797
607.797
607.797
238.344
238.344
238.344
238.344
238.344
544.242
544.242
544.242
544.242
544.242
406.152
406.152
406.152
406.152
406.152
676.152
676.152
676.152
676.152
676.152
416.15
416.15
416.15
416.15
416.15
355.275
355.275
355.275
355.275
355.275
680.578
680.578
680.578
680.578
680.578
582.316
582.316
582.316
582.316
582.316
701.273
701.273
701.273
701.273
701.273
564.186
564.186
564.186
564.186
564.186
759.437
759.437
759.437
759.437
759.437
333.672
333.672
333.672
333.672
333.672
517.25
517.25
517.25
517.25
517.25
317.551
317.551
317.551
317.551
317.551
338.188
338.188
338.188
338.188
338.188
473.724
473.724
473.724
473.724
473.724
546.688
546.688
546.688
546.688
546.688
575.919
575.919
575.919
575.919
575.919
595.75
595.75
595.75
595.75
595.75
546
546
546
546
546
339.335
339.335
339.335
339.335
339.335
424.75
424.75
424.75
424.75
424.75
696.205
696.205
696.205
696.205
696.205
625.859
625.859
625.859
625.859
625.859
698.858
698.858
698.858
698.858
698.858
662.281
662.281
662.281
662.281
662.281
347.479
347.479
347.479
347.479
347.479
372.285
372.285
372.285
372.285
372.285
517.792
517.792
517.792
517.792
517.792
456.248
456.248
456.248
456.248
456.248
632.516
632.516
632.516
632.516
632.516
645.844
645.844
645.844
645.844
645.844
248.693
248.693
248.693
248.693
248.693
464.086
464.086
464.086
464.086
464.086
516.999
516.999
516.999
516.999
516.999
623.623
623.623
623.623
623.623
623.623
577.109
577.109
577.109
577.109
577.109
539.743
539.743
539.743
539.743
539.743
564.611
564.611
564.611
564.611
564.611
570.813
570.813
570.813
570.813
570.813
504
504
504
504
504
752.06
752.06
752.06
752.06
752.06
569.721
569.721
569.721
569.721
569.721
232.427
232.427
232.427
232.427
232.427
672.605
672.605
672.605
672.605
672.605
390.629
390.629
390.629
390.629
390.629
753
753
753
753
753
606.194
606.194
606.194
606.194
606.194
482.563
482.563
482.563
482.563
482.563
592.208
592.208
592.208
592.208
592.208
561.406
561.406
561.406
561.406
561.406
688.812
688.812
688.812
688.812
688.812
433.799
433.799
433.799
433.799
433.799
426.649
426.649
426.649
426.649
426.649
633.125
633.125
633.125
633.125
633.125
318.496
318.496
318.496
318.496
318.496
634.942
634.942
634.942
634.942
634.942
515.304
515.304
515.304
515.304
515.304
598.984
598.984
598.984
598.984
598.984
529.438
529.438
529.438
529.438
529.438
583.689
583.689
583.689
583.689
583.689
453.5
453.5
453.5
453.5
453.5
368.938
368.938
368.938
368.938
368.938
594.336
594.336
594.336
594.336
594.336
627.031
627.031
627.031
627.031
627.031
459.457
459.457
459.457
459.457
459.457
353.375
353.375
353.375
353.375
353.375
464.75
464.75
464.75
464.75
464.75
445.469
445.469
445.469
445.469
445.469
544.474
544.474
544.474
544.474
544.474
636.211
636.211
636.211
636.211
636.211
392.906
392.906
392.906
392.906
392.906
507.438
507.438
507.438
507.438
523
685.965
685.965
685.965
685.965
685.965
758.93
758.93
758.93
758.93
758.93
414.762
414.762
414.762
414.762
414.762
454.963
454.963
454.963
454.963
454.963
508.955
508.955
508.955
508.955
508.955
751.555
751.555
751.555
751.555
751.555
573.054
573.054
573.054
573.054
573.054
576.074
576.074
576.074
576.074
576.074
478.375
478.375
478.375
478.375
478.375
480.823
480.823
480.823
480.823
480.823
358.422
358.422
358.422
358.422
358.422
435.943
435.943
435.943
435.943
435.943
456.188
456.188
456.188
456.188
456.188
639.844
639.844
639.844
639.844
639.844
261.2
261.2
261.2
261.2
261.2
286.34
286.34
286.34
286.34
286.34
570.75
570.75
570.75
570.75
570.75
667.667
667.667
667.667
667.667
667.667
441.855
441.855
441.855
441.855
441.855
767.287
767.287
767.287
767.287
767.287
585
585
585
585
585
628.41
628.41
628.41
628.41
628.41
309.278
309.278
309.278
309.278
309.278
322.563
322.563
322.563
322.563
322.563
333.416
333.416
333.416
333.416
333.416
577.862
577.862
577.862
577.862
577.862
640.268
640.268
640.268
640.268
640.268
486
486
486
486
486
389.329
389.329
389.329
389.329
389.329
345.742
345.742
345.742
345.742
345.742
510.04
510.04
510.04
510.04
510.04
696.213
696.213
696.213
696.213
696.213
740.711
740.711
740.711
740.711
740.711
352.969
352.969
352.969
352.969
352.969
584.28
584.28
584.28
584.28
584.28
447.516
447.516
447.516
447.516
447.516
308.977
308.977
308.977
308.977
308.977
725.401
725.401
725.401
725.401
725.401
421.979
421.979
421.979
421.979
421.979
410.531
410.531
410.531
410.531
410.531
407.023
407.023
407.023
407.023
407.023
510.635
510.635
510.635
510.635
510.635
508.827
508.827
508.827
508.827
508.827
348.769
348.769
348.769
348.769
348.769
497.665
497.665
497.665
497.665
497.665
366.075
366.075
366.075
366.075
366.075
457.561
457.561
457.561
457.561
457.561
616.827
616.827
616.827
616.827
616.827
702.563
702.563
702.563
702.563
702.563
545.5
545.5
545.5
545.5
545.5
553.581
553.581
553.581
553.581
553.581
368.173
368.173
368.173
368.173
368.173
471.253
471.253
471.253
471.253
471.253
656.572
656.572
656.572
656.572
656.572
742.756
742.756
742.756
742.756
742.756
572.765
572.765
572.765
572.765
572.765
679.807
679.807
679.807
679.807
679.807
506.118
506.118
506.118
506.118
506.118
638.203
638.203
638.203
638.203
638.203
671.149
671.149
671.149
671.149
671.149
272.265
272.265
272.265
272.265
272.265
426.703
426.703
426.703
426.703
426.703
467.781
467.781
467.781
467.781
467.781
643.788
643.788
643.788
643.788
643.788
506.354
506.354
506.354
506.354
506.354
718.625
718.625
718.625
718.625
718.625
479.934
479.934
479.934
479.934
479.934
702.875
702.875
702.875
702.875
702.875
505.922
505.922
505.922
505.922
505.922
581.969
581.969
581.969
581.969
581.969
498.508
498.508
498.508
498.508
498.508
442.902
442.902
442.902
442.902
442.902
244.698
244.698
244.698
244.698
244.698
397.82
397.82
397.82
397.82
397.82
446.938
446.938
446.938
446.938
446.938
559.585
559.585
559.585
559.585
559.585
366.79
366.79
366.79
366.79
366.79
604.881
604.881
604.881
604.881
604.881
330.571
330.571
330.571
330.571
330.571
392.273
392.273
392.273
392.273
392.273
387.125
387.125
387.125
387.125
387.125
497.374
497.374
497.374
497.374
497.374
493.888
493.888
493.888
493.888
493.888
291.903
291.903
291.903
291.903
291.903
413.211
413.211
413.211
413.211
413.211
433.125
433.125
433.125
433.125
433.125
713.298
713.298
713.298
713.298
713.298
472.062
472.062
472.062
472.062
472.062
536.495
536.495
536.495
536.495
536.495
431.594
431.594
431.594
431.594
431.594
469.603
469.603
469.603
469.603
469.603
183.39
183.39
183.39
183.39
183.39
476.492
476.492
476.492
476.492
476.492
640
640
640
640
640
497.797
497.797
497.797
497.797
497.797
673.84
673.84
673.84
673.84
673.84
708.313
708.313
708.313
708.313
708.313
519.471
519.471
519.471
519.471
519.471
567.671
567.671
567.671
567.671
567.671
434.063
434.063
434.063
434.063
434.063
476.385
476.385
476.385
476.385
476.385
378.118
378.118
378.118
378.118
378.118
376.767
376.767
376.767
376.767
376.767
497.423
497.423
497.423
497.423
497.423
674.517
674.517
674.517
674.517
674.517
393.245
393.245
393.245
393.245
393.245
314.55
314.55
314.55
314.55
314.55
547.32
547.32
547.32
547.32
547.32
478.936
478.936
478.936
478.936
478.936
601.375
601.375
601.375
601.375
601.375
660.44
660.44
660.44
660.44
660.44
577.154
577.154
577.154
577.154
577.154
647.646
647.646
647.646
647.646
647.646
664.506
664.506
664.506
664.506
664.506
469.457
469.457
469.457
469.457
469.457
315.989
315.989
315.989
315.989
315.989
597.375
597.375
597.375
597.375
597.375
644.875
644.875
644.875
644.875
644.875
532.368
532.368
532.368
532.368
532.368
475.999
475.999
475.999
475.999
475.999
256.719
256.719
256.719
256.719
256.719
633.546
633.546
633.546
633.546
633.546
510.226
510.226
510.226
510.226
510.226
554.331
554.331
554.331
554.331
554.331
675.758
675.758
675.758
675.758
675.758
698.516
698.516
698.516
698.516
698.516
452.721
452.721
452.721
452.721
452.721
349.344
349.344
349.344
349.344
349.344
671.125
671.125
671.125
671.125
671.125
646.549
646.549
646.549
646.549
646.549
431.5
431.5
431.5
431.5
431.5
611.707
611.707
611.707
611.707
611.707
464.154
464.154
464.154
464.154
464.154
585.792
585.792
585.792
585.792
585.792
489.829
489.829
489.829
489.829
489.829
329.781
329.781
329.781
329.781
329.781
446
446
446
446
446
449
449
449
449
449
386.839
386.839
386.839
386.839
386.839
450.586
450.586
450.586
450.586
450.586
372.163
372.163
372.163
372.163
372.163
587
587
587
587
587
544.422
544.422
544.422
544.422
544.422
158.406
158.406
158.406
158.406
158.406
519.273
519.273
519.273
519.273
519.273
281.734
281.734
281.734
281.734
281.734
577.934
577.934
577.934
577.934
577.934
434.563
434.563
434.563
434.563
434.563
590.278
576.057
576.057
576.057
576.057
555.891
555.891
555.891
555.891
555.891
511.063
511.063
511.063
511.063
511.063
567.657
567.657
567.657
567.657
567.657
461.809
461.809
461.809
461.809
461.809
696
696
696
696
696
650.484
650.484
650.484
650.484
650.484
458.189
458.189
458.189
458.189
458.189
564.735
564.735
564.735
564.735
564.735
534.445
534.445
534.445
534.445
534.445
336.13
336.13
336.13
336.13
336.13
181
181
181
181
181
293.734
293.734
293.734
293.734
293.734
572.321
572.321
572.321
572.321
572.321
611.449
611.449
611.449
611.449
611.449
394.32
394.32
394.32
394.32
394.32
396.65
396.65
395.175
395.175
395.175
167.369
167.369
167.369
167.369
167.369
565.933
565.933
565.933
565.933
565.933
438.688
438.688
438.688
438.688
438.688
428.884
428.884
428.884
428.884
428.884
545.818
545.818
545.818
545.818
545.818
478.795
478.795
478.795
478.795
478.795
698.531
698.531
698.531
698.531
698.531
624.395
624.395
624.395
624.395
624.395
708.527
708.527
708.527
708.527
708.527
599.5
599.5
599.5
599.5
599.5
637.956
637.956
637.956
637.956
637.956
473.342
473.342
473.342
473.342
473.342
211.501
211.501
211.501
211.501
211.501
687.171
687.171
687.171
687.171
687.171
598.837
598.837
598.837
598.837
598.837
626.051
626.051
626.051
626.051
626.051
518.189
518.189
518.189
518.189
518.189
470.5
470.5
470.5
470.5
470.5
239.217
239.217
239.217
239.217
239.217
545.813
545.813
545.813
545.813
545.813
731.125
731.125
731.125
731.125
731.125
653.939
653.939
653.939
653.939
653.939
610.362
610.362
610.362
610.362
610.362
477.306
477.306
477.306
477.306
477.306
507.494
507.494
507.494
507.494
507.494
367.902
367.902
367.902
367.902
367.902
511.696
511.696
511.696
511.696
511.696
593.781
593.781
593.781
593.781
593.781
714.491
714.491
714.491
714.491
714.491
515.485
515.485
515.485
515.485
515.485
490.622
490.622
490.622
490.622
490.622
238.16
238.16
238.16
238.16
238.16
569.811
569.811
569.811
569.811
569.811
716.687
716.687
716.687
716.687
716.687
579.044
579.044
579.044
579.044
579.044
575.234
575.234
575.234
575.234
575.234
323.483
323.483
323.483
323.483
323.483
513.264
513.264
513.264
513.264
513.264
673.375
673.375
673.375
673.375
673.375
543.703
543.703
543.703
543.703
543.703
487.385
487.385
487.385
487.385
487.385
397.715
397.715
397.715
397.715
397.715
318.761
318.761
318.761
318.761
318.761
599.36
599.36
599.36
599.36
599.36
509.515
509.515
509.515
509.515
509.515
457.27
457.27
457.27
457.27
457.27
499.91
499.91
499.91
499.91
499.91
495.246
495.246
495.246
495.246
495.246
554.848
554.848
554.848
554.848
554.848
188
188
188
188
188
561.216
561.216
561.216
561.216
561.216
656.973
656.973
656.973
656.973
656.973
444.461
444.461
444.461
444.461
444.461
501.229
501.229
501.229
501.229
501.229
616.872
616.872
616.872
616.872
616.872
336.051
336.051
336.051
336.051
336.051
566.217
566.217
566.217
566.217
566.217
700.312
700.312
700.312
700.312
700.312
385.61
385.61
385.61
385.61
385.61
313.76
313.76
313.76
313.76
313.76
589.368
589.368
589.368
589.368
589.368
615.375
615.375
615.375
615.375
615.375
490.319
490.319
490.319
490.319
490.319
634.696
634.696
634.696
634.696
634.696
637.899
637.899
637.899
637.899
637.899
683.256
683.256
683.256
683.256
683.256
391.49
391.49
391.49
391.49
391.49
376.208
376.208
376.208
376.208
376.208
784.334
784.334
784.334
784.334
784.334
695.815
695.815
695.815
695.815
695.815
489.409
489.409
489.409
489.409
489.409
601.031
601.031
601.031
601.031
601.031
715.565
715.565
715.565
715.565
715.565
704.259
704.259
704.259
704.259
704.259
374.563
374.563
374.563
374.563
374.563
603.281
603.281
603.281
603.281
603.281
460.242
460.242
460.242
460.242
460.242
576.996
576.996
576.996
576.996
576.996
521.75
521.75
521.75
521.75
521.75
561.141
561.141
561.141
561.141
561.141
445
445
445
445
445
551.27
551.27
551.27
551.27
551.27
394.477
394.477
394.477
394.477
394.477
618.344
618.344
618.344
618.344
618.344
662.29
662.29
662.29
662.29
662.29
497.543
497.543
497.543
497.543
497.543
350
350
350
350
350
495.094
495.094
495.094
495.094
495.094
450.367
450.367
450.367
450.367
450.367
749.49
749.49
749.49
749.49
749.49
647.897
647.897
647.897
647.897
647.897
637.231
637.231
637.231
637.231
637.231
411.427
411.427
411.427
411.427
411.427
472.378
472.378
472.378
472.378
472.378
560.828
560.828
560.828
560.828
560.828
540.388
540.388
524.277
524.277
524.277
488.164
488.164
488.164
488.164
488.164
373.583
373.583
373.583
373.583
373.583
514.234
514.234
514.234
514.234
514.234
491.113
491.113
491.113
491.113
491.113
719.547
719.547
719.547
719.547
719.547
732.541
732.541
732.541
732.541
732.541
589.252
589.252
589.252
589.252
589.252
331.666
331.666
331.666
331.666
331.666
475.583
475.583
475.583
475.583
475.583
503.25
503.25
503.25
503.25
503.25
394.602
394.602
394.602
394.602
394.602
480.625
480.625
480.625
480.625
480.625
357.964
357.964
357.964
357.964
357.964
650.128
650.128
650.128
650.128
650.128
423
423
423
423
423
384.402
384.402
384.402
384.402
384.402
498.625
498.625
498.625
498.625
498.625
723.844
723.844
723.844
723.844
723.844
496.718
496.718
496.718
496.718
496.718
569.863
569.863
569.863
569.863
569.863
658.894
658.894
658.894
658.894
658.894
587.578
587.578
587.578
587.578
587.578
385.221
385.227
385.227
385.227
385.227
506.246
506.246
506.246
506.246
506.246
469.874
469.874
469.874
469.874
469.874
320.238
320.238
320.238
320.238
320.238
263.188
263.188
263.188
263.188
263.188
594.25
594.25
594.25
594.25
594.25
510.332
510.332
510.332
510.332
510.332
541.188
541.188
541.188
541.188
541.188
375.813
375.813
375.813
375.813
375.813
538.654
538.654
538.654
538.654
538.654
378.406
378.406
378.406
378.406
378.406
556.057
556.057
556.057
556.057
556.057
293.734
293.734
293.734
293.734
293.734
698.688
698.688
698.688
698.688
698.688
661.445
661.445
661.445
661.445
661.445
519.055
519.055
519.055
519.055
519.055
568
568
568
568
568
549.456
549.456
549.456
549.456
549.456
508
508
508
508
508
341.875
341.875
341.875
341.875
341.875
730.55
730.55
730.55
730.55
730.55
233.391
233.391
233.391
233.391
233.391
620.264
620.264
620.264
620.264
620.264
624.208
624.208
624.208
624.208
624.208
521.383
521.383
521.383
521.383
521.383
597.641
597.641
597.641
597.641
597.641
539.121
539.121
539.121
539.121
539.121
403.398
403.398
403.398
403.398
403.398
350.224
350.224
350.224
350.224
350.224
286.361
286.361
286.361
286.361
286.361
685.016
685.016
685.016
685.016
685.016
311
311
311
311
311
543.598
543.598
543.598
543.598
543.598
255.938
255.938
255.938
255.938
255.938
103.064
103.064
103.064
103.064
103.064
748.435
748.435
748.435
748.435
748.435
625.648
625.648
625.648
625.648
625.648
624.688
624.688
624.688
624.688
624.688
382.611
382.611
382.611
382.611
382.611
531.852
531.852
531.852
531.852
531.852
507.709
507.709
507.709
507.709
507.709
605.34
605.34
605.34
605.34
605.34
542.635
542.635
542.635
542.635
542.635
406.029
406.029
406.029
406.029
406.029
511.969
511.969
511.969
511.969
511.969
425.938
425.938
425.938
425.938
425.938
307.356
307.356
307.356
307.356
307.356
707.984
707.984
707.984
707.984
707.984
469.617
469.617
469.617
469.617
469.617
559.203
559.203
559.203
559.203
559.203
487.326
487.326
487.326
487.326
487.326
531.193
531.193
531.193
531.193
531.193
614.435
614.435
614.435
614.435
614.435
700.758
700.758
700.758
700.758
700.758
503.5
503.5
503.5
503.5
503.5
591.584
591.584
591.584
591.584
591.584
565.301
565.301
565.301
565.301
565.301
253.5
253.5
253.5
253.5
253.5
541.75
541.75
541.75
541.75
541.75
642.863
642.863
642.863
642.863
642.863
749.563
749.563
749.563
749.563
749.563
545.633
545.633
545.633
545.633
545.633
396.063
396.063
396.063
396.063
396.063
601
601
601
601
601
453.625
453.625
453.625
453.625
453.625
508.633
508.633
508.633
508.633
508.633
490.175
490.175
490.175
490.175
490.175
607.327
607.327
607.327
607.327
607.327
681.271
681.271
681.271
681.271
681.271
295.527
295.527
295.527
295.527
295.527
350.75
350.75
350.75
350.75
350.75
617.875
617.875
617.875
617.875
617.875
289.48
289.48
289.48
289.48
289.48
499.016
499.016
499.016
499.016
499.016
592.805
592.805
592.805
592.805
592.805
597.211
597.211
597.211
597.211
597.211
624.678
624.678
624.678
624.678
624.678
570.42
570.42
570.42
570.42
570.42
476.387
476.387
476.387
476.387
476.387
495.616
495.616
495.616
495.616
495.616
529.699
529.699
529.699
529.699
529.699
529.624
529.624
529.624
529.624
529.624
553.832
553.832
553.832
553.832
553.832
667.965
667.965
667.965
667.965
667.965
580.127
580.127
580.127
580.127
580.127
761.098
761.098
761.098
761.098
761.098
656.162
656.162
656.162
656.162
656.162
455
455
455
455
455
361.693
361.693
361.693
361.693
361.693
361.969
361.969
361.969
361.969
361.969
551.326
551.326
551.326
551.326
551.326
521.398
521.398
521.398
521.398
521.398
518.242
518.242
518.242
518.242
518.242
348.074
348.074
348.074
348.074
348.074
485
485
485
485
485
624.328
624.328
624.328
624.328
624.328
281.61
281.61
281.61
281.61
281.61
283.47
283.47
283.47
283.47
283.47
677.078
677.078
677.078
677.078
677.078
613.5
613.5
613.5
613.5
613.5
321.844
350.938
350.938
350.938
350.938
457.067
457.067
457.067
457.067
457.067
384.913
384.913
384.913
384.913
384.913
634.435
634.435
634.435
634.435
634.435
466.382
466.382
466.382
466.382
466.382
444.739
444.739
444.739
444.739
444.739
500.252
500.252
500.252
500.252
500.252
504.25
504.25
504.25
504.25
504.25
522.746
522.746
522.746
522.746
522.746
676.512
676.512
676.512
676.512
676.512
602.813
602.813
602.813
602.813
602.813
238.009
238.009
238.009
238.009
238.009
759.857
759.857
759.857
759.857
759.857
447.907
447.907
447.907
447.907
447.907
242.109
242.109
242.109
242.109
242.109
685.521
685.521
685.521
685.521
685.521
679.99
679.99
679.99
679.99
679.99
544.281
544.281
544.281
544.281
544.281
584
584
584
584
584
510.781
510.781
510.781
510.781
510.781
418.922
418.922
418.922
418.922
418.922
219.936
219.936
219.936
219.936
219.936
534.303
534.303
534.303
534.303
593.106
323.219
323.219
323.219
323.219
323.219
428.279
428.279
428.279
428.279
428.279
425.612
425.612
425.612
425.612
425.612
414.927
414.927
414.927
414.927
414.927
595.967
595.967
595.967
595.967
595.967
505.443
505.443
505.443
505.443
505.443
650.994
650.994
650.994
650.994
650.994
386.202
386.202
386.202
386.202
386.202
374.375
374.375
374.375
374.375
374.375
453.035
453.035
453.035
453.035
453.035
565.125
565.125
565.125
565.125
565.125
536.465
536.465
536.465
536.465
536.465
357.292
357.292
357.292
357.292
357.292
520.83
520.83
520.83
520.83
520.83
579.539
579.539
579.539
579.539
579.539
575.875
575.875
575.875
575.875
575.875
770.75
770.75
770.75
770.75
770.75
481.031
481.031
481.031
481.031
481.031
674.235
674.235
674.235
674.235
674.235
633.137
633.137
633.137
633.137
633.137
522.244
522.244
522.244
522.244
522.244
395.444
395.444
395.444
395.444
395.444
442.805
442.805
442.805
442.805
442.805
661.789
661.789
661.789
661.789
661.789
399.754
399.754
399.754
399.754
399.754
522.592
522.592
522.592
522.592
522.592
617.264
617.264
617.264
617.264
617.264
721.648
721.648
721.648
721.648
721.648
390.319
390.319
390.319
390.319
390.319
547.931
547.931
547.931
547.931
547.931
254.91
254.91
254.91
254.91
254.91
721.275
721.275
721.275
721.275
721.275
423.903
423.903
423.903
423.903
423.903
440.646
440.646
440.646
440.646
440.646
543.307
543.307
543.307
543.307
543.307
467.578
467.578
467.578
467.578
467.578
431.247
431.247
431.247
431.247
431.247
457.094
457.094
457.094
457.094
457.094
531.368
531.368
531.368
531.368
531.368
518.465
518.465
518.465
518.465
518.465
636.116
636.116
636.116
636.116
636.116
612.25
612.25
612.25
612.25
612.25
525.217
525.217
525.217
525.217
525.217
663.609
663.609
663.609
663.609
663.609
272.735
272.735
272.735
272.735
272.735
498.441
498.441
498.441
498.441
498.441
429.891
429.891
429.891
429.891
429.891
553.32
553.32
553.32
553.32
553.32
630.734
630.734
630.734
630.734
630.734
385.058
385.058
385.058
385.058
385.058
436.976
436.976
436.976
436.976
436.976
408.857
408.857
408.857
408.857
408.857
705.616
705.616
705.616
705.616
705.616
380.915
380.915
380.915
380.915
380.915
454.688
454.688
454.688
454.688
454.688
65.5
65.5
65.5
65.5
65.5
488.243
488.243
488.243
488.243
488.243
552.436
552.436
552.436
552.436
552.436
333.563
333.563
333.563
333.563
333.563
586.266
586.266
586.266
586.266
586.266
279.661
279.661
279.661
279.661
279.661
371.788
371.788
371.788
371.788
371.788
471.07
471.07
471.07
471.07
471.07
605.922
605.922
605.922
605.922
605.922
544.7
544.7
544.7
544.7
544.7
717.375
717.375
717.375
717.375
717.375
432.75
432.75
432.75
432.75
432.75
536.25
536.25
536.25
536.25
536.25
541.605
541.605
541.605
541.605
541.605
719.373
719.373
719.373
719.373
719.373
621.344
621.344
621.344
621.344
621.344
579.673
579.673
579.673
579.673
579.673
333.54
333.54
333.54
333.54
333.54
290.413
290.413
290.413
290.413
290.413
499.75
499.75
499.75
499.75
499.75
722
722
722
722
722
374.551
374.551
374.551
374.551
374.551
635.992
635.992
635.992
635.992
635.992
386.258
386.258
386.258
386.258
386.258
427.576
427.576
427.576
427.576
427.576
638.026
638.026
638.026
638.026
638.026
341.588
341.588
341.588
341.588
341.588
326.934
326.934
326.934
326.934
326.934
610.475
610.475
610.475
610.475
610.475
622.761
622.761
622.761
622.761
622.761
655
655
655
655
655
468.777
468.777
468.777
468.777
468.777
376.309
379.617
379.617
379.617
379.617
528.187
528.187
528.187
528.187
528.187
303.625
303.625
303.625
303.625
303.625
332.875
332.875
332.875
332.875
332.875
490.452
490.452
490.452
490.452
490.452
528.68
528.68
528.68
528.68
528.68
679.5
679.5
679.5
679.5
679.5
327.061
327.061
327.061
327.061
327.061
767.474
767.474
767.474
767.474
767.474
438.718
438.718
438.718
438.718
438.718
529.716
529.716
529.716
529.716
529.716
449.938
449.938
449.938
449.938
449.938
617.419
617.419
617.419
617.419
617.419
563.315
563.315
563.315
563.315
563.315
308.633
308.633
308.633
308.633
308.633
586.031
586.031
586.031
586.031
586.031
417.875
417.875
417.875
417.875
417.875
319.074
319.074
319.074
319.074
319.074
502.862
502.862
502.862
502.862
502.862
241.114
241.114
241.114
241.114
241.114
623.1
623.1
623.1
623.1
623.1
435.309
435.309
435.309
435.309
435.309
578.434
578.434
578.434
578.434
578.434
412.89
412.89
412.89
412.89
412.89
583.419
583.419
583.419
583.419
583.419
595.309
595.309
567.618
567.618
567.618
426.989
426.989
426.989
426.989
426.989
502.687
502.687
502.687
502.687
502.687
558.285
558.444
558.444
558.444
558.444
583.375
583.375
583.375
583.375
583.375
753.174
753.174
753.174
753.174
753.174
697.813
697.813
697.813
697.813
697.813
568.461
568.461
568.461
568.461
568.461
567.858
567.858
567.858
567.858
567.858
609.623
609.623
609.623
609.623
609.623
447.873
447.873
447.873
447.873
447.873
703.124
703.124
703.124
703.124
703.124
339.699
339.699
339.699
339.699
339.699
664.802
664.802
664.802
664.802
664.802
413.159
413.159
413.159
413.159
413.159
591.86
591.86
591.86
591.86
591.86
670.502
670.502
670.502
670.502
670.502
584.65
584.65
584.65
584.65
584.65
689.28
689.28
689.28
689.28
689.28
444.959
444.959
444.959
444.959
444.959
635.125
635.125
635.125
635.125
635.125
638.688
638.688
638.688
638.688
638.688
446.297
446.297
446.297
446.297
446.297
413.387
413.387
413.387
413.387
413.387
583.095
583.095
583.095
583.095
583.095
615.438
615.438
615.438
615.438
615.438
527.387
527.387
527.387
527.387
527.387
545.531
545.531
545.531
545.531
545.531
336.32
336.32
336.32
336.32
336.32
321.026
321.026
321.026
321.026
321.026
587.747
587.747
587.747
587.747
587.747
584.655
584.655
584.655
584.655
584.655
529.563
529.563
529.563
529.563
529.563
540.585
540.585
540.585
540.585
540.585
485.935
485.935
485.935
485.935
485.935
433.852
433.852
433.852
433.852
433.852
462.512
462.512
462.512
462.512
462.512
648.969
648.969
648.969
648.969
648.969
646.223
646.223
646.223
646.223
646.223
646.039
646.039
646.039
646.039
646.039
325.66
325.66
325.66
325.66
325.66
433.25
433.25
433.25
433.25
433.25
497.627
497.627
497.627
497.627
497.627
645.761
645.761
645.761
645.761
645.761
356.509
356.509
356.509
356.509
356.509
262.906
262.906
262.906
262.906
262.906
507.328
507.328
507.328
507.328
507.328
737.072
737.072
737.072
737.072
737.072
498.409
498.409
498.409
498.409
498.409
437.988
437.988
437.988
437.988
437.988
715.143
715.143
715.143
715.143
715.143
657.674
657.674
657.674
657.674
657.674
755.044
755.044
755.044
755.044
755.044
555.312
555.312
555.312
555.312
555.312
678.991
678.991
678.991
678.991
678.991
749.878
749.878
749.878
749.878
749.878
565.066
565.066
565.066
565.066
565.066
336.168
336.168
336.168
336.168
336.168
609.66
609.66
609.66
609.66
609.66
378.002
378.002
378.002
378.002
378.002
584.396
584.396
584.396
584.396
584.396
573
573
573
573
573
589.702
589.702
589.702
589.702
589.702
437.75
437.75
437.75
437.75
437.75
205.715
205.715
205.715
205.715
205.715
595.362
595.362
595.362
595.362
595.362
256.873
256.873
256.873
256.873
256.873
726.986
726.986
726.986
726.986
726.986
568.397
568.397
568.397
568.397
568.397
418.25
418.25
418.25
418.25
418.25
447.688
447.688
447.688
447.688
447.688
659
659
659
659
659
568.133
568.133
568.133
568.133
568.133
581.916
581.916
581.916
581.916
581.916
493.521
493.521
493.521
493.521
493.521
657.397
657.397
657.397
657.397
657.397
420.505
420.505
420.505
420.505
420.505
663.063
663.063
663.063
663.063
663.063
708.175
708.175
708.175
708.175
708.175
484.461
484.461
484.461
484.461
484.461
521.75
521.75
521.75
521.75
521.75
239.518
239.518
239.518
239.518
239.518
560.287
560.287
560.287
560.287
560.287
567.889
567.889
567.889
567.889
567.889
359.369
359.369
359.369
359.369
359.369
557.152
557.152
557.152
557.152
557.152
486.688
486.688
486.688
486.688
486.688
692.604
692.604
692.604
692.604
692.604
476.329
476.329
476.329
476.329
476.329
442.885
442.885
442.885
442.885
442.885
554.531
554.531
554.531
554.531
554.531
707.5
707.5
707.5
707.5
707.5
604.125
604.125
604.125
604.125
604.125
449.783
450.316
450.316
450.316
450.316
381.967
381.967
381.967
381.967
381.967
737.369
737.369
737.369
737.369
737.369
601.512
601.512
601.512
601.512
601.512
349.313
349.313
349.313
349.313
349.313
595.769
595.769
595.769
595.769
595.769
490.784
490.784
490.784
490.784
490.784
525.591
525.591
525.591
525.591
525.591
652.41
652.41
652.41
652.41
652.41
556.259
556.259
556.259
556.259
556.259
316.25
316.25
316.25
316.25
316.25
550.493
550.493
550.493
550.493
550.493
534.834
534.834
534.834
534.834
534.834
391.503
391.503
391.503
391.503
391.503
510.827
510.827
510.827
510.827
510.827
200.692
200.692
200.692
200.692
200.692
683.209
683.209
683.209
683.209
683.209
494.552
494.552
494.552
494.552
494.552
317.006
317.006
317.006
317.006
317.006
602.219
602.219
602.219
602.219
602.219
529.594
529.594
529.594
529.594
529.594
749.94
749.94
749.94
749.94
749.94
613.047
613.047
613.047
613.047
613.047
593.624
593.624
593.624
593.624
593.624
624.719
624.719
624.719
624.719
624.719
529.191
529.191
529.191
529.191
529.191
459.875
459.875
459.875
459.875
459.875
235.047
235.047
235.047
235.047
235.047
288.969
288.969
288.969
288.969
288.969
426.438
426.438
426.438
426.438
426.438
651.604
651.604
651.604
651.604
651.604
517.186
517.186
517.186
517.186
517.186
490.25
490.25
490.25
490.25
490.25
340.35
340.35
340.35
340.35
340.35
698.051
698.051
698.051
698.051
698.051
481.678
481.678
481.678
481.678
481.678
628.72
628.72
628.72
628.72
628.72
565.531
565.531
565.531
565.531
565.531
564.105
564.105
564.105
564.105
564.105
239.375
239.375
239.375
239.375
239.375
479.5
479.5
479.5
479.5
479.5
592.709
592.709
592.709
592.709
592.709
438.969
438.969
438.969
438.969
438.969
468.299
468.299
468.299
468.299
468.299
441.835
441.835
441.835
441.835
441.835
562.586
562.586
562.586
562.586
562.586
518.351
518.351
518.351
518.351
518.351
694.393
694.393
694.393
694.393
694.393
564.777
564.777
564.777
564.777
564.777
451.551
451.551
451.551
451.551
451.551
337.857
337.857
337.857
337.857
337.857
402.037
402.037
402.037
402.037
402.037
520.75
520.75
520.75
520.75
520.75
536.543
536.543
536.543
536.543
536.543
449.96
449.96
449.96
449.96
449.96
448.391
448.391
448.391
448.391
448.391
617.256
617.256
617.256
617.256
617.256
428.287
428.287
428.287
428.287
428.287
644.168
644.168
644.168
644.168
644.168
520.679
520.675
520.675
520.675
520.675
719.646
719.646
719.646
719.646
719.646
269.047
269.047
269.047
269.047
269.047
472.126
472.126
472.126
472.126
472.126
709.22
709.22
709.22
709.22
709.22
752.368
752.368
752.368
752.368
752.368
529.815
529.815
529.815
529.815
529.815
639.519
638.414
638.414
638.414
638.414
476.918
476.918
476.918
476.918
476.918
325.785
325.785
325.785
325.785
325.785
451.605
451.605
451.605
451.605
451.605
569.059
569.059
569.059
569.059
569.059
352.612
352.612
352.612
352.612
352.612
635.878
635.878
635.878
635.878
635.878
540.538
540.538
540.538
540.538
540.538
547.5
547.5
547.5
547.5
547.5
462.613
462.613
462.613
462.613
462.613
489.625
489.625
489.625
489.625
489.625
538.625
538.625
538.625
538.625
538.625
475.52
475.52
475.52
475.52
475.52
281.234
281.234
281.234
281.234
281.234
477.536
477.536
476.869
476.869
476.869
498.644
498.644
498.644
498.644
498.644
628.277
628.277
628.277
628.277
628.277
711.125
711.125
711.125
711.125
711.125
434.097
434.097
434.097
434.097
434.097
636.063
636.063
636.063
636.063
636.063
705.316
705.316
705.316
705.316
705.316
374.446
374.446
374.446
374.446
374.446
565.012
565.012
565.012
565.012
565.012
535.438
535.438
535.438
535.438
535.438
628.516
628.516
628.516
628.516
628.516
550.518
550.518
550.518
550.518
550.518
624.5
624.5
624.5
624.5
624.5
460.225
460.225
460.225
460.225
460.225
473.491
473.491
473.491
473.491
473.491
653.375
653.375
653.375
653.375
653.375
680.266
680.266
680.266
680.266
680.266
454.179
454.179
454.179
454.179
454.179
432.709
432.709
432.709
432.709
432.709
520.75
520.75
520.75
520.75
520.75
435.493
435.493
435.493
435.493
435.493
416.195
416.195
416.195
416.195
416.195
538.67
538.67
538.67
538.67
538.67
350.526
350.526
350.526
350.526
350.526
536.677
536.677
536.677
536.677
536.677
244.278
244.278
244.278
244.278
244.278
623.689
623.689
623.689
623.689
623.689
257.629
257.629
257.629
257.629
257.629
357.647
357.647
357.647
357.647
357.647
647.75
647.75
647.75
647.75
647.75
262.875
262.875
262.875
262.875
262.875
465.453
465.453
465.453
465.453
465.453
623.277
623.277
623.277
623.277
623.277
282.625
282.625
282.625
282.625
282.625
339.229
339.229
339.229
339.229
339.229
347.579
347.579
347.579
347.579
347.579
566.695
566.695
566.695
566.695
566.695
594.75
594.75
594.75
594.75
594.75
385.188
385.188
385.188
385.188
385.188
406
406
406
406
406
688.117
688.117
688.117
688.117
688.117
576.391
576.391
576.391
576.391
576.391
709.841
709.841
709.841
709.841
709.841
769.742
769.742
769.742
769.742
769.742
385.927
385.927
385.927
385.927
385.927
483.625
483.625
483.625
483.625
483.625
477.26
477.26
477.26
477.26
477.26
431.688
431.688
431.688
431.688
431.688
282.586
282.586
282.586
282.586
282.586
466.125
466.125
466.125
466.125
466.125
584.125
584.125
584.125
584.125
584.125
396.109
396.109
396.109
396.109
396.109
260.5
260.5
260.5
260.5
260.5
440.646
440.646
440.646
440.646
440.646
560.355
560.355
560.355
560.355
560.355
482.943
482.943
482.943
482.943
482.943
623.516
623.516
623.516
623.516
623.516
695.468
695.468
695.468
695.468
695.468
486.952
486.952
486.952
486.952
486.952
707.676
707.676
707.676
707.676
707.676
571.575
571.575
571.575
571.575
571.575
755.007
755.007
755.007
755.007
755.007
636.121
636.121
636.121
636.121
636.121
514.57
514.57
514.57
514.57
514.57
238.832
238.832
238.832
238.832
238.832
593.787
593.787
593.787
593.787
593.787
466.685
466.685
466.685
466.685
466.685
428.964
428.964
428.964
428.964
428.964
632.25
632.25
632.25
632.25
632.25
349.375
349.375
349.375
349.375
349.375
573.766
573.766
573.766
573.766
573.766
600.087
600.087
600.087
600.087
600.087
274.875
274.875
274.875
274.875
274.875
453.775
453.775
453.775
453.775
453.775
464.22
464.22
464.22
464.22
464.22
614.142
614.142
614.142
614.142
614.142
325.5
325.5
325.5
325.5
325.5
446.169
446.169
446.169
446.169
446.169
280.521
280.521
280.521
280.521
280.521
280.442
284.51
284.51
284.51
284.51
617.639
617.639
617.639
617.639
617.639
699.719
699.719
699.719
699.719
699.719
378.625
378.625
378.625
378.625
378.625
592.533
592.533
592.533
592.533
592.533
423.203
423.203
423.203
423.203
423.203
529.703
529.703
529.703
529.703
529.703
507.5
507.5
507.5
507.5
507.5
548.75
548.75
548.75
548.75
548.75
416.664
416.664
416.664
416.664
416.664
323.754
323.754
323.754
323.754
323.754
639.617
639.617
639.617
639.617
639.617
337.385
337.385
337.385
337.385
337.385
465.797
465.797
465.797
465.797
465.797
398.781
398.781
398.781
398.781
398.781
569.047
569.047
569.047
569.047
569.047
495.525
495.525
495.525
495.525
495.525
506.404
506.404
506.404
506.404
506.404
766.087
766.087
766.087
766.087
766.087
674.703
674.703
674.703
674.703
674.703
407.052
407.052
407.052
407.052
407.052
520.827
520.827
520.827
520.827
520.827
702.055
702.055
702.055
702.055
702.055
385.817
385.817
385.817
385.817
385.817
503.082
503.082
503.082
503.082
503.082
626.375
626.375
626.375
626.375
626.375
388.818
388.818
388.818
388.818
388.818
439.223
439.223
439.223
439.223
439.223
422.227
422.227
422.227
422.227
422.227
612.273
612.273
612.273
612.273
612.273
517.063
517.063
517.063
517.063
517.063
656.516
656.516
656.516
656.516
656.516
460.75
460.75
460.75
460.75
460.75
213.25
213.25
213.25
213.25
360.5
532.914
532.914
532.914
532.914
532.914
287.266
287.266
287.266
287.266
287.266
664.413
664.413
664.413
664.413
664.413
602.125
602.125
602.125
602.125
602.125
495.019
495.019
495.019
495.019
495.019
366.776
366.776
366.776
366.776
366.776
497.519
497.519
497.519
497.519
497.519
469.232
469.232
469.232
469.232
469.232
577.063
577.063
577.063
577.063
577.063
188.215
188.215
188.215
188.215
188.215
686.875
686.875
686.875
686.875
686.875
636.07
636.07
636.07
636.07
636.07
579.246
579.246
579.246
579.246
579.246
270.156
270.156
270.156
270.156
270.156
576.719
576.719
576.719
576.719
576.719
427.211
427.211
427.211
427.211
427.211
423.415
423.415
423.415
423.415
423.415
643.656
643.656
643.656
643.656
643.656
355.191
355.191
355.191
355.191
355.191
578.125
578.125
578.125
578.125
578.125
497.07
497.07
497.07
497.07
497.07
621.875
621.875
621.875
621.875
621.875
424.548
424.548
424.548
424.548
424.548
271.063
271.063
271.063
271.063
271.063
533.563
533.563
533.563
533.563
533.563
579
579
579
579
579
364.146
364.146
364.146
364.146
364.146
612.843
612.843
612.843
612.843
612.843
149
149
149
149
149
725.826
725.826
725.826
725.826
725.826
510.887
510.887
510.887
510.887
510.887
774.5
774.5
774.5
774.5
774.5
709.3
709.3
709.3
709.3
709.3
617.25
617.25
617.25
617.25
617.25
555.079
555.079
555.079
555.079
555.079
604.25
604.25
604.25
604.25
604.25
710.375
710.375
710.375
710.375
710.375
307.063
307.063
307.063
307.063
307.063
553.035
553.035
553.035
553.035
553.035
445.625
445.625
445.625
445.625
445.625
458.094
458.094
458.094
458.094
458.094
397.496
397.496
397.496
397.496
397.496
594.125
594.125
594.125
594.125
594.125
0
