0
0
0
0
393.452
393.452
393.452
393.452
393.452
647.417
647.417
647.417
647.417
647.417
657.668
657.668
657.668
657.668
657.668
411.585
411.585
411.585
411.585
411.585
729.864
729.864
729.864
729.864
729.864
738.429
738.429
738.429
738.429
738.429
790.738
790.738
790.738
790.738
790.738
781.552
781.552
781.552
781.552
781.552
763.084
763.084
763.084
763.084
763.084
789.694
789.694
789.694
789.694
789.694
782.081
782.081
782.081
782.081
782.081
787.119
787.119
787.119
787.119
787.119
783.701
783.701
783.701
783.701
783.701
789.394
789.394
789.394
789.394
789.394
780.95
780.95
780.95
780.95
780.95
788.615
788.615
788.615
788.615
788.615
779.969
779.969
779.969
779.969
779.969
774.215
774.215
774.215
774.215
774.215
793.4
793.4
793.4
793.4
793.4
788.364
788.364
788.364
788.364
788.364
783.8
783.8
783.8
783.8
783.8
782.64
782.64
782.64
782.64
782.64
785.439
785.439
785.439
785.439
785.439
776.821
776.821
776.821
776.821
776.821
790.804
790.804
790.804
790.804
790.804
781.65
781.65
781.65
781.65
781.65
781.582
781.582
781.582
781.582
781.582
790.717
790.717
790.717
790.717
790.717
786.373
786.373
786.373
786.373
786.373
782.992
782.992
782.992
782.992
782.992
796.225
796.225
796.225
796.225
796.225
791.868
791.868
791.868
791.868
791.868
789.124
789.124
789.124
789.124
789.124
789.863
789.863
789.863
789.863
789.863
790.636
790.636
790.636
790.636
790.636
785.084
785.084
785.084
785.084
785.084
792.271
792.271
792.271
792.271
792.271
790.713
790.713
790.713
790.713
790.713
791.135
791.135
791.135
791.135
791.135
793.227
793.227
793.227
793.227
793.227
791.902
791.902
791.902
791.902
791.902
788.747
788.747
788.747
788.747
788.747
788.371
788.371
788.371
788.371
788.371
784.19
784.19
784.19
784.19
784.19
778.291
778.291
778.291
778.291
778.291
795.598
795.598
795.598
795.598
795.598
792.795
792.795
792.795
792.795
792.795
785.119
785.119
785.119
785.119
785.119
795.143
795.143
795.143
795.143
795.143
798.048
798.048
798.048
798.048
798.048
795.1
795.1
795.1
795.1
795.1
792.486
792.486
792.486
792.486
792.486
785.251
785.251
785.251
785.251
785.251
791.523
791.523
791.523
791.523
791.523
791.574
791.574
791.574
791.574
791.574
792.776
792.776
792.776
792.776
792.776
788.264
788.264
788.264
788.264
788.264
797.14
797.14
797.14
797.14
797.14
793.441
793.441
793.441
793.441
793.441
788.635
788.635
788.635
788.635
788.635
797.143
797.143
797.143
797.143
797.143
789.433
789.433
789.433
789.433
789.433
786.841
786.841
786.841
786.841
786.841
789.77
789.77
789.77
789.77
789.77
786.017
786.017
786.017
786.017
786.017
787.894
787.894
787.894
787.894
787.894
795.991
795.991
795.991
795.991
795.991
790.689
790.689
790.689
790.689
790.689
790.272
790.272
790.272
790.272
790.272
796.225
796.225
796.225
796.225
796.225
792.341
792.341
792.341
792.341
792.341
792.453
792.453
792.453
792.453
792.453
796.17
796.17
796.17
796.17
796.17
788.039
788.039
788.039
788.039
788.039
793.082
793.082
793.082
793.082
793.082
794.89
794.89
794.89
794.89
794.89
792.133
792.133
792.133
792.133
792.133
782.742
782.742
782.742
782.742
782.742
798.021
798.021
798.021
798.021
798.021
790.166
790.166
790.166
790.166
790.166
789.001
789.001
789.001
789.001
789.001
790.536
790.536
790.536
790.536
790.536
790.165
790.165
790.165
790.165
790.165
785.939
785.939
785.939
785.939
785.939
789.351
789.351
789.351
789.351
789.351
784.609
784.609
784.609
784.609
784.609
791.845
791.845
791.845
791.845
791.845
792.79
792.79
792.79
792.79
792.79
787.77
787.77
787.77
787.77
787.77
793.498
793.498
793.498
793.498
793.498
795.752
795.752
795.752
795.752
795.752
794.61
794.61
794.61
794.61
794.61
792.592
792.592
792.592
792.592
792.592
796.321
796.321
796.321
796.321
796.321
795.261
795.261
795.261
795.261
795.261
791.492
791.492
791.492
791.492
791.492
797.308
797.308
797.308
797.308
797.308
793.554
793.554
793.554
793.554
793.554
792.286
792.286
792.286
792.286
792.286
793.17
793.17
793.17
793.17
793.17
791.933
791.933
791.933
791.933
791.933
792.255
792.255
792.255
792.255
792.255
798.738
798.738
798.738
798.738
798.738
794.07
794.07
794.07
794.07
794.07
791.302
791.302
791.302
791.302
791.302
798.455
798.455
798.455
798.455
798.455
797.18
797.18
797.18
797.18
797.18
794.797
794.797
794.797
794.797
794.797
798.115
798.115
798.115
798.115
798.115
797.54
797.54
797.54
797.54
797.54
793.157
793.157
793.157
793.157
793.157
795.718
795.718
795.718
795.718
795.718
793.888
793.888
793.888
793.888
793.888
792.317
792.317
792.317
792.317
792.317
797.526
797.526
797.526
797.526
797.526
794.244
794.244
794.244
794.244
794.244
794.015
794.015
794.015
794.015
794.015
793.28
793.28
793.28
793.28
793.28
792.305
792.305
792.305
792.305
792.305
793.258
793.258
793.258
793.258
793.258
797.062
797.062
797.062
797.062
797.062
794.661
794.661
794.661
794.661
794.661
796.906
796.906
796.906
796.906
796.906
797.039
797.039
797.039
797.039
797.039
795.168
795.168
795.168
795.168
795.168
794.078
794.078
794.078
794.078
794.078
797.682
797.682
797.682
797.682
797.682
796.594
796.594
796.594
796.594
796.594
794.472
794.472
794.472
794.472
794.472
796.015
796.015
796.015
796.015
796.015
792.115
792.115
792.115
792.115
792.115
790.631
790.631
790.631
790.631
790.631
796.007
796.007
796.007
796.007
796.007
794.266
794.266
794.266
794.266
794.266
791.823
791.823
791.823
791.823
791.823
797.999
797.999
797.999
797.999
797.999
795.289
795.289
795.289
795.289
795.289
794.668
794.668
794.668
794.668
794.668
793.79
793.79
793.79
793.79
793.79
792.632
792.632
792.632
792.632
792.632
790.051
790.051
790.051
790.051
790.051
798.327
798.327
798.327
798.327
798.327
795.946
795.946
795.946
795.946
795.946
794.779
794.779
794.779
794.779
794.779
797.516
797.516
797.516
797.516
797.516
792.357
792.357
792.357
792.357
792.357
788.326
788.326
788.326
788.326
788.326
797.516
797.516
797.516
797.516
797.516
795.409
795.409
795.409
795.409
795.409
791.874
791.874
791.874
791.874
791.874
797.497
797.497
797.497
797.497
797.497
797.062
797.062
797.062
797.062
797.062
794.321
794.321
794.321
794.321
794.321
795.614
795.614
795.614
795.614
795.614
795.195
795.195
795.195
795.195
795.195
792.9
792.9
792.9
792.9
792.9
797.519
797.519
797.519
797.519
797.519
796.052
796.052
796.052
796.052
796.052
793.553
793.553
793.553
793.553
793.553
798.405
798.405
798.405
798.405
798.405
796.594
796.594
796.594
796.594
796.594
788.125
788.125
788.125
788.125
788.125
796.042
796.042
796.042
796.042
796.042
795.953
795.953
795.953
795.953
795.953
791.89
791.89
791.89
791.89
791.89
791.844
791.844
791.844
791.844
791.844
786.613
786.613
786.613
786.613
786.613
790.531
790.531
790.531
790.531
790.531
795.9
795.9
795.9
795.9
795.9
789.99
789.99
789.99
789.99
789.99
787.613
787.613
787.613
787.613
787.613
798.259
798.259
798.259
798.259
798.259
797.031
797.031
797.031
797.031
797.031
794.615
794.615
794.615
794.615
794.615
796.849
796.849
796.849
796.849
796.849
794.707
794.707
794.707
794.707
794.707
777.161
777.161
777.161
777.161
777.161
796.479
796.479
796.479
796.479
796.479
796.591
796.591
796.591
796.591
796.591
788.972
788.972
788.972
788.972
788.972
796.811
796.811
796.811
796.811
796.811
793.744
793.744
793.744
793.744
793.744
790.327
790.327
790.327
790.327
790.327
797.666
797.666
797.666
797.666
797.666
793.565
793.565
793.565
793.565
793.565
790.566
790.566
790.566
790.566
790.566
795.78
795.78
795.78
795.78
795.78
787.953
787.953
787.953
787.953
787.953
791.426
791.426
791.426
791.426
791.426
793.405
793.405
793.405
793.405
793.405
792.776
792.776
792.776
792.776
792.776
786.074
786.074
786.074
786.074
786.074
794.032
794.032
794.032
794.032
794.032
781.829
781.829
781.829
781.829
781.829
757.703
757.703
757.703
757.703
757.703
790.713
790.713
790.713
790.713
790.713
785.281
785.281
785.281
785.281
785.281
777.113
777.113
777.113
777.113
777.113
794.342
794.342
794.342
794.342
794.342
781.311
781.311
781.311
781.311
781.311
772.682
772.682
772.682
772.682
772.682
789.432
789.432
789.432
789.432
789.432
778.936
778.936
778.936
778.936
778.936
775.084
775.084
775.084
775.084
775.084
786.766
786.766
786.766
786.766
786.766
795.003
795.003
795.003
795.003
795.003
788.666
788.666
788.666
788.666
788.666
793.965
793.965
793.965
793.965
793.965
788.349
788.349
788.349
788.349
788.349
783.736
783.736
783.736
783.736
783.736
796.169
796.169
796.169
796.169
796.169
792.673
792.673
792.673
792.673
792.673
788.261
788.261
788.261
788.261
788.261
792.562
792.562
792.562
792.562
792.562
791.348
791.348
791.348
791.348
791.348
786.866
786.866
786.866
786.866
786.866
794.241
794.241
794.241
794.241
794.241
790.912
790.912
790.912
790.912
790.912
785.487
785.487
785.487
785.487
785.487
795.361
795.361
795.361
795.361
795.361
783.157
783.157
783.157
783.157
783.157
774.99
774.99
774.99
774.99
774.99
793.442
793.442
793.442
793.442
793.442
788.998
788.998
788.998
788.998
788.998
785.611
785.611
785.611
785.611
785.611
797.174
797.174
797.174
797.174
797.174
795.074
795.074
795.074
795.074
795.074
792.032
792.032
792.032
792.032
792.032
795.4
795.4
795.4
795.4
795.4
794.568
794.568
794.568
794.568
794.568
792.63
792.63
792.63
792.63
792.63
798.518
798.518
798.518
798.518
798.518
796.998
796.998
796.998
796.998
796.998
795.343
795.343
795.343
795.343
795.343
796.175
796.175
796.175
796.175
796.175
795.392
795.392
795.392
795.392
795.392
791.103
791.103
791.103
791.103
791.103
798.208
798.208
798.208
798.208
798.208
797.723
797.723
797.723
797.723
797.723
796.128
796.128
796.128
796.128
796.128
797.745
797.745
797.745
797.745
797.745
790.662
790.662
790.662
790.662
790.662
796.331
796.331
796.331
796.331
796.331
797.522
797.522
797.522
797.522
797.522
797.373
797.373
797.373
797.373
797.373
794.008
794.008
794.008
794.008
794.008
797.74
797.74
797.74
797.74
797.74
796.04
796.04
796.04
796.04
796.04
793.958
793.958
793.958
793.958
793.958
796.994
796.994
796.994
796.994
796.994
792.956
792.956
792.956
792.956
792.956
793.077
793.077
793.077
793.077
793.077
795.33
795.33
795.33
795.33
795.33
793.115
793.115
793.115
793.115
793.115
788.311
788.311
788.311
788.311
788.311
793.283
793.283
793.283
793.283
793.283
793.16
793.16
793.16
793.16
793.16
792.481
792.481
792.481
792.481
792.481
794.16
794.16
794.16
794.16
794.16
791.059
791.059
791.059
791.059
791.059
792.373
792.373
792.373
792.373
792.373
794.383
794.383
794.383
794.383
794.383
790.286
790.286
790.286
790.286
790.286
785.793
785.793
785.793
785.793
785.793
797.532
797.532
797.532
797.532
797.532
796.354
796.354
796.354
796.354
796.354
794.675
794.675
794.675
794.675
794.675
795.901
795.901
795.901
795.901
795.901
796.671
796.671
796.671
796.671
796.671
793.359
793.359
793.359
793.359
793.359
793.625
793.625
793.625
793.625
793.625
790.002
790.002
790.002
790.002
790.002
783.464
783.464
783.464
783.464
783.464
792.488
792.488
792.488
792.488
792.488
786.884
786.884
786.884
786.884
786.884
782.362
782.362
782.362
782.362
782.362
795.217
795.217
795.217
795.217
795.217
794.566
794.566
794.566
794.566
794.566
794.106
794.106
794.106
794.106
794.106
789.871
789.871
789.871
789.871
789.871
795.461
795.461
795.461
795.461
795.461
786.729
786.729
786.729
786.729
786.729
797.743
797.743
797.743
797.743
797.743
795.927
795.927
795.927
795.927
795.927
787.418
787.418
787.418
787.418
787.418
794.526
794.526
794.526
794.526
794.526
793.64
793.64
793.64
793.64
793.64
792.6
792.6
792.6
792.6
792.6
791.172
791.172
791.172
791.172
791.172
787.669
787.669
787.669
787.669
787.669
784.518
784.518
784.518
784.518
784.518
792.596
792.596
792.596
792.596
792.596
789.12
789.12
789.12
789.12
789.12
787.93
787.93
787.93
787.93
787.93
797.472
797.472
797.472
797.472
797.472
792.544
792.544
792.544
792.544
792.544
785.359
785.359
785.359
785.359
785.359
797.253
797.253
797.253
797.253
797.253
794.015
794.015
794.015
794.015
794.015
784.691
784.691
784.691
784.691
784.691
790.785
790.785
790.785
790.785
790.785
790.987
790.987
790.987
790.987
790.987
788.814
788.814
788.814
788.814
788.814
794.768
794.768
794.768
794.768
794.768
790.169
790.169
790.169
790.169
790.169
786.688
786.688
786.688
786.688
786.688
792.104
792.104
792.104
792.104
792.104
791.526
791.526
791.526
791.526
791.526
790.456
790.456
790.456
790.456
790.456
798.179
798.179
798.179
798.179
798.179
789.913
789.913
789.913
789.913
789.913
786.84
786.84
786.84
786.84
786.84
797.776
797.776
797.776
797.776
797.776
795.6
795.6
795.6
795.6
795.6
789.183
789.183
789.183
789.183
789.183
787.025
787.025
787.025
787.025
787.025
791.538
791.538
791.538
791.538
791.538
780.298
780.298
780.298
780.298
780.298
791.273
791.273
791.273
791.273
791.273
790.292
790.292
790.292
790.292
790.292
787.497
787.497
787.497
787.497
787.497
797.46
797.46
797.46
797.46
797.46
795.492
795.492
795.492
795.492
795.492
795.458
795.458
795.458
795.458
795.458
796.952
796.952
796.952
796.952
796.952
782.176
782.176
782.176
782.176
782.176
772.704
772.704
772.704
772.704
772.704
794.503
794.503
794.503
794.503
794.503
792.647
792.647
792.647
792.647
792.647
789.645
789.645
789.645
789.645
789.645
794.848
794.848
794.848
794.848
794.848
790.013
790.013
790.013
790.013
790.013
789.083
789.083
789.083
789.083
789.083
797.067
797.067
797.067
797.067
797.067
795.955
795.955
795.955
795.955
795.955
792.338
792.338
792.338
792.338
792.338
797.048
797.048
797.048
797.048
797.048
792.718
792.718
792.718
792.718
792.718
789.145
789.145
789.145
789.145
789.145
795.104
795.104
795.104
795.104
795.104
794.773
794.773
794.773
794.773
794.773
789.091
789.091
789.091
789.091
789.091
797.763
797.763
797.763
797.763
797.763
789.381
789.381
789.381
789.381
789.381
787.259
787.259
787.259
787.259
787.259
792.342
792.342
792.342
792.342
792.342
790.723
790.723
790.723
790.723
790.723
786.742
786.742
786.742
786.742
786.742
798.211
798.211
798.211
798.211
798.211
793.676
793.676
793.676
793.676
793.676
793.765
793.765
793.765
793.765
793.765
791.319
791.319
791.319
791.319
791.319
790.233
790.233
790.233
790.233
790.233
787.403
787.403
787.403
787.403
787.403
794.513
794.513
794.513
794.513
794.513
791.063
791.063
791.063
791.063
791.063
786.549
786.549
786.549
786.549
786.549
796.378
796.378
796.378
796.378
796.378
794.03
794.03
794.03
794.03
794.03
792.056
792.056
792.056
792.056
792.056
795.89
795.89
795.89
795.89
795.89
789.053
789.053
789.053
789.053
789.053
791.251
791.251
791.251
791.251
791.251
788.201
788.201
788.201
788.201
788.201
790.032
790.032
790.032
790.032
790.032
795.01
795.01
795.01
795.01
795.01
796.44
796.44
796.44
796.44
796.44
794.676
794.676
794.676
794.676
794.676
789.898
789.898
789.898
789.898
789.898
798.5
798.5
798.5
798.5
798.5
795.956
795.956
795.956
795.956
795.956
793.145
793.145
793.145
793.145
793.145
797.056
797.056
797.056
797.056
797.056
795.091
795.091
795.091
795.091
795.091
793.868
793.868
793.868
793.868
793.868
798.307
798.307
798.307
798.307
798.307
794.607
794.607
794.607
794.607
794.607
793.798
793.798
793.798
793.798
793.798
798.376
798.376
798.376
798.376
798.376
795.26
795.26
795.26
795.26
795.26
796.094
796.094
796.094
796.094
796.094
796.354
796.354
796.354
796.354
796.354
795.213
795.213
795.213
795.213
795.213
791.658
791.658
791.658
791.658
791.658
797.302
797.302
797.302
797.302
797.302
792.698
792.698
792.698
792.698
792.698
786.731
786.731
786.731
786.731
786.731
796.648
796.648
796.648
796.648
796.648
792.99
792.99
792.99
792.99
792.99
786.128
786.128
786.128
786.128
786.128
794.933
794.933
794.933
794.933
794.933
794.58
794.58
794.58
794.58
794.58
792.113
792.113
792.113
792.113
792.113
797.627
797.627
797.627
797.627
797.627
792.951
792.951
792.951
792.951
792.951
790.147
790.147
790.147
790.147
790.147
791.334
791.334
791.334
791.334
791.334
789.051
789.051
789.051
789.051
789.051
785.418
785.418
785.418
785.418
785.418
796.8
796.8
796.8
796.8
796.8
795.252
795.252
795.252
795.252
795.252
790.615
790.615
790.615
790.615
790.615
794.99
794.99
794.99
794.99
794.99
792.637
792.637
792.637
792.637
792.637
791.634
791.634
791.634
791.634
791.634
795.383
795.383
795.383
795.383
795.383
789.256
789.256
789.256
789.256
789.256
795.349
795.349
795.349
795.349
795.349
796.614
796.614
796.614
796.614
796.614
791.538
791.538
791.538
791.538
791.538
790.108
790.108
790.108
790.108
790.108
794.849
794.849
794.849
794.849
794.849
787.341
787.341
787.341
787.341
787.341
794.913
794.913
794.913
794.913
794.913
791.289
791.289
791.289
791.289
791.289
789.44
789.44
789.44
789.44
789.44
788.21
788.21
788.21
788.21
788.21
794.583
794.583
794.583
794.583
794.583
792.037
792.037
792.037
792.037
792.037
790.04
790.04
790.04
790.04
790.04
797.563
797.563
797.563
797.563
797.563
797.076
797.076
797.076
797.076
797.076
795.957
795.957
795.957
795.957
795.957
797.862
797.862
797.862
797.862
797.862
795.993
795.993
795.993
795.993
795.993
787.63
787.63
787.63
787.63
787.63
795.511
795.511
795.511
795.511
795.511
793.553
793.553
793.553
793.553
793.553
789.646
789.646
789.646
789.646
789.646
796.668
796.668
796.668
796.668
796.668
794.119
794.119
794.119
794.119
794.119
783.701
783.701
783.701
783.701
783.701
794.728
794.728
794.728
794.728
794.728
792.942
792.942
792.942
792.942
792.942
791.993
791.993
791.993
791.993
791.993
795.097
795.097
795.097
795.097
795.097
794.3
794.3
794.3
794.3
794.3
792.826
792.826
792.826
792.826
792.826
794.273
794.273
794.273
794.273
794.273
791.721
791.721
791.721
791.721
791.721
790.393
790.393
790.393
790.393
790.393
795.725
795.725
795.725
795.725
795.725
796.274
796.274
796.274
796.274
796.274
794.817
794.817
794.817
794.817
794.817
796.84
796.84
796.84
796.84
796.84
795.008
795.008
795.008
795.008
795.008
794.101
794.101
794.101
794.101
794.101
794.963
794.963
794.963
794.963
794.963
795.637
795.637
795.637
795.637
795.637
791.069
791.069
791.069
791.069
791.069
796.006
796.006
796.006
796.006
796.006
793.749
793.749
793.749
793.749
793.749
791.19
791.19
791.19
791.19
791.19
795.471
795.471
795.471
795.471
795.471
790.347
790.347
790.347
790.347
790.347
782.87
782.87
785.114
785.114
785.114
793.836
793.836
793.836
793.836
793.836
779.014
779.014
779.014
779.014
779.014
768.853
768.853
768.853
768.853
768.853
786.822
786.822
786.822
786.822
786.822
793.188
793.188
793.188
793.188
793.188
786.092
786.092
786.092
786.092
786.092
793.178
793.178
793.178
793.178
793.178
787.529
787.529
787.529
787.529
787.529
777.699
777.699
777.699
777.699
777.699
796.267
796.267
796.267
796.267
796.267
782.128
782.128
782.128
782.128
782.128
790.409
790.409
790.409
790.409
790.409
791.187
791.187
791.187
791.187
791.187
786.719
786.719
786.719
786.719
786.719
778.688
778.688
778.688
778.688
778.688
793.241
793.241
793.241
793.241
793.241
786.774
786.774
786.774
786.774
786.774
782.76
782.76
782.76
782.76
782.76
791.016
791.016
791.016
791.016
791.016
765.053
765.053
765.053
765.053
765.053
762.913
762.913
762.913
762.913
762.913
764.771
764.771
764.771
764.771
764.771
764.37
764.37
764.37
764.37
764.37
748.752
748.752
748.752
748.752
748.752
757.1
757.1
757.1
757.1
757.1
766.765
766.765
766.765
766.765
766.765
778.299
778.299
778.299
778.299
778.299
704.357
704.357
704.357
704.357
704.357
778.95
778.95
778.95
778.95
778.95
784.683
784.683
784.683
784.683
784.683
781.458
781.458
781.458
781.458
781.458
746.058
746.058
746.058
746.058
746.058
719.281
719.281
719.281
719.281
719.281
781.204
781.204
781.204
781.204
781.204
754.653
754.653
754.653
754.653
754.653
775.819
775.819
775.819
775.819
775.819
757.693
757.693
757.693
757.693
757.693
748.337
748.337
748.337
748.337
748.337
755.959
755.959
755.959
755.959
755.959
778.965
778.965
778.965
778.965
778.965
793.614
793.614
793.614
793.614
793.614
793.388
793.388
793.388
793.388
793.388
782.014
782.014
782.014
782.014
782.014
783.379
783.379
783.379
783.379
783.379
781.822
781.822
781.822
781.822
781.822
791.234
791.234
791.234
791.234
791.234
761.23
761.23
761.23
761.23
761.23
760.267
760.267
760.267
760.267
760.267
791.087
791.087
791.087
791.087
791.087
781.866
781.866
781.866
781.866
781.866
765.33
765.33
765.33
765.33
765.33
769.555
769.555
769.555
769.555
769.555
769.014
769.014
769.014
769.014
769.014
759.852
759.852
759.852
759.852
759.852
775.183
775.183
775.183
775.183
775.183
771.513
771.513
771.513
771.513
771.513
773.944
773.944
773.944
773.944
773.944
792.432
792.432
792.432
792.432
792.432
788.792
788.792
788.792
788.792
788.792
791.933
791.933
791.933
791.933
791.933
786.812
786.812
786.812
786.812
786.812
776.683
776.683
776.683
776.683
776.683
788.939
788.939
788.939
788.939
788.939
794.621
794.621
794.621
794.621
794.621
783.706
783.706
783.706
783.706
783.706
782.061
782.061
782.061
782.061
782.061
795.562
795.562
795.562
795.562
795.562
792.799
792.799
792.799
792.799
792.799
791.366
791.366
791.366
791.366
791.366
792.105
792.105
792.105
792.105
792.105
790.85
790.85
790.85
790.85
790.85
778.976
778.976
778.976
778.976
778.976
788.78
788.78
788.78
788.78
788.78
786.074
786.074
786.074
786.074
786.074
785.105
785.105
785.105
785.105
785.105
788.517
788.517
788.517
788.517
788.517
787.487
787.487
787.487
787.487
787.487
780.082
780.082
780.082
780.082
780.082
792.796
792.796
792.796
792.796
792.796
775.036
775.036
775.036
775.036
775.036
786.79
786.79
786.79
786.79
786.79
792.201
792.201
792.201
792.201
792.201
792.69
792.69
792.69
792.69
792.69
788.57
788.57
788.57
788.57
788.57
789.278
789.278
789.278
789.278
789.278
783.351
783.351
783.351
783.351
783.351
791.755
791.755
791.755
791.755
791.755
787.597
787.597
787.597
787.597
787.597
792.836
792.836
792.836
792.836
792.836
779.604
779.604
779.604
779.604
779.604
788.476
788.476
788.476
788.476
788.476
782.345
782.345
782.345
782.345
782.345
771.528
771.528
771.528
771.528
771.528
794.292
794.292
794.292
794.292
794.292
789.704
789.704
789.704
789.704
789.704
787.699
787.699
787.699
787.699
787.699
798.071
798.071
798.071
798.071
798.071
784.475
784.475
784.475
784.475
784.475
796.075
796.075
796.075
796.075
796.075
791.488
791.488
791.488
791.488
791.488
785.79
785.79
785.79
785.79
785.79
785.847
785.847
785.847
785.847
785.847
791.978
791.978
791.978
791.978
791.978
791.311
791.311
791.311
791.311
791.311
787.689
787.689
787.689
787.689
787.689
795.94
795.94
795.94
795.94
795.94
794.534
794.534
794.534
794.534
794.534
794.791
794.791
794.791
794.791
794.791
793.347
793.347
793.347
793.347
793.347
794.301
794.301
794.301
794.301
794.301
781.733
781.733
781.733
781.733
781.733
794.312
794.312
794.312
794.312
794.312
791.597
791.597
791.597
791.597
791.597
787.458
787.458
787.458
787.458
787.458
793.408
793.408
793.408
793.408
793.408
793.199
793.199
793.199
793.199
793.199
784.755
784.755
784.755
784.755
784.755
797.407
797.407
797.407
797.407
797.407
794.055
794.055
794.055
794.055
794.055
793.167
793.167
793.167
793.167
793.167
797.397
797.397
797.397
797.397
797.397
795.883
795.883
795.883
795.883
795.883
794.813
794.813
794.813
794.813
794.813
797.978
797.978
797.978
797.978
797.978
790.695
790.695
790.695
790.695
790.695
785.394
785.394
785.394
785.394
785.394
793.113
793.113
793.113
793.113
793.113
787.757
787.757
787.757
787.757
787.757
795.412
795.412
795.412
795.412
795.412
797.115
797.115
797.115
797.115
797.115
789.473
789.473
789.473
789.473
789.473
784.634
784.634
784.634
784.634
784.634
795.92
795.92
795.92
795.92
795.92
790.593
790.593
790.593
790.593
790.593
783.676
783.676
783.676
783.676
783.676
794.357
794.357
794.357
794.357
794.357
788.878
788.878
788.878
788.878
788.878
786.361
786.361
786.361
786.361
786.361
796.585
796.585
796.585
796.585
796.585
793.411
793.411
793.411
793.411
793.411
788.877
788.877
788.877
788.877
788.877
781.001
781.001
781.001
781.001
781.001
781.275
781.275
781.275
781.275
781.275
778.585
778.585
778.585
778.585
778.585
797.355
797.355
797.355
797.355
797.355
780.267
780.267
780.267
780.267
780.267
779.441
779.441
779.441
779.441
779.441
794.136
794.136
794.136
794.136
794.136
790.274
790.274
790.274
790.274
790.274
786.792
786.792
786.792
786.792
786.792
795.064
795.064
795.064
795.064
795.064
787.436
787.436
787.436
787.436
787.436
788.226
788.226
788.226
788.226
788.226
790.7
790.7
790.7
790.7
790.7
786.125
786.125
786.125
786.125
786.125
785.259
785.259
785.259
785.259
785.259
796.82
796.82
796.82
796.82
796.82
791.329
791.329
791.329
791.329
791.329
780.773
780.773
780.773
780.773
780.773
793.773
793.773
793.773
793.773
793.773
784.96
784.96
784.96
784.96
784.96
786.03
786.03
786.03
786.03
786.03
794.424
794.424
794.424
794.424
794.424
784.543
784.543
784.543
784.543
784.543
788.201
788.201
788.201
788.201
788.201
792.08
792.08
792.08
792.08
792.08
789.287
789.287
789.287
789.287
789.287
787.022
787.022
787.022
787.022
787.022
795.172
795.172
795.172
795.172
795.172
788.943
788.943
788.943
788.943
788.943
788.653
788.653
788.653
788.653
788.653
796.16
796.16
796.16
796.16
796.16
794.208
794.208
794.208
794.208
794.208
793.656
793.656
793.656
793.656
793.656
790.788
790.788
790.788
790.788
790.788
784.59
784.59
784.59
784.59
784.59
783.535
783.535
783.535
783.535
783.535
795.419
795.419
795.419
795.419
795.419
794.017
794.017
794.017
794.017
794.017
790.499
790.499
790.499
790.499
790.499
796.799
796.799
796.799
796.799
796.799
793.742
793.742
793.742
793.742
793.742
794.147
794.147
794.147
794.147
794.147
793.172
793.172
793.172
793.172
793.172
793.729
793.729
793.729
793.729
793.729
794.38
794.38
794.38
794.38
794.38
796.591
796.591
796.591
796.591
796.591
793.819
793.819
793.819
793.819
793.819
788.355
788.355
788.355
788.355
788.355
796.537
796.537
796.537
796.537
796.537
794.573
794.573
794.573
794.573
794.573
788.557
788.557
788.557
788.557
788.557
795.186
795.186
795.186
795.186
795.186
791.636
791.636
791.636
791.636
791.636
785.514
785.514
785.514
785.514
785.514
796.69
796.69
796.69
796.69
796.69
790.525
790.525
790.525
790.525
790.525
785.541
785.541
785.541
785.541
785.541
796.898
796.898
796.898
796.898
796.898
793.409
793.409
793.409
793.409
793.409
792.107
792.107
792.107
792.107
792.107
791.009
791.009
791.009
791.009
791.009
791.061
791.061
791.061
791.061
791.061
785.676
785.676
785.676
785.676
785.676
795.644
795.644
795.644
795.644
795.644
793.036
793.036
793.036
793.036
793.036
794.29
794.29
794.29
794.29
794.29
794.942
794.942
794.942
794.942
794.942
793.385
793.385
793.385
793.385
793.385
793.212
793.212
793.212
793.212
793.212
795.29
795.29
795.29
795.29
795.29
792.865
792.865
792.865
792.865
792.865
785.532
785.532
785.532
785.532
785.532
797.114
797.114
797.114
797.114
797.114
794.425
794.425
794.425
794.425
794.425
794.896
794.896
794.896
794.896
794.896
796.073
796.073
796.073
796.073
796.073
792.868
792.868
792.868
792.868
792.868
791.507
791.507
791.507
791.507
791.507
796.657
796.657
796.657
796.657
796.657
792.444
792.444
792.444
792.444
792.444
784.866
784.866
784.866
784.866
784.866
790.674
790.674
790.674
790.674
790.674
790.947
790.947
790.947
790.947
790.947
784.89
784.89
784.89
784.89
784.89
790.661
790.661
790.661
790.661
790.661
786.792
786.792
786.792
786.792
786.792
783.281
783.281
783.281
783.281
783.281
796.998
796.998
796.998
796.998
796.998
792.872
792.872
792.872
792.872
792.872
791.566
791.566
791.566
791.566
791.566
796.904
796.904
796.904
796.904
796.904
795.067
795.067
795.067
795.067
795.067
788.84
788.84
788.84
788.84
788.84
798.181
798.181
798.181
798.181
798.181
794.495
794.495
794.495
794.495
794.495
793.989
793.989
793.989
793.989
793.989
791.04
791.04
791.04
791.04
791.04
795.162
795.162
795.162
795.162
795.162
791.588
791.588
791.588
791.588
791.588
795.107
795.107
795.107
795.107
795.107
791.599
791.599
791.599
791.599
791.599
788.556
788.556
788.556
788.556
788.556
794.304
794.304
794.304
794.304
794.304
787.268
787.268
787.268
787.268
787.268
789.354
789.354
789.354
789.354
789.354
795.019
795.019
795.019
795.019
795.019
793.141
793.141
793.141
793.141
793.141
787.073
787.073
787.073
787.073
787.073
793.542
793.542
793.542
793.542
793.542
791.96
791.96
791.96
791.96
791.96
789.541
789.541
789.541
789.541
789.541
796.107
796.107
796.107
796.107
796.107
793.682
793.682
793.682
793.682
793.682
790.501
790.501
790.501
790.501
790.501
797.346
797.346
797.346
797.346
797.346
796.196
796.196
796.196
796.196
796.196
788.643
788.643
788.643
788.643
788.643
797.446
797.446
797.446
797.446
797.446
796.641
796.641
796.641
796.641
796.641
792.835
792.835
792.835
792.835
792.835
795.04
795.04
795.04
795.04
795.04
793.407
793.407
793.407
793.407
793.407
792.512
792.512
792.512
792.512
792.512
796.859
796.859
796.859
796.859
796.859
795.246
795.246
795.246
795.246
795.246
795.082
795.082
795.082
795.082
795.082
792.941
792.941
792.941
792.941
792.941
791.524
791.524
791.524
791.524
791.524
791.478
791.478
791.478
791.478
791.478
794.226
794.226
794.226
794.226
794.226
793.936
793.936
793.936
793.936
793.936
791.323
791.323
791.323
791.323
791.323
793.199
793.199
793.199
793.199
793.199
791.218
791.218
791.218
791.218
791.218
775.455
775.455
775.455
775.455
775.455
798.435
798.435
798.435
798.435
798.435
793.649
793.649
793.649
793.649
793.649
791.044
791.044
791.044
791.044
791.044
797.098
797.098
797.098
797.098
797.098
793.836
793.836
793.836
793.836
793.836
791.144
791.144
791.144
791.144
791.144
797.186
797.186
797.186
797.186
797.186
795.248
795.248
795.248
795.248
795.248
793.085
793.085
793.085
793.085
793.085
795.607
795.607
795.607
795.607
795.607
794.442
794.442
794.442
794.442
794.442
792.875
792.875
792.875
792.875
792.875
795.76
795.76
795.76
795.76
795.76
790.596
790.596
790.596
790.596
790.596
787.259
787.259
787.259
787.259
787.259
795.419
795.419
795.419
795.419
795.419
795.107
795.107
795.107
795.107
795.107
788.714
788.714
788.714
788.714
788.714
797.248
797.248
797.248
797.248
797.248
794.397
794.397
794.397
794.397
794.397
791.063
791.063
791.063
791.063
791.063
797.021
797.021
797.021
797.021
797.021
793.265
793.265
793.265
793.265
793.265
792.275
792.275
792.275
792.275
792.275
796.354
796.354
796.354
796.354
796.354
791.719
791.719
791.719
791.719
791.719
791.532
791.532
791.532
791.532
791.532
798.595
798.595
798.595
798.595
798.595
795.227
795.227
795.227
795.227
795.227
791.331
791.331
791.331
791.331
791.331
796.048
796.048
796.048
796.048
796.048
792.202
792.202
792.202
792.202
792.202
789.993
789.993
789.993
789.993
789.993
797.149
797.149
797.149
797.149
797.149
797.298
797.298
797.298
797.298
797.298
794.367
794.367
794.367
794.367
794.367
795.594
795.594
795.594
795.594
795.594
791.667
791.667
791.667
791.667
791.667
792.76
792.76
792.76
792.76
792.76
794.94
794.94
794.94
794.94
794.94
795.124
795.124
795.124
795.124
795.124
790.075
790.075
790.075
790.075
790.075
798.251
798.251
798.251
798.251
798.251
795.735
795.735
795.735
795.735
795.735
793.881
793.881
793.881
793.881
793.881
798.472
798.472
798.472
798.472
798.472
797.14
797.14
797.14
797.14
797.14
793.471
793.471
793.471
793.471
793.471
795.636
795.636
795.636
795.636
795.636
795.729
795.729
795.729
795.729
795.729
794.306
794.306
794.306
794.306
794.306
796.688
796.688
796.688
796.688
796.688
795.444
795.444
795.444
795.444
795.444
792.801
792.801
792.801
792.801
792.801
797.38
797.38
797.38
797.38
797.38
795.668
795.668
795.668
795.668
795.668
794.507
794.507
794.507
794.507
794.507
797.913
797.913
797.913
797.913
797.913
796.067
796.067
796.067
796.067
796.067
795.623
795.623
795.623
795.623
795.623
798.293
798.293
798.293
798.293
798.293
793.525
793.525
793.525
793.525
793.525
793.747
793.747
793.747
793.747
793.747
797.446
797.446
797.446
797.446
797.446
795.043
795.043
795.043
795.043
795.043
791.239
791.239
791.239
791.239
791.239
797.62
797.62
797.62
797.62
797.62
796.465
796.465
796.465
796.465
796.465
796.178
796.178
796.178
796.178
796.178
794.532
794.532
794.532
794.532
794.532
793.124
793.124
793.124
793.124
793.124
791.019
791.019
791.019
791.019
791.019
794.101
794.101
794.101
794.101
794.101
791.882
791.882
791.882
791.882
791.882
796.562
796.562
796.562
796.562
796.562
794.287
794.287
794.287
794.287
794.287
793.233
793.233
793.233
793.233
793.233
792.723
792.723
792.723
792.723
792.723
797.078
797.078
797.078
797.078
797.078
795.85
795.85
795.85
795.85
795.85
792.878
792.878
792.878
792.878
792.878
797.655
797.655
797.655
797.655
797.655
796.691
796.691
796.691
796.691
796.691
796.12
796.12
796.12
796.12
796.12
798.326
798.326
798.326
798.326
798.326
791.505
791.505
791.505
791.505
791.505
794.706
794.706
794.706
794.706
794.706
798.326
798.326
798.326
798.326
798.326
797.014
797.014
797.014
797.014
797.014
791.002
791.002
791.002
791.002
791.002
795.58
795.58
795.58
795.58
795.58
795.387
795.387
795.387
795.387
795.387
793.294
793.294
793.294
793.294
793.294
796.265
796.265
796.265
796.265
796.265
790.407
790.407
790.407
790.407
790.407
787.731
787.731
787.731
787.731
787.731
798.221
798.221
798.221
798.221
798.221
795.06
795.06
795.06
795.06
795.06
793.107
793.107
793.107
793.107
793.107
792.195
792.195
792.195
792.195
792.195
790.869
790.869
790.869
790.869
790.869
792.889
792.889
792.889
792.889
792.889
797.811
797.811
797.811
797.811
797.811
795.366
795.366
795.366
795.366
795.366
794.225
794.225
794.225
794.225
794.225
796.87
796.87
796.87
796.87
796.87
793.958
793.958
793.958
793.958
793.958
793.467
793.467
793.467
793.467
793.467
795.803
795.803
795.803
795.803
795.803
794.026
794.026
794.026
794.026
794.026
792.202
792.202
792.202
792.202
792.202
797.862
797.862
797.862
797.862
797.862
794.435
794.435
794.435
794.435
794.435
794.355
794.355
794.355
794.355
794.355
797.456
797.456
797.456
797.456
797.456
796.991
796.991
796.991
796.991
796.991
795.851
795.851
795.851
795.851
795.851
795.381
795.381
795.381
795.381
795.381
793.5
793.5
793.5
793.5
793.5
789.824
789.824
789.824
789.824
789.824
795.246
795.246
795.246
795.246
795.246
792.741
792.741
792.741
792.741
792.741
790.315
790.315
790.315
790.315
790.315
797.781
797.781
797.781
797.781
797.781
794.426
794.426
794.426
794.426
794.426
791.132
791.132
791.132
791.132
791.132
791.244
791.244
791.244
791.244
791.244
784.822
784.822
784.822
784.822
784.822
789.794
789.794
789.794
789.794
789.794
796.376
796.376
796.376
796.376
796.376
796.107
796.107
796.107
796.107
796.107
793.213
793.213
793.213
793.213
793.213
797.922
797.922
797.922
797.922
797.922
796.15
796.15
796.15
796.15
796.15
793.633
793.633
793.633
793.633
793.633
796.955
796.955
796.955
796.955
796.955
795.058
795.058
795.058
795.058
795.058
794.423
794.423
794.423
794.423
794.423
795.977
795.977
795.977
795.977
795.977
794.714
794.714
794.714
794.714
794.714
796.6
796.6
796.6
796.6
796.6
796.884
796.884
796.884
796.884
796.884
794.414
794.414
794.414
794.414
794.414
790.72
790.72
790.72
790.72
790.72
789
789
789
789
789
779.481
779.481
779.481
779.481
779.481
776.813
776.813
776.813
776.813
776.813
793.702
793.702
793.702
793.702
793.702
784.586
784.586
784.586
784.586
784.586
796.688
796.688
796.688
796.688
796.688
795.337
795.337
795.337
795.337
795.337
791.094
791.094
791.094
791.094
791.094
785.402
785.402
785.402
785.402
785.402
797.033
797.033
797.033
797.033
797.033
793.149
793.149
793.149
793.149
793.149
791.937
791.937
791.937
791.937
791.937
790.691
790.691
790.691
790.691
790.691
789.138
789.138
789.138
789.138
789.138
784.847
784.847
784.847
784.847
784.847
793.519
793.519
793.519
793.519
793.519
795.906
795.906
795.906
795.906
795.906
792.919
792.919
792.919
792.919
792.919
785.821
785.821
785.821
785.821
785.821
777.436
777.436
777.436
777.436
777.436
792.874
792.874
792.874
792.874
792.874
796.55
796.55
796.55
796.55
796.55
792.235
792.235
792.235
792.235
792.235
787.311
787.311
787.311
787.311
787.311
792.345
792.345
792.345
792.345
792.345
789.175
789.175
789.175
789.175
789.175
780.308
780.308
780.308
780.308
780.308
793.088
793.088
793.088
793.088
793.088
778.817
778.817
778.817
778.817
778.817
778.938
778.938
778.938
778.938
778.938
796.327
796.327
796.327
796.327
796.327
795.025
795.025
795.025
795.025
795.025
785.781
785.781
785.781
785.781
785.781
795.201
795.201
795.201
795.201
795.201
790.161
790.161
790.161
790.161
790.161
788.909
788.909
788.909
788.909
788.909
797.568
797.568
797.568
797.568
797.568
793.003
793.003
793.003
793.003
793.003
781.943
781.943
781.943
781.943
781.943
797.642
797.642
797.642
797.642
797.642
793.567
793.567
793.567
793.567
793.567
792.294
792.294
792.294
792.294
792.294
793.178
793.178
793.178
793.178
793.178
779.278
779.278
779.278
779.278
779.278
774.531
774.531
774.531
774.531
774.531
786.059
786.059
786.059
786.059
786.059
797.492
797.492
797.492
797.492
797.492
785.36
785.36
785.36
785.36
785.36
787.753
787.753
787.753
787.753
787.753
780.769
780.769
785.539
785.539
785.539
777.449
777.449
777.449
777.449
777.449
786.224
786.224
786.224
786.224
786.224
775.737
775.737
775.737
775.737
775.737
786.254
786.254
786.254
786.254
786.254
788.291
788.291
788.291
788.291
788.291
784.91
784.91
784.91
784.91
784.91
779.589
779.589
779.589
779.589
779.589
776.163
776.163
776.163
776.163
776.163
783.657
783.657
783.657
783.657
783.657
773.627
773.627
773.627
773.627
773.627
787.369
787.369
787.369
787.369
787.369
771.208
771.208
771.208
771.208
771.208
765.274
765.274
780.549
780.549
780.549
794.908
794.908
794.908
794.908
794.908
789.697
789.697
789.697
789.697
789.697
785.476
785.476
785.476
785.476
785.476
787.44
787.44
787.44
787.44
787.44
785.981
785.981
785.981
785.981
785.981
777.148
777.148
777.148
777.148
777.148
789.024
789.024
789.024
789.024
789.024
781.018
781.018
781.018
781.018
781.018
774.902
774.902
774.902
774.902
774.902
794.46
794.46
794.46
794.46
794.46
788.277
788.277
788.277
788.277
788.277
762.881
762.881
762.881
762.881
762.881
782.542
782.542
782.542
782.542
782.542
794.967
794.967
794.967
794.967
794.967
791.061
791.061
791.061
791.061
791.061
796.449
796.449
796.449
796.449
796.449
786.116
786.116
786.116
786.116
786.116
783.645
783.645
783.645
783.645
783.645
794.26
794.26
794.26
794.26
794.26
794.437
794.437
794.437
794.437
794.437
790.974
790.974
790.974
790.974
790.974
795.854
795.854
795.854
795.854
795.854
788.06
788.06
788.06
788.06
788.06
782.865
782.865
782.865
782.865
782.865
794.191
794.191
794.191
794.191
794.191
794.334
794.334
794.334
794.334
794.334
790.28
790.28
790.28
790.28
790.28
797.257
797.257
797.257
797.257
797.257
787.367
787.367
787.367
787.367
787.367
784.408
784.408
784.408
784.408
784.408
781.672
781.672
781.672
781.672
781.672
786.378
786.378
786.378
786.378
786.378
777.254
777.254
777.254
777.254
777.254
789.151
789.151
789.151
789.151
789.151
782.314
782.314
782.314
782.314
782.314
775.32
775.32
775.32
775.32
775.32
794.383
794.383
794.383
794.383
794.383
791.169
791.169
791.169
791.169
791.169
784.788
784.788
784.788
784.788
784.788
794.737
794.737
794.737
794.737
794.737
791.416
791.416
791.416
791.416
791.416
790.394
790.394
790.394
790.394
790.394
792.578
792.578
792.578
792.578
792.578
790.015
790.015
790.015
790.015
790.015
782.626
782.626
782.626
782.626
782.626
795.173
795.173
795.173
795.173
795.173
791.668
791.668
791.668
791.668
791.668
779.11
779.11
779.11
779.11
779.11
786.365
786.365
786.365
786.365
786.365
788.739
788.739
788.739
788.739
788.739
773
773
773
773
773
787.667
787.667
787.667
787.667
787.667
787.862
787.862
787.862
787.862
787.862
782.906
782.906
782.906
782.906
782.906
777.777
777.777
777.777
777.777
777.777
771.988
771.988
771.988
771.988
771.988
772.799
772.799
772.799
772.799
772.799
791.587
791.587
791.587
791.587
791.587
784.81
784.81
784.81
784.81
784.81
781.076
781.076
781.076
781.076
781.076
792.309
792.309
792.309
792.309
792.309
0
