0
0
0
0
364.516
364.516
364.516
364.516
364.516
460.713
460.713
460.713
460.713
460.713
350.078
350.078
350.078
350.078
350.078
624.21
624.21
624.21
624.21
624.21
720.452
720.452
720.452
720.452
720.452
341.55
341.55
341.55
341.55
341.55
256.987
256.987
256.987
256.987
256.987
435.622
435.622
435.622
435.622
435.622
385.348
385.348
385.348
385.348
385.348
438.875
438.875
438.875
438.875
438.875
765.835
765.835
765.835
765.835
765.835
724.359
724.359
724.359
724.359
724.359
425.489
425.489
425.489
425.489
425.489
583.885
583.885
583.885
583.885
583.885
636.069
636.069
636.069
636.069
636.069
737.487
737.487
737.487
737.487
737.487
776.473
776.473
776.473
776.473
776.473
726.299
726.299
726.299
726.299
726.299
720.59
720.59
720.59
720.59
720.59
604.199
604.199
604.199
604.199
604.199
474.54
474.54
474.54
474.54
474.54
395.231
395.231
395.231
395.231
395.231
572.495
572.495
572.495
572.495
572.495
759.93
759.93
759.93
759.93
759.93
771.828
771.828
771.828
771.828
771.828
474.109
474.109
474.109
474.109
474.109
707.674
707.674
707.674
707.674
707.674
573.916
573.916
573.916
573.916
573.916
487.411
487.411
487.411
487.411
487.411
563.793
563.793
563.793
563.793
563.793
758.053
758.053
758.053
758.053
758.053
532.689
532.689
532.689
532.689
532.689
550.731
550.731
550.731
550.731
550.731
575.384
575.384
575.384
575.384
575.384
574.286
574.287
574.287
574.287
574.287
497.066
497.066
497.066
497.066
497.066
584.842
584.842
584.842
584.842
584.842
508.979
508.979
508.979
508.979
569.958
385.86
385.86
385.86
385.86
385.86
744.043
744.043
744.043
744.043
744.043
422.348
422.348
422.348
422.348
422.348
510.906
510.906
510.906
510.906
510.906
372.031
372.031
372.031
372.031
372.031
667.723
667.723
667.723
667.723
667.723
627.53
627.53
627.53
627.53
627.53
695.322
695.322
695.322
695.322
695.322
370.336
370.336
370.336
370.336
370.336
556.55
556.55
556.55
556.55
556.55
195.621
195.621
195.621
195.621
195.621
563.453
563.453
563.453
563.453
563.453
638.502
638.502
638.502
638.502
638.502
523.328
523.328
523.328
523.328
523.328
758.708
758.708
758.708
758.708
758.708
565.696
565.696
565.696
565.696
565.696
285.222
285.222
285.222
285.222
285.222
529.391
529.391
529.391
529.391
529.391
645.969
645.969
645.969
645.969
645.969
719.146
719.146
719.146
719.146
719.146
726.153
726.153
726.153
726.153
726.153
647.482
647.482
647.482
647.482
647.482
598.654
599.292
599.292
599.292
599.292
372.435
372.435
372.435
372.435
372.435
571.091
571.091
571.091
571.091
620.183
568.19
568.19
568.19
568.19
568.19
337.528
337.528
337.528
337.528
337.528
457.924
457.924
457.924
457.924
457.924
774.693
774.693
774.693
774.693
774.693
486.464
486.464
486.464
486.464
486.464
617.046
617.046
617.046
617.046
617.046
598.757
598.757
598.757
598.757
598.757
592.492
592.492
592.492
592.492
592.492
633.629
633.629
633.629
633.629
633.629
392.646
392.646
392.646
392.646
392.646
476.094
476.094
476.094
476.094
476.094
523.419
523.419
523.419
523.419
523.419
321.238
321.238
321.238
321.238
321.238
596.689
596.689
596.689
596.689
596.689
582.664
582.664
582.664
582.664
582.664
628.265
628.265
628.265
628.265
628.265
549.295
549.295
549.295
549.295
549.295
601.616
601.616
601.616
601.616
601.616
504.373
504.373
504.373
504.373
504.373
459.895
459.895
459.895
459.895
459.895
615.766
615.766
615.766
615.766
615.766
219.365
219.365
219.365
219.365
219.365
677.819
677.819
677.819
677.819
677.819
615.57
615.57
615.57
615.57
615.57
505.156
505.156
505.156
505.156
505.156
316.5
316.5
316.5
316.5
316.5
549.698
549.698
549.698
549.698
549.698
494
494
494
494
494
734.635
734.635
734.635
734.635
734.635
645.996
645.996
645.996
645.996
645.996
445.133
445.133
445.133
445.133
445.133
649.939
649.939
649.939
649.939
649.939
505.191
505.191
505.191
505.191
505.191
701.42
701.42
701.42
701.42
701.42
593.039
593.039
593.039
593.039
593.039
693.833
693.833
693.833
693.833
693.833
440.851
440.851
440.851
440.851
440.851
623.96
623.96
623.96
623.96
623.96
556.594
556.594
556.594
556.594
556.594
366.146
366.146
366.146
366.146
366.146
352.178
352.178
352.166
352.166
352.166
636.266
636.266
636.266
636.266
636.266
712.73
712.73
712.73
712.73
712.73
641.021
641.021
641.021
641.021
641.021
610.004
610.004
610.004
610.004
610.004
590.863
590.863
590.863
590.863
590.863
477.25
477.25
477.25
477.25
477.25
612.774
612.774
612.774
612.774
612.774
692.5
692.5
692.5
692.5
692.5
532.683
532.683
532.683
532.683
532.683
655.59
655.59
655.59
655.59
655.59
639.484
639.484
639.484
639.484
639.484
373.358
373.358
373.358
373.358
373.358
566.83
566.83
566.481
566.481
566.481
544.5
544.5
544.5
544.5
544.5
417.766
417.766
417.766
417.766
417.766
550.455
550.455
550.455
550.455
550.455
363.144
363.144
363.144
363.144
363.144
724.463
724.463
724.463
724.463
724.463
710.029
710.029
710.029
710.029
710.029
563.539
563.539
563.539
563.539
563.539
769.133
769.133
769.133
769.133
769.133
752.094
752.094
752.094
752.094
752.094
511.997
511.997
511.997
511.997
511.997
384.059
384.059
384.059
384.059
384.059
574.475
574.475
574.475
574.475
574.475
623.25
623.25
623.25
623.25
623.25
275.149
275.149
275.149
275.149
275.149
628.714
628.714
628.714
628.714
628.714
532.986
532.986
532.986
532.986
532.986
670.326
670.326
670.326
670.326
670.326
635.782
635.782
635.782
635.782
635.782
604.04
604.04
604.04
604.04
604.04
491.078
491.078
491.078
491.078
491.078
473.96
473.96
473.96
473.96
473.96
511.881
511.881
511.881
511.881
511.881
518
518
518
518
518
754.259
754.259
754.259
754.259
754.259
756.15
756.15
756.15
756.15
756.15
730.291
730.291
730.291
730.291
730.291
750.384
750.384
750.384
750.384
750.384
751.257
751.257
751.257
751.257
751.257
468.588
468.588
468.588
468.588
468.588
330.34
330.34
330.34
330.34
330.34
493.914
493.914
493.914
493.914
493.914
591.64
591.64
591.64
591.64
591.64
342.481
342.481
342.481
342.481
342.481
501.18
501.18
501.18
501.18
501.18
571.438
571.438
571.438
571.438
571.438
462.375
462.375
462.375
462.375
462.375
537.32
537.32
537.32
537.32
537.32
571.956
571.956
571.956
571.956
571.956
716.577
716.577
716.577
716.577
716.577
581.188
581.188
581.188
581.188
581.188
722.481
722.481
722.481
722.481
722.481
643.961
643.961
643.961
643.961
643.961
470.187
470.187
470.187
470.187
470.187
674.97
674.97
674.97
674.97
674.97
555.5
555.5
555.5
555.5
555.5
571.512
571.512
571.512
571.512
571.512
624.311
624.311
624.311
624.311
624.311
463.925
463.925
463.925
463.925
463.925
729.982
729.982
729.982
729.982
729.982
667.897
667.897
667.897
667.897
667.897
372.449
372.449
372.449
372.449
372.449
403.751
403.751
403.751
403.751
403.751
600.807
600.807
600.807
600.807
600.807
628.028
628.028
628.028
628.028
628.028
765.242
765.242
765.242
765.242
765.242
485.136
485.136
485.136
485.136
485.136
759.307
759.307
759.307
759.307
759.307
602.697
602.697
602.697
602.697
602.697
680.281
680.281
680.281
680.281
680.281
783.2
783.2
783.2
783.2
783.2
721.552
721.552
721.552
721.552
721.552
648.991
648.991
648.991
648.991
648.991
514.564
514.564
514.564
514.564
514.564
498.795
498.795
498.795
498.795
498.795
550.903
550.903
550.903
550.903
550.903
657.873
657.873
657.873
657.873
657.873
474.097
474.097
474.097
474.097
474.097
706.938
706.938
706.938
706.938
706.938
665.923
665.923
665.923
665.923
665.923
643.582
643.582
643.582
643.582
643.582
387.638
387.638
387.638
387.638
387.638
536.719
536.719
536.719
536.719
536.719
341.266
341.266
341.266
341.266
341.266
254.715
254.715
254.715
254.715
254.715
485.625
485.625
485.625
485.625
485.625
588.532
588.532
588.532
588.532
588.532
160.34
160.34
160.34
160.34
160.34
713.004
713.004
713.004
713.004
713.004
749.528
749.528
749.528
749.528
749.528
241.008
241.008
241.008
241.008
241.008
538.449
538.449
538.449
538.449
538.449
344.105
344.105
344.105
344.105
344.105
324.913
324.913
324.913
324.913
324.913
710.384
710.384
710.384
710.384
710.384
544.074
544.074
544.074
544.074
544.074
714
714
714
714
714
750.896
750.896
750.896
750.896
750.896
586.758
586.758
586.758
586.758
586.758
424.59
424.726
424.726
424.726
424.726
440.007
440.007
440.007
440.007
440.007
772.014
769.216
769.216
769.216
769.216
461.784
461.784
461.784
461.784
461.784
504.91
504.91
504.91
504.91
504.91
444.541
444.541
444.541
444.541
444.541
719.558
719.558
719.558
719.558
719.558
352.6
352.6
352.6
352.6
352.6
775.471
775.471
775.471
775.471
775.471
710.56
710.56
710.56
710.56
710.56
629.279
629.279
629.279
629.279
629.279
446.811
446.811
446.811
446.811
446.811
619.3
619.3
619.3
619.3
619.3
424.357
424.357
424.357
424.357
424.357
655.375
655.375
655.375
655.375
655.375
499.625
499.625
499.625
499.625
499.625
721.528
721.528
721.528
721.528
721.528
453.012
453.012
453.012
453.012
453.012
510.602
510.602
510.602
510.602
510.602
574.806
574.806
574.806
574.806
574.806
695.059
695.059
695.059
695.059
695.059
680.095
680.095
680.095
680.095
680.095
582.195
582.195
582.195
582.195
582.195
438
438
438
438
438
757.858
757.858
757.858
757.858
757.858
610.198
610.198
610.198
610.198
610.198
510.5
510.5
510.5
510.5
510.5
309.969
309.969
309.969
309.969
309.969
659.141
659.141
659.141
659.141
659.141
214
214
214
214
214
358.474
358.474
358.474
358.474
358.474
692.022
692.022
692.022
692.022
692.022
520.241
520.241
520.241
520.241
520.241
474.045
474.045
474.045
474.045
474.045
727.867
727.867
727.867
727.867
727.867
572.76
572.76
572.76
572.76
572.76
535.853
535.853
535.853
535.853
535.853
728.552
728.552
728.566
728.566
728.566
551.896
551.896
551.896
551.896
551.896
701.82
701.82
701.82
701.82
701.82
500.909
500.909
500.909
500.909
500.909
469.937
469.937
469.937
469.937
469.937
598.242
598.242
598.242
598.242
598.242
750.988
750.988
750.988
750.988
750.988
695.052
695.052
695.052
695.052
695.052
466.338
466.338
466.338
466.338
466.338
529.677
529.677
529.677
529.677
529.677
511
511
511
511
511
486.656
486.656
486.656
486.656
486.656
449.495
449.495
449.495
449.495
449.495
772.654
772.654
772.654
772.654
772.654
535.056
535.056
535.056
535.056
535.056
557.469
557.469
557.469
557.469
557.469
387.685
387.685
387.685
387.685
387.685
385.014
385.014
385.014
385.014
385.014
573.053
573.053
573.053
573.053
573.053
380
380
380
380
380
480.895
480.895
480.895
480.895
480.895
612.751
612.751
612.751
612.751
612.751
752.083
752.083
752.083
752.083
752.083
417.982
417.982
417.982
417.982
417.982
582.737
582.737
582.737
582.737
582.737
509.719
509.719
509.719
509.719
509.719
389.394
389.394
389.394
389.394
389.394
653.962
653.962
653.962
653.962
653.962
608.792
608.792
608.792
608.792
608.792
658.999
658.999
658.999
658.999
658.999
447.393
447.393
447.393
447.393
447.393
322.953
322.953
322.953
322.953
322.953
558.215
558.215
558.215
558.215
558.215
721.238
721.238
721.238
721.238
721.238
556.379
556.379
556.379
556.379
556.379
597.529
597.529
597.529
597.529
597.529
680.227
680.227
680.227
680.227
680.227
527.411
527.411
527.411
527.411
527.411
609.149
609.149
609.149
609.149
609.149
519.313
519.313
519.313
519.313
519.313
635
635
635
635
635
661.4
661.4
661.4
661.4
661.4
696.062
696.062
696.062
696.062
696.062
767.744
767.744
767.744
767.744
767.744
790.031
790.031
790.031
790.031
790.031
776.175
776.175
776.175
776.175
776.175
767.376
767.376
767.376
767.376
767.376
789.319
789.319
789.319
789.319
789.319
756.689
756.689
756.689
756.689
756.689
551.474
551.474
551.474
551.474
551.474
578.707
578.707
578.707
578.707
578.707
523.113
523.113
523.113
523.113
523.113
479.663
479.663
479.663
479.663
479.663
675.235
675.235
675.235
675.235
675.235
197.019
197.019
197.019
197.019
197.019
495.727
495.727
495.729
495.729
495.729
502.917
502.917
502.917
502.917
502.917
672.321
672.321
672.321
672.321
672.321
372.962
372.962
372.962
372.962
372.962
526.457
526.457
526.457
526.457
526.457
356.852
356.852
356.852
356.852
356.852
420.713
420.713
420.713
420.713
420.713
531
531
531
531
531
481.686
481.686
481.686
481.686
481.686
752.934
752.934
752.934
752.934
752.934
729.635
729.635
729.635
729.635
729.635
723.732
723.732
723.732
723.732
723.732
760.161
760.161
760.161
760.161
760.161
704.228
704.228
704.228
704.228
704.228
722.239
722.239
722.239
722.239
722.239
372.705
372.705
372.705
372.705
372.705
776.746
776.746
776.746
776.746
776.746
481.093
481.093
481.093
481.093
481.093
672.75
672.75
672.75
672.75
672.75
353.25
353.25
353.25
353.25
353.25
572.898
572.898
572.898
572.898
572.898
154.91
154.91
154.91
154.91
154.91
535.781
535.781
535.781
535.781
535.781
471.652
471.652
471.652
471.652
471.652
574.656
574.656
574.656
574.656
574.656
772.145
772.145
772.145
772.145
772.145
683.734
683.734
683.734
683.734
683.734
627.852
627.852
627.852
627.852
627.852
712.705
712.705
712.705
712.705
712.705
739.428
739.428
739.428
739.428
739.428
655.935
655.935
655.935
655.935
655.935
601
601
601
601
601
725.91
725.91
725.91
725.91
725.91
552.241
552.241
552.241
552.241
552.241
640.879
640.879
640.879
640.879
640.879
358.535
358.535
358.535
358.535
358.535
725.381
725.381
725.381
725.381
725.381
773.536
773.536
773.536
773.536
773.536
316.066
316.066
316.066
316.066
316.066
604.813
604.813
604.813
604.813
604.813
406.813
406.813
406.813
406.813
406.813
627.899
627.899
627.899
627.899
627.899
584.451
584.451
584.451
584.451
584.451
486.366
486.366
486.366
486.366
486.366
447.012
447.012
447.012
447.012
447.012
476.734
476.734
476.734
476.734
476.734
383.535
383.535
383.535
383.535
383.535
766.36
766.36
766.36
766.36
766.36
665.681
665.681
665.681
665.681
665.681
674.552
674.552
674.552
674.552
674.552
564.679
564.679
564.679
564.679
564.679
650.188
650.188
650.188
650.188
650.188
495.096
495.096
495.096
495.096
495.096
491.969
491.969
491.969
491.969
491.969
438.813
438.813
438.813
438.813
438.813
417.68
417.68
417.68
417.68
417.68
710.416
710.416
710.416
710.416
710.416
711.781
711.781
711.781
711.781
711.781
751.881
751.881
751.881
751.881
751.881
745.138
745.138
745.138
745.138
745.138
318.549
318.549
318.549
318.549
318.549
614
614
614
614
614
295.133
295.133
295.133
295.133
295.133
599.88
599.88
599.88
599.88
599.88
718.495
718.495
718.495
718.495
718.495
233.392
233.392
233.392
233.392
233.392
460.188
460.188
460.188
460.188
460.188
274.381
274.381
274.381
274.381
274.381
558.759
558.759
558.759
558.759
558.759
374.75
374.75
374.75
374.75
374.75
711.75
711.75
711.75
711.75
711.75
627.864
627.864
627.864
627.864
627.864
621.426
621.426
621.426
621.426
621.426
607.476
607.476
607.476
607.476
607.476
493.725
493.725
493.725
493.725
493.725
746.245
746.245
746.245
746.245
746.245
459.56
459.56
459.56
459.56
459.56
443.667
443.667
443.667
443.667
443.667
614.548
614.548
614.548
614.548
614.548
765.942
765.942
765.942
765.942
765.942
738.309
738.309
738.309
738.309
738.309
701.079
701.079
701.079
701.079
701.079
740.998
740.998
740.998
740.998
740.998
570.797
570.797
570.797
570.797
570.797
482.184
482.184
482.184
482.184
482.184
458.518
458.518
458.518
458.518
458.518
478.479
478.479
478.479
478.479
478.479
286.188
286.188
286.188
286.188
383.375
571.574
571.574
571.574
571.574
571.574
423
423
423
423
423
729.463
729.463
729.463
729.463
729.463
579.585
579.585
579.585
579.585
579.585
548.805
548.805
548.805
548.805
548.805
508.891
508.891
508.891
508.891
508.891
529.5
529.5
529.5
529.5
529.5
562.477
562.079
562.079
562.079
562.079
399.28
399.28
399.28
399.28
399.28
666.592
666.592
666.592
666.592
666.592
551.359
551.359
551.359
551.359
551.359
251.172
251.172
251.172
251.172
251.172
730.92
730.92
730.92
730.92
730.92
478.351
478.351
478.351
478.351
478.351
376.484
376.484
376.484
376.484
376.484
614.59
614.59
614.59
614.59
614.59
722.355
722.355
722.355
722.355
722.355
490.49
490.49
490.49
490.49
490.49
376.332
376.332
376.332
376.332
376.332
498.051
498.051
498.051
498.051
498.051
608.697
608.697
608.697
608.697
608.697
582.487
582.487
582.487
582.487
582.487
397.341
397.341
397.341
397.341
397.341
500.606
500.606
500.606
500.606
500.606
750.781
750.781
750.781
750.781
750.781
501.039
501.039
501.039
501.039
501.039
348.754
348.754
348.754
348.754
348.754
345.695
345.695
345.695
345.695
345.695
364.177
364.177
364.177
364.177
364.177
657.75
657.75
657.75
657.75
657.75
428.41
428.41
428.41
428.41
428.41
425.506
425.506
425.506
425.506
425.506
753.64
753.64
753.64
753.64
753.64
469.839
469.839
469.839
469.839
469.839
324.963
324.963
324.963
324.963
324.963
641.37
641.37
641.37
641.37
641.37
457.25
457.25
457.25
457.25
457.25
595.86
595.86
595.86
595.86
595.86
600.426
600.426
600.426
600.426
600.426
486.547
486.547
486.547
486.547
486.547
385.169
385.169
385.169
385.169
385.169
333.266
333.266
333.266
333.266
333.266
458.242
458.242
458.242
458.242
458.242
574.684
574.684
574.684
574.684
574.684
468.969
468.969
468.969
468.969
468.969
523.5
523.5
523.5
523.5
523.5
611.615
611.615
611.615
611.615
611.615
576.734
576.734
576.734
576.734
576.734
314.244
314.244
314.244
314.244
314.244
711.063
711.063
711.063
711.063
711.063
589.673
589.673
589.673
589.673
589.673
531.271
531.271
531.271
531.271
531.271
584.657
584.657
584.657
584.657
584.657
761.902
761.902
761.902
761.902
761.902
541.007
541.007
541.007
541.007
541.007
359.326
359.326
359.326
359.326
359.326
563.444
563.444
563.444
563.444
563.444
743.631
743.631
743.631
743.631
743.631
726.809
726.809
726.809
726.809
726.809
782.569
782.569
782.569
782.569
782.569
750.333
750.333
750.333
750.333
750.333
780.931
780.931
780.931
780.931
780.931
775.748
775.748
775.748
775.748
775.748
770.693
770.693
770.693
770.693
770.693
741.54
741.54
741.54
741.54
741.54
738.096
738.096
738.096
738.096
738.096
770.994
770.994
770.994
770.994
770.994
622.829
622.829
622.829
622.829
622.829
780.056
780.056
780.056
780.056
780.056
690.266
690.266
690.266
690.266
690.266
731.231
731.231
731.231
731.231
731.231
434.65
434.65
434.65
434.65
434.65
523.5
523.5
523.5
523.5
523.5
554.813
554.813
554.813
554.813
554.813
586.828
586.828
586.828
586.828
586.828
510.801
510.801
510.801
510.801
510.801
599.366
599.366
599.366
599.366
599.366
692.637
692.637
692.637
692.637
692.637
407.109
407.109
407.109
407.109
407.109
300.438
300.438
300.438
300.438
300.438
629.363
629.363
629.363
629.363
629.363
689.311
689.311
689.311
689.311
689.311
634.321
634.321
634.321
634.321
634.321
412.162
412.162
412.162
412.162
412.162
368.594
368.594
368.594
368.594
368.594
482.674
482.674
482.674
482.674
482.674
531.115
531.115
531.115
531.115
531.115
602.637
602.637
602.637
602.637
602.637
520.878
520.878
520.878
520.878
520.878
462.569
462.569
462.569
462.569
462.569
480.663
480.663
480.663
480.663
480.663
536.904
536.904
536.904
536.904
536.904
705.125
705.125
705.125
705.125
705.125
727.21
727.21
727.21
727.21
727.21
756.617
756.617
756.617
756.617
756.617
677.848
677.848
677.848
677.848
677.848
661.776
661.776
661.776
661.776
661.776
525.818
525.818
525.818
525.818
525.818
767.235
767.235
767.235
767.235
767.235
765.671
765.671
765.671
765.671
765.671
429.276
429.276
429.276
429.276
429.276
468.483
468.483
468.483
468.483
468.483
432.782
432.782
432.782
432.782
432.782
281.767
281.767
281.767
281.767
281.767
608.388
608.388
608.388
608.388
608.388
676.718
676.718
676.718
676.718
676.718
639.939
639.939
639.939
639.939
639.939
476.531
476.531
476.531
476.531
476.531
478.031
478.031
478.031
478.031
478.031
681.523
681.523
681.523
681.523
681.523
370.096
370.096
370.096
370.096
370.096
644.742
644.742
644.742
644.742
644.742
632.294
632.294
632.294
632.294
632.294
591.424
591.424
591.424
591.424
591.424
716.009
716.009
716.009
716.009
716.009
397.771
397.771
397.771
397.771
397.771
484.015
484.015
484.015
484.015
484.015
709.557
709.557
709.557
709.557
709.557
514.089
514.089
514.089
514.089
514.089
403.86
403.86
403.86
403.86
403.86
302.162
302.162
302.162
302.162
302.162
605.609
605.609
605.609
605.609
605.609
316.32
316.32
316.32
316.32
316.32
364.5
364.5
364.5
364.5
364.5
739.086
739.086
739.086
739.086
739.086
791.752
791.752
791.752
791.752
791.752
712.631
712.631
712.631
712.631
712.631
765.759
765.759
765.759
765.759
765.759
765.938
765.938
765.938
765.938
765.938
732.075
732.075
732.075
732.075
732.075
769.957
769.957
769.957
769.957
769.957
794.601
794.601
794.601
794.601
794.601
773.229
774.082
774.082
774.082
774.082
733.379
733.379
733.379
733.379
733.379
690.965
690.965
690.965
690.965
690.965
711.384
711.384
711.384
711.384
711.384
776.299
776.299
776.299
776.299
776.299
772.474
772.474
772.474
772.474
772.474
759.554
759.554
761.734
761.734
761.734
738.985
738.985
738.985
738.985
738.985
660.309
660.309
660.309
660.309
660.309
779.521
779.521
779.521
779.521
779.521
499.284
499.284
499.284
499.284
499.284
593.276
593.276
593.276
593.276
593.276
634.339
634.339
634.339
634.339
634.339
309.231
309.231
309.231
309.231
309.231
544.063
544.063
544.063
544.063
544.063
556.792
556.792
556.792
556.792
556.792
682.208
682.208
682.208
682.208
682.208
704.694
704.694
704.694
704.694
704.694
665.543
665.543
665.543
665.543
665.543
453.868
453.868
453.868
453.868
453.868
705.673
705.673
705.673
705.673
705.673
704.28
704.28
704.28
704.28
704.28
584.582
584.582
584.582
584.582
584.582
405.035
405.035
405.035
405.035
405.035
699.471
699.471
699.471
699.471
699.471
726.506
726.506
726.506
726.506
726.506
714.861
714.861
714.861
714.861
714.861
558.625
558.625
558.625
558.625
558.625
278.7
278.7
278.7
278.7
278.7
433.75
433.75
433.75
433.75
433.75
493.781
493.781
493.781
493.781
493.781
677.177
677.177
677.177
677.177
677.177
366.58
366.58
366.58
366.58
366.58
755.236
755.236
755.236
755.236
755.236
635.368
635.368
635.368
635.368
635.368
484.901
484.901
484.901
484.901
484.901
622.986
622.986
622.986
622.986
622.986
509.523
509.523
509.523
509.523
509.523
575.155
575.155
575.155
575.155
575.155
440.065
440.065
440.065
440.065
440.065
515.566
515.566
515.566
515.566
515.566
356.449
356.449
356.449
356.449
356.449
623.59
623.59
623.59
623.59
623.59
623.195
623.195
623.195
623.195
623.195
401.707
401.707
401.707
401.707
401.707
424.709
424.709
424.709
424.709
424.709
643.056
643.056
643.056
643.056
643.056
513.355
513.355
513.355
513.355
513.355
529.375
529.375
529.375
529.375
529.375
668.063
668.063
668.063
668.063
668.063
371.484
371.484
371.484
371.484
371.484
368.698
368.698
368.698
368.698
368.698
578.959
578.959
578.945
578.945
578.945
738.324
738.324
738.324
738.324
738.324
467.003
467.003
467.003
467.003
467.003
503.781
503.781
503.781
503.781
503.781
450.715
450.715
450.715
450.715
450.715
542.625
542.625
542.625
542.625
542.625
476.84
476.84
476.84
476.84
476.84
651.125
651.125
651.125
651.125
651.125
612.807
612.807
612.807
612.807
612.807
747.591
747.591
747.591
747.591
747.591
534.816
534.816
534.816
534.816
534.816
284.335
284.335
284.335
284.335
284.335
489.187
489.187
489.187
489.187
489.187
471.807
471.807
471.807
471.807
471.807
517.051
517.051
517.051
517.051
517.051
457.605
457.605
457.605
457.605
457.605
393.664
393.664
393.664
393.664
393.664
616.202
616.202
616.202
616.202
616.202
591.193
591.193
591.193
591.193
591.193
674.75
674.75
674.75
674.75
674.75
370.485
370.485
370.485
370.485
370.485
699.251
699.251
699.251
699.251
699.251
541.946
541.946
541.946
541.946
541.946
295.461
295.461
295.461
295.461
295.461
441.548
441.548
441.548
441.548
441.548
700.93
700.93
700.93
700.93
700.93
487.273
487.273
487.273
487.273
487.273
655.213
655.213
655.213
686.175
686.175
679.64
679.64
679.64
679.64
679.64
553.989
553.989
553.989
553.989
553.989
607.989
607.989
607.989
607.989
607.989
724.064
724.064
724.064
724.064
724.064
691.654
691.654
691.654
691.654
691.654
641.94
641.506
641.506
641.506
641.506
585.261
585.261
585.261
585.261
585.261
395.969
395.969
395.969
395.969
395.969
486.622
486.622
486.622
486.622
486.622
551.731
551.731
551.731
551.731
666.962
613.13
613.13
613.13
613.13
613.13
300.863
300.863
300.863
300.863
300.863
498.953
498.953
498.953
498.953
498.953
503.365
503.365
503.365
503.365
503.365
555.692
555.692
555.692
555.692
555.692
490.438
490.438
490.438
490.438
490.438
572
572
572
572
572
557.752
557.752
557.752
557.752
557.752
767.832
767.832
767.832
767.832
767.832
786.099
786.099
786.099
786.099
786.099
729.618
729.618
729.618
729.618
729.618
624.448
624.448
624.448
624.448
624.448
533.162
533.162
533.162
533.162
533.162
731.921
731.921
731.921
731.921
731.921
274.008
274.008
274.008
274.008
274.008
339.875
339.875
339.875
339.875
339.875
217.717
217.717
217.809
217.809
217.809
449
449
449
449
449
607.528
607.528
607.528
607.528
607.528
503.002
503.002
502.98
502.98
502.98
761.844
761.844
761.844
761.844
761.844
571.175
571.175
571.175
571.175
571.175
690.412
690.412
690.412
690.412
690.412
691.657
691.657
691.657
691.657
691.657
607.818
607.818
607.818
607.818
607.818
596.442
596.442
596.442
596.442
596.442
306.125
306.125
306.125
306.125
306.125
688.606
688.606
688.606
688.606
688.606
540.3
540.3
540.3
540.3
540.3
545.768
545.768
545.768
545.768
545.768
740.734
740.734
740.734
740.734
740.734
529.157
529.157
529.157
529.157
529.157
588.772
588.772
588.772
588.772
588.772
444.787
444.787
444.787
444.787
444.787
397.995
397.995
397.995
397.995
397.995
696.984
696.984
696.984
696.984
696.984
525.939
525.939
525.939
525.939
525.939
784.4
784.4
784.4
784.4
784.4
790.324
790.324
790.324
790.324
790.324
783.054
783.054
783.054
783.054
783.054
762.295
762.295
762.295
762.295
762.295
588.637
588.637
588.637
588.637
588.637
520.438
520.438
520.438
520.438
520.438
335.932
335.932
335.932
335.932
335.932
678.003
678.003
678.003
678.003
678.003
521.815
521.815
521.815
521.815
521.815
601.506
601.506
601.506
601.506
601.506
707.454
707.454
707.454
707.454
707.454
775.424
775.424
775.424
775.424
775.424
480.4
480.4
480.4
480.4
480.4
644.188
644.188
644.188
644.188
644.188
460.389
460.389
460.389
460.389
460.389
738.009
738.009
738.009
738.009
738.009
354.412
354.412
354.412
354.412
354.412
588.844
588.844
588.844
588.844
588.844
425.732
425.732
425.732
425.732
425.732
755.417
755.417
755.417
755.417
755.417
671.859
671.859
671.859
671.859
671.859
502.124
502.124
502.124
502.124
502.124
654.391
654.391
654.391
654.391
654.391
388.711
388.711
388.711
388.711
388.711
696.982
696.982
696.982
696.982
696.982
354.597
354.597
354.597
354.597
354.597
708.594
708.594
708.594
708.594
708.594
630.37
630.37
630.37
630.37
630.37
738.322
738.322
738.322
738.322
738.322
678.942
678.942
678.942
678.942
678.942
662.211
662.211
662.211
662.211
662.211
546.029
546.029
546.029
546.029
546.029
426.92
426.92
426.92
426.92
426.92
349.056
349.056
349.056
349.056
349.056
515.087
515.087
515.087
515.087
515.087
466.434
466.434
466.434
466.434
466.434
625.397
625.397
625.397
625.397
625.397
492.15
492.15
492.15
492.15
492.15
264.688
264.688
264.688
264.688
264.688
752.688
752.688
752.688
752.688
752.688
603.533
603.533
603.533
603.533
603.533
485.5
485.5
485.5
485.5
485.5
625.875
625.875
625.875
625.875
625.875
489.297
489.297
489.297
489.297
489.297
433.542
433.542
433.542
433.542
433.542
648.973
648.973
648.973
648.973
648.973
620.128
620.128
620.128
620.128
620.128
491.648
491.648
491.648
491.648
491.648
380.887
380.887
380.887
380.887
380.887
365.572
365.572
365.572
365.572
365.572
595.801
595.801
595.801
595.801
595.801
578.734
578.734
578.734
578.734
578.734
638.224
638.224
638.224
638.224
638.224
548.191
548.191
548.191
548.191
548.191
692.438
692.438
692.438
692.438
692.438
620.294
620.294
620.294
620.294
620.294
727.247
727.247
727.247
727.247
727.247
392.64
392.64
392.64
392.64
392.64
590.907
590.907
590.907
590.907
590.907
356.135
356.135
356.135
356.135
356.135
746.958
746.958
746.958
746.958
746.958
779.98
779.98
779.98
779.98
779.98
733.675
733.675
733.675
733.675
733.675
748.309
748.309
748.309
748.309
748.309
550.294
550.294
550.294
550.294
550.294
689.828
689.828
689.828
689.828
689.828
622.905
622.905
622.905
622.905
622.905
236.341
236.341
236.341
236.341
236.341
341.844
341.844
341.844
341.844
341.844
694.45
694.45
694.45
694.45
694.45
625.605
625.605
625.605
625.605
625.605
408.662
408.662
408.662
408.662
408.662
590.589
590.589
590.589
590.589
590.589
285.649
285.649
285.649
285.649
285.649
355.625
355.625
355.625
355.625
355.625
725.709
725.709
725.709
725.709
725.709
369.592
369.592
369.592
369.592
369.592
756.628
756.628
756.628
756.628
756.628
732.395
732.395
732.395
732.395
732.395
686.468
686.468
686.468
686.468
686.468
321.674
321.674
321.674
321.674
321.674
384.856
384.856
384.856
384.856
384.856
310.489
310.489
310.489
310.489
310.489
463.594
463.594
463.594
463.594
463.594
585.53
585.53
585.53
585.53
585.53
495.547
495.547
495.547
495.547
495.547
548.641
548.641
548.641
548.641
548.641
777.144
777.144
777.144
777.144
777.144
467.612
467.612
467.612
467.612
467.612
673.375
673.375
673.375
673.375
673.375
738.653
738.653
738.653
738.653
738.653
756.837
756.837
756.837
756.837
756.837
329.886
329.886
329.886
329.886
329.886
281.233
281.233
281.233
281.233
281.233
496.885
496.885
496.885
496.885
496.885
362.06
362.06
362.06
362.06
362.06
768.456
768.456
768.456
768.456
768.456
581.053
581.053
581.053
581.053
581.053
628.688
628.688
628.688
628.688
628.688
459.927
459.927
459.927
459.927
459.927
490.979
490.979
490.979
490.979
490.979
597.933
597.933
597.933
597.933
597.933
563.322
563.322
563.322
563.322
563.322
452.181
452.181
452.181
452.181
452.181
609.677
609.677
609.677
609.677
609.677
162.656
162.656
162.656
162.656
162.656
669.886
669.886
669.886
669.886
669.886
434.982
434.982
434.982
434.982
434.982
701.243
701.243
701.243
701.243
701.243
464.756
464.756
464.756
464.756
464.756
678.385
678.385
678.385
678.385
678.385
571.664
571.664
571.664
571.664
571.664
550.543
550.543
550.543
550.543
550.543
481.578
481.578
481.578
481.578
481.578
577.563
577.563
577.563
577.563
577.563
600.02
600.02
600.02
600.02
600.02
462.487
462.487
462.487
462.487
462.487
664.931
664.931
664.931
664.931
664.931
675.75
675.75
675.75
675.75
675.75
277.342
277.342
277.342
277.342
277.342
487.264
487.264
487.264
487.264
487.264
652.636
652.636
652.636
652.636
652.636
754.429
754.429
754.429
754.429
754.429
563.782
563.782
563.782
563.782
563.782
641.403
641.403
641.403
641.403
641.403
545.775
545.775
545.775
545.775
545.775
764.373
764.373
764.373
764.373
764.373
756.909
756.909
756.909
756.909
756.909
770.523
770.523
770.523
770.523
770.523
729.789
729.789
729.789
729.789
729.789
495.092
495.092
495.092
495.092
495.092
432.07
432.07
432.07
432.07
541.141
504.957
504.957
504.957
504.957
504.957
574.065
574.065
574.065
574.065
574.065
640.542
640.542
640.542
640.542
640.542
470.289
470.289
470.289
470.289
470.289
152.455
152.455
152.455
152.455
152.455
372.929
372.929
372.929
372.929
372.929
488.047
488.047
488.047
488.047
488.047
674.382
674.382
674.382
674.382
674.382
658.281
658.281
658.281
658.281
658.281
618.299
618.299
618.299
618.299
618.299
643.858
643.858
643.858
643.858
643.858
480.138
480.138
480.138
480.138
480.138
716.314
716.314
716.314
716.314
716.314
421.987
421.987
421.987
421.987
421.987
788.121
788.121
788.121
788.121
788.121
773.231
773.231
773.231
773.231
773.231
723.149
723.149
723.149
723.149
723.149
733.781
733.781
733.781
733.781
733.781
717.907
717.907
717.907
717.907
717.907
654.046
654.046
654.046
654.046
654.046
317.266
317.266
317.266
317.266
317.266
446.198
446.198
446.198
446.198
446.198
661.451
661.451
661.469
661.469
661.469
570.361
570.361
570.361
570.361
570.361
650.428
650.428
650.428
650.428
650.428
557.298
557.298
557.298
557.298
557.298
746.741
746.741
746.741
746.741
746.741
687.434
687.434
687.434
687.434
687.434
543.609
543.609
543.609
543.609
543.609
344.413
344.413
344.413
344.413
344.413
657.487
657.487
657.487
657.487
657.487
514.188
514.188
514.188
514.188
514.188
482.757
482.757
482.757
482.757
482.757
412.49
412.49
412.49
412.49
412.49
624.703
624.703
624.703
624.703
624.703
555.83
555.83
555.781
555.781
555.781
706.563
706.563
706.563
706.563
706.563
753.24
753.24
753.24
753.24
753.24
399.808
399.808
399.808
399.808
399.808
589.365
589.365
589.365
589.365
589.365
569.123
569.123
569.123
569.123
569.123
771.45
771.45
771.45
771.45
771.45
410.733
410.733
410.733
410.733
410.733
542.68
542.68
542.68
542.68
542.68
315.487
315.487
315.487
315.487
315.487
496.513
496.513
496.513
496.513
496.513
738.566
738.566
738.566
738.566
738.566
639.075
639.075
639.075
639.075
639.075
306.2
306.2
306.2
306.2
306.2
243.256
243.256
243.256
243.256
243.256
599.183
599.183
599.183
599.183
599.183
637.658
637.658
637.658
637.658
637.658
529.256
529.256
529.256
529.256
529.256
393.081
393.081
393.081
393.081
393.081
457.598
457.598
457.598
457.598
457.598
465.984
465.984
465.984
465.984
465.984
621.639
621.639
621.639
621.639
621.639
579.969
579.969
579.969
579.969
579.969
562.054
562.054
562.054
562.054
562.054
542.37
542.37
542.37
542.37
542.37
587.212
587.212
587.212
587.212
587.212
498.672
498.672
498.672
498.672
498.672
649.719
649.719
649.719
649.719
649.719
410.332
410.332
410.332
410.332
410.332
468.745
468.745
468.745
468.745
468.745
336.286
336.286
336.286
336.286
336.286
378.565
378.565
378.565
378.565
378.565
426.342
426.342
426.342
426.342
426.342
267.393
267.393
267.393
267.393
267.393
597.738
597.738
597.738
597.738
597.738
526.75
526.75
526.75
526.75
526.75
725.622
725.622
725.622
725.622
725.622
552.249
552.249
552.249
552.249
552.249
475.277
475.277
475.277
475.277
475.277
545.774
545.774
545.774
545.774
545.774
629.75
629.75
629.75
629.75
629.75
619.948
619.948
619.948
619.948
619.948
700.07
700.07
700.07
700.07
700.07
671.621
671.621
671.621
671.621
671.621
575.221
575.221
575.221
575.221
575.221
571.516
571.516
571.516
571.516
571.516
581.233
581.233
581.233
581.233
581.233
496.271
496.271
496.271
496.271
496.271
643.195
643.195
643.195
643.195
643.195
644.703
644.703
644.703
644.703
644.703
371.914
371.914
371.914
371.914
371.914
513.412
513.412
513.412
513.412
513.412
632.265
632.265
632.265
632.265
632.265
194.188
194.188
194.188
194.188
194.188
363.75
363.75
363.75
363.75
363.75
585.649
585.649
585.649
585.649
585.649
358.479
358.479
358.479
358.479
358.479
602.985
602.985
602.985
602.985
602.985
673.692
673.692
673.692
673.692
673.692
284.482
284.482
284.482
284.482
284.482
640.054
640.054
640.054
640.054
640.054
516.413
516.413
516.413
516.413
516.413
568.775
568.775
568.775
568.775
568.775
398.63
398.63
398.63
398.63
398.63
638.565
638.565
638.565
638.565
638.565
625.301
625.301
625.301
625.301
625.301
670.195
670.195
670.195
670.195
670.195
706.044
706.044
706.044
706.044
706.044
761.047
761.047
761.047
761.047
761.047
774.334
774.334
774.334
774.334
774.334
774.796
774.797
774.797
774.797
774.797
725.5
725.5
725.5
725.5
725.5
753.339
756.678
756.678
756.678
756.678
637.237
637.237
637.237
637.237
637.237
452.521
452.521
452.521
452.521
452.521
198.528
198.528
198.528
198.528
198.528
344.301
344.301
344.301
344.301
344.301
380.005
380.005
380.005
380.005
380.005
510.539
510.539
510.539
510.539
510.539
536.159
536.159
536.159
536.159
536.159
621.805
621.805
621.805
621.805
621.805
340.229
340.229
340.229
340.229
340.229
569.972
569.972
569.972
569.972
569.972
779.035
779.035
779.035
779.035
779.035
759.152
759.152
759.152
759.152
759.152
491.074
491.074
491.074
491.074
491.074
598.076
598.076
598.076
598.076
598.076
462.711
462.711
462.711
462.711
462.711
570.617
570.617
570.617
570.617
570.617
341.563
341.563
341.563
341.563
341.563
464.246
464.246
464.246
464.246
464.246
429.905
429.905
429.905
429.905
429.905
712.047
712.047
712.047
712.047
712.047
584.473
584.473
584.473
584.473
584.473
230.01
230.01
230.01
230.01
230.01
626.441
626.441
626.441
626.441
626.441
683.109
683.109
683.109
683.109
683.109
646.204
646.204
646.204
646.204
646.204
494.603
494.603
494.603
494.603
494.603
510.344
510.344
510.344
510.344
510.344
465.339
465.339
465.339
465.339
465.339
457.236
457.236
457.236
457.236
457.236
727.063
727.063
727.063
727.063
727.063
708.4
708.4
708.4
708.4
708.4
744.129
744.129
744.129
744.129
744.129
639.579
639.579
639.579
639.579
639.579
741.359
741.359
741.359
741.359
741.359
309.567
309.567
309.567
309.567
309.567
416.021
416.021
416.021
416.021
416.021
518.128
518.128
518.128
518.128
518.128
261.625
261.625
261.625
261.625
261.625
645.478
645.478
645.478
645.478
645.478
521.539
521.539
521.539
521.539
521.539
486.322
486.322
486.322
486.322
486.322
642.851
642.851
642.851
642.851
642.851
580.977
580.977
580.977
580.977
580.977
622.103
622.103
622.103
622.103
622.103
547.817
547.817
547.817
547.817
547.817
640.772
640.772
640.772
640.772
640.772
530.096
530.096
530.096
530.096
530.096
486.524
486.524
486.524
486.524
486.524
485.69
485.69
485.69
485.69
485.69
630.914
630.914
630.914
630.914
630.914
769.234
769.234
769.75
769.75
769.75
751.201
751.201
751.201
751.201
751.201
697.947
697.947
697.947
697.947
697.947
562.279
562.279
562.279
562.279
562.279
669.17
669.17
669.17
669.17
669.17
743.495
743.495
743.495
743.495
743.495
700.771
700.771
700.771
700.771
700.771
407.852
407.852
407.852
407.852
407.852
669.071
669.071
669.071
669.071
669.071
497.867
497.867
497.867
497.867
497.867
494.415
494.415
494.415
494.415
494.415
541.625
541.625
541.625
541.625
541.625
506.011
506.011
506.011
506.011
506.011
527.902
527.902
527.902
527.902
527.902
372.906
372.906
372.671
372.671
372.671
732.203
732.203
732.203
732.203
732.203
547.219
547.219
547.219
547.219
547.219
499.02
499.02
499.02
499.02
499.02
709.095
709.095
709.095
709.095
709.095
701.706
701.706
701.849
701.849
701.849
687.021
687.021
687.021
687.021
687.021
662.116
662.116
662.116
662.116
662.116
673.965
673.965
673.965
673.965
673.965
352.621
352.621
352.621
352.621
352.621
280.551
280.551
280.551
280.551
280.551
622.955
622.955
622.955
622.955
622.955
592.71
592.71
592.71
592.71
592.71
411.004
411.004
411.004
411.004
411.004
721.027
721.027
721.027
721.027
721.027
435.441
435.441
435.441
435.441
435.441
598.349
598.349
598.349
598.349
598.349
626.257
626.257
626.257
626.257
626.257
452.281
452.281
452.281
452.281
452.281
599.125
599.125
599.125
599.125
599.125
469.228
469.228
469.228
469.228
469.228
657.236
657.236
657.236
657.236
657.236
561.437
561.437
561.437
561.437
561.437
406.99
406.99
406.99
406.99
406.99
429.116
429.116
429.116
429.116
429.116
430.034
430.034
430.034
430.034
430.034
482.27
482.27
482.27
482.27
482.27
408.684
408.684
408.684
408.684
408.684
277.424
277.424
277.424
277.424
277.424
492.253
492.253
492.253
492.253
492.253
539.032
539.032
539.032
539.032
539.032
342.286
342.286
342.286
342.286
342.286
774.589
774.589
774.589
774.589
774.589
626.88
626.88
626.88
626.88
626.88
535.188
535.188
535.188
535.188
535.188
654.113
654.113
654.113
654.113
654.113
630.287
630.287
630.287
630.287
630.287
382.613
382.613
382.613
382.613
382.613
385.509
385.509
385.509
385.509
385.509
456.803
456.803
456.803
456.803
456.803
330.938
330.938
330.938
330.938
330.938
677.676
677.676
677.676
677.676
677.676
770.876
770.876
770.876
770.876
770.876
746.934
746.934
746.934
746.934
746.934
588.412
588.412
588.412
588.412
588.412
242.453
242.453
242.453
242.453
242.453
570
570
570
570
570
661.311
661.311
661.311
661.311
661.311
311.404
311.404
311.404
311.404
311.404
532.594
532.594
532.594
532.594
532.594
558.052
558.052
558.052
558.052
558.052
563
563
563
563
563
0
