2131278531
1244652355
1677930959
1276145124
1842446750
1608279414
244852074
579326042
1155248664
622784188
106142207
306292112
1314119112
985766900
1399220795
44499071
1500667240
777097743
1785462449
1746719479
1026960364
1378041066
1498811799
962759250
1209742063
783284822
1797389153
1887193237
50106499
1815116877
1907463846
1124413560
813837633
1256272298
199236366
598137468
1294940910
1826368463
382598846
1081064983
678907646
2089732878
332762878
684923967
296873311
343901312
49860275
567794164
1550989480
50667092
